101.614
100.762
98.3928
99.73
98.1599
98.4321
99.7166
99.549
99.2448
100.109
97.1917
99.7547
98.9498
100.007
100.433
100.502
101.27
101.872
101.269
99.3717
99.8752
101.571
100.635
101.462
104.223
102.916
101.418
100.87
100.563
99.9289
102.99
103.362
101.809
100.994
102.463
103.22
100.408
99.0778
100.549
99.782
98.8602
98.1344
99.3056
98.5497
96.8691
96.6192
96.5821
98.2407
98.892
101.078
101.456
101.861
101.237
102.296
103.294
104.332
104.151
104.87
103.982
104.37
106.138
106.12
106.555
106.204
105.627
105.797
107.287
105.546
104.459
104.367
104.32
102.334
100.776
100.737
102.22
102.163
103.538
105.679
107.782
108.941
111.401
109.129
108.363
106.722
107.386
106.203
106.06
106.974
106.325
107.71
110.203
108.691
108.189
108.57
108.895
109.305
110.984
112.16
114.306
117.334
120.837
120.294
118.307
117.586
119.358
120.328
119.7
118.37
117.73
119.218
115.576
114.976
115.271
119.523
116.503
117.395
115.76
113.178
111.966
109.563
111.438
113.922
114.483
112.241
110.652
112.12
112.804
112.427
111.441
111.781
112.51
115.237
118.648
119.474
120.659
122.43
123.517
125.678
127.2
126.877
126.555
121.575
119.52
119.77
119.585
117.951
120.627
120.045
116.914
116.694
115.695
115.249
116.381
117.714
119.15
118.133
119.24
119.976
120.643
120.576
121.766
122.566
122.196
121.785
120.922
121.9
119.603
117.447
117.775
117.021
118.59
120.086
120.451
121.174
120.598
121.175
123.566
120.057
120.192
119.836
119.928
118.281
120.357
122.779
121.199
121.25
120.087
122.944
120.431
121.693
120.297
119.496
120.877
122.924
124.421
126.616
124.957
128.43
128.33
129.802
129.718
129.505
128.758
129.384
129.814
128.967
127.739
130.679
133.865
130.254
129.85
131.169
131.226
130.027
130.84
130.359
131.255
128.797
128.67
127.133
124.354
122.533
124.617
124.808
124.145
124.884
128.09
124.926
124.509
121.873
119.468
120.496
119.233
118.637
115.672
116.187
118.627
117.837
118.233
116.564
117.926
119.676
121.066
118.835
118.875
119.062
118.686
119.776
119.141
119.254
117.989
119.431
121.143
122.974
124.741
123.911
122.18
122.232
123.168
122.426
123.038
123.189
122.615
121.621
121.113
122.402
123.46
122.672
121.851
121.187
122.397
122.706
122.267
122.005
122.616
125.25
126.767
126.667
125.51
123.741
125.037
123.322
126.594
126.678
130.633
130.552
131.356
130.104
129.193
129.846
131.055
132.098
133.155
132.706
131.11
130.097
128.965
125.766
126.01
124.853
125.743
125.983
127.874
128.381
128.204
130.532
129.894
128.3
128.965
129.693
130.41
130.532
131.752
128.298
124.773
125.417
123.608
124.02
122.933
122.285
123.231
122.419
126.131
127.109
125.746
126.938
123.274
122.019
125.298
124.4
124.717
120.682
117.641
117.392
116.966
118.119
117.762
116.772
118.041
116.334
115.621
114.98
114.819
113.776
113.713
114.523
113.416
115.582
113.341
112.267
111.935
110.335
111.642
111.014
110.757
111.039
111.121
109.489
109.785
109.78
110.264
111.811
111.087
109.645
110.425
110.953
111.098
111.33
111.057
113.982
115.676
114.303
111.502
107.837
107.489
107.422
109.949
110.688
113.06
112.902
113.826
115.173
115.565
115.572
116.035
117.996
119.046
119.322
121.792
122.31
123.34
124.906
124.991
123.945
125.85
126.523
126.477
125.009
126.208
125
126.438
125.37
125.541
125.796
126.636
127.007
128.622
129.067
125.87
125.426
125.693
126.146
127.916
125.306
126.865
128.362
128.443
129.499
130.55
129.113
129.69
127.866
129.542
129.912
129.897
130.393
132.117
131.813
133.268
133.054
131.881
130.995
129.688
127.715
130.639
130.487
128.86
129.007
128.65
127.734
125.225
122.681
122.287
122.574
120.697
122.375
120.85
123.51
125.577
125.051
128.72
127.859
132.657
134.226
134.619
133.169
134.393
137.427
136.94
136.629
134.961
133.971
134.134
132.416
130.82
129.337
131.111
131.912
132.698
132.497
135.401
134.887
133.475
132.489
129.916
130.599
128.405
127.791
126.247
124.817
124.588
124.236
124.295
123.486
121.735
122.268
123.861
124.838
122.77
119.719
119.619
122.37
123.07
123.86
126.092
127.738
130.032
129.425
128.19
128.285
126.477
131.013
128.012
129.383
131.092
131.275
129.303
127.864
126.935
125.857
127.457
128.282
129.918
128.775
128.172
127.725
128.92
130.227
128.632
126.361
126.078
127.058
128.146
126.915
124.223
126.274
125.275
128.959
130.49
128.263
127.578
126.567
126.823
126.926
125.406
122.245
122.261
121.991
124.432
122.416
121.731
120.304
122.993
119.266
116.119
112.404
111.153
114.629
113.917
114.962
117.029
115.628
112.412
110.689
110.139
108.735
109.658
109.958
108.189
106.833
108.686
109.371
108.091
108.329
108.25
108.841
108.318
108.191
107.573
107.973
109.128
107.277
107.497
108.242
108.184
108.743
106.97
106.606
108.312
109.216
111.337
110.605
110.034
111.221
111.604
110.754
110.466
110.294
111.303
109.501
109.743
109.995
109.401
111.364
110.849
110.015
112.041
112.304
112.779
110.532
