99.1103
98.5537
98.6635
96.9543
95.1203
96.1393
96.5001
96.7388
98.3059
98.9839
98.8383
99.7818
100.919
100.412
103.132
102.236
100.164
100.634
101.158
101.076
100.215
99.8985
100.475
100.971
101.795
101.764
103.079
102.078
100.257
98.9345
100.655
99.2104
98.2443
99.4182
98.4373
98.0583
97.979
98.9309
99.3401
99.5176
100.147
100.123
104.322
106.092
103.902
104.186
103.062
105.758
104.795
105.865
106.12
103.587
103.068
103.198
102.986
104.031
105.923
106.404
107.204
108.91
111.144
110.003
108.804
109.434
108.76
109.901
109.316
110.325
110.65
110.262
109.407
108.394
110.379
110.743
110.002
110.879
110.354
109.108
107.453
104.971
104.244
103.02
102.41
101.24
102.012
100.119
99.8226
98.1709
100.91
99.165
99.7177
99.2412
97.5249
94.7867
97.0698
97.4593
97.1581
97.7543
100.025
100.914
100.852
102.456
102.79
103.118
102.453
100.352
100.333
102.157
100.472
103.37
103.64
104.755
103.512
102.082
101.973
101.085
101.804
102.498
102.867
102.345
102.906
103.138
101.242
101.725
101.734
103.026
103.715
104.974
105.369
106.377
107.861
108.474
109.653
111.962
110.963
110.415
112.693
111.015
109.677
108.694
108.767
108.821
108.602
106.957
104.592
105.781
107.081
109.017
106.4
102.93
103.252
101.779
101.524
101.827
102.14
100.738
98.8545
98.5565
98.1029
98.4523
97.0903
97.0372
97.6017
96.573
96.1833
96.9174
95.0014
94.5865
94.1021
94.5878
96.8902
96.8748
99.7531
97.0709
96.4525
95.8103
96.7058
96.6361
96.0538
96.7595
95.9256
94.9836
94.704
94.5798
96.5822
94.876
95.0548
91.8642
91.2957
89.5029
90.2213
89.4174
87.7403
87.7069
88.4686
87.6965
86.7838
86.8901
86.6821
85.1373
84.5461
84.7545
85.3941
86.6764
86.4622
86.9175
86.5816
87.603
87.9658
88.9724
88.7252
87.3582
89.6429
90.2563
91.6324
90.7725
89.3149
90.2826
91.9035
91.0576
91.2685
91.2596
92.0506
94.2277
94.9265
96.8995
98.785
99.599
100.218
97.9509
97.298
97.2657
95.8098
94.4202
95.0454
93.7682
93.2913
93.8794
93.8747
93.7847
92.1478
92.9651
93.6295
92.7116
91.5297
91.8633
90.0255
91.8778
92.6005
92.547
93.6199
94.2272
95.0596
95.666
95.5116
95.9143
95.4605
94.7822
94.4876
93.4611
93.2946
90.4511
89.0465
88.4322
89.0182
87.6513
87.8699
86.5857
86.3138
85.73
86.6553
86.2966
86.1666
85.1484
82.54
81.5434
80.0345
80.0953
81.0216
80.2365
79.9922
79.4347
79.6121
79.5007
80.1277
80.3493
80.1899
82.2063
79.0968
78.9867
78.8096
79.4276
78.776
77.8747
77.6727
76.8591
75.8373
75.8666
76.3283
76.3207
74.7652
74.8224
74.4745
76.0198
76.1531
75.9343
76.7087
76.5717
75.8169
74.9712
75.9539
76.7725
78.2354
76.4909
76.5777
77.3006
77.5612
73.9254
75.8944
75.5608
75.4991
74.4017
73.7835
73.456
74.0563
73.2848
72.0014
72.0589
71.2094
71.8422
72.8835
72.5352
71.8457
72.3842
71.9093
72.7369
73.4688
74.7347
75.1209
75.4543
76.6899
78.7798
79.2681
79.4971
79.8824
79.5941
79.3985
78.4908
78.064
77.0543
77.208
76.7074
76.8362
77.5828
77.7352
77.0242
76.4069
78.0001
78.3028
78.7711
77.8875
78.194
78.5691
79.3675
79.7186
79.0994
77.1585
75.6943
77.0488
77.7364
78.869
78.3104
77.8261
78.743
78.2501
78.4111
78.0783
76.4145
76.2094
77.0845
77.2251
77.3466
78.0599
78.0788
78.1535
78.9634
78.9676
78.7525
78.8878
79.1169
79.1031
78.343
77.4813
78.5886
78.2424
77.0389
76.85
76.4666
75.3722
76.3555
76.5724
77.9731
76.8007
75.6831
77.8567
76.9295
76.6126
77.2576
75.9766
76.3679
74.9414
76.4128
75.9128
75.5619
75.7977
75.8078
74.1642
73.8394
72.9613
72.8447
74.3785
74.7361
75.4549
75.6157
74.9568
73.7608
72.6545
71.8902
72.1137
71.5485
71.0142
72.6546
72.9435
72.6358
69.8574
71.0484
72.1522
71.6407
72.7052
73.3464
71.4008
71.5264
69.3091
69.5377
68.6136
67.5384
67.3414
67.7725
69.8056
69.5106
68.5608
66.5239
66.5254
65.7663
65.8382
65.323
64.985
64.6956
65.4246
64.7793
64.1031
63.0275
62.924
62.8887
62.9948
63.6203
64.0929
63.7511
63.3169
64.0922
64.9133
63.7858
62.8762
63.0942
62.5306
61.8912
61.6018
60.2019
60.8221
61.2896
62.0618
63.2386
63.0254
62.9841
63.7577
64.6126
65.0096
65.7118
65.6951
65.8215
65.6331
65.4639
63.4799
63.2427
63.2435
61.6322
60.9947
60.4873
58.1549
58.9589
59.2618
59.6162
59.382
59.661
58.9166
59.2623
58.0738
58.7948
57.886
58.1345
58.9639
57.8441
56.6877
57.3716
56.5326
57.5297
56.4452
56.3654
56.4727
55.7744
54.9182
56.4059
55.3655
56.2952
56.1483
55.8497
57.3126
56.7357
57.4068
58.1521
57.1559
56.9235
55.5064
56.5597
56.5878
56.4453
57.4808
57.2098
57.3724
57.6013
58.3384
58.3478
58.0821
58.8082
58.3668
57.7455
57.1228
57.1041
57.5657
57.6538
57.5978
57.969
57.7721
57.5709
58.2438
58.4609
57.4332
56.2434
56.8232
56.6743
56.9195
56.822
56.1889
55.9172
55.2916
55.4553
56.2832
57.3518
57.4061
57.134
57.5901
57.3928
58.8798
59.1879
58.8212
58.6905
59.6552
60.6764
61.675
61.6143
60.9861
60.9237
61.9681
62.5585
62.007
62.8034
61.5865
60.9536
60.098
60.531
60.3891
59.8061
60.5028
61.1047
61.0567
60.2958
60.2808
59.9835
59.9848
59.3223
