99.9375
100.411
100.667
100.31
100.661
100.825
100.074
100.251
100.512
102.059
102.212
101.844
103.999
106.074
104.877
107.763
107.808
109.368
107.988
109.772
107.671
102.471
103.165
104.816
102.825
102.661
102.439
100.855
99.9684
100.303
102.436
102.638
105.785
106.131
106.197
107.453
107.616
108.176
105.478
105.997
106.126
105.815
106.718
107.195
109.021
108.219
110.023
108.973
111.169
110.543
112.248
115.05
114.953
116.365
117.394
115.993
115.127
116.019
112.328
110.176
108.779
108.208
110.333
109.524
106.061
106.968
108.875
106.383
104.81
105.053
104.988
103.292
104.405
105.03
105.653
103.858
102.741
102.466
101.534
101.959
102.504
102.715
102.954
104.299
102.346
100.686
101.304
98.6156
96.0694
97.4856
96.9519
96.9459
96.9028
96.7264
94.586
94.9862
95.9448
95.1051
95.2967
95.2784
97.0005
97.5747
95.6459
94.4506
94.0666
93.4629
94.8059
95.7666
96.4095
94.0793
94.6765
95.8078
97.0642
94.7265
94.8885
91.4394
92.6219
91.4403
91.0582
89.546
88.278
88.3486
86.3273
84.8623
84.9212
83.1162
82.8933
82.0792
83.9543
83.4814
83.1296
83.0616
83.6977
83.9884
83.3623
83.9128
84.1086
85.2862
86.6675
88.7168
88.7265
89.7898
90.4637
91.2628
91.9155
92.0206
92.7841
94.4759
93.5444
91.6427
90.7104
91.3309
93.1437
93.7481
93.2349
93.3315
95.3276
95.6032
96.185
96.2603
96.9415
97.1336
96.0902
95.2485
93.5135
92.7436
90.729
91.1575
91.8699
91.2337
89.2486
88.956
90.1766
90.5993
90.6888
92.6545
94.0354
93.162
90.1828
90.3869
88.9664
88.8577
88.7836
87.4352
87.2778
89.8144
91.1584
90.4588
90.8498
90.2127
88.0501
88.1398
88.9933
88.8538
87.8491
87.3002
87.0531
86.869
86.6364
87.9876
90.6172
93.3557
93.2438
93.7493
92.9375
92.8402
92.3688
93.731
94.0225
93.2036
94.3313
95.5022
96.4519
96.0293
98.2349
97.5304
97.7752
98.6561
98.5601
99.5064
99.0526
97.6887
97.4641
98.0841
100.835
99.5568
99.9285
99.9033
98.9765
99.4861
97.2442
97.4615
99.1729
100.705
100.469
102.51
101.094
100.727
99.3568
99.3828
102.267
102.185
100.884
101.77
102.598
103.461
103.25
103.19
103.862
101.445
100.658
101.844
103.622
104.611
105.839
103.01
104.735
105.782
104.876
105.995
106.6
107.561
107.015
107.566
106.194
107.076
107.966
107.674
105.74
105.593
104.668
105.626
105.211
103.093
100.802
97.3785
98.286
97.156
94.9369
95.3194
96.7272
96.5026
96.4089
94.7755
93.6282
93.3477
91.736
92.4137
90.9551
90.3584
90.3536
90.7961
90.6843
93.0031
92.4857
92.1842
91.9473
92.1145
90.8831
91.0933
90.5661
90.7975
92.3721
92.1535
91.7762
90.3359
87.5206
87.0339
86.1488
88.4719
87.8244
88.8473
87.0066
86.2848
86.8712
86.7836
88.1217
87.1453
87.0031
85.7503
85.4332
85.0323
84.2468
84.8913
83.7914
83.8234
84.9686
84.2903
84.2228
83.9274
85.311
84.988
84.77
85.5476
84.6759
83.3334
84.0561
83.893
85.4617
85.3284
84.4079
83.7217
84.5536
86.4612
84.8261
83.4768
83.4983
84.0035
85.7017
86.3705
86.4848
87.2306
87.252
87.0865
86.5795
88.6917
87.946
88.2981
87.1124
87.2151
88.676
88.5763
88.6136
88.9857
88.2624
88.0235
85.5736
85.4632
84.6953
85.7621
85.6643
84.8182
84.2711
85.4301
85.5233
85.0912
83.1355
85.5069
85.429
85.6717
84.0928
83.8735
83.775
84.6029
82.7854
82.322
83.0359
84.4
84.2247
84.1248
82.5936
81.7846
82.0186
81.1398
80.648
81.783
82.2446
83.096
82.0565
81.9128
81.5136
82.189
81.3906
83.7024
83.5866
82.8882
81.9148
81.1172
83.6745
83.7719
84.1509
82.57
84.7114
85.3153
86.4708
86.075
86.2478
85.4418
86.1622
85.0936
84.6487
84.0321
84.262
85.5555
86.1841
86.932
87.2717
86.3369
87.121
87.1865
86.6617
87.2509
87.7158
87.4453
86.8833
86.1761
83.4755
85.3237
84.4858
83.6482
85.3317
82.8869
83.5036
85.5104
85.7031
84.8058
84.0854
84.2555
82.9568
82.6618
84.2346
84.8341
84.79
86.0105
85.8543
83.6735
83.1986
83.8484
83.0479
83.3237
83.2415
83.0041
84.6346
84.6104
84.4096
86.1965
86.8708
87.2795
87.8441
88.1789
89.3019
88.7721
87.791
88.1327
88.4781
87.0171
86.4521
86.7221
87.6073
87.623
88.0583
89.5136
90.8755
91.4445
90.6099
90.2959
89.9174
89.6506
89.9189
92.3979
92.6182
94.7083
93.1536
93.0048
91.9053
91.1809
93.8327
92.5578
94.9156
96.2688
96.7378
98.9106
98.4229
101.287
102.423
104.338
105.162
106.885
105.434
103.84
103.907
104.545
106.698
106.919
106.849
105.804
105.869
104.4
104.778
106.412
105.321
105.223
105.293
104.433
103.654
104.125
106.957
107.225
106.779
108.499
109.298
106.382
106.54
104.621
104.804
104.876
105.174
106.629
106.767
107.43
109.187
110.723
109.863
111.126
110.541
110.826
111.79
107.643
109.345
106.971
105.821
108.195
109.308
110.068
112.548
113.567
113.092
113.259
112.528
111.46
110.817
112.014
111.853
110.96
111.705
111.158
109.884
108.804
108.847
108.317
110.361
109.81
109.515
109.939
109.452
111.43
111.14
111.915
111.598
115.251
115.052
115.4
114.054
112.974
111.24
111.193
112.361
111.658
110.877
112.02
112.166
114.051
115.732
114.714
113.772
114.526
116.182
116.06
115.462
116.372
