99.1997
102.152
103.424
103.198
102.546
103.305
101.584
99.4975
98.3679
99.0806
99.652
98.6168
99.5158
99.8499
101.497
101.852
100.698
101.714
103.568
102.383
102.522
102.757
102.003
103.262
102.89
103.52
103.077
102.393
101.896
100.631
102.191
101.892
100.472
100.557
101.682
101.987
102.532
102.082
101.938
103.565
102.71
102.994
102.897
104.005
104.688
101.035
100.436
101.34
102.198
101.666
101.919
100.868
99.8434
99.924
98.6522
99.6527
99.0578
99.5911
101.936
101.696
104.328
105.35
103.86
101.871
101.992
100.499
100.599
98.2985
96.4248
95.7162
94.2306
93.7557
92.9017
92.971
94.7916
93.0022
90.2148
89.7414
89.3177
87.4209
87.0822
89.0911
86.7112
85.289
86.2853
86.5522
87.1785
87.9049
88.8518
90.1119
89.3078
90.4167
89.7717
88.4601
90.4043
88.4708
88.3466
87.7327
88.0252
87.3809
87.3302
86.9743
85.8815
84.5131
84.7248
85.653
84.9022
85.7157
84.1183
85.459
84.4257
85.5698
86.6823
88.9456
87.8708
86.5282
87.6112
87.1003
86.9345
85.8749
87.4384
88.4878
89.3335
90.5635
93.0107
94.5218
94.1001
95.0486
97.3983
96.2449
96.4759
96.857
96.8903
95.183
97.3636
97.2588
95.4228
96.4575
94.8532
94.383
93.7697
93.9312
96.0037
93.9359
97.4123
96.4848
97.7767
97.9693
97.7713
100.211
101.9
104.458
103.35
102.545
101.963
103.379
104.057
104.555
100.841
101.275
98.9451
99.1016
97.8822
95.8143
98.5268
98.4077
96.7534
95.6599
94.7363
94.9017
94.8625
94.9495
95.6364
97.4872
98.0029
99.2166
98.7113
99.794
100.425
101.857
101.86
101.452
99.4816
101.82
102.076
101.669
103.623
103.41
105.639
104.589
103.393
103.477
105.136
105.996
105.706
105.283
105.547
107.047
105.849
107.773
107.412
108.456
110.512
109.037
109.271
111.366
111.623
109.922
109.868
109.204
109.162
111.195
112.535
112.42
114.094
116.904
117.894
117.731
115.572
114.872
117.822
114.787
115.44
116.603
115.584
118.315
118.71
119.33
119.219
120.994
122.108
122.833
124.999
123.733
124.332
123.468
120.189
120.114
118.865
118.849
119.934
120.057
119.999
120.738
120.878
120.462
122.065
119.469
120.045
119.442
120.353
119.49
119.078
118.427
118.221
118.47
118.023
117.994
117.906
116.897
117.749
120.59
121.45
124.705
126.006
127.68
127.811
124.259
124.48
126.325
124.395
124.188
121.746
123.199
123.199
121.137
121.139
120.607
120.184
123.315
121.839
121.526
124.024
124.617
126.568
126.886
128.648
128.872
128.968
129.897
128.313
126.258
127.132
127.674
128.746
127.652
126.993
128.59
129.695
128.806
130.145
129.162
127.458
127.8
124.021
126.31
124.47
126.145
126.401
129.49
128.109
126.647
128.696
127.28
128.653
128.577
128.071
127.964
129.555
129.479
129.856
131.085
130.153
128.355
130.286
131.148
129.876
130.194
130.879
131.416
131.111
135.139
134.107
134.412
135.443
136.058
138.977
140.754
139.338
140.236
138.175
139.054
140.063
139.123
140.627
140.1
143.303
144.061
140.243
139.442
140.033
140.067
140.853
140.852
143.691
143.704
144.328
145.113
148.073
146.159
143.952
144.953
145.775
146.506
145.331
142.869
140.996
143.136
141.883
144.599
146.26
145.813
148.631
151.517
154.265
153.987
150.906
149.13
149.333
147.748
148.302
146.641
147.189
151.316
151.561
151.938
154.263
154.498
153.484
151.656
150.275
152.624
154.126
153.511
156.073
154.463
153.524
155.722
156.457
159.494
156.531
156.03
154.307
154.202
157.639
155.499
156.951
154.894
157.791
157.274
157.625
162.533
163.404
161.718
158.583
159.147
159.181
157.363
159.901
161.917
166.573
171.002
170.93
169.864
173.37
173.226
175.549
174.522
173.98
172.196
170.726
170.613
173.776
170.916
169.86
166.241
162.451
164.34
163.617
166.194
165.453
164.797
167.889
169.599
170.92
173.344
174.196
172.41
167.886
166.153
167.789
171.631
173.667
172.706
172.526
167.367
167.576
170.368
168.102
167.723
170.657
172.03
172.491
174.391
172.382
169.287
169.49
168.844
163.441
163.276
157.171
159.503
164.233
166.036
166.074
168.906
166.86
165.323
166.786
166.791
165.427
166.19
167.803
165.669
168.539
166.925
168.724
168.095
171.182
171.481
172.11
172.799
171.708
173.926
169.533
170.727
172.85
173.566
172.421
167.694
172.027
172.613
173.147
173.011
171.215
170.779
171.955
166.675
165.554
169.017
168.817
168.397
171.623
169.408
164.978
167.426
172.538
170.483
170.198
167.557
166.372
163.959
161.292
166.411
162.161
166.555
168.906
169.601
168.654
168.488
166.265
162.298
160.175
159.504
160.436
163.486
162.219
162.945
162.505
161.648
162.6
161.382
161.242
158.321
154.513
155.943
155.837
154.128
154.16
153.008
154.087
151.972
150.484
150.956
150.037
151.779
151.887
150.918
151.72
148.48
146.406
147.356
147.269
149.934
149.138
149.812
147.231
146.516
145.862
146.713
149.066
151.417
152.203
151.755
152.626
154.114
157.43
153.711
154.032
154.77
154.577
152.888
152.67
154.875
155.861
153.266
153.404
152.973
150.457
150.623
152.822
152.511
151.877
150.408
150.273
147.789
149.084
151.234
150.851
150.7
