98.6956
99.1465
99.2062
99.8882
100.669
102.177
102.947
103.725
104.399
104.579
105.493
105.434
107.179
109.183
111.644
110.439
109.364
108.885
109.115
108.608
109.518
110.617
110.988
113.129
113.01
113.158
112.313
110.326
110.096
109.122
108.934
107.046
106.017
106.871
105.978
104.704
105.492
104.694
104.256
103.386
103.766
103.12
104.298
105.827
107.099
107.897
108.218
108.015
108.696
108.173
107.391
106.154
106.661
108.189
104.725
104.656
105.746
104.661
104.002
103.063
104.177
102.686
102.185
102.593
101.507
101.988
102.969
102.638
102.499
104.428
105.459
106.044
107.244
105.934
106.442
105.246
108.769
109.534
108.902
109.365
107.959
106.411
105.64
105.654
105.646
107.364
108.044
109.319
110.55
111.823
110.456
110.062
111.374
111.402
113.613
115.765
113.826
116.468
117.264
118.972
118.418
118.977
119.01
118.312
117.735
116.722
119.12
120.276
119.582
120.675
121.199
122.001
124.555
126.036
124.991
125.566
123.414
127.411
128.061
129.433
127.729
132.529
133.977
135.324
133.81
134.079
133.124
133.801
132.155
133.093
130.91
128.73
128.68
128.419
126.076
123.442
122.972
121.149
120.514
121.606
121.887
123.022
122.836
126.738
125.72
124.05
121.118
123.982
122.084
121.542
125.047
125.809
124.588
122.022
120.879
120.159
119.079
118.301
117.743
114.55
114.35
113.369
114.461
115.139
112.856
114.392
115.137
117.37
115.379
113.944
114.4
112.185
111.342
113.385
115.228
116.714
115.136
114.467
114.777
113.375
110.606
110.02
109.335
107.444
105.897
104.441
104.602
104.877
106.094
105.25
103.566
103.964
103.163
103.066
103.266
102.568
99.7358
99.8221
99.3558
97.5259
96.3572
97.1319
98.2125
96.9943
95.7158
96.6294
96.4665
96.9308
95.8038
96.6565
97.0175
98.7154
98.5973
99.848
101.762
102.146
102.104
101.318
101.593
102.265
100.757
101.029
99.7443
101.327
101.321
103.525
103.439
103.239
102.299
100.851
100.747
102.026
102.65
104.352
102.156
101.433
101.248
99.5752
98.2411
98.8817
99.4015
99.666
100.12
99.4683
99.0895
99.3924
98.197
98.4223
98.9296
99.2202
99.1993
98.6397
97.79
96.4415
97.6516
100.607
101.991
102.585
101.872
102.47
103.436
101.097
101.569
99.8711
99.9666
99.5716
100.271
98.7171
99.345
100.37
101.122
102.2
101.114
100.646
99.9118
99.5567
101.042
100.337
98.324
99.1259
98.324
98.8802
98.9566
100.012
97.8107
97.9968
99.3016
97.8469
96.6432
94.6382
94.893
96.6044
98.017
99.019
96.959
98.413
97.1016
97.5456
99.2632
100.758
101.343
102.937
102.973
102.512
103.283
102.934
102.233
101.775
100.73
102.553
103.919
107.033
106.03
107.433
105.109
102.919
104.076
104.45
104.575
101.654
99.9013
99.1413
99.9516
99.1103
96.8027
96.8108
95.0938
94.967
97.1062
94.9714
92.4645
92.7398
92.1844
93.4894
91.2456
91.0692
90.0456
90.6818
91.043
91.8367
91.3499
92.1509
93.7195
93.1032
92.9696
93.0838
91.275
90.6236
88.2247
85.8323
86.026
84.4142
86.2757
84.6338
86.1232
85.6765
85.8416
86.2143
84.9692
84.0424
84.3908
82.298
82.2742
81.7048
80.9303
81.9627
82.9771
84.6265
83.9489
83.1399
81.0227
81.3201
80.7703
81.178
81.0954
81.7312
82.3823
84.5892
83.6892
82.4957
81.4647
80.7977
82.3186
83.5796
83.4908
83.5719
84.0906
82.7401
81.5021
80.2649
79.5583
79.3999
79.514
79.1004
78.5393
79.063
79.848
80.5156
80.3654
80.8015
81.6724
80.5333
78.7669
77.9734
78.4483
77.8278
78.0706
77.5429
78.4644
80.3541
81.3465
79.0102
77.9873
78.9723
79.1447
80.2643
80.7599
80.5541
80.6453
80.6709
81.6233
82.0735
83.2345
84.2714
82.6721
82.1818
83.4321
83.7076
83.033
80.8856
79.2357
78.8059
78.5082
77.9562
77.746
78.001
77.452
76.8634
76.8244
76.3526
74.6257
76.0108
76.2866
76.0527
74.405
75.7982
76.6447
77.4036
77.9706
76.3523
76.4406
77.2656
75.2014
74.4285
74.2481
74.1042
73.5921
72.6877
71.9495
72.224
71.6103
70.288
71.1034
69.9376
68.7693
67.4135
67.6318
68.3305
68.8449
68.0352
69.801
71.6273
70.9401
71.4422
71.488
71.4333
70.1189
69.4605
69.9051
70.1956
71.0997
71.1012
71.7762
72.9842
74.1391
74.3445
75.857
77.3828
78.2571
77.3166
77.7101
76.6631
75.9348
74.3525
73.7203
71.925
69.6896
68.2312
68.8801
68.6834
69.679
70.2971
69.4947
69.6061
70.1366
70.9166
70.864
71.0592
72.4689
71.208
70.7137
71.9597
72.8029
73.1477
72.5738
72.5594
72.297
72.0185
71.9246
72.0245
72.5454
72.2229
72.0757
72.5973
73.1658
74.8875
74.2481
74.1565
75.042
74.8952
74.4293
74.7085
74.7265
75.4155
76.3412
77.2766
76.0188
76.6915
75.7942
77.5024
77.0847
75.951
75.3334
74.0833
74.0886
72.4122
71.3775
71.2519
70.4188
71.1217
72.0956
71.8897
73.1164
73.2331
74.7891
75.3874
75.9678
76.0949
74.0552
75.1662
76.2568
75.9102
75.1593
75.2915
74.4799
75.0337
74.6988
74.6582
73.0445
72.1315
71.8445
71.0046
68.5091
68.6493
70.0042
69.7084
70.423
71.2046
69.7692
68.7441
68.8714
68.2359
69.3014
69.7468
70.9047
69.2154
68.2975
68.1664
66.4833
66.5711
67.0411
66.227
66.3976
67.569
66.8735
66.9207
66.8152
66.693
65.3426
67.1336
