101.522
103.324
104.241
105.568
104.253
107.712
106.263
106.592
104.395
105.581
107.216
105.347
104.869
104.487
105.307
103.18
103.279
102.286
101.834
101.141
101.45
101.732
103.098
100.941
101.889
102.585
103.458
103.516
104.835
105.612
106.566
104.728
104.275
103.573
104.313
104.338
104.094
105.469
105.528
103.722
104.356
105.036
107.015
107.666
108.272
107.807
108.691
110
108.323
106.887
107.959
108.863
108.56
108.214
108.063
107.176
105.034
105.276
106.805
105.98
104.676
105.145
103.495
105.084
105.251
104.438
102.506
101.67
101.558
101.621
99.9546
101.725
102.388
100.156
98.8312
98.0838
96.137
95.4485
95.0516
94.5421
92.4067
93.4643
95.1996
93.827
93.3992
92.862
91.7428
93.0853
93.5401
92.9241
93.7231
90.9757
91.129
91.7968
91.5413
90.9584
90.2161
89.9129
89.8554
91.4729
92.4788
91.2522
90.6814
90.5178
90.03
89.3778
87.8458
86.5171
85.3955
83.7424
81.6638
79.0497
81.0253
79.286
80.0146
80.3566
80.9954
80.5101
78.7281
80.6402
80.4601
79.0898
79.0919
78.4349
77.957
78.4614
77.9567
78.7973
79.5533
78.7997
79.0473
78.5966
80.0108
80.6837
81.1533
81.0198
79.6828
78.8559
78.0248
78.3193
76.932
75.752
75.0497
73.0158
72.4082
75.236
75.1954
75.184
75.2444
76.8401
75.1549
75.9386
76.0569
74.5208
75.2682
76.4055
75.9673
76.1591
76.1065
76.8201
78.0357
79.4926
79.6396
78.7208
78.6375
80.0852
79.0689
79.6067
79.1159
80.2215
79.0744
79.3957
79.3168
79.3821
78.9217
78.1375
78.4294
78.0412
76.9954
76.8693
76.3112
75.8345
76.7755
77.5199
78.0233
78.1349
78.174
78.6692
79.3126
78.405
78.0067
77.137
77.2542
76.8582
77.7565
77.9321
77.5273
77.0508
76.2997
75.972
75.6977
75.2306
76.2367
76.4007
77.405
76.3955
77.5703
78.2885
77.5939
75.916
77.9358
78.7826
78.8348
78.4349
79.239
81.0455
82.7003
82.0128
82.1037
81.5993
80.0155
79.053
79.4489
80.7835
80.9169
81.0382
81.9424
83.1517
85.5336
83.844
85.1302
86.0524
85.652
86.1136
85.3545
84.9538
85.9202
86.0344
84.8214
83.1472
82.0683
82.0799
82.0245
82.5938
84.8815
83.1145
82.2827
82.7523
83.3557
84.7102
83.5104
82.1488
81.2007
80.6269
79.6541
79.6638
80.1979
81.5513
82.472
81.3862
82.2467
83.1298
84.2911
82.4506
81.6658
80.1608
81.3013
82.67
83.3847
82.8066
83.591
84.5891
85.748
86.0419
87.3669
87.501
86.0322
83.9551
84.5976
85.2952
85.3769
84.2629
83.7574
84.5258
84.889
85.0431
85.8099
85.83
84.9684
84.1155
84.1684
85.7863
85.2768
82.0198
80.9274
81.148
82.6049
84.1205
84.2315
85.6736
85.995
85.1291
85.6495
85.3119
86.064
86.6109
85.2304
85.7669
87.6862
89.3461
88.549
89.3422
93.1271
93.0526
94.2257
94.0565
93.8745
91.8009
92.9407
92.5486
92.9638
91.8788
92.4767
91.8394
91.0568
90.5339
90.9167
90.3005
90.2459
87.2616
86.4003
85.9879
86.0994
82.8009
82.4713
81.5637
81.6802
82.2063
83.1118
82.883
83.4382
82.3481
81.0405
79.7751
77.7607
78.0111
77.5113
77.4283
78.7705
80.1914
81.151
81.6317
80.3498
79.4319
79.6357
78.1806
77.6244
76.0587
75.8619
76.6256
75.9225
75.4886
76.4058
76.4909
75.5335
77.6104
76.7901
76.0773
76.1045
76.7089
75.8635
76.885
75.4921
76.4628
76.8283
77.9978
76.6864
77.81
78.6141
77.5153
77.9301
77.2118
75.501
75.4111
75.7064
74.5123
73.3982
73.3845
73.4502
74.5491
74.576
73.7259
72.6672
72.0479
72.0374
71.2811
72.3426
72.1184
72.8618
71.2994
72.4707
73.2412
73.8917
73.1844
72.1376
72.8652
73.6788
74.4017
76.2544
74.8673
75.6474
74.8893
74.5188
74.6192
74.7977
76.4807
77.8574
78.2836
78.5595
79.1762
79.9158
80.6992
80.9496
80.4789
81.4342
81.7639
82.7826
82.8785
82.6849
82.9154
82.0945
80.9374
81.5411
82.6526
83.2595
84.8966
86.6006
84.8047
84.3974
82.3499
82.5873
82.1895
81.2358
81.1459
82.0741
81.4221
81.4551
82.8137
81.1429
82.2256
80.551
79.733
79.2412
77.9391
77.2768
76.7561
77.286
76.5572
76.1746
76.3282
75.5572
77.9941
76.5177
76.4855
76.6182
77.2243
74.5889
75.8004
76.612
76.1827
74.8236
74.981
73.7793
74.2475
74.1211
75.116
75.3434
76.3063
76.1582
75.8005
75.9696
77.4115
76.9287
76.751
76.9353
76.4161
76.403
75.9893
76.5272
76.5997
77.0614
76.1849
76.7974
76.065
78.5416
80.2588
79.2986
79.9547
80.1527
78.6292
78.7934
79.4802
78.0524
78.373
78.8556
77.6168
77.5039
78.2295
78.1413
77.2415
77.3053
77.6278
76.1509
75.5949
77.3371
77.1535
77.0499
76.3911
76.7196
75.044
75.2094
76.2679
74.8739
75.6389
75.7622
76.5598
74.9104
74.4999
72.3269
71.0728
71.1595
71.9358
71.3665
70.6562
69.5071
69.6345
68.0226
68.2865
67.81
67.1237
67.1897
67.3566
66.8803
66.1284
64.931
65.4884
65.8358
64.7155
66.1375
64.8013
65.7754
65.5145
65.827
66.1515
65.9741
65.6701
64.7848
63.7522
64.255
63.7084
64.308
65.2447
65.0039
65.0938
65.0829
65.2673
65.5496
65.4467
65.4851
66.1854
66.5407
65.0227
65.1779
65.1896
65.8458
65.0536
64.7813
65.4813
64.6143
65.9772
66.5237
66.2193
65.8219
65.5827
63.252
62.0349
63.3444
62.797
62.2197
61.3974
60.9179
60.5923
61.336
62.2918
61.7512
62.9254
62.6538
63.5895
64.3424
63.5777
