102.771
101.514
102.233
102.266
101.169
100.153
102.241
100.663
100.874
101.026
101.154
101.796
101.283
101.159
98.6986
100.513
101.564
99.548
100.927
102.428
100.858
101.4
103.038
101.903
101.146
100.703
97.8575
99.8445
99.5328
99.0991
100.516
97.7397
99.7268
99.4698
100.62
100.207
100.338
99.5143
100.186
100.65
99.7228
101.346
101.784
101.828
100.723
101.284
102.312
104.957
105.896
107.98
111.251
112.437
110.919
107.728
109.041
107.248
109.298
110.338
109.506
108.726
107.572
108.73
109.829
108.452
110.805
112.395
114.585
113.14
113.676
112.844
111.52
114.41
115.372
116.94
116.806
117.203
115.249
116.309
115.508
114.935
112.594
114.054
114.556
110.503
111.216
113.119
111.133
113.461
115.416
112.664
112.832
111.01
108.017
105.068
103.978
100.994
100.161
100.785
99.3097
96.8665
96.6416
97.9753
96.1269
95.9094
95.0983
95.316
96.8015
97.2027
96.3981
97.3044
98.3496
97.1558
96.2152
95.424
94.7744
96.6563
97.2722
97.5684
99.4633
101.667
102.026
102.408
103.116
103.854
104.071
104.576
105.648
106.93
104.21
105.364
105.298
102.781
103.483
103.625
101.708
100.33
99.5516
100.389
99.047
100.343
98.3366
99.2292
100.263
100.474
100.594
100.649
100.313
99.1704
98.6977
98.8039
98.9703
98.7388
98.2828
100.358
100.602
102.567
104.536
104.173
103.133
105.286
105.062
103.975
104.207
103.956
102.97
103.843
103.883
106.525
104.913
105.603
106.832
108.515
108.115
106.959
107.005
106.882
102.553
105.829
106.095
108.527
108.891
112.117
115.047
115.368
113.948
114.152
113.926
113.88
113.297
113.907
115.435
114.875
114.095
114.453
115.41
113.576
112.73
113.397
112.51
111.726
111.87
110.806
110.297
110.281
110.609
112.012
111.472
112.165
111.466
112.311
112.474
113.386
112.4
115.181
114.448
113.602
112.486
113.489
112.541
110.952
109.547
111
112.47
112.155
112.795
114.744
112.74
112.967
113.574
113.292
112.677
112.656
113.455
113.908
112.61
113.226
113.518
111.366
112.758
112.816
111.681
113.507
115.638
115.149
116.924
118.26
120.511
119.854
119.962
120.25
120.805
121.567
122.077
122.866
121.717
122.574
122
123.118
123.838
123.753
122.842
120.661
121.099
121.019
119.443
119.618
116.037
116.229
116.119
113.527
110.937
113.53
114.147
114.688
113.236
113.491
114.28
115.221
113.935
113.727
112.938
112.992
114.714
113.422
112.254
112.83
111.068
111.593
114.581
114.024
113.833
112.243
111.475
109.372
108.384
107.143
105.975
104.638
104.222
105.244
105.211
107.023
107.489
109.195
107.543
108.148
108.285
109.186
108.405
107.63
108.925
108.05
108.923
107.985
108.909
110.814
109.775
110.73
109.242
110.674
109.098
108.851
108.793
109.592
108.057
106.669
106.996
106.992
106.026
106.326
104.254
102.863
103.675
103.06
102.652
103.737
105.173
105.118
103.845
105.033
104.115
106.044
103.959
103.064
102.369
100.967
99.9623
102.129
102.124
101.037
102.547
101.77
101.6
102.282
102.439
102.635
102.661
102.22
102.134
102.198
102.588
103.598
103.731
102.417
104.227
105.143
106.057
103.795
102.874
103.223
104.256
105.734
104.542
103.987
102.476
105.145
103.735
104.263
104.755
103.333
103.486
102.278
102.189
98.6445
98.5765
100.529
101.091
100.743
102.448
100.684
100.26
101.466
100.164
99.7101
100.67
100.411
101.697
103.296
104.869
107.085
104.785
105.288
107.053
108.034
106.321
107.148
107.7
108.81
109.638
108.179
107.421
105.542
107.675
108.401
107.545
109.882
108.542
109.929
111.576
113.201
109.818
112.89
110.985
109.884
108.966
110.369
109.468
109.052
108.071
107.436
106.28
107.192
106.543
104.883
102.986
102.969
104.568
104.491
102.812
105.478
105.784
103.178
103.282
103.391
101.506
101.338
101.538
102.163
102.049
99.9519
100.037
101.029
100.162
101.09
100.91
100.459
98.9306
98.1433
96.9301
98.0175
99.1399
99.7343
100.539
100.678
102.583
103.07
102.492
101.766
98.4147
100.547
100.123
100.399
100.141
101.101
100.331
99.8254
99.3371
100.743
101.513
101.546
99.5653
100.618
100.686
99.3175
97.9516
100.432
100.953
102.262
102.516
103.966
105.167
105.269
105.898
106
109.02
109.115
108.339
108.616
110.574
111.379
112.715
112.947
113.484
113.801
112.893
111.359
110.755
110.559
111.177
110.634
110.597
112.059
113.457
116.489
116.182
119.572
116.251
116.534
114.885
114.045
114.978
112.03
110.215
110.136
109.522
109.914
111.735
111.378
112.388
111.452
111.767
112.713
110.845
111.617
112.024
112.443
112.527
111.326
112.648
113.547
114.2
115.208
117.268
117.995
118.141
118.876
119.506
119.766
119.198
119.368
120.321
123.972
123.901
122.058
122.49
124.896
124.117
122.763
122.028
120.217
119.946
121.442
119.722
120.128
119.097
117.211
117.35
117.378
118.002
116.751
115.915
114.611
115.569
111.13
112.257
110.841
109.137
112.171
111.215
113.655
115.041
110.498
109.421
107.837
107.929
106.519
105.835
104.805
105.227
105.039
104.386
104.937
104.802
103.408
105.197
104.658
103.007
104.551
104.946
103.036
