99.925
100.397
100.875
102.63
101.255
103.142
103.677
102.769
101.289
99.65
97.4351
97.562
97.8668
97.4066
96.3694
96.5803
97.4855
97.4831
99.4467
98.7722
98.9331
98.9259
97.7241
94.8622
94.4411
95.9697
96.5839
96.7297
96.4409
97.9621
99.5609
100.075
99.7908
98.4202
99.7837
100.927
100.847
98.9693
98.0424
97.3979
97.9073
97.6645
97.8928
97.9338
97.2002
97.2543
99.4714
98.0539
98.3421
96.6035
96.1903
98.3279
97.8444
99.5391
101.75
98.6711
100.429
101.022
100.584
101.247
98.798
99.4525
100.238
101.107
100.381
101.247
101.82
101.047
101.374
101.487
101.692
99.9449
101.233
102.23
102.769
103.727
102.749
102.471
100.53
98.9711
98.597
97.6163
98.6789
98.9932
99.1918
98.6712
96.3877
95.9251
96.0751
95.6419
96.8494
98.4796
97.8745
98.6526
97.7305
99.4822
97.3057
97.9078
97.6608
99.2733
99.4659
99.4379
99.9513
99.9966
97.8471
99.19
101.756
101.039
100.281
99.701
97.9756
95.2976
96.596
98.8615
97.4938
96.6713
96.1939
97.5238
97.7884
97.1521
95.4516
96.147
97.2418
96.5386
96.024
96.6021
96.9495
97.162
96.8733
97.1131
97.6423
98.4609
99.77
101.048
101.356
103.309
105.131
106.503
107.374
105.662
104.296
103.513
102.788
102.17
100.39
100.405
99.8819
99.4917
99.5725
98.799
97.6624
97.6508
96.184
98.1856
97.8699
99.5056
98.4335
99.1158
97.8826
96.9736
95.513
95.4982
93.9909
94.35
94.4522
95.0123
96.4217
97.3799
97.3622
95.0955
96.2749
96.2553
97.2726
96.3688
97.4048
98.7622
99.0502
100.669
101.507
101.227
101.364
99.0846
99.8869
99.592
100.087
98.6214
98.2422
99.448
97.9338
97.312
98.0879
98.147
98.1694
98.7944
101.27
100.833
100.594
102.125
99.1905
97.2021
95.444
94.9575
95.4092
95.2267
95.0713
93.6743
95.6428
96.7165
96.3091
96.9635
96.1536
95.8779
96.7137
96.0161
95.5961
97.3978
94.766
95.5718
95.2479
95.2901
95.6017
96.1032
95.706
95.3657
96.1691
96.9612
97.2907
97.5554
96.9394
100.092
100.039
101.342
99.6578
100.137
100.292
101.387
101.34
101.373
102.127
102.051
101.69
100.72
99.7499
101.281
100.441
101.242
101.466
101.072
99.9788
101.554
103.781
105.228
105.262
104.939
106.533
103.695
102.142
101.93
100.382
100.263
100.082
99.9853
97.9195
98.2666
97.5141
96.2228
96.4178
97.8236
98.162
99.4199
97.8472
98.0105
98.2902
98.6833
94.7029
94.6645
94.7826
97.1627
96.9563
96.4301
95.6597
94.8927
95.005
95.1318
97.5739
97.0285
97.4171
98.2841
99.8104
96.7628
96.4159
96.2519
97.6048
96.9952
97.7739
99.0483
100.37
99.1661
99.7706
103.039
101.93
101.724
101.387
100.461
102.099
99.7074
99.6228
98.6443
97.4134
97.61
98.2054
96.6232
96.1519
96.7288
98.1024
97.2666
96.4074
97.5904
97.4764
98.2494
98.0756
97.734
98.9386
100.097
100.578
101.386
102.226
103.307
103.971
102.761
102.564
102.564
102.572
100.413
101.304
100.459
99.4667
99.6069
98.6631
98.6093
96.8799
94.0859
93.4583
95.5106
93.5258
92.6688
93.825
93.6612
94.785
94.3986
94.1903
92.2321
93.8493
93.4955
93.7509
94.9183
94.6637
93.2853
93.8252
92.6926
93.7031
94.9815
96.3011
97.7067
99.2314
101.399
102.572
104.112
104.11
102.14
101.848
99.3558
98.0023
98.118
97.1297
95.0357
95.627
94.8109
96.9665
96.4939
98.2997
99.7702
100.489
100.506
99.2659
98.0617
99.2223
96.5281
95.2462
97.0212
98.6896
99.8091
101.751
102.58
103.452
100.705
101.473
103.161
101.958
102.736
103.135
102.854
102.605
102.746
102.034
101.887
101.095
100.932
101.733
100.9
102.536
103.427
104.121
104.156
103.518
102.755
106.196
106.342
103.802
105.051
105.045
105.896
105.22
104.768
105.947
105.54
104.971
106.309
108.073
109.536
108.916
107.646
108.885
108.974
110.753
109.043
110.065
109.848
109.739
112.004
111.308
111.031
111.833
112.124
110.598
112.628
114.056
115.599
116.2
117.661
116.745
116.676
112.9
108.242
108.66
107.429
106.99
106.857
106.219
106.545
105.95
104.256
105.892
107.311
107.782
106.085
105.912
106.461
105.368
106.29
104.602
103.494
106.016
104.412
105.032
104.319
105.174
106.726
106.081
104.959
104.286
103.518
105.006
105.574
106.83
107.769
107.013
107.611
108.615
108.375
108.258
108.187
107.858
106.145
107.254
107.114
109.964
111.88
112.76
115.672
114.329
114.779
115.163
115.953
115.813
116.531
116.19
113.915
115.124
115.021
112.731
111.648
110.092
110.443
110.686
111.764
110.797
110.727
110.479
111.96
111.259
110.299
108.859
111.212
111.942
111.757
110.389
112.356
112.366
113.233
115.819
117.995
116.945
118.002
119.21
119.027
119.352
117.301
117.555
118.37
117.393
116.393
114.932
114.909
114.299
112.585
116.49
118.827
121.755
123.893
124.34
123.315
123.201
123.332
125.761
126.688
124.299
124.798
125.052
125.774
124.912
126.689
124.611
125.723
126.941
127.335
128.293
132.893
130.634
131.284
132.078
133.059
133.25
129.648
131.603
131.725
130.574
131.287
129.711
130.166
131.067
130.212
130.882
133.185
133.534
131.941
134.754
133.494
134.191
136.803
138.442
137.053
135.308
132.555
132.531
133.644
132.979
132.611
134.677
135.119
