99.317
98.5365
100.766
98.342
97.2919
96.6118
96.7119
96.7445
97.8026
98.5987
96.9694
95.0863
95.7765
94.8227
96.0732
97.2066
98.3331
97.7801
98.2969
98.87
100.033
102.465
101.941
102.105
103.741
103.548
103.217
102.797
104.318
103.969
104.727
106.993
105.411
105.706
107.176
107.009
107.81
105.63
105.132
105.904
106.604
104.976
106.66
105.185
107.439
108.542
108.284
106.818
106.284
107.423
107.909
107.428
107.589
108.418
108.842
111.793
110.675
112.694
113.144
113.901
113.695
113.647
116.501
113.749
114.257
114.488
113.839
114.638
115.115
114.354
116.66
116.368
115.202
113.323
112.523
109.621
110.668
113.344
112.798
114.331
115.819
115.182
115.598
115.927
116.589
117.59
117.112
116.877
117.891
119.118
120.776
120.235
117.847
118.133
119.378
118.612
117.935
116.328
114.938
114.691
117.186
119.678
118.291
120.558
119.016
119.409
120.406
117.926
116.808
115.784
114.156
114.498
114.31
112.399
111.874
111.432
110.857
113.012
112.957
113.729
114.322
112.887
113.767
115.641
118.968
118.942
118.435
116.574
119.347
118.368
118.534
118.249
123.03
122.192
123.378
124.378
125.53
124.47
123.963
126.815
125.691
125.64
124.734
126.619
125.234
123.514
124.614
126.184
126.504
123.873
125.818
126.182
125.381
123.931
124.657
126.938
126.4
128.077
123.54
124.987
126.122
125.437
125.021
122.493
122.75
122.872
123.521
121.443
123.64
124.301
124.095
126.661
126.862
126.114
127.406
126.517
129.046
128.65
127.274
126.772
126.082
126.177
125.14
123.848
124.459
126.95
125.172
124.661
124.342
124.175
122.955
123.26
124.212
122.824
122.783
122.911
122.147
123.35
121.178
123.002
122.315
120.6
120.251
119.555
121.078
121.083
120.21
120.787
123.465
125.916
127.389
125.879
125.705
127.089
125.528
124.898
125.273
124.85
127.751
125.151
125.744
124.177
122.268
119.002
119.183
120.483
121.179
123.709
123.704
121.47
123.631
123.288
123.077
121.797
121.574
120.443
123.367
123.608
126.316
127.739
130.962
130.089
131.006
129.72
130.969
131.635
130.049
129.297
129.086
126.948
129.709
131.396
128.907
129.628
127.645
124.907
127.054
128.305
131.459
130.773
129.69
128.854
130.982
131.894
131.474
132.272
132.7
133.655
131.286
130.014
128.089
128.84
127.83
131.306
130.897
129.802
129.663
132.178
131.599
129.793
129.452
128.214
130.322
131.89
133.699
131.847
129.389
131.081
130.129
129.327
129.462
128.884
129.791
131.506
133.674
131.333
132.873
134.98
132.793
132.592
131.48
130.049
130.484
130.334
133.03
133.505
132.198
131.831
134.071
133.538
131.613
131.17
128.904
128.298
128.568
128.528
129.035
127.563
129.125
128.613
129.932
127.904
127.999
128.09
129.586
131.298
132.627
132.365
131.093
130.033
128.638
128.295
128.562
128.994
129.757
129.741
131.471
132.563
131.742
128.234
128.608
126.438
125.424
124.372
124.762
122.335
120.338
120.175
120.655
122.841
122.24
123.197
123.799
123.889
122.676
122.416
120.278
120.287
120.626
122.341
120.706
122.713
122.857
122.052
123.795
121.603
122.735
121.789
120.697
122.707
121.66
123.892
123.355
124.17
124.539
125.762
124.974
129.727
129.236
131.483
130.844
132.285
129.787
130.264
131.352
134.14
133.583
132.815
134.861
131.327
130.749
130.817
131.913
131.933
130.567
129.819
128.349
128.922
126.675
126.175
126.077
125.789
125.595
126.406
125.983
127.196
128.503
127.234
128.037
130.106
129.969
129.562
130.567
133.105
133.673
133.208
129.986
126.659
125.981
129.183
130.401
127.346
130.641
133.446
134.682
135.479
137.53
139.458
139.749
139.088
137.68
137.644
137.79
136.309
134.846
137.335
139.351
140.068
138.282
136.884
134.639
134.631
136.54
135.961
136.702
138.441
140.205
140.006
137.71
137.424
135.906
135.347
137.695
137.232
135.896
135.663
135.417
135.735
136.082
137.397
138.612
138.31
139.977
140.067
142.373
143.858
145.376
142.781
141.462
140.004
138.146
138.755
139.917
139.707
140.935
140.676
143.151
140.319
142.102
142.794
140.596
139.681
143.114
143.865
140.766
141.867
141.695
142.378
142.525
141.831
140.773
138.813
141.097
136.925
135.025
136.793
140.14
140.933
143.027
146.653
145.144
146.217
147.43
149.095
151.325
153.865
155.21
156.077
154.047
155.798
156.22
155.199
152.838
151.913
152.732
155.467
159.179
160.149
157.674
157.114
160.045
159.096
159.549
160.332
158.497
160.995
161.322
164.523
163.376
164.197
166.012
166.204
167.956
167.525
170.15
172.747
169.77
166.705
164.545
164.166
167.742
167.085
169.142
168.103
169.55
170.384
170.747
169.22
170.322
170.081
172.253
172.793
175.057
175.128
176.64
178.723
180.575
177.247
176.237
172.803
170.682
167.822
170.934
171.45
169.479
166.522
169.961
167.171
164.647
165.784
166.726
168.95
169.607
170.056
173.651
173.843
173.579
173.748
175.146
172.301
172.786
174.932
173.51
169.964
169.063
165.793
169.587
168.087
168.087
167.059
166.851
166.077
170.15
167.372
168.129
165.715
166.371
168.235
171.218
172.164
