98.6596
98.6967
97.9797
99.186
99.2808
99.9116
99.6265
98.5258
99.662
100.949
101.606
101.501
100.622
103.344
101.301
100.794
102.266
101.683
103.169
103.638
102.641
102.773
102.319
102.099
103.32
105.096
104.123
105.39
107.932
108.651
108.086
111.491
111.174
113.31
112.341
111.234
111.279
110.212
108.943
109.81
108.408
106.971
110.139
108.892
107.693
107.868
110.203
108.127
106.384
105.767
106.343
105.57
105.163
105.109
105.169
102.705
102.434
101.631
101.861
103.928
100.625
98.7846
98.8393
97.6532
98.3805
99.0489
98.7353
101.499
100.892
101.553
101.039
100.726
101.945
100.876
100.482
100.862
102.897
103.43
105.93
106.447
105.622
106.37
107.911
107.846
109.45
111.216
108.347
109.753
111.417
110.468
107.082
106.561
106.197
106.152
104.03
103.076
102.413
104.957
103.856
103.23
103.168
103.315
102.799
102.61
102.225
103.057
102.67
104.71
105.312
106.52
105.067
105.45
105.701
105.399
104.003
104.244
102.9
103.935
104.613
103.203
101.974
103.487
104.403
101.805
104.041
102.087
103.608
103.781
106.044
105.548
107.305
106.514
106.883
107.395
108.985
109.648
108.36
107.849
105.893
104.086
106.165
107.575
106.722
105.913
105.17
105.564
106.325
105.218
105.143
104.466
103.607
104.03
101.612
102.881
101.532
100.723
98.245
97.8772
98.5562
100.742
99.4313
97.6928
97.8066
98.1476
98.6249
96.8167
98.7751
95.8561
96.2225
95.6984
97.7302
95.8169
94.3904
94.74
95.58
96.4272
96.2341
96.8648
95.3392
95.5271
95.3831
94.9654
95.4144
96.8103
97.3814
96.2359
98.2006
99.4279
100.326
100.542
102.217
100.582
101.717
100.917
100.543
98.7348
99.9338
99.1801
99.5717
100.27
98.1581
98.6343
99.0435
99.6012
97.554
96.4601
98.5159
98.272
99.8354
99.522
100.696
100.298
100.297
100.099
98.0899
96.5788
96.7252
96.8991
98.0965
96.9217
94.7379
93.9166
93.4578
92.3411
93.1704
94.1811
93.1702
92.6429
91.233
91.9735
93.3588
93.4013
92.1958
91.4038
92.6074
93.141
93.3387
92.2442
90.0151
89.1796
88.0929
89.0445
87.7624
86.5513
87.3395
88.6305
86.4966
85.5385
87.2463
86.6027
88.7575
84.3801
86.6391
88.2349
90.0935
88.667
86.4232
86.1042
85.525
86.0456
87.4503
87.6966
89.6596
88.4693
89.9071
88.5466
89.7518
90.1005
89.8682
89.8384
91.2765
91.1184
91.2566
91.4095
91.3974
91.5335
93.0575
96.2193
95.8605
95.4126
95.8336
94.1195
96.7761
97.5527
98.6741
99.0711
97.1079
94.7331
94.2173
94.4213
93.5408
92.8928
93.1435
92.7298
93.7596
93.848
93.4163
91.5867
90.4493
90.6179
90.5897
91.58
89.6645
89.0596
88.2169
86.9759
87.7876
87.4297
87.7812
88.783
88.8305
88.4229
89.5868
90.3663
89.3331
88.7037
89.9982
89.0502
89.7774
93.0158
92.346
91.1632
91.2224
90.6565
90.6996
91.5792
94.0483
93.9657
94.2455
93.1586
93.8819
93.8968
92.7038
94.6783
93.8093
91.5507
89.998
88.9846
88.3862
88.7167
89.9338
87.8265
88.2374
88.4274
88.2134
88.8881
90.1586
89.7767
89.8846
90.6156
90.0529
91.3476
90.8719
92.5454
92.9996
92.8402
90.5835
88.5727
86.741
87.3615
87.4467
87.5224
83.9697
84.5536
85.4594
87.2097
86.5118
84.893
84.9861
85.9701
86.3959
84.8797
84.682
86.1493
86.0379
87.2723
88.2767
89.138
87.8729
86.4797
88.2077
87.7623
87.1873
87.0281
86.599
84.8233
84.9284
85.4882
86.4363
87.5106
87.3444
87.3892
86.9118
85.8713
86.0494
85.572
87.6384
88.7037
87.0068
88.3149
87.0849
85.7088
84.4102
84.5972
85.285
83.7315
84.2781
84.1372
84.0404
83.8212
82.9742
83.2249
83.5506
83.1115
83.4898
83.4348
82.0991
82.8612
81.5338
81.9214
81.5532
81.0257
81.8834
81.4613
81.8475
83.4867
83.9429
85.1636
86.1891
84.5681
84.1265
84.9
84.5371
83.1546
83.7753
84.7442
84.3955
86.2118
85.4712
85.0183
85.2657
83.259
83.3907
83.4029
82.808
82.9076
82.1014
82.6071
81.868
81.9664
82.2311
83.0081
83.5561
84.5183
85.0353
85.2575
84.129
85.3677
85.2944
86.154
85.9446
86.989
85.2259
84.8309
85.7551
84.5716
83.9742
82.6875
83.3881
83.7417
84.1792
83.5327
82.8871
83.4009
82.0215
79.6379
79.9537
79.8503
80.2559
79.8835
79.2052
81.0972
81.4023
84.0722
86.3206
88.4707
88.9698
89.8161
88.3622
88.3826
84.9433
85.7909
84.6849
86.3534
86.6839
84.2246
84.4174
84.8912
84.7795
83.9182
84.2538
83.5953
83.8243
83.3098
83.3889
82.5051
81.8225
81.7815
82.2451
81.8617
82.0878
82.0017
81.9544
81.0386
82.1538
81.947
79.2647
79.513
79.4294
80.0715
79.7677
79.1103
78.5931
77.6894
78.0654
76.729
77.1155
78.284
78.9588
80.8417
80.7731
80.533
80.3145
78.0083
75.3335
74.6186
74.9028
74.735
73.8476
72.1985
71.4479
72.8649
73.2956
73.7703
75.0329
73.7206
73.7132
74.7161
74.9473
74.2668
74.6383
75.7253
74.8981
76.0784
75.9774
75.8056
75.802
76.2121
77.0016
76.4694
76.5245
75.3355
74.7552
75.5214
75.5369
77.6351
77.2707
77.1337
77.8345
78.7038
78.2326
77.9287
75.8585
75.5143
76.7891
77.8622
77.6312
77.9576
76.6334
78.1362
78.1241
78.4591
76.5648
76.292
75.0487
75.114
75.1338
73.6253
75.0653
75.0202
74.9265
73.5533
72.3071
73.8615
72.0918
71.572
70.6179
70.0397
69.4323
70.4678
