100.443
99.3913
98.5122
98.007
98.1493
101.135
100.881
100.982
101.334
103.782
103.502
105.747
104.877
104.835
104.272
103.598
103.797
104.232
104.462
104.549
106.248
106.849
106.851
108.558
108.453
108.29
108.007
107.892
106.943
107.276
108.944
107.7
108.402
107.052
106.664
108.137
105.568
107.11
105.839
106.952
102.768
103.066
102.335
101.615
104.114
105.404
106.063
107.043
106.481
106.306
105.659
104.01
104.302
103.966
106.038
105.622
105.073
105.637
104.869
105.06
106.023
106.114
109.387
108.044
107.517
109.349
110.369
108.423
109.466
110.454
111.192
110.414
110.292
109.927
109.143
109.631
107.986
108.95
109.189
111.266
109.86
110.817
110.189
110.158
106.964
104.894
103.189
104.313
105.064
105.493
106.073
107.595
109.628
110.258
111.987
111.255
110.6
110.638
110.156
110.955
110.228
109.988
108.828
108.671
109.452
110.119
109.755
111.154
110.914
111.81
110.988
112.352
111.837
111.906
111.724
114.043
112.11
110.295
106.861
105.992
104.166
103.986
104.835
105.894
106.401
106.738
105.759
105.814
104.568
107.26
105.673
104.826
101.733
102.546
101.812
102.139
100.507
101.791
103.104
104.116
104.206
105.62
105.363
106.097
104.128
105.69
105.926
106.486
104.011
106.854
108.578
112.387
111.347
108.789
109.342
110.524
111.067
114.042
111.781
111.137
111.483
110.959
112.721
114.766
114.447
114.627
116.007
115.418
115.055
114.011
115.168
113.772
113.075
111.844
112.428
113.794
113.139
114.214
112.485
111.933
111.379
111.968
112.843
110.535
109.179
111.555
112.636
112.962
111.15
113.852
114.802
115.45
117.705
114.324
115.119
114.174
114.292
112.59
113.6
116.461
116.281
118.276
115.361
113.542
112.128
111.174
110.756
112.65
112.087
112.945
112.257
112.014
112.159
111.039
112.876
111.875
114.919
115.441
116.157
116.603
118.143
118.807
121.302
120.865
121.108
120.049
118.445
117.238
119.489
119.48
119.685
119.746
119.048
119.925
122.238
122
125.161
125.778
124.916
126.325
125.247
124.716
126.071
127.505
128.331
128.925
131.862
133.275
133.984
132.397
131.326
130.088
128.885
130.816
129.726
132.659
132.284
132.812
131.402
132.189
131.278
130.591
131.062
133.813
136.093
135.598
134.544
130.915
132.996
133.564
133.518
134.77
134.857
132.611
129.167
132.953
130.605
129.212
132.522
132.303
132.099
131.909
130.394
130.592
128.35
127.803
126.421
127.721
130.426
127.838
126.964
126.021
125.797
126.501
126.616
125.75
123.706
124.283
121.062
122.753
122.333
122.614
121.089
122.138
123.433
126.973
127.318
129.761
128.129
127.958
127.023
129.83
128.777
126.116
125.869
129.181
130.486
128.529
127.015
126.454
124.797
124.912
127.313
126.232
126.661
124.604
122.961
122.945
125.626
126.381
128.183
125.105
125.906
124.307
123.238
126.713
124.436
126.844
126.703
128.588
128.755
128.348
128.047
127.174
130.88
130.037
131.591
132.961
134.503
134.321
135.064
133.622
136.417
134.819
140.02
139.835
137.989
138.078
137.82
135.858
136.58
138.423
140.222
138.07
138.5
137.055
138.018
140.486
139.639
139.361
140.181
139.619
137.203
137.641
135.285
132.94
133.301
134.3
134.233
136.127
136.801
135.335
134.905
135.685
135.603
134.743
132.469
131.327
131.914
132.17
133.872
132.905
133.033
135.515
134.683
134.981
133.813
132.322
134.288
135.701
136.222
137.13
138.466
139.624
138.038
134.987
134.239
132.258
132.05
133.651
132.264
131.303
131.324
131.519
133.104
134.38
136.996
134.922
136.725
135.957
135.735
137.117
140.703
142.25
145.18
145.437
147.918
148.948
151.178
154.144
156.093
157.829
161.775
159.78
163.245
161.807
163.445
165.246
165.487
166.751
168.621
173.523
175.384
174.163
171.954
171.729
168.261
169.07
168.129
167.954
167.204
167.095
169.927
174.668
172.805
172.035
172.325
171.257
170.007
169.248
168.675
169.905
168.988
171.931
173.909
172.647
176.317
175.935
172.556
171.339
169.159
170.88
168.884
173.27
175.667
176.709
181.226
182.774
182.11
178.527
178.18
176.94
177.377
174.788
177.427
178.397
177.988
174.771
176.59
171.526
170.835
167.292
168.153
169.504
168.842
171.406
174.958
176.661
174.294
174.468
174.078
173.33
172.291
170.399
172.687
175.176
176.837
175.056
176.573
171.876
172.467
173.415
173.054
176.917
176.931
174.607
175.588
175.603
175.19
176.106
180.483
184.702
184.286
183.674
185.541
186.622
186.984
186.343
187.025
186.979
187.053
188.268
191.474
192.499
190.547
189.322
187.696
190.712
192.517
188.193
185.496
185.586
181.727
180.847
180.698
184.759
182.191
184.142
179.474
180.973
178.092
175.268
174.831
173.8
173.362
174.955
178.551
178.692
176.653
174.993
175.486
179.78
181.83
181.92
185.812
182.829
183.169
182.351
183.78
185.633
186.114
184.687
182.111
179.274
175.701
170.452
172.267
172.753
169.391
170.06
170.644
172.517
171.009
170.94
168.436
165.143
168.843
166.536
166.028
166.251
166.216
162.874
160.596
159.139
161.263
160.501
160.603
161.153
158.777
155.785
