101.626
103.313
102.99
105.146
105.464
106.057
108.439
108.211
110.969
110.831
110.954
111.756
113.421
113.89
114.039
116.681
117.706
116.01
115.824
116.556
115.325
114.589
117.593
120.791
121.038
118.858
118.768
120.254
123.265
124.624
128.533
127.046
127.918
129.216
128.901
128.145
128.683
131.266
132.483
130.386
131.21
132.865
134.352
134.83
133.19
133.827
133.527
130.419
130.196
130.385
129.655
124.715
128.151
128.275
127.791
126.512
126.295
128.228
129.99
128.253
128.846
130.523
132.538
130.471
129.47
130.471
130.9
127.236
125.037
127.223
126.55
126.313
129.241
127.809
128.565
126.807
128.912
129.078
130.809
129.479
131.728
131.155
130.509
130.1
128.046
131.472
131.091
130.867
129.277
130.823
133.282
132.229
131.106
131.093
131.51
132.505
134.792
134.34
132.203
131.999
134.291
132.678
131.637
128.565
128.601
128.618
126.969
129.551
130.87
127.297
126.709
125.003
125.217
124.825
123.732
124.447
122.847
123.276
122.743
121.77
123.666
123.983
123.752
123.526
124.534
122.017
121.483
121.448
120.594
119.692
120.139
122.646
124.174
123.764
122.657
121.128
121.069
121.865
119.248
120.031
119.973
119.393
119.057
119.461
117.955
115.592
116.362
115.273
114.97
115.401
114.955
115.414
116.642
116.392
118.691
117.143
117.155
117.257
121.301
123.542
124.229
125.297
125.215
123.633
124.153
125.148
124.153
123.419
124.739
123.941
125.285
126.163
126.465
126.134
125.792
127.798
125.745
128.991
128.022
125.954
127.041
129.134
129.534
126.748
126.004
125.832
125.816
125.711
126.144
124.865
126.397
126.861
127.399
128.357
126.818
126.813
126.487
127.16
128.256
130.249
130.434
130.664
130.484
130.989
132.666
133.787
135.716
135.353
136.184
137.991
136.536
138.105
136.479
138.258
136.97
136.391
135.643
131.406
127.854
126.422
127.554
126.936
127.253
127.195
127.305
129.284
129.837
127.56
129.504
128.141
128.661
127.762
127.41
127.395
127.065
125.199
123.26
125.988
124.62
125.159
124.243
122.775
123.317
124.899
125.278
127.441
126.963
127.491
124.805
124.646
124.545
125.744
125.486
124.356
125.181
121.088
123.454
126.859
125.082
126.989
127.582
127.782
127.817
128.276
128.222
127.539
126.369
127.59
126.795
127.001
125.48
124.154
123.576
124.587
124.133
124.324
123.572
121.934
119.358
117.905
118.373
119.716
118.784
121.083
122.644
122.714
121.942
120.35
119.283
120.318
120.518
121.381
120.849
120.752
119.464
116.499
116.056
117.648
118.599
120.292
122.752
123.829
121.544
122.534
124.495
126.199
125.715
124.84
123.921
124.087
125.076
126.411
124.402
125.365
128.108
129.167
127.973
126.235
127.392
126.476
127.75
125.966
125.42
123.979
122.206
120.594
118.448
115.772
120.403
119.354
120.569
117.671
114.924
115.269
115.743
116.813
115.728
116.091
115.608
116.523
114.994
115.723
116.628
119.857
119.015
121.098
121.881
120.701
122.414
120.891
119.647
121.19
122.155
124.157
128.173
126.504
125.709
125.68
124.61
124.467
125.539
126.107
123.621
124.336
124.096
122.534
122.404
122.239
121.124
120.988
121.705
121.702
122.174
120.486
120.424
120.886
122.675
123.974
124.17
123.01
121.854
123.27
124.034
125.509
124.449
127.429
127.128
125.106
125.723
123.671
122.723
121.667
120.617
119.034
118.426
118.388
119.571
118.528
115.493
116.22
114.437
116.793
116.192
115.86
115.905
117.227
115.56
114.204
114.57
115.803
115.499
115.225
115.424
116.322
116.202
116.315
112.719
111.114
112.574
112.191
112.186
111.416
111.772
111.706
112.771
113.627
114.758
114.108
112.243
111.143
110.175
111.515
111.985
112.707
113.822
114.619
115.758
113.757
114.548
115.381
115.169
115.87
115.892
117.628
116.11
117.142
115.765
114.876
115.133
115.497
112.697
112.811
114.323
114.844
114.108
114.631
116.201
114.134
110.801
110.45
111.22
110.894
113.16
109.792
107.629
106.512
105.63
106.717
104.011
103.176
103.977
105.226
104.358
104.044
103.597
104.114
106.646
106.036
107.222
106.814
107.776
106.708
106.286
107.569
105.975
103.589
103.605
103.842
103.363
101.594
102.46
104.55
101.654
101.487
101.474
102.213
101.683
102.138
102.29
100.37
100.442
99.7973
98.4265
97.6687
98.9572
97.4605
95.8516
94.0294
95.1608
93.4816
92.3613
93.8602
92.5223
92.5526
91.6437
91.0694
91.2963
91.3963
93.3434
91.766
94.1186
94.4678
95.1243
97.7635
96.1261
97.7025
96.1528
95.5479
95.8569
94.8539
95.0108
94.5486
92.1388
92.1495
91.4435
89.8199
89.6217
89.2308
89.4022
88.0325
87.536
85.8263
84.4907
83.0397
82.9435
82.677
80.9045
81.1834
81.7561
81.5724
81.0275
81.2248
80.3379
80.2192
80.517
81.4746
82.4437
83.1801
82.8991
82.7921
81.7328
81.0139
81.6683
81.6366
81.5852
82.0443
81.139
81.5375
80.7369
80.3036
80.6698
81.2037
82.884
83.5453
83.9334
82.2248
81.8372
81.3374
81.5522
81.0717
80.0076
79.1741
77.6176
78.051
78.5492
77.896
77.5394
77.3322
77.6105
77.6699
77.1458
76.469
75.9332
77.8481
77.3112
77.8814
79.4284
79.6939
79.557
78.8155
