101.243
102.747
104.519
103.383
103.972
104.343
103.568
104.591
103.626
103.487
104.507
103.565
105.645
106.681
106.31
106.811
107.634
109.806
109.954
110.673
110.897
113.348
113.397
114.93
115.989
115.596
117.148
116.643
116.811
117.034
115.076
112.361
111.588
113.566
113.562
111.997
111.122
111.458
110.722
111.806
112.238
112.449
112.48
110.976
112.285
113.983
112.278
111.52
111.703
111.96
109.725
111.129
112.119
113.617
112.673
112.619
110.476
110.357
109.216
111.048
109.363
108.143
110.862
111.16
110.247
110.354
110.457
110.374
109.454
109.696
110.209
109.915
110.849
108.108
109.621
110.825
112.623
113.044
114.156
112.653
112.02
112.312
112.507
112.71
113.098
115.128
116.401
115.446
114.071
112.74
112.41
112.806
111.275
111.524
113.069
113.322
114.267
114.448
114.724
114.86
114.124
113.692
113.056
109.993
111.444
112.876
110.964
109.292
107.217
108.135
106.607
107.428
108.267
107.929
108.025
109.471
108.344
109.795
109.408
110.098
109.237
109.709
110.936
112.677
113.16
114.992
112.089
113.428
113.708
112.134
111.274
110.894
111.894
112.413
108.418
111.914
113.731
117.183
115.407
113.312
111.894
112.186
111.479
111.479
110.181
109.699
109.047
109.227
110.984
107.711
106.922
106.038
106.249
108.269
108.007
107.313
108.884
109.681
110.972
111.689
109.97
109.186
108.882
107.159
105.561
103.833
101.652
101.852
101.364
102.118
102.423
102.325
101.014
101.287
102.123
101.548
102.158
102.721
102.16
100.946
98.8788
98.9206
101.077
100.745
100.778
100.411
100.394
99.6675
100.454
101.061
99.802
100.067
102.118
102.919
103.168
102.214
100.175
99.9773
100.649
100.669
99.479
99.95
99.1171
99.565
99.3956
96.8842
97.6291
97.6706
97.3606
95.9555
97.913
99.0362
98.5592
97.6849
95.8959
96.9458
97.4138
95.8535
94.9066
92.8518
93.7523
93.2172
92.6798
93.8782
93.8978
92.8759
93.1618
89.7441
91.3613
90.6263
91.3399
91.4656
92.4671
92.3079
92.9929
93.0987
92.6367
93.1429
93.1611
92.5032
92.3615
93.1214
91.9085
93.9947
92.4564
93.8595
92.7061
92.3163
89.8524
89.0319
88.6733
90.5922
89.8781
88.6435
87.7828
89.2418
89.4708
88.7532
89.2051
89.8884
88.6642
89.3472
88.2053
89.0745
89.3283
87.9114
88.3955
88.6315
90.4891
92.4373
94.145
92.7151
93.0147
95.7902
98.5717
99.3928
99.6483
100.875
102.438
102.668
104.191
105.653
104.165
105.209
106.321
106.998
104.538
104.049
103.2
104.462
103.991
102.203
103.01
103.191
104.475
105.581
105.612
104.83
104.854
102.856
102.446
101.667
102.123
101.081
102.458
104.467
105.686
106.83
103.384
104.322
102.59
101.685
103.809
103.468
102.615
103.878
104.066
103.942
104.278
103.852
103.965
102.651
101.913
101.07
102.109
101.501
101.794
103.805
103.205
104.609
104.655
105.136
105.372
106.018
106.947
107.085
106.809
105.123
104.656
107.522
108.488
109.13
110.483
109.168
109.23
107.709
108.27
108.29
107.762
107.66
109.477
110.061
109.723
111.621
112.639
113.143
114.334
116.394
118.445
118.929
116.982
118.008
118.36
118.484
117.836
117.222
117.69
119.176
118.717
117.824
116.478
112.4
113.416
112.444
114.213
113.007
115.293
116.806
119.986
119.065
118.232
117.72
117.047
115.481
114.804
114.464
115.704
117.735
116.997
117.422
119.423
118.075
119.046
120.953
119.4
117.696
116.728
113.742
116.513
120.449
119.556
118.272
120.867
120.664
121.16
120.365
119.272
120.537
119.36
118.749
118.818
120.869
120.683
119.608
119.845
120.544
121.362
122.141
120.635
124.361
123.697
124.124
124.439
123.676
123.485
121.84
122.555
124.1
124.111
126.731
127.731
128.349
125.303
127.38
128.204
129.16
127.924
126.533
126.226
127.414
127.664
127.619
127.452
127.679
130.229
130.176
128.544
127.193
127.61
128.235
129.42
127.906
127.813
128.676
130.773
132.564
131.92
130.201
128.762
129.075
127.393
125.241
122.292
123.982
124.783
128.113
126.735
128.333
126.641
128.926
126.307
126.519
126.607
125.019
125.847
127.284
129.605
130.012
131.254
128.621
129.732
129.82
130.417
131.867
131.85
133.672
132.856
133.673
131.198
132.269
131.198
128.577
131.819
131.13
131.304
130.854
130.298
132.418
135.96
135.317
136.337
133.87
134.661
133.698
133.543
133.668
135.848
136.822
137.575
135.274
134.109
129.354
129.672
127.986
128.661
125.755
127.276
127.178
123.9
124.82
124.29
126.031
126.292
128.179
130.431
130.337
128.549
123.715
120.837
121.682
123.139
123.272
124.452
124.646
124.971
124.286
125.696
125.671
127.81
126.729
129.283
131.331
130.689
131.683
134.447
135.217
134.15
131.328
131.637
131.819
133.237
132.817
133.931
130.806
131.654
134.135
135.093
134.447
138.064
137.482
137.054
134.812
136.644
142.114
142.333
142.477
140.324
141.045
144.037
146.304
144.557
142.348
142.661
144.034
146.076
147.428
147.398
147.248
147.483
149.587
151.49
154.532
155.617
151.961
153.48
152.255
153.747
153.126
153.364
155.026
155.5
151.306
151.181
152.168
151.468
150.165
149.508
148.518
149.617
152.142
