98.3596
98.9435
98.5622
99.6803
100.138
98.9326
99.4904
99.9956
102.492
101.433
101.915
101.028
100.836
100.959
100.697
100.701
103.356
100.335
99.5953
101.651
101.558
101.454
102.206
101.738
100.313
96.6666
99.9271
102.248
102.117
100.294
98.4314
98.2778
96.8533
97.8812
98.7683
96.7347
96.6808
98.5676
99.5946
98.0092
98.5156
96.8511
96.1899
97.4939
97.401
96.4312
96.3191
95.7165
96.1683
94.6118
95.3895
95.5724
95.9843
97.2973
96.3547
95.2698
97.3322
97.6011
96.301
96.0068
94.72
95.3248
93.8102
94.3134
91.4403
92.1007
93.1935
93.153
92.209
93.293
92.0471
91.7099
91.2155
91.4181
92.0758
91.6894
92.4806
94.258
94.8224
96.1468
94.8184
95.5453
94.1177
95.0517
94.563
93.2625
93.1818
93.9665
92.5575
91.7616
92.2317
92.7251
95.0645
96.1163
95.9113
95.4245
97.8746
97.088
99.0851
99.5466
99.7881
98.656
98.259
98.195
99.0359
99.5199
98.9676
98.7279
98.8479
100.473
100.122
99.1745
97.859
98.8894
98.9456
97.1224
97.3572
99.7812
101.2
101.78
101.839
102.684
104.089
104.305
105.235
103.652
102.736
102.075
104.182
103.385
103.106
104.48
102.084
102.362
104.55
106.9
106.392
106.059
105.676
107.782
108.166
106.681
105.637
106.443
107.207
106.268
104.69
104.615
104.721
102.265
100.457
99.0257
99.016
99.4066
98.8782
99.5922
97.8813
96.9616
97.1659
97.0133
94.1541
94.7692
95.971
94.8083
94.9599
97.0011
99.2938
97.8027
96.9982
94.1825
95.9987
95.5167
97.617
98.1965
96.4925
94.4657
93.7791
92.6227
91.5594
92.0279
93.5699
93.4558
95.355
96.1495
96.5606
96.9906
95.2133
95.754
95.6646
96.8505
96.0276
97.3939
97.8079
97.747
95.4129
93.932
94.1132
93.8691
93.1522
94.0096
93.9314
93.5573
93.2192
93.5126
94.2752
93.4621
93.3368
92.9769
91.9732
92.9611
93.5391
93.7334
95.7308
96.3116
98.1241
99.2258
99.278
97.9775
99.5472
99.3649
98.1217
97.4632
97.1874
97.5941
97.7845
98.6468
98.4073
99.3262
101.013
100.867
99.8189
99.6387
97.8948
97.1219
97.1884
97.3408
96.6865
97.4622
98.1305
97.0133
98.0338
98.3005
96.6978
97.3902
98.124
97.7756
96.683
95.1966
94.8118
94.166
93.9684
95.9494
94.6471
92.7355
91.8307
90.2367
91.9582
93.8579
94.6041
92.1006
91.443
92.2862
93.5594
94.1172
94.2238
92.7067
91.8661
92.0306
92.0643
93.353
92.4215
91.7223
92.8577
91.9873
92.0713
89.45
88.2018
88.1979
88.4415
88.4953
90.3008
89.1483
88.8628
88.0912
91.1069
91.4364
92.7772
92.9242
92.8283
93.3635
91.8946
93.6816
95.859
95.7041
94.5818
92.4076
90.41
92.3247
91.2485
92.4492
92.9047
91.8788
90.1685
90.9607
92.4804
92.4717
93.5882
93.6633
93.3622
91.1611
90.0032
88.1606
87.1784
85.8637
86.15
85.9932
85.3878
86.068
85.5362
86.6149
86.2818
86.1963
87.6198
86.1425
85.637
85.0712
83.2627
80.8726
80.4629
78.5673
77.3495
76.4138
75.0072
74.1822
74.7097
76.7377
77.5957
77.2821
77.4767
77.3262
76.5442
75.9906
76.3149
78.4653
78.5048
78.1467
77.9411
76.9433
75.5462
74.8499
77.0799
76.9807
75.3693
74.3606
72.6794
73.4459
75.5682
74.8211
73.8441
74.1291
74.1418
74.6866
75.2705
74.6303
73.9548
73.3219
73.7402
72.0161
70.9362
70.3803
69.3871
70.5008
68.8914
70.2566
71.1865
71.4158
72.1591
72.3259
70.3732
70.8426
71.1426
71.4377
73.7905
73.7929
73.681
75.0513
75.3672
75.1218
74.4734
75.1268
74.9532
73.2303
73.2318
74.7233
74.1411
74.8645
74.6712
75.6673
74.6325
74.3007
75.0945
76.6141
74.733
73.9955
75.7963
75.623
76.0382
76.232
75.0404
76.1979
76.437
77.5681
77.1018
77.1171
76.501
75.1554
74.5181
75.2487
75.2307
74.947
75.1663
76.2999
75.1449
74.8828
75.8852
77.5319
78.0321
78.1184
78.4783
78.2776
77.4695
78.1186
79.2721
81.0097
79.0235
78.4736
77.6582
78.4383
79.652
80.7449
79.5417
80.497
81.0603
80.9346
80.689
82.2024
83.1798
82.2925
81.5108
80.2813
80.0051
79.5381
80.1731
81.1879
81.2416
79.4125
79.5908
79.7633
79.2701
79.3623
80.6294
79.6375
78.3338
77.8815
76.4638
76.5867
76.1735
75.9845
74.5415
74.7732
74.6338
73.866
73.0415
72.9075
72.8338
72.5351
71.5577
71.0976
69.6529
69.6975
70.377
70.1195
71.256
70.5004
70.6898
70.1401
69.8702
70.5332
69.9543
70.2015
68.9648
69.3918
68.3007
69.3188
67.8104
68.9606
69.9908
68.6903
67.7603
66.6425
65.496
67.0317
67.1759
67.3367
66.6624
66.3159
67.1207
67.9094
68.3598
68.1508
67.8554
67.7062
68.9173
68.7647
68.133
68.0971
66.8087
66.2316
65.6678
66.4398
66.0775
65.233
64.7046
64.6647
65.0168
67.0218
67.814
68.9539
69.7616
71.4025
71.7635
72.4142
72.0771
72.5988
73.8062
73.8433
74.2124
74.224
76.4018
76.7243
77.7791
77.993
77.6145
78.585
78.8228
80.0902
80.7602
79.5498
78.929
80.0652
79.8288
79.3156
81.0316
81.12
79.1776
79.7529
80.8229
82.6084
82.8966
82.1733
83.4266
83.9152
85.3041
84.6318
86.78
85.9885
85.1998
83.934
83.5153
84.7916
85.205
85.3882
84.7792
83.5132
82.6352
81.6405
81.832
81.9552
81.8798
82.5376
81.7203
82.1991
81.0052
78.0345
76.1718
76.1486
75.9205
76.1393
77.8217
79.2547
78.712
79.0079
78.7352
76.9976
78.5783
77.8849
77.3506
77.1971
76.7614
74.6931
