100.791
99.633
98.0515
98.0797
97.9859
98.8976
97.1959
97.3825
95.6111
95.3835
97.8147
98.0584
98.9677
97.7372
96.6171
95.7256
92.1971
92.5422
94.6647
96.087
95.5078
96.8768
96.0922
95.7421
95.5063
95.0273
95.8844
95.7515
96.8294
99.9875
98.2898
99.7302
100.368
101.021
99.2795
98.4271
101.392
101.437
100.135
102.957
102.4
100.679
101.133
99.8957
99.9024
100.214
98.924
96.944
96.7078
97.7015
95.9235
96.9327
96.4663
94.4614
94.7669
94.0371
94.1109
92.565
92.0165
91.8813
93.4891
94.4177
93.5533
92.7106
90.9903
91.3113
91.6542
92.4463
92.3632
93.2145
94.3636
94.1072
92.3844
92.6655
92.9795
94.4639
95.8134
94.9582
93.0077
94.5034
93.9637
93.0933
92.8058
92.9394
94.2866
93.0363
92.0018
92.5059
91.7222
91.5776
91.3008
90.274
90.8742
91.0522
91.1487
92.7007
92.8159
91.5971
92.3693
90.9562
89.5245
91.5858
90.6791
89.947
88.3602
87.3655
86.6523
87.0742
85.7506
86.3474
85.5338
85.3351
85.8415
86.7784
86.1486
87.0149
84.6957
84.2797
84.4519
83.8055
82.2349
81.8006
79.6719
77.4803
78.7564
77.8275
78.5568
78.0248
76.8981
75.4118
75.1416
76.224
74.2625
72.9214
72.5472
73.1048
69.9188
70.4221
70.5765
70.5882
70.5423
69.4682
68.6551
70.729
69.6935
68.8639
67.0285
68.5459
68.5297
67.7126
66.4061
66.64
66.2277
67.2495
68.3262
69.2389
69.2187
69.3098
71.6617
72.6486
72.4548
72.7855
72.7052
72.7559
71.9051
69.7314
70.0147
69.5585
69.7765
70.1663
70.1946
69.9089
68.7228
69.0794
69.6349
68.5435
68.2704
68.8261
68.7976
68.4899
69.2072
68.6806
67.6928
67.8883
67.7926
68.4995
69.4539
71.3461
70.0817
69.2423
69.5372
69.1311
69.5214
68.9336
68.9032
69.1125
68.9861
68.215
67.6343
67.168
66.7456
66.3004
66.2355
66.4868
64.7828
64.3951
63.1424
63.3935
63.8404
64.8206
65.3049
65.3915
64.5951
65.433
64.2567
63.944
63.3175
63.9824
63.949
63.6544
64.214
63.601
63.2818
62.7793
63.2264
63.0921
64.2337
64.5105
64.8521
63.3655
62.5623
62.6214
61.5896
60.8275
60.9249
60.7974
60.0959
60.0916
59.5208
60.6881
60.5449
59.7311
61.0496
62.0999
61.278
60.7048
60.835
61.7732
62.8595
63.1561
63.7835
64.6726
64.693
66.518
66.0829
66.2466
66.1323
67.0278
68.0813
67.3879
67.6317
69.173
69.0629
69.0412
68.6356
68.9121
68.4098
68.7971
68.9187
68.2748
67.6124
67.3228
67.5337
66.6199
67.7942
67.6492
70.1054
70.8724
71.1718
71.96
70.992
71.182
70.5971
69.9342
70.3656
70.5455
70.9856
70.8602
70.2435
71.4467
72.3647
72.8343
72.8129
76.1208
74.84
73.5879
73.6697
75.3625
76.01
76.1423
76.3335
77.2887
76.9701
76.922
75.7988
77.281
78.6557
77.9911
77.2594
78.9116
79.2666
80.1155
80.1586
80.1113
78.0484
79.3737
80.3819
81.4881
81.584
80.8383
80.4205
80.8182
80.7642
80.8322
78.9322
80.9481
80.5738
79.9583
80.919
80.5339
80.7855
79.7202
79.0335
78.1377
77.6301
78.7405
79.0681
79.7184
78.5753
77.8707
78.693
78.805
77.7198
77.594
77.704
77.8591
79.1575
80.1414
79.9205
80.2078
79.3015
79.2708
77.3495
75.8753
76.9659
77.8289
79.1926
78.817
78.3824
77.0524
77.8113
77.2261
78.4935
76.7787
77.0501
74.9852
74.509
74.6886
74.2702
74.0903
73.3782
73.0817
73.1884
73.614
73.2049
73.7382
73.1636
71.647
72.611
73.1407
74.4022
75.4702
75.3527
75.4535
75.3613
74.0707
75.0482
75.2985
74.141
73.6338
74.3986
74.9688
74.0671
73.6872
73.2984
73.2174
72.1977
72.2304
72.543
72.4314
73.592
74.1412
74.5833
74.4879
72.6526
72.6421
73.4586
73.3135
72.646
72.3914
73.5284
74.4228
72.937
71.2316
73.1154
71.8571
71.8781
71.9115
71.1457
70.825
70.9519
71.4659
70.3544
71.0997
69.933
70.6315
70.7978
72.5586
72.8994
72.1336
71.0602
71.7618
71.7436
69.7434
70.0887
69.5252
68.3798
68.3311
66.9522
65.4336
65.1934
64.2896
64.371
64.5042
64.5014
64.6635
63.7946
64.5966
64.9521
64.9907
63.2829
63.4848
63.6899
63.0852
63.734
63.3452
63.9204
63.4381
63.3424
63.5978
63.6069
64.6863
64.4925
64.0181
63.6519
61.5396
62.9714
62.1914
62.5028
61.9599
62.97
62.7035
63.3534
63.0396
62.8292
63.4131
63.7889
62.3821
61.93
61.7509
61.8807
61.9431
62.5627
62.5304
62.6704
62.9908
62.3871
63.4051
64.6856
63.5072
64.4209
66.0322
67.0577
67.1017
67.3381
68.7255
69.8458
68.5766
67.8201
66.9714
66.1345
66.0333
65.4358
65.1816
65.1084
64.4018
64.9424
65.8015
66.8855
67.2445
68.3136
69.6734
70.5549
69.7828
69.9231
67.3452
67.4299
68.1383
67.8018
67.4796
67.9977
68.3832
69.949
70.234
69.9633
70.7341
70.8579
69.6085
69.7791
69.221
69.4029
71.0437
72.0711
72.7127
72.0156
73.1649
73.3491
73.5604
72.4765
72.3099
73.231
74.1378
74.3315
73.6799
73.2361
73.707
73.2748
72.4755
71.7794
69.9598
71.1457
71.1761
71.7045
72.0061
73.4773
72.4575
73.3708
73.0026
72.6501
73.156
72.6621
73.1576
70.9962
68.5569
68.4726
68.6962
71.1089
70.4101
70.392
70.0472
69.374
69.3464
68.7639
67.9843
67.902
67.5428
66.9782
66.9524
66.1448
66.5207
65.9077
66.0627
66.254
65.7177
65.7873
65.9303
65.3673
66.2236
66.2261
65.9581
66.2
65.8087
66.5889
65.9849
66.2478
66.5928
68.4363
67.5442
66.7465
64.9048
