101.569
103.075
101.989
101.983
99.9835
98.9177
99.2504
100.244
102.561
100.528
100.333
98.2441
97.4943
97.7959
98.0828
96.8252
94.2669
95.728
96.4487
95.359
94.1733
95.4091
95.0555
92.8398
91.5423
91.7773
92.7216
93.9277
92.6125
93.0038
93.8957
93.5636
91.9901
92.7941
93.4195
94.584
93.8067
94.9574
96.3805
98.1417
97.7632
97.2675
96.4363
97.7748
99.3361
100.331
99.7473
99.4574
98.6399
97.189
96.8426
97.9332
99.8743
98.7843
96.3431
95.9497
96.6949
98.8354
97.6766
96.8413
94.4162
93.8679
93.1454
93.3053
93.2605
92.3737
94.6632
93.8486
93.8304
93.8846
95.0114
92.9182
93.9965
94.3778
94.241
94.6621
92.3908
92.538
91.2754
90.1644
90.8058
93.4452
94.4603
94.8523
95.6515
95.4736
94.7298
93.8628
95.1209
95.3087
96.8922
97.5444
98.4171
98.2174
99.1975
99.6956
100.231
99.6182
100.813
98.9159
98.6594
99.6737
101.179
99.6414
97.9342
95.9159
95.8948
93.8939
95.5395
94.8191
94.0763
93.9928
94.8739
97.0632
97.2476
97.2067
97.2006
99.8833
100.872
102.601
103.767
104.95
104.385
104.838
104.372
104.474
104.712
101.872
101.621
100.41
100.017
100.223
101.028
101.38
102.416
103.286
103.739
105.693
105.897
106.199
105.164
104.514
103.944
101.656
101.479
101.468
101.529
101.326
102.145
101.742
101.796
100.888
98.663
99.3296
98.5776
98.6365
100.19
99.3775
100.441
97.6886
98.1586
96.6785
97.819
98.9658
100.227
101.052
99.9275
98.6761
99.3289
99.8751
100.914
103.303
104.181
104.962
106.814
108.952
110.479
109.916
111.087
111.059
110.837
107.268
104.756
103.781
104.523
104.873
106.594
106.102
107.124
106.183
107.21
107.922
106.607
105.883
104.316
105.189
104.937
106.09
104.253
105.305
107.563
105.99
106.974
106.28
107.698
107.645
106.491
103.864
104.275
104.585
104.83
105.127
104.026
104.061
103.982
102.946
100.607
102.35
102.645
101.75
101.596
103.221
101.5
99.5724
97.4565
96.6981
97.6566
98.3152
99.1128
100.017
98.0414
98.6258
100.338
100.151
100.622
103.049
103.744
103.192
101.484
101.032
99.8076
101.602
101.192
101.655
101.019
99.7283
98.9272
98.7519
97.6131
97.366
96.1447
95.2811
95.2595
95.0937
96.0618
98.0865
97.5083
96.391
97.2034
97.8912
97.6318
95.721
97.207
95.5551
95.8858
94.8197
94.1313
93.4945
92.3499
91.7695
91.3189
91.1116
91.8756
91.837
91.6258
91.3138
90.2819
89.8532
88.8897
89.1008
90.0517
89.8744
92.1017
90.0913
89.2784
89.8913
89.594
89.3833
89.4206
90.5128
90.8303
90.0039
89.9687
89.6481
89.4238
87.962
87.3275
88.7798
88.4074
88.7468
88.8036
89.7345
89.4445
89.2421
87.8751
88.1907
87.4649
88.8295
88.5367
88.3099
86.9395
87.3271
87.7003
85.7785
86.0495
86.0265
85.7895
86.5859
88.1112
88.5991
87.0228
85.0895
84.842
83.8208
82.6652
80.7452
80.4019
78.4258
77.0363
79.8096
78.9803
79.831
80.0394
78.2337
77.5466
77.2353
76.2668
76.3855
76.5086
76.4319
76.3193
77.6973
78.027
77.1407
79.1232
81.0368
80.6958
80.2077
81.969
83.4224
85.6178
87.4234
87.9204
86.8239
87.629
88.0019
87.7535
87.1206
86.0537
86.457
88.8561
88.0491
88.0033
88.0457
88.6113
89.8602
91.0819
89.4414
89.8618
89.5286
88.5867
90.5029
90.4526
90.9469
93.6264
95.3849
95.4369
95.4838
97.1384
97.0468
99.8519
101.53
99.1136
97.7342
99.2635
98.406
97.4638
96.5235
97.2125
96.1483
97.6606
96.6501
97.9866
97.8791
97.8965
97.5934
98.5167
99.8262
101.946
101.426
103.431
103.778
104.148
105.2
104.269
106.068
103.903
103.911
103.879
103.906
103.203
102.315
100.336
100.575
99.6996
100.766
99.3496
100.786
99.6043
97.5407
99.8498
102.019
101.541
103.394
103.914
100.559
100.208
99.9063
99.4227
100.708
101.638
100.425
99.7546
99.7574
99.0966
100.269
99.2541
100.893
99.966
101.822
101.6
101.116
99.7113
102.02
101.971
102.739
102.045
103.08
103.349
102.619
102.795
104.122
103.257
104.722
104.92
103.718
105.581
104.688
107.05
107.434
106.725
104.815
102.407
103.508
103.732
103.98
106.157
106.493
104.012
104.107
103.848
105.318
104.679
104.549
104.165
105.076
105.098
103.56
103.07
102.043
102.696
99.4626
97.9568
95.9839
95.0037
94.5974
96.8428
96.7779
96.9802
97.9704
97.256
95.8155
96.0919
94.3425
94.452
94.0087
95.4083
97.1012
97.8712
97.0988
98.2862
98.3705
96.4383
95.1146
95.0093
95.7314
96.0788
95.8864
95.5901
94.6599
96.8685
97.2571
98.5464
98.5401
98.9241
100.083
100.975
101.786
102.595
100.87
101.011
100.934
103.274
104.2
103.686
105.187
103.089
103.566
102.003
102.216
102.753
104.473
100.785
99.0008
99.3783
102.805
103.986
104.376
102.682
105.084
103.227
103.293
102.677
103.272
103.806
101.315
101.135
100.716
102.757
102.846
100.882
101.297
100.617
101.687
103.148
103.913
105.462
103.884
103.458
101.747
101.458
101.006
103.82
103.316
103.359
103.105
101.894
100.264
98.4423
96.3507
94.2588
95.8821
98.1623
100.427
100.189
101.255
103.643
105.194
103.667
102.581
105.02
105.853
105.224
104.309
104.477
106.549
105.19
104.313
104.877
107.327
106.936
108.433
109.96
110.824
109.844
109.654
109.802
108.726
107.3
107.38
