99.2798
99.739
98.1742
95.4043
95.0319
92.9511
94.5268
94.5358
94.5152
95.0378
96.226
96.7795
95.7711
95.9183
95.9954
95.9635
96.127
95.4837
95.5712
95.0152
91.5768
89.6018
91.2808
91.2755
91.643
91.6951
88.6354
89.2921
89.8839
89.452
88.8796
89.4071
88.8844
87.6312
87.3101
87.6097
87.2718
87.4001
87.5224
87.2389
85.6108
86.4558
86.6714
84.9961
86.4058
86.2261
86.5493
84.3785
85.1186
85.1242
84.5282
85.7824
84.8725
85.2223
84.439
83.9241
84.4482
83.8084
83.5581
85.3296
88.4089
89.6615
90.506
92.5695
92.1281
91.0839
91.9484
91.2618
90.1441
89.5333
87.0701
86.9351
86.0585
86.2546
87.5801
87.2313
87.4183
87.402
87.578
88.5023
89.0214
90.4201
89.4922
89.6151
90.6502
91.7123
89.9719
88.8467
87.5881
88.4991
89.6466
89.8396
88.7397
91.2567
91.7676
92.9192
93.5976
94.7464
94.5814
94.6994
97.2755
99.6905
98.2276
99.0789
97.3113
99.4963
99.5309
99.78
100.895
104.391
108.175
107.725
110.556
110.231
110.546
109.537
111.108
109.252
109.07
108.383
108.873
108.912
108.762
107.118
107.095
108.68
109.636
111.394
111.678
110.224
109.995
110.791
109.943
109.185
110.353
108.659
108.663
107.356
106.326
105.544
105.36
105.826
107.963
108.049
105.981
104.825
107.314
106.671
106.399
107.434
105.929
105.597
105.401
107.186
108.464
109.312
109.067
109.202
109.712
108.979
109.209
107.338
106.857
107.238
106.819
106.987
104.863
106.142
107.45
106.566
105.251
103.178
101.879
102.774
102.697
100.695
100.921
103.099
102.266
103.921
104.539
103.521
101.831
100.782
99.8571
101.399
102.041
103.128
103.815
100.626
101.639
104.164
104.621
104.56
107.35
107.821
107.342
106.139
108.854
106.824
108.905
105.974
105.22
103.779
102.996
103.044
102.177
99.9321
98.1672
96.3392
95.0888
95.5932
92.1165
90.1803
89.803
90.6877
91.6127
90.8864
92.2475
91.2175
90.0415
90.4848
91.1659
93.3882
92.1678
93.2174
93.351
93.0204
93.8996
96.4766
94.2445
93.444
92.2395
92.6218
94.5696
92.5332
91.3535
89.926
89.9754
90.6835
93.5623
93.7381
93.6793
94.1032
94.0584
94.206
94.7793
96.5434
98.7752
98.7503
97.9883
99.1516
98.8309
97.6002
97.6318
98.7854
99.9133
100.664
99.7294
99.6261
99.3475
96.8434
98.595
95.353
95.1871
94.0639
94.6989
97.1085
93.7998
92.4798
93.6233
91.2094
91.2943
89.7041
90.31
89.0187
89.526
89.8137
88.3893
88.714
86.1195
85.7144
86.0191
86.4102
86.134
85.9574
85.9067
85.7131
86.7707
86.7145
85.2011
84.3435
84.5795
83.3407
81.3833
81.0623
81.1084
81.9209
83.5269
84.8699
84.5732
84.6675
83.585
84.8655
87.3066
86.7767
85.1801
85.0721
83.3774
83.5909
84.0228
86.1917
85.6708
85.5554
84.9546
85.5353
85.1522
85.4209
86.6983
87.4396
89.1775
90.7318
91.4902
89.8618
87.7257
87.8436
89.6558
89.7852
89.5971
88.7565
89.6101
90.3335
88.4792
87.3485
86.8493
86.7474
87.2992
87.5335
88.2999
86.7854
86.8551
87.1686
86.2342
85.2874
84.4359
85.3371
83.8521
82.3518
82.2923
81.9965
80.5027
83.512
83.2221
83.1579
82.2609
83.7655
85.2642
85.2086
84.8789
84.4783
83.4956
82.0044
81.1694
81.4237
80.1213
79.2139
78.1908
78.3629
77.2238
76.9243
77.256
77.2342
76.4939
76.3295
77.2915
76.0735
75.0008
75.9007
76.7218
74.0923
73.1734
73.6081
72.4581
72.9812
73.6802
74.186
73.0246
73.7438
73.7677
72.6279
72.0826
71.6491
72.7848
72.9381
71.2657
70.2974
70.2338
68.4947
68.1716
67.3282
67.7652
65.2116
66.3808
66.5568
67.8581
66.0935
65.0144
64.1871
64.1667
64.9759
63.4948
62.6708
63.2334
62.9568
63.5786
63.6801
64.2476
65.0216
65.2049
64.8565
64.848
63.3291
63.6034
64.6138
63.8789
63.62
64.1585
63.6579
63.0339
63.1316
62.2596
62.371
60.0978
60.9428
60.3456
60.0196
59.8302
60.6436
61.1779
61.5402
62.4579
62.8001
61.7704
62.2386
60.9668
60.4473
60.8937
60.3085
59.8969
59.5165
58.7765
58.8491
59.7648
59.5871
59.3164
58.6391
58.6322
59.4834
59.7622
60.6488
62.575
63.9214
62.4211
62.1776
62.6832
62.7686
63.2931
62.4335
62.4008
62.6687
62.1974
63.1383
61.9736
61.3794
60.7135
59.7458
59.8036
58.0019
58.9308
59.0146
59.8797
60.5347
60.3478
59.744
59.8606
59.3536
58.87
58.1998
57.7835
58.4632
59.4908
59.1633
59.2975
60.2504
59.8144
60.121
59.4132
59.2653
59.6171
59.8094
61.0044
60.8253
61.9953
62.6672
62.9023
62.5203
61.4589
61.4106
61.0132
60.5322
60.2203
61.1791
60.7346
60.4346
59.9467
59.4572
59.1219
58.4312
59.2204
58.3291
58.1548
58.649
59.1608
58.688
57.8119
56.7424
56.3194
57.4112
58.9824
59.7944
60.4058
60.1413
61.2615
61.42
61.1898
60.9193
59.8925
60.5998
60.2811
60.5562
59.7403
60.9847
60.8494
60.2727
60.2088
60.7045
61.3038
62.2982
62.7158
61.8486
60.4578
60.1167
60.9301
60.3751
60.7609
62.5222
61.5362
61.335
61.9371
62.6029
63.2154
63.0164
63.6694
64.2165
64.3222
64.2953
64.86
65.1529
64.2184
64.3237
64.8843
66.4427
66.4528
65.8847
65.5018
65.6734
64.9691
64.1061
63.4235
63.7854
64.2084
63.2501
62.972
63.4008
62.6189
63.4626
63.2024
61.1678
61.5315
61.2453
60.9164
60.6001
59.8915
60.0206
59.6318
59.6163
60.3734
59.2115
58.4499
58.6004
