99.2753
97.9999
98.3336
98.8279
97.5175
97.4991
96.3313
96.4721
95.6526
96.0166
97.6449
98.312
98.9994
100.158
101.303
99.8839
100.203
99.1272
96.2796
95.8874
95.6875
95.464
96.4385
96.6977
97.6662
100.497
100.467
102.672
102.38
104.141
103.511
101.605
101.027
100.416
100.18
100.029
99.0644
98.2115
98.7435
99.0361
98.2306
95.9739
97.3323
98.7279
95.8598
94.1911
94.6856
94.1736
94.7255
93.859
96.2833
95.4008
97.2179
96.1422
95.4247
95.8629
96.4719
96.4451
95.7876
94.6091
96.5681
96.3579
97.3246
95.6646
95.9422
95.778
95.0978
93.2558
92.4097
92.2332
93.5535
93.0373
93.3588
95.0457
96.6475
98.3214
97.0067
96.0456
94.7508
95.3942
93.9256
93.5642
94.5936
95.5115
95.1666
94.8438
92.9417
93.8411
93.1803
93.7797
94.311
95.7122
95.6023
95.4419
95.4824
95.7413
94.6067
93.001
94.3716
93.7534
92.5808
92.5914
93.3731
93.8802
93.7525
94.4553
96.7199
98.8962
101.176
100.719
100.302
99.7644
99.107
99.1463
99.0344
98.2209
99.6114
97.6199
98.0001
97.4914
95.049
93.9712
94.6523
93.4041
91.735
90.5229
90.7237
92.2587
92.4498
91.6646
92.6579
91.4559
90.6758
91.3084
89.9341
90.4767
88.9064
90.0822
92.1693
91.9996
91.3773
91.5592
90.7955
88.9521
88.0648
88.3978
87.5511
87.2521
87.2595
87.7452
86.6935
85.6955
85.6929
86.2889
86.0621
86.3687
86.9304
88.7179
90.0478
89.1273
86.5847
87.3916
88.1938
88.6358
88.2586
88.8808
89.2134
86.9176
84.7382
83.4451
84.4062
84.9009
82.2315
83.4917
83.4244
83.2794
85.974
85.9002
85.4977
84.5299
83.0967
82.5753
83.6786
83.7936
83.4923
84.7172
84.5803
86.6465
85.9908
85.1887
85.7687
85.1344
83.3795
82.8266
83.5135
84.3098
84.1425
84.9803
87.0657
85.0371
86.3125
85.0383
85.28
84.975
85.9748
85.7484
84.2741
84.4668
85.3758
85.6948
84.6388
83.1161
82.5297
81.4477
80.7294
83.5711
84.3459
83.6687
83.8198
84.1507
84.4978
82.8655
81.9174
81.7488
81.3924
80.5723
80.7651
80.2081
78.8846
79.3458
79.7776
82.3513
80.5016
80.8606
81.4252
79.3481
79.4162
79.1027
78.4808
80.8173
80.1549
78.5164
76.7124
77.3145
76.5662
77.2405
75.0785
74.5193
74.7363
75.7148
76.9209
78.6643
78.278
78.7076
78.0337
76.6719
76.2818
77.7045
77.6422
78.2671
78.529
78.7091
79.8796
79.5422
79.9453
80.6296
81.2395
81.9168
82.9978
82.6236
84.8372
85.154
85.6019
84.7022
84.7061
84.218
83.1255
84.996
83.3938
81.0576
80.7425
82.4489
82.6935
82.9156
84.6552
85.8445
86.7909
87.425
86.6493
87.7115
88.5849
89.1993
89.9767
90.9301
92.4122
93.2673
91.3962
90.8768
90.2745
90.6548
91.6971
91.0122
90.5494
90.3387
90.1675
89.6841
87.9384
88.1682
87.8718
89.2189
90.6942
90.2357
89.9405
89.954
89.5987
88.5527
88.2411
86.2911
86.3036
86.5615
88.3127
86.7378
85.5311
85.1135
83.4029
85.3791
84.2873
85.7045
86.7435
89.4023
88.578
87.5588
87.0148
88.985
89.4141
88.941
91.5009
90.0953
89.9751
89.8459
89.5653
90.0584
91.5188
92.3957
94.5053
94.7068
93.5868
94.762
93.7312
95.4957
94.8101
94.9197
95.5477
96.3067
98.9228
100.192
100.423
103.492
103.446
103.359
103.644
103.551
103.178
103.297
104.267
105.579
106.797
106.367
108.426
108.016
108.627
109.527
110.834
109.942
108.91
106.624
105.522
105.282
104.947
104.961
105.586
104.577
105.565
105.987
107.042
108.699
111.598
111.047
109.931
110.144
108.896
109.406
107.34
106.104
105.973
104.079
102.588
102.892
102.591
102.473
102.177
101.069
99.4327
97.9712
98.9488
100.72
100.198
102.92
103.303
102.906
100.069
99.7902
100.441
99.7242
97.8109
98.9604
100.66
100.033
100.757
100.346
100.81
100.723
100.288
101.131
101.461
100.097
101.916
100.288
102.368
103.417
102.622
101.583
102.895
102.031
100.627
99.9422
100.875
100.758
99.5565
100.108
100.796
101.363
102.752
102.825
100.966
99.7894
98.3335
100.008
97.577
98.0117
100.313
98.8321
100.676
100.269
100.128
101.105
102.62
102.685
102.089
101.751
100.81
101.473
99.8454
101.543
102.805
103.424
104.618
105.385
105.589
101.492
102.086
100.245
99.6557
99.4657
97.6361
98.1739
96.729
97.2843
96.6609
95.6504
95.6759
94.7304
94.8212
93.8332
92.4025
92.8934
93.9307
94.886
96.6418
95.6234
93.6643
93.8565
94.375
93.1087
93.724
91.4659
91.002
91.4307
90.8463
88.5483
86.4998
86.2608
86.5772
86.0497
86.1532
85.2565
85.4673
85.2641
84.4977
83.4281
84.5697
84.404
83.7481
84.3721
86.0041
83.5379
81.2387
82.3027
80.5595
81.9625
81.272
81.2907
80.9095
81.1109
81.0778
80.9394
80.4442
79.7071
79.8617
77.139
76.4111
74.7766
74.0033
74.0167
74.4296
74.5182
75.4198
75.0275
75.9886
77.1698
76.621
77.2863
78.4777
78.6895
78.4884
78.4411
77.7402
79.2614
78.5408
77.5691
77.0016
75.3837
75.6611
74.2527
74.756
75.3137
73.8239
72.4538
73.4667
72.528
72.0206
72.8531
74.0508
75.0772
74.1398
73.2895
74.3198
74.7156
76.5388
76.793
76.1893
75.9347
76.2263
76.9209
76.7576
76.9702
76.4575
75.3631
75.2581
76.2437
75.7742
76.4169
74.9187
74.6739
74.4566
74.747
74.8063
76.0852
77.9731
77.247
77.8538
80.0744
81.2916
82.7394
81.3662
81.3752
81.0753
82.2812
83.1052
85.6207
