99.1133
98.4631
101.04
101.739
100.498
99.2968
99.8997
100.01
100.704
102.743
103.873
104.134
103.975
104.181
105.005
103.559
103.675
102.975
104.796
103.61
102.643
101.526
102.008
101.055
102.594
101.964
102.582
102.128
100.457
98.1364
97.6075
95.1015
94.0793
95.3513
93.6773
96.8025
98.2944
96.8306
96.9622
97.6898
97.8267
99.0105
96.6815
95.6896
96.5329
95.2018
92.8895
91.8508
91.8241
93.4476
91.5576
90.3542
90.5883
88.4964
87.9986
88.6782
89.5388
90.8993
92.257
92.1644
91.058
92.2968
95.0161
96.6143
95.0869
96.1263
96.0047
94.4589
92.896
92.8901
93.6806
92.7537
92.3948
92.5599
92.8993
93.352
93.5025
92.3859
93.1542
94.6128
91.9205
91.8952
91.9237
94.2803
96.1543
96.2792
95.604
96.0901
96.1636
97.8199
97.1124
96.9916
96.0092
95.5646
94.9159
95.6703
93.4345
92.9614
93.1961
93.0912
93.2011
95.0441
95.7711
95.5745
96.6244
94.4273
94.8975
94.1127
95.9753
96.0262
95.9273
94.7042
93.8964
94.5883
95.9526
95.5821
95.4218
95.3401
96.0086
95.4217
95.1608
95.4694
93.6872
95.5559
94.2697
93.8832
96.4216
96.5412
96.2382
96.2889
95.914
95.343
95.2867
97.5865
98.4649
100.624
99.8026
101.836
99.0338
98.9613
100.343
99.0764
96.8024
95.0142
94.4668
94.265
94.5092
93.3399
94.4963
93.0308
93.0024
93.7126
93.4851
92.7111
94.0303
93.2767
91.2718
91.9836
92.323
94.6104
95.5147
94.3949
94.254
93.8741
93.2319
92.3336
92.98
93.5914
92.9002
95.1038
94.1021
94.0982
96.3631
96.4135
96.5374
97.8606
96.0064
96.8437
95.9286
97.4332
97.8722
98.1252
99.2765
100.78
101.236
101.355
101.714
99.9909
99.2127
99.9669
99.2968
98.169
98.5559
96.0646
97.962
98.7405
100.072
100.007
100.24
101.105
101.043
98.8286
97.4879
97.7471
96.2066
94.4737
95.2229
95.027
95.3301
95.7835
95.9116
95.4172
96.0469
96.4576
95.3606
96.29
94.5557
93.1919
93.0828
94.6257
96.142
95.3982
94.7954
93.8713
93.5059
94.1879
93.4644
93.3447
93.5154
94.7646
94.1788
94.7085
93.53
94.7452
94.2826
94.2393
92.9752
91.0847
90.6612
87.6834
86.8033
85.1731
84.9987
84.9064
86.216
85.4219
84.6813
84.461
85.1276
85.7626
87.0938
87.333
88.6976
89.3441
89.534
90.768
88.0153
86.1531
86.4781
86.6455
85.7788
85.5426
85.5177
86.3099
85.9291
85.9467
87.2788
87.5746
89.3206
89.5745
90.0007
89.518
89.6042
88.3207
88.7043
89.7349
90.5148
88.0356
86.8985
84.4709
82.0474
81.4862
81.3924
81.1062
80.9279
80.0666
80.5047
82.6351
83.3059
83.7142
83.5341
83.2903
81.1006
80.9508
79.8972
79.9983
80.1691
80.09
79.3927
77.3312
76.9941
77.2571
76.8948
75.7698
76.9344
78.5577
78.8344
78.8381
79.1713
80.2389
80.0484
78.8553
80.4372
81.3908
82.4831
84.0821
84.0232
84.5466
82.8006
82.1659
81.6019
82.4652
82.3586
81.7234
81.8858
81.9825
82.8005
83.2248
84.3263
84.4193
86.0184
85.3443
84.7164
83.4513
83.1581
83.7729
84.4462
85.0785
84.3237
84.5988
86.0107
87.4298
86.4301
85.9928
85.0789
85.1263
84.7152
84.9033
86.9113
88.0025
88.349
87.8043
88.1873
88.972
88.5079
85.2466
84.0327
85.2628
85.3422
85.0567
85.3645
84.53
86.0055
84.8623
82.2839
81.9203
82.5577
83.3363
84.2665
86.6672
84.8754
85.9211
84.9526
85.2582
85.5077
86.0898
86.8894
87.7871
87.04
85.8806
84.919
85.1964
83.2602
82.63
82.209
81.7268
81.6326
83.368
81.8158
82.2589
82.0322
82.5418
80.4493
81.1428
80.1735
79.3944
78.8393
77.6626
76.9942
76.178
77.2067
79.0872
78.9147
79.2707
80.841
81.7333
81.1885
82.0052
80.9524
79.1644
78.9646
78.9011
79.8284
80.6892
81.6561
82.7227
82.4413
82.7703
82.0141
80.5408
81.1575
80.2017
79.8945
80.3301
81.4942
82.9379
83.4268
84.666
82.9441
81.7681
82.5011
81.6721
83.0721
83.0808
83.3268
84.0632
82.9666
83.5929
82.519
82.1221
81.4503
81.5234
81.8047
82.7638
80.0563
80.0605
79.0109
78.99
77.1446
74.9296
75.4702
75.458
75.7026
75.7456
76.1384
76.1199
76.3593
73.7413
74.2455
74.8453
75.4385
75.4341
76.1801
77.2884
75.7486
77.2281
75.3394
77.1852
77.6671
78.3049
80.1984
79.034
79.8871
80.5352
80.3257
81.1039
82.2406
83.339
83.5702
84.5682
83.2522
84.8388
84.1847
83.5739
83.1176
84.0373
83.2863
83.6092
82.3552
81.8794
81.3493
81.0041
79.5922
79.0071
79.3754
78.8864
78.7642
78.1152
77.8569
77.0969
74.8405
74.8139
74.1333
74.6337
75.505
76.125
76.9593
75.9398
76.2628
76.3711
75.779
74.3013
74.6181
73.186
73.8994
72.4604
72.9075
74.2124
74.2617
73.0992
73.1738
75.2298
75.0653
75.5829
76.3675
76.6882
77.4312
75.4251
75.4089
76.1111
75.7952
75.9737
74.0134
72.2505
71.7269
71.4365
71.356
71.1931
72.5531
72.2245
72.2847
71.2693
72.3766
73.1713
72.3331
72.0185
70.7272
70.385
70.6127
69.6492
68.5443
67.8488
68.8434
69.0167
70.6482
70.9268
69.5603
69.1444
69.6065
69.3525
70.1955
70.9188
70.7169
70.9761
70.6688
71.1581
70.6125
70.917
72.084
72.0222
70.4235
70.3389
68.0755
66.7134
65.7521
67.003
65.1978
63.975
64.0224
64.8565
65.3348
64.7614
63.8945
65.5848
65.1502
65.8709
66.188
66.159
67.0228
65.9123
65.9082
65.1124
64.4384
64.9688
63.8807
64.1403
64.9731
65.2851
64.3244
66.7967
