98.8666
99.597
99.0839
100.484
100.137
99.3282
98.6724
100.085
100.282
102.247
99.9831
100.172
99.1269
97.6913
96.4609
95.5892
94.6905
94.4339
91.6219
91.5996
91.8699
92.9546
92.2573
92.2686
93.0226
93.9304
93.5734
92.8834
91.2927
90.5816
90.3302
88.37
89.4676
88.5381
86.9785
87.7848
87.2838
86.2558
87.2453
86.6265
88.6971
87.7744
85.948
86.1251
86.0583
86.0013
86.6809
87.4309
86.838
86.9999
86.2856
87.3242
88.5907
90.4939
90.9935
90.0113
88.8402
90.3867
88.3538
89.7466
90.566
90.4382
89.0968
88.8706
88.4406
89.6038
90.6664
91.1991
91.0748
91.1635
91.8165
93.3541
92.4671
93.524
93.1361
91.3253
93.281
94.8344
94.6271
95.3461
94.926
93.9384
93.8617
93.3469
93.1318
94.266
94.7438
93.8954
94.635
95.9233
96.1647
95.034
97.7623
98.4886
98.6907
96.5641
96.9422
96.5728
97.8206
98.3657
97.581
98.8419
100.142
98.1867
96.1302
98.5248
96.888
95.4981
97.8721
96.656
95.5622
96.7604
96.5484
97.912
95.8641
95.9296
95.6361
94.86
94.2864
92.2656
90.6569
90.0216
88.9197
89.9747
89.3466
88.205
89.4119
89.5979
88.0244
88.2188
86.9772
87.366
87.2045
86.4551
89.2253
87.7733
87.2325
87.5528
86.776
86.4613
84.9954
83.9003
84.5608
83.3044
83.338
83.504
82.5615
81.6687
80.9721
80.446
80.5338
79.8469
80.4716
81.2986
78.934
78.5984
77.7409
78.5756
79.1118
78.0957
76.7951
75.9571
75.6263
73.6933
73.6473
73.3097
73.9914
72.372
73.9543
72.4003
71.5891
70.2382
70.1634
70.2769
71.5478
72.5037
73.4522
73.9259
75.4378
75.1459
74.0556
74.1171
72.6975
73.6863
74.237
75.9713
76.7244
77.1491
78.2347
76.156
74.6003
74.9653
75.304
76.0817
76.5414
74.5563
76.7794
74.8835
73.6849
74.6203
74.7648
75.9189
75.5518
75.4083
76.2681
77.201
77.0554
77.0251
78.4835
76.7333
77.4931
76.8831
77.0427
77.6372
77.6265
77.1533
76.7532
77.7242
78.2991
80.5719
80.0344
79.9705
78.5573
78.3917
78.6864
78.1156
78.2043
75.8844
73.5326
73.2636
72.5305
73.3337
73.5359
72.2361
72.8925
71.6666
71.3395
72.073
71.8911
71.7168
73.159
72.9258
72.818
71.7063
72.5134
73.6223
72.1411
72.4699
73.2405
73.9496
74.436
74.17
74.6728
75.9915
75.8962
76.0512
75.5701
76.3266
76.0006
75.8408
76.1099
77.3247
77.1949
79.7313
80.3422
79.8633
81.2229
80.4071
80.766
80.3807
81.8681
81.9514
82.7669
81.6847
81.7191
82.2001
81.3117
81.0045
81.1962
81.3161
81.3415
81.1549
82.1392
81.2937
79.3273
80.3338
80.0668
80.4664
79.6888
79.4736
79.4425
81.9592
81.7762
81.3597
80.958
81.7609
81.7508
82.0984
80.45
80.2741
81.714
81.1633
79.9947
81.4223
82.2884
80.1242
80.5896
81.3489
80.7224
81.4465
81.0358
82.6025
82.8431
83.0233
83.465
85.0711
83.4682
83.4497
84.331
84.294
82.0204
80.8792
79.8385
79.3406
80.847
80.6899
80.3545
80.0805
80.0414
79.9595
78.6116
77.7545
77.3025
76.5141
77.1935
78.8979
78.2547
78.0409
78.8122
79.4188
80.7724
81.8881
80.5794
78.9241
78.0567
76.5675
75.9039
76.0066
74.8942
75.66
76.2222
77.4396
77.8132
79.0075
78.908
80.4697
81.2576
79.5272
77.7936
77.6954
78.778
77.9731
78.4515
78.6499
80.9166
80.2246
80.317
78.8633
78.2511
78.2708
79.5957
79.2048
78.5749
79.7611
78.3482
77.6758
77.2615
77.6196
79.0271
79.1972
79.8814
79.2071
78.9559
78.9474
79.13
79.4511
80.2848
80.8297
81.0726
79.4541
78.1831
77.6497
77.0644
75.6435
73.6625
73.8017
74.5653
77.1593
76.6083
76.6269
76.7444
77.1071
77.9266
78.7963
78.701
79.608
80.5664
80.4934
80.3722
80.4802
81.0386
81.5033
80.2623
81.0288
81.8709
80.9214
81.9257
82.1576
81.2329
78.8024
79.7388
79.6999
79.9975
81.5508
82.3774
80.5407
79.9776
78.9788
79.6514
78.8852
79.5419
78.9673
78.0878
77.3642
76.0562
74.9617
75.2434
76.0554
76.5849
75.5127
75.1398
76.2417
74.1585
75.4765
74.3655
72.6873
72.114
72.3884
72.1563
72.2256
74.0392
73.0513
73.1944
71.5542
72.4237
72.7134
72.3287
72.9679
74.7185
74.7166
74.2099
73.5957
74.2196
74.4071
74.4346
74.3977
73.5498
71.8432
70.8486
70.897
70.9755
71.1657
71.0908
71.7603
70.7577
71.0827
72.3001
69.7135
69.9675
69.3835
69.5963
67.0179
67.5266
66.9322
66.8387
66.8365
67.8832
68.777
69.7067
71.2191
72.0312
71.675
72.8218
74.5392
73.894
74.2854
74.7099
74.9843
75.5247
76.3624
75.8836
75.9833
74.9678
74.3608
74.7943
74.271
73.0787
72.8025
71.8252
71.2053
72.1555
72.4895
72.5754
72.7403
73.5395
72.7932
73.6719
73.8122
74.048
72.9651
73.0388
73.5849
73.9251
75.2461
74.1108
75.372
74.6793
77.0145
78.4466
78.1727
77.3172
76.5594
77.1083
78.2966
79.436
79.087
77.2629
75.5574
74.2528
74.9472
74.7061
73.4884
72.7932
73.1129
72.7259
72.8238
72.8039
73.8393
72.9628
74.7434
75.0258
76.1201
76.2994
75.4627
76.5924
76.0924
76.9494
77.5035
77.7842
78.0752
76.4527
75.9359
76.445
77.0044
75.1074
74.631
75.1944
75.2341
74.8282
76.3719
75.7163
73.6037
73.8162
73.5392
74.0305
74.5783
72.6984
72.4873
72.9108
73.3245
73.8038
74.2028
73.5461
73.8844
74.4541
75.9648
77.4492
76.6583
77.0415
74.9403
76.09
75.2958
73.3161
72.6596
74.2422
73.739
73.5938
72.1107
72.2457
72.062
