99.4272
100.91
102.026
104.369
104.489
104.485
105.853
106.979
107.786
107.249
108.537
106.871
106.065
108.475
107.848
107.967
105.946
107.031
108.858
108.235
108.765
107.948
109.729
110.277
108.002
109.148
109.638
109.905
109.336
108.234
108.313
107.918
107.124
106.059
105.275
104.373
104.923
104.078
104.452
104.222
106.02
104.515
104.267
106.89
108.605
110.114
112.324
110.49
112.17
112.136
112.885
112.93
111.414
114.832
114.308
111.879
109.131
108.987
107.98
105.934
107.12
105.514
107.249
107.174
106.776
107.058
107.01
106.807
104.554
103.163
104.745
104.187
103.339
103.258
103.071
104.136
104.487
102.122
103.329
101.924
102.308
101.749
103.193
101.885
101.79
102.881
104.503
105.999
105.577
105.744
107.298
106.656
102.315
102.6
100.637
100.491
100.88
100.892
101.317
102.533
103.681
102.541
102.232
100.374
102.959
99.0066
101.048
101.397
101.612
101.754
104.882
103.634
102.714
104.566
104.791
104.43
105.487
108.401
108.649
107.699
107.291
107.143
107.751
106.333
106.281
103.488
102.643
104.878
103.157
100.318
99.412
102.297
101.902
100.391
99.0598
98.9082
101.919
101.358
101.806
102.354
100.818
99.3878
98.1116
98.3487
97.6564
97.5802
98.1898
100.044
99.4481
101.756
102.188
102.873
103.206
104.013
102.89
105.378
107.581
107.033
105.512
107.569
108.221
110.417
108.861
108.16
107.52
107.206
105.872
105.383
107.634
106.627
107.182
109.49
111.151
112.246
109.362
107.083
106.25
104.934
104.881
101.858
102.557
103.512
103.779
101.605
102.556
102.212
101.633
102.171
99.3131
98.7637
100.804
100.328
100.475
101.463
100.678
99.4835
102.744
102.855
101.967
101.869
101.378
102.069
102.653
104.141
104.257
106.124
107.32
107.723
105.982
105.574
104.263
105.663
105.173
105.611
107.001
106.707
106.418
108.881
111.603
112.529
112.662
113.861
112.499
113.932
113.107
112.457
115.629
117.792
116.575
116.106
117.178
117.686
117.953
118.502
119.392
120.773
120.666
122.19
121.958
121.159
120.86
120.064
119.685
119.661
119.098
117.144
115.776
115.575
114.317
115.318
113.264
115.333
115.192
114.205
114.148
113.196
112.956
113.427
111.494
112.993
114.902
113.471
112.957
115.477
113.717
111.4
114.499
113.518
111.624
110.835
111.942
112.522
109.884
109.799
111.312
109.502
109.429
109.845
107.653
106.816
106.963
107.807
107.015
105.903
106.291
106.606
106.975
110.041
109.754
108.762
111.604
111.899
110.979
109.305
107.189
107.481
107.783
108.212
110.565
111.27
109.826
107.912
109.397
108.507
110.208
109.068
108.097
109.618
110.286
110.066
110.771
110.741
108.577
107.792
107.312
108.574
107.418
106.047
106.41
105.554
104.498
107.323
107.248
106.878
107.484
108.035
106.334
108.48
110.569
112.328
109.404
109.124
110.006
109.745
108.502
107.887
109.811
108.787
110.066
109.1
106.979
105.387
107.337
107.624
107.058
107.345
106.639
106.042
105.761
104.368
104.497
105.717
106.537
105.191
105.173
105.57
105.908
106.35
102.839
100.617
98.604
98.0883
97.5838
100.229
100.411
99.8957
98.9509
100.79
100.051
100.352
101.705
100.119
100.592
101.544
102.786
100.161
100.88
101.385
101.785
103.154
102.655
100.599
100.216
100.944
101.46
100.689
101.071
101.562
101.831
99.7442
98.7227
98.6281
98.8887
99.806
97.706
98.2283
96.903
96.9173
97.4611
96.0956
98.4626
98.4567
100.495
99.6554
97.4143
96.759
96.7764
96.3142
95.8116
96.433
96.8254
97.4851
96.703
96.1918
94.8716
94.8625
95.3479
97.5321
98.7851
99.8625
99.5325
100.5
99.8515
101.039
101.812
102.467
101.458
101.007
104.811
105.653
105.157
105.403
104.418
104.106
101.927
102.354
101.327
102.263
105.031
102.569
101.813
104.128
103.516
102.677
100.234
101.119
102.856
101.487
102.347
104.179
103.913
103.212
104.191
101.978
103.055
102.523
104.287
105.835
104.711
104.164
102.997
99.8332
99.8617
101.128
100.594
100.553
99.1649
101.329
100.696
98.7385
97.1642
97.0479
98.643
98.6439
98.6422
98.6161
97.9157
98.7902
99.2984
97.8763
97.1928
97.0983
98.2693
97.0466
97.533
95.3827
95.967
96.8695
96.8984
96.6439
96.7904
96.8698
96.3428
97.3448
95.8116
97.3238
97.8044
96.0734
97.7184
96.2256
95.6675
94.5705
95.0245
94.521
96.0978
95.7417
93.6587
93.4936
94.503
92.6945
93.3813
93.3853
92.1307
91.7585
91.7185
92.1885
93.1299
92.9008
93.0916
91.7169
90.461
92.9712
92.3484
92.4048
92.4823
92.175
92.903
90.7055
92.0285
92.8085
92.9054
94.9169
93.9103
93.5339
90.5959
89.9172
92.3643
92.7928
92.1356
92.2901
92.9744
92.7687
92.2987
90.8228
90.8308
91.9142
92.5201
93.0499
91.9093
93.5685
93.4979
92.3361
90.66
90.5843
89.4294
89.5145
89.992
89.5476
87.7652
87.0495
86.6931
87.0933
86.8081
85.1269
84.0916
83.6169
82.2571
81.1565
80.5771
81.5003
82.5863
83.7809
84.7165
85.4886
86.6191
87.234
88.3307
86.5762
87.1412
87.1671
88.2742
90.2578
90.352
89.7425
92.3933
95.1433
94.4229
96.4046
95.007
94.8838
96.9368
95.3852
96.2258
97.6468
95.5694
92.6916
92.3974
92.2861
91.7367
91.6816
