100.023
98.3583
99.9121
100.484
100.356
102.247
101.627
102.04
103.409
102.402
102.807
103.309
105.55
106.103
103.513
103.377
102.976
102.246
102.357
100.85
99.3436
98.2113
96.6041
95.7324
95.3011
94.5756
93.6502
94.1246
92.863
92.4838
91.3701
92.771
90.8729
91.9334
93.0079
93.9804
92.4922
90.7586
90.6024
90.4582
90.8182
91.2968
89.7983
87.5188
86.8253
87.1353
88.3172
88.0642
86.2348
84.2598
81.1968
81.7428
81.9841
82.5252
82.7104
82.7155
83.7999
84.2438
84.9545
84.7898
87.4882
87.6937
87.8602
87.1629
89.7294
89.9032
88.3689
90.8499
90.4024
91.3524
92.8801
93.7257
93.5235
95.1849
96.3828
96.6185
96.9848
98.7824
99.9693
98.3466
96.394
96.7986
95.2236
95.1456
96.8875
97.1939
97.0189
96.4272
97.2097
99.0081
97.5769
98.8833
98.6985
98.049
96.7854
96.5397
95.2381
94.3651
93.7266
93.6334
92.803
89.4149
89.2908
90.2897
89.569
88.7853
88.8639
89.5684
90.033
90.1579
93.5205
94.2338
94.0907
93.0455
93.3726
93.7321
92.1888
92.3173
91.8682
92.0102
91.6372
89.9244
88.7664
87.2549
87.1568
85.2603
84.7829
84.1153
82.7086
82.6169
81.0295
80.4021
80.8511
80.1731
81.4823
83.9487
83.2326
82.6529
81.3755
80.3541
79.9622
82.2412
83.1839
82.6164
83.3949
86.0604
85.0804
86.4829
85.3811
85.8004
85.9857
85.8367
84.8362
84.029
84.6881
85.7931
87.5234
86.9931
85.6632
87.0765
85.4883
83.5192
83.7344
86.6652
86.13
86.9315
88.796
91.7396
90.3028
90.6513
90.1528
89.5377
89.028
92.1237
93.8125
93.3736
92.702
90.6022
89.9113
90.6061
90.6096
89.895
90.0308
90.3454
91.0805
91.3549
91.3703
90.7208
91.174
91.0193
92.1051
93.6281
93.9948
92.3811
93.7058
90.4994
89.961
91.0343
89.5963
88.146
88.0292
86.9166
85.6797
86.0416
85.0079
84.9146
84.274
83.6261
83.4838
83.7886
86.3962
85.4631
86.067
85.3227
86.1546
88.8408
89.8012
89.1307
87.4842
87.3115
87.6583
89.1909
90.9325
89.6765
90.6811
90.2743
90.1933
89.7056
88.5378
87.9293
85.815
86.6285
87.1145
88.6242
89.6772
88.2917
87.8038
87.8096
88.4841
88.0587
87.7879
87.7951
87.7327
88.2789
85.1834
85.735
83.4119
83.6464
85.3757
84.2731
83.6811
82.2225
82.4214
82.697
81.6831
80.6975
79.385
80.1094
79.02
80.148
80.2796
80.0584
80.0763
80.85
80.9628
82.206
81.755
82.2568
84.2325
84.0151
84.2741
83.408
83.5233
82.1357
82.3239
82.2396
81.7537
82.3053
81.7569
80.437
80.4416
80.7941
80.6022
80.023
80.9414
78.3445
78.4589
79.7153
80.3792
79.7605
80.9049
83.0718
85.4549
86.1732
86.2111
86.2099
85.1864
85.3445
85.0092
84.4098
84.4475
84.7724
84.1137
84.7542
85.0799
85.2341
86.0835
85.3922
84.8574
83.3938
85.3092
84.8103
85.4106
85.2368
86.7853
84.9293
84.5317
85.2725
85.5194
84.0066
85.2589
83.9863
85.114
84.3147
83.252
80.5832
78.4933
79.5717
77.7862
76.0119
74.9972
76.1211
76.0786
74.9148
75.6067
76.1747
77.1787
77.5699
78.8771
78.9097
80.02
79.6032
78.0854
78.1444
76.9859
76.8201
74.0426
73.8638
74.4237
74.8419
73.5589
73.5515
73.8089
74.3372
75.4525
76.7498
76.6664
76.5091
76.9435
77.2295
77.4268
75.9882
76.4693
78.2046
78.3733
79.1273
81.4362
81.6367
82.2433
81.2553
81.8523
83.1729
83.2319
85.053
85.3293
85.7572
84.3523
81.7746
81.7231
82.3379
82.2085
82.5261
81.7322
81.6834
82.4518
81.8164
80.3344
80.3438
79.3508
78.9321
78.5252
77.4516
76.2185
77.4853
77.4889
77.5451
77.219
77.6992
78.3341
78.9811
78.5483
80.1498
80.1451
81.4287
82.5602
81.2417
82.1249
81.4234
79.7988
80.5212
80.6181
78.6084
79.1274
78.6525
79.2971
78.7521
79.4156
79.6081
80.4109
79.1733
77.4109
78.0083
76.3429
77.573
74.8227
74.5281
75.309
75.3216
76.5096
77.367
75.8147
75.3076
75.5717
72.6625
71.9564
72.2856
73.3168
73.839
73.0463
72.7293
72.8105
72.4875
72.735
71.7634
71.9089
72.926
73.7493
72.61
73.3837
72.3786
73.5313
73.6713
73.0349
71.2385
70.5234
70.7854
71.5009
70.905
72.907
74.6581
74.3533
74.5387
74.4666
72.8993
73.7702
73.7164
73.8599
72.1162
72.7312
74.1028
74.9511
74.7163
74.703
75.5539
76.4058
76.6543
76.0926
78.0404
77.8165
77.8753
77.5768
76.766
77.7727
76.976
75.8978
76.3762
74.8428
74.0941
73.975
73.7604
74.0832
75.3928
75.1955
73.2471
73.0669
73.8422
73.8925
74.1634
74.321
74.6446
73.9378
72.9551
71.7541
71.0631
70.9748
70.2555
72.0027
71.7453
72.0134
72.4357
71.6177
72.1006
72.7116
71.6746
71.1815
71.2132
70.9869
71.4217
72.5146
72.646
72.9031
72.8377
74.397
74.9123
74.6464
74.0912
74.2374
74.5897
74.9124
77.1084
78.1162
78.2113
77.9197
78.5604
78.1605
78.9735
79.183
79.7503
80.0818
80.8322
80.6471
80.4519
80.4874
79.1863
78.9114
80.6171
79.7397
77.9953
78.5123
80.3323
79.4296
79.0443
79.3129
79.0271
78.2581
78.819
77.9097
76.9026
78.5078
81.0161
80.0859
77.9321
78.134
79.2031
80.8244
81.2976
79.2461
79.7679
78.316
78.3037
80.1238
81.6233
81.7403
82.1709
82.7839
83.3813
82.7255
81.4728
82.2455
82.4761
82.0956
81.8398
81.7238
81.0221
80.3994
78.4293
78.3681
78.2796
80.0983
84.0648
82.2821
81.8144
81.2522
79.7949
76.9255
76.2589
75.817
77.0403
78.1372
78.3565
