99.6849
101.736
102.618
102.646
103.638
103.507
100.934
101.529
102.358
100.736
104.556
102.723
101.728
102.258
99.2159
100.158
102.312
103.898
107.019
108.785
109.936
109.784
109.352
109.107
108.885
110.97
113.212
112.459
111.862
110.648
108.002
104.807
104.552
102.898
102.44
103.552
103.199
101.865
101.13
101.618
101.588
102.001
102.391
102.77
102.127
101.806
101.16
99.6898
99.9025
101.908
100.301
101.053
102.155
100.438
99.9734
99.5821
99.4576
100.156
98.7201
101.003
100.021
97.9791
99.1994
100.372
100.447
100.708
99.4961
99.681
100.573
100.912
99.9855
101.36
102.134
101.417
100.23
100.598
101.848
101.134
100.937
101.604
100.643
100.79
101.364
99.8897
99.9752
98.6155
98.0503
97.1087
97.6416
97.7921
96.3236
97.2876
97.3551
97.9387
99.3827
100.314
99.775
99.1447
100.692
100.687
101.382
101.323
99.9652
100.292
100.883
99.6886
101.026
102.17
99.6878
98.8565
99.875
99.651
99.4037
100.849
101.265
99.4692
99.1445
98.5798
99.5971
99.868
97.9102
98.0529
97.6316
98.1922
98.2765
98.8807
98.6238
101.868
103.703
106.58
107.812
108.778
106.507
104.335
105.3
103.803
105.001
106.602
107.141
105.683
108.139
105.64
106.398
108.374
108.173
106.424
108.699
108.224
108.815
108.514
107.7
106.77
109.851
109.509
111.129
111.431
113.216
113.943
116.021
116.984
115.938
115.011
118.738
120.151
121.305
124.677
125.857
125.974
127.307
129.475
130.482
127.513
126.239
126.387
126.715
124.975
124.723
127.01
125.424
124.86
125.54
124.415
123.344
122.476
122.89
122.361
120.602
121.36
124.125
125.52
123.662
125.097
123.597
121.043
120.901
121.456
121.483
122.46
123.311
121.142
119.118
119.823
120.026
123.09
124.038
125.775
124.494
124.002
123.665
121.08
118.961
119.265
122.391
123.658
123.135
125.65
127.878
127.418
126.738
128.076
126.098
124.927
127.558
129.204
128.87
129.163
128.59
129.783
130.013
131.028
130.897
132.451
132.286
129.286
128.195
128.142
127.462
125.754
122.843
124.789
122.645
122.301
120.385
120.994
121.476
121.031
121.239
122.823
123.999
123.014
123.417
122.933
122.404
121.363
122.717
122.662
121.22
122.676
120.334
118.157
117.967
120.056
120.148
117.759
118.828
119.195
118.146
118.33
118.386
117.512
116.872
116.335
115.175
117.179
114.993
114.407
115.868
117.578
116.299
114.174
113.694
112.348
112.301
112.342
112.219
111.153
111.549
112.024
113.763
112.237
113.445
113.534
115.073
115.405
115.522
115.123
114.657
113.401
117.074
117.005
116.391
114.786
112.693
111.398
114.495
112.607
113.788
113.956
112.847
114.643
115.146
113.631
113.702
114.488
112.232
111.486
110.164
108.716
107.811
108.044
106.859
106.329
107.171
107.874
108.478
107.053
107.975
108.435
107.888
107.654
105.377
106.715
110.695
111.103
111.428
112.251
111.668
110.951
110.6
113.463
112.25
114.725
114.13
114.057
113.317
111.545
110.275
110.548
112.704
115.568
117.729
120.905
121.871
120.291
122.543
122.699
123.79
121.823
123.504
122.11
119.793
123.889
124.302
123.49
120.973
121.08
120.181
120.463
120.48
122.566
126.457
127.137
128.112
128.869
128.458
128.02
128.262
129.051
125.908
123.895
125.302
123.293
126.411
127.76
128.855
131.815
132.558
131.946
131.009
132.282
132.769
133.216
134.538
134.692
137.629
138.672
138.535
141.502
141.055
142.25
142.182
143.11
145.838
145.176
146.484
148.109
147.275
147.269
147.887
148.945
150.259
150.101
148.332
149.902
147.727
146.905
145.968
144.604
142.486
143.045
142.564
145.793
146.491
146.711
148.576
146.25
144.843
147.778
150.417
150.199
149.612
149.891
152.695
151.151
151.187
151.739
150.054
153.658
150.697
150.425
154.487
151.772
150.557
151.368
147.064
144.93
141.907
142.349
140.292
143.158
144.49
144.505
148.064
146.67
147.197
145.886
147.043
148.454
145.678
144.801
141.802
142.011
142.716
141.835
140.443
140.262
142.336
143.6
144.042
141.882
144.06
143.325
142.991
142.222
140.502
140.032
140.776
139.959
141.303
139.346
141.271
142.92
142.839
140.301
138.996
136.18
136.939
137.178
139.317
140.311
138.138
138.645
140.841
139.181
138.295
138.121
142.031
143.04
140.489
137.217
138.216
137.946
138.807
140.72
142.452
144.321
141.959
140.861
138.439
144.017
140.693
139.749
140.117
141.021
139.22
140.807
140.073
141.044
140.887
139.916
137.759
134.628
135.33
131.096
130.833
131.822
133.888
132.908
134.882
134.892
136.053
138.381
137.221
136.229
136.944
134.616
134.535
135.612
137.372
140.229
143.63
145.943
144.416
140.619
138.725
139.581
143.269
144.434
142.166
142.92
143.046
139.645
138.123
137.719
136.698
137.991
140.999
139.512
139.506
135.648
139.056
138.036
135.029
133.849
134.497
135.066
135.108
133.479
131.551
132.986
133.141
134.58
137.414
137.635
139.821
139.712
140.375
142.332
142.114
142.667
142.392
139.206
140.625
138.8
141.184
140.089
140.643
141.094
144.757
146.571
144.872
146.436
146.631
144.536
140.229
143.27
141.587
141.152
140.854
136.677
