101.864
102.259
103.068
103.987
105.155
104.711
105.787
107.705
108.192
106.602
105.754
103.808
103.05
104.863
106.658
107.133
107.942
106.881
106.311
106.485
107.276
108.926
107.708
108.112
107.786
106.796
106.779
107.754
109.826
107.149
106.977
107.086
107.087
108.454
107.82
106.874
106.507
106.923
106.008
106.422
105.894
107.674
105.3
107.102
107.048
109.884
110.497
111.717
111.276
111.102
109.937
110.826
111.415
107.975
107.487
108.433
109.089
107.927
107.224
107.231
105.269
105.452
102.861
104.405
106.113
105.977
105.916
104.391
102.9
102.167
103.971
104.737
103.461
104.6
103.782
103.69
103.106
103.141
103.141
103.919
104.319
103.414
102.694
103.013
102.624
103.184
103.05
103.319
103.709
103.654
104.062
100.751
102.278
102.143
100.119
99.0386
99.3079
98.407
100.467
98.3751
99.3628
99.6922
100.605
102.295
104.183
106.076
107.755
109.007
108.279
107.957
105.138
105.965
104.406
104.184
102.931
102.637
105.185
103.1
101.494
101.927
101.892
100.626
102.04
99.9434
100.594
100.572
103.368
104.639
104.388
104.433
106.358
108.476
107.126
105.63
107.598
105.713
105.74
106.977
109.164
108.903
110.072
109.86
108.056
109.185
109.608
109.894
109.125
108.699
106.854
105.722
103.206
104.817
105.3
106.331
107.403
111.102
110.499
109.059
109.061
109.856
112.096
112.828
115.612
115.939
120.914
118.793
119.221
120.98
120.964
122.115
120.212
122.363
120.53
119.699
122.554
122.405
120.897
119.817
118.919
119.716
118.508
119.837
118.887
116.917
119.381
115.592
115.34
114.788
111.504
108.503
109.094
109.232
110.415
110.348
109.493
107.68
107.833
106.856
107.495
109.517
110.412
108.858
110.146
111.025
112.152
113.248
114.653
113.323
110.071
110.247
107.721
105.599
107.343
105.876
105.703
106.025
108.445
109.491
110.897
110.46
110.111
108.645
109.28
110.621
109.104
108.416
108.623
109.99
111.785
110.121
110.299
111.9
111.203
111.803
110.789
111.551
108.771
109.002
109.089
108.147
107.976
107.327
106.929
109.342
109.757
109.117
108.573
111.648
111.877
112.931
110.825
111.023
109.264
110.681
110.319
110.746
107.138
106.714
107.879
107.597
109.705
111.457
111.422
113.311
113.147
110.26
111.631
111.21
111.212
112.255
113.032
112.003
112.555
113.375
113.807
113.014
113.451
115.689
116.078
115.374
115.121
115.747
116.732
114.563
114.894
115.696
116.265
116.161
116.273
114.385
114.266
112.758
113.326
112.817
114.471
113.603
115.257
117.29
117.794
118.133
118.609
119.335
120.1
119.2
120.026
118.108
118.956
119.705
119.323
120.552
120.863
121.951
121.179
120.542
118.321
120.061
118.787
119.1
119.417
117.33
119.136
120.728
120.937
122.276
121.979
123.361
121.357
121.07
122.559
123.807
125.528
125.365
124.496
123.641
123.609
123.273
120.894
122.521
122.852
120.971
121.283
122.551
122.189
122.109
121.51
121.97
120.923
122.419
121.694
122.364
120.836
120.668
122.104
120.781
120.217
117.701
117.435
117.717
120.644
121.178
118.957
119.33
119.457
120.743
121.379
121.142
121.194
122.597
120.955
119.502
117.687
119.752
120.174
119.852
120.88
119.829
119.427
119.674
119.464
121.463
123.169
124.772
124.303
126.454
127.152
127.888
126.595
124.72
123.837
121.103
121.003
124.628
124.504
123.172
121.745
122.501
122.816
122.213
122.46
121.363
120.795
121.051
121.662
119.738
120.601
122.162
123.112
123.349
124.184
126.117
126.579
128.037
125.685
128.959
126.05
125.945
128.496
129.801
130.387
129.966
132.735
132.09
131.101
131.464
131.137
130.713
126.178
126.965
130.301
126.794
128.413
129.441
130.314
132.002
134.391
133.871
135.139
133.934
132.694
134.561
136.629
136.51
135.835
136.797
136.276
136.527
136.87
139.273
137.598
134.502
131.819
130.427
129.1
127.241
126.631
126.354
130.33
128.692
131.487
130.567
128.282
129.798
131.613
129.276
127.186
124.59
124.47
127.066
129.991
128.472
128.708
129.319
130.621
129.872
128.328
127.671
126.123
124.842
128.491
131.641
131.714
133.216
134.121
132.389
128.06
128.543
130.928
130.259
130.606
130.097
130.549
131.471
132.569
131.31
130.762
132.56
128.207
127.958
127.942
126.295
123.382
124.025
123.966
123.235
120.641
117.952
118.217
119.782
121.06
122.332
122.316
122.673
121.639
119.045
119.409
118.559
119.408
121.521
123.048
120.798
122.729
124.037
124.526
124.13
124.379
124.047
123.739
126.317
126.1
123.784
123.273
123.161
123.017
122.34
121.054
120.933
120.095
114.37
113.344
111.809
111.816
110.234
111.56
111.66
112.262
112.258
111.98
114.094
112.518
111.578
110.96
111.795
111.864
111.048
107.204
106.017
104.106
105.036
103.653
104.698
104.727
105.328
107.017
103.952
103.678
105.767
106.565
107.759
107.01
106.407
105.675
104.331
105.358
106.626
105.232
104.281
104.947
105.54
104.161
103.883
105.304
103.606
105.808
107.889
107.822
108.002
109.064
110.004
111.45
111.913
111.598
111.131
107.697
107.855
108.114
106.357
107.229
106.697
107.438
107.509
