101.371
98.9248
99.8861
97.0314
96.0242
96.4607
93.6275
92.0048
90.2524
91.1321
89.5553
88.4921
86.677
87.0029
88.288
87.4809
86.7884
86.5
85.8713
85.8823
85.1611
87.2468
87.8483
89.349
90.3125
89.5907
89.2406
90.5996
90.0026
90.7134
90.1599
87.989
87.128
85.2974
85.1054
86.5936
85.9541
84.515
82.7834
83.3557
82.2763
82.376
82.8674
83.1796
82.9896
83.7955
85.1628
84.3246
84.4048
83.808
84.5687
85.4145
86.0295
83.9467
85.1278
84.9308
85.3989
85.8969
86.799
87.8456
88.7683
86.6247
85.389
84.0303
84.436
82.5679
82.0202
83.4024
81.6645
81.2745
81.4862
80.7701
80.2318
79.1989
77.8381
77.6254
77.8502
77.9059
79.9365
80.2729
81.349
81.4122
79.6078
81.2632
81.5341
82.8039
82.7374
81.7214
80.7972
80.7152
82.0165
82.3039
82.1732
81.5103
80.4236
80.7139
81.4547
81.3307
80.8986
82.1778
81.4013
81.8623
82.2916
82.8425
83.12
83.8279
83.048
85.7134
86.5607
88.488
88.9689
88.4069
89.2626
88.5256
88.3607
88.5153
88.3113
90.4438
90.125
92.1692
92.2322
91.723
92.9823
94.0028
91.9038
94.1989
95.2647
96.7033
94.7761
94.7446
94.9824
96.6661
95.353
94.7763
93.4255
94.2006
93.7769
92.2095
91.7323
90.9348
91.2806
90.9304
92.1977
92.8708
93.2331
92.3792
91.5881
91.5303
93.2186
95.414
94.3134
95.0405
96.4938
96.4458
96.9276
99.5639
101.105
101.675
100.917
102.79
101.436
102.586
100.787
100.968
100.507
99.2474
98.536
99.1859
98.7944
100.815
102.325
104.577
103.762
104.097
102.258
102.426
101.327
102.595
103.133
101.11
101.065
98.7666
98.2989
99.4955
98.9403
98.1763
96.4846
94.9938
93.8758
93.0676
93.2386
93.3047
92.371
93.0736
93.1821
93.99
92.8805
91.8042
91.3578
90.8116
92.0268
92.2857
93.253
94.466
95.3476
96.4862
96.0406
96.9781
96.4104
96.5335
94.3991
93.9211
93.3843
94.8108
95.8439
96.7266
96.219
95.3228
96.3599
94.8122
95.4337
94.5104
92.6317
92.3382
91.3946
91.15
91.2971
91.1375
92.8777
92.6695
94.8294
97.0539
96.1249
94.5694
93.6309
92.9119
92.9465
93.1346
94.3376
94.1642
94.1763
93.2591
95.5304
97.1487
98.1624
96.9923
95.0893
92.9398
90.3786
91.2166
89.7017
90.1888
89.2398
88.73
88.7949
89.6378
88.7578
90.1473
89.2457
88.7577
89.3529
90.5843
90.4472
88.8401
89.5173
89.4923
89.5098
88.6024
88.2798
87.5336
87.9032
87.015
85.3727
84.8105
85.9566
86.2618
86.1783
85.4676
84.547
85.2984
83.9404
84.1053
83.283
84.2443
82.423
84.4653
85.1193
84.7964
85.5437
85.97
83.5458
83.7118
83.0948
81.0988
81.8149
81.6197
81.1271
82.537
81.4502
82.4576
82.705
84.2044
85.3279
85.5423
87.5713
88.691
89.0899
87.3574
87.2092
85.0188
85.4797
84.1834
85.6451
85.822
85.7571
87.2998
86.5567
85.9599
84.6713
84.2697
83.7691
84.1417
83.978
84.233
85.9203
85.0805
86.3388
86.1412
88.6899
88.0333
89.4786
89.1401
88.6681
85.7621
86.0777
86.2667
87.0436
87.1366
85.3998
84.3492
86.3214
86.1409
85.6175
83.7891
82.4115
81.4978
82.5982
84.8084
85.3335
84.1451
84.5873
84.0317
83.9168
83.2198
83.5359
86.0216
87.8914
87.0299
87.0704
85.6243
85.9686
86.1119
86.9654
86.2711
86.9057
88.5568
89.0789
89.6022
86.4257
85.9165
85.4605
85.4106
83.1526
82.4722
82.908
84.393
85.5057
86.3528
86.2264
89.6872
89.4087
89.7495
89.8956
88.2027
89.5018
90.1982
89.1842
89.7851
88.9414
89.6435
89.1298
89.9456
92.9281
91.8447
92.4647
94.843
94.5055
93.5925
94.0556
92.4075
94.3916
92.2354
93.141
94.1311
92.2771
91.6047
90.8565
91.9734
88.51
88.4259
87.7535
87.7114
87.5577
85.5256
86.8026
87.8563
88.1659
88.2025
87.0225
88.1966
88.0968
87.1987
85.4548
84.629
84.8345
84.7024
83.546
83.1986
83.0112
84.0894
84.1565
84.321
84.9592
85.0491
83.4072
82.3152
83.737
84.2324
85.2287
85.7036
85.5968
85.9426
86.1143
84.438
83.4136
82.3057
82.3925
83.5437
83.7553
82.5036
81.7029
81.7458
80.472
80.9193
81.5285
80.3791
79.8761
81.4153
81.4594
81.535
81.8426
81.1884
80.2165
80.2162
79.5452
78.7526
78.8316
79.7694
79.8618
78.031
77.8095
78.9925
78.2868
77.8961
77.4135
77.6067
78.3672
78.9497
79.4836
79.456
80.4378
78.5416
79.3482
79.3478
79.2515
80.505
80.2966
80.5454
81.3726
80.3364
79.8538
79.8213
79.6135
79.4185
81.0447
80.5111
80.6869
79.5282
78.954
79.07
78.9719
78.7788
79.0059
78.1585
76.3925
74.9279
74.5099
74.5706
73.3513
71.6957
71.1607
71.322
72.9767
71.9837
73.9806
74.5355
75.3029
76.3106
76.6696
77.541
78.1011
76.9287
76.2381
77.0275
77.2692
77.2185
76.1699
76.9724
76.1868
77.4495
77.3532
77.1691
76.9275
76.1955
77.15
77.6098
79.0949
79.4623
79.8326
78.8467
80.708
81.8857
81.7542
81.2985
81.8399
81.9001
80.3017
82.2886
81.3847
81.1391
81.7669
81.4926
80.4395
81.1968
80.6421
80.8624
81.9478
81.6173
82.9838
83.6521
83.3421
83.8019
85.8882
85.151
85.2555
82.9356
82.3876
82.5981
81.9247
80.9314
81.5765
82.9287
83.142
82.5659
81.0525
82.983
83.4793
81.1099
82.1257
83.3839
82.0836
82.2741
80.2505
78.4729
76.9367
75.1686
77.3374
77.3826
77.9339
77.9673
76.1079
76.275
75.8958
77.142
77.6889
77.5882
78.8917
78.3051
78.0691
77.11
