100.27
104.848
103.688
104.128
103.186
103.959
105.162
105.24
106.716
106.846
107.83
107
108.374
108.496
108.298
108.734
108.894
110.147
110.311
109.053
110.577
109.057
110.232
108.938
108.15
107.696
107.47
108.985
106.686
107.842
107.901
107.925
106.042
104.566
106.256
105.358
106.172
106.426
106.043
107.091
107.647
110.114
111.683
110.269
111.662
109.996
111.653
110.204
106.889
106.415
107.142
107.886
107.078
105.444
105.872
105.653
106.787
105.708
108.119
107.04
109.526
110.985
109.959
110.827
113.119
112.073
112.938
115.517
114.611
115.273
113.817
114.59
115.644
116.543
116.15
116.379
115.871
116.267
117.967
116.67
119.834
121.492
123.601
122.15
123.225
119.413
121.56
122.819
122.104
123.29
121.971
123.625
125.664
124.705
123.564
123.421
124.604
124.598
125.337
125.848
126.818
124.91
124.164
124.647
124.796
125.208
123.526
123.78
123.716
122.19
122.81
123.237
120.452
122.039
122.989
122.008
118.805
119.465
120.163
118.385
116.551
118.688
116.798
117.381
118.249
114.581
114.11
111.708
112.044
114.115
112.617
112.552
113.059
112.267
110.287
112.669
114.162
112.873
112.579
113.15
112.436
113.105
113.357
116.081
115.424
114.948
115.134
116.732
115.159
114.395
112.4
114.053
115.098
116.802
117.895
120.141
118.249
117.113
116.081
115.488
115.302
114.625
115.351
115.908
114.178
113.726
112.374
112.443
113.652
111.437
114.585
114.296
116.317
116.425
116.009
113.953
113.014
116.022
114.568
115.602
117.048
114.811
113.956
110.93
113.173
113.544
112.457
115.173
116.877
118.384
120.399
120.523
118.719
117.853
119.862
117.772
117.477
117.057
118.522
118.858
121.431
121.196
122.505
123.28
122.836
122.69
123.668
123.557
124.887
125.351
124.79
123.995
121.889
121.219
122.252
121.077
123.266
122.595
122.185
122.707
119.85
120.179
119.887
117.898
118.145
119.123
116.153
117.705
117.938
117.492
116.686
117.089
117.738
119.773
119.578
121.008
122.302
124.63
122.424
120.676
123.19
120.004
120.284
118.485
117.137
117.033
116.447
117.47
119.618
120.724
120.286
119.755
120.714
121.115
122.12
120.296
121.617
121.853
121.184
120.061
119.417
119.523
119.007
121.094
123.327
122.643
119.833
119.704
119.922
120.486
122.442
122.119
124.846
126.382
126.365
124.788
124.209
121.495
120.293
119.104
118.947
116.49
116.609
115.395
113.781
113.761
110.826
113.752
113.867
112.434
113.916
112.321
112.232
110.91
112.404
111.062
108.415
109.89
109.315
111.56
110.632
110.459
111.09
113.514
111.225
111.552
112.77
111.567
112.229
112.072
111.987
112.176
113.891
116.114
115.463
114.108
110.258
110.171
110.396
111.016
110.761
112.864
111.243
109.906
108.047
109.785
110.346
108.87
109.362
107.288
109.907
110.656
111.323
111.215
112.088
111.607
109.077
108.785
108.081
107.435
107.375
105.176
103.739
101.888
102.953
103.245
105.226
101.762
102.271
100.94
103.103
101.573
101.876
99.9104
99.3405
98.183
95.7059
95.1024
93.1141
93.6536
92.4154
93.7925
95.7123
94.654
94.5998
93.5885
94.2707
94.7241
93.7121
92.1201
92.5987
93.2778
93.0121
93.1917
93.916
94.6331
93.2335
94.2735
94.9187
95.4757
95.6265
97.3192
97.4189
97.9112
94.4733
93.6277
92.0688
91.8849
92.2659
91.7655
91.7072
90.9385
93.3909
93.5633
92.5315
92.2189
91.6834
92.6995
95.8891
95.524
96.2587
95.7361
96.8462
98.3725
98.8384
100.66
100.703
103.435
104.364
105.84
105.5
104.895
104.16
103.574
106.124
104.806
102.744
101.759
101.147
100.837
100.9
102.101
101.881
101.708
102.224
101.479
101.344
99.4992
97.6411
100.168
102.851
104.253
104.643
105.021
104.452
104.701
103.957
102.648
102.294
102.022
101.79
99.4468
98.2112
96.8472
96.0865
97.0732
97.3331
97.3271
95.2388
92.8364
92.7982
94.674
94.9991
94.6185
96.5262
99.1976
98.3021
101.132
100.701
100.696
98.2878
95.5362
96.2463
96.4419
96.2276
94.9977
94.0564
91.9168
93.5233
94.0636
95.904
97.9355
97.8752
99.092
100.026
101.691
104.014
103.811
104.721
103.915
101.842
104.873
103.905
102.285
102.233
103.06
102.558
103.094
102.51
101.349
102.747
104.16
104.189
103.995
101.474
100.318
101.997
101.719
101.167
102.795
104.105
102.72
102.95
103.095
102.555
104.677
102.659
104.679
104.485
102.144
101.836
103.465
103.853
104.579
103.873
104.621
104.644
104.221
101.81
100.782
97.5132
96.9596
97.989
97.3163
99.0724
97.3409
98.5993
99.6359
101.117
103.84
104.661
105.093
104.103
105.82
107.577
109.383
108.285
109.364
109.202
110.851
111.9
112.05
115.157
113.901
113.834
114.763
113.197
113.619
114.371
114.168
114.463
114.551
116.313
116.552
116.469
115.636
115.7
115.486
116.895
119.753
119.36
122.031
122.312
120.298
118.11
116.994
114.808
115.538
116.996
115.728
116.349
116.232
114.817
114.584
114.218
115.739
115.163
116.504
115.052
117.125
119.755
119.829
117.615
117.486
119.87
119.472
119.269
117.782
118.077
119.988
119.305
121.265
122.024
120.728
123.137
124.467
126.13
124.672
124.532
122.39
