101.15
99.3277
99.8469
99.4008
97.3194
98.9685
100.017
100.136
99.3639
102.024
101.469
101.623
101.09
100.82
99.5206
99.6429
99.4569
99.9405
98.1968
98.4553
99.0912
99.5968
100.465
100.81
101.682
100.713
101.361
102.964
103.743
104.861
106.376
106.813
106.441
107.952
108.766
111.732
111.322
112.5
113.16
113.11
110.62
110.568
110.577
111.058
111.696
111.107
110.846
112.092
111.34
110.294
111.842
110.236
112.78
112.656
113.231
111.943
113.183
114.642
114.681
117.315
116.993
114.326
114.081
112.751
115.302
114.845
116.403
116.59
116.493
116.522
118.09
117.97
119.049
119.612
119.779
122.283
124.35
123.255
125.791
123.581
124.507
126.934
124.106
121.692
122.794
119.667
120.025
117.628
115.456
118.278
119.08
119.351
119.527
117.006
117.151
115.494
116.457
116.612
115.918
115.502
114.469
113.173
113.484
112.554
113.818
113.788
114.121
114.017
113.54
112.944
112.086
113.529
112.639
112.336
110.669
110.723
111.354
114.156
112.795
111.204
111.079
110.944
112.39
110.423
110.382
110.258
112.05
111.669
111.892
113.956
115.593
117.683
115.399
112.579
115.019
114.946
115.965
115.649
116.174
115.026
114.295
112.367
113.498
111.401
111.211
110.638
110.764
107.087
106.249
104.903
105.9
104.733
103.889
105.276
104.599
105.97
104.455
105.84
104.889
106.517
102.621
101.674
100.395
99.0984
98.8791
98.4713
98.8638
100.922
101.321
99.8481
99.1762
98.131
96.7073
96.5711
95.5519
94.5553
96.8078
96.5748
98.4279
98.9822
98.5459
97.4584
98.1748
99.4546
100.396
101.137
102.808
104.349
104.293
103.408
104.765
103.997
103.161
105.055
104.964
106.577
108.043
109.597
109.198
111.86
110.735
109.405
110.718
111.714
111.429
113.317
113.753
113.831
112.814
110.491
110.581
109.692
111.38
111.754
110.372
111.506
113.276
114.2
114.177
115.536
114.897
116.916
115.862
112.458
111.856
114.04
116.212
115.886
117.111
112.704
112.021
112.102
110.778
111.857
113.977
113.241
114.208
113.98
113.31
112.766
115.868
116.577
115.818
115.917
117.692
120.772
119.425
116.665
116.809
115.3
115.405
116.93
117.082
118.382
118.036
117.012
116.494
117.072
116.774
114.328
115.542
116.194
115.768
115.566
116.504
113.301
112.597
110.734
115.471
115.43
116.061
114.612
116.003
115.343
115.218
120.496
121.968
121.604
119.377
118.358
119.711
121.209
121.688
123.532
122.776
118.284
114.623
116.563
117.272
114.663
115.518
112.131
112.759
114.33
113.301
111.78
112.21
112.83
116.242
114.884
112.191
110.443
110.759
110.159
109.18
107.73
106.668
106.019
106.576
105.011
104.945
103.742
104.213
102.108
103.162
105.273
105.395
104.573
103.518
107.527
110.057
110.35
111.269
111.359
112.408
115.003
115.74
116.457
118.495
118.963
119.336
120.039
120.244
119.741
120.975
123.536
122.585
121.914
121.055
118.73
119.537
120.721
118.846
118.873
119.163
118.594
117.138
119.948
119.447
123.028
122.102
120.253
120.243
121.055
118.189
116.534
113.343
113.237
114.598
115.443
117.021
117.297
115.92
118.248
118.967
117.254
118.991
120.364
122.619
124.265
125.313
124.963
123.016
122.055
121.192
122.255
124.765
125.877
125.218
125.303
123.225
124.055
122.373
124.096
123.984
124.388
123.071
124.604
124.647
123.915
127.415
125.624
128.351
128.371
128.1
125.273
124.836
125.251
127.216
126.33
124.029
123.186
122.968
120.305
120.782
119.055
117.701
117.095
117.907
115.336
116.599
115.263
117.088
116.091
112.944
114.255
113.978
113.411
114.585
115.043
116.133
115.454
114.479
113.189
111.003
111.7
113.861
110.13
109.748
111.972
113.378
112.672
110.411
109.027
107.883
107.233
108.799
107.773
108.639
109.796
109.597
109.834
106.896
104.602
105.155
105.271
103.405
103.528
102.158
104.872
103.657
105.442
103.635
104.293
104.758
106.861
107.137
108.38
109.676
109.85
108.005
106.183
106.923
106.129
104.298
103.225
103.502
103.598
104.806
107.58
107.916
106.49
108.279
109.731
110.012
107.804
108.345
109.481
110.612
112.446
111.931
112.395
111.021
109.155
108.218
112.66
110.122
110.794
109.058
109.785
109.527
108.24
109.618
106.901
107.902
107.22
105.503
106.972
106.196
107.882
105.448
104.27
104.147
103.134
102.202
103.199
102.578
102.269
102.944
103.388
102.616
103.785
102.68
101.423
102.32
100.888
100.497
101.194
99.6371
100.178
101.051
99.4962
99.9327
99.5504
99.3147
100.102
98.0008
97.2875
95.0736
95.5539
96.5059
97.5882
96.6074
96.5894
95.7797
93.5101
92.3414
93.1514
91.9504
91.1085
91.1313
92.0313
91.94
92.7109
92.9098
93.0358
94.02
91.3476
90.179
88.6577
88.6781
88.7234
87.9121
88.6349
89.1513
87.0962
88.2868
87.711
87.8729
89.4036
89.825
86.392
86.9137
87.2094
86.1988
84.863
83.9116
85.2608
84.2353
82.0894
82.1908
83.1843
82.8805
84.3075
83.8929
84.064
82.6328
82.4969
82.8513
83.5665
83.8843
84.3401
84.547
84.6224
83.7881
84.7889
85.4379
85.8292
85.5064
86.7303
84.8613
84.0062
85.1043
84.5163
84.4494
84.775
83.4827
82.914
82.7353
82.6821
