99.1519
99.4189
98.6074
96.7088
98.128
98.6463
98.1955
97.8471
98.1239
100.437
98.8101
97.2607
95.3452
97.0282
95.8799
94.4106
94.4119
93.6116
92.9356
93.2399
92.6168
91.6108
92.6374
93.2319
92.3818
93.9682
93.1691
92.6801
92.4591
91.0692
90.8249
92.4752
92.0207
92.8823
93.1558
91.1162
92.7342
89.7141
87.645
87.939
88.0116
89.5879
88.7995
88.6452
88.8927
88.5088
88.1855
86.5677
85.3458
86.8126
87.9312
88.757
87.0387
88.5492
88.2932
89.3745
90.3516
90.4381
92.1647
93.1109
92.4987
93.1213
92.6119
92.0337
92.2568
94.8826
96.0429
97.4047
99.0272
98.9056
99.4235
97.9043
97.5773
96.2155
96.9101
96.6591
97.4389
97.5435
97.1862
98.4965
99.6231
99.698
99.834
98.8933
101.362
102.707
100.451
100.293
101.821
101.44
102.867
104.04
102.683
101.728
100.771
101.751
100.749
101.441
102.304
101.962
100.403
98.7452
97.0893
96.3614
99.3721
98.808
100.485
100.717
98.7121
99.4393
101.028
101.647
102.874
102.596
103.152
103.193
103.798
103.412
100.708
99.3461
100.015
100.814
100.662
100.917
100.245
101.576
100.152
98.2831
98.7395
99.2494
100.988
103.485
102.343
102.25
102.689
102.261
103.086
103.878
104.458
103.314
102.078
103.395
102.861
102.256
101.237
102.092
103.228
101.942
100.745
100.371
99.5887
100.355
99.5143
100.054
100.763
100.585
100.808
101.873
101.762
101.725
99.5217
99.6839
100.104
99.248
99.951
100.774
101.469
100.293
99.8859
101.436
101.579
101.25
102.934
100.382
101.148
102.849
102.526
104.082
104.095
103.57
104.242
103.422
104.31
106.275
103.652
104.212
103.669
104.418
102.785
105.28
106.171
105.474
104.735
103.028
103.851
104.628
101.599
101.844
101.052
100.085
98.8743
96.9534
97.5266
99.9043
97.9212
100.346
99.7501
97.4822
96.7651
96.1432
95.6376
97.9106
97.2383
95.9804
94.7293
93.5718
94.6169
95.1905
94.2937
93.805
92.9629
90.1025
90.6362
93.1985
94.3805
95.9131
97.7198
98.6876
99.5735
101.068
100.947
101.499
101.778
102.079
101.988
102.435
102.19
103.959
104.452
107.311
107.749
106.682
105.152
104.31
104.896
104.485
102.931
103.07
103.209
106.114
106.215
104.707
104.863
103.753
104.698
104.234
104.304
103.352
103.905
104.855
105.865
109.05
109.232
108.227
108.76
108.009
109.587
110.487
111.038
110.324
110.727
111.549
110.194
109.255
109.944
108.041
105.779
104.226
104.485
104.884
104.979
103.403
106.511
105.798
106.018
106.541
106.616
107.808
108.587
107.515
107.556
108.231
105.933
104.365
102.017
101.871
99.7376
99.5642
98.546
99.1741
100.847
100.304
100.054
101.117
101.907
101.837
100.716
99.7668
99.6268
99.7706
97.7647
96.0117
94.8068
95.3815
95.023
94.0925
93.9281
96.6359
97.5921
98.5948
100.388
100.108
101.156
103.327
103.665
103.083
102.341
103.251
102.774
104.616
103.892
101.004
102.182
104.402
104.176
103.89
104.172
102.914
100.678
97.3966
96.2605
96.8147
96.0994
93.8504
94.4488
93.7262
93.3343
94.6622
95.5795
95.7089
97.0621
95.8
96.4433
99.2258
98.4719
100.239
99.5985
100.143
101.244
103.525
103.825
102.064
102.876
103.042
103.12
103.647
102.745
103.876
105.056
104.129
104.32
105.815
103.881
107.273
108.421
107.434
109.448
109.866
109.745
109.061
105.899
106.371
105.563
105.532
105.467
106.054
107.732
105.679
106.59
105.985
107.55
106.377
107.135
106.321
104.748
102.327
102.46
103.755
104.693
107.209
107.965
107.703
108.652
109.616
109.754
110.574
110.942
110.278
109.83
111.127
112.696
113.329
114.348
114.538
116.982
114.445
113.589
113.547
113.495
113.125
114.087
113.192
112.661
116.315
115.323
116.556
118.353
120.253
120.622
122.778
123.906
124.13
124.839
126.473
123.549
122.645
122.179
122.074
120.684
121.507
119.712
118.468
120.001
119.263
120.398
120.302
122.04
122.34
122.098
122.18
123.291
120.298
122.494
123.241
127.777
128.887
130.526
129.794
131.945
130.242
129.727
131.741
133.137
133.133
133
133.911
130.986
129.618
127.129
129.631
128.308
129.459
131.318
132.358
131.364
131.651
129.029
129.821
130.085
126.57
126.187
124.09
125.731
128.102
129.418
132.038
132.428
133.267
134.781
137.632
137.759
136.776
135.625
134.084
136.867
137.104
138.109
136.692
137.77
136.853
136.03
137.231
137.989
134.472
133.42
133.291
132.457
134.032
136.202
135.744
134.682
136.525
137.208
136.509
133.397
134.313
132.205
131.513
131.544
128.509
127.071
129.477
129.214
129.073
129.567
132.845
133.656
131.357
132.392
131.903
129.862
129.516
129.927
129.825
134.204
134.21
135.901
139.769
137.63
136.429
138.281
142.703
141.997
143.493
141.38
143.205
143.16
143.347
142.89
139.254
142.573
139.771
139.938
141.035
141.688
143.579
145.659
146.299
145.746
146.019
144.913
143.705
144.122
143.318
144.509
148.376
147.228
147.016
143.784
142.831
139.585
140.317
140.277
140.177
138.761
138.702
136.196
138.071
141.097
139.429
140.232
141.109
140.704
141.952
142.857
141.483
143.206
142.837
144.476
145.584
145.613
145.334
142.264
140.248
142.501
146.145
146.454
144.546
145.527
143.09
