98.2771
97.5076
95.8378
95.2501
95.9716
94.3629
95.293
93.282
92.7933
93.9571
94.5168
94.6201
94.7539
94.2342
95.1246
95.3998
95.2713
94.0416
93.534
95.1836
92.445
93.919
92.5539
94.8343
93.5082
92.307
92.8812
92.6704
89.1706
87.7531
88.9832
87.9729
85.1262
84.9654
86.4813
86.2398
85.1859
83.096
81.7218
82.856
83.5873
82.6757
83.2277
82.9589
83.8471
83.6233
83.0868
82.4321
80.4912
80.631
78.8449
78.3639
78.3406
78.0875
78.7961
76.2944
76.2473
77.7554
78.1833
78.1138
75.8094
76.4915
75.662
73.5166
74.5388
75.2996
76.5652
75.6543
75.8718
76.2054
75.9594
75.9862
74.9413
75.2113
74.7698
75.6428
76.3932
77.0268
76.4535
76.0016
75.5418
76.5967
74.8341
73.6998
72.2718
70.7573
71.8253
72.3984
73.3639
73.1257
71.1688
71.2174
71.044
70.2411
68.3611
68.605
68.2716
67.8516
67.6048
67.1011
67.5195
67.4144
68.5159
68.9913
68.8098
69.1821
69.2368
70.4958
71.4118
70.6185
70.801
70.6723
70.74
71.7215
72.111
71.9129
72.2061
72.637
72.4588
73.5872
73.4023
74.7319
75.6383
74.9077
73.7915
73.0954
73.6618
73.2816
75.3691
74.0505
73.5001
72.874
72.7383
72.2881
74.0803
73.3372
72.9467
72.9469
72.9282
72.9552
72.679
72.6259
72.8493
71.6319
71.9504
72.6616
72.8542
74.0088
73.4646
73.1542
73.7031
74.3362
72.7162
71.3195
69.9714
69.4594
69.8544
69.565
68.5992
68.68
69.0439
69.346
70.5912
70.2625
68.8684
70.428
70.7553
69.8099
69.7206
68.8331
69.2989
68.7104
69.8116
70.4263
73.2671
72.549
73.1208
73.0434
72.3857
73.1784
74.4658
76.0858
74.8598
74.3303
74.8788
74.0107
75.1689
74.389
73.4191
74.3217
74.6494
73.6089
71.8791
71.3856
70.9815
70.9107
70.2673
70.6751
69.4715
70.1013
71.1224
70.9269
72.0095
72.7258
72.5968
72.9652
74.002
74.3171
74.9442
75.2273
74.3159
74.8935
74.9133
74.3989
73.8297
74.3513
73.4627
72.9832
73.1627
73.0603
72.1093
71.7705
72.5978
72.0129
72.6909
73.218
72.8431
72.7814
72.8348
71.5736
71.8246
72.1526
72.1533
71.4924
73.3193
75.0636
74.3525
74.6907
75.6359
76.2026
77.3029
78.0501
77.2394
77.6006
76.629
75.9095
75.8573
75.5345
75.4492
75.6722
74.6356
74.6645
73.0851
73.4388
72.0306
70.7768
72.3369
71.1752
70.5698
71.7427
71.8594
71.6773
73.5782
74.7604
75.6743
75.3225
75.3592
75.8519
75.0079
77.269
76.4453
76.1853
74.9952
73.1507
72.4455
71.5268
70.0617
70.1589
70.0651
70.5474
70.8989
71.1509
72.1302
72.4383
72.8877
70.689
71.116
70.0117
68.3387
66.855
67.1999
68.2074
68.105
69.7792
69.9905
70.696
70.757
71.4721
71.8287
73.4337
73.0253
73.062
73.1914
72.324
73.9869
73.1546
72.9818
74.6811
74.8173
74.4426
74.4458
73.6646
74.2221
75.1376
76.9114
77.5561
75.7808
76.1765
73.5998
73.1018
73.9083
72.9249
73.1899
73.0941
72.612
71.5218
69.9165
69.4754
70.2216
69.8507
69.8352
70.4901
71.0705
70.5896
70.1029
71.9748
72.4427
71.6589
72.773
73.1221
72.182
70.7499
70.486
69.4334
70.1656
69.5779
69.5331
68.3394
67.3041
67.9589
69.1128
70.9415
71.1262
72.6631
72.7468
71.2022
70.0837
70.8526
71.4381
71.1821
70.2116
70.3056
71.4714
71.3588
71.668
72.7597
72.929
73.9751
75.0995
75.2278
74.652
72.9438
73.1498
73.09
72.2392
73.409
73.9035
74.5542
73.8932
74.0753
73.9883
72.5732
70.9768
69.7675
68.9878
67.8253
68.0548
68.1056
69.8711
69.9378
69.7422
70.4281
70.4561
70.0729
71.9747
71.7618
71.2971
72.228
72.1156
72.7449
73.2818
73.831
74.3907
77.5715
76.888
79.0756
79.4078
81.029
81.7421
81.5391
81.6017
80.7274
79.7274
79.8661
77.957
76.7221
76.1667
76.6893
77.0062
77.4537
76.2158
76.4193
74.4533
75.2968
73.8829
74.1613
73.778
74.1898
75.2532
74.245
75.3565
76.8789
76.1864
77.554
76.4708
77.5075
76.7931
75.6256
75.2841
74.9247
76.2884
77.9802
79.458
79.7944
79.0531
78.0136
75.9774
76.8839
76.7445
77.2366
78.2928
79.4114
80.5066
80.2079
79.1836
79.9412
79.8128
81.5644
83.8105
84.5558
83.5255
82.8469
81.4274
81.9981
82.1175
80.5595
79.7467
80.4355
78.9127
79.6866
79.3112
79.2357
78.6303
77.6905
76.5156
77.8632
77.9406
76.8236
75.5983
75.2946
75.8438
76.448
77.0281
79.5073
80.8797
81.207
80.4387
80.615
80.2096
79.2349
79.3165
77.7697
78.6676
78.3453
77.9187
76.9161
77.9313
76.9585
77.6615
76.6296
77.2141
77.6087
77.2144
77.5372
77.2229
77.1392
76.9333
76.6556
75.0142
75.4886
75.5762
75.6169
76.9428
78.3426
78.2149
76.3676
75.6594
73.5776
75.765
74.591
71.5645
71.0422
71.8437
71.7636
70.312
70.5138
68.915
70.2898
71.6951
71.5632
70.2418
69.8094
70.1854
68.6318
67.1434
66.3119
67.4293
68.9174
67.4898
65.4348
66.3351
65.8016
67.1859
67.2441
67.7225
67.8228
67.9598
67.812
70.4406
70.4762
70.8144
71.0254
70.3818
70.5206
70.2723
69.9639
69.1388
69.4816
69.0534
68.0399
68.0046
68.0589
67.5943
67.4498
67.4724
67.3146
68.37
68.9865
67.4297
65.825
64.6201
64.673
63.8485
63.6336
64.2146
64.5834
65.0953
64.4805
63.7034
64.7254
63.9743
64.405
63.3103
62.9678
62.5163
63.8822
63.6998
62.8389
63.776
64.8602
65.3687
66.2474
66.0702
67.5348
66.4253
64.7388
64.5218
63.6763
62.7309
61.9822
