99.2657
101.184
101.019
102.088
101.508
101.28
101.542
99.4762
97.8103
97.6647
98.2631
97.8734
100.616
100.353
99.7061
99.813
100.323
100.475
100.973
100.121
99.6445
100.844
100.282
102.047
101.069
100.294
99.7189
102.173
103.759
102.427
102.909
104.383
104.493
103.133
102.432
103.443
104.469
103.744
104.959
106.209
105.759
105.597
104.981
103.827
103.715
103.666
105.173
104.619
103.812
103.655
104.1
106.247
107.783
107.115
106.969
106.583
107.172
108.605
106.256
109.054
106.337
105.7
106.856
105.888
106.374
107.649
106.454
105.059
106.681
105.984
106.924
107.86
107.22
106.477
106.585
105.848
107.035
104.443
106.003
107.503
108.57
108.622
107.705
108.118
109.758
109.43
108.954
109.253
109.912
109.391
111.154
114.351
114.921
116.57
117.261
119.84
121.207
121.031
120.086
119.384
119.434
116.831
114.812
113.389
115.683
113.904
110.867
109.159
110.495
112.261
109.521
111.41
116.44
116.825
117.08
115.19
112.773
112.959
113.652
112.996
113.084
112.911
110.267
111.284
109.837
111.293
112.245
111.292
109.575
109.787
109.394
110.244
110.304
112.731
111.291
108.325
108.901
105.411
106.053
106.073
106.418
107.53
108.355
108.15
108.153
107.951
109.786
109.186
108.737
105.224
106.008
105.584
106.587
107.147
108.694
106.725
106.638
106.515
106.547
107.462
107.399
107.014
105.706
105.114
102.82
103.244
103.996
106.762
106.91
107.452
107.104
107.227
106.282
105.526
104.522
104.971
104.592
105.188
105.033
104.316
104.135
105.665
108.732
109.268
109.299
109.438
109.237
111.962
111.87
108.689
106.877
105.172
104.68
105.568
104.363
103.492
104.765
104.701
103.381
104.283
101.484
101.584
99.7723
97.9198
97.6185
97.57
97.002
98.1961
97.9454
98.6935
99.1204
99.8784
99.9572
97.5107
97.7285
98.437
98.8248
101.243
101.52
101.605
100.572
99.5632
98.9306
98.3193
97.5018
97.692
97.3535
98.7161
101.316
104.036
105.374
103.576
102.521
99.7898
100.675
99.8876
101.572
102.392
102.508
101.066
99.3366
98.5093
101.002
101.649
102.896
102.556
101.577
103.101
104.212
102.683
101.024
103.255
105.414
104.572
102.927
103.007
102.958
104.079
102.216
102.688
102.973
103.233
101.483
99.7937
100.642
99.535
101.45
100.822
99.8499
98.5981
98.0516
100.104
99.7568
100.716
100.663
99.9387
100.731
101.856
102.385
101.767
104.79
103.194
102.481
100.45
101.138
99.9547
100.91
100.831
99.2043
97.7013
98.5908
98.7997
97.5424
97.9183
99.1558
98.4382
100.402
99.2206
99.2577
99.7307
99.0525
99.8519
100.975
99.7258
97.0022
97.8726
95.9476
97.5682
99.6033
99.7941
99.8388
99.8336
100.177
100.393
100.468
100.387
99.991
97.9834
99.4723
98.8205
97.5803
98.0962
98.465
99.6908
98.2395
96.9113
98.146
98.4332
99.2546
100.181
102.607
102.949
103.015
101.374
100.947
99.4606
99.5506
100.315
100.602
100.033
101.005
101.327
103.024
103.7
105.678
104.929
105.133
105.727
103.292
103.63
104.176
102.64
102.068
102.364
102.454
100.592
100.903
100.569
101.508
100.615
100.93
103.143
100.836
100.49
101.705
101.043
101.262
99.8667
99.6915
101.391
98.4852
96.767
95.7851
95.5437
96.3149
95.5797
95.7167
96.7888
97.9168
98.9759
99.4742
99.3887
99.6563
99.0891
98.1068
98.9799
98.7206
99.3135
97.4657
98.3371
98.2225
96.9016
96.9171
95.7046
97.4345
97.3629
97.9355
97.8486
96.3806
96.5192
98.6868
100.038
99.5433
100.505
98.3083
97.9147
99.4853
97.3696
96.3054
96.5726
95.4723
94.4544
92.3097
92.7336
92.2421
93.3359
95.1931
94.1285
94.5081
96.0463
96.944
97.2386
98.3402
97.8595
97.9096
97.4712
96.0475
95.3853
96.5066
97.1918
97.891
97.3015
97.8545
100.467
101.764
102.46
103.655
103.826
102.607
103.215
103.756
103.281
104.202
106.698
109.67
110.189
109.323
109.325
109.319
109.398
108.247
107.731
107.267
107.594
108.579
109.994
106.908
105.804
106.249
105.975
105.618
106.072
103.967
103.875
104.054
104.67
103.687
104.734
105.816
107.117
107.685
106.873
107.915
108.313
106.573
106.852
105.05
103.472
105.578
106.306
106.573
105.466
105.859
106.825
105.232
106.009
106.973
107.242
108.237
108.304
107.535
106.269
107.302
107.693
109.343
108.931
109.51
109.657
109.959
108.953
110.3
108.405
106.364
104.206
104.286
102.031
103.186
104.648
103.615
105.228
105.519
104.235
105.514
106.06
106.487
104.477
105.834
105.407
105.014
104.937
106.369
109.327
110.405
111.998
113.251
112.615
112.362
111.572
112.102
109.535
109.251
108.488
109.975
109.237
107.727
106.34
105.811
106.199
105.564
106.433
106.503
107.297
106.13
107.45
108.126
108.422
107.174
107.553
105.071
102.628
102.9
101.433
101.825
101.62
101.04
97.3104
95.3763
96.8061
95.6183
95.8355
93.8202
94.2003
95.9769
94.2368
94.2724
91.9578
91.2209
91.0307
90.2558
90.6207
90.02
90.88
89.3434
89.3878
89.9557
90.022
89.7123
90.6696
90.8094
91.3036
91.4423
91.4039
91.7865
92.0628
93.1103
93.2609
94.4393
93.8703
94.717
93.0501
93.3776
92.1292
93.1776
94.5621
92.4219
91.5544
90.8393
89.8833
91.0259
91.3249
