100.768
100.455
101.017
101.01
102.092
99.4634
100.528
101.099
103.191
102.422
102.966
102.466
102.102
102.805
102.653
103.736
102.287
101.981
102.462
101.231
102.341
104.281
103.604
103.037
101.017
98.0117
98.8475
98.9591
99.8055
99.3663
100.933
101.01
100.503
100.874
103.133
103.067
102.372
101.604
103.362
103.454
102.248
102.035
101.68
101.029
98.6081
100.46
99.2167
99.1183
99.2405
99.3596
96.2425
96.6983
99.6075
99.8058
101.644
98.8533
97.951
97.5925
97.3715
96.3295
96.2267
97.7165
97.1479
97.4438
96.3387
96.2601
94.4313
93.9451
92.9775
93.1954
94.6622
94.3036
95.909
96.1724
94.6393
94.6117
94.3525
93.9116
92.9428
92.8919
92.1345
91.5402
90.7025
91.8254
92.2545
92.3392
91.3649
92.8672
92.1913
93.0589
94.0678
93.3084
93.7997
93.4922
95.0922
93.256
94.0745
93.0876
93.4321
93.662
92.4576
92.8666
92.5472
94.0563
93.3978
91.9407
92.5788
92.5253
92.333
92.8805
92.8947
95.5283
95.4238
94.5224
96.4425
96.636
97.189
97.6589
95.7743
95.069
95.6481
96.7066
95.2084
94.9092
94.1747
94.2538
94.2297
96.3241
93.298
94.3012
94.38
94.9661
95.3601
94.0131
93.1989
95.7873
92.6144
92.7297
93.4052
90.6573
90.6106
89.1331
90.8803
89.4426
91.8312
91.5528
91.2914
88.8133
88.9539
90.7546
90.853
92.1866
92.0517
90.877
89.6264
88.5704
88.6049
88.3066
90.0445
88.9547
87.6566
88.1025
87.7312
88.3244
87.973
87.1544
85.8913
85.3802
87.4585
87.2973
87.4934
87.4344
87.6399
86.9356
84.7862
84.8466
86.3713
85.9179
84.5844
83.5175
84.1389
84.3814
83.0174
82.0907
81.4174
81.7373
83.0078
83.0061
83.27
83.3314
84.3739
85.2151
87.6507
87.8688
88.2452
89.2779
88.497
86.7227
86.2544
86.1828
86.317
85.058
83.3838
83.2758
81.8698
81.6638
80.881
81.9816
81.4526
82.3735
83.0212
81.4555
82.5526
81.9497
81.9167
84.4466
85.7314
85.2901
85.1481
87.1523
88.1658
88.0738
87.7089
87.5655
87.1013
87.5764
87.6332
88.1623
88.543
91.0754
91.4321
91.1328
91.1842
92.839
92.6291
91.338
91.3839
90.7491
90.5864
90.5777
91.0827
91.9237
93.1346
93.0617
93.8359
93.7322
91.2658
91.6505
92.3226
91.7287
93.0121
92.6825
93.3605
93.7208
94.0447
94.4669
94.5538
96.0456
95.0433
96.7584
97.5718
95.3478
96.1465
94.0107
97.3905
97.073
99.1186
99.1704
98.0145
99.1734
98.2318
98.2966
97.2958
97.4574
96.387
96.4276
96.0166
96.0345
95.7438
96.8296
97.9009
98.5115
97.2059
95.091
92.1652
90.9235
91.8798
92.3978
91.0784
91.3149
89.9341
92.8093
95.1151
96.3824
95.2967
95.7232
95.3291
95.1542
93.8412
92.7009
92.2966
91.5491
90.8599
92.5526
93.0912
92.9316
94.1535
95.0684
95.5808
95.2818
93.9955
94.3839
94.7776
93.9549
95.723
95.2562
94.0808
94.0774
95.7572
96.0272
97.3547
97.1865
100
100.675
99.1274
98.9861
99.274
100.633
100.535
100.662
100.329
100.09
99.7498
101.096
102.873
102.774
102.515
103.47
104.065
106.372
103.813
105.537
109.234
110.707
111.873
110.777
110.022
111.177
113.206
114.501
114.44
113.778
112.281
113.028
112.047
113.027
113.223
114.36
114.302
114.632
114.237
115.313
116.209
118.661
116.63
117.196
119.243
118.88
119.118
121.84
123.885
123.202
122.064
122.528
120.154
119.632
121.064
124.36
124.224
124.195
126.756
125.364
123.995
122.22
123.329
126.464
128.792
127.823
129.355
130.907
131.836
129.039
127.545
128.107
126.582
126.437
126.909
124.396
124.953
126.093
128.841
130.413
130.515
131.821
134.435
132.686
132.982
128.983
127.84
125.876
124.527
125.144
122.608
121.843
123.164
121.809
124.173
123.329
122.628
123.96
125.329
126.594
125.829
124.407
125.096
125.563
123.816
125.466
124.637
123.714
124.661
125.38
126.257
123.197
123.086
123.022
122.691
123.559
123.09
123.766
125.645
124.596
123.452
120.897
121.616
122.664
122.97
121.232
121.157
120.024
119.403
116.764
117.622
118.307
119.719
119.018
119.469
117.531
116.054
114.216
112.251
112.718
112.773
113.415
113.11
110.485
108.553
109.505
110.247
110.048
110.62
110.246
110.437
110.909
111.273
110.324
110.116
111.809
110.902
108.701
107.443
106.686
108.598
108.263
107.89
105.957
105.652
105.736
105.597
105.748
106.217
105.047
103.432
104.701
105.283
105.578
105.261
104.291
104.697
105.501
106.598
106.013
107.807
106.867
106.997
104.633
103.192
103.883
103.584
103.981
102.807
105.399
105.568
105.469
104.249
103.711
106.134
107.463
106.806
107.461
108.025
109.796
108.997
108.008
109.346
108.747
110.004
110.386
111.159
112.31
110.181
109.335
109.301
108.629
107.761
109.275
108.529
108.709
108.536
107.728
106.118
103.934
105.763
108.327
107.755
107.482
106.65
108.394
106.366
106.357
109.905
109.154
110.168
109.87
109.988
112.682
114.149
115.191
115.69
116.891
113.703
114.963
112.706
110.714
109.907
110.911
112.713
113.483
112.808
112.021
110.293
110.975
111.376
112.177
113.697
112.914
113.616
114.786
116.164
119.578
116.949
118.074
116.73
115.6
114.018
112.759
114.155
116.979
116.72
114.977
115.541
115.954
116.159
115.172
116.446
117.95
118.703
117.376
117.054
115.808
