98.8668
98.3874
99.8024
101.186
101.392
103.69
100.057
100.961
101.297
99.4367
100.076
99.3133
98.2312
97.9959
96.0771
95.5762
95.8971
97.3364
98.649
100.727
98.337
96.4136
97.3295
97.8549
98.9389
99.1203
98.4717
98.5652
97.9363
98.4221
98.5825
101.601
100.414
101.075
97.6461
96.7776
96.8708
95.206
96.4669
96.7034
98.8599
101.203
102.081
101.603
101.668
103.301
103.026
101.437
102.355
101.694
101.542
102.869
101.816
102.226
102.245
99.7815
99.7142
99.5835
101.419
102.379
102.936
102.485
103.433
104.97
102.462
102.089
102.665
102.664
102.408
103.414
102.993
101.567
102.677
103.089
103.752
104.787
106.432
104.556
106.77
107.398
108.342
108.339
110.162
113.656
116.178
117.565
115.72
116.219
116.269
116.509
117.12
116.324
116.699
114.305
115.028
112.723
113.466
112.258
112.258
112.364
111.17
108.774
107.636
109.619
110.448
108.583
107.193
107.274
107.955
105.541
105.313
104.491
103.374
101.641
102.584
102.999
102.916
102.919
102.453
101.826
101.53
100.916
101.082
102.64
101.064
102.285
102.682
101.388
102.982
104.816
102.274
102.019
103.04
101.6
102.732
102.95
103.388
102.896
103.096
103.146
103.118
104.292
102.496
101.52
103.483
104.112
105.21
105.433
103.11
103.485
102.07
102.217
101.995
103.26
102.924
102.739
102.822
102.849
104.679
104.293
106.649
105.348
108.547
110.484
109.679
108.139
107.606
106.928
108.002
108.83
107.817
106.908
109.971
111.359
111.08
111.824
110.643
109.823
110.555
111.188
109.746
110.294
110.994
113.218
111.711
112.437
111.456
113.352
113.392
114.367
115.577
116.514
115.362
113.523
112.512
111.171
110.589
112.492
110.804
109.593
112.089
114.047
114.836
114.558
113.633
113.677
113.661
113.821
113.763
114.173
112.947
114.04
112.124
112.393
114.626
113.722
113.105
112.321
113.166
110.493
109.875
108.52
109.153
110.082
109.764
107.614
107.251
108.232
103.799
105.252
108.783
105.074
104.825
101.684
101.121
100.893
100.873
100.512
101.503
101.673
102.73
104.258
104.093
103.474
104.87
103.876
103.246
103.486
102.289
101.073
99.1644
101.065
101.791
101.582
100.69
100.293
101.161
102.057
101.551
102.679
101.559
99.8641
98.342
98.422
98.4938
99.4481
99.59
98.8694
98.6657
98.6229
99.1802
100.242
100.932
99.0271
98.962
97.2734
96.3619
98.079
97.8392
98.1333
99.0115
96.7675
96.34
97.1799
97.3817
98.9702
99.4302
98.2747
98.1154
98.0077
98.868
100.338
100.279
101.831
102.198
102.67
101.132
99.3043
98.2624
97.3138
98.0652
99.0427
99.2
99.3365
97.6962
99.812
100.767
102.92
102.695
103.158
103.224
104.146
104.09
103.216
104.995
106.534
107.388
106.983
108.009
107.217
107.592
109.661
111.6
111.473
111.561
110.852
112.417
113.957
113.603
113.35
113.104
112.121
111.674
111.53
111.443
112.002
111.258
111.565
111.667
111.963
114.637
114.315
113.886
113.586
113.443
115.679
117.818
117.324
115.901
116.678
117.273
115.043
112.844
113.612
114.358
114.273
115.191
114.21
114.916
115.42
115.711
115.393
114.206
113.386
113.395
110.346
111.647
109.512
109.669
108.993
109.251
108.98
110.064
110.045
110.66
109.072
110.398
110.566
110.677
111.621
114.366
115.176
117.931
115.891
113.804
114.571
114.044
111.524
112.136
113.021
114.591
112.633
110.511
110.47
110.632
109.364
108.565
107.497
106.948
109.174
105.823
106.033
106.75
105.99
106.163
106.706
107.327
106.358
107.046
106.13
105.837
106.276
108.111
108.024
108.984
107.069
110.46
112.638
114.058
114.52
114.95
114.126
114.962
115.724
115.32
113.579
115.306
113.696
115.537
115.958
116.349
117.536
118.294
118.322
118.665
120.269
120.537
121.325
121.457
119.906
119.063
123.545
127.281
127.45
127.125
125.519
121.97
123.15
122.99
122.949
121.106
120.084
121.215
119.986
118.339
120.778
118.517
120.326
120.205
121.391
120.999
120.711
121.634
122.541
121.664
123.391
122.49
121.758
122.99
120.427
119.352
116.773
117.953
121.873
118.928
117.413
117.18
115.103
114.438
114.999
115.779
118.176
118.639
118.159
117.199
118.364
117.41
117.224
117.26
117.793
118.346
119.942
122.316
121.878
120.363
120.015
118.341
118.146
118.969
117.183
116.316
115.505
116.124
116.763
116.911
117.445
115.795
116.038
114.417
113.986
114.604
116.076
116.464
114.111
115.119
114.753
113.319
113.697
112.681
110.589
110.76
109.845
110.525
109.3
108.496
109.504
109.181
106.444
104.517
106.382
106.117
108.125
107.861
107.566
104.064
104.126
102.555
106.216
107.018
105.541
105.978
105.903
104.709
102.082
103.737
104.363
103.984
102.436
102.976
101.662
103.348
101.891
102.977
103.292
102.267
100.488
100.258
100.738
99.5714
100.678
99.933
100.559
100.636
102.651
103.888
102.59
100.774
101.327
99.6909
100.097
98.2159
98.8759
102.365
103.349
101.585
100.092
102.232
101.253
103.072
104.525
104.28
103.948
102.344
102.954
101.002
100.603
100.904
100.389
99.0549
98.9602
99.8332
100.782
99.4957
97.0874
98.5619
99.3228
97.7971
98.2731
98.3183
98.0954
