98.7517
97.4373
97.3603
99.1313
98.5986
97.4697
96.3669
98.687
97.2263
96.9277
98.8607
97.6499
96.0694
98.9183
99.8938
98.2293
99.4598
100.836
99.6469
99.169
100.438
101.626
100.919
100.411
99.946
102.028
100.892
100.691
101.395
102.89
103.486
103.939
101.291
102.306
102.926
101.81
102.637
100.827
102.011
103.502
101.209
101.385
99.9884
99.4807
101.763
102.081
101.046
98.8658
101.079
101.261
100.156
100.552
98.7054
98.625
100.131
101.285
100.438
99.7601
101.918
102.6
100.083
99.6278
98.7048
97.8851
97.2732
95.1568
95.4528
94.6581
93.8902
93.6241
94.3736
97.5663
96.2729
94.5295
94.0839
94.8249
93.8892
92.1443
92.9454
90.7297
90.5543
90.5433
89.498
87.8946
87.7639
86.7477
85.4924
85.6143
86.5575
85.9727
86.6525
85.7794
86.3894
85.5446
84.9194
87.0442
86.4099
86.0033
86.6613
87.6592
89.5474
89.2236
87.3745
85.3833
85.6798
85.1568
85.4868
85.9761
84.1737
83.6013
83.8605
84.6836
84.3472
84.3432
84.9753
81.0159
82.2633
82.3059
82.9395
83.5171
82.5579
82.7531
83.1495
82.7574
82.0049
82.5179
83.5989
83.6906
81.7972
81.2574
80.8904
80.4557
79.162
79.7567
79.1129
79.7207
80.4398
82.8634
83.5366
82.5188
84.0781
83.9178
85.5079
85.9323
85.6532
85.729
87.5912
87.2411
87.9577
86.34
84.9533
85.0357
83.5863
85.1745
84.8027
86.117
85.2749
84.0268
82.3016
81.7095
83.0396
82.2622
81.8978
80.9976
78.5379
78.8717
79.0904
77.9202
78.5166
79.4684
79.7025
79.4677
80.7874
79.8762
81.091
79.9927
80.1175
79.3558
80.6695
81.9197
81.6317
81.6876
80.7632
79.3666
80.5147
80.7918
80.7863
82.204
82.2286
82.9224
82.1392
81.8444
81.9129
82.7417
82.6083
82.9726
84.4913
84.9335
84.6593
85.216
85.0805
84.243
83.5493
85.3895
85.6461
85.4886
86.8251
87.7361
87.3304
86.9152
88.1358
88.5422
88.8058
89.6195
90.4
89.8922
90.4953
90.178
89.5222
89.5652
88.687
88.2373
88.2923
87.6307
87.1666
87.9053
85.9314
86.483
86.968
85.5819
87.489
85.8767
85.7682
87.5387
88.411
86.5487
86.4234
86.7261
86.6407
87.7994
88.3219
87.2997
87.6088
86.4245
89.4459
90.5056
89.0974
89.4254
88.8437
89.9535
91.2783
91.1063
91.0952
92.7294
93.151
91.406
93.7166
94.7333
96.8958
97.8008
97.9409
96.7146
95.3822
94.4219
94.9876
95.1442
94.5883
94.4204
97.0823
99.6608
99.2635
101.069
100.221
99.1065
99.3056
99.0355
99.8142
98.8343
95.7671
96.9072
96.9874
96.8628
94.8811
94.0185
95.1971
94.2376
93.5175
92.1134
91.9973
92.0802
90.4266
90.6743
90.7641
92.8658
94.0437
91.5675
92.4503
91.4365
90.8407
92.5646
91.8118
92.6398
91.4275
89.305
90.2525
88.9014
88.0736
87.6806
86.5584
86.4174
87.2819
85.8155
85.913
86.292
83.829
83.393
84.5735
84.5439
85.1636
85.0996
86.3477
86.4826
87.7121
87.1088
86.228
86.1843
87.6321
86.6176
84.4833
86.3393
86.5545
86.7066
86.1516
87.1767
87.0901
86.7909
86.9213
87.1579
87.1301
86.9692
86.4979
88.1014
88.2776
87.7403
88.356
87.9666
87.5911
87.7682
87.9814
87.1117
85.7903
86.2711
87.8881
87.8544
87.104
88.6923
88.5577
87.5058
88.7574
89.2376
88.0287
88.2446
87.2818
87.8908
86.6556
85.759
84.2784
85.7396
85.6563
84.796
85.6506
87.4798
88.3848
89.0241
89.9989
92.1001
90.7165
88.7389
89.7892
90.7867
92.7309
92.3815
93.9605
93.0066
93.7111
93.5772
94.0797
92.7731
92.9818
90.5278
91.7991
92.9734
93.5799
93.8268
94.6922
93.4452
91.8239
91.5582
93.2173
91.7141
93.2422
93.0796
92.6983
92.7169
93.3897
93.0192
95.6108
94.3612
94.5087
95.067
96.8585
98.7712
98.7981
98.4964
96.8046
96.8838
96.6657
95.7354
95.7396
96.004
96.7265
97.0787
96.7492
97.6053
97.3583
96.3733
96.6781
96.9626
96.8383
95.1101
95.2393
95.0053
93.6303
93.2102
89.9247
89.3873
92.2215
92.0319
94.2778
94.8806
97.914
97.221
96.3603
96.7683
95.6577
96.275
94.1811
96.8347
97.5319
98.3427
97.3769
98.2283
100.855
103.228
105.221
106.183
106.066
103.097
104.086
103.234
101.126
99.4561
98.8221
97.7983
97.3414
98.5557
99.0932
99.3565
100.247
100.267
100.016
101.139
103.551
104.187
106.502
106.816
106.343
105.623
106.889
106.509
107.294
108.718
108.512
108.93
106.483
104.568
106.214
107.497
106.803
107.266
106.851
107.237
105.767
106.026
106.57
107.157
107.678
108.007
106.533
105.551
102.372
101.261
102.389
103.507
102.833
101.896
100.823
101.867
102.437
100.961
99.6458
101.558
101.057
101.862
102.996
100.929
99.1652
98.5326
96.3371
94.6857
94.0951
93.387
92.2807
93.5847
94.2485
92.7578
94.2432
94.6204
94.9525
94.6709
94.2611
95.1059
95.149
95.1495
98.0441
96.416
94.9222
94.8306
95.4568
96.7105
96.4005
96.0823
95.1166
95.8647
95.2516
94.8558
94.3351
93.4958
93.5103
93.0009
90.1296
88.6867
87.1802
87.8866
88.1132
88.5164
88.5001
88.3279
88.5343
89.9651
90.1808
90.5654
91.2891
91.9281
92.0312
91.696
90.0758
89.7619
90.4414
90.2428
89.8693
91.0881
92.8141
91.3463
91.9383
92.2749
91.8531
92.8375
92.5084
90.8952
92.3009
91.2078
89.9942
89.9926
89.0343
89.5962
86.6355
87.1684
85.8274
87.4148
86.7087
86.4543
86.4334
84.0647
83.8277
85.0484
85.1424
83.7652
83.419
82.4583
