98.6249
98.4159
97.6396
95.8834
97.0711
97.4623
97.7211
95.2523
94.5669
92.7009
92.5722
91.3669
91.15
91.8536
92.3304
92.5676
91.7935
91.6891
91.8675
93.0576
92.6412
93.4977
91.9532
92.2758
92.2614
91.1852
89.3229
88.0791
88.5113
87.7445
88.9154
88.1196
88.9356
88.5716
87.1125
87.4915
87.3612
87.316
86.4584
85.1563
84.8564
83.6092
86.1169
85.3797
87.498
87.1179
86.1406
85.3611
86.3234
85.6863
85.2932
85.1508
84.1624
84.4037
83.6822
83.415
84.1256
84.8748
83.2283
83.3146
84.9781
82.544
82.8365
85.1068
85.9677
86.8922
88.034
87.3188
86.5241
86.7298
86.6268
86.8206
85.2201
85.936
85.6927
85.2003
84.388
85.7789
85.5971
85.2615
85.789
86.2683
88.239
87.3054
88.3449
88.8328
88.2551
87.1117
88.3246
90.1831
91.1732
89.7585
89.8942
89.9249
90.0014
88.6973
90.4083
91.1888
90.9093
92.1302
91.7219
90.4455
92.343
93.4015
93.0841
93.7819
91.6767
92.5365
91.7634
91.7244
90.9593
91.1225
92.5764
92.7447
92.256
93.1477
94.0299
92.9651
92.8703
92.0016
92.8447
92.1209
92.163
89.9127
89.0524
89.5
88.4913
88.2291
88.1637
89.761
90.2803
88.5937
88.56
89.4458
88.6859
87.9487
85.8633
86.481
85.9119
85.3514
85.625
85.5737
84.1802
83.8842
84.5471
85.8239
87.4097
88.6546
87.8366
89.0761
88.626
89.427
87.591
89.7763
90.2198
90.989
91.8319
91.829
93.3907
92.3017
94.2194
94.6046
96.2178
95.1696
96.1826
94.0815
93.4078
93.8013
91.8388
92.0904
90.5044
90.8008
88.9652
86.9306
86.4105
86.0502
86.4872
86.0899
87.7425
87.8241
86.0586
85.8311
85.7224
84.8423
84.3894
84.7123
85.874
85.4173
86.2023
85.6159
84.9775
86.4502
85.9998
87.5829
87.1742
87.437
85.9193
85.6031
86.5522
87.1867
86.8206
85.8033
85.1954
85.6305
87.2562
88.4098
88.2517
87.3914
87.668
86.9042
87.6597
87.3254
87.5774
86.6488
86.4339
87.1338
88.9271
90.3264
89.0348
89.0115
89.1425
89.6762
91.8354
93.0268
91.5046
92.0823
92.2291
90.8209
92.3548
92.3019
90.9612
92.5461
94.4575
95.2482
97.3053
95.1784
96.4202
97.2719
98.315
99.369
99.3255
97.3174
99.194
97.1558
98.3622
96.0365
95.2106
97.8174
96.5938
95.9374
94.6709
94.6161
93.9243
94.9455
97.3671
99.1039
100.189
100.185
100.799
100.072
99.9909
100.164
99.5902
98.8547
98.6251
98.5226
98.7608
98.0873
100.846
102.201
103.298
104.467
102.57
101.091
99.6771
100.4
100.13
99.1396
99.6985
101.358
104.243
106.021
106.944
106.696
105.585
104.286
104.723
104.647
104.492
103.577
101.952
101.084
100.022
98.7545
98.6975
100.384
99.0268
97.6822
95.8735
96.4088
97.1331
94.0615
94.1235
92.998
91.4347
92.1254
91.6023
91.8737
92.3188
89.8499
91.2989
92.1713
91.7818
93.0332
93.704
94.5245
94.9998
95.5485
96.4723
95.0086
94.9175
97.2051
97.0565
96.3158
97.131
97.1619
96.838
95.8707
96.6398
97.1498
97.2939
98.4306
97.2441
98.5447
99.0281
99.4449
97.9662
99.0628
98.8062
98.6076
98.7098
100.129
99.7443
97.8407
96.9143
96.7042
97.0619
98.7976
97.995
98.0402
99.8964
101.097
99.7332
102.494
100.815
102.825
101.302
101.041
98.0082
100.354
99.0332
99.4477
100.566
100.77
99.7666
102.468
103.811
103.9
103.453
104.182
103.779
104.027
104.228
103.643
105.424
103.894
102.993
104.12
104.846
106.069
106.426
105.824
104.621
103.487
102.311
101.356
100.831
103.102
100.998
100.962
100.333
100.007
100.34
99.3132
101.151
103.622
102.714
99.6964
99.4487
99.4425
97.0434
94.727
92.3984
92.9036
90.9246
90.4121
88.9369
89.9485
90.2799
89.1644
90.3806
92.383
93.0919
94.342
92.8478
91.3804
91.6583
91.5917
92.8954
92.9731
95.1156
95.6102
97.8952
98.1774
98.8104
97.8891
96.3585
96.1285
95.4833
94.2434
94.4948
92.0717
92.735
92.5208
92.2025
92.0386
91.2418
92.8295
91.8517
92.623
93.6063
94.1233
94.3398
93.7305
93.9808
94.0728
94.1927
97.4248
96.8148
97.6255
98.3048
97.5621
98.8881
99.625
97.6091
98.3217
100.269
103.551
103.57
105.152
103.35
102.537
102.525
100.543
100.315
100.489
101.648
99.8325
98.7196
99.0388
99.9374
100.15
102.349
100.829
100.791
102.573
104.588
104.858
104.487
107.831
108.36
108.248
107.384
106.108
104.577
103.647
104.231
102.313
102.279
101.209
101.248
102.656
101.381
100.566
101.617
101.347
99.7597
98.2815
97.92
98.2549
99.866
98.9425
99.4764
101.207
99.7598
99.3544
97.3497
97.4724
97.5209
98.7392
99.7938
100.239
101.29
99.9906
99.4251
98.0503
94.9284
94.3296
94.8998
94.6797
93.0561
93.8958
91.6758
92.8397
93.5275
93.3796
95.9631
93.9399
91.6059
91.5848
93.341
93.9334
94.2551
94.0926
93.2733
93.5052
91.6906
90.5164
90.7394
92.8123
92.0206
91.2401
91.4954
92.0114
91.3143
93.5033
93.4583
92.6375
93.3287
92.6088
91.3695
91.741
90.4155
90.4928
93.1579
93.2859
93.594
94.0342
93.5112
92.23
93.2375
91.8541
92.3974
92.2548
93.2753
92.5435
92.7652
94.9376
97.162
97.2761
97.3427
99.5635
100.383
99.4686
99.0944
97.9647
97.8477
99.5401
99.9887
100.806
99.7895
100.033
98.7971
95.4027
97.525
98.146
98.3031
99.5692
98.8966
98.2462
96.5497
95.3705
94.3571
93.6784
92.7464
92.3221
92.6057
90.8153
91.2026
92.2821
