98.3377
99.0035
98.6044
99.3205
98.3172
98.93
98.3308
95.9333
95.57
96.0719
97.1245
97.3028
96.9735
96.7948
95.9017
95.3854
96.0393
97.5105
98.4542
99.0373
99.0644
99.099
99.9213
100.545
99.0181
97.7908
98.9177
99.4454
97.4797
99.8481
98.6751
101.986
102.332
101.892
100.615
101.664
102.757
102.795
104.203
103.674
103.947
102.955
102.252
101.883
102.863
103.638
106.333
105.154
105.347
105.711
104.918
108.884
107.842
108.07
109.512
111.8
111.294
110.765
111.463
111.603
110.796
111.948
110.76
107.01
105.841
106.749
108.51
108.485
108.273
108.219
105.569
105.957
107.021
108.16
108.348
106.538
105.767
106.298
105.46
106.281
107.863
109.608
110.677
111.064
113.93
114.056
113.672
110.82
109.529
108.441
108.747
106.261
107.936
109.25
107.825
105.627
104.412
102.848
103.576
101.339
101.651
101.107
101.841
102.079
102.108
103.538
101.926
101.963
101.936
100.631
99.111
99.2798
102.782
101.831
100.278
99.7386
99.2608
97.8871
96.8448
94.7666
96.2385
97.6183
98.0724
99.226
98.6533
97.6495
96.762
98.2061
99.4832
100.875
101.81
100.588
100.458
102.593
103.038
102.352
103.034
102.652
101.043
101.852
100.903
100.236
98.917
97.3578
98.2378
100.02
99.7895
99.8553
97.7457
97.1168
94.4978
94.4129
95.3316
95.9544
97.3091
95.3472
95.0269
93.4519
90.6527
89.004
90.9327
91.372
91.897
92.4339
91.9903
92.5729
89.538
89.7041
91.528
91.4165
91.7404
95.3624
95.7075
93.2738
94.4406
93.8575
95.3604
97.3345
98.1623
98.1051
96.9096
98.2366
97.6024
97.9689
98.5586
96.9748
94.5908
97.1804
98.391
97.6941
97.8525
97.9724
97.8431
98.4181
96.8872
99.0235
99.1962
99.2459
101.376
101.269
99.3858
99.6174
100.03
99.5131
101.516
102.513
103.166
104.938
105.048
104.935
105.267
106.136
107.171
107.018
108.674
108.5
110.726
110.383
111.317
113.245
112.197
112.513
111.155
111.456
110.804
107.98
109.96
109.998
111.187
109.024
109.833
107.241
106.654
104.404
102.745
103.444
101.752
100.004
99.409
100.375
100.443
100.412
100.675
102.268
101.871
101.92
101.745
102.14
102.459
101.795
102.031
100.301
102.121
102.955
104.402
105.007
105.065
106.386
105.985
105.581
105.005
104.186
104.392
104.634
104.829
105.317
103.849
103.629
103.679
103.403
103.415
103.149
102.366
100.965
102.122
104.094
101.186
100.785
99.8209
100.477
103.589
103.351
103.037
101.214
99.9396
102.588
100.274
100.986
101.035
101.959
99.2367
99.9348
98.4779
96.523
95.0506
93.5739
94.1962
95.141
94.4389
94.2738
94.6567
95.089
94.3344
94.8659
95.3881
96.3472
95.3078
96.7469
97.1284
100.488
101.54
100.422
101.052
101.127
99.9017
100.177
99.0147
96.952
99.5451
98.5029
99.4878
96.8018
94.9944
93.3285
94.8987
95.1212
95.5025
95.4342
95.0703
95.063
95.8468
92.9724
94.4207
93.539
94.186
92.2681
90.6771
87.7451
88.844
88.5494
88.0538
87.6187
86.3983
85.0724
84.5825
85.4242
86.0671
85.8279
84.5075
83.3191
84.8604
84.2527
83.1164
80.9361
82.5298
83.4115
82.8216
81.0403
81.2079
81.4296
80.925
81.8994
80.059
78.9205
78.5993
78.2773
79.222
78.9476
79.0726
80.1046
79.5678
78.522
78.0541
78.6725
79.6554
79.4492
79.2261
77.753
79.836
80.361
80.9683
81.9341
84.5306
82.368
80.7516
82.1061
81.5837
80.9137
79.9678
79.4348
80.721
78.7066
78.0535
77.0673
75.5413
74.6589
72.7225
71.9764
70.9987
71.3108
71.5616
72.3039
73.0696
74.0267
74.0683
72.9282
73.9601
72.8293
73.2674
72.7997
73.2361
73.8593
72.7074
73.294
73.342
73.774
73.2563
72.9812
72.6526
70.5345
70.7664
70.1729
68.6145
69.4034
68.7028
67.3365
68.2455
66.8716
68.483
67.7175
66.9759
67.331
67.5631
67.4593
67.6715
68.3679
67.6296
65.582
65.7339
66.0673
67.241
67.3843
67.8787
67.1885
66.9571
65.8419
64.1976
64.2801
63.9584
64.0769
63.9068
64.2748
63.0699
63.0142
63.5656
64.8999
66.1193
65.8902
66.4031
66.3745
67.3104
67.3901
66.5924
67.3153
68.0666
67.352
67.4902
68.4982
67.3236
68.103
69.0553
68.548
68.4163
67.3651
68.4957
67.6012
67.7196
66.7594
66.6679
66.6219
66.5451
67.6485
68.6744
69.5511
69.8244
69.2173
67.5755
67.0927
67.1374
67.8728
67.3885
68.9402
69.2812
68.4096
67.2968
66.8331
67.2332
68.9125
67.4741
67.4396
66.9457
66.9415
66.5224
66.7291
68.3995
68.9775
68.9928
69.2937
69.0958
69.985
69.5922
68.7548
68.2195
67.9949
67.3899
67.5347
66.9063
66.5114
66.3359
66.9333
66.7172
65.5657
65.8992
66.2849
67.3047
67.3456
66.7506
65.5661
66.6824
65.9863
64.866
66.047
65.617
64.6912
64.8798
63.6819
63.1635
62.7315
62.2236
61.5313
60.8071
60.7425
60.7773
60.624
59.3451
60.6288
60.5935
60.8976
59.5604
59.9165
59.5972
59.5872
58.8102
59.4916
59.297
59.6254
60.0192
58.7057
58.3805
59.0234
59.0035
59.1655
59.3262
60.7457
60.4438
61.4546
60.7138
61.3448
60.4362
59.4369
58.9873
58.5082
57.7774
58.0433
57.5911
57.4142
56.6126
56.682
57.9289
57.9805
57.4186
57.6121
57.7202
57.1204
58.2486
58.1381
57.5979
57.0975
56.2195
56.136
56.0849
56.5373
55.857
57.3369
56.7522
56.6419
56.9021
55.6797
55.7267
55.7038
