99.854
100.884
101.39
98.4909
99.6486
99.8089
99.4723
98.0124
99.4005
98.0819
98.1394
96.5865
95.1962
94.9594
94.3631
93.9784
94.63
95.9568
97.6029
100.2
100.956
102.595
100.535
98.9021
98.9476
99.9217
98.8514
99.5563
99.2918
99.8625
101.106
100.654
98.2814
97.641
96.1991
98.2199
99.5762
102.106
100.129
100.168
103.99
103.188
104.364
102.218
102.11
103.83
103.241
104.035
104.688
105.348
104.76
104.031
104.416
105.328
106.506
109.342
109.752
108.651
105.498
106.145
106.111
106.952
107.599
106.511
103.928
104.499
104.568
101.714
102.195
104.386
103.248
100.611
99.4397
99.2727
99.9291
100.984
100.421
101.101
102.517
104.338
104.872
102.486
104.865
105.806
106.446
105.017
102.782
102.251
104.271
104.682
104.306
104.464
102.638
99.409
99.166
96.5578
97.3327
98.5826
98.8168
98.5504
97.9857
97.4041
98.4817
98.9048
97.85
97.1989
98.1959
98.9182
98.1758
97.4705
98.5214
98.8319
97.079
97.1696
97.561
98.4243
96.7821
95.405
97.811
98.6538
99.3224
98.7801
96.9937
96.9796
98.8624
97.9973
99.4877
98.415
97.043
98.0709
99.4049
101.739
102.607
102.566
100.157
99.593
99.7503
102.408
104.059
105.724
103.663
103.957
105.903
108.586
109.221
109.314
109.03
108.244
107.973
107.812
108.023
105.67
107.839
107.37
108.488
107.6
108.615
108.708
108.043
109.753
111.418
110.124
111.095
114.215
118.791
117.463
116.311
113.864
112.705
111.601
107.564
105.46
104.275
103.857
102.958
104.336
102.568
102.938
101.027
100.896
100.714
99.0771
100.633
99.2128
99.1614
101.603
101.11
102.833
102.837
103.448
103.582
103.315
101.596
101.191
103.682
103.227
101.856
102.866
104.326
103.191
103.925
105.831
105.914
107.157
107.506
107.353
110.132
108.486
109.577
109.673
109.699
109.294
109.812
108.804
108.697
106.814
107.075
105.813
106.9
106.332
107.332
108.074
110.015
110.898
111.364
110.025
110.285
108.377
108.222
108.571
108.856
107.506
106.112
106.226
105.405
107.039
107.528
108.565
110.374
108.85
108.325
105.854
104.417
102.891
102.358
100.948
100.619
100.114
99.9532
101.108
102.87
102.161
102.753
101.659
102.954
104.823
105.11
104.16
104.531
105.482
106.051
104.652
106.622
108.818
107.952
107.9
105.013
105.676
107.893
106.08
105.679
105.944
107.679
108.059
107.797
107.165
108.19
109.344
108.549
105.898
104.709
106.701
108.566
107.986
107.438
110.557
109.358
111.097
111.934
113.326
112.455
109.471
109.646
109.912
110.069
108.382
107.105
107.26
105.617
107.498
109.576
110.49
107.48
107.1
105.636
105.294
107.145
110.988
113.018
115.895
115.141
114.395
113.889
114.296
114.877
114.378
113.24
113.419
111.021
110.809
110.191
109.119
109.393
108.674
109.425
112.134
110.747
109.777
110.132
110.543
109.317
107.677
106.385
109.089
111.639
112.106
112.144
113.313
114.542
115.423
113.734
111.828
112.039
112.452
111.737
110.718
111.225
110.932
111.824
116.296
117.177
116.453
117.666
117.241
119.528
121.719
121.822
123.236
121.095
121.869
119.387
121.244
119.933
120.309
119.205
117.842
117.664
117.962
116.487
118.112
117.115
118.746
119.778
120.643
118.637
119.196
119.625
121.673
121.841
120.946
120.097
120.469
119.1
119.043
118.854
119.77
118.339
118.893
116.247
116.573
117.855
118.646
117.062
116.705
113.975
114.425
114.336
115.426
115.019
113.532
115.022
115.854
116.203
116.35
116.02
118.433
120.483
118.815
119.415
119.434
122.107
123.926
122.611
123.765
121.249
122.053
122.502
123.238
124.447
126.013
124.454
124.097
122.163
122.434
120.81
121.454
121.433
121.11
119.281
118.844
117.993
117.774
116.76
119.529
124.669
124.717
123.708
124.196
126.253
126.52
125.272
124.911
126.008
125.36
124.22
123.434
120.775
120.94
120.927
120.499
119.138
121.208
120.182
119.026
120.4
120.305
120.335
120.291
119.909
121.052
119.785
122.142
124.663
124.291
122.583
123.923
124.251
123.756
123.305
124.525
123.794
123.393
123.061
122.911
126.054
125.642
127.821
128.294
125.861
122.922
122.754
122.688
123.052
120.521
121.853
121.261
122.071
120.119
123.087
124.798
125.493
123.278
124.409
124.246
125.601
127.189
128.732
126.262
125.91
124.728
126.936
125.916
123.247
123.058
124.717
125.979
124.986
122.085
123.505
124.278
125.208
122.994
124.206
125.002
125.862
124.106
124.675
122.619
123.085
124.016
124.091
122.94
121.761
121.739
122.266
123.058
118.517
118.899
116.378
116.195
115.558
115.974
116.918
117.695
117.051
116.544
117.861
117.777
119.085
117.211
117.237
116.285
114.761
114.156
115.216
115.8
115.722
115.449
116.833
116.64
116.636
117.592
118.63
118.257
120.17
120.178
116.277
117.996
116.404
116.681
117.338
118.653
119.501
118.814
117.626
116.67
115.435
113.442
112.05
112.842
112.104
111.321
110.88
109.079
109.445
109.649
110.315
110.782
108.606
107.997
112.123
112.967
114.907
113.409
112.231
112.177
115.174
114.467
114.704
114.657
114.212
115.333
114.431
115.439
114.821
116.03
116.953
118.264
118.473
119.889
