100.409
100.643
100.129
97.6622
100.15
101.114
101.06
101.519
101.455
103.739
104.987
103.956
106.21
106.271
105.736
109.357
110.662
110.442
112.121
113.707
114.774
113.884
114.853
113.718
112.836
114.437
114.409
113.504
113.555
115.441
116.47
116.351
116.623
117.461
118.109
116.042
118.142
116.311
114.264
113.373
113.017
113.949
112.278
111.836
112.972
115.401
113.32
115.203
117.311
118.475
118.368
118.514
119.206
118.795
120.2
120.445
118.731
117.025
118.224
120.389
121.552
120.909
118.071
118.758
119.317
121.692
121.997
123.113
121.011
121.505
123.446
121.503
119.008
117.569
118.253
119.976
120.507
122.754
123.072
124.285
123.529
122.652
122.848
122.811
123.009
122.664
122.092
121.086
120.852
119.496
120.485
119.825
118.506
122.196
123.404
122.975
122.464
122.008
122.042
120.973
123.499
124.71
124.642
125.668
119.716
119.572
119.736
121.314
121.165
120.028
121.209
121.141
121.393
119.778
120.6
123.53
124.239
122.004
121.006
122.623
121.299
120.583
120.457
120.845
118.277
117.947
117.564
116.884
115.841
115.323
113.607
113.615
114.187
113.854
110.655
111.897
112.747
114.152
114.395
113.911
112.819
116.765
116.311
116.104
116.231
114.633
115.008
114.652
114.679
114.48
115.949
116.709
116.946
115.501
117.194
117.739
116.957
117.849
117.909
117.824
119.47
119.322
120.841
123.739
125.558
129.181
128.922
130.147
129.86
131.68
133.156
133.071
135.528
136.474
137.02
138.072
136.478
136.871
136.369
135.954
137.135
135.782
136.735
131.677
132.403
130.52
125.485
126.238
125.199
125.917
124.929
125.795
127.156
123.578
123.748
122.546
123.533
125.323
124.03
123.805
125.453
126.008
126.617
127.301
127.453
124.352
121.788
121.812
121.021
121.975
120.176
119.208
117.819
116.977
115.842
115.613
115.604
114.486
113.307
115.942
116.924
117.721
118.33
117.713
118.895
118.318
119.116
119.864
119.509
120.28
121.191
123.757
123.36
123.661
121.518
121.282
122.766
121.265
120.917
120.087
119.182
119.744
121.109
122.951
122.393
123.42
125.478
125.053
127.435
128.036
128.393
127.848
128.708
129.296
128.598
128.991
128.326
129.175
126.207
125.283
124.331
124.955
123.078
122.92
123.021
122.391
122.794
122.148
122.299
125.025
124.738
124.125
120.693
121.119
120.61
120.31
121.742
125.108
121.623
121.922
122.269
119.134
119.655
119.069
116.277
117.368
117.284
119.547
119.32
117.688
117.215
120.282
120.589
121.595
119.187
118.663
116.89
117.381
119.662
118.572
121.844
120.937
120.508
121.097
118.842
118.287
119.116
120.876
121.748
122
120.133
122.328
122.04
120.974
118.961
119.032
117.866
118.672
116.497
115.013
114.136
115.182
113.81
113.119
113.245
113.492
113.421
112.117
111.721
112.636
113.291
114.292
116.089
117.193
117.296
116.172
119.233
117.134
118.59
118.583
118.317
118.933
117.754
119.189
122.151
123.732
122.104
123.873
122.931
125.427
125.279
124.616
123.242
124.7
124.994
125.487
125.17
125.4
126.129
127.972
129.962
128.749
126.535
126.115
126.471
127.158
128.105
128.422
127.848
128.672
126.492
126.446
125.682
128.233
128.677
127.009
126.272
124.433
123.139
121.974
121.203
119.954
120.246
121.636
124.341
124.954
123.519
122.539
121.396
119.506
121.366
120.086
120.072
121.862
121.584
121.691
125.216
123.719
122.572
123.673
122.895
123.055
120.827
121.902
120.39
122.214
124.744
123.786
121.385
120.203
121.34
122.831
124.36
123.418
120.764
120.594
120.195
121.092
118.728
117.858
117.084
116.081
117.47
118.754
118.774
119.861
121.446
123.554
123.43
122.539
123.263
122.194
125.132
124.499
124.595
124.534
124.949
126.381
125.433
127.852
128.867
130.795
131.011
130.67
130.145
132.204
133.059
129.621
127.668
127.82
121.136
118.734
120.178
121.028
120.655
120.011
120.069
118.363
119.154
116.767
116.971
120.337
120.721
121.737
123.169
123.758
122.42
123.995
124.003
122.7
122.682
122.244
118.458
119.87
120.461
119.432
119.331
119.348
118.719
119.633
116.604
116.564
118.002
117.706
116.172
115.222
115.331
115.166
115.75
116.136
114.892
114.537
113.892
112.446
111.77
110.624
107.464
106.57
103.652
105.387
106.81
108.283
109.635
108.409
108.803
111.374
111.55
112.864
111.52
112.517
110.704
109.725
106.819
108.007
108.56
107.848
109.371
107.839
109.739
109.634
112.415
110.691
111.66
110.539
111.435
112.161
110.038
110.01
110.96
110.546
108.173
110.153
113.343
117.125
115.877
115.683
117.1
115.435
113.893
112.983
113.792
114.76
116.224
115.655
115.273
115.433
115.292
115.907
115.82
117.741
115.588
114.756
114.41
114.41
115.149
116.452
116.813
116.551
115.887
115.08
116.252
119.125
119.654
119.635
120.628
118.51
117.13
118.431
117.819
118.48
119.293
120.392
123.681
124.044
126.377
124.725
122.752
121.782
121.64
120.061
119.277
118.007
118.654
117.985
119.629
120.133
122.189
124.874
124.124
124.304
121.738
120.683
119.872
119.46
119.831
121.016
117.424
119.43
119.407
119.121
