100.837
100.581
101.078
100.004
101.267
102.345
102.089
103.659
102.629
100.683
100.856
99.9846
99.8167
98.4739
100.25
100.748
100.945
100.099
99.3392
100.068
101.894
102.572
101.66
99.5823
98.1396
96.8959
97.5753
98.5974
98.1824
97.8369
97.9086
95.919
95.6112
99.2299
100.933
101.997
101.258
101.521
101.494
101.231
102.51
100.047
101.012
100.709
99.7292
100.025
98.1078
97.0543
99.9856
100.597
98.8927
98.7573
99.0493
100.583
99.465
98.0293
96.648
96.7754
96.5992
96.761
96.9019
98.4714
98.3547
99.9172
100.106
102.239
102.624
98.1227
95.7451
94.7289
94.3018
93.7604
95.2958
95.5081
94.8794
93.3742
93.0455
93.0723
95.7444
96.899
99.2465
98.6578
99.4865
100.607
100.282
97.933
99.2904
100.765
98.2614
95.3104
93.7799
95.7403
95.296
95.8573
95.864
94.3524
93.9147
93.3664
93.0825
92.767
91.0486
90.5916
92.9849
93.9207
96.5679
95.4142
98.1718
98.6508
99.5676
101.394
102.314
99.4163
100.139
100.373
100.838
99.1056
99.1244
96.5912
97.5313
99.2177
97.717
98.4894
96.4839
94.7655
95.5786
94.7783
96.1674
98.3705
98.1286
97.7121
97.6095
97.1789
98.1915
96.5137
97.4457
98.043
98.1259
97.4594
98.3043
99.0037
98.9375
98.8536
101.132
99.201
99.8352
99.376
101.033
100.681
100.94
101.71
102.4
101.997
103.588
103.884
104.541
104.214
104.341
105.692
104.978
104.474
103.24
103.818
103.816
103.465
104.33
105.094
104.875
103.839
104.965
105.987
106.251
106.24
106.292
105.939
108.041
108.985
112.02
110.905
112.683
111.693
111.805
110.515
114.346
114.399
115.122
113.048
115.77
113.921
112.869
112.469
115.051
113.343
113.623
112.195
112.001
111.567
113.016
113.816
110.928
112.784
111.317
112.505
112.042
113.392
112.482
111.617
109.3
105.651
105.379
106.339
106.062
108.681
107.206
106.736
109.782
110.458
109.784
110.154
110.432
110.141
110.739
113.043
113.541
115.581
117.557
117.202
113.646
113.792
113.071
112.466
112.695
110.93
110.617
111.76
109.96
110.651
110.348
111.545
109.977
109.064
110.93
112.769
113.179
114.988
115.046
114.709
115.315
116.358
119.139
119.24
117.84
118.29
118.749
119.316
118.278
119.42
121.219
120.042
118.168
118.963
119.387
117.732
118.655
117.636
114.266
113.399
112.966
110.982
109.876
109.444
109.64
109.968
106.476
104.67
106.18
106.727
105.532
106.156
108.458
109.35
108.714
109.563
109.638
107.96
108.539
109.239
109.745
108.68
110.132
110.89
111.105
109.858
109.475
108.319
107.791
109.092
109.183
109.752
109.359
109.736
109.377
108.212
105.768
106.303
105.996
107.738
107.213
111.651
112.611
113.339
113.164
112.616
112.326
110.806
110.72
113.571
114.104
113.552
113.02
114.617
114.813
115.426
115.257
114.359
112.594
113
114.543
116.403
116.376
116.544
116.865
117.247
118.908
120.955
120.864
120.833
121.117
121.486
122.549
121.467
122.925
122.982
122.99
121.924
120.215
120.345
120.999
121.032
123.473
124.642
126.67
126.633
122.144
122.219
120.921
119.213
120.218
119.922
120.764
120.363
119.465
121.595
122.92
123.123
122.793
126.072
124.066
123.244
123.551
120.881
120.806
123.966
126.041
126.707
127.243
126.674
127.441
124.972
125.069
125.731
126.534
127.842
124.579
125.3
123.632
121.639
124.898
122.762
124.338
124.916
125.059
122.57
123.665
123.574
120.44
117.041
117.279
119.949
120.932
121.31
121.885
120.065
120.343
119.96
119.128
121.735
119.105
121.801
122.323
119.939
117.198
113.853
114.221
112.472
113.893
115.784
117.269
119.987
118.107
117.44
115.959
114.24
115.981
114.772
114.244
112.867
112.527
109.828
108.862
111.445
109.604
107.161
107.222
107.818
107.034
107.401
107.737
106.262
106.59
105.713
104.271
102.127
102.644
101.667
101.722
101.349
101.069
100.306
98.4208
99.8313
101.645
102.54
102.996
102.618
103.154
104.597
105.892
105.964
108.207
107.312
107.391
104.685
103.985
104.195
107.96
105.278
107.065
106.548
101.326
101.305
100.979
101.228
100.413
99.0361
98.1954
97.3517
95.0055
95.5351
96.7784
96.4093
97.5248
95.8006
94.5705
92.8642
90.8329
89.8297
91.6939
91.9604
91.2184
89.7464
90.1614
89.8146
89.5446
90.3089
89.4828
91.411
91.9895
91.5553
93.1306
93.0718
92.6188
91.8528
92.425
92.2906
92.5805
90.781
90.9698
90.9058
93.0704
94.0821
94.0621
93.1203
92.2024
90.0805
91.5052
90.8163
89.6523
89.3713
89.6306
89.4429
91.8711
92.3526
90.2849
90.9518
90.8063
91.2484
92.5665
93.5313
93.5489
92.944
92.8465
94.5155
94.924
96.0655
95.3265
94.1887
93.8795
93.7344
93.5613
92.4171
92.1448
92.3671
92.5835
93.5716
94.3545
94.6586
96.0873
95.5998
94.9242
94.2142
94.0932
95.2923
93.6813
93.0595
93.2399
95.1841
93.0004
92.8674
93.9469
95.4801
91.662
90.8545
90.7327
91.2086
89.5394
89.3759
89.2455
87.0943
85.4226
84.8716
82.9949
82.2949
81.6174
81.9972
82.9291
83.2464
84.9513
86.1908
86.9682
87.5408
88.5842
90.0435
88.2445
90.0573
88.5022
89.2906
88.5287
89.8392
88.999
89.3547
89.4539
90.2657
92.5139
93.8221
95.9011
93.8976
94.2068
95.3583
96.414
97.1493
