101.647
103.274
103.734
101.461
101.756
105.06
107.498
107.13
106.892
105.311
106.241
105.871
104.963
105.806
103.09
103.114
104.228
102.903
104.075
102.783
101.763
101.221
102.446
103.272
104.716
105.968
105.551
103.64
105.24
105.439
106.499
107.112
105.492
103.6
103.144
102.685
103.104
103.008
102.003
100.488
102.305
103.002
104.775
107.224
108.82
108.187
108.055
107.151
106.506
106.774
104.845
105.509
107.105
107.518
106.325
106.718
106.354
107.49
108.797
107.375
108.479
109.282
110.972
110.735
110.494
108.815
107.949
110.136
110.276
108.153
107.367
107.873
107.124
107.972
107.28
107.957
107.08
107.603
105.689
104.889
105.512
105.671
105.399
104.827
104.418
102.468
98.1333
99.0828
98.4271
97.1478
97.8731
97.487
97.0141
98.7308
99.8046
100.976
100.097
101.915
99.7142
99.2036
101.111
99.856
99.5688
100.119
98.7831
98.9471
100.366
97.5885
95.6833
93.992
93.5464
93.0648
92.8381
93.7404
93.4555
92.4471
93.1806
91.7276
92.1399
91.1168
91.4503
91.768
89.329
89.128
91.2827
91.4591
89.8
92.0632
91.3309
92.5648
91.8071
91.8899
91.8061
90.9169
91.6382
92.1163
95.2905
94.5921
93.7648
92.3262
89.9817
89.9599
90.2109
90.3639
89.3957
90.9493
90.0823
90.0359
90.1923
88.9581
88.471
87.901
89.2815
88.8803
89.338
89.2966
88.2504
88.1694
88.1022
89.2201
89.8087
92.0922
91.103
91.676
92.8175
92.4874
92.6339
92.6753
90.4474
91.2459
90.4786
91.1701
91.6833
91.2699
89.6637
91.5542
91.1208
90.4094
91.5397
92.051
92.1205
91.6054
89.2108
86.9053
86.0177
86.5172
86.7101
84.5994
83.8907
83.6423
84.5241
82.784
84.0682
83.6245
85.8964
85.1429
86.4838
85.8838
86.0136
83.727
84.0238
84.6476
83.9578
83.7054
83.8335
85.1239
85.6512
85.4834
87.1481
85.6138
84.3693
84.7889
85.69
86.0834
85.4617
85.7015
86.4479
86.1436
86.2384
87.6535
87.4571
87.2467
89.7887
90.196
90.0748
89.4331
92.1067
90.943
90.7849
89.6509
89.8579
91.0346
90.0838
89.7611
90.6996
90.4947
89.8987
89.6515
88.4038
87.7776
89.0114
89.7729
90.0541
89.5689
88.9514
89.1213
87.9651
86.4931
87.6014
88.6987
88.2149
86.9514
86.0353
84.5362
85.3774
84.8346
85.1043
85.4401
84.9369
85.491
86.5165
88.5276
88.1391
88.2704
88.399
86.9822
86.5757
87.4571
86.8242
85.8471
86.2449
87.4762
87.5236
87.6524
87.8518
88.8689
88.2936
88.7576
86.7182
87.8614
87.9248
87.4194
87.0058
86.4755
86.6946
87.5288
85.8759
85.422
84.7254
83.2176
84.3446
85.4852
85.7639
84.7744
84.0473
83.3822
82.3468
82.2827
81.7523
79.7989
79.979
78.6458
75.7647
77.8842
77.9159
78.2559
79.0662
79.5946
77.6912
77.282
77.1858
78.298
76.4215
75.3908
75.4709
77.1178
77.1145
77.0485
77.3277
77.4433
76.8365
77.0813
77.6118
78.0725
80.6125
81.6262
80.7321
79.3077
78.7623
77.9241
78.1988
78.7681
78.6309
77.1811
76.4375
76.732
76.4011
76.3614
78.4607
78.0766
78.3254
78.1742
77.7282
77.3264
78.2525
77.6311
77.6133
77.8718
77.6958
77.9771
77.9185
75.9736
78.0661
79.0947
77.5188
76.428
75.966
74.9363
75.9427
75.4509
75.4329
76.0925
76.231
76.9836
77.4309
75.3424
75.8874
76.9467
76.0195
75.7641
75.4149
75.2656
74.87
75.3112
76.0293
76.6912
75.8757
75.7333
76.2718
77.9044
78.469
77.0525
76.3263
76.7909
78.0417
77.6398
76.5211
74.5141
72.9379
73.172
75.328
74.7515
72.9287
73.3346
73.8285
74.6239
74.9927
77.4279
79.0463
78.4761
78.0671
79.1643
78.6415
75.4985
76.5265
76.1016
75.8291
74.967
76.9469
76.8125
76.4065
75.9651
78.0019
76.5356
74.7958
74.9397
74.1078
73.3675
74.2804
73.9548
73.28
71.7172
72.6943
70.7004
71.3521
71.4495
71.3763
70.0485
69.2452
69.1378
67.8776
68.6466
68.6263
66.999
66.9035
67.5822
65.7979
65.2336
65.0549
64.2092
65.0349
65.3222
65.1418
65.1102
64.2711
63.7737
63.9048
63.0837
62.7572
62.1993
61.1768
61.3226
60.7996
60.7811
59.6467
59.6458
59.27
59.3913
58.0044
57.5265
58.7369
58.6634
58.0481
58.5798
57.2862
56.7273
56.4784
55.7524
56.5375
56.4126
54.721
53.9785
53.5869
54.004
54.0249
53.606
53.7226
53.0317
53.2264
52.1231
51.8867
52.6549
51.7668
52.907
52.3569
53.2148
53.0195
52.2084
51.6187
51.6615
52.3015
50.843
51.2557
50.8766
51.143
51.8123
50.9278
50.5651
50.6419
49.8871
49.8111
49.0038
49.0424
49.5576
49.7006
49.8811
50.5809
50.6943
51.2789
50.745
50.262
50.8325
50.5159
49.5801
50.0121
49.9442
49.1439
48.9603
50.4551
51.1492
51.994
51.6813
51.949
51.9888
52.1253
51.9422
52.9143
52.8854
51.1861
51.3542
51.9174
50.7299
50.4574
49.938
50.0602
50.2239
50.0435
49.3181
48.6108
49.4582
50.8203
51.3711
50.908
50.2122
51.707
52.3913
51.8886
52.2249
52.6636
52.6146
52.0849
52.0152
52.8436
53.23
53.4323
53.1328
53.1521
53.4753
53.0382
52.6998
53.6414
53.4309
53.5549
53.853
54.5895
54.654
54.0899
54.5888
53.3654
53.2138
51.8774
51.5123
52.4924
52.6476
53.6086
53.5434
53.2699
53.6279
53.3818
53.3503
53.446
53.045
51.7814
51.7056
50.9399
50.4155
50.8922
51.8551
51.939
51.6553
52.1509
52.4805
52.5264
52.9795
53.1995
52.4867
51.3464
50.7741
49.5585
48.4449
