101.136
99.2966
100.054
100.908
100.528
99.607
99.7312
98.4385
98.9034
98.0808
96.7301
97.3182
98.8977
97.6901
97.7821
98.0714
98.6229
98.3853
99.3074
99.9928
101.346
103.556
102.898
103.861
106.702
107.032
105.691
103.871
104.02
105.845
105.482
106.382
106.656
106.632
104.84
103.453
100.536
100.12
101.02
100.393
99.5468
102.202
103.183
102.689
99.126
100.132
99.9062
100.386
99.446
99.8365
100.489
101.659
99.9485
99.8961
99.4882
99.1233
98.4771
98.1903
98.766
97.3074
97.8842
99.8927
97.9246
97.6181
98.3563
97.5806
96.5788
96.0416
96.1177
98.4946
96.9004
94.5178
94.6513
96.4417
96.3529
93.7514
95.0189
97.4968
98.0566
98.7845
99.3313
97.574
96.4099
97.303
95.8334
96.0111
96.6822
95.2643
95.521
96.2421
96.9923
97.941
99.7515
98.2088
99.7499
97.7946
97.5223
98.8967
97.5175
97.4393
98.1895
94.815
94.645
94.4645
94.7585
94.8581
94.9783
95.992
94.2947
93.7521
94.2461
93.8373
94.9869
94.999
94.1998
93.8622
95.3603
96.4162
95.1786
95.1922
94.9109
92.8382
93.0293
93.7179
94.1951
94.5319
93.2886
91.5677
89.2406
90.7094
91.1955
91.7183
93.3328
92.4514
91.9518
90.9221
92.074
91.7794
92.27
91.6665
94.2554
93.7614
94.3477
93.7361
94.1052
93.8279
94.392
94.3246
96.2485
95.413
95.5295
96.1819
97.2271
95.4848
95.1454
92.8482
90.8809
90.5913
90.5945
91.1467
90.1119
91.8592
93.8252
92.4254
93.496
94.3225
92.6276
91.2579
91.7513
91.6119
91.3906
91.3362
93.4843
91.9552
89.8094
89.564
89.7773
91.3609
91.1635
91.3211
90.3798
88.657
88.1614
86.3561
86.9205
88.8891
89.4641
89.86
89.0077
89.7717
88.8077
88.0709
87.2506
85.8388
86.7029
85.8751
87.1355
86.6215
86.6504
87.7644
87.976
89.3966
91.0069
92.2174
93.7812
93.0222
93.2258
92.862
92.8279
93.1696
92.3754
92.1909
91.8323
91.9045
90.4929
91.5589
90.9311
90.0656
89.5105
89.7937
91.2466
92.6663
92.382
93.2672
95.6301
96.5302
96.466
96.9486
97.4025
97.5109
94.6692
96.7374
97.162
96.0109
97.3533
96.5776
93.8569
93.9474
95.8424
95.4008
93.5263
91.832
92.3807
93.3695
92.8332
93.4531
92.2008
89.8003
89.3464
88.5314
88.3673
87.9709
88.4646
89.8103
90.784
89.3746
88.3711
89.7582
90.2692
90.2841
91.7683
91.8217
92.1737
91.2404
93.8006
94.5111
95.1178
94.8683
95.0352
95.634
95.5223
94.4197
94.3286
93.8638
93.1446
93.9312
92.4339
94.3486
94.7318
96.1839
95.945
97.4941
97.0357
96.0005
95.4168
95.8819
97.5362
97.564
98.1546
97.9358
97.0665
95.7553
95.4035
95.8743
96.817
96.8219
96.8854
97.8917
97.495
98.4186
98.8683
100.876
100.545
100.268
98.1958
99.225
99.3367
99.6539
100.723
100.227
100.996
100.562
99.0787
98.2327
99.5747
99.5077
100.555
102.711
100.617
101.184
100.128
99.7471
98.2077
99.7711
100.317
101.058
101.766
101.897
103.353
103.884
103.514
104.715
105.698
107.678
107.948
108.602
106.405
105.541
104.322
104.667
105.189
103.411
104.449
101.898
103.532
104.393
105.215
104.58
104.157
106.014
102.844
102.705
104.354
102.601
103.538
103.391
102.172
103.637
99.8551
100.05
100.503
100.462
100.777
102.281
105.208
106.43
106.044
103.132
104.247
103.605
104.118
106.955
110.137
108.484
108.21
107.515
110.251
109.628
109.581
108.565
109.521
109.073
110.155
109.752
111.004
111.473
112.674
111.366
112.179
111.28
110.097
111.773
110.464
109.727
105.788
104.727
105.757
104.365
102.016
104.377
104.917
104.282
102.488
104.505
103.98
103.158
101.968
106.116
103.818
101.915
102.718
105.259
103.327
102.804
102.88
98.4421
98.6057
98.0911
97.8093
97.5776
97.476
94.0658
94.7503
94.5837
95.1702
95.596
95.0264
94.9034
95.9659
96.2367
94.9471
94.5288
94.8529
95.2239
93.9501
92.8976
93.9997
96.0799
96.2908
95.3651
95.4017
94.8654
94.5483
95.0403
92.562
91.9401
91.0796
91.4885
90.3658
90.677
89.3096
91.8251
92.9148
90.7863
90.337
89.7709
89.5937
90.4543
90.4878
89.1545
89.3689
89.7368
89.5816
88.6579
87.8426
88.1395
87.2429
86.1405
84.9543
84.6133
84.8906
85.0554
85.3903
86.8323
86.6303
85.3136
84.8418
85.1234
84.5945
83.2771
83.3094
83.7031
82.718
83.5644
82.9326
81.6228
83.0425
83.6019
82.5197
81.6342
80.5427
81.2809
82.1076
81.4069
81.4108
80.8969
82.1734
81.0556
81.3322
82.7042
83.6413
83.0934
83.4392
85.685
84.5118
85.2452
85.6561
86.2265
87.7123
88.0804
87.6933
87.5053
89.9179
89.9947
90.1314
93.8259
94.3494
97.0761
98.5558
97.9841
99.8877
98.0759
97.7166
98.7179
98.468
99.0302
98.4514
98.3867
98.6856
95.6374
96.2064
95.9848
95.9618
95.8342
95.0713
94.5213
94.184
95.3731
96.1632
95.6504
94.3018
94.2353
96.0169
96.5744
96.5133
97.5052
98.841
98.9594
99.7742
98.8968
99.277
99.2173
99.8933
100.937
100.114
99.0242
98.7569
96.6963
97.0196
96.6411
98.2431
98.6054
97.4091
97.159
97.1741
98.3821
97.812
99.2316
100.889
100.409
100.931
101.983
102.886
102.687
102.452
102.031
101.454
100.879
102.021
104.142
104.461
105.333
104.721
105.39
104.726
105.891
106.289
107.714
109.7
108.414
110.141
108.656
108.725
109.556
108.929
109.467
108.951
109.311
111.984
112.874
