98.7116
99.2118
98.8898
98.9273
99.1049
97.7265
99.2583
97.8601
98.2941
99.0265
97.949
99.1135
99.6116
99.957
98.0639
98.167
98.0338
97.8967
98.1863
99.3356
98.2361
97.7844
98.4087
97.0098
99.5504
100.327
100.314
102.837
104.92
104.462
105.976
105.218
103.059
103.437
103.359
101.497
102.718
103.261
101.792
100.147
100.115
98.6227
100.544
99.052
98.6725
99.2624
100.703
100.917
99.4135
100.262
101.848
102.444
103.04
104.411
105.293
103.773
103.514
105.824
108.497
109.347
109.688
112.34
115.924
115.479
116.653
117.045
114.995
116.886
117.149
114.271
114.151
113.869
114.411
112.848
112.741
114.357
114.846
114.275
112.72
112.629
112.165
114.325
114.004
116.337
116.617
115.47
114.583
116.082
116.682
115.975
114.868
114.031
113.723
112.004
112.63
111.103
109.843
111.074
109.451
111.472
112.903
113.162
114.273
113.244
112.942
111.74
111.87
111.729
110.879
110.46
111.483
112.649
111.776
110.3
111.06
112.633
110.934
112.356
114.807
114.098
115.844
115.233
114.843
117.034
117.177
116.476
115.547
114.978
114.929
115.595
114.982
114.949
115.727
114.947
112.787
111.781
111.842
114.055
112.461
112.211
112.482
112.337
113.016
115.956
115.109
116.149
116.064
116.02
116.057
119.185
120.633
120.252
117.69
118.631
123
123.286
121.435
124.133
124.828
125.923
128.183
130.025
129.485
132.722
131.759
134.934
134.935
135.761
135.634
139.208
141.412
143.36
141.715
137.777
139.71
138.648
136.278
136.235
134.378
135.156
135.949
135.824
133.962
133.205
127.386
129.239
131.862
134.219
136.685
138.005
136.259
134.559
134.965
133.049
135.481
137.569
136.754
138.569
138.783
139.809
139.351
140.085
139.977
140.911
137.302
138.923
141.391
141.064
142.177
140.721
141.683
144.732
143.868
145.122
147.553
146.059
144.785
144.313
146.382
146.145
143.039
142.581
142.677
144.968
147.191
148.845
149.524
149.922
149.844
149.97
151.682
150.851
149.897
151.021
150.444
149.626
150.162
147.563
147.136
147.845
150.52
150.689
151.46
151.08
152.936
151.58
151.218
150.728
149.099
152.921
152.39
154.824
160.83
161.414
160.532
162.521
160.525
159.146
161.114
161.617
159.326
156.908
156.646
156.043
160.631
159.721
156.43
157.252
153.167
151.582
156.027
157.86
155.433
155.964
155.983
156.592
157.992
157.998
155.003
153.238
154.868
152.461
152.337
152.64
151.185
154.038
153.711
153.471
154.842
154.551
153.005
155.45
155.209
154.989
154.861
155.136
157.8
155.27
158.963
158.142
159.117
160.86
162.079
163.436
163.466
163.575
164.834
167.818
168.198
167.532
167.891
169.23
166.854
169.201
170.514
171.189
174.364
173.611
178.874
177.78
176.872
177.226
177.324
174.641
173.789
175.24
174.925
176.865
181.628
177.101
174.485
175.815
179.493
181.879
182.436
177.354
175.854
174.116
174.602
172.788
174.133
174.882
177.189
172.288
177.62
179.838
178.405
174.494
180.714
185.882
184.624
189.935
189.326
191.33
190.756
192.892
193.743
190.626
191.533
193.244
194.358
193.165
194.408
196.038
201.754
198.924
196.817
194.872
191.478
191.176
191.577
191.557
188.857
188.608
187.438
188.165
183.982
184.405
188.032
188.669
186.194
184.352
185.786
188.173
191.114
189.733
185.833
181.975
181.111
179.061
176.703
175.409
173.923
175.097
174.486
174.45
174.336
172.341
174.147
172.977
173.451
175.095
175.534
178.233
177.402
175.877
176.093
174.657
173.462
173
173.098
174.379
173.599
175.008
174.656
174.706
173.413
174.305
170.238
167.842
168.696
169.944
170.26
170.537
167.806
168.68
168.078
168.34
172.42
172.313
168.76
173.141
173.984
172.078
168.352
171.003
171.422
175.079
175.623
176.412
179.092
180.823
183.571
184.895
182.88
183.852
183.857
179.478
176.926
179.812
179.272
179.904
180.159
180.901
186.195
181.41
180.332
180.937
180.141
177.933
177.007
177.593
177.04
174.813
171.164
173.32
176.875
177.28
177.139
176.034
176.91
175.279
178.328
178.755
176.335
176.997
174.979
176.009
178.078
179.923
182.115
185.575
187.241
187.048
188.129
188.7
190.318
186.483
183.404
182.43
183.548
186.289
187.896
189.023
187.885
187.848
185.894
182.798
182.495
182.925
183.069
180.626
177.486
172.809
172.457
175.902
175.996
174.694
172.831
172.837
174.285
175.952
174.088
172.777
170.951
169.07
169.249
171.116
172.143
178.051
177.449
177.128
181.563
183.198
184.87
184.288
186.773
187.357
187.232
187.315
186.751
187.079
189.094
186.322
191.194
190.954
194.352
194.999
197.312
197.077
197.895
199.689
205.258
207.247
208.743
208.96
206.166
202.307
204.866
204.864
201.132
200.811
199.919
201.43
200.903
200.918
198.914
202.671
201.338
201.406
197.89
196.218
194.739
192.544
192.288
195.673
198.914
195.312
194.48
195.815
195.846
194.71
191.526
192.393
193.673
192.608
193.792
192.522
191.291
192.594
193.466
193.79
194.728
193.896
196.266
193.792
196.356
196.449
192.413
193.354
198.008
198.183
198.746
204.871
202.539
204.852
207.827
208.422
209.132
212.451
