99.8468
98.8873
97.1593
97.7183
98.5363
98.049
97.852
98.5563
98.3368
98.7157
98.2671
98.1002
97.9462
96.5236
96.7718
95.5884
96.7843
97.6388
96.9804
99.3375
100.286
100.472
99.514
99.6126
100.516
100.581
100.908
101.431
101.386
101.073
100.406
101.094
102.805
105.675
104.423
106.095
107.731
106.966
107.99
106.806
107.188
109.465
110.103
109.756
111.048
112.472
113.555
115.453
112.778
110.616
109.964
112.455
111.882
112.675
115.333
117.989
118.352
118.586
118.849
117.446
118.773
120.73
120.079
117.053
116.976
117.799
117.418
118.467
115.582
117.672
116.527
115.345
115.561
116.735
114.304
112.309
111.286
110.687
110.423
109.075
109.494
109.632
108.979
108.834
109.179
108.397
104.528
106.581
107.866
108.332
108.525
110.632
107.863
106.686
106.492
105.718
106.227
108.514
109.35
109.19
107.795
106.879
106.281
103.648
102.022
102.113
102.75
103.382
102.923
104.659
105.256
106.393
105.606
105.075
107.106
105.568
107.087
108.124
108.835
107.607
106.28
106.451
106.373
105.04
103.761
103.796
102.314
103.408
104.837
104.284
103.67
103.757
103.528
105.166
105.905
106.49
109.959
110.258
111.243
112.584
110.869
108.997
110.12
111.091
111.422
113.768
113.021
114.876
117.145
116.577
113.689
114.17
115.408
115.335
116.388
116.594
114.561
111.851
111.716
108.345
107.258
107.03
109.996
112.169
113.664
112.846
112.859
114.887
113.227
110.36
110.343
110.696
110.712
110.39
111.944
112.401
112.391
111.663
112.262
110.1
112.121
114.684
116.007
116.485
114.423
114.634
113.503
112.955
109.987
109.669
109.202
109.638
109.611
108.548
107.464
106.473
106.038
106.095
106.591
106.568
104.918
105.225
102.781
101.751
102.081
103.402
101.498
100.385
101.415
102.488
103.783
103.001
103.083
103.938
104.055
106.125
108.103
110.226
111
111.558
109.948
109.725
109.893
109.967
111.264
112.035
112.181
111.438
111.604
111.952
114.394
112.862
114.998
114.027
111.559
110.614
110.911
110.996
110.826
110.07
110.162
110.57
109.845
109.688
110.264
109.947
110.425
110.781
107.842
108.365
108.105
107.828
108.988
106.174
107.286
106.113
104.687
104.749
107.333
109.41
108.369
107.239
104.924
104.85
104.796
102.43
100.976
100.832
100.338
102.322
103.15
103.235
102.613
102.232
105.139
104.869
102.644
103.343
102.899
102.036
101.422
102.102
101.426
98.3701
96.4732
96.8986
97.1139
96.8868
97.6653
99.1648
98.5402
97.5636
94.949
94.1632
93.4748
94.2552
94.7909
96.7826
95.3095
93.393
93.8391
94.9221
94.756
94.8382
96.4468
95.3913
95.353
94.0911
92.5916
91.1088
91.1975
90.8933
92.6424
93.5819
92.2031
92.0044
90.8519
91.526
90.8055
90.2318
90.9328
91.9947
92.8523
93.2374
92.3944
91.9604
91.771
91.9956
91.8171
89.1061
88.2487
88.4981
89.5522
89.7632
88.8074
90.2156
92.4985
92.0969
92.3834
91.4057
88.9892
89.8088
91.5562
93.2341
94.1381
96.1183
94.0145
94.3307
95.1611
96.3792
98.1196
101.176
101.317
102.433
104.087
104.31
103.816
105.658
103.078
101.108
101.259
100.543
100.523
104.102
103.136
102.084
102.896
104.31
105.335
105.991
105.354
105.609
106.726
107.339
104.811
104.738
106.812
105.382
107.164
106.385
107.325
106.922
106.699
104.996
106.002
104.323
102.134
105.387
105.766
107.266
110.555
111.185
111.496
112.043
110.837
110.143
111.153
110.865
110.897
110.946
110.305
109.684
111.705
112.567
110.729
112.908
112.089
111.125
111.878
112.107
114.907
112.58
111.533
113.705
112.586
113.085
113.575
114.165
114.871
116.089
113.723
113.828
114.342
114.723
113.822
111.642
112.652
113.093
112.635
114.394
115.687
115.487
116.145
118.855
115.176
112.409
114.485
114.288
112.611
114.149
113.141
114.525
116.499
118.684
119.694
119.014
117.461
118.176
117.623
116.279
115.729
115.089
114.463
114.542
115.443
116.955
117.493
116.633
117.325
118.844
119.962
120.857
119.333
117.54
116.282
116.245
114.024
114.883
115.407
115.175
114.826
114.545
114.407
113.572
114.081
112.593
113.679
113.325
113.87
115.31
113.428
114.548
114.056
113.048
113.707
113.317
111.595
111.829
109.534
111.049
109.333
110.749
109.991
110.701
111.225
111.445
109.541
109.884
109.799
110.943
111.758
112.311
110.122
111.044
111.132
113.17
114.629
112.801
113.861
112.485
109.769
109.146
109.464
108.029
108.598
108.948
110.901
110.454
110.115
109.513
110.256
111.19
110.981
112.355
113.053
111.451
113.469
114.927
115.473
118.612
119.139
119.827
121.322
123.555
124.341
122.617
123.835
124.872
124.01
123.229
122.292
120.634
120.948
121.469
120.171
122.147
120.394
121.886
120.437
121.003
122.653
122.99
123.149
123.357
122.287
122.233
124.64
122.938
123.472
124.221
125.881
127.45
128.554
125.847
126.238
126.103
127.829
129.122
130.723
130.149
128.175
127.272
128.062
127.519
129.024
128.988
126.917
126.516
128.301
127.756
127.14
126.506
126.98
127.309
128.377
129.826
129.202
128.748
128.99
130.381
131.165
132.588
133.659
132.725
131.496
131.037
132.486
132.393
134.265
134.815
