101.804
101.799
101.984
102.31
101.612
99.4814
100.304
101.722
102.031
102.562
102.999
104.999
106.952
108.682
109.479
108.645
112.312
111.599
112.09
112.454
112.047
112.471
109.734
109.494
109.294
106.295
104.745
106.76
108.199
107.857
109.163
108.086
106.888
107.209
109.005
108.025
108.808
109.364
110.122
109.071
110.053
108.543
106.927
104.445
103.705
105.104
104.195
105.358
106.516
107.726
107.491
104.153
104.251
103.825
106.159
107.282
104.361
105.411
104.854
105.026
103.889
104.286
104.825
106.006
104.221
102.838
103.193
103.464
104.458
104.728
105.262
107.684
107.174
107.345
105.203
106.306
105.397
104.769
102.936
104.289
103.69
104.297
105.543
104.884
104.465
105.722
105.896
104.494
104.43
103.34
102.81
103.974
101.811
103.546
105.095
102.455
100.871
99.8446
100.289
98.7673
98.5382
97.8886
97.7875
99.5606
99.2644
97.6583
97.2575
97.8623
98.4206
99.3457
98.3055
99.1454
97.8856
99.0776
98.0181
98.4568
98.3525
99.5634
99.3007
99.2916
99.954
100.672
101.647
100.418
101.165
102.675
102.901
101.907
102.227
101.362
101.402
101.967
101.743
101.906
100.708
101.155
101.136
101.7
100.445
99.8676
101.375
101.266
103.239
101.914
101.979
100.216
101.929
99.0207
97.7062
97.2703
98.1356
99.4817
99.9728
98.8795
98.3175
99.1153
99.9892
100.218
100.425
100.541
102.714
100.492
98.884
99.1184
98.6087
98.409
97.9528
98.2058
97.6074
98.5372
99.6087
98.6844
99.0358
98.9312
98.9495
98.5597
96.1576
97.2735
97.8537
97.7554
97.3651
97.653
97.4966
98.4023
100.984
102.935
103.385
101.987
101.898
100.761
101.564
100.679
100.023
100.041
99.032
97.5636
97.3858
97.2426
94.244
95.881
96.1221
95.6754
94.8545
94.3126
91.5412
90.6507
89.5413
90.1256
90.284
88.3061
86.2113
86.684
87.9586
88.4884
91.1108
87.575
87.032
84.5913
84.6886
87.2684
87.4976
87.2546
89.1
92.5877
92.1266
90.9926
90.9241
92.2942
92.1756
91.3566
90.5596
89.5405
90.1321
89.2308
87.9821
87.4769
90.7341
89.876
90.6992
90.3717
90.7242
93.4116
92.1579
92.708
92.3185
91.406
90.8383
91.115
91.821
93.7938
94.2831
94.2686
94.6008
91.8289
90.8905
89.4775
87.387
87.7995
87.4616
87.4523
86.4591
88.8986
90.718
91.9643
91.6591
91.3326
91.4344
89.9046
89.6841
88.4803
87.2261
88.1483
88.1542
89.905
90.1644
90.7712
92.5597
92.7958
91.3894
90.0601
89.6189
90.0526
90.761
91.7194
91.9811
93.2896
92.7953
92.3957
92.2557
90.9416
92.2843
92.7295
92.7431
90.911
90.0677
90.5039
92.2039
91.6271
92.8242
92.542
92.2799
92.644
92.8076
91.623
90.3908
91.8256
92.8567
93.636
92.4517
93.0048
92.0621
91.6333
92.6538
92.3808
91.1831
91.2806
90.1427
92.187
89.3289
88.5702
87.2231
87.5162
86.695
86.0733
85.2234
84.5779
85.3941
86.5379
86.24
87.9107
88.2316
89.2427
89.1752
88.9999
90.921
89.7097
88.0231
89.1993
90.5866
90.2432
90.7363
92.967
93.3153
93.9792
95.8763
96.708
95.8598
96.154
96.2937
96.8353
98.295
99.5671
99.4636
97.6802
97.1229
97.2273
96.5378
97.1868
99.5192
100.803
100.511
101.397
100.985
101.876
100.062
100.182
98.3241
97.2689
99.3826
97.3771
97.4354
97.2686
98.6196
99.8111
99.3482
99.4293
97.0937
97.6491
96.3275
97.1479
96.9971
97.6232
96.5325
98.3137
98.8767
100.138
101.517
102.272
101.816
101.5
100.913
101.736
100.955
102.558
104.859
107.936
106.724
107.572
106.577
104.928
105.049
105.011
105.497
104.246
103.794
101.181
99.9955
99.4207
100.08
101.673
102.471
103.184
101.714
99.4246
99.4435
98.0026
97.8448
97.0759
98.3751
96.7696
96.8017
96.9056
95.9948
96.3004
96.6389
95.5726
94.6778
95.0667
96.6831
98.1987
97.3848
96.065
93.0079
91.9974
92.3749
94.6682
95.3493
96.4609
94.8051
95.4975
97.0436
96.1822
97.3825
98.1183
98.6981
97.2955
96.0664
95.7072
95.0813
94.7809
95.8023
96.8773
94.3762
94.3916
94.49
94.0761
93.9989
92.2325
90.3385
89.0333
88.2712
88.0016
86.87
85.9628
87.0335
86.3509
85.9606
86.1647
87.2918
85.8534
86.3355
87.5353
87.0956
87.3932
87.9177
85.8879
83.7074
85.2038
86.4708
86.4863
87.8649
87.4005
88.347
88.2378
89.3005
87.6625
86.4419
86.335
85.3765
83.7385
82.7007
82.7567
83.3004
83.6813
82.1509
80.5977
80.8131
79.506
79.1463
79.9388
79.2906
81.2188
81.7496
80.8633
80.2662
79.3667
79.3092
79.343
80.9344
82.3692
81.6482
79.9568
81.7877
81.3428
80.1193
79.5253
78.8153
79.5925
78.4141
79.9771
79.5432
79.3307
80.6624
81.2991
80.9817
81.6876
81.2979
79.5413
79.6868
80.9393
80.7564
81.3636
80.9366
79.9312
78.0751
78.7023
78.6508
78.6479
79.6521
78.5754
78.1859
77.0161
77.0963
75.0846
76.4508
76.2561
77.3351
77.4577
79.1924
79.3733
79.579
79.1113
79.4706
81.0441
81.2043
81.5451
80.7527
81.2696
81.1957
81.2338
81.4671
81.8978
81.5368
83.759
83.3744
84.4131
83.1129
84.0212
83.9718
84.5449
83.2194
84.2601
83.9468
83.6593
82.9944
83.4513
82.7832
82.6678
80.9063
81.2093
81.6379
81.6047
81.365
81.6956
81.1153
81.617
82.1761
83.0368
84.1384
84.0689
81.4168
81.4715
80.0122
80.4846
81.129
82.0139
81.8413
80.7191
81.1227
80.9901
