99.6102
99.1091
99.0772
99.5793
100.017
99.1935
98.7031
98.2018
99.1595
99.7618
99.8412
97.9222
97.8447
96.1866
97.3045
96.9006
99.2135
99.2924
99.983
100.789
99.4867
98.0105
95.9917
95.4656
95.5426
94.3484
96.0668
96.4356
96.3425
96.8328
96.0968
95.4018
94.6699
95.7679
95.1378
93.834
95.0113
96.8457
95.2017
96.3345
97.2512
99.8889
98.859
98.087
96.4603
96.7803
98.3007
98.6322
99.5618
98.8606
99.3084
99.9698
100.286
100.895
99.245
98.6489
98.3615
97.8238
97.8794
99.616
99.54
98.2798
98.2254
97.6644
97.5887
99.8418
96.7176
98.3893
99.2403
99.9271
99.5422
98.5747
98.7051
99.006
97.7276
98.8097
99.2656
99.4382
101.467
101.919
103.69
103.636
104.522
104.311
104.204
106.054
105.05
107.085
105.649
105.661
105.109
105.103
106.714
107.824
107.75
106.064
104.897
105.465
106.79
106.566
105.614
104.946
105.139
106.789
106.632
106.219
105.042
105.82
106.837
107.694
108.861
108.3
108.503
109.422
107.873
106.746
106.499
106.67
108.025
107.863
106.483
107.276
106.647
104.103
103.702
104.381
105.502
106.108
104.267
104.026
105.46
106.042
107.444
106.318
104.657
104.57
104.539
104.383
103.005
102.171
102.577
101.309
98.6139
99.8898
99.1591
97.5395
97.4712
99.003
101.573
102.784
103.486
103.177
104.105
105.029
102.184
104.567
102.878
101.438
102.807
101.925
102.336
100.472
102.091
103.532
104.9
107.638
106.966
105.075
104.777
105.53
105.834
106.878
107.052
108.773
106.594
105.452
104.607
105.501
105.859
104.764
104.685
103.714
104.758
103.113
102.61
100.889
101.922
102.499
104.08
102.863
99.5667
100.652
102.738
100.121
101.354
103.018
102.118
102.284
102.015
102.017
103.177
101.672
101.84
101.163
99.8457
100.602
103.156
101.826
101.721
103.118
103.132
103.642
101.68
100.856
101.179
103.122
101.592
103.402
101.912
100.732
98.8605
101.652
100.695
102.565
103.814
103.059
103.388
102.145
102.259
102.489
101.676
101.343
102.597
103.292
101.802
105.065
104.54
103.73
106.1
105.778
106.944
107.594
106.298
105.233
104.488
105.322
103.908
104.274
101.522
102.313
104.431
105.29
103.493
101.997
102.517
103.421
102.916
102.601
103.102
100.806
100.933
101.853
101.82
101.854
104.297
104.914
103.719
103.106
103.735
107.2
105.773
104.148
105.335
108.392
107.804
106.23
107.193
106.98
104.559
103.064
102.436
104.692
106.917
109.781
108.841
111.723
110.151
111.007
109.219
110.316
109.564
108.259
109.842
110.134
110.041
110.034
110.786
110.986
110.412
109.052
107.146
106.898
106.254
105.698
104.418
103.192
102.927
102.759
100.681
102.308
101.424
102.575
103.097
101.96
102.301
103.011
103.615
100.19
100.857
101.121
100.704
99.5763
99.0356
99.7528
102.141
101.066
101.27
103.824
103.947
105.671
105.29
106.355
105.691
105.846
105.248
103.343
103.063
103.3
103.829
104.495
103.992
104.613
105.261
103.106
101.695
100.979
103.836
104.201
102.771
101.032
101.731
103.736
102.533
104.764
103.651
103.505
103.331
101.57
102.384
101.672
102.433
103.645
105.886
104.323
103.243
102.115
101.092
99.1381
99.463
99.4089
99.697
100.1
100.856
100.415
100.29
99.5697
100.462
99.3061
98.9058
98.2963
98.0911
100.423
99.2268
97.8473
96.977
97.0031
98.992
99.1623
98.2004
97.0161
95.7646
97.0629
98.7408
98.8621
98.2159
99.0114
99.9199
98.6813
101.576
101.089
97.9557
98.1215
98.2506
97.6278
95.8554
96.8565
96.4198
94.9958
95.327
96.179
96.5772
96.006
97.098
98.8342
100.517
98.9511
97.5086
97.1753
95.7606
97.5065
97.4244
97.4071
97.0625
98.6671
97.4957
98.8033
99.7437
99.1537
96.3898
96.3053
92.9295
91.4789
93.1945
92.1818
92.1612
93.9832
94.2978
92.5184
91.8908
91.189
92.0761
94.8344
94.3704
95.0241
94.5571
92.5947
92.453
92.4011
92.241
91.1446
92.902
92.1303
92.7898
91.2267
91.863
92.0078
90.8777
92.6671
92.4167
94.1302
95.8716
95.108
96.4161
98.2096
96.545
99.1004
96.3179
97.7618
98.0507
97.9435
98.9152
99.2557
99.8673
100.834
101.093
101.613
101.647
100.098
100.743
99.8687
99.4205
99.771
99.5136
98.5345
98.2815
98.8369
96.6029
95.4956
94.2405
93.8214
94.0044
92.6823
95.3891
94.1752
94.8075
94.6696
94.3351
94.5278
93.9851
94.0274
97.1966
96.4101
98.4978
98.6534
97.7537
98.2216
95.7939
95.5405
96.5415
97.2092
99.6276
98.5412
100.025
102.121
102.045
101.259
102.462
101.337
103.057
104.859
108.705
109.621
110.198
111.451
110.683
111.869
111.294
111.095
110.394
110.085
112.041
114.019
115.334
114.913
115.744
116.46
116.564
117.415
118.69
118.616
121.082
118.021
119.392
119.486
118.485
118.41
118.722
119.296
116.612
118.105
117.8
120.028
122.543
122.146
118.775
120.817
120.33
119.388
119.857
120.907
122.272
123.105
125.043
126.327
128.867
129.715
132.741
133.021
132.095
131.849
131.495
130.295
127.076
126.175
123.204
124.577
124.156
123.908
122.3
121.912
124.804
125.415
127.259
130.086
130.123
131.729
130.039
130.915
131.847
130.73
129.858
129.233
128.446
130.079
130.419
132.354
133.956
134.256
133.483
135.282
