99.4226
96.6344
95.5361
95.9078
95.1624
95.1044
95.092
93.2775
91.2469
91.8753
93.8299
93.1381
92.0311
92.5558
91.2589
89.4777
87.8053
87.9198
88.758
91.1341
90.7323
89.6381
89.253
90.3524
90.322
90.1476
89.0015
88.2369
89.0945
89.1151
88.036
87.9039
87.8181
87.1988
87.5293
87.7852
89.6685
90.1478
92.3611
91.6951
89.3558
89.4
89.6263
89.5084
91.1938
90.6962
90.9724
90.8505
91.0329
92.2362
90.7584
89.4561
88.3262
87.2366
86.8686
89.702
87.7867
88.0552
87.7626
87.3773
87.3603
87.2428
86.4732
86.1667
87.3512
87.0401
87.9213
88.2599
86.4717
88.1659
86.7648
85.7731
86.7952
87.7135
89.4253
91.0514
88.9607
89.2453
90.0588
90.5667
91.111
92.2637
91.9658
89.6199
86.4214
84.8729
86.3228
85.5776
85.0428
84.5214
85.1198
84.0437
82.7289
81.5188
82.3407
83.692
83.6031
83.7596
82.5063
82.0275
79.9445
78.5379
77.408
75.6154
75.235
75.5957
76.7242
78.035
77.964
78.8844
78.6032
78.8506
79.3284
80.9093
81.8105
81.3367
80.5529
80.5483
81.6057
81.8437
82.3147
81.6683
81.2119
81.0042
80.6262
79.5193
80.5313
81.8261
82.2364
83.8908
83.2258
83.2856
85.6731
85.8784
86.587
87.4024
87.1526
86.7235
85.6003
84.4872
82.3568
83.5792
82.8602
83.7323
84.9357
84.3777
86.2239
87.0193
91.4759
91.6735
90.7179
92.2977
92.3022
91.576
91.7469
91.7822
90.9739
89.3004
88.2964
86.8846
86.8242
87.233
86.2989
88.4506
89.1478
86.775
87.5949
85.9421
86.1178
85.1317
85.5343
84.7684
85.1702
85.3135
85.4234
84.7909
85.0488
84.651
85.7307
85.7505
85.2118
84.2377
84.7466
82.8453
83.1638
83.9184
85.1046
85.5688
82.7682
83.554
82.7041
84.9044
85.3579
85.0364
86.0614
85.6711
85.3987
86.334
86.7498
87.9466
88.336
87.5033
87.8378
86.9535
87.3012
88.1239
87.8526
87.8687
87.4208
87.2202
87.489
84.626
85.7836
86.5094
86.943
84.8519
85.5817
84.6931
85.2148
84.3331
82.5461
83.7059
84.0282
81.7496
82.0479
80.4508
80.9588
80.1376
79.3072
79.6874
79.7211
80.1077
80.8616
80.373
79.8108
81.3094
81.2213
80.2724
80.1751
81.0206
83.22
83.1466
83.7589
81.8039
82.7087
81.1294
81.7313
79.983
79.5037
78.3732
78.8139
79.3228
78.6908
77.0803
76.495
77.6434
77.593
78.5935
76.1908
76.1585
76.7056
76.4534
74.848
75.9496
76.7163
77.0965
77.6894
78.0284
78.0254
79.4995
78.5149
78.1105
79.0081
78.4101
77.7868
76.6327
76.788
75.3359
77.605
77.6938
77.8649
79.7539
79.428
79.5719
80.8548
81.1805
81.0377
82.4677
82.3068
83.0488
83.9378
85.1398
83.8484
83.1253
84.659
83.8639
83.0568
83.4396
83.6159
86.1368
87.2351
87.6931
88.6991
88.8374
88.9477
87.7039
87.506
86.431
84.7455
84.59
84.4866
83.0121
84.7525
84.5464
83.2355
83.895
82.9213
82.9845
81.8154
80.944
81.9734
83.3228
84.1498
82.9136
83.3112
83.7011
85.4729
87.035
85.5607
85.2443
83.6873
86.594
87.1126
87.9074
86.6505
84.7715
86.1276
86.1476
83.9288
84.9518
85.4493
86.8719
88.6849
88.4988
86.4329
87.3784
86.1925
87.0252
88.1082
88.9491
90.1338
90.9779
91.5336
91.9411
90.9684
90.7932
92.5799
91.1403
88.897
88.9429
86.6771
86.3803
87.7554
89.924
92.1412
94.3448
93.7676
95.7224
95.23
95.4338
96.8013
94.8481
93.0929
91.3179
90.781
92.8911
91.849
94.4145
94.926
94.5885
94.477
93.5463
94.1296
93.8336
93.6285
93.042
93.3401
92.3509
91.0194
91.9523
90.4829
91.9721
90.1681
90.5123
88.6109
86.9114
87.9859
86.3071
86.7763
85.6908
86.0132
86.2295
87.5499
87.0469
86.9226
86.4127
85.803
86.4096
85.1841
84.1925
84.6333
85.1612
85.8274
85.8543
86.0903
85.9622
86.5311
85.5529
86.7159
86.1014
84.1802
83.5992
82.9056
83.3795
83.9544
83.3871
81.1207
81.2049
79.8696
80.4129
80.7574
81.6333
83.8612
85.5686
84.4707
84.487
85.5873
86.4572
87.0756
87.2334
87.2323
85.9988
88.2306
87.7815
88.993
89.7873
89.6525
90.8218
90.3846
90.4752
89.6159
89.3344
90.2335
90.2215
88.5772
89.3403
90.8765
92.7699
91.8746
91.58
91.6365
90.7569
90.5221
89.6326
90.5969
90.2394
90.1791
88.7604
86.9938
87.8657
87.2447
85.5976
84.7651
85.681
81.9965
82.6115
83.3438
86.0521
87.3601
85.7041
85.9648
86.8052
88.5898
87.5616
87.1787
87.9594
88.4322
88.7719
89.457
90.3128
90.9085
92.15
93.0557
94.2241
94.2104
97.1353
96.6692
96.9989
97.4199
97.7761
99.1417
98.2676
99.2174
98.1529
99.9523
100.844
100.17
100.576
98.0765
97.8331
98.5685
98.1646
97.8859
98.6099
99.0078
98.73
98.029
95.859
94.0806
95.1843
95.6985
96.7009
96.7284
95.7301
95.7622
93.7761
94.3767
94.6078
94.9366
94.1476
93.0077
92.7392
92.5313
92.4167
93.0642
90.2638
89.171
87.5519
86.2797
86.6189
86.3611
87.2118
90.1638
89.2779
89.0904
89.6771
89.9879
90.0538
89.9261
89.7108
90.0518
89.0638
87.5163
88.2981
87.9542
90.4067
92.4863
93.7153
94.4993
92.1048
91.5808
93.4272
94.6036
95.7954
97.4655
96.2687
95.7008
96.7168
96.784
96.3896
97.051
96.2051
96.2824
94.4346
92.4125
91.7987
93.4201
93.4792
93.6541
94.285
94.8569
95.532
94.9373
94.2821
96.0904
95.686
94.2824
94.3633
94.506
94.8366
95.4449
96.2365
95.1515
95.992
94.9976
95.023
96.8009
96.7263
97.928
98.3538
