100.272
98.6279
100.445
100.067
99.8293
97.4691
96.3174
94.2195
93.3422
92.1371
94.0926
94.1062
92.6128
93.5105
95.7561
96.4582
95.6528
95.2434
95.1687
94.029
95.6129
92.8417
94.3092
94.1041
94.0091
94.2033
92.9161
91.0597
91.9505
91.9352
92.6021
92.0833
91.5153
92.9492
91.7301
91.7227
91.1237
92.9692
90.632
92.4487
92.5624
90.2788
91.5899
91.2437
89.3037
88.0919
88.1082
86.9306
88.6518
87.0498
89.0724
89.4574
89.5581
89.2697
89.7109
89.5703
89.6194
88.7473
89.0702
88.0821
89.1579
88.6718
87.9159
86.8478
86.6832
86.2944
87.2407
86.3932
86.0171
83.2928
82.3783
81.3121
82.9709
83.0231
83.3025
84.1973
84.6969
84.8578
85.4348
86.1275
85.3529
85.3836
85.7076
85.0295
86.0146
86.6825
87.2414
87.8541
87.0313
87.3753
86.1798
85.9308
85.1418
84.4624
83.5951
83.6357
82.1623
81.756
83.251
84.4955
84.5226
84.969
85.7184
84.8502
83.1479
82.5164
81.8349
81.145
80.1142
80.5723
78.7454
78.8364
76.9597
77.6865
77.7863
78.5137
77.2475
77.4711
77.8028
77.3531
78.4092
78.3486
77.1287
76.9496
77.4157
78.3314
78.794
78.0292
76.4153
76.5338
77.9682
78.3888
78.317
78.5913
80.6597
79.8458
79.381
78.057
78.8059
78.7519
79.1816
78.8597
78.871
79.0692
78.2128
77.6449
79.2824
78.5362
79.4127
79.9113
77.9051
79.727
78.8417
77.2961
76.0588
75.0398
75.2027
75.3672
76.6683
76.3725
76.2893
77.0241
76.2348
75.6132
76.4752
76.0182
76.7801
76.4359
76.3954
76.7558
76.3227
76.1553
73.9193
73.035
74.4232
73.4075
73.7592
75.1093
75.0615
73.309
71.4765
70.4206
70.0348
69.7445
70.5951
70.7708
71.8064
72.5663
72.6197
71.943
70.7967
71.2753
72.785
72.9008
72.128
72.0193
70.9919
69.9837
69.7474
69.7527
67.1719
67.9643
68.8341
68.1949
69.5228
69.7598
70.6907
70.7591
70.1841
70.5163
70.3346
70.3365
70.4425
70.4973
70.4675
70.511
70.1408
70.9097
70.1739
69.4396
69.7668
69.0133
68.7934
67.6383
67.9842
69.4517
71.3082
72.0968
70.8761
72.3416
72.5795
72.9164
72.9312
72.0807
71.2289
71.8118
73.1244
73.7603
74.9278
75.9241
75.825
78.027
77.6371
77.6045
75.6611
77.2024
78.0589
77.7616
78.3547
76.2292
77.0629
76.2489
78.3071
77.5277
75.7014
77.6092
76.8284
76.984
75.9815
75.9053
75.8452
75.7078
76.6488
75.668
74.4939
74.9899
74.7809
75.1359
75.1305
75.0593
73.6673
73.9612
75.4874
76.61
75.9255
76.0803
76.9425
76.1396
76.1559
76.8896
77.5164
78.6247
79.2799
79.9418
79.2037
79.504
79.5284
80.0823
78.6252
77.6142
78.2185
79.4312
80.1171
80.3017
80.2643
79.5399
80.5431
79.4909
81.5255
81.0904
81.4809
82.9833
82.754
83.3206
83.962
84.5854
84.4012
86.4323
86.8912
87.8121
88.0802
87.0826
85.8941
85.9211
85.934
85.0895
87.6071
86.919
85.8274
83.9443
83.4163
82.6538
82.521
82.0377
81.357
82.5402
81.7024
82.4003
82.4535
82.49
83.7036
82.8182
80.869
79.7428
79.2219
79.2611
77.0423
75.9102
76.3271
76.1029
77.8949
78.9983
77.7389
78.5999
78.6924
79.6833
80.1533
79.7795
79.7804
77.7941
78.3125
79.4814
80.5304
79.735
81.6117
77.8042
76.8482
76.9762
75.4735
73.7281
75.4306
74.5462
74.4443
73.9154
74.4144
74.7371
76.6836
77.7377
77.52
79.1986
78.5384
77.4949
77.1596
78.0189
79.2273
79.7985
81.248
80.123
80.7315
81.6708
80.6049
81.2117
81.1099
80.7759
80.4369
79.5263
80.529
80.3919
79.9289
79.0988
79.8557
78.026
79.1417
79.3615
78.9331
79.7041
80.6068
81.2625
80.7817
81.7823
82.2393
82.3285
82.6923
82.2401
81.4512
81.0219
81.3921
81.1639
80.5006
78.125
78.0725
78.2753
79.5402
78.8765
79.1366
79.2519
80.8061
80.4236
80.0934
79.8345
78.6009
78.1763
79.188
79.1014
77.7504
77.597
77.8792
78.6021
79.0155
78.8575
78.3571
76.7474
78.5004
77.9151
77.8376
77.4462
75.9325
75.2554
75.8282
74.7812
75.7752
76.1106
76.1546
77.016
75.1599
74.963
73.6849
72.9701
73.7117
74.6957
74.8574
76.1622
74.7854
75.7266
75.8694
77.2696
77.2692
75.3245
75.1125
76.0839
76.1296
75.5067
75.8987
74.8472
74.6213
76.7999
77.7285
78.806
79.336
77.2473
76.5398
76.3811
75.9975
75.8771
76.47
75.7537
75.8495
74.6997
74.8226
75.3344
75.6052
75.4331
74.8611
76.2021
74.9646
75.7922
76.5514
76.0838
76.8265
77.7747
77.1583
77.7259
77.4951
75.1066
75.859
75.3301
75.1406
75.3817
74.727
74.5432
74.3128
74.7551
76.0981
76.8312
75.2771
75.6681
77.2765
76.3403
76.7412
75.2692
77.3153
76.7228
75.4141
75.4717
73.1212
73.5388
74.4342
74.2016
74.8099
74.5008
75.3849
75.7117
76.4313
77.3787
78.1577
78.3361
79.1086
77.7665
78.0054
78.0104
79.6229
79.6702
79.5297
79.2332
78.1723
76.7391
76.7046
77.2733
76.207
76.7393
76.8088
77.2493
78.0562
79.0322
78.8647
78.6393
77.162
76.5461
77.8475
77.296
78.1856
78.3388
79.0572
79.5652
78.394
78.6334
77.9018
77.1982
77.744
78.086
77.7614
77.2069
77.381
78.7634
77.4239
78.1364
78.6479
77.4197
78.5133
78.0189
78.7829
77.6975
78.6814
79.8567
80.5344
81.4715
80.5623
78.9664
77.5981
77.6791
77.9379
77.553
77.7832
77.3995
77.5545
76.8841
76.4093
76.8518
77.9903
76.5301
75.7186
76.4715
77.126
78.2561
78.3676
79.212
78.7269
79.4012
78.8999
78.041
