99.6437
101.776
100.615
101.432
101.813
101.735
101.023
100.998
102.402
98.9893
97.6606
97.3897
98.0948
96.6539
94.6773
94.2704
92.0125
91.0798
91.5401
92.2486
92.0728
93.2655
93.1402
92.2909
94.2186
93.991
93.8454
93.8507
94.98
93.7159
94.8291
95.0627
94.658
93.6851
92.3796
91.7528
91.2891
91.1631
92.0918
93.8011
94.0579
94.463
95.0364
93.4366
91.3669
93.6173
92.7029
91.7474
91.2494
89.4441
88.4739
87.7179
87.0511
86.8086
86.5518
87.2118
87.2942
87.3056
88.158
87.7976
87.5683
86.9635
87.0476
89.0977
88.855
90.6873
90.256
90.0482
89.6188
89.3249
90.9183
90.8057
91.4184
91.5864
89.8306
88.9321
90.7644
90.0689
88.4282
91.4684
91.0539
90.5084
91.4033
92.5096
95.0415
96.1606
96.7907
97.2661
97.6663
97.5009
99.1756
98.033
99.2669
100.473
102.768
103.62
103.71
105.761
107.676
106.343
104.941
106.647
105.873
106.563
106.489
107.011
105.19
106.379
106.318
107.449
110.243
111.72
110.35
111.177
110.423
110.105
111.44
110.186
107.581
106.47
105.649
107.091
104.846
105.579
106.541
104.457
103.909
103.37
103.654
104.846
103.974
103.305
102.139
105.146
106.196
104.972
103.81
101.992
102.707
102.041
102.279
98.3832
99.2533
99.0937
99.6812
101.068
99.8308
99.7171
101.089
101.599
101.773
100.003
98.8702
98.7427
101.731
101.654
99.9443
99.8442
98.5849
98.2928
97.5749
97.5568
97.9083
97.0374
96.8249
96.1058
95.9447
94.4751
97.3269
95.47
95.8878
96.4362
96.9387
96.9313
96.2242
94.3708
91.6861
91.6533
92.6307
90.4987
89.1543
89.7444
89.3921
88.8879
90.1555
90.9451
90.2068
90.5323
90.2837
89.8565
89.2302
89.3542
90.0707
91.1124
91.1172
89.9287
91.0084
91.6238
92.5345
92.9987
92.4255
93.7373
94.0381
94.0716
93.1257
92.4572
93.3471
93.2704
91.3302
90.8838
92.5158
92.6428
94.3738
93.255
91.8233
93.958
93.8628
93.5038
94.0502
93.5739
95.5015
94.6183
96.7564
96.9737
96.5901
96.9073
96.8271
94.7759
96.4433
94.7505
94.9745
94.7798
93.679
94.3424
91.1257
90.9813
90.5883
91.3153
91.94
91.5299
92.3905
92.1371
92.1658
92.415
94.2842
94.5598
95.1677
97.2539
96.0156
93.6217
93.3131
94.9533
95.4272
96.5604
96.4591
94.736
96.483
94.8467
96.0515
98.5021
97.2217
99.768
99.9153
99.3106
99.7691
99.5126
100.281
97.9792
97.8323
97.8848
97.3979
97.7512
95.6087
97.3004
98.0943
97.8125
98.0814
98.1099
98.5056
100.29
102.256
102.332
103.413
101.36
106.379
105.358
105.83
106.326
108.14
107.653
107.547
106.489
106.642
107.178
105.641
105.715
108.025
110.254
110.391
110.518
110.172
110.231
109.358
107.959
106.047
105.918
107.227
109.01
108.406
107.47
107.24
105.263
106.765
109.35
110.949
109.116
110.705
110.359
111.081
111.134
111.884
112.899
112.001
114.619
113.677
114.051
113.743
115.864
118.405
122.775
121.849
120.667
123.174
123.132
122.538
121.883
122.533
124.637
121.078
121.365
124.055
124.78
126.698
127.71
129.065
129.069
128.153
126.498
126.924
124.906
124.141
123.261
123.044
120.481
123.13
121.76
119.714
117.079
118.122
119.163
117.025
117.263
119.199
118.207
116.639
116.292
114.773
116.567
116.246
112.827
115.115
115.439
112.522
111.092
108.774
109.422
107.459
108.154
108.527
112.245
109.625
109.913
109.413
110.377
109.069
108.035
109.768
111.373
110.934
110.408
111.234
109.32
109.226
105.584
106.463
108.759
106.807
106.503
106.197
107.755
108.43
109.523
107.667
107.109
107.33
107.644
106.661
106.951
108.288
107.435
107.728
105.545
105.79
106.716
105.979
105.703
105.612
108.003
109.213
110.243
106.961
105.945
106.459
106.673
106.425
106.439
107.2
104.676
104.367
103.228
104.478
106.299
106.701
105.014
104.641
104.243
104.404
103.282
103.569
104.092
105.666
103.607
104.126
105.651
107.349
107.427
106.771
105.409
104.753
103.976
102.401
102.169
102.963
102.953
101.247
101.585
101.893
101.883
101.731
99.5205
99.0327
99.4942
100.105
100.597
100.201
98.8844
98.6402
99.5518
100.734
100.257
99.4968
99.0023
100.367
100.742
100.453
100.108
101.534
102.386
101.961
101.378
101.822
102.139
99.5935
99.3322
100.605
99.705
97.9202
98.4104
95.8791
96.3011
97.0784
96.9512
98.5994
99.3237
100.178
99.1237
101.487
102.712
101.507
103.066
104.526
103.886
105.286
106.341
106.759
106.863
108.733
109.831
110.988
111.462
111.489
112.837
112.09
112.992
113.401
112.917
114.591
114.585
113.193
113.811
112.466
114.154
114.227
112.469
112.725
106.744
106.309
106.752
107.198
106.778
105.377
105.041
106.45
106.229
106.443
105.143
109.092
107.887
107.373
107.379
108.188
109.009
106.363
106.725
106.75
106.876
106.699
107.227
107.003
109.461
108.327
107.675
106.659
106.18
104.305
104.862
104.684
103.689
104.281
105.193
103.275
104.144
101.863
101.925
102.406
100.575
100.107
102.266
102.158
102.289
103.982
104.195
105.637
106.888
107.176
107.224
105.971
107.101
107.139
109.143
112.052
112.313
109.987
112.528
113.316
117.743
119.519
118.003
117.094
114.83
114.122
113.266
115.837
116.447
114.325
110.645
108.047
107.489
106.877
109.579
