101.075
101.277
101.708
99.2047
99.7403
98.122
97.752
99.2803
100.755
101.646
101.238
103.136
103.615
106.699
106.339
105.731
106.226
106.792
106.447
106.874
108.441
108.037
109.042
107.191
106.014
104.393
103.07
104.921
104.949
103.368
104.99
105.676
105.353
105.15
105.958
105.227
106.142
107.319
108.055
104.175
105.245
107.171
105.76
106.9
105.7
106.808
107.448
105.608
104.818
103.414
102.337
100.884
102.934
102.936
102.199
102.199
102.387
102.22
100.547
98.7651
97.0488
97.7029
97.4374
96.7071
99.4516
100.403
101.717
101.58
100.951
101.317
102.066
100.107
100.497
99.4363
98.0596
99.4297
98.0525
96.2023
96.0465
95.4527
95.9317
97.2082
97.3063
95.4983
95.8344
95.7424
95.2188
94.7242
94.508
95.1436
98.1008
97.3674
96.3503
95.2677
95.2336
93.336
92.9785
91.0475
91.1039
92.637
93.8273
93.3989
90.0734
88.491
89.1467
89.9169
90.992
91.545
91.5374
92.2973
91.5871
90.5161
91.3156
92.5338
93.578
91.3937
91.4491
92.4447
92.5226
91.2582
91
92.2255
92.4694
91.5372
92.0948
91.8072
91.4215
93.1289
93.5001
94.579
96.6425
94.7225
95.1737
94.7852
95.2154
95.4669
95.7004
95.8007
96.3621
96.7742
97.8952
96.1835
95.4193
96.1872
98.1395
95.9305
96.5624
97.4356
98.8627
100.059
98.7331
99.387
98.7899
98.9232
98.3325
98.7423
97.8647
99.6529
99.8959
99.9749
100.144
101.021
102.112
102.12
101.935
102.463
102.626
102.645
102.067
104.572
104.659
103.875
103.744
104.821
105.168
104.966
105.236
106.243
107.631
108.381
107.089
107.77
108.972
109.781
107.601
108.642
108.275
107.253
109.304
109.747
110.443
110.29
107.577
107.254
108.392
108.776
109.592
109.254
107.188
106.047
108.928
109.84
111.434
113.596
116.384
117.922
118.116
117.628
114.702
114.679
114.418
114.986
113.439
111.398
110.641
111.895
111.428
110.354
107.737
105.809
104.814
106.048
109.26
109.803
109.119
109.826
110.91
113.301
113.917
113.262
111.5
110.071
112.273
114.279
115.204
117.106
115.684
116.043
114.88
114.168
116.476
117.953
117.184
118.38
118.506
118.119
117.486
119.656
120.796
121.378
121.234
119.926
119.98
118.732
119.455
117.964
120.576
118.805
119.047
121.097
120.708
121.039
122.755
121.406
120.686
119.195
118.646
120.1
120.651
120.447
120.489
119.031
117.269
116.871
114.788
114.834
114.214
113.654
112.445
111.349
110.567
110.03
109.004
108.113
106.722
105.083
103.166
103.158
103.323
102.095
101.796
101.392
100.513
101.202
100.798
99.4168
100.499
100.815
100.019
98.4976
98.9075
97.4072
99.714
96.3817
93.578
94.1283
94.3145
93.649
94.7482
92.1181
91.1642
90.275
91.0578
92.9216
91.5635
90.6258
90.4845
88.7195
89.9815
89.1988
89.1189
90.9265
90.0603
87.5588
88.3644
85.9716
85.3405
86.2656
85.6503
86.551
88.2804
89.6174
89.4404
90.3196
91.8335
94.6238
94.4841
94.3244
91.7624
90.8278
92.0328
92.0377
93.1894
93.787
94.0623
92.1326
93.2093
91.9199
92.0847
89.8048
89.9872
90.8275
91.4928
92.6442
93.2711
92.3373
92.6659
93.1638
91.4342
92.0792
92.521
92.4901
93.4708
93.3814
95.1223
94.4951
93.9374
95.397
95.3518
94.8019
94.6264
93.0349
93.932
94.6933
94.1362
93.9823
93.2685
92.8435
93.9604
92.6281
92.6929
92.0347
92.8395
93.4942
91.958
92.6083
90.5929
89.0691
90.221
92.67
93.1425
94.3954
95.3188
95.2537
94.162
93.7098
94.5199
95.8382
95.8381
96.2871
98.439
98.2076
98.5198
101.544
101.59
101.176
102.483
102.229
102.044
103.987
103.95
103.372
105.695
105.547
106.067
105.774
105.367
104.149
105.298
106.41
107.736
108.21
110.944
110.163
111.807
111.505
111.692
111.292
111.265
109.439
110.33
111.163
110.781
112.146
110.59
109.92
108.833
109.896
109.169
108.904
110.341
106.271
104.406
104.168
101.36
99.3592
99.399
98.6571
99.904
97.6238
97.9465
96.7396
95.6658
96.2189
96.0729
94.1692
93.1102
91.2512
90.2496
91.1352
90.1586
87.6762
87.8995
87.2101
88.1398
88.8844
89.6134
87.8758
87.5488
87.4879
87.4036
84.7399
84.2552
86.4648
85.7672
86.4354
86.6875
86.4127
86.6094
83.5355
82.6693
82.8245
83.243
83.5347
84.355
84.4707
85.5534
85.6657
86.5741
85.8518
84.6973
83.8898
84.5163
84.2605
80.9974
79.8565
79.3892
78.9263
79.3925
80.6552
79.2963
81.334
81.1967
79.9037
81.2951
82.1429
81.2186
81.8391
82.3337
83.135
82.7097
82.6802
82.5967
84.6275
85.6141
86.9416
87.4644
88.7791
90.351
88.6986
91.0486
92.8826
94.007
95.9802
95.2407
94.9436
95.1424
95.3669
94.795
94.9227
96.1917
97.2379
98.7725
100.531
101.958
102.711
102.07
102.129
102.064
102.873
103.298
102.811
101.488
100.756
101.462
99.5561
100.574
99.5128
98.0757
99.2219
98.5051
96.8372
96.2821
97.8234
98.1973
99.0602
99.1081
99.2224
97.8167
97.5599
98.628
97.6871
97.1073
96.7836
99.0295
99.2549
98.9502
100.025
99.8402
101.245
102.946
103.014
101.225
105.556
108.028
108.464
109.46
110.093
108.218
105.702
104.973
104.89
103.915
104.383
105.047
102.703
103.204
102.287
104.312
103.691
103.826
105.338
105.526
104.26
105.174
107.932
107.549
107.244
108.59
108.911
