98.9266
98.8494
98.3098
98.972
100.681
99.4201
100.265
100.679
99.1464
100.06
99.3287
96.4115
95.4737
94.2599
93.668
94.2656
93.5869
92.2814
94.3063
91.0468
90.9595
91.7796
92.6306
91.6978
93.0277
94.585
94.3389
93.8075
94.829
91.21
90.9202
92.4239
92.4985
93.2397
93.5927
92.0998
91.2825
91.5511
90.9874
91.2431
93.0231
90.6286
91.342
92.827
90.82
91.4559
90.2992
90.7689
91.2665
92.1291
92.4615
92.2619
90.993
91.3757
92.4909
90.9233
91.3537
89.7758
90.7778
91.0774
89.9691
88.7465
88.9279
86.5528
85.9379
86.1355
87.5516
85.4015
84.935
85.1162
84.9713
86.8091
86.8923
88.3993
88.0717
86.5336
85.1998
85.6203
85.819
83.569
84.5702
83.5429
83.653
83.7229
83.078
83.5105
82.0899
82.0361
84.0321
84.0279
84.0409
84.4994
84.7315
85.8912
86.463
87.1558
87.1339
84.2678
83.9849
84.6669
84.4963
85.575
86.7604
86.114
85.5106
85.5732
86.8309
85.3015
83.8293
84.4605
85.2973
86.51
85.3879
84.7282
84.3128
82.5186
83.0328
84.8049
85.764
85.1798
83.6027
82.1884
82.9561
83.3109
82.9144
82.7331
81.7629
82.9347
82.7995
83.3544
84.4372
85.3772
84.6908
84.6347
84.6951
81.1698
79.5128
80.0291
82.7286
83.14
83.5702
81.7491
81.9952
81.5132
81.4252
81.667
81.9206
81.6389
81.2537
81.2376
82.5575
80.7154
78.8783
77.8776
76.4936
75.3278
74.9244
74.8136
74.8465
74.8955
74.2991
74.6441
75.4234
76.0051
77.6135
76.6158
77.583
77.2501
78.6672
78.8744
77.7339
78.6909
78.1455
77.5018
77.3587
76.9613
76.0533
76.6985
74.9145
75.541
77.0918
76.4784
78.1114
79.0976
77.9284
76.6889
75.0607
75.4064
74.5593
74.7555
73.3144
72.3472
71.9664
69.7805
69.585
71.7915
69.7737
69.1745
68.2935
68.7705
68.9606
70.0253
70.4044
69.8984
71.1134
69.4734
67.9888
66.1334
67.0762
66.8938
67.7594
67.4154
68.5414
69.1971
68.6008
68.5511
67.8315
67.2671
67.262
67.5532
67.9675
68.4403
67.808
68.9305
66.3222
63.2755
62.2846
61.6955
60.8547
59.7139
59.6814
58.7858
60.3244
60.6886
60.75
60.6324
61.331
62.4851
62.3765
63.4247
63.7238
63.7149
64.4598
64.0048
64.2542
63.8295
64.8686
64.2296
65.0776
65.4543
64.8966
64.8512
65.5665
66.1116
65.3866
65.6616
66.0651
66.7587
65.9875
65.199
65.6377
66.0022
65.6204
65.0296
65.6525
66.9976
67.0663
67.0631
67.6185
68.927
69.0386
69.1828
68.3576
68.4578
67.5974
67.9767
67.9267
67.5209
67.2589
67.4448
65.7277
65.2013
66.0131
66.044
63.8055
62.9093
62.5427
61.8448
61.9075
61.7383
61.287
60.8023
61.2249
61.8819
61.5678
62.5879
63.1043
62.4806
62.8644
62.6995
62.8188
63.5466
63.1238
62.5906
62.9766
62.5995
63.5157
63.338
63.7483
64.6246
64.7601
65.6222
66.8254
66.3655
67.0334
68.1121
67.7054
66.8754
66.787
65.2581
65.387
65.5163
65.7066
65.8492
65.0351
65.3731
65.4554
66.0524
65.9575
65.5384
66.3811
66.4563
66.3507
67.1226
67.2999
67.4016
68.8781
69.3239
68.9934
69.8131
70.0727
70.5707
70.6124
69.7223
69.7911
69.3736
68.7422
67.7542
69.2109
66.7954
67.2931
67.7587
67.8715
68.7064
69.2796
68.7615
68.3729
68.532
69.4022
69.3962
69.9009
69.4177
69.7772
69.6677
70.3182
70.2538
70.0116
70.8029
72.3043
69.7225
69.3731
69.7227
69.2279
69.2099
67.4443
68.2306
68.8419
67.2175
66.8111
68.231
66.5841
64.8834
64.4054
64.3121
65.6931
65.8151
65.8563
66.2385
66.4105
66.1773
64.2615
63.682
64.6182
65.174
66.1866
65.0351
65.6896
66.1883
65.3137
64.6905
64.3203
64.0557
64.4604
64.9475
65.2714
66.2416
67.7942
66.0213
66.7279
67.0676
65.9535
65.6985
66.0867
66.8545
67.0745
67.7474
68.4062
68.7658
70.1319
69.6538
68.1134
68.2438
69.6809
68.9634
68.6679
68.9232
68.4416
67.0202
67.4012
67.1329
68.1616
67.6638
68.9168
69.2918
70.1115
69.059
68.9806
69.4088
69.51
68.6664
68.7417
69.1395
68.1281
68.6284
67.8711
65.3349
62.8481
63.6486
63.6186
62.355
62.8733
63.1625
63.5492
64.9995
64.3818
64.6792
64.4823
64.3056
62.9705
63.3699
63.2707
63.6322
64.218
63.9428
64.9954
64.4652
64.7188
63.4265
64.4218
65.7347
64.5538
64.4385
65.6688
64.7138
64.8556
66.1404
67.0801
66.6626
67.7545
66.941
66.0207
67.0469
67.3543
66.2677
65.9136
67.1042
65.9885
65.5326
66.5422
66.4297
66.374
68.1363
68.886
68.1286
66.9039
66.087
65.9394
65.3138
65.3417
65.5117
64.9399
66.2978
65.6201
65.6485
64.0414
63.1345
63.1834
62.3523
62.1974
61.6128
60.8566
60.8228
61.9494
62.0207
63.2006
62.775
63.1174
65.2714
65.668
66.558
67.315
68.2328
69.4197
70.7254
71.4031
72.4911
72.2725
72.4647
72.868
72.9406
73.7122
74.736
74.8439
76.1245
75.695
76.8151
77.4543
77.4304
77.9198
78.3744
77.2635
74.709
75.3146
76.0169
76.4481
77.0078
76.3301
77.6421
77.016
74.7623
74.0326
73.7775
74.2372
76.0135
76.4713
76.4174
77.5243
76.7186
75.4942
75.3465
74.7309
74.8645
75.1265
76.3722
76.7753
76.9634
76.9095
77.7898
76.381
76.4194
76.1884
75.369
75.4619
73.6804
73.341
72.188
71.6549
71.5549
71.2721
71.4141
71.2406
70.3842
70.5203
68.527
69.7762
70.6183
70.0072
71.4961
73.0737
72.9048
71.9286
69.9195
69.6511
68.2686
67.9357
66.9409
66.0692
66.7075
68.1923
68.8583
