100.339
100.26
99.757
101.737
100.377
102.611
101.956
101.111
101.253
99.5449
98.1805
96.6205
97.0939
96.2482
97.0035
96.3423
97.9791
97.4307
96.7587
98.9873
100.826
101.943
99.8185
100.981
102.123
103.756
102.648
102.021
100.824
100.464
101.791
101.232
101.751
101.856
102.481
101.246
101.586
101.078
100.289
97.6684
99.3384
97.0823
97.4859
97.2204
97.583
96.6411
98.8491
97.4848
99.7544
98.2407
96.4005
96.2461
96.9971
97.0674
97.6725
98.9292
99.1855
97.4974
98.62
98.1917
96.776
98.7347
96.7681
98.3882
95.627
96.5353
97.0954
97.271
97.9347
97.1342
98.418
98.2807
97.119
95.6251
94.1705
93.7082
94.124
95.0601
94.243
96.759
95.2927
95.4385
95.3745
92.9682
94.9445
95.618
94.9407
93.8856
95.4036
94.512
94.3873
94.7293
95.8492
93.3216
95.0027
98.5322
98.7347
98.2221
98.2079
100.837
100.279
100.33
98.5122
98.2184
97.1211
98.6368
99.746
101.047
100.447
101.204
102.14
104.032
104.36
102.837
103.702
104.422
106.076
104.446
102.887
101.537
101.667
104.146
102.289
101.055
102.067
102.472
104.742
102.782
102.953
102.28
103.672
101.593
101.662
100.203
98.3181
98.8845
100.514
99.0512
97.6518
98.0901
97.58
98.2155
97.5001
99.469
99.3264
100.203
101.129
99.8669
99.8904
100.195
101.856
101.908
101.743
102.865
105.777
103.82
102.395
101.07
102.407
103.136
103.517
100.363
103.742
103.606
104.646
106.179
108.12
108.028
111.908
111.449
110.796
111.283
111.568
112.741
111.338
109.87
109.181
106.562
106.849
106.91
107.791
108.897
107.689
108.092
106.7
107.259
107.904
109.833
109.363
109.524
112.224
113.679
114.582
113.118
113.376
113.244
111.796
112.12
111.261
112.644
112.05
108.815
105.853
105.115
105.447
107.176
108.088
106.47
104.498
104.148
104.466
105.492
107.393
106.502
105.75
108.053
109.811
109.6
109.056
109.029
109.743
110.671
111.563
113.243
111.346
110.392
108.573
106.705
107.308
104.697
105.15
106.435
108.179
109.817
111.502
109.425
110.077
112.157
112.607
113.805
112.398
113.149
113.993
114.754
115.196
117.661
117.943
116.055
114.855
117.616
118.391
119.309
121.706
121.879
121.625
121.437
120.034
120.716
122.952
124.541
124.804
122.926
120.213
118.755
119.511
116.228
118.211
117.968
114.821
113.537
110.822
110.805
106.911
104.64
101.847
99.9787
98.2726
96.5011
95.4243
95.4519
96.5823
97.1056
97.0575
95.0866
94.4317
93.2969
92.1514
92.099
90.7826
92.5313
92.7742
92.972
93.6763
93.6281
90.9651
90.84
91.2089
90.3374
90.8228
91.7649
90.9698
89.1457
88.9164
89.2002
89.3153
88.8689
87.9758
88.3295
87.1486
87.1041
86.9498
86.6661
87.0781
87.4697
86.507
86.082
87.1269
86.3468
87.8057
87.8168
86.9398
87.7485
87.5961
89.4986
89.4351
91.6175
92.5929
89.8108
89.6437
89.7249
91.1036
95.1476
96.1913
96.3512
97.4339
96.4459
95.2193
93.3986
93.5313
93.5147
92.8471
91.7174
91.8729
90.0434
91.2878
90.391
90.7273
91.0592
91.2829
91.9735
94.2167
96.066
95.9033
94.4808
92.8558
92.6295
91.6179
91.9913
91.1114
89.7167
87.8833
88.5965
87.4684
86.53
86.6876
86.1852
87.3128
86.2963
85.9361
85.7384
86.494
85.3264
85.4368
83.9767
84.4793
82.5983
81.5854
81.8553
81.5129
80.9016
81.4341
79.6473
78.0184
79.738
79.2996
79.3978
80.1453
82.1531
83.6601
84.548
83.989
84.9213
84.7765
85.9496
88.1404
87.5509
86.8771
85.7447
84.376
85.7074
85.9945
85.2175
84.6067
84.5322
83.1945
84.7461
85.4466
84.3612
85.9184
86.1725
86.2571
86.3301
85.2457
84.5884
84.1779
85.0929
84.426
85.6085
86.5517
84.3304
86.5718
84.4747
85.3688
84.676
84.2029
84.6506
84.7081
84.765
83.7226
84.6756
83.3603
83.0494
81.6043
82.2736
81.0836
79.7205
79.7732
81.2113
81.299
81.5429
80.5825
80.5873
78.9891
79.3557
78.4768
76.8328
76.5976
75.9719
75.8438
76.9113
76.0881
75.2247
76.3773
75.646
76.5162
75.2977
75.4804
76.5432
75.6022
75.5416
76.0446
77.3094
76.2443
76.3721
78.3512
77.763
76.5361
77.7565
77.6342
77.3243
76.6755
77.1076
77.9946
78.8066
80.0619
78.8164
78.5018
79.483
81.0981
79.4168
80.2054
81.6539
81.8374
82.4208
81.1443
81.3928
81.9606
82.7105
81.8265
81.2825
81.0596
80.9603
81.1412
82.9964
82.7632
81.3511
81.5304
80.7011
81.1276
80.2872
79.1364
79.8158
79.8804
80.1489
80.4257
81.0571
80.6359
79.997
80.5086
80.5678
81.3037
80.7159
80.8069
79.2411
80.2352
80.3959
80.2647
78.1292
78.4002
80.1245
79.4432
80.3974
79.2125
79.4543
78.8265
77.5768
75.457
75.7266
77.7645
78.1024
77.1502
75.4667
76.2707
76.8242
76.5358
75.6895
74.6999
74.3088
73.7417
73.9278
74.704
74.5617
74.6571
75.6531
75.1753
73.6137
74.1841
73.2059
73.6821
72.8498
73.4212
71.1862
70.9337
70.5399
70.1262
70.5217
72.0738
72.2909
74.2875
73.2184
73.5832
72.5397
72.5347
73.4176
74.2528
74.54
74.4795
73.9415
73.9231
73.5677
71.6395
70.2873
70.8041
70.1347
70.7475
70.7643
70.4352
69.4818
68.6876
69.3515
69.4699
69.6911
69.8847
68.7724
67.3201
67.7369
66.8969
66.6028
67.1518
67.9353
67.8025
67.9112
67.9001
68.2482
67.0369
66.8632
67.0934
67.9446
68.3364
66.9907
