99.7393
101.103
99.086
99.2502
98.7554
100.193
101.409
103.203
103.471
105.055
103.82
104.376
103.424
99.9442
101.847
103.319
102.056
101.598
100.812
101.415
102.159
103.466
103.183
106.041
105.313
104.754
103.559
102.77
103.196
103.368
106.562
106.686
103.618
106.192
105.253
103.631
103.289
104.336
103.262
104.782
102.934
102.821
103.608
104.597
103.024
103.527
104.288
105.362
105.834
106.848
108.303
108.656
107.955
109.664
112.205
111.068
112.33
115.523
115.214
112.921
115.394
114.718
115.448
117.064
118.031
119.431
117.518
115.931
116.951
112.685
113.568
113.902
114.145
114.084
110.981
112.494
112.198
112.158
111.444
110.912
112.163
111.986
112.614
112.341
112.143
112.665
112.126
110.409
111.326
111.377
110.632
111.883
110.44
112.008
110.173
109.04
108.931
108.001
105.637
103.735
102.247
101.402
103.718
104.629
103.652
103.247
103.516
102.908
102.367
101.536
101.336
100.307
101.787
101.558
101.203
102.251
102.852
103.835
103.003
102.677
103.433
104.041
103.345
105.733
103.989
105.48
108.205
107.708
108.035
110.337
112.123
112.904
112.187
111.877
110.133
109.606
110.802
113.186
114.048
114.688
115.758
117.174
118.366
116.604
116.333
115.5
116.913
119.349
117.354
116.804
118.788
117.827
117.626
119.045
119.986
122.418
123.459
121.482
120.687
120.179
118.563
117.523
118.004
118.321
116.58
116.286
119.705
119.11
118.297
118.368
118.629
116.09
117.032
117.188
119.151
119.025
119.194
120.751
120.91
120.539
121.153
121.158
122.148
121.124
120.977
119.355
118.362
118.148
118.711
118.289
117.995
120.131
122.245
122.726
121.864
123.04
123.367
124.135
126.936
130.109
131.596
133.324
132.325
133.987
133.476
133.253
129.335
127.171
128.355
127.549
130.309
132.765
133.015
137.479
136.299
134.677
132.695
135.304
136.09
136.464
134.39
134.039
131.483
129.353
129.458
126.099
123.445
122.045
122.471
122.102
121.282
122.335
122.663
119.665
119.931
119.596
122.353
123.179
123.032
123.603
123.553
126.391
126.677
126.725
125.291
124.788
126.061
126.008
128.477
126.669
127.164
124.84
126.769
126.223
128.444
129.076
129.454
129.381
129.049
130.938
130.825
127.064
126.526
126.888
125.996
127.519
127.703
127.851
125.436
124.606
126.801
127.017
128.417
130.461
128.801
128.046
128.025
126.535
125.636
124.997
126.229
126.505
124.83
125.019
127.131
127.451
127.728
127.611
127.16
126.729
127.748
127.127
128.502
129.386
128.238
127.035
128.594
127.246
126.81
125.747
123.619
122.526
124.925
125.63
125.743
125.529
126.755
128.237
130.704
130.431
129.942
126.735
125.41
126.691
125.392
125.141
124.09
124.835
124.788
126.555
127.405
128.24
128.019
126.858
127.297
124.851
123.854
123.325
122.213
118.432
117.668
118.014
118.973
118.106
120.703
118.87
119.621
120.13
119.524
118.705
117.118
116.137
116.025
117.813
116.863
119.626
121.009
120.455
121.444
123.672
124.299
123.339
125.081
125.641
128.07
128.864
131.47
130.985
131.309
131.826
132.084
131.72
132.149
128.436
130.716
131.729
134.201
133.563
133.185
135.067
133.708
133.255
131.433
132.08
130.93
131.521
132.595
132.324
135.234
134.75
130.809
132.815
133.553
133.909
134.967
136.503
136.083
135.44
139.793
137.821
137.743
135.66
135.926
135.795
135.232
134.552
135.331
135.732
136.696
131.086
133.018
132.748
131.81
133.085
134.755
135.915
136.271
136.816
136.587
138.426
139.209
139.411
140.18
138.889
140.069
138.456
139.648
140.256
137.906
135.765
139.943
141.318
143.746
145.312
146.335
147.559
150.488
151.827
153.25
155.569
157.746
157.391
161.407
164.238
164.192
166.398
165.009
166.381
168.428
170.201
173.693
171.751
172.04
174.86
174.715
171.762
169.993
169.239
169.021
166.579
165.835
164.475
164.794
161.67
161.35
160.404
159.572
158.93
155.866
157.169
156.949
159.324
158.674
161.822
161.615
163.445
167.953
166.579
163.373
163.36
167.17
161.65
163.264
160.534
159.318
161.932
164.719
165.204
164.826
165.473
165.821
166.675
167.819
170.407
170.093
168.778
173.431
173.625
174.204
170.89
170.125
169.448
170.976
169.717
172.559
171.225
176.228
174.964
173.365
175.782
177.56
177.117
178.406
179.282
175.915
177.939
177.595
176.534
173.492
167.075
165.373
166.704
166.517
168.263
169.192
165.573
167.786
166.304
163.386
164.372
165.522
163.143
162.687
160.15
159.854
160.475
162.739
161.272
164.586
164.946
166.45
164.652
163.785
160.471
158.966
156.657
156.605
152.642
152.465
150.141
149.696
148.445
148.03
144.221
146.677
149.258
149.501
145.83
148.957
147.917
151.147
151.478
150.173
147.519
148.322
150.028
149.218
150.684
151.298
153.203
149.551
145.773
143.006
141.336
140.584
139.647
138.815
137.521
138.744
139.458
140.807
139.935
140.425
140.1
136.73
135.748
137.6
139.006
139.049
138.671
138.922
136.736
138.257
138.963
139.944
138.689
137.353
136.282
134.165
134.054
133.58
131.107
129.519
129.777
129.028
129.291
130.135
124.986
123.247
120.334
