98.7618
100.452
102.125
102.81
101.502
98.6112
99.5261
100.894
100.189
102.419
101.047
99.8217
98.2948
99.4039
97.8451
97.1612
98.408
98.19
98.5124
97.5166
99.6588
97.6568
97.9687
100.023
101.367
101.035
100.625
101.146
101.407
102.064
99.7793
98.2404
94.3097
93.7981
93.5168
93.8158
94.4201
95.0493
94.3577
94.3691
94.3362
94.493
94.3084
92.9148
91.468
92.1078
91.2344
89.8343
89.257
88.1716
87.2224
86.5844
86.3122
87.001
86.8908
87.2385
87.077
87.083
85.4029
84.6614
83.2858
83.9169
85.543
86.1804
86.2573
85.5965
84.3526
84.0362
84.2116
84.1743
84.0097
84.3477
83.8324
82.3876
83.3497
82.7295
82.987
84.2345
84.7055
85.7363
87.4269
88.4219
87.9799
88.3791
89.6436
88.6856
86.085
86.4046
86.4952
85.3649
85.9946
86.6178
84.6985
84.4114
83.1424
82.8459
83.0585
82.7169
81.9849
83.8153
82.5971
83.3644
84.5949
86.3566
85.9928
87.3518
87.8517
89.4942
90.7356
91.5006
93.226
94.9962
96.64
96.4896
96.4869
96.749
97.1111
97.5581
98.9168
99.5902
99.2852
99.5313
98.4555
101.024
101.028
101.58
100.391
98.4962
99.009
99.0402
98.1975
99.2924
98.6721
98.8892
99.9807
100.348
101.044
100.793
100.314
100.507
100.566
100.588
100.642
102.081
104.171
105.248
105.856
106.158
105.035
104.337
107.394
108.394
108.62
107.735
107.41
107.753
108.133
109.371
109.418
109.679
109.316
112.205
113.062
112.957
114.367
112.286
112.242
111.476
109.202
111.107
108.579
108.127
108.659
107.604
107.004
107.105
106.452
103.877
103.636
105.653
104.778
102.698
102.137
102.718
103.981
101.589
102.721
102.021
102.553
101.079
102.711
100.044
98.0032
100.325
101.61
103.001
104.678
103.85
103.621
105.297
106.248
106.1
106.156
105.445
102.684
100.987
100.381
99.6138
98.8913
98.7869
98.2295
99.3724
100.449
99.6587
100.461
99.1702
102.615
103.937
101.966
101.078
101.819
100.629
100.711
98.5396
97.4949
96.1338
94.2881
94.4226
92.44
95.4345
97.2933
96.782
96.9531
96.2545
95.5165
96.391
96.1751
96.7546
97.0978
96.1382
95.9244
96.8677
96.7991
96.2661
96.2916
96.0757
96.7277
97.2143
99.443
99.1139
98.1693
96.6597
97.6256
97.7237
99.3494
99.3402
100.894
100.158
101.828
103.038
103.222
102.487
101.633
102.355
103.474
102.145
102.522
103.711
104.163
102.139
101.088
101.078
101.887
100.145
101.351
101.963
103.05
104.153
103.409
105.146
106.771
107.25
109.171
108.887
109.123
109.64
110.662
109.675
110.601
110.33
109.192
107.705
106.261
105.295
103.902
103.839
103.884
104.731
106.103
106
104.887
108.135
107.631
108.47
107.684
106.718
105.78
107.096
107.519
108.62
107.299
105.055
105.9
105.127
104.609
104.027
101.389
103.247
102.129
102.661
100.289
100.703
98.3103
98.5913
97.9406
100.542
100.379
101.11
103.868
103.005
103.296
103.479
104.492
104.181
103.005
103.114
105.099
106.554
106.133
105.141
104.147
102.139
103.85
104.351
107.233
107.238
108.182
109.583
109.379
108.568
109.636
110.067
110.159
112.38
111.533
109.772
109.303
110.584
109.927
108.981
111.479
111.88
113.023
113.454
113.953
112.313
111.615
112.977
113.715
112.568
112.75
114.576
116.254
118.051
120.128
119.598
117.152
119.242
117.3
114.921
115.333
116.385
116.559
115.4
114.573
114.515
113.661
114.349
114.837
115.449
116.893
114.408
113.726
114.812
114.731
114.413
114.483
116.61
117.624
116.816
115.313
115.528
114.75
113.597
115.555
116.992
116.894
119.245
117.018
115.12
114.167
112.113
112.462
112.576
110.279
109.324
108.027
110.604
111.435
110.636
109.398
112.812
112.414
110.049
109.872
108.684
109.731
110.857
109.338
110.224
109.771
107.088
107.857
109.589
109.659
108.94
109.144
106.915
106.067
105.514
104.932
104.606
102.592
104.264
106.701
107.324
105.523
105.003
105.372
103.255
104.053
101.856
100.828
100.175
100.378
101.339
100.584
101.977
103.314
102.932
101.814
101.415
102.229
104.791
103.583
104.14
102.32
105.041
106.146
108.518
106.61
105.257
104.518
104.532
105.607
106.394
106.057
103.935
104.008
104.658
104.853
106.128
106.691
104.269
104.907
105.134
104.17
101.554
100.59
100.733
102.36
101.874
99.7307
99.7551
99.704
101.058
100.225
99.8628
100.328
99.5923
100.383
99.8992
99.9838
99.586
102.991
102.958
103.618
103.822
103.708
105.313
106.312
107.92
108.769
108.264
107.873
107.191
106.077
108.812
106.831
105.539
105.116
106.542
106.493
106.473
107.151
107.477
106.684
105.984
106.116
105.892
105.855
106.477
107.844
105.282
105.539
105.942
103.796
104.435
107.665
106.445
107.429
106.108
104.847
103.497
104.289
101.41
103.168
101.5
103.795
103.505
103.134
104.788
104.888
104.941
103.668
104.527
103.571
103.887
101.068
101.125
100.707
103.036
103.497
104.302
105.88
105.803
103.701
103.92
103.477
103.517
103.361
103.495
102.071
102.573
103.63
103.567
104.871
104.436
105.465
102.461
102.051
102.142
100.782
101.98
102.973
105.653
104.281
105.696
104.472
103.565
102.6
103.74
101.948
100.544
101.658
99.1395
99.2162
100.851
101.141
101.062
