100.346
101.182
102.525
102.905
103.48
103.039
101.558
102.265
100.188
99.1118
99.88
99.264
97.9419
100.294
101.779
103.565
103.354
106.175
107.513
107.816
107.61
108.922
106.324
104.825
104.306
103.248
103.775
105.808
108.868
108.682
108.587
106.78
107.829
106.179
104.101
103.706
104.118
103.268
101.933
102.751
104.022
105.402
107.648
107.054
110.544
110.609
110.838
109.668
109.7
108.627
110.303
111.454
111.3
112.447
111.153
110.381
110.238
108.697
108.945
108.33
107.138
108.538
106.781
106.692
105.26
104.151
102.538
102.154
102.474
104.863
103.847
103.954
103.829
102.842
106.093
104.892
107.302
107.228
106.999
110.312
111.959
112.527
111.88
113.094
112.822
113.776
114.188
114.327
114.698
114.663
115.853
112.722
112.217
113.168
113.639
112.638
110.767
110.233
110.888
111.339
109.382
110.449
110.456
112.45
112.852
111.483
112.312
112.34
111.323
111.669
113.09
114.746
114.597
114.067
111.41
111.71
109.315
110.898
111.386
112.556
113.068
111.46
110.631
108.921
109.705
109.309
109.486
107.868
108.783
110.132
112.545
112.58
113.063
113.769
112.767
113.097
113.205
112.919
112.797
114.557
113.891
113.247
113.037
112.971
113.976
116.323
115.672
116.774
118.079
116.586
117.722
117.799
117.23
119.13
120.338
121.157
119.441
117.61
117.504
119.621
119.842
119.424
119.081
121.319
122.898
120.033
122
122.122
123.092
121.629
120.773
119.246
119.498
117.776
116.284
114.194
117.063
117.055
117.389
119.024
120.032
119.724
119.253
120.219
119.431
117.86
117.898
121.992
122.792
122.628
121.728
119.9
117.635
118.335
115.402
115.433
117.482
116.3
118.952
118.872
117.442
116.701
117.672
118.138
117.634
116.359
117.757
121.054
122.79
122.895
125.288
125.992
129.022
128.515
129.176
128.089
129.518
128.716
127.219
124.2
123.916
124.834
123.861
123.877
123.975
123.375
122.219
121.601
120.974
120.433
122.752
121.911
121.349
120.488
118.606
117.49
118.966
117.441
116.822
118.178
118.01
117.227
118.068
115.624
115.154
114.34
116.415
115.236
116.393
119.155
121.198
117.925
116.68
117.006
114.641
114.152
114.101
116.224
119.466
118.389
120.846
121.313
122.219
123.039
121.9
121.602
121.212
122.369
118.883
118.104
117.487
120.81
121.537
122.199
120.225
118.842
118.038
120.502
123.212
125.464
127.174
127.001
126.541
125.89
124.997
124.658
121.678
121.536
120.887
120.565
124.073
123.294
121.478
122.896
123.788
123.418
124.312
124.927
123.557
123.299
123.788
123.381
120.889
119.873
120.566
119.513
122.695
123.211
121.531
121.682
121.093
120.346
117.874
121.927
119.42
119.951
122.852
122.025
120.294
119.885
117.775
115.675
114.602
116.998
117.196
118.69
117.902
117.406
116.331
114.054
112.749
111.999
112.302
113.717
113.911
113.934
113.146
113.779
113.604
114.375
112.739
114.275
116.176
114.565
117.318
117.283
116.092
113.144
112.933
114.449
112.427
112.121
111.275
112.41
112.627
114.382
112.159
113.981
112.979
111.827
108.787
109.421
109
110.396
111.875
112.704
111.334
112.272
109.929
108.162
107.459
106.803
104.679
101.294
101.252
102.296
100.705
100.427
96.4582
95.9064
95.3455
95.6965
95.1165
96.3924
96.6875
96.371
96.2948
95.0814
94.9898
95.5106
96.1756
97.0075
96.291
96.1643
95.1612
95.173
93.6664
93.7696
92.0977
91.427
90.5907
91.7625
92.2652
92.1668
92.5806
92.0402
91.1471
90.372
90.1032
89.3053
90.4087
92.1605
91.3562
90.6005
90.6753
90.266
91.1716
89.9375
91.3031
90.178
90.466
89.7963
89.3223
89.1786
89.3026
87.3029
89.5814
87.8964
88.5804
87.8777
87.5113
87.5478
87.5294
87.7438
88.7013
89.5449
90.7011
91.16
90.9901
90.0812
90.9184
92.4276
90.9733
93.8915
91.8209
93.3096
91.694
91.7045
90.2611
88.6069
87.0947
86.6597
87.0452
88.4757
87.9533
86.5489
86.3969
85.2585
84.4241
84.7988
82.1813
81.747
80.2297
82.0172
83.3535
82.9392
83.2763
84.9589
86.2142
84.6123
83.8392
83.2994
82.3324
82.5097
81.2311
82.8946
84.0493
84.3677
85.1864
85.6511
87.9472
88.6208
89.9243
89.2947
89.6971
88.2763
90.1713
90.1355
90.5532
90.8581
92.3057
93.5326
92.0769
91.927
95.3088
95.6501
92.9252
92.4027
90.2295
94.7842
94.4227
93.942
93.8022
95.6382
94.9629
95.6636
93.7954
95.4383
94.3605
93.4509
92.9062
91.6421
89.5371
89.4157
91.4567
93.4538
93.6458
92.5871
92.968
92.6403
91.5146
91.8934
92.3318
92.2052
92.3365
92.3518
92.4968
94.1924
95.8281
97.6629
95.6782
94.7378
94.6068
93.5668
93.2203
93.2751
94.1338
95.0268
93.1693
93.509
94.0743
92.4098
93.8262
90.904
92.0337
94.2276
92.2238
92.0263
91.4557
90.7749
92.166
90.7891
90.1279
89.854
90.5447
91.457
91.6903
91.9692
90.6431
91.7428
91.744
92.6822
90.5529
91.7447
90.5646
90.5692
92.6069
93.4953
92.6868
92.0943
92.997
92.4187
92.8078
94.5184
94.6596
94.8086
96.7764
95.584
94.3908
94.9953
95.2051
97.9634
98.1752
98.9927
98.3885
98.2077
99.7165
101.28
101.317
100.396
103.139
103.512
102.078
104.291
105.494
107.179
108.541
108.615
107.609
105.812
