98.7685
97.1738
98.0528
99.608
98.9572
101.582
102.665
104.352
105.262
104.865
102.598
104.316
107.596
108.688
108.214
109.342
110.978
112.715
114.716
115.583
115.615
119.07
118.388
116.57
116.731
118.634
120.171
121.513
122.77
123.094
123.511
125.171
125.571
125.925
125.257
125.546
124.433
123.804
123.768
123.052
124.401
124.473
124.99
124.627
124.615
122.272
125.431
128.102
128.429
128.004
131.601
131.949
132.127
133.718
134.331
132.573
132.615
131.201
131.4
130.48
131.062
129.473
132.807
131.071
133.258
132.054
130.316
134.09
136.484
136.506
136.779
135.798
135.001
134.25
135.208
133.388
133.486
132.571
132.857
132.981
134.329
135.626
136.243
138.58
140.217
142.416
144.161
143.019
144.713
143.275
141.281
138.582
135.728
133.447
133.023
135.941
135.815
134.555
135.535
138.777
140.302
140.117
141.209
141.913
140.426
142.7
141.072
139.449
136.129
139.378
143.673
143.139
141.991
141.313
141.514
143.488
141.972
146.927
146.742
146.321
146.821
147.746
147.798
148.161
149.111
146.414
146.806
147.211
148.633
148.951
144.639
145.362
146.926
148.09
149.279
148.398
147.227
147.372
145.679
145.004
145.807
147.25
149.391
148.603
150.313
151.846
153.447
152.687
154.905
155.09
153.674
158.121
158.734
157.933
158.913
159.852
162.025
161.708
158.663
158.726
155.9
162.772
162.118
162.749
162.113
160.623
160.226
159.221
162.36
162.767
163.018
159.815
160.277
160.865
159.424
158.341
159.572
158.326
156.071
155.437
154.483
151.853
151.176
151.818
152.464
153.186
153.455
151.302
151.351
152.029
153.14
153.622
154.276
151.544
154.342
158.602
157.57
158.906
157.199
155.956
155.391
154.081
155.693
157.478
157.446
156.855
158.629
161.195
160.874
161.886
161.203
162.271
162.593
161.541
160.512
159.256
159.924
161.033
161.616
160.306
158.981
160.499
161.031
162.893
162.137
160.949
162.939
166.297
170.784
170.165
169.848
173.238
170.436
169.764
174.017
172.708
171.245
168.878
167.118
166.82
167.028
167.288
170.861
170.769
171.015
173.511
175.262
180.625
180.48
181.95
183.077
182.743
181.895
183.47
186.171
185.492
185.983
189.112
186.285
182.387
179.574
179.608
182.874
183.459
180.526
181.977
179.736
179.48
181.977
182.134
178.575
182.484
185.854
184.708
185.493
187.064
187.537
184.535
185.306
182.337
181.259
180.958
183.818
177.59
174.116
173.984
174.464
177.273
180.748
183.262
182.523
187.258
184.771
185.032
185.689
182.835
176.922
180.118
181.492
183.503
182.842
184.657
180.448
180.199
178.671
180.341
177.718
177.148
178.093
177.403
181.462
184.387
184.828
185.63
185.644
188.048
187.387
191.384
193.488
194.381
193.901
193.136
190.745
197.47
198.455
197.002
199.499
201.113
204.976
204.422
208.692
208.767
204.073
201.899
201.509
200.43
200.106
197.172
192.1
189.854
185.107
187.594
185.643
186.321
182.4
184.988
183.323
180.923
177.221
177.805
178.074
179.348
176.033
177.06
179.992
181.308
182.402
185.387
184.86
178.034
180.307
181.313
178.543
179.468
179.065
176.871
178.128
175.714
178.284
180.595
177.837
175.983
180.401
180.199
181.141
183.531
185.012
183.88
184.553
187.651
191.1
192.355
192.387
192.65
191.018
190.57
193.667
196.999
196.884
194.762
193.987
192.112
196.828
195.766
203.558
206.37
204.614
206.695
204.966
208.867
205.781
207.088
206.508
203.274
203.186
202.095
202.328
203.207
203.658
207.469
205.549
205.204
205.995
208.646
213.471
218.193
218.026
221.02
220.807
222.667
221.796
226.995
228.334
225.772
225.059
222.608
227.619
228.248
232.099
233.287
230.439
229.691
226.742
225.065
224.567
226.224
227.373
226.096
224.038
223.025
224.073
226.569
226.303
223.824
224.417
218.147
219.345
225.293
225.591
225.757
230.432
230.786
231.532
230.848
235.354
235.276
239.651
238.271
237.448
241.993
239.781
243.819
246.15
249.333
251.12
247.638
244.758
244.167
243.514
238.075
238.786
240.68
241.357
238.759
233.809
232.922
236.283
232.617
231.847
233.2
236.508
234.74
232.428
228.303
225.883
229.392
228.96
232.226
234.009
229.938
225.886
231.082
231.397
228.329
230.572
230.955
231.049
234.55
232.465
229.503
228.766
221.524
218.958
221.502
221.239
221.482
223.566
219.942
218.389
219.284
226.863
227.12
222.621
224.706
228.821
230.735
231.94
231.025
226.938
223.883
222.437
218.512
218.684
219.458
221.978
220.21
222.535
222.512
223.895
224.953
224.743
223.625
228.501
225.31
225.444
226.671
219.593
214.81
215.866
214.462
213.559
215.285
211.61
212.787
211.239
210.172
207.39
206.436
206.198
206.781
208.435
210.397
210.513
208.474
211.526
216.078
213.377
209.32
213.748
214.463
209.087
206.628
205.244
207.43
205.583
205.526
208.064
205.432
202.654
207.589
204.589
198.199
194.245
195.156
195.763
199.589
199.621
199.366
198.553
196.227
194.242
198.338
192.139
191.647
194.329
194.622
192.164
190.358
189.781
189.623
190.041
193.927
195.583
197.674
200.445
204.343
200.465
194.475
195.063
197.622
