99.7733
101.098
101.398
100.329
99.4363
100.772
102.639
101.778
102.753
100.921
99.9099
101.392
102.979
104.123
105.043
106.459
107.479
108.311
108.06
108.152
107.699
107.283
109.288
108.416
106.254
107.744
108.411
108.236
107.885
106.165
104.607
103.672
104.631
104.424
107.711
106.932
106.975
104.889
103.537
104.219
103.063
103.5
105.031
105.611
106.08
106.01
107.789
106.498
107.214
107.215
105.982
104.541
103.9
105.332
105.978
107.396
106.967
107.206
104.288
101.693
101.935
100.281
102.16
103.525
103.167
103.517
102.977
102.981
101.392
103.253
104.024
103.434
103.81
103.407
105.016
104.777
106.131
105.845
107.804
107.19
107.325
107.944
107.14
108.387
108.133
107.42
104.65
103.887
103.778
106.032
105.754
105.513
106.467
108.173
106.862
106.477
103.671
105.624
101.886
102.411
101.247
100.824
99.3679
100.544
99.0601
97.2239
97.9986
96.8241
98.2664
97.201
97.216
96.1979
94.9218
95.4463
95.5377
95.9923
96.5997
95.6494
94.6696
94.3512
94.6669
95.7597
94.1582
96.4229
95.2776
97.6269
98.4443
99.2475
97.2618
98.1888
96.9587
95.8257
96.3115
95.136
94.7028
95.2016
93.0243
95.0764
95.7458
97.7105
98.1847
96.9028
96.1115
96.6798
94.7954
93.6952
95.475
94.6192
94.2343
94.1854
93.9163
94.2827
95.3908
95.8872
97.3452
95.564
95.8566
96.1605
96.7908
96.5198
95.8419
95.2298
94.0983
94.9229
96.969
96.8753
96.6443
95.6413
95.8564
96.5256
95.6743
94.1369
91.9303
89.9996
90.8519
89.3464
88.5009
89.6489
89.6242
90.1238
90.8566
91.001
90.6302
89.0426
89.4445
89.668
91.8284
93.8579
91.2161
90.9796
90.4075
90.4073
89.7046
88.2805
86.6376
85.7296
85.2541
84.4862
85.7352
87.1898
86.1222
88.6995
89.001
90.9889
91.2755
92.5216
91.9146
92.2209
93.1755
92.417
92.2162
90.9245
90.3527
90.2811
90.6158
90.3613
90.1175
91.2307
91.8183
93.0535
94.7217
95.104
94.6643
93.811
92.1636
93.3575
94.2954
91.1535
91.4786
91.1831
92.0828
91.9895
92.1263
91.3546
93.1734
93.0808
93.626
95.9495
94.6699
94.3431
95.893
97.0358
98.8549
96.6498
95.429
93.8529
93.5745
92.523
91.7882
93.2823
94.0961
97.8501
97.2667
96.8627
96.1971
96.2809
96.7074
97.7862
94.7602
96.4771
96.2814
97.8427
96.5494
97.3759
97.8198
95.2577
96.4018
95.1539
94.194
93.4905
92.8804
92.6306
91.3577
91.2522
90.8301
89.2167
89.5638
89.4176
91.1733
90.4515
89.7941
89.4928
89.3767
89.151
89.6152
89.6602
89.4931
91.1267
89.6246
90.0953
89.723
89.4962
88.5139
89.1067
87.6323
88.0996
86.4259
85.74
86.325
86.2946
84.8714
84.7402
84.8909
82.7502
82.8318
82.9616
84.3424
83.5524
84.0499
84.9018
84.2895
85.61
84.5274
84.9574
84.9988
85.1565
83.1493
84.6618
82.2125
81.2919
80.3987
80.5633
80.3724
81.6625
82.4438
82.9004
82.7593
82.0939
82.3644
81.8453
82.0786
81.2809
82.2478
81.502
81.8094
81.7219
82.6835
82.4867
84.6237
83.2437
83.6868
83.5313
84.9561
86.8401
86.5127
87.9846
87.9748
87.7473
88.4138
87.4103
85.6957
87.1062
85.6896
86.8254
88.3566
87.8765
87.0007
87.5744
85.0647
87.2649
88.6726
87.0081
87.8865
88.3793
86.2479
86.9437
86.8811
87.2407
87.8
89.4516
90.021
90.5586
94.2729
95.0198
94.0542
94.0322
94.7924
95.5309
93.9482
96.1264
95.42
97.0583
96.6889
94.8461
95.4421
93.797
92.4198
92.462
92.6139
93.6833
95.9344
95.4
95.68
95.1995
96.1692
97.9798
97.8166
94.3959
95.8543
95.3739
98.2834
97.7866
95.4242
96.5946
95.1751
95.098
93.2014
95.491
96.0321
96.1754
96.9349
96.0781
96.9674
97.3899
99.8188
100.085
97.8539
98.126
97.6265
98.2993
100.489
101.302
100.135
98.8896
98.7722
96.9252
95.5512
96.788
94.5584
94.0367
93.7299
93.9281
93.9462
95.3859
96.4448
97.5468
97.5882
97.655
96.5783
95.7658
94.7282
94.4905
94.5119
96.3088
96.6093
96.3272
96.0663
95.8381
94.8151
95.8311
95.0152
93.643
94.5125
97.1147
98.6201
98.1222
99.2251
97.3486
96.5351
98.3464
97.6551
96.8618
96.8136
95.3901
94.9077
93.8842
93.6503
94.5081
91.6967
92.5865
90.8803
90.1887
92.5219
92.6987
92.4497
92.485
91.6516
93.4297
93.4893
94.5846
93.696
93.7242
94.0242
95.2011
96.9493
97.5888
96.8476
96.1359
97.4307
97.7376
98.0538
98.0155
96.6903
96.6124
95.6064
93.2116
92.9164
92.6303
89.5597
89.576
89.8064
88.8042
90.6125
89.0386
91.3042
92.8136
92.9332
94.1067
91.0173
90.6863
88.4812
89.0166
87.8145
87.6062
89.9128
87.9916
86.4666
87.0148
88.673
88.5713
89.4451
87.5078
88.2422
90.3969
91.7353
92.6824
93.8315
94.3001
94.4126
91.2666
90.6983
91.4927
93.2805
94.0062
94.3687
95.0098
95.8622
97.1447
98.7535
98.8346
100.603
99.2588
99.3751
99.2567
99.7019
100.471
99.8355
98.4478
98.2753
97.8669
97.5139
96.1526
94.0696
96.6232
96.5981
99.553
99.3923
97.0837
99.4765
97.9653
97.5995
96.687
97.5441
98.5362
96.2845
95.4955
94.6847
94.2816
93.0683
93.424
95.2028
94.6569
94.4028
93.6193
94.5756
95.132
94.8229
94.7028
95.7294
97.6518
96.5483
96.2385
96.5843
98.7351
99.5572
102.117
101.05
101.253
97.9602
97.3519
100.188
99.4806
98.2822
97.7801
100.288
101.313
102.597
102.089
102.674
102.089
