100.688
101.649
100.987
100.423
99.3597
99.7699
98.4976
98.3776
96.9646
94.4933
92.8423
93.7177
92.2215
91.9273
90.5585
90.7282
91.5008
93.4277
91.9612
91.3361
94.2624
95.8227
94.1004
92.9355
93.0604
91.9734
91.1836
91.7263
91.7927
93.5262
93.1131
92.688
89.9705
89.5023
89.7904
87.7173
89.0216
90.1945
92.5717
95.5665
94.2099
95.4081
94.33
94.3008
93.5647
94.6062
95.4538
94.4637
93.7028
92.1552
92.626
91.3402
88.4444
87.9464
87.9609
87.8023
88.1915
86.6216
86.0958
86.8664
84.9845
83.0012
81.7178
83.1924
83.195
83.2917
82.0996
81.8478
80.8907
81.2204
79.1755
78.3317
78.9726
78.1772
78.3287
78.8215
77.7194
78.7731
80.8128
80.0882
80.625
81.5591
83.0702
83.344
82.871
83.645
82.7228
82.9151
84.6224
84.3506
83.7574
84.6877
85.0564
85.6007
84.276
84.641
83.2855
84.9541
86.2753
85.1812
82.8366
81.6811
80.981
79.72
79.6606
79.7
79.9192
81.4741
81.5447
81.0541
80.4388
81.04
82.1989
80.2134
80.1855
79.7292
79.1921
80.381
79.2276
80.9044
80.1727
80.1153
79.1023
77.9587
79.7102
81.1172
82.0261
81.8807
80.9992
81.6968
82.2684
81.7265
81.0188
81.4443
80.8192
81.7175
81.44
81.6657
81.5438
80.3798
80.1986
80.7719
81.6525
81.755
81.5981
82.0042
81.8611
81.4835
81.1009
81.6012
82.9989
83.0385
82.3674
82.5618
83.6949
84.1186
83.675
83.1723
85.3166
87.2523
86.0027
85.4722
86.9131
85.7747
83.8781
85.0704
84.6956
83.6273
82.4686
83.3238
84.3781
84.1997
84.2933
83.6676
83.7898
84.8946
84.3831
85.3015
84.6196
85.5242
83.8493
82.9493
83.9862
85.4356
85.7418
86.4273
87.0525
88.7221
88.851
86.3952
86.6709
86.4404
88.2933
89.0986
91.4743
91.8305
92.1226
90.3234
89.3755
86.943
86.8716
87.6668
89.1593
89.7923
88.6419
88.451
86.5845
86.9136
86.874
86.3463
86.5988
86.3093
86.3447
86.4782
87.0165
87.9742
87.6861
86.0829
85.713
86.4027
86.1598
86.3441
88.0151
86.9107
86.9293
87.7758
86.8303
86.6834
85.4191
85.0702
84.6902
84.0618
82.1825
81.8109
82.4548
81.1536
81.7379
83.3937
83.0129
82.4869
83.2391
84.8887
85.4026
84.9008
84.0778
82.278
81.1149
81.1087
80.1061
80.0225
79.7665
78.986
79.7563
77.2578
77.9158
79.3746
79.4528
78.0368
78.2241
78.8825
80.3383
80.1901
81.0649
80.1718
79.1726
77.074
77.4386
77.295
77.1682
78.1006
79.6294
79.2414
80.7195
80.2386
80.4527
79.8678
79.5068
78.9846
79.1484
77.9743
76.9857
76.521
77.72
79.0544
79.6749
80.4665
80.9889
80.9643
81.2859
80.8757
81.4915
85.3093
84.6311
84.4056
83.7968
85.096
84.1486
83.666
83.3227
82.2442
80.6172
80.2354
79.5318
79.5582
80.0885
80.8697
81.467
82.9615
83.0346
82.9589
82.1456
81.3458
82.7093
82.1906
81.5009
78.4724
78.8069
79.2042
78.1956
80.1658
82.0912
82.1691
83.746
83.6565
82.8247
83.1702
82.487
81.5395
80.8839
81.3841
81.0353
81.0115
81.7568
81.6042
82.3237
82.5586
82.3188
80.9641
81.1251
81.18
82.114
83.1537
81.9261
80.0142
80.1996
80.4543
80.9081
81.5462
82.021
81.1264
81.9971
83.2457
83.1938
83.5623
81.7702
81.0998
80.0929
81.9897
83.3641
83.9169
83.2518
85.4258
85.7098
85.8803
86.7571
86.9198
87.1
85.3331
84.7353
86.0391
85.395
85.3256
85.6486
85.7927
87.5424
86.5596
86.8634
85.5555
85.2587
84.53
85.212
85.6762
85.879
86.1148
86.5398
86.4039
85.6013
86.6694
86.2166
86.2268
85.7351
86.4823
88.3535
89.1911
89.2971
89.0291
89.2763
87.9944
86.4815
85.3435
85.2757
85.8278
85.3752
84.5526
85.1083
85.9036
84.81
83.6888
81.4615
83.0727
82.5674
82.2698
81.9367
84.419
84.3096
87.5051
88.674
91.1575
91.9279
90.9167
91.4525
89.4956
88.6757
89.6266
90.0227
90.4422
91.0887
90.1366
90.3405
92.784
93.6367
92.0713
90.584
90.3002
89.7664
88.0661
86.3832
87.1361
86.5418
86.7122
86.6502
86.3512
87.748
87.1733
86.1952
85.7483
84.2877
82.9696
82.1087
84.5041
84.7614
83.7058
84.2482
84.6815
85.5354
85.1742
85.4927
86.6842
86.8458
87.7305
88.8097
89.3865
89.0433
87.7247
87.2576
87.2192
86.2906
87.0041
87.6917
87.8198
89.4449
91.4958
92.8735
93.3903
93.1668
94.6596
96.5308
98.1445
96.2693
97.1023
96.5798
96.2711
96.826
93.8358
93.9639
94.2288
94.038
92.9674
92.8534
93.7374
95.2396
96.5729
98.1038
98.7849
100.582
100.572
100.832
99.7851
97.7014
96.1789
96.6371
94.5139
95.1719
94.4821
94.1622
94.2687
93.6896
93.078
92.6641
91.8827
90.0783
87.9818
87.1329
88.2463
88.9562
88.532
87.2881
88.0536
89.5063
89.7247
90.5974
89.4241
90.8344
93.8833
94.4347
94.1827
94.6346
92.2189
91.773
91.5091
92.2306
93.1384
92.1801
91.3638
91.1178
92.4233
93.1409
92.3777
93.6468
93.594
93.0435
91.813
92.7594
90.8553
91.0482
88.8716
89.8938
90.7906
91.8228
91.6126
90.2088
91.3231
91.6392
92.8821
92.4531
94.4162
93.6179
92.5925
92.5046
91.3064
92.3495
92.3278
92.3143
91.7585
90.5162
88.8102
89.1702
90.0462
90.3773
89.6439
91.1616
89.8019
90.9695
92.5162
95.4668
95.5816
95.0062
95.2427
94.5674
94.0173
94.9061
96.1041
97.1475
95.3285
94.9462
94.0879
95.4042
95.1708
96.4124
97.7267
97.83
97.5513
97.8438
97.7175
100.705
99.7317
99.7453
101.243
101.081
99.8861
