98.3005
98.252
97.8094
98.2875
97.569
95.8384
95.0665
94.657
94.026
93.5395
93.1843
93.4261
95.6222
94.8852
96.3538
95.5617
95.792
95.9023
94.4389
93.9242
93.0905
94.2104
96.593
96.4747
95.8439
96.5054
94.7464
92.4614
91.4646
93.5805
95.1782
93.8732
94.9636
95.4716
95.8661
94.9974
96.0138
97.3824
96.7464
97.4084
98.8045
98.8063
99.1878
99.1768
99.5381
97.4197
97.1442
99.6282
98.5383
98.4071
98.4033
97.2465
95.6811
97.0377
95.822
94.8488
96.2773
97.904
98.7564
99.1105
98.7079
97.3255
95.876
93.9273
93.6106
93.3243
95.9101
97.0926
98.8
98.4672
95.0759
96.6755
97.8588
97.9926
99.8518
100.169
100.342
100.209
101.03
101.356
100.649
102.04
99.8725
99.6349
97.6881
97.3951
96.0528
95.366
94.7545
92.9459
93.2159
94.2151
94.1425
96.2733
99.1959
99.3853
99.5544
100.129
100.691
102.371
101.153
102.221
101.28
102.182
102.258
101.418
100.599
100.664
99.0215
98.9604
101.441
100.196
101.111
101.908
102.02
101.785
100.205
101.4
102.93
102.944
102.16
101.371
103.065
102.67
102.116
99.8143
99.5112
100.864
101.712
102.233
101.97
101.473
103.046
103.683
103.85
101.961
100.891
100.376
100.772
101.23
101.323
101.694
101.648
102.746
103.405
105.523
103.93
103.871
102.626
100.217
99.2919
99.2434
102.755
102.424
102.091
100.153
101.138
100.462
99.4519
102.055
100.188
96.2133
96.6127
97.0756
97.2226
97.0331
99.0337
99.1123
99.3016
98.6174
100.714
100.826
100.605
101.048
102.04
102.775
104.587
107.115
108.239
109.883
112.991
114.969
115.257
116.372
116.226
116.924
117.819
119.776
118.932
118.738
118
118.145
118.935
116.144
119.212
116.868
117.345
115.579
116.861
115.644
116.819
118.505
117.52
118.763
116.379
115.654
118.931
118.606
118.989
122.077
122.766
124.884
124.693
122.627
122.716
123.431
124.296
123.902
124.521
125.229
124.992
123.124
119.446
119.136
120.432
118.63
118.355
116.431
115.84
116.035
113.948
115.303
116.29
117.441
116.419
114.866
114.316
114.828
116.548
116.45
114.566
115.568
115.09
116.11
119.58
120.76
117.715
118.149
116.795
115.599
113.994
112.735
113.138
109.453
105.271
104.761
106.182
108.675
106.927
105.198
104.95
102.573
104.209
103.841
106.625
106.887
107.078
108.329
105.366
105.941
107.652
108.635
108.482
108.904
108.734
109.124
107.358
108.9
106.441
106.127
107.452
109.938
110.756
110.794
112.81
116.534
114.204
114.554
111.608
110.392
112.401
113.119
113.841
117.564
115.606
115.224
116.378
118.388
119.17
118.573
119.293
119.175
120.373
118.154
119.691
118.885
119.138
119.268
120.981
121.971
121.594
123.075
122.187
123.19
124.021
123.353
123.079
121.151
120.434
118.659
117.784
119.185
117.634
115.809
116.402
113.746
114.967
117.08
115.049
113.325
113.818
112.06
110.987
113.071
113.302
111.76
110.257
111.669
111.643
112.917
113.729
116.535
118.47
118.133
120.432
121.84
117.954
116.383
116.489
116.606
114.965
117.921
120.18
116.779
115.848
115.506
117.347
119.722
117.374
117.201
117.212
116.238
114.404
113.75
115.896
115.301
113.002
115.948
115.252
115.015
114.455
114.978
114.498
114.073
114.688
114.668
112.788
112.81
114.511
113.837
114.473
117.653
118.253
119.751
117.979
117.934
116.854
117.033
116.435
116.386
117.068
118.311
118.074
118.808
121.185
122.364
122.408
123.841
127.026
125.04
125.201
125.611
124.043
126.05
126.716
127.93
125.132
126.273
127.698
130.083
133.559
132.113
133.284
131.358
133.866
134.508
136.512
134.251
133.645
132.628
131.985
129.625
129.593
127.045
128.415
127.541
125.363
122.147
119.872
118.312
116.263
115.87
114.662
116.858
115.102
114.798
112.114
110.566
113.121
114.322
109.987
110.486
109.347
108.797
110.834
108.543
107.266
105.09
104.973
104.424
104.728
105.411
105.428
105.997
105.625
105.741
109.258
110.795
112.684
113.607
111.243
111.245
113.684
113.577
114.912
111.943
113.619
115.455
115.051
113.771
113.991
114.473
114.005
113.55
113.451
112.159
111.833
113.265
111.606
112.479
111.807
113.18
111.255
112.438
112.21
111.724
110.619
109.884
109.321
108.967
108.604
108.37
108.385
107.435
109.565
112.488
112.203
113.12
112.966
115.578
114.252
112.018
110.036
109.255
110.152
110.915
111.792
113.564
111.142
111.381
109.564
107.222
108.76
108.55
107.447
106.743
106.925
107.403
110.373
111.543
113.327
112.886
112.808
111.114
110.21
110.536
109.116
108.207
106.863
105.281
102.608
101.108
101.78
99.5282
98.5396
100.674
101.781
102.925
102.407
100.897
98.6368
96.71
96.9441
97.3603
96.9555
95.3704
95.1277
95.0182
95.1073
95.044
95.191
94.0467
93.9946
92.7429
92.0211
92.8739
93.6298
93.3201
91.5246
90.9036
89.5294
90.7536
89.6583
90.296
90.0266
90.3293
90.0716
90.5175
90.7714
90.0319
89.9592
90.8426
88.9695
89.7333
90.7448
91.9916
92.2971
89.716
91.3487
90.3828
91.0546
90.8298
90.0245
91.3892
91.9184
91.2234
90.2696
91.6993
92.1856
90.7567
92.1787
92.1838
91.9151
93.989
96.3433
95.6745
95.2071
95.7494
95.3547
94.5538
