98.8041
98.4531
97.1467
99.7104
102.719
101.97
102.277
103.624
104.395
104.945
106.002
104.649
105.209
105.372
107.267
108.487
108.551
107.093
108.212
106.314
107.131
106.992
110.12
112.751
113.031
114.836
116.434
116.27
115.831
116.172
119.371
120.761
121.091
120.57
120.096
122.133
122.82
122.503
119.731
118.347
120.241
119.513
120.552
121.773
121.599
123.039
122.556
121.261
121.815
124.496
125.083
126.512
127.556
126.573
128.328
127.734
128.462
124.391
126.175
130.208
130.8
132.413
133.219
131.944
134.274
137.468
137.984
141.562
144.132
142.069
143.304
141.303
142.775
139.1
138.375
139.892
142.013
139.649
138.938
140.324
141.716
142.316
143.759
144.747
143.968
146.513
145.512
141.152
139.499
141.819
143.917
147.341
145.85
145.852
144.96
146.815
148.362
145.71
146.11
145.215
141.893
144.523
144.85
142.181
139.31
140.495
139.757
141.761
140.368
141.124
141.429
142.095
142.158
141.184
141.706
139.506
136.061
137.633
137.997
137.306
136.44
137.214
135.525
135.424
135.165
138.197
134.69
133.031
132.946
131.741
131.124
132.377
133.08
135.135
138.628
141.788
139.732
141.146
144.886
141.587
142.596
142.394
142.924
143.797
145.065
142.086
141.734
141.258
142.201
140.518
140.216
141.861
141.659
145.407
140.98
142.877
144.443
145.183
146.946
144.683
147.036
146.847
144.418
144.31
146.231
147.735
146.855
145.079
142.793
143.764
148.231
148.028
146.839
146.786
146.439
147.437
148.032
147.888
150.894
147.862
147.883
149.671
148.502
150.191
150.842
151.098
152.948
154.104
154.756
155.577
157.893
157.186
155.601
157.011
155.786
156.027
158.459
161.121
164.493
164.706
166.187
162.811
160.638
153.788
153.458
153.117
150.011
148.814
149.669
152.836
153.047
150.833
148.859
147.888
143.158
142.215
141.235
140.78
143.648
146.148
142.904
142.147
141.192
140.529
141.799
143.289
143.838
139.455
138.796
137.253
137.537
133.712
135.241
131.953
129.993
129.568
130.087
131.712
132.931
131.285
129.165
130.824
132.026
134.052
133.243
131.412
130.932
128.291
128.823
127.282
125.625
127.609
127.784
128.202
128.95
126.362
128.964
129.732
129.313
127.799
127.914
126.22
127.469
124.386
125.465
122.635
122.077
122.52
120.577
120.472
121.959
122.414
122.436
124.42
126.261
128.664
127.938
131.539
133.16
133.57
131.648
131.167
129.811
128.461
130.946
129.043
128.938
126.247
125.345
128.627
128.912
131.549
129.627
130.403
128.782
128.474
130.302
133.801
132.074
130.077
129.571
130.496
130.181
128.697
130.235
130.061
131.478
131.133
131.559
135.782
134.411
139.004
136.486
138.519
135.202
133.609
132.487
127.927
126.64
128.571
126.317
127.936
130.731
131.772
130.19
127.431
125.433
125.714
121.193
121.197
120.52
121.28
122.888
122.135
119.363
117.281
117.483
115.592
114.454
114.878
114.338
115.541
117.357
117.233
117.51
118.625
118.077
117.066
116.879
114.698
114.763
113.864
114.483
114.657
113.873
113.516
113.39
111.824
111.103
111.275
108.221
107.958
106.589
105.739
102.281
101.496
98.9546
98.7899
99.2294
97.9678
98.1798
98.4854
97.4975
97.8948
97.3456
95.9378
98.1947
99.812
101.177
100.541
100.137
99.3477
99.6502
99.272
97.9443
97.6968
97.7229
99.0236
96.6972
98.456
98.3401
100.643
99.8321
99.9267
100.964
101.551
99.0096
100.528
101.987
102.893
102.989
102
102.481
103.15
103.936
104.053
104.71
104.598
104.035
101.642
100.244
98.7204
97.3631
95.8345
96.9975
98.2205
98.2235
97.998
98.4861
98.5809
98.1037
99.0501
100.954
101.036
100.694
101.123
103.145
101.575
100.32
100.399
100.388
98.8268
100.636
99.6998
99.4277
97.2939
97.1484
97.3963
97.8895
98.558
97.0157
97.3727
97.1855
95.5219
95.2983
94.9248
96.0855
95.252
94.9893
93.2802
92.295
90.3681
89.9414
92.5958
93.2377
93.8361
94.0582
94.4876
94.2457
95.0418
94.806
95.7116
95.5975
95.5846
97.1898
97.7071
98.4496
97.6146
98.6253
97.8412
99.8982
101.122
102.805
104.002
103.612
103.386
104.156
103.405
103.741
101.67
101.034
102.552
101.167
100.297
100.338
100.496
100.609
100.678
98.6974
97.7907
95.9243
96.0226
93.8365
93.6972
94.3529
92.0578
93.054
92.6486
91.6094
89.9032
90.1254
89.5432
87.8437
85.8799
85.9277
86.2679
87.056
86.8825
86.3398
85.3052
85.1906
84.9315
85.0959
86.1786
86.1217
85.9261
86.7883
87.0933
84.6673
84.2277
83.4368
84.3281
83.6652
81.6697
81.0829
80.5591
80.8728
80.7473
79.7148
79.1911
78.9127
78.3717
78.2118
78.5548
76.0354
75.074
74.3838
74.1194
72.777
71.6863
70.7077
72.3323
72.8035
73.5037
74.3606
74.8107
75.0376
75.5776
74.4113
73.6067
72.9785
73.5552
73.7058
74.018
74.719
73.6335
72.4537
74.0658
73.2354
73.9663
74.5452
74.593
74.2169
73.6588
73.3007
74.9031
75.434
74.1423
73.1826
72.8492
75.1824
75.9756
75.9894
77.1469
77.876
77.5729
77.8284
77.0911
77.1138
75.8889
77.0501
75.1014
76.0605
76.8866
76.2987
75.2682
74.3688
72.883
73.6446
72.9647
71.4705
72.519
73.3187
74.6973
74.8017
75.7952
76.9143
76.299
77.1515
78.0215
