100.803
100.873
101.234
103.282
105.844
106.575
107.664
109.013
108.32
108.471
108.508
108.992
107.185
106.614
107.258
107.536
108.153
110.883
110.923
111.044
110.542
109.45
108.634
110.97
113.176
113.894
114.57
113.039
114.375
115.2
115.528
115.082
113.457
111.584
113.388
112.103
112.658
113.562
112.793
109.428
109.273
112.634
112.248
111.691
113.479
112.619
109.507
111.172
110.785
109.121
110.011
110.47
110.02
111.625
113.198
114.368
113.812
116.969
118.257
118.493
120.03
119.251
121.407
118.696
115.569
114.741
112.778
114.024
114.44
111.993
110.733
111.488
111.6
112.766
111.407
108.027
111.511
110.468
109.663
111.56
113.006
113.128
114.688
113.909
116.883
117.358
117.205
116.712
115.036
116.78
115.8
115.548
115.785
117.217
116.043
119.237
117.76
119.005
119.475
117.78
117.955
120.141
118.414
117.606
118.588
121.531
120.561
118.413
118.385
120.523
121.375
121.333
119.262
119.514
117.198
117.146
115.454
115.202
113.154
114.737
116.336
115.583
115.755
119.296
120.039
120.67
122.301
121.926
120.303
123.876
125.317
125.765
127.439
127.467
128.593
128.719
129.703
132.724
136.099
136.828
132.161
132.72
132.12
131.028
130.227
130.216
128.171
127.653
127.954
128.626
124.673
121.592
123.239
125.144
123.617
124.94
125.119
125.991
123.878
126.249
125.023
123.961
126.22
126.159
125.916
125.961
126.135
125.886
123.848
124.851
123.575
124.248
125.839
124.678
126.103
128.752
127.754
127.882
128.365
127.581
129.718
128.011
126.135
128.786
131.211
131.984
130.951
134.501
134.878
131.86
133.475
134.612
136.196
136.048
133.557
132.247
133.541
134.761
133.669
132.579
135.148
134.696
134.98
133.785
132.294
133.919
134.54
134.346
135.943
133.692
132.974
132.996
133.326
135.736
133.754
133.262
133.446
131.84
131.612
128.238
128.898
132.142
133.459
135.182
135.208
133.603
132.849
131.001
128.502
126.639
127.084
127.512
129.655
131.545
130.361
128.063
129.676
132.472
133.295
130.652
133.714
133.801
133.115
133.491
133.52
132.928
134.571
132.722
130.853
131.76
133.638
132.066
130.899
129.979
130.698
129.116
127.123
127.792
129.28
129.798
129.503
127.67
126.781
125.179
122.248
121.808
122.933
124.741
124.408
125.156
126.972
129.195
128.464
128.268
124.85
127.873
130.887
130.104
132.383
131.807
131.873
133.411
133.553
134.379
134.455
133.126
133.087
134.944
134.475
136.961
136.632
141.865
142.732
144.622
144.727
145.465
147.903
148.432
147.985
147.137
146.717
147.232
148.581
144.358
146.205
147.097
150.874
154.389
154.19
153.845
154.831
150.471
148.8
151.608
153.656
152.892
150.706
151.8
150.683
148.883
146.98
147.958
145.891
143.464
142.418
142.263
144.997
143.005
142.153
144.76
144.469
140.629
140.781
142.177
143.729
142.677
140.609
141.285
142.546
144.362
144.547
145.942
147.339
145.027
147.707
149.477
151.032
151.938
149.802
148.187
150.946
151.157
151.801
152.742
151.952
151.784
152.074
150.115
150.138
150.109
149.426
151.615
152.57
153.344
154.123
152.807
154.417
155.099
156.681
161.789
158.577
160.343
159.183
159.249
159.876
161.597
158.572
157.477
157.531
158.414
156.539
157.845
156.751
153.408
153.758
153.713
154.822
153.434
154.918
156.266
155.68
155.478
156.096
154.578
158.112
157.395
160.346
158.487
158.653
160.987
159.04
157.294
161.247
163.523
163.259
159.594
163.508
164.661
164.234
159.908
159.33
162.681
163.806
164.611
165.905
161.64
160.098
160.147
162.541
164.488
166.499
167.192
166.625
167.201
167.71
167.432
167.443
170.892
173.387
177.096
178.902
176.27
177.014
177.184
177.078
175.746
175.91
173.195
172.67
173.238
173.065
173.604
177.466
176.632
176.625
180.372
182.174
179.217
177.962
179.814
180.171
177.272
177.803
179.624
177.987
178.501
178.314
178.503
177.097
180.314
180.444
185.524
181.586
181.088
184.183
186.014
190.552
191.189
189.136
187.16
188.275
189.45
184.615
189.296
190.205
193.034
191.064
187.968
186.797
183.788
185.577
183.294
183.462
181.866
180.719
182.199
183.894
183.181
186.142
188.63
190.046
184.292
183.546
180.668
179.662
187.364
183.193
181.997
178.709
177.796
178.955
176.22
172.627
173.394
177.889
174.047
174.754
173.29
172.37
170.323
169.691
166.117
164.185
162.083
159.722
160.378
161.232
161.435
161.139
161.594
162.004
166.075
164.411
165.607
162.046
167.655
166.877
170.836
168.528
171.468
170.872
169.454
167.354
169.038
170.528
172.1
172.973
174.328
173.768
172.318
173.64
175.901
173.486
169.536
169.544
171.259
170.399
169.274
168.992
172.739
174.032
171.39
169.301
174.575
171.435
174.899
175.926
176.456
178.729
177.993
179.258
180.575
186.75
190.927
192.915
194.484
198.427
199.099
198.243
194.567
192.763
193.612
191.707
194.286
196.178
196.065
190.843
188.875
189.105
191.779
188.532
186.776
183.619
182.712
187.205
184.926
184.623
185.805
184.144
183.506
182.152
179.878
184.857
186.794
189.078
189.834
186.824
189.32
190.689
190.436
