98.8511
99.8558
101.933
101.707
103.879
104.106
104.857
106.108
106.194
106.27
104.918
105.386
104.992
102.98
103.944
105.847
104.162
103.85
105.114
107.594
109.249
109.83
111.284
111.471
108.189
108.501
106.682
106.463
103.751
103.446
102.871
103.794
103.586
104.089
103.228
102.898
103.935
104.665
105.948
106.716
108.339
108.078
107.466
106.151
107.284
106.519
105.547
104.278
103.379
102.587
102.589
103.531
104.433
105.312
104.333
106.275
104.98
107.356
108.381
110.046
112.081
111.879
111.709
109.535
111.941
109.011
107.961
107.626
110.728
111.036
111.363
111.634
112.162
112.374
110.567
111.117
111.11
110.594
108.982
107.109
108.653
108.735
109.349
111.113
110.141
107.742
110.289
111.328
107.419
106.899
106.067
105.475
104.764
105.857
105.035
102.777
103.476
104.24
104.06
103.294
106.673
109.261
110.823
110.795
110.951
108.681
108.588
108.089
107.022
108.183
108.209
109.387
108.382
110.676
109.782
112.008
112.684
112.398
113.32
112.966
113.944
113.369
114.593
112.706
111.946
110.986
113.14
111.922
109.94
110.08
108.25
107.241
109.352
109.012
108.457
105.87
108.91
108.472
106.227
105.095
106.117
107.942
110.478
110.994
108.331
107.84
107.359
104.971
104.776
104.607
104.953
104.736
106.09
105.4
103.154
103.574
103.366
99.9464
102.026
102.861
103.486
103.946
104.244
104.365
104.894
104.023
102.684
103.101
102.035
100.722
101.48
99.909
97.7397
96.817
95.8598
95.4991
94.0236
94.1361
92.5932
92.4565
91.7778
91.229
92.0125
92.543
92.5593
93.1532
94.1232
95.392
94.8544
96.0058
97.4928
96.3989
98.0863
98.2751
99.3962
97.4752
95.6765
96.4609
97.0894
95.8626
96.7855
95.7514
95.1607
95.5172
96.4226
96.0833
94.7332
93.7091
92.6639
94.6257
94.3214
94.2004
97.0155
96.652
96.6762
97.2538
96.7383
96.3367
96.8144
96.4729
96.5282
98.1273
98.5431
102.131
102.092
101.216
100.858
98.9556
99.3861
99.4272
102.56
104.01
104.588
106.626
108.319
107.121
107.259
105.987
106.795
105.906
105.899
107.298
108.452
108.942
109.921
110.68
111.815
114.076
116.341
120.559
118.216
119.534
120.414
121.765
121.908
121.059
121.377
122.028
120.523
120.06
120.911
122.678
122.831
123.387
120.754
119.305
120.152
120.46
121.488
119.907
118.678
117.76
118.783
118.232
117.591
117.711
120.867
123.742
122.299
121.903
120.605
120.526
120.401
122.681
121.159
119.103
119.629
120.782
119.022
121.16
119.323
117.073
118.934
120.601
120.515
121.86
121.365
120.53
122.842
124.315
124.058
122.193
122.086
121.097
118.854
119.866
122.335
121.727
121.651
122.146
124.862
126.77
127.225
125.743
128.09
128.721
124.797
122.771
123.397
125.55
124.082
122.815
122.013
121.352
120.389
121.206
120.872
121.497
124.556
126.995
127.344
127.82
125.612
123.155
125.547
125.034
128.392
126.662
127.424
122.589
121.61
121.547
117.922
118.222
117.791
116.327
115.069
112.64
112.781
112.863
113.296
111.382
111.021
112.694
113.194
113.575
115.48
116.835
115.067
118.228
118.245
119.882
115.999
116.393
118.507
116.872
118.387
116.713
119.071
121.419
121.133
122.412
120.283
120.807
122.58
121.647
117.506
116.511
114.5
115.861
115.859
116.169
116.878
115.905
115.254
116.997
115.349
115.297
115.993
115.597
115.253
117.9
117.826
116.995
115.466
115.102
115.041
112.941
110.635
111.858
112.302
110.78
109.911
106.328
107.407
105.905
106.255
105.02
104.244
105.73
107.51
107.044
106.103
104.571
105.712
104.191
102.067
101.025
100.38
99.2706
100.022
99.8733
101.301
100.251
103.674
103.502
105.509
105.713
106.554
107.554
110.57
109.205
108.264
108.565
111.632
112.707
113.018
111.903
114.391
114.509
112.431
113.737
113.802
113.396
114.008
116.827
118.338
118.971
117.209
114.752
113.288
115.904
114.589
113.655
112.371
111.439
112.371
112.01
113.442
115.726
116.432
115.707
113.109
112.508
114.573
113.646
116.833
116.826
113.639
114.67
114.844
114.632
112.488
109.883
106.773
107.855
109.118
110.165
111.867
110.283
111.337
109.201
107.71
107.718
107.026
105.721
106.443
106.305
106.256
107.627
107.394
108.09
107.415
107.585
108.576
107.484
108.295
109.031
110.461
114.115
112.227
109.193
108.102
108.575
111.061
109.419
110.046
108.837
110.081
113.04
111.76
111.643
112.937
114.541
109.97
112.33
112.496
111.604
111.071
111.916
109.966
108.596
109.39
110.442
110.522
111.042
108.932
107.578
107.305
105.579
105.732
107.837
107.417
107.9
105.537
103.909
102.626
101.517
104.446
103.79
103.877
103.514
102.252
103.153
106.928
107.771
104.761
104.488
103.927
104.363
105.037
106.059
106.686
107.012
110.243
111.288
111.744
112.499
113.394
113.078
113.044
113.75
111.884
114.915
115.922
115.93
116.104
115.841
118.021
119.267
118.974
118.64
118.138
117.552
118.939
117.139
117.906
118.459
115.626
117.273
118.005
117.146
115.244
116.156
114.699
114.118
113.443
114.771
109.635
111.387
111.398
111.519
112.806
113.107
111.39
108.539
108.402
108.054
108.124
106.62
