101.914
101.625
101.665
101.03
100.34
98.2215
97.6542
98.03
98.5145
97.5148
97.5093
97.4391
97.0582
97.6284
98.076
98.4797
97.9998
96.8776
97.0096
96.0074
95.3939
95.4639
95.8467
94.565
95.8189
95.5116
97.2117
95.2933
93.1914
93.3194
94.8482
93.3442
93.8982
94.9533
94.0896
93.7053
94.3704
94.335
93.716
95.3922
93.329
93.1369
91.3225
91.206
90.4367
90.5584
90.5849
89.8107
90.3211
89.9093
91.3446
92.0634
91.3621
92.3201
92.5628
92.8909
90.3307
91.6734
92.9765
93.621
95.3328
96.1062
95.331
96.0935
97.7213
97.7917
96.6722
95.8479
94.4968
92.7018
92.1008
92.7124
95.904
95.3451
96.0657
96.8407
97.5863
96.1886
95.7852
96.9323
98.6812
98.5748
99.1826
99.542
99.5496
100.967
100.305
99.6692
98.3713
98.7629
99.4103
98.838
98.8077
98.8577
98.5164
98.6614
97.7161
98.0836
96.363
97.3897
94.1413
94.8391
95.333
94.6704
95.7359
94.8651
93.3069
95.4691
95.7154
96.935
95.619
95.8989
96.0314
96.5573
94.6004
95.4008
95.5379
98.0369
99.3376
101.476
101.039
104.413
104.219
101.941
100.416
101.02
100.13
100.579
99.2733
100.962
99.9016
99.604
99.9655
100.116
100.098
100.562
101.905
100.097
99.5401
102.026
101.656
102.997
103.987
103.57
103.974
104.536
105.462
103.654
104.099
103.668
104.081
105.247
107.622
107.724
106.826
109.145
109.145
111.866
112.65
109.11
109.246
109.682
110.433
113.348
113.729
113.099
112.856
112.64
111.284
111.937
114.275
112.743
116.364
116.667
115.525
115.907
115.261
111.277
112.189
110.907
111.262
113.239
113.432
112.965
113.237
116.483
118.517
116.475
116.83
116.441
116.385
114.462
114.383
117.059
120.005
119.382
119.025
120.333
120.823
119.979
122.281
119.057
115.685
115.192
112.519
110.571
113.654
114.058
112.201
113.123
113.328
113.744
114.852
116.49
117.738
120.768
118.15
119.832
119.352
119.537
120.426
121.772
121.909
119.372
118.531
117.407
116.207
113.379
111.253
111.633
111.645
111.188
111.303
112.554
115.235
112.844
113.501
116.098
117.209
117.466
116.826
114.601
113.816
115.769
115.562
114.944
114.502
114.725
113.731
112.936
114.74
115.573
115.011
115.496
113.087
111.803
109.847
108.904
108.582
108.017
108.496
109.349
110.713
109.598
110.391
110.435
108.559
107.283
107.039
110.692
113.983
111.449
110.547
108.671
109.266
109.819
112.035
114.62
114.216
111.44
111.081
111.228
112.12
112.357
111.099
110.49
109.043
109.51
111.907
111.115
109.702
109.122
110.431
111.061
112.746
111.806
109.419
108.677
109.841
110.645
109.272
107.326
107.391
105.118
104.563
104.323
104.847
105.68
106.521
107.246
106.431
106.837
106.44
104.712
106.078
107.046
105.191
105.477
107.1
106.761
106.565
106.283
107.569
106.904
105.764
104.463
103.265
101.56
100.309
98.8491
97.7159
98.1851
97.4679
96.7016
98.0172
98.5782
97.0968
96.4102
95.9126
94.8283
96.0738
98.5609
99.2539
97.5244
96.3296
98.7261
98.7049
98.2688
97.9016
96.89
96.9616
96.8222
98.7656
99.3203
100.438
99.5174
96.6171
95.9536
97.2549
97.7377
100.682
99.6815
99.7104
101.169
100.949
101.073
100.38
99.6622
99.725
99.1785
99.4614
102.205
102.46
100.281
99.6297
101.207
101.748
104.065
105.578
107.474
108.013
108.671
107.813
106.656
105.086
103.201
103.799
102.967
102.681
100.441
99.308
100.997
100.492
100.53
101.63
100.583
101.037
101.144
100.182
99.7574
98.7059
98.8708
96.8842
96.8187
96.7247
94.8203
95.4966
95.0487
98.2197
98.6486
100.682
99.6945
98.6076
96.1356
96.6549
95.0274
95.6733
97.6425
97.6172
99.0789
100.431
101.973
101.538
101.107
100.313
99.0861
95.2664
95.0452
94.549
93.9704
91.4697
93.7569
94.2697
94.0989
93.6242
94.146
96.0607
93.2398
92.2458
90.2811
89.9621
88.8751
87.9449
87.9231
90.2199
89.9104
90.2921
88.8947
88.9785
88.595
91.0212
88.7924
87.8256
88.8716
89.7869
87.4791
89.4434
89.4178
89.2634
91.2777
91.9645
91.3712
90.055
91.7286
92.1426
93.5759
93.2573
93.0977
93.5833
93.5497
94.7001
95.1745
95.8504
95.6014
94.389
93.4041
94.5227
93.9288
92.9781
94.1154
92.7634
94.2055
93.4586
94.1576
93.9057
93.4162
94.9066
95.0269
96.3798
97.932
97.1441
96.9998
94.6989
95.9716
95.6423
97.0702
95.7792
94.8484
92.5909
93.6241
94.2452
94.0116
94.3892
94.2571
94.5594
92.8116
93.2704
92.8578
91.6527
93.2288
93.2028
92.7166
92.7455
92.4382
91.1553
92.2046
92.7138
94.6588
93.5532
92.7884
92.0911
90.6313
90.7937
90.3601
91.4673
90.7131
89.6608
89.6359
89.6961
89.6475
90.2409
89.4878
88.1861
87.8883
86.1228
85.3317
86.1631
86.8257
86.228
87.3015
85.9589
85.3248
85.8304
86.7509
88.3828
88.6174
88.9961
88.1513
87.8336
87.2988
87.418
86.56
85.1278
85.5416
86.2823
85.1506
85.39
84.2961
85.3501
85.1469
86.5582
84.5327
84.7354
85.0614
85.4914
84.5267
85.0418
85.4542
86.5411
86.8897
86.0238
86.6105
86.9471
87.7532
88.2419
88.2257
87.6786
87.5423
88.6647
90.7375
90.8139
90.9167
91.0109
89.4207
89.4404
88.9823
87.979
87.7275
87.2117
87.0253
87.6209
88.0669
89.2301
89.4175
90.0033
89.4508
89.8766
88.3721
86.8542
87.2372
