101.448
102.7
101.698
100.543
99.4482
101.163
99.7025
98.5393
96.7711
96.0765
96.1487
96.2781
95.9258
97.9538
98.7342
100.102
102.144
101.684
101.498
99.7178
99.0602
98.3847
98.471
96.2954
96.8448
97.431
98.3816
97.7463
97.6151
97.8847
99.4027
99.6641
101.067
101.388
101.059
101.646
100.764
101.108
101.574
100.154
97.6839
98.3791
100.184
100.274
99.4265
99.9195
102.786
102.609
106.85
106.157
106.044
102.317
103.491
105.453
103.096
102.266
102.266
102.553
104.651
102.744
104.813
107.471
107.95
107.423
108.385
108.774
107.751
107.557
107.246
106.675
106.583
103.501
102.834
101.426
99.849
97.6589
98.3327
97.4967
96.2846
96.274
95.8621
97.2457
96.03
93.1027
92.7039
93.6227
92.6934
94.4971
93.7152
92.0887
90.6223
90.2854
90.7593
89.2353
88.3001
87.2371
86.752
87.7899
87.753
88.9897
88.0506
87.0545
86.3205
85.666
86.1201
86.7957
87.1563
86.4802
85.2914
84.5899
85.0655
85.925
87.3637
87.422
87.8127
87.5886
89.3998
88.3427
89.3438
87.1002
86.1849
85.933
86.7487
84.822
84.9056
86.4962
87.1941
89.7878
91.4265
93.2915
93.4749
92.7721
91.228
91.2717
90.3922
89.5904
88.3199
89.3335
88.5634
87.112
88.8951
88.5833
90.0841
91.473
92.0673
94.4168
92.5942
93.0234
92.7261
93.4816
92.5464
93.6149
93.0611
94.2339
95.0335
94.9219
94.9332
94.6767
93.9499
94.9273
93.2808
93.7351
94.4273
94.5794
94.5182
95.5873
94.9693
96.8816
95.6669
94.3366
95.5318
95.1221
96.2271
95.3846
94.2987
91.8465
90.4414
92.0533
91.9135
90.8382
87.8733
87.5371
89.2764
88.891
90.1504
89.6536
89.0255
88.6882
88.7206
88.1671
86.5065
86.8584
87.4452
88.645
88.671
88.7622
88.6244
88.8497
87.7205
87.2983
86.2712
87.4727
89.8416
89.4944
88.4438
87.9948
87.1258
87.0032
86.6868
84.8052
84.0534
86.2389
88.5689
88.2623
87.7217
85.7019
85.7526
86.2473
86.1802
86.4607
85.5003
85.3374
85.7037
88.5077
89.2005
90.5583
92.7084
91.8529
92.126
92.601
91.9866
92.7563
92.2696
94.4936
92.6448
92.3267
91.9521
92.3269
93.6126
95.5733
95.0774
96.7667
96.892
98.3756
99.6285
100.481
99.9829
100.085
101.21
103.09
105.041
106.977
109.964
111.71
112.89
110.585
112.552
115.232
115.878
114.139
112.417
114.599
113.831
117.228
118.455
118.487
118.205
118.612
118.349
116.602
115.916
114.657
115.136
116.984
116.701
114.153
116.057
118.355
120.186
120.771
121.463
120.784
122.089
123.799
125.545
127.896
128.274
125.372
124.425
122.464
121.463
121.637
121.788
121.12
122.017
121.054
123.072
120.385
119.282
119.683
121.924
119.882
120.415
118.835
116.213
114.39
116.207
118.254
116.743
115.584
116.944
116.625
116.764
115.058
116.137
115.651
114.613
116.809
117.483
115.368
116.68
117.079
117.8
118.743
117.355
117.569
116.671
116.268
116.628
116.461
114.891
114.626
114.587
115.997
117.45
116.633
116.145
115.498
119.222
121.29
122.046
121.681
121.701
120.243
120.07
122.202
122.461
123.251
124.201
123.676
122.281
123.591
123.969
123.606
126.02
124.29
125.156
124.142
125.143
125.316
126.101
125.175
124.936
125.722
127.841
129.21
130.48
130.928
131.645
130.527
130.299
129.441
130.365
130.311
133.392
136.216
135.012
137.645
137.248
133.768
137.06
133.941
133.219
133.455
130.835
130.121
132.049
135.236
135.891
136.43
133.252
132.202
134.023
134.389
134.776
134.934
138.402
137.772
137.953
139.416
138.546
137.689
137.528
135.432
133.67
129.58
131.597
129.414
128.538
127.202
127.104
126.167
126.745
125.784
127.012
126.994
125.091
123.983
122.283
122.157
123.218
121.837
121.389
120.276
119.457
117.496
118.231
118.437
114.385
115.578
117.669
116.707
116.452
115.794
115.139
113.313
113.498
114.77
114.802
116.113
114.712
114.123
113.337
113.403
114.931
118.47
116.714
115.408
117.144
115.14
114.457
112.176
110.098
108.867
110.758
109.812
110.004
109.022
109.567
107.961
110.027
109.202
108.555
110.046
110.765
110.906
110.247
108.394
108.442
110.886
111.567
112.839
111.921
111.684
110.539
111.644
112.97
112.289
111.724
112.52
110.392
110.354
107.738
105.906
106.254
108.512
110.286
111.738
111.378
113.982
115.943
114.277
115.258
115.011
116.353
115.143
116.765
119.048
117.55
116.661
116.976
119.113
119.569
121.948
123.639
125.586
124.36
125.201
124.359
126.844
130.754
130.806
129.202
127.418
129.223
128.808
130.239
130.772
129.414
128.69
127.682
126.958
124.906
124.132
125.131
123.674
122.507
123.477
123.316
121.892
121.298
121.205
120.833
118.834
120.161
120.543
118.901
115.424
115.523
113.551
116.721
115.696
115.621
115.695
116.277
116.504
119.535
120.867
121.357
121.451
120.749
118.806
117.713
117.984
115.682
116.188
116.185
114.569
112.484
113.876
113.565
115.276
116.154
118.478
116.536
115.12
115.967
115.235
115.778
116.333
115.268
115.601
116.681
118.688
119.007
118.897
118.467
118.621
118.215
117.906
116.017
116.121
117.489
116.796
119.525
118.676
118.056
119.15
116.942
117.581
121.95
122.723
123.411
122.211
121.99
122.086
124.266
125.186
123.613
122.905
