98.6169
97.4346
96.4564
95.8494
96.9588
95.695
95.6452
95.6658
93.7459
95.177
93.0937
92.6892
91.8502
90.3975
89.5832
89.9859
88.6544
88.2143
87.6279
88.2752
86.9293
86.7751
85.9126
85.3567
84.4047
85.2438
84.5956
84.1018
84.2747
82.2343
80.2406
81.2033
81.8775
80.9583
81.7487
82.9794
83.4087
81.902
83.2309
84.1384
83.3115
83.6
80.9526
79.3035
79.7612
80.498
80.1027
79.8315
81.9719
81.6953
83.2205
82.4467
82.402
85.1329
84.7899
85.0038
85.6917
85.2437
84.7848
83.9069
83.308
84.7287
82.6965
81.3915
81.3148
81.4754
80.9436
81.9737
82.1788
81.375
80.006
80.8491
80.9359
80.3975
79.8288
79.954
78.9715
77.944
77.0669
75.5774
75.974
74.8768
75.7888
75.4415
74.5376
75.6779
77.4205
75.8468
77.4035
77.4266
76.534
78.5172
79.0743
78.9036
79.2776
79.6491
80.8246
82.9801
81.7611
81.8785
80.4793
80.1299
79.0676
79.1747
79.2214
77.523
77.6645
78.6857
79.5646
79.259
80.375
79.6029
79.0136
77.1376
77.1637
77.41
76.9264
75.7363
74.8248
74.2908
75.0766
74.3964
73.8633
72.1515
71.9577
73.5991
72.4507
72.7232
70.9118
69.5696
69.5508
70.2722
70.464
70.9814
70.3972
71.6039
72.1897
72.5718
72.1484
71.9368
71.3935
71.9077
70.8508
72.2714
72.1709
72.0462
71.16
71.3011
70.6093
70.058
69.9241
70.0134
70.1967
70.4601
71.3257
72.0001
71.7645
74.519
74.9121
74.5685
75.2507
75.3213
74.2104
74.657
76.0128
76.726
77.9102
77.641
76.0056
76.1255
75.9446
77.8145
79.42
79.5491
80.5083
82.5244
81.9092
82.8932
81.9465
81.4695
81.6622
82.9311
83.8779
84.2115
84.2741
85.416
86.0326
86.0576
85.9669
87.5117
89.9982
89.6056
89.8367
89.9377
90.4641
91.3027
91.6929
90.8424
87.2579
87.6517
87.1972
88.1041
87.0442
86.3442
86.2746
85.5458
84.2378
84.2842
85.6049
86.8303
86.2827
84.2886
83.7883
84.4601
84.0901
82.7522
81.1469
81.9063
81.4609
80.8141
81.1092
80.2442
80.8242
79.9139
80.8213
79.0365
78.7616
80.1582
78.4538
78.6562
78.7274
78.1731
78.5226
79.4277
78.7738
78.1468
79.5262
79.5465
78.9926
80.123
80.0125
79.0755
78.2292
78.4284
79.545
79.4993
81.4783
81.3261
80.2847
81.4879
81.3099
82.4771
81.9925
80.1296
80.7843
81.4106
80.9031
80.548
82.2366
80.1612
82.2305
81.3452
82.4578
83.1711
83.1402
82.0288
82.5905
83.5722
83.4115
83.4967
84.1039
84.6865
83.6778
85.2196
85.4188
86.7206
87.4042
88.5476
89.9752
90.1118
88.5153
87.8547
88.2864
87.518
86.7811
84.5998
84.0231
84.1387
85.4968
87.5663
86.2803
87.2176
86.2978
88.067
87.7539
88.527
89.7918
90.8853
93.5913
94.3466
94.1561
91.8788
91.3441
92.684
92.4793
93.3885
95.9886
95.3135
96.2028
97.6691
97.9114
96.5511
98.0878
97.2599
98.392
99.177
99.8838
100.868
100.658
101.075
97.7017
97.9401
99.9062
101.077
101.769
100.952
100.288
100.751
101.579
100.39
100.77
99.4365
96.9503
95.4896
93.7768
93.5633
94.6812
94.7975
95.3082
96.4075
97.3819
97.858
98.2584
97.7322
99.2739
98.882
97.0692
99.942
100.604
101.302
102.108
101.357
100.425
99.6863
99.8633
97.7389
96.3134
93.3826
91.307
90.166
89.7341
89.127
89.233
87.5502
87.9017
87.1906
85.8245
87.9097
89.6702
88.4158
86.7809
85.8027
85.3106
82.3719
83.3758
83.294
84.18
83.6559
82.3234
82.6669
82.7224
84.2928
86.4853
85.2498
83.0441
83.2855
83.7665
82.7442
82.052
82.8086
80.4099
79.2624
77.0337
77.2752
77.0655
77.045
77.2309
76.199
75.211
73.0261
73.5126
73.6266
74.5477
76.2427
78.0193
77.0728
78.4179
78.0291
77.9741
79.9563
80.3367
80.3243
81.3868
81.6158
81.1011
80.1158
80.3474
80.1174
81.3057
81.4894
81.5655
80.5834
81.39
80.7737
81.4365
81.8182
81.8037
81.2121
82.0836
80.1856
80.603
82.4462
83.7335
83.2566
84.5283
84.3987
84.2718
85.8902
86.9706
87.4039
87.6058
87.6075
87.0455
87.077
86.599
87.9098
89.1923
90.5589
88.4663
89.6676
90.5775
87.7102
86.527
84.8989
83.6485
84.1282
84.0843
85.4887
87.3444
85.9185
85.7773
84.8801
85.4882
84.6877
85.5042
85.9955
84.0493
84.7737
85.4624
86.6044
86.2282
86.3292
87.3825
87.2646
86.3995
89.3698
90.1298
89.753
89.3581
88.5006
87.9357
85.3112
86.4511
84.7761
84.2579
84.8858
87.0087
87.8599
86.7212
86.8711
87.953
88.6033
89.2088
88.3081
89.4955
89.8602
89.49
90.2189
90.4482
90.2886
90.1486
89.8656
88.034
88.8076
89.8256
89.838
89.2343
89.7544
90.1628
89.2374
88.6614
88.1043
88.3826
89.1597
88.4332
89.0522
87.8224
86.3254
86.2834
85.881
85.2582
84.1606
85.8439
86.9816
88.6514
88.3362
89.5955
89.4672
89.0072
88.2877
87.3192
87.0386
87.6409
88.3603
89.4975
90.8563
92.9948
92.5022
91.0036
91.6152
90.7454
91.5819
92.3321
92.0744
89.9026
90.4017
90.3894
90.7881
93.274
93.2207
94.3079
95.803
95.588
96.9859
94.0593
91.4613
90.9921
90.5208
90.8588
91.5911
93.2717
93.9406
91.819
91.4045
92.303
93.4276
94.3844
94.6478
94.2684
95.3471
93.7824
93.5878
93.3414
92.3547
91.4542
91.5625
90.1577
90.1299
88.7573
90.3948
88.3603
86.3422
85.8028
85.5759
85.4534
84.5204
85.3037
87.3003
88.2256
86.791
85.3171
83.2666
83.724
82.0073
82.0623
80.0752
81.0248
80.8876
78.3807
78.4548
