101.939
101.829
101.245
101.89
100.781
100.758
100.712
102.989
102.171
101.438
101.07
101.182
102.437
104.507
104.024
104.512
106.107
105.886
104.911
106.097
106.733
106.174
105.132
104.766
105.3
103.442
101.88
101.869
101.466
101.967
101.886
100.721
102.415
100.405
100.957
102.29
101.648
102.401
102.642
101.556
100.81
100.434
101.118
101.44
100.587
99.479
100.172
97.0242
96.892
96.6107
96.9191
95.5133
94.8791
94.9973
94.5162
94.6257
94.605
94.1115
95.1807
93.2055
92.9427
91.8329
91.1129
91.4891
92.9825
92.7863
92.6952
91.8655
92.9335
92.9693
93.776
92.6684
92.3505
91.4641
92.3316
89.7405
91.1144
89.768
91.0362
91.2123
91.908
92.0946
93.2852
93.7266
95.5896
94.0891
93.5905
93.6771
94.2366
92.347
94.0223
94.7612
95.5214
96.2853
96.8573
97.1214
94.4667
93.7268
93.8019
92.0064
91.022
90.7603
88.9918
88.8727
89.5394
88.0896
88.7889
88.7872
89.8762
91.6909
91.7971
91.3031
91.4306
90.9313
91.2888
91.6744
92.5523
94.3344
96.9503
97.9667
97.3317
100.069
100.564
103.209
102.356
103.825
103.466
101.211
101.745
100.058
99.6309
100.637
102.737
102.865
101.07
100.34
100.759
99.9128
100.134
99.9127
100.295
100.617
101.275
102.001
103.311
105.214
103.991
102.506
100.892
102.458
101.478
102.141
103.185
102.502
101.937
99.5755
99.3831
97.7141
97.7324
98.3332
96.7585
98.1524
98.676
99.712
100.682
100.572
100.607
102.205
102.863
101.926
101.557
100.966
99.9675
99.3011
96.835
99.2034
101.782
101.491
101.261
99.1441
99.8121
99.1397
99.164
101.154
100.767
101.277
101.938
101.263
100.884
100.522
97.1057
99.8882
98.9707
98.1924
97.3173
98.1079
98.949
99.8225
98.5047
96.7194
98.1317
97.099
97.9801
97.3328
97.0357
97.0354
95.8058
95.0265
95.5795
96.8339
96.3799
96.4078
97.9206
97.9827
98.8792
98.1786
96.0416
96.1216
97.0264
99.659
101.055
100.832
100.635
97.6002
98.2796
97.771
95.7298
94.0584
93.0971
92.3186
91.5515
89.5665
90.4495
90.5383
92.4584
92.383
91.1654
91.2044
91.4043
89.9839
90.5805
90.5199
87.7747
86.4804
85.2938
83.9655
84.0349
84.8583
84.3597
85.1759
84.5373
85.2578
86.7629
89.0638
89.0574
88.0598
88.1989
88.7242
88.46
87.0463
85.4544
83.1719
82.7125
82.4822
79.7117
79.1746
81.5326
83.8167
84.9185
85.4654
85.3419
86.6934
87.7697
91.0731
91.9202
90.7115
91.5068
93.0549
93.3085
94.5267
92.8361
91.966
93.1954
93.4039
94.0643
94.5274
95.4918
94.0209
93.5512
93.335
94.8445
94.4569
95.8487
99.9909
100.248
100.406
101.509
101.464
101.14
102.264
101.384
100.893
100.707
101.906
101.688
99.7931
100.576
103.612
102.085
103.413
101.625
103.01
104.69
105.956
106.115
103.59
105.726
108.263
108.472
106.627
106.566
107.664
108.793
109.274
108.477
108.264
105.912
104.492
105.321
107.043
106.171
106.221
105.338
105.919
105.307
104.525
105.943
105.203
104.822
103.525
103.004
104.749
104.052
105.215
106.297
107.668
105.773
104.645
102.998
102.707
104.417
103.889
102.821
104.457
106.481
107.372
108.546
107.386
106.83
106.206
110.045
108.907
108.957
108.536
107.347
104.726
105.086
105.596
106.176
107.029
108.677
107.516
107.014
107.685
107.695
104.948
106.467
105.586
104.851
105.809
103.121
102.857
103.634
103.374
103.086
102.667
102.132
102.568
103.233
104.423
105.675
106.117
106.051
106.027
106.13
103.899
104.158
102.976
102.328
102.459
101.494
102.163
102.053
102.238
99.6476
100.191
101.666
99.8662
99.8464
99.909
97.7883
98.4211
98.3423
99.9202
98.7254
99.1135
96.8641
97.7324
99.4463
96.9455
97.841
97.192
96.7339
95.9621
96.1259
95.9535
96.3117
96.2885
95.5989
97.1452
97.1631
97.2312
97.0355
96.5754
97.6471
98.5165
99.1884
98.0389
98.4089
98.2128
96.4644
95.9801
97.9075
98.4639
97.6772
95.2857
97.383
97.3333
96.2579
96.0101
96.8229
96.8747
97.7905
97.7599
98.5327
98.3083
97.2753
97.9658
96.8629
95.4318
96.5254
98.3388
100.275
99.8027
101.446
102.008
101.409
100.9
102.54
102.128
103.139
102.524
101.965
100.978
100.498
98.8777
100.59
99.203
101.352
103.661
103.902
104.051
104.378
103.748
104.466
104.278
104.117
104.086
103.514
103.332
102.02
101.952
102.38
102.95
103.102
101.911
102.277
104.2
106.028
103.725
104.965
107.715
106.242
106.684
104.593
105.889
108.975
108.08
108.086
107.794
108.669
108.914
107.781
107.587
107.411
106.723
106.976
106.663
109.254
110.909
110.404
109.733
107.89
106.782
105.903
105.679
105.748
105.606
104.563
105.513
107.054
106.302
105.605
106.172
105.15
103.005
103.126
103.072
104.567
104.621
104.081
104.773
104.971
104.014
103.654
102.397
103.085
102.681
102.543
104.203
104.599
105.004
104.375
105.343
104.648
108.05
109.171
109.274
107.91
110.517
111.766
110.321
108.27
105.599
103.641
105.578
106.584
106.321
106.774
106.343
107.198
107.171
106.214
105.505
108.392
110.364
110.784
110.075
112.519
111.954
111.52
111.751
109.451
109.576
109.266
111.079
110.473
109.68
110.364
111.688
112.57
111.427
113.013
114.639
112.351
112.186
111.519
112.777
113.323
111.795
