101.728
100.866
100.806
100.292
100.595
101.25
100.771
101.253
101.202
99.9012
101.209
100.512
100.567
102.584
101.549
100.883
101.266
103.033
103.068
102.712
105.242
103.646
104.735
104.8
104.782
104.126
104.6
104.897
104.224
102.052
102.714
101.774
105.106
107.19
107.23
109.863
107.972
106.514
105.539
105.209
105.645
105.752
104.683
104.19
104.759
105.619
106.328
106.824
106.366
107.024
106.162
105.915
103.464
104.606
105.962
102.523
100.867
102.755
101.864
101.234
101.007
102.498
101.823
101.518
100.753
101.67
102.041
104.108
104.754
105.307
108.121
105.44
104.861
106.476
107.256
107.284
107.563
108.34
107.131
108.874
109.082
110.931
109.317
112.44
115.904
117.222
117.222
117.894
118.077
117.86
120.127
121.43
120.589
118.735
119.774
120.611
120.184
119.917
121.04
121.33
121.698
122.962
121.101
118.957
119.409
119.128
119.886
119.068
120.362
122.232
121.13
122.413
123.348
124.684
125.72
125.866
123.927
123.864
122.983
124.074
125.103
123.783
122.048
121.99
123.998
125.262
122.56
122.481
121.028
121.371
119.033
118.705
115.83
115.106
113.105
113.337
114.455
114.652
114.601
114.943
115.985
115.583
113.607
111.898
113.509
111.686
110.943
109.952
111.774
111.187
109.505
108.493
109.276
107.894
107.388
108.709
109.549
112.046
112.499
112.011
110.055
110.316
113.008
112.226
112.222
113.019
114.395
115.01
112.555
114.112
114.901
114.816
113.162
114.047
112.976
112.755
114.28
114.33
113.622
113.169
111.677
109.152
109.694
109.918
111.225
112.265
111.676
111.916
113.32
113.108
112.378
112.759
113.976
110.769
111.795
110.049
109.79
109.656
107.687
108.681
110.5
110.86
111.6
110.594
111.536
113.119
113.101
114.512
114.505
114.02
114.279
116.774
118.798
118.947
119.641
118.856
120.475
122.523
122.86
124.718
126.504
123.983
121.69
120.724
121.761
120.122
121.122
120.304
119.978
120.664
123.793
123.883
122.745
121.849
121.251
123.764
122.111
121.739
123.607
118.07
122.269
120.999
119.691
119.452
119.023
121.287
120.895
121.62
123.555
125.586
123.74
127.749
128.457
128.836
125.778
126.606
128.285
129.814
131.545
133.883
133.492
132.997
130.876
130.33
131.663
129.981
128.838
130.796
130.72
128.383
126.476
125.215
128.18
128.874
130.275
131.054
131.507
132.09
132.104
133.089
133.471
131.097
129.177
130.434
128.939
127.695
128.102
128.784
127.994
129.732
129.674
132.377
131.609
132.645
131.642
132.317
133.825
133.981
134.4
136.218
134.575
134.67
134.457
133.642
135.22
136.77
138.058
141.349
139.531
138.132
139.943
138.672
136.601
134.478
134.075
134.839
135.493
137.529
138.521
140.385
140.975
138.951
139.215
139.976
137.251
138.478
138.361
141.42
140.974
139.745
139.048
136.648
134.489
134.624
134.329
133.397
134.731
136.712
138.208
136.465
135.953
135.866
135.445
133.598
134.397
138.907
137.955
138.172
136.405
137.409
135.686
131.251
132.413
131.272
135.558
136.924
136.615
138.79
136.025
135.756
132.301
132.159
135.034
136.404
136.289
136.907
137.037
134.774
135.214
134.118
135.466
134.104
133.001
133.773
133.986
134.006
133.222
133.035
133.718
134.875
134.92
134.355
134.795
135.687
132.863
131.943
131.664
131.669
131.12
131.923
130.984
128.637
131.051
132.486
131.654
131.25
130.019
128.331
130.641
129.33
132.152
132.58
131.512
131.989
130.807
131.4
131.818
133.627
133.015
131.167
131.162
128.544
127.441
127.677
129.133
127.621
129.26
128.62
128.04
129.569
132.229
129.209
128.843
132.688
133.346
136.068
136.99
137.781
138.627
133.666
133.251
134.401
134.856
134.178
130.096
128.8
130.389
128.391
132.313
131.125
132.724
133.121
134.493
133.221
134.196
136.699
138.199
138.776
139.083
137.54
139.158
137.753
137.258
134.928
133.729
133.208
134.27
135.138
135.254
135.507
137.637
137.404
138.334
139.269
142.345
141.928
141.135
138.823
138.173
138.477
140.923
143.62
142.16
140.055
142.503
143.838
141.958
142.837
142.695
143.638
144.715
145.509
146.539
143.501
142.896
142.703
142.53
140.643
140.526
140.502
139.409
137.513
137.311
136.042
132.806
134.522
133.359
130.781
131.962
133.41
133.599
129.525
127.549
130.142
132.27
131.998
132.341
131.163
131.089
127.239
125.593
123.853
122.617
122.359
122.29
123.105
122.18
120.593
120.922
124.123
124.309
124.793
127.435
128.155
128.777
129.25
128.616
127.132
129.686
131.746
132.524
133.958
130.982
129.241
127.49
126.976
127.762
130.72
131.245
131.125
132.424
133.676
135.26
134.388
131.922
132.245
130.71
129.996
131.209
131.992
131.333
131.974
131.133
128.971
130.329
133.029
134.345
134.983
133.924
134.257
134.261
131.729
133.853
134.707
138.038
140.574
142.327
142.278
142.83
138.331
136.423
135.109
133.707
132.333
131.37
131.289
131.515
130.068
130.808
127.416
128.182
127.78
127.727
127.434
130.37
131.714
128.962
129.512
130.351
129.33
130.722
132.007
129.951
129.727
129.018
127.216
129.137
127.116
128.314
130.813
