99.095
98.6807
97.8096
99.4806
99.8544
97.9394
99.553
98.2037
97.4432
95.5692
95.0707
96.7642
94.6291
95.0389
95.8195
96.3761
95.5497
95.2419
95.6649
96.9111
93.95
94.3911
94.7889
93.136
95.3872
96.3254
96.1857
97.4105
97.3514
97.3177
99.1403
98.8125
100.218
101.735
101.168
99.0691
97.3852
98.6108
97.99
96.4291
96.8841
98.2686
98.864
99.2311
99.9117
99.9436
98.121
97.4664
97.1461
99.3687
100.423
101.507
103.243
103.27
102.097
104.423
105.111
105.004
104.881
103.868
101.533
100.471
99.2363
99.5652
98.9655
99.7686
97.5755
95.6964
96.0048
94.4841
93.886
93.7475
93.107
94.2136
97.7794
97.9725
96.9962
98.6859
98.7343
99.051
98.8429
100.088
99.8202
99.418
100.555
101.544
99.7624
98.4926
100.133
99.1527
98.767
98.2906
98.9615
99.3906
101.631
102.581
100.917
99.3216
100.341
101.088
102.331
102.153
103.459
103.75
104.644
107.019
107.208
109.152
110.28
111.909
110.477
110.168
109.871
108.577
107.953
108.017
105.77
106.26
107.154
107.458
108.444
110.804
109.032
110.393
110.185
109.897
113.359
115.662
114.483
116.382
116.658
114.741
113.386
112.635
111.28
110.791
111.801
112.177
111.518
112.274
112.324
110.588
110.056
108.919
108.298
107.137
108.472
107.868
107.66
107.621
107.903
105.604
105.86
107.764
105.492
106.019
104.807
103.514
102.613
101.672
101.676
101.791
101.847
103.287
103.147
104.685
103.112
103.243
105.3
107.368
107.569
110.25
111.284
113.726
111.902
112.228
112.793
112.362
110.54
108.694
110.384
111.249
109.436
109.969
109.839
111.064
112.858
110.508
111.078
109.268
106.804
105.435
105.757
108.113
107.008
106.474
106.532
106.603
107.711
106.982
106.395
106.899
107.299
107.356
104.814
104.807
102.092
101.597
101.075
100.564
99.5893
99.5261
99.875
99.3974
97.3651
100.379
100.262
99.5225
100.273
102.671
102.495
99.9097
101.02
100.791
98.0271
96.7599
96.2641
94.0556
94.5608
95.8346
95.5573
95.8703
97.171
95.8613
94.7933
94.7983
94.3549
95.1164
94.9519
93.3144
93.5857
91.4473
90.3631
88.6448
88.0853
88.4679
88.196
87.5344
88.5121
87.5398
88.1772
88.4754
89.9205
90.0247
88.6597
86.202
86.0085
85.6477
87.2882
86.3744
85.9256
85.6086
87.2407
86.0757
86.3656
86.117
86.2121
83.6922
83.1969
81.3569
80.1728
79.1588
78.1395
78.7858
79.5465
77.9089
76.4054
76.2154
74.95
75.0715
74.4875
74.6272
74.8417
76.1191
75.7883
76.3795
75.6971
75.9761
76.1562
74.747
75.9217
74.2074
74.2208
73.5757
73.05
71.8943
70.053
70.0635
69.7849
70.6643
72.402
72.7517
72.7484
71.4026
71.0119
71.1257
69.6448
69.7672
70.2884
69.8006
70.1776
71.471
71.3404
71.0891
70.3526
70.9455
71.376
72.4489
71.7706
70.4758
70.2224
70.8002
69.8614
71.0659
71.3983
70.5263
70.5279
72.0906
74.2753
73.8833
74.1997
75.4049
75.8998
74.0349
74.8392
73.059
73.7111
73.7706
73.21
73.3734
74.8851
75.5226
76.3076
75.2988
75.0044
73.3546
74.4471
73.9231
72.7805
74.4415
74.3382
74.9182
76.792
75.3492
76.4264
75.1327
74.839
73.9649
73.2006
73.1094
72.7853
73.3658
71.9336
72.3449
71.4518
72.1953
70.9494
70.101
68.5017
68.7195
70.3219
70.2921
69.9382
72.4983
72.429
73.2673
73.627
72.8898
73.7743
74.466
73.161
72.5008
71.8323
72.6755
72.4625
71.7055
72.0286
71.3741
71.5596
71.112
70.9482
71.7306
72.4705
71.3276
70.9219
70.5094
70.4822
71.3513
71.3542
71.1007
70.3973
70.3629
70.1847
69.4099
69.2277
68.3161
68.466
67.0454
66.7711
66.1529
64.5904
65.9621
65.324
66.3824
66.2375
65.8648
64.9181
63.9671
64.5363
64.6568
65.6365
67.0494
65.2215
65.8428
66.0946
67.3173
66.9496
67.1632
66.2779
66.3256
66.9282
66.8867
66.5599
65.8633
65.0119
64.4071
63.4147
63.3916
64.6833
65.8247
65.7456
65.5822
63.7663
64.722
65.2528
65.2984
64.998
65.2019
65.7915
65.1165
64.5318
63.5307
63.8696
63.4202
64.2639
63.4296
64.2758
64.0638
62.427
61.1802
60.9369
60.52
60.7307
60.1885
58.8598
58.8544
58.9925
59.0482
59.0987
59.0956
61.0548
61.176
60.4571
60.4471
60.262
59.8631
60.4306
59.5052
60.2217
60.522
59.8351
59.4846
59.3866
60.9848
60.4783
60.9083
61.4154
61.3338
61.4849
61.6689
61.3727
61.5581
61.7756
59.7619
58.9487
59.2385
60.6149
59.8994
58.09
59.1941
59.4481
60.5951
59.7818
60.8905
60.6098
60.8784
61.5695
61.0992
60.4964
60.7435
60.0867
60.328
60.4886
61.3558
59.5609
59.9674
59.8717
60.9986
61.3271
61.6314
61.0418
60.1727
60.1763
58.3828
58.9561
59.6887
58.5408
58.9483
59.03
58.6815
59.8358
61.0661
61.0848
61.4685
61.6439
61.8794
62.8073
63.0382
62.4993
61.7593
61.2678
61.557
61.1902
61.3852
61.5717
62.5715
62.3593
62.9512
62.6054
63.727
65.8368
66.285
66.0037
67.0277
67.0778
65.7288
66.0462
65.2664
66.1289
65.3103
65.1355
66.131
65.8496
65.3907
64.7797
63.7819
63.5761
63.9554
64.1672
63.4805
63.3929
63.4094
63.9229
64.0337
63.437
63.1739
61.3911
60.7333
60.259
59.482
61.2589
60.848
60.2799
60.0761
60.8822
60.2336
60.2934
59.1478
57.615
57.4506
58.3079
57.3246
56.7608
56.6686
57.4604
56.795
57.1775
56.0508
55.2204
55.2597
