103.35
100.492
100.238
100.19
102.115
100.707
97.0801
97.41
98.1181
98.4965
95.9072
94.8682
93.1548
90.5101
91.3463
92.0229
91.7476
92.3994
90.9502
90.6906
91.5236
89.6867
89.2582
88.292
89.1804
89.0113
90.4843
89.0044
88.7967
88.3843
87.6802
87.8526
88.7011
88.473
88.9329
90.1462
89.6469
89.973
89.2962
88.2619
88.4191
87.7848
86.6385
85.501
83.0836
82.2053
83.0361
84.0049
84.4996
82.8247
81.4022
80.6017
80.945
80.8204
81.3885
81.6783
81.7755
82.1883
84.4904
85.746
84.195
82.9785
82.3074
82.2602
83.9689
85.096
82.336
81.8655
81.6637
82.8108
80.0597
81.0706
81.8407
81.3289
79.5807
80.5494
82.0968
82.1892
83.8602
84.957
84.4761
83.5445
83.4511
83.8271
84.6007
85.8864
83.8819
84.9164
85.0963
86.9194
88.4472
87.4935
86.753
85.9824
86.425
86.3821
86.1729
87.2302
87.1859
87.3275
88.1612
88.1535
89.4763
90.3073
91.0056
91.4317
90.3357
92.2799
92.17
92.2871
92.3341
92.792
90.8278
91.797
90.9885
90.4782
92.4571
90.6744
88.7354
87.7956
87.4693
88.7662
89.96
89.047
89.1733
90.2084
88.5068
88.7792
89.1105
89.0991
90.598
89.6378
92.1401
91.653
93.0235
93.7668
93.697
92.6966
92.9606
92.6446
92.3107
94.9819
94.3572
95.7108
95.5591
94.6042
96.968
94.4397
93.9948
93.3565
95.2554
94.0856
93.9636
92.1655
89.5843
90.074
90.1525
90.0605
90.3873
89.9966
88.4455
89.0405
89.2011
89.5505
89.515
88.2426
86.9605
86.8674
86.1323
87.8948
87.8295
87.2142
87.6119
86.4078
86.1703
86.3524
85.9597
85.1318
86.7335
84.5196
83.7174
84.432
83.6283
83.0034
82.4661
82.5591
83.0536
82.3979
80.3859
82.3826
81.7154
81.7695
81.7361
80.6205
81.2161
82.4547
81.3207
80.4097
81.9296
81.1235
79.6811
79.3816
77.2318
75.5695
76.1303
74.9217
74.6518
74.0346
73.4493
72.5205
70.5192
69.6388
69.6209
68.4835
68.3245
68.2071
69.0134
67.5648
67.5298
67.7583
68.2708
68.6033
67.2315
66.9273
67.2807
66.9338
66.257
66.0335
65.6146
65.8298
65.4859
65.9214
66.23
65.701
67.3618
68.1146
67.6919
67.4964
66.2553
66.6718
66.6292
65.7688
65.7332
66.8353
66.267
66.6885
68.0651
66.6866
68.1251
68.8257
69.5712
70.6223
71.4444
71.5971
70.7081
70.8603
71.4117
70.8442
70.9543
71.0975
70.7422
71.6569
71.0093
71.5366
70.7318
69.6015
69.4657
68.2101
67.7842
67.3843
67.3599
66.4009
64.9848
66.0827
64.7824
64.9972
64.6938
65.9082
65.3965
65.9979
66.5176
65.8101
66.0945
65.8368
65.113
65.6949
64.8881
66.2611
66.615
66.0321
65.8485
66.3507
65.9181
66.7396
67.5729
68.0308
68.2701
69.2179
71.8856
72.9218
72.7824
73.1233
73.1787
73.2515
72.8663
73.601
73.2152
72.2344
72.6526
71.8602
71.9615
72.5759
73.1473
73.279
73.6028
74.2356
75.1443
75.8819
76.5116
75.661
76.6639
75.9247
74.8708
73.9182
76.4168
77.2464
76.9954
77.4027
79.1709
76.6275
76.14
75.2161
74.8479
74.1214
74.6462
73.7863
74.0764
73.8942
74.779
75.0872
75.5885
74.7004
75.3838
74.0617
75.0916
75.1253
76.5149
75.5134
74.892
74.7796
74.2493
74.5667
73.1633
73.05
73.0165
73.6708
74.2757
75.2552
74.7202
74.6403
73.1342
73.7792
71.7049
71.7984
73.9313
75.0624
75.1887
74.8737
74.1843
72.3458
70.6003
71.5751
70.9457
72.4006
72.6702
71.8564
71.2562
71.1861
71.6195
71.3685
71.7047
73.1143
73.7676
73.8181
72.5952
72.3626
71.9004
72.8597
72.3608
72.4444
73.0132
73.2594
73.5913
72.5929
75.1187
74.8566
74.7024
73.6643
73.5666
73.3561
72.1479
71.5521
71.2027
70.9771
70.6058
69.8949
70.8819
72.2343
70.964
71.0211
70.547
69.9926
69.647
69.5629
68.8801
68.8454
68.3081
70.4223
70.4214
70.3089
71.0508
71.8149
71.5516
71.9493
71.9841
71.1631
70.2733
69.677
68.5815
69.6976
69.765
70.2448
69.6654
69.1139
68.8916
70.0577
71.7611
72.6193
71.4095
72.6442
72.0206
71.3675
71.8467
70.8192
69.981
68.1644
67.941
67.5248
67.359
67.4382
66.3396
66.1393
65.9488
65.2432
65.3327
65.1849
65.3142
65.9189
66.2528
66.0385
64.7843
64.5289
65.2414
65.0841
64.356
63.7731
63.7895
64.1367
64.0809
64.3793
64.4017
64.5518
65.0969
64.4759
63.6068
63.0125
63.3838
63.8044
62.8317
62.3434
63.0853
63.7329
63.8977
63.5176
63.0568
62.8693
62.7104
64.2493
64.8809
63.999
64.2433
63.431
64.0871
64.0248
65.5767
66.8734
65.6873
66.7442
66.6983
67.6497
67.6624
67.6453
69.4339
69.6658
69.1171
67.9635
69.0574
68.0183
68.8034
68.3249
67.6673
67.6261
68.1496
68.4718
67.9286
67.0707
68.6154
66.8642
66.6051
65.3547
66.4723
67.026
66.1667
67.0341
66.2219
65.9338
65.958
66.0484
66.3997
64.71
65.48
65.5249
65.6918
67.1114
65.4718
65.3493
65.756
66.1104
65.9452
66.9524
67.6879
67.5076
66.4948
65.9825
64.6313
65.5982
66.8211
67.3593
68.0203
67.1697
67.5285
66.968
66.6779
66.8399
66.4095
67.5913
68.7688
68.781
70.2176
71.7571
72.5588
71.0619
73.3665
73.041
73.6382
75.1713
73.4878
73.8846
74.7075
74.404
75.3137
75.4546
75.4165
76.2985
74.6478
73.9289
74.393
72.8976
70.7343
70.5798
71.6076
71.7191
71.9918
70.2077
70.1482
71.2957
71.0195
71.6233
71.8398
72.3973
73.7071
75.5131
75.7059
74.4703
74.1549
75.1417
76.2625
76.1043
75.4823
75.4928
