101.03
103.35
104.75
105.259
105.708
104.365
103.615
103.003
102.357
101.189
101.744
101.693
103.287
103.375
101.178
100.194
99.0775
98.2342
99.9953
98.9434
97.342
96.0064
94.9812
96.3758
95.1404
97.1752
95.5017
95.963
95.9755
95.1517
95.5047
95.0199
95.9503
98.5121
98.233
96.969
98.9112
96.558
98.8067
98.0312
99.1881
97.7928
99.3864
98.8265
99.9816
99.3946
98.569
96.0813
95.3083
96.1359
95.92
95.2367
95.9881
98.5112
99.3578
98.3123
98.3325
100.073
100.5
101.938
102.725
104.763
103.841
105.706
104.508
104.496
106.044
105.395
106.402
107.092
108.479
107.799
108.051
106.6
105.237
104.761
105.312
106.859
105.616
106.073
105.99
106.177
106.151
105.168
105.32
103.903
104.016
102.323
103.902
102.017
104.399
105.125
103.745
103.164
103.326
103.603
102.159
100.033
98.863
99.8295
102.107
104.849
105.261
104.026
103.324
100.831
100.399
99.1584
99.0847
98.8757
98.1834
98.5209
99.1927
96.9462
96.3935
97.703
97.5923
98.0274
97.1519
96.3127
96.3071
97.6961
96.413
97.2221
95.3754
95.6417
95.6266
97.191
97.0182
94.0943
93.9101
94.4371
92.6258
94.072
94.8905
93.6771
93.7712
93.9283
95.3754
94.4062
95.3564
94.7507
93.8029
93.332
92.6906
92.7361
92.5863
93.9582
94.9475
93.9471
95.2285
94.5435
94.7524
95.1319
94.6794
94.5683
94.2351
94.1557
93.8626
94.7692
96.5209
99.5705
100.856
101.05
102.801
104.356
106.966
106.378
106.215
107.064
109.237
111.001
109.496
111.021
108.947
109.938
109.268
110.159
109.661
109.866
108.476
107.782
108.366
107.188
106.099
104.869
103.335
104.464
104.288
105.075
104.405
103.475
102.751
102.238
99.9002
100.737
101.245
100.3
100.054
99.8303
101.204
100.684
99.1543
96.9311
94.2525
92.5302
92.8763
93.6291
94.1993
95.5737
93.6703
95.974
95.3265
95.1024
96.4675
96.8737
99.2106
100.388
100.17
98.1925
99.331
99.642
101.064
101.384
101.001
101.237
101.548
101.646
100.992
100.637
99.0421
97.2268
97.3412
97.5347
98.7053
99.8357
98.7376
99.628
100.299
100.184
97.8542
97.4757
98.0278
99.3084
98.7604
98.9051
99.7139
100.737
101.968
100.839
100.21
100.073
100.419
102.64
102.62
100.347
98.6332
97.2621
96.2181
95.4193
94.6379
94.8566
96.6526
97.9125
98.2132
98.4567
100.288
99.5041
98.9993
97.3775
98.9706
95.7704
95.3292
95.938
95.3907
95.5787
94.5838
97.1154
98.414
99.2243
98.6295
96.1104
96.3357
96.1735
96.1798
97.02
98.3625
99.6884
100.495
100.064
99.6409
99.455
101.091
101.34
101.275
101.506
101.533
104.042
102.3
103.356
103.013
102.028
100.589
101.71
100.409
101.068
101.013
102.916
102.278
104.197
101.84
102.272
103.99
104.589
102.943
101.256
100.814
102.281
100.936
101.94
101.913
101.66
101.877
104.127
105.136
106.758
105.776
104.546
105.097
105.115
105.036
102.992
103.248
102.463
104.278
103.491
100.553
102.8
102.951
101.738
102.804
103.741
106.819
107.518
108.938
106.675
108.502
109.24
109.716
109.276
109.354
109.462
110.479
109.162
110.101
111.913
113.982
113.337
111.335
110.244
109.994
110.955
109.851
109.454
108.639
109.934
110.647
107.723
110.706
113.175
113.221
112.825
113.815
111.707
114.221
115.507
117.96
117.785
116.526
115.717
114.168
112.872
110.092
109.345
109.362
108.734
109.109
107.927
110.101
112.305
113.152
115.068
113.409
114.561
112.255
113.242
111.732
112.71
111.802
113.745
113.732
112.069
114.003
110.891
109.924
112.504
114.436
117.612
118.319
119.891
116.906
116.326
117.262
118.799
117.796
118.62
118.962
118.756
118.262
119.019
117.349
118.306
116.296
115.601
115.444
117.416
117.469
117.913
117.488
118.482
118.97
120.91
121.871
118.239
114.361
113.891
113.814
113.326
115.321
114.422
115.285
112.649
112.437
110.092
108.211
106.993
107.112
105.353
106.717
108.913
104.6
103.124
102.894
102.125
103.553
103.074
104.959
105.559
105.849
105.193
105.692
105.418
104.166
106.316
105.646
105.295
106.634
106.373
105.421
105.168
105.948
106.928
109.272
109.226
109.773
111.135
111.347
112.352
111.92
111.157
112.802
114.242
112.567
111.804
111.057
110.527
112.803
111.562
108.522
107.857
108.419
107.844
108.936
108.265
107.228
106.417
106.798
106.874
106.472
107.208
109.27
105.162
106.464
105.41
105.593
104.242
105.857
106.695
106.979
106.41
106.263
107.525
106.138
105.024
104.598
104.027
106.615
107.68
106.064
102.67
102.675
102.91
102.734
103.757
103.84
103.974
104.577
104.188
105.951
103.592
104.296
105.053
105.26
106.416
106.363
106.704
106.046
106.476
107.231
107.808
108.187
107.337
106.56
107.055
106.356
106.049
103.937
105.199
105.012
106.824
106.861
106.022
105.809
106.796
105.63
105.398
108.648
104.809
105.369
106.25
105.207
104.89
104.489
102.733
102.796
101.546
101.817
102.598
101.658
101.169
99.4914
100.865
100.585
98.2084
100.774
102.654
104.751
106.761
105.483
104.971
103.983
102.619
103.149
102.991
102.948
102.84
101.897
101.666
99.3747
100.153
98.38
100.488
100.51
98.1048
98.3166
97.4091
97.4356
97.1561
97.2886
98.0839
