100.946
100.687
101.627
100.516
99.884
99.6859
97.7566
97.7359
100.08
100.648
99.3237
98.2229
99.0749
99.107
97.175
95.8323
94.7834
96.4645
99.3498
99.8383
100.21
102.734
105.038
105.322
104.113
105.57
103.613
101.559
103.439
103.43
104.34
105.965
104.785
103.446
100.45
101.759
102.496
104.01
104.653
102.814
102.8
104.029
103.552
103.551
103.384
102.937
103.194
106.056
106.237
107.412
105.937
107.054
106.094
107.338
106.658
105.784
105.013
104.277
103.185
103.486
102.246
102.322
101.679
103.26
104.498
104.23
102.827
102.708
102.897
100.61
99.3034
99.1219
98.2153
99.2139
100.862
99.0455
97.0598
95.7148
95.5225
96.429
95.0761
96.7094
95.1609
96.158
95.3444
94.7572
93.6796
94.1967
93.7589
94.6625
95.815
94.9968
94.1943
93.2265
92.858
93.2793
94.7656
95.7916
92.5608
90.8399
89.9994
88.5662
88.5405
88.3339
88.3874
88.4172
88.5663
87.7541
86.8973
87.1007
88.3317
87.8283
88.4058
88.2276
87.6679
87.9838
89.9303
88.5535
86.9289
87.0947
87.8612
86.9261
87.0572
86.6186
87.7171
87.7968
86.6376
86.1516
85.0165
85.5503
84.8414
84.2595
87.9396
88.4547
89.2179
89.0559
90.4568
90.9565
90.3697
90.8804
89.9612
89.9255
91.8961
91.3162
91.503
91.1593
93.2944
93.2613
93.0808
94.5992
94.5587
94.508
91.4762
90.717
91.3355
92.5714
92.7135
93.3348
94.028
94.6725
95.2008
95.2915
94.692
93.9079
94.1874
95.2412
91.9025
90.8334
89.2348
87.6779
85.7552
85.3849
84.6548
83.7281
81.7168
79.7999
80.8543
79.3839
80.2065
78.7517
80.0754
80.1
80.8878
79.8132
78.6818
78.8751
78.0761
77.6527
77.6016
77.7357
75.4636
75.2401
74.623
74.4312
73.1111
73.7035
76.0019
77.2063
76.9503
76.9856
76.2846
77.2043
77.2238
77.2466
76.6903
77.0982
77.32
77.4359
77.6957
76.2208
76.2954
73.4949
73.2079
74.9402
75.904
76.0899
75.7537
75.6637
75.1892
75.3096
75.9149
74.1257
74.0505
73.4219
73.8313
75.5925
76.2006
77.4957
76.802
76.5414
76.6732
75.8954
76.7646
76.1252
76.2524
76.8126
76.2718
76.7512
77.1928
76.169
76.9877
76.3828
77.8121
77.0922
76.6964
75.3767
75.9749
78.2487
78.8375
77.9987
79.1136
79.4562
78.2316
78.8224
77.5712
75.3276
74.6446
75.925
76.0472
74.8232
75.8188
74.9465
75.2015
74.6713
74.6759
75.0123
74.6511
74.3583
73.713
75.6448
73.6628
73.7303
75.2594
73.5502
72.5046
73.193
71.9292
72.0272
73.2968
73.5958
71.6795
71.6024
72.9402
73.1666
74.0135
74.1729
73.8184
72.9162
72.4103
73.3004
73.7968
75.2711
74.9576
74.5973
73.7989
73.8978
73.6409
72.5337
72.7416
73.7354
75.2048
76.4316
76.7296
76.0976
76.5259
76.3731
76.3932
77.5192
78.3778
78.8622
78.3437
78.5763
76.7683
77.0807
76.0379
75.3005
76.2162
75.1644
75.4667
75.5514
76.1286
75.7773
75.3572
75.4879
75.0607
72.4837
74.0709
74.7714
74.793
73.5165
74.9588
74.7893
75.4773
74.2439
74.2383
73.7121
73.8893
74.4843
74.8916
74.9271
75.2981
77.8182
77.5543
76.4645
75.501
76.0006
75.6479
76.1322
76.2971
75.7063
75.3805
73.8438
74.8226
74.3788
73.8444
74.3521
73.7828
74.4523
75.0007
76.0463
77.4316
76.0876
76.2812
76.174
77.8657
77.9546
77.8293
78.1544
76.9588
77.517
75.7615
76.7723
77.2823
75.8403
76.4083
77.2895
78.8562
79.0718
80.3642
80.8951
81.0726
80.6
81.1953
82.2716
81.7219
79.7918
78.89
77.3968
77.5799
78.1161
78.2075
79.382
81.097
80.8678
80.6683
80.2434
78.5431
80.6404
80.3994
79.3893
80.0439
81.531
79.6004
79.5543
80.0649
78.063
77.1853
75.8717
75.2537
75.5722
75.1054
73.9704
72.8035
73.6482
72.7535
72.7482
72.5536
73.2792
73.8723
74.7358
76.0193
76.1152
77.77
77.3105
76.359
77.4944
77.9647
79.1709
79.0735
77.7905
77.9451
79.0145
80.2223
79.5962
79.5807
79.4813
79.9019
77.2341
76.8721
76.5564
75.6386
75.5094
75.6089
76.2401
76.0951
76.2282
74.0451
73.6591
74.0248
74.3313
75.266
75.3949
75.1812
75.4017
77.114
75.8738
76.5986
76.5136
78.693
78.6984
79.4032
79.8562
77.7466
77.8145
78.7967
78.8839
78.3161
79.5757
79.3647
80.0487
80.0281
80.4986
80.0901
80.7665
82.1374
82.9611
81.1778
81.3145
80.7952
82.0152
80.838
78.5995
80.3211
80.9164
82.3947
81.3978
81.1014
81.0988
82.6751
83.1024
82.8739
82.782
82.1484
82.4463
82.7549
81.4668
82.7149
82.0982
82.6817
82.9185
84.2067
86.0563
85.5528
84.9227
84.6964
82.1155
83.2396
85.3741
87.4443
88.093
88.1335
85.2519
85.0426
83.6376
85.759
84.6248
85.2945
85.6211
85.0207
82.8379
81.1503
80.8237
80.9051
81.3781
81.0046
80.7871
81.3364
81.5143
81.2008
82.3014
83.0017
83.0566
81.8285
81.7046
83.3194
83.0359
82.3886
81.2984
81.0675
81.479
80.6714
81.612
82.9998
82.759
81.8648
83.6846
82.5281
81.2149
83.2471
81.5795
82.1107
80.4349
81.9677
83.2023
82.3086
81.714
80.8493
81.3397
82.6617
82.6674
80.6831
81.9472
82.1843
82.1833
81.6066
81.5021
81.7261
80.9801
80.3693
80.7968
80.8507
80.9851
78.7272
79.9926
79.8056
79.8681
80.9739
80.9511
79.0809
79.5685
82.0186
81.0715
80.793
80.0345
81.1488
82.9528
81.5943
80.3408
79.993
79.7695
80.5962
80.9378
81.4158
81.1741
81.3562
80.3063
79.5899
79.3437
80.8399
78.7335
