99.2462
101.29
102.901
101.102
99.8912
99.4728
98.395
97.2061
96.6804
96.0837
97.7503
98.0232
96.8811
96.534
96.8792
98.2026
97.9773
97.4117
96.0846
98.5086
100.319
100.802
100.352
98.7418
98.6767
100.822
100.593
99.9547
100.63
99.8742
97.5382
93.7337
94.8028
96.6436
97.8472
97.446
97.9701
97.382
97.9515
98.3199
100.016
100.723
101.354
102.458
100.661
98.1224
98.0213
98.249
97.9888
98.5981
97.8912
98.402
96.8469
98.3054
96.2622
96.0523
97.4594
98.7938
98.4899
97.0568
97.7153
97.1789
97.0174
96.5659
95.0217
94.0917
94.4188
94.5839
94.7645
93.6886
93.353
92.5312
88.6554
88.902
88.1471
86.3947
85.8374
86.9408
85.1001
82.8317
82.9351
82.8329
83.7828
85.488
84.7814
85.3494
84.1414
84.6582
85.4509
85.2628
85.7478
86.2551
87.4854
86.4724
85.5015
85.046
83.621
84.281
85.191
86.0078
85.985
85.7486
83.949
84.3205
84.5653
86.1801
84.5801
85.049
85.1572
85.5494
84.5852
84.781
84.6801
83.3559
83.7927
83.4109
82.4458
81.3668
81.2977
81.8608
83.192
81.4247
80.2532
80.7402
79.4666
78.2458
79.0916
79.4157
78.9517
77.6763
78.3851
77.9451
78.7556
79.0357
80.2634
81.3279
80.0785
78.9787
77.1547
77.1519
76.7174
75.7985
74.9337
75.3368
75.5537
76.1568
74.5871
74.3018
73.5856
73.7797
72.4108
72.5157
73.4375
74.0174
73.5858
74.3984
72.8285
73.0438
72.8021
72.0085
71.8646
72.4092
70.8647
72.6479
74.6685
73.5588
72.9408
73.1619
72.572
73.9034
74.4273
73.3942
72.7454
73.3106
73.6099
73.4973
73.0182
71.8325
71.6031
72.0115
73.1601
73.089
73.277
74.4672
73.7952
73.2031
72.4893
72.8283
74.1086
73.1641
71.7505
73.33
74.0474
73.5638
73.731
71.858
71.9068
71.3122
69.9789
68.778
69.3384
69.4076
69.0531
69.2398
67.9899
68.7956
67.1239
68.3239
67.6691
67.2702
67.2836
67.0569
66.4453
67.0734
66.8738
67.011
67.6057
69.9726
70.5459
70.7462
70.7757
68.7607
68.7067
68.5577
68.3659
69.2604
69.8589
69.851
68.8191
69.3505
68.8501
67.8047
67.8983
68.6687
68.3664
68.186
69.6084
68.3319
70.4703
70.9746
72.1305
72.778
73.3263
72.048
71.1083
71.1333
70.6194
70.0139
70.2033
70.8735
70.9512
70.4449
69.6292
71.6892
69.9253
70.3171
71.8465
71.8592
72.3386
72.6397
72.6873
71.4481
71.3562
71.2912
72.0872
71.0411
71.4092
71.3838
71.5052
71.7013
71.6373
72.318
71.7171
71.341
70.253
70.9474
71.6516
71.3702
71.4392
72.6852
74.3124
73.9774
76.1834
76.8987
77.2629
76.6588
75.0886
74.6094
74.2837
75.4091
74.4738
74.4906
74.6905
75.4377
74.1221
72.4638
72.7487
73.7263
75.7976
75.9094
76.7843
76.2862
75.4204
75.5784
76.6411
76.3414
77.5833
79.0848
77.4829
79.7358
81.4145
79.9064
80.412
80.2213
79.8041
79.2026
80.5167
81.8433
81.1767
81.8184
82.0782
82.8629
83.4447
83.9826
83.7244
83.7631
84.6938
83.5078
83.8896
84.6829
85.5352
87.1672
87.3865
90.0072
91.9918
89.1848
89.8907
91.802
91.7679
92.5447
92.6239
93.4653
92.6424
91.8728
90.4813
88.9817
87.4484
88.7747
86.4485
86.748
85.8623
86.466
86.5329
85.1922
86.0198
86.6694
85.6606
87.7976
87.3649
85.3981
86.461
86.8323
88.3619
89.2422
89.058
87.7471
88.5036
88.6387
89.7638
89.2476
90.7201
91.1084
92.5205
91.3615
90.7559
90.7431
89.9791
87.181
88.2524
88.907
88.3654
89.3521
89.6661
91.0789
90.2153
91.863
93.8521
92.8016
91.9094
92.074
91.1719
91.8254
89.8078
91.2202
92.5975
92.8621
93.1957
94.2293
92.6786
92.3765
91.0776
92.202
92.2655
92.7122
92.5755
90.4752
90.9726
88.2512
88.6962
90.4921
91.9853
91.2899
90.1235
89.3635
90.0992
90.9974
88.8343
87.3756
85.5438
84.1249
85.1879
83.6831
84.6875
85.495
85.1951
83.5714
84.491
85.2609
86.2657
86.342
85.6821
85.5702
85.4822
83.4258
82.9842
83.1127
84.0646
84.205
82.5646
86.4372
86.3988
86.4786
85.7868
84.7972
85.1847
83.7564
83.016
83.3729
83.0751
82.2694
81.7751
81.3537
81.3674
82.7578
83.2206
84.3211
83.8067
82.7829
84.051
83.9613
83.5237
83.2688
81.7649
81.7385
82.6223
82.4078
82.3708
82.8988
82.9482
82.8234
82.8258
82.4828
81.7293
81.1369
80.0779
78.669
77.9655
78.8748
79.4886
80.2301
79.9424
79.8857
80.1568
77.6655
76.9414
75.1261
74.3331
75.4172
74.9733
75.0733
75.7068
74.6946
74.6245
74.9757
75.5302
75.2961
76.4753
75.8599
76.3864
76.931
78.1312
77.1374
77.5992
78.781
78.1656
79.6678
79.9252
79.159
79.2971
79.6119
78.8278
78.8686
78.2403
77.8659
78.37
79.5176
80.2579
79.9971
80.8709
79.7353
78.7378
79.3433
78.1041
78.5057
78.1634
76.3874
78.2302
78.9136
78.7986
79.4083
78.1479
79.9858
81.0336
79.9941
79.862
81.0712
81.2013
82.1304
80.9321
81.1415
82.0989
79.5895
79.5239
80.1883
79.9721
79.5754
78.4785
77.7858
78.2453
78.9432
79.7025
79.5419
80.6151
80.9571
81.6237
81.9679
80.1293
80.3898
81.8
81.9121
81.938
83.7852
83.6124
83.3707
83.3865
83.2984
84.0452
83.8624
82.8973
81.012
80.5755
81.2734
81.3121
81.1493
82.9121
83.833
84.7007
83.3406
82.6993
81.6364
81.8339
79.6424
80.7666
80.0243
79.5569
79.0972
79.9982
80.6136
79.6994
80.0639
80.622
80.8077
81.5728
83.4887
84.6271
82.8855
81.9904
83.2887
81.2691
80.7719
