100.283
102.982
103.985
101.398
101.71
101.102
100.375
99.9037
97.5887
94.6941
94.3231
93.7338
93.6101
94.0648
94.1409
94.0825
92.9127
92.1465
91.5835
91.364
91.6935
92.7023
92.7291
90.8934
89.5721
92.9932
92.8054
91.2187
91.796
92.9266
93.4434
92.722
90.7554
90.2244
89.9518
89.4329
89.1926
90.7117
90.4935
89.3085
90.3747
89.1112
90.821
91.8768
92.2263
92.2193
91.5051
90.3039
91.709
91.4046
90.9638
90.5205
91.261
91.9591
91.1154
92.2954
92.7386
96.5531
96.6317
95.9692
93.694
92.9542
94.857
94.1902
96.4973
98.1149
96.0137
94.7611
93.2549
93.8127
93.4192
94.6305
96.7258
99.0361
102.479
104.811
103.895
103.488
103.638
103.395
103.214
101.708
101.747
100.149
99.5815
99.1884
101.634
102.288
99.8593
101.63
100.616
98.6512
102.002
101.884
101.028
102.474
102.119
100.981
100.031
101.268
102.831
101.484
101.932
100.507
102.154
101.492
99.9135
98.8429
99.9407
102.93
102.188
102.001
100.128
100.919
98.7453
97.3585
97.8983
97.6654
96.5928
96.7224
97.4051
95.4369
94.3432
95.1936
94.154
92.906
93.1589
93.5545
95.2407
96.6346
96.9125
97.2211
97.5366
97.0842
94.9406
95.541
95.2429
95.0353
92.3177
92.6832
93.1288
93.8551
94.1
94.6483
92.4021
93.0069
93.8916
94.6089
95.0126
96.6465
96.015
98.1963
97.7362
96.6397
97.3982
99.6647
100.546
101.457
100.536
101.283
102.916
101.974
101.138
101.728
102.623
102.014
103.672
101.334
101.506
101.069
100.408
99.6724
99.3017
98.716
100.517
100.898
100.001
99.9486
99.5035
100.185
97.6504
96.6332
95.0161
93.6358
92.5708
90.6
90.6974
90.6825
90.4995
89.9462
91.3651
91.7539
91.8151
91.5768
92.8825
92.4403
91.9384
91.4274
90.2922
90.1151
89.4611
90.0119
90.6297
88.8744
87.3616
86.7938
88.5446
86.3672
86.8214
87.0255
85.9383
86.1783
86.9366
88.5611
90.1133
89.7836
90.1528
89.8045
89.2953
89.5795
89.4393
89.5148
90.0818
88.8263
89.1207
89.1327
89.7062
87.3168
86.6676
86.0147
86.5107
86.0441
85.7834
86.4239
86.3841
85.5093
86.429
86.5
86.6773
87.083
87.0305
88.0869
87.5291
88.8013
88.163
88.8667
88.3282
86.9304
87.138
87.7076
87.4941
86.0144
86.9869
86.2121
85.6988
86.5227
86.4808
87.6448
86.1416
86.2882
86.6684
87.5467
88.7924
90.2402
92.0269
91.4347
89.3976
89.1603
87.2708
88.7524
88.6094
88.1003
89.5088
89.5501
89.2555
87.4554
86.2654
86.9194
87.3075
86.5524
87.1587
88.347
87.9209
86.5997
86.0908
87.2469
87.2768
88.7754
89.8331
90.4658
89.1813
89.7081
90.1099
89.3018
88.6487
87.2347
88.2457
87.4536
89.2563
89.9689
91.0713
93.3705
92.8732
94.2339
95.0638
94.8445
95.4217
94.4855
94.9638
93.7469
93.9621
94.3829
95.9435
97.4424
96.3865
97.3563
97.3701
96.2845
95.5287
95.4287
98.0284
99.2313
98.1876
96.236
93.81
95.0444
95.245
93.3732
93.2659
93.0203
92.0907
92.3967
91.8776
93.1769
93.4615
93.5417
93.8185
94.3203
93.9818
94.9054
95.663
97.8996
97.0433
97.7164
98.6095
98.7556
100.932
100.854
100.404
99.1445
97.4886
98.0007
97.9498
101.03
100.488
99.9066
99.5577
100.018
99.0632
98.8625
98.9158
96.7347
97.2673
98.4226
97.532
98.599
97.4725
98.1258
98.7014
100.074
99.3822
98.5272
96.8856
98.0706
97.1329
97.9316
96.8225
97.1937
96.3855
96.0844
95.4313
94.9547
95.3565
95.8893
96.2845
96.3538
95.0648
92.9915
90.8491
91.2026
91.8789
91.4532
89.7399
89.1274
86.8855
85.8291
85.8323
86.4683
86.5573
86.6152
87.165
86.7657
87.5526
85.4553
83.7094
84.2574
83.9197
81.0901
78.9073
80.7108
80.0173
80.7012
80.6604
78.9439
78.5037
76.9156
78.1389
77.5233
77.2238
75.9986
77.3909
76.4432
76.7524
76.5124
76.6371
78.7793
78.8444
78.0808
78.2602
77.0115
75.3816
75.0427
72.8212
72.2505
73.3746
72.9972
72.4278
73.015
71.4639
71.6167
71.0755
71.3323
71.6738
73.3616
74.4609
74.6087
73.3052
73.9832
73.8157
74.5223
74.4699
74.2859
76.0853
77.5094
77.7696
76.9375
77.1578
78.2486
78.4156
77.6748
76.1825
77.1039
77.1974
76.5333
75.2817
75.4697
75.4278
75.4092
74.9894
75.1979
74.8596
74.4269
73.1946
74.4426
74.8924
72.3429
72.6501
72.2598
71.8533
72.6414
72.1813
72.6629
73.5921
74.908
75.8237
76.4584
77.5096
78.6091
78.6295
79.0649
78.5439
77.1379
76.8095
75.7493
76.6035
77.1662
76.4391
77.5206
76.8067
75.8865
76.3845
77.0481
77.6258
79.5864
81.9508
83.2703
83.0311
83.0547
84.8811
85.6423
86.3614
85.4156
84.0724
83.9975
84.6379
82.2873
82.6996
82.2566
81.9219
83.193
83.7558
83.3568
82.5894
82.4702
83.2593
82.8472
82.8644
83.5052
84.4475
84.6205
86.0316
88.1834
89.7093
88.9184
90.336
89.6756
89.6983
89.7732
89.3256
87.9503
88.116
88.2233
89.0296
88.3096
87.7173
88.6814
87.7846
87.595
89.1093
88.7936
88.7244
89.1462
88.5546
87.5986
89.008
88.3519
88.5935
88.8108
88.33
90.152
89.8031
89.4228
87.2174
87.1726
86.6919
88.6553
87.9964
85.1613
85.7705
85.3464
84.3239
82.2874
82.518
81.115
81.3238
79.8976
80.7859
82.0329
81.569
83.6172
82.7788
84.9151
86.495
86.1125
85.2612
85.2761
84.4005
85.0731
85.9532
85.7008
86.4369
83.9765
85.0013
83.456
84.8168
83.3041
82.8411
80.265
80.8688
81.1431
