100.076
98.4866
97.7838
99.6586
99.0075
99.5826
99.8895
100.149
99.6446
99.1063
98.8011
98.0809
98.2289
98.7855
97.3695
97.0455
95.1696
94.5539
93.5917
93.3639
92.2544
91.9042
91.885
92.2582
91.8394
91.8838
93.6536
91.7344
92.1616
94.0331
95.6322
96.6656
98.4077
100.868
100.869
99.9583
97.827
99.1023
99.6744
101.121
101.132
100.578
102.639
102.36
103.05
104.422
104.177
103.846
107.022
103.585
105.168
106.201
108.184
108.609
107.525
110.406
113.853
114.822
114.029
112.739
112.407
112.913
113.369
113.067
115.185
116.191
115.034
114.737
117.337
116.498
114.644
112.894
113.771
115.082
115.91
113.883
111.564
111.869
114.174
115.339
112.919
113.925
112.124
113.838
114.358
113.3
112.776
115.581
114.787
112.052
112.496
113.475
113.121
115.531
114.227
109.857
110.552
109.481
108.009
107.373
106.864
107.641
106.401
106.29
104.702
106.435
107.017
108.413
110.469
110.241
108.866
111.705
113.659
114.838
115.254
116.326
114.876
115.643
115.839
113.531
112.162
112.582
113.401
112.58
110.373
107.797
108.09
107.633
108.919
108.573
108.213
109.891
108.176
109.477
108.781
107.372
105.399
107.786
106.111
107.358
108.404
108.355
110.047
109.605
110.159
111.449
111.887
111.931
108.342
109.061
108.392
107.657
107.609
107.493
106.639
106.146
106.82
107.564
104.974
103.816
104.859
105.209
105.278
106.049
105.726
103.928
105.049
106.369
107.052
105.381
108.655
108.133
107.489
107.218
107.661
108.108
108.222
107.93
107.303
107.797
109.069
107.225
107.202
107.975
109.049
107.823
108.412
109.842
111.199
112.388
111.708
112.014
111.984
109.877
108.572
107.963
107.736
107.789
107.741
104.781
107.286
107.586
107.457
109.453
107.451
108.347
107.342
110.911
111.583
112.389
114.927
115.544
118.072
118.879
115.691
117.851
117.328
113.808
113.986
114.699
116.808
116.015
116.82
115.248
114.667
112.758
112.141
115.068
115.039
112.734
110.918
111.442
110.942
110.933
111.545
111.389
114.517
115.748
114.321
113.942
114.339
116.369
117.898
116.818
120.504
119.486
121.45
121.343
122.41
121.728
121.176
118.461
123.095
120.543
122.067
123.546
121.697
123.864
126.073
127.077
127.714
129.196
131.168
133.302
134.535
131.727
133.168
132.471
133.402
132.989
131.719
131.449
130.035
129.163
129.352
127.936
126.925
129.431
130.729
129.856
129.333
126.739
128.597
129.786
129.504
128.297
129.398
132.355
131.254
133.309
132.974
129.032
130.89
132.861
132.888
131.08
129.904
130.245
130.937
133.121
133.369
131.038
128.719
126.547
125.727
127.16
127.67
125.293
124.632
127.112
129.711
128.661
127.624
126.894
127.682
125.246
126.423
127.03
126.816
126.935
126.844
127.424
127.776
127.246
125.956
125.947
123.365
120.532
122.565
119.523
118.439
119.399
121.066
124.881
124.729
125.835
126.494
126.229
123.787
121.886
122.703
122.552
123.85
123.971
123.541
126.839
126.097
128.274
129.601
130.83
132.654
133.4
134.161
133.096
133.06
132.317
133.014
133.362
130.342
127.743
125.28
125.745
123.208
124.289
122.304
120.835
121.164
122.241
120.321
121.903
122.959
120.066
119.995
119.341
119.334
121.444
121.125
121.773
122.818
122.745
120.589
121.079
120.622
119.752
119.223
119.684
121.353
120.873
121.497
121.286
120.454
117.975
116.335
117.098
114.311
114.966
116.462
117.885
116.637
118.047
119.816
119.549
119.822
120.343
118.999
120.033
121.291
118.055
117.587
117.131
118.571
116.868
116.724
116.541
116.712
118.202
115.395
114.694
114.563
114.898
113.674
113.829
113.252
112.415
111.112
109.421
108.648
108.286
106.386
106.273
105.42
105.402
105.84
104.934
106.965
106.307
103.299
105.28
105.903
108.566
108.908
109.365
109.754
109.61
110.381
110.554
108.836
108.382
109.621
106.941
106.143
106.143
105.589
105.806
105.886
104.525
104.464
102.939
102.326
103.59
104.56
103.803
102.938
100.849
103.173
102.3
104.665
103.728
104.288
103.368
102.457
103.736
104.3
104.41
102.919
103.668
101.812
102.286
102.229
98.5058
98.4078
99.504
100.041
100.322
99.2403
100.671
100.14
99.0154
97.8669
96.7693
97.3495
96.7284
96.5964
97.1834
97.9572
98.9
98.6889
98.044
97.6119
97.7307
95.4932
94.2255
94.5205
94.7287
94.6487
94.0055
94.2036
92.0511
92.7757
91.9861
91.291
91.6894
91.9094
92.0703
93.0637
93.6852
93.4716
95.7864
95.5732
94.1762
92.8781
91.1677
91.5917
91.6763
92.1452
92.6649
90.8539
92.2959
94.5419
94.8961
93.5057
96.3476
96.9419
98.4632
100.049
102.045
102.497
101.509
103.247
101.419
100.794
101.994
103.15
101.883
102.029
100.8
99.2719
97.0564
96.6673
94.3535
92.9205
93.2852
93.1689
94.818
95.5577
96.6458
94.1762
95.5995
95.9767
97.2005
97.4295
96.199
95.5118
96.2062
96.8015
95.7964
95.4762
97.697
96.8947
97.9394
100.751
102.109
104.662
103.794
102.285
102.742
102.805
103.115
104.112
104.893
103.691
103.902
104.249
106.352
106.212
105.205
105.654
105.781
106.529
105.986
103.995
103.9
101.6
105.136
105.214
107.083
106.716
108.794
111.082
111.595
