98.2146
101.216
101.591
99.0179
99.1811
99.1849
99.3985
99.4534
101.04
100.9
102.037
102.703
101.842
102.963
102.816
103.978
105.524
103.952
104.68
106.78
105.556
105.984
109.088
108.13
109.843
110.139
110.684
111.503
110.281
112.61
110.67
110.973
109.215
108.823
110.339
109.386
108.221
109.417
107.668
107.795
108.972
110.138
106.952
106.912
107.482
105.764
108.016
108.094
109.604
107.741
108.515
108.388
107.176
106.089
106.289
105.938
106.777
107.202
104.792
104.915
104.255
105.07
104.554
105.531
107.174
105.611
106.373
107.696
108.964
108.093
109.315
111.49
111.936
112.915
113.52
115.465
116.66
119.105
120.837
122.312
121.495
120.344
118.068
118.464
117.679
116.126
115.979
115.605
115.406
115.344
116.456
115.909
114.74
113.222
111.132
110.597
112.063
109.877
109.393
108.216
108.135
107.61
108.743
109.322
108.773
109.307
110.978
113.12
112.98
114.059
111.92
110.689
112.351
108.241
107.482
107.154
107.957
108.962
110.101
106.199
108.037
108.207
107.79
108.63
111.801
112.579
110.585
109.43
109.434
109.853
108.325
106.247
104.355
105.677
106.488
104.631
105.565
105.402
106.591
109.124
107.651
107.162
107.673
108.593
111.073
108.562
106.928
106.267
106.104
106.207
104.067
103.704
101.663
102.431
102.642
103.523
104.267
104.84
103.184
102.106
102.903
101.404
103.083
101.242
101.804
101.415
101.505
101
102.104
101.966
99.4745
100.304
101.138
97.5346
97.3975
98.0811
98.7487
98.9549
98.7394
100.036
101.806
101.833
101.433
102.817
102.998
104.211
103.719
104.498
104.029
105.308
104.545
104.472
103.953
103.586
103.241
102.92
102.145
102.866
101.612
102.431
103.538
104.744
103.874
104.379
104.552
103.747
103.279
103.076
101.449
102.823
102.567
102.32
102.296
102.278
101.969
99.8789
100.815
99.9092
98.7119
97.7272
98.4794
98.4228
98.1199
98.5272
101.338
104.596
106.841
107.367
108.823
108.6
109.191
110.334
110.662
109.54
110.959
112.551
111.961
109.448
108.4
107.549
107.415
105.918
106.52
107.968
105.995
104.422
105.608
107.918
105.384
103.96
103.81
104.631
102.424
102.994
104.166
104.345
105.173
104.457
104.203
102.697
103.943
103.041
104.981
102.883
100.955
100.645
100.49
100.215
98.0986
101.158
102.244
100.699
100.88
100.129
99.6639
97.3734
94.9591
94.5647
93.8162
94.9187
93.3742
94.5339
94.3876
93.2957
94.0702
95.8959
97.5491
98.9622
99.9246
98.583
95.1496
97.4703
96.0947
95.8398
96.4168
95.3915
97.1566
96.9622
95.3703
96.0255
95.5186
97.4268
98.778
99.8718
100.055
98.6718
98.9137
97.8752
95.873
96.8955
97.2512
98.3302
99.1634
97.3583
98.958
99.1507
98.9
98.7967
99.8515
99.5904
98.8373
98.8019
98.9638
97.518
98.7786
99.774
101.658
100.552
100.792
100.763
100.716
100.842
101.05
101.367
102.228
102.525
102.104
102.724
103.624
105.346
103.274
103.182
104.736
106.012
104.046
106.149
108.66
109.875
112.17
112.351
113.301
112.875
112.851
111.89
112.099
113.291
111.095
112.74
111.795
113.181
112.533
111.84
109.953
109.959
111.029
110.816
111.231
111.978
112.447
111.818
113.745
114.487
116.42
116.228
113.801
113.357
113.962
111.855
110.046
111.459
113.411
112.68
114.668
113.829
114.221
115.38
116.66
114.395
114.026
115.316
117.306
117.157
116.079
115.164
113.882
115.708
116.347
115.131
113.322
115.132
115.142
116.386
114.244
114.915
116.61
115.168
115.533
114.929
114.561
114.289
114.068
114.676
115.289
115.638
116.763
117.045
115.671
112.877
114.295
114.204
114.905
113.796
117.116
117.092
118.471
117.962
116.421
118.919
120.436
122.213
122.381
122.012
121.987
121.697
122.035
124.006
121.868
122.527
120.767
121.063
121.546
119.518
121.532
120.992
120.933
118.738
118.751
115.979
117.958
120.729
118.696
119.013
121.833
120.835
118.633
118.753
119.577
121.064
121.937
123.876
124.253
126.972
124.043
124.547
124.015
123.21
122.941
121.516
121.789
120.389
120.45
120.009
121.673
120.166
117.796
117.625
117.558
116.649
115.51
114.745
112.812
115.581
114.016
112.145
110.709
110.443
110.431
112.149
111.517
111.347
113.038
113.443
115.6
114.172
113.317
112.925
111.74
112.066
111.34
111.496
114.049
112.966
112.601
114.296
113.684
114.584
114.392
118.285
119.075
119.619
118.77
116.754
118.212
118.868
119.42
120.323
122.891
123.653
120.553
124.1
124.065
124.246
123.36
122.897
122.379
121.538
122.657
124.628
120.832
120.389
120.152
118.65
117.652
117.043
115.783
113.795
112.312
112.832
112.42
112.017
109.898
107.346
105.58
105.269
105.629
106.378
105.014
106.854
108.994
107.869
109.135
107.409
105.858
103.593
103.759
105.911
104.856
104.393
104.429
102.231
101.133
101.903
101.067
101.091
99.2812
98.1544
99.079
97.9053
98.0701
97.1831
99.2773
100.846
101.418
102.481
101.352
104.012
103.093
103.057
102.154
103.128
104.328
106.935
107.48
109.373
110.939
112.703
115.995
116.009
115.495
114.071
112.959
114.976
113.646
112.643
112.762
111.75
111.637
111.293
109.682
110.886
