97.8472
99.0513
99.1438
98.6665
100.241
101.972
101.05
101.336
101.806
102.236
105.891
105.678
104.834
105.702
105.425
106.37
106.316
109.178
110.917
112.058
114.711
115.956
118.492
119.374
118.388
118.522
116.372
115.47
115.261
113.23
112.261
110.554
110.12
109.842
111.157
112.41
113.027
111.562
111.336
112.24
110.352
112.672
113.928
114.384
115.068
115.958
116.594
116.472
116.222
115.525
115.371
115.819
115.72
118.557
120.608
119.795
117.848
116.508
118.316
118.708
119.016
119.85
120.472
118.482
117.115
117.103
117.938
116.819
117.792
116.421
117.714
119.553
120.324
120.512
119.987
121.487
121.496
123.209
122.644
122.868
123.665
123.849
123.044
120.223
118.909
120.429
121.174
121.123
121.655
121.115
119.774
120.709
119.96
119.934
122.851
122.666
123.675
123.603
121.574
122.543
120.234
120.628
121.475
121.932
121.512
121.208
121.127
120.347
120.371
120.285
121.227
121.258
123.6
121.447
121.231
118.364
118.419
116.974
115.201
116.144
116.025
116.579
115.164
114.257
114.287
114.138
115.14
115.549
117.66
118.439
118.845
122.455
118.691
117.946
116.874
116.857
116.357
118.163
118.723
118.474
118.363
117.639
118.656
120.659
120.19
119.094
119.266
118.581
118.204
117.41
121.463
122.368
122.866
122.804
121.855
122.587
125.733
125.734
125.429
125.547
126.317
130.1
131.588
131.559
131.049
130.955
132.122
133.71
134.95
134.661
134.182
132.043
131.483
131.289
132.064
130.551
132.052
134.59
134.074
133.768
133.965
133.47
132.073
129.443
128.021
127.759
129.806
128.437
129.882
129.871
129.43
128.971
127.149
127.453
125.233
126.039
127.935
129.834
129.09
132.702
136.963
137.857
134.428
134.644
134.628
130.76
129.059
129.463
131.353
133.17
131.828
131.819
133.971
132.219
132.851
134.064
132.578
135.645
133.46
134.128
131.144
130.238
128.589
128.639
131.02
129.742
130.368
128.914
130.663
132.599
132.416
132.74
131.608
130.478
129.576
129.207
132.201
127.834
130.461
127.354
129.857
128.65
128.668
127.915
129.069
128.595
129.322
130.454
129.983
131.547
130.529
130.066
130.459
129.95
128.223
129.46
129.043
129.358
128.361
128.265
127.458
128.3
128.568
127.363
126.337
125.455
124.256
122.226
120.533
119.951
119.317
120.716
122.411
121.778
121.636
123.692
124.499
124.698
123.081
123.094
122.301
121.525
121.05
120.18
121.29
119.962
119.685
118.354
118.701
117.263
117.387
116.295
113.388
115.575
114.647
116.332
116.224
115.27
115.397
116.057
117.293
117.948
120.9
122.147
121.129
121.172
120.304
118.77
117.469
118.981
119.225
116.771
118.856
118.028
117.775
119.521
121.215
120.282
119.71
119.231
117.666
118.938
119.407
120.622
119.821
120.688
121
122.326
122.916
125.276
122.613
121.731
122.936
121.926
123.082
124.46
128.591
128.011
130.028
131.517
127.554
126.925
125.974
127.238
124.793
126.048
126.167
126.957
128.681
129.835
129.316
128.045
126.234
127.41
130.465
134.316
135.394
139.395
138.47
139.374
139.123
139.954
139.986
139.049
138.424
140.906
141.717
142.834
141.402
141.399
141.087
144.234
144.937
146.845
146.349
144.358
143.861
143.627
143.953
141.269
141.045
141.486
143.785
144.402
144.281
144.069
142.057
144.144
145.861
144.604
144.22
142.803
140.008
140.295
141.062
140.609
139.609
137.819
137.356
136.511
139.595
144.955
143.817
145.111
149.099
148.985
148.7
153.378
154.543
157.792
154.809
155.374
151.459
150.851
151.609
153.559
153.956
150.813
148.53
149.433
148.803
149.893
146.97
148.204
147.7
149.107
146.566
145.882
144.708
143.386
143.094
143.925
148.344
148.352
148.682
151.653
154.957
155.08
158.104
158.598
157.525
159.897
161.517
160.55
159.762
156.332
156.236
158.942
158.95
154.815
151.624
151.383
152.464
152.267
150.515
153.601
154.799
157.664
158.029
159.714
157.452
158.97
161.725
162.466
157.658
157.313
157.249
157.43
155.396
152.809
153.188
154.533
153.656
155.745
153.299
156.217
154.906
151.777
153.906
153.241
149.116
148.477
146.758
147.298
146.109
143.312
145.496
145.181
144.807
149.879
150.567
150.282
149.271
148.81
147.217
150.375
147.419
147.533
149.473
149.977
153.014
155.574
156.412
162.189
163.217
162.62
162.668
161.32
159.77
160.114
159.804
160.822
160.453
160.67
161.626
164.719
163.134
160.402
158.687
160.57
164.02
161.728
163.149
165.452
163.152
161.523
163.249
163.859
161.724
162.634
160.626
163.698
164.571
164.109
163.33
163.647
160.693
156.942
158.068
154.659
153.447
154.386
156.74
158.84
156.969
156.184
161.26
159.569
159.44
161.56
160.657
153.749
148.313
147.344
152.834
152.817
154.281
158.047
158.002
154.608
151.997
147.444
146.317
149.21
148.487
149.218
149.354
152.415
154.247
155.493
155.238
154.058
155.296
155.613
158.238
162.537
161.276
158.821
160.094
161.473
161.044
163.185
167.521
167.687
170.065
171.047
171.148
171.375
171.274
170.246
168.637
166.98
167.294
169.852
168.077
167.928
164.55
167.248
169.085
168.882
