100.301
98.7381
97.6688
98.1124
98.8219
98.658
98.515
101.871
100.545
103.226
103.709
102.867
102.542
102.666
104.795
105.014
104.647
103.804
102.434
100.684
102.711
103.473
104.042
104.967
104.286
102.385
100.565
98.6539
99.6937
99.7704
100.977
101.284
100.138
100.15
100.045
99.4441
100.468
97.9408
96.0785
98.4575
99.1091
96.8486
97.1188
96.6203
97.1455
96.8672
95.6607
96.1121
95.3888
94.3694
95.1826
95.1635
96.4857
94.7094
96.2562
98.0954
100.515
102.335
101.91
103.446
102.796
102.055
100.402
102.178
100.209
101.422
102.842
101.462
102.499
103.376
101.678
102.365
102.695
101.814
101.815
101.297
100.811
98.4384
99.1153
101.776
101.48
101.188
101.371
99.6733
99.7544
98.2268
97.6488
98.7648
98.8997
99.4213
98.5552
99.9237
102.669
102.179
101.852
101.623
101.437
102.524
103.295
104.599
104.265
102.312
99.9668
99.8896
99.4614
97.2425
95.6263
96.3943
97.3545
97.3568
97.8708
96.3966
94.8996
95.2923
96.6361
93.3891
93.8856
94.0803
95.5145
95.0334
95.9872
94.7389
95.6645
96.59
95.4222
96.5102
94.6613
93.2975
92.5478
92.9492
93.1632
93.3651
93.2913
96.7716
98.4904
99.5776
99.9615
98.5531
99.5877
99.7554
101.68
100.713
99.7938
101.359
99.4863
100.211
101.526
100.598
100.46
99.9631
99.5291
101.449
102.218
101.963
102.074
99.8924
101.076
102.403
100.833
101.888
102.906
99.8875
97.9071
98.3075
98.6802
98.5863
98.5207
98.6607
98.0294
96.5234
96.8325
98.1213
99.633
100.425
102.409
100.516
102.099
102.019
102.087
99.5614
100.413
101.881
100.289
98.9975
100.026
98.2846
100.095
102.217
102.758
102.98
102.341
103.659
103.636
100.881
100.26
101.142
102.265
101.768
102.802
102.612
103.933
104.869
104.441
104.345
104.135
102.223
101.215
102.399
102.897
103.656
101.6
100.917
101.134
101.591
103.188
104.959
104.998
106.874
106.935
106.521
105.408
107.526
108.608
107.379
108.745
111.605
112.491
113.923
111.58
110.702
113.963
112.293
113.909
114.393
114.041
112.61
110.704
109.421
110.366
109.672
109.547
105.941
105.225
104.588
102.213
101.171
101.398
99.6878
98.1457
98.5833
99.821
102.021
103.273
103.441
103.933
104.748
105.594
103.375
104.072
104.832
105.321
105.985
108.343
109.002
109.731
108.143
108.665
109.924
108.355
110.789
109.866
110.529
110.706
110.549
109.68
110.02
110.391
109.688
109.7
107.145
108.14
108.565
106.969
108.043
107.344
106.469
103.444
102.693
102.442
101.268
100.394
100.774
100.76
99.6176
98.8973
101.411
100.993
102.744
103.427
101.904
100.743
102.141
104.27
102.755
104.229
103.948
105.235
103.169
105.695
105.524
105.713
104.811
105.457
105.547
103.773
107.888
108.602
108.402
108.029
110.289
112.994
114.859
113.435
111.94
113.034
111.448
110.545
111.235
110.51
112.043
110.175
112.659
111.848
110.578
111.443
109.964
110.677
113.28
112.735
109.762
110.033
111.435
109.323
110.055
109.419
108.51
106.127
107.685
106.933
107.485
108.075
108.44
110.187
110.737
112.29
112.524
114.384
116.438
119.515
118.127
119.743
118.977
116.752
118.717
119.715
118.138
118.537
116.128
116.54
119.386
118.568
117.458
118.175
119.531
120.247
120.776
121.672
120.544
119.613
121.801
121.702
122.267
121.726
120.442
122.064
124.217
125.528
124.384
125.07
128.543
130.115
133.281
133.36
132.445
132.694
133.085
133.234
134.2
131.601
130.195
130.964
130.128
130.016
129.175
128.002
127.962
126.405
127.486
125.716
125.004
124.181
124.238
125.361
126.595
128.513
128.797
130.522
131.475
132.582
133.383
131.733
132.983
130.777
128.919
130.341
131.1
136.045
137.149
137.041
138.496
139.423
138.926
141.944
142.855
143.897
144.616
142.136
140.636
140.297
142.868
140.95
143.964
143.554
142.537
141.668
140.807
141.947
139.808
140.757
139.03
136.574
135.957
136.787
133.445
136.587
137.366
136.353
138.212
136.907
135.185
133.858
135.639
136.733
136.809
136.038
138.156
136.815
137.588
139.62
137.231
135.751
134.542
136.797
133.408
130.783
133.503
133.4
131.677
132.376
133.172
133.405
131.695
131.446
131.723
133.026
135.878
136.289
139.446
139.09
139.344
138.718
136.339
137.623
138.621
139.42
139.953
136.065
134.65
132.692
129.759
130.476
133.663
133.582
133.411
134.383
129.841
135.475
137.627
136.448
134.812
131.567
130.423
129.955
129.066
129.059
130.645
130.895
131.388
129.723
130.43
131.136
131.375
131.787
131.367
130.998
130.541
133.85
134.356
132.443
134.38
134.929
132.153
129.815
133.959
136.671
134.347
133.802
134.498
131.862
133.493
133.024
134.292
135.365
136.374
138.204
138.664
137.636
139.523
142.661
145.64
146.221
147.341
149.247
147.903
143.088
141.003
142.206
141.331
147.488
145.965
143.99
141.532
140.413
139.611
138.77
138.665
137.096
137.966
140.054
137.597
136.2
137.707
135.808
133.44
134.8
137.423
140.009
139.743
142.317
144.077
148.243
147.565
145.453
146.032
143.21
147.459
147.988
149.021
151.469
153.127
153.689
153.248
150.988
148.653
150.188
149.329
147.635
149.778
153.909
154.56
