98.8982
99.4719
99.0914
98.6673
99.7549
97.2958
96.0937
97.0302
96.4291
95.4993
96.2126
97.4976
98.2763
97.8879
98.9639
100.736
102.076
101.938
103.245
103.276
103.037
103.713
102.856
103.393
102.499
102.161
101.813
102.954
101.856
102.576
103.838
104.725
104.611
105.262
105.368
104.984
107.149
107.892
107.055
106.724
103.918
104.289
102.54
101.737
101.602
100.73
100.425
98.714
97.3287
96.9034
96.0671
94.8231
95.7187
94.2652
95.1282
95.4907
95.3514
93.3552
93.822
93.9809
95.8168
95.2245
93.9597
92.5059
90.4077
90.1257
89.314
88.8654
88.2945
87.6853
86.5238
87.4764
87.4731
88.1262
88.8526
88.5789
86.8903
88.0798
88.3138
90.1163
92.0925
93.7584
95.447
97.2338
97.7397
99.6137
99.8356
99.5014
99.1968
98.0801
98.4421
99.144
100.231
99.9826
99.0508
99.9208
98.5373
97.7913
99.8838
101.384
103.652
102.239
101.795
99.3059
98.8373
96.1141
95.3282
96.6852
97.9892
98.4576
98.6681
99.7822
98.6898
97.1828
97.22
96.7927
96.6252
96.287
97.3628
97.2021
98.0821
96.6853
95.3172
94.4923
95.8707
97.5802
98.3182
97.3668
96.971
96.3473
96.7739
96.9508
96.6401
97.5345
97.1237
98.8624
97.5461
95.9658
94.8265
96.413
95.1031
93.3421
91.2884
89.3527
92.3923
91.0844
90.4657
90.8571
90.5658
89.8968
91.9368
91.5263
91.7539
89.8769
89.7188
90.4818
91.1054
90.346
90.2824
91.6301
90.0203
89.761
88.5005
89.0532
88.3249
88.2517
89.5513
89.2637
88.5655
89.1183
89.8962
90.3497
89.6272
90.5308
89.6949
89.2765
87.5035
89.2016
88.1823
89.6406
89.1641
87.0605
86.6322
87.2291
87.0543
86.6175
85.5189
85.4744
85.1479
86.8828
86.7584
86.3807
85.7989
86.1503
85.4759
86.6954
85.9215
84.7124
85.9123
85.5441
83.3933
83.9044
83.0122
85.1071
85.7839
84.4069
85.7568
85.2054
84.3895
83.4387
84.1478
83.7242
83.1212
83.7694
82.031
82.2013
81.1834
81.5615
80.7644
77.9414
77.9776
77.7665
77.6128
78.5073
78.4374
78.3661
79.5916
81.6024
81.1247
82.5413
81.807
81.5893
81.2945
81.0271
80.7459
81.7384
79.7679
80.1778
81.2221
81.4
80.5023
81.9738
84.5235
85.2303
85.6031
85.1299
83.8273
85.3857
85.5481
83.563
82.9861
82.4168
81.826
82.8186
82.7189
82.7782
83.0922
82.8603
83.8358
84.7726
84.2429
86.5375
87.1469
84.4394
83.9475
83.8756
82.8787
83.5114
83.5209
83.751
81.5795
79.9324
81.9481
81.364
82.1715
81.7689
79.8106
78.8051
78.0179
77.4809
77.1037
77.6752
78.7788
78.4119
77.9903
78.2357
77.0897
76.8521
78.3557
76.014
77.0917
77.3223
78.5221
78.334
78.7547
77.2452
78.2277
78.4295
78.2338
78.538
78.6615
78.469
76.8378
78.4016
78.956
78.8568
77.225
76.9985
77.6386
77.3332
75.7222
76.7838
77.1549
77.8093
78.3427
77.5505
78.3776
78.2127
77.4741
77.5017
78.9293
79.6311
79.9278
79.5564
78.9798
79.3865
78.268
79.2948
79.6937
81.2625
82.3506
82.601
82.3037
82.1735
82.9879
84.7423
82.1
84.3931
84.3345
83.2649
84.2692
82.6343
83.2255
81.4966
81.7204
82.6482
84.1529
83.8548
83.6917
84.5952
84.6594
85.0904
85.0441
85.0832
85.0663
85.8713
86.8201
84.9006
85.1361
84.8661
84.3015
85.9105
86.6806
87.4393
86.5448
86.2478
84.9668
86.1157
87.5541
86.0752
86.9658
85.8095
87.3841
87.7915
89.7724
90.3083
91.4677
92.4854
92.2605
90.7143
92.8408
92.8011
93.9474
95.698
95.9378
95.9445
94.1733
93.3545
92.9468
92.3881
91.202
90.6893
91.318
90.2503
90.0753
90.9474
91.0037
91.3332
90.8416
90.4904
89.0472
88.6987
90.416
91.2959
93.5114
95.0679
92.9551
93.1198
92.1425
93.3512
92.5287
91.3486
92.5078
93.5409
95.5397
96.8368
95.312
94.5789
94.3253
94.5487
92.5732
89.4839
90.0238
93.0644
93.2538
90.8537
89.824
90.9215
93.0685
95.2485
96.6477
97.0571
97.0782
96.5109
95.9778
96.8173
98.1546
97.5719
98.9816
99.0382
100.621
100.281
100.895
101.319
102.082
100.568
102.719
101.736
104.161
106.301
106.108
107.813
107.757
106.243
105.306
105.144
102.478
103.984
105.747
104.61
102.133
103.577
102.519
100.49
103.184
103.334
102.845
104.523
104.649
108.346
109.282
109.136
108.456
108.438
108.012
107.291
105.68
103.326
102.75
102.347
100.823
99.8453
100.084
99.1135
101.048
104.919
106.364
106.369
107.057
109.072
110.181
108.678
110.279
111.069
110.581
109.682
107.886
106.578
105.808
105.414
103.278
105.792
106.847
104.891
104.668
105.643
107.239
109.684
108.032
107.261
109.01
109.174
109.674
110.251
109.659
110.085
111.833
109.69
109.297
107.53
107.432
108.758
107.285
109.15
109.077
109.222
108.894
107.524
107.7
109.936
109.616
107.946
110.6
112.762
112.554
111.267
109.305
110.581
111.469
111.999
112.05
113.646
115.349
114.193
114.044
111.913
112.663
114.634
114.77
112.65
112.722
113.28
111.893
113.945
114.138
111.839
112.536
111.989
110.626
111.045
112.077
112.139
111.353
109.669
107.81
108.349
107.67
107.823
106.499
108.251
108.216
107.168
108.207
106.146
107.063
107.721
106.039
106.679
103.973
105.479
106.921
106.395
108.898
106.978
108.88
110.36
108.943
107.119
105.781
106.708
106.043
106.04
107.662
106.358
107.645
108.549
107.956
105.481
107.082
106.421
