102.163
101.05
100.948
103.54
103.255
103.074
102.369
100.71
100.841
101.459
100.874
99.7096
99.38
98.1658
98.7371
99.1553
96.5279
94.4827
96.2511
95.0032
96.5382
96.6066
96.5022
96.7941
96.3883
96.1496
96.2265
96.8087
97.9374
97.9792
100.204
99.4826
101.199
101.506
102.794
102.371
102.937
103.037
103.344
101.802
100.238
101.12
101.54
100.706
99.4125
98.993
97.8814
99.4116
99.2555
101
102.332
103.554
103.061
103.022
103.661
104.856
104.195
103.358
103.232
103.856
101.57
100.752
100.035
99.8537
98.2944
95.9935
97.1648
97.1003
97.7527
97.3539
100.097
101.381
101.108
102.237
101.891
101.117
102.372
100.856
98.9325
98.4096
99.7407
99.8645
98.8985
100.587
100.262
100.1
101.397
100.567
101.874
101.054
103.134
104.358
102.018
100.314
101.026
103.17
102.404
103.997
102.307
102.859
103.328
104.282
103.903
105.012
104.283
103.49
105.623
108.523
108.553
111.061
110.803
110.775
112.348
110.287
110.143
110.614
111.468
111.496
111.509
114.957
115.359
117.326
119.633
119.891
120.683
120.057
120.799
120.81
120.478
119.62
115.376
116.158
115.188
112.641
112.753
112.503
111.272
109.468
108.168
108.128
107.244
104.933
105.993
105.972
105.162
107.552
108.486
107.408
108.909
107.854
109.815
109.48
111.701
110.667
107.491
107.862
109.386
108.851
109.335
112.558
114.209
116.723
117.61
116.561
114.504
114.597
115.839
114.335
115.32
115.743
113.619
113.919
114.961
114.179
114.131
114.26
113.422
111.741
111.639
111.692
107.738
107.701
109.832
110.797
111.338
113.571
112.195
113.131
112.879
111.532
111.74
112.426
113.975
115.5
115.426
116.488
115.517
116.524
119.1
117.41
116.712
116.319
115.799
115.752
115.61
116.239
117.186
115.801
114.751
113.696
112.931
111.714
113.947
113.16
111.165
110.107
110.549
109.302
108.141
106.006
106.774
108.4
107.586
109.29
109.421
109.014
108.621
106.843
106.319
106.478
107.981
109.708
108.437
109.669
107.111
107.027
105.986
106.871
106.557
108.002
110.397
112.325
112.455
109.713
110.927
109.874
110.747
110.747
109.131
111.376
111.759
114.464
112.733
111.777
109.441
109.344
106.64
109.175
111.785
112.289
111.295
110.342
111.072
111.884
112.249
113.881
114.035
112.563
112.14
111.107
109.06
108.737
106.508
105.585
109.534
110.692
110.814
111.534
111.295
111.075
110.352
109.417
111.1
110.529
110.429
110.245
110.075
109.584
108.547
108.491
108.658
109.385
108.838
111.07
112.602
110.986
112.467
112.046
109.548
110.094
110.588
110.315
108.454
107.048
107.445
106.636
105.348
107.606
106.852
106.972
108.81
107.224
105.925
107.052
107.667
107.969
108.678
109.699
109.065
111.186
112.258
112.093
112.058
111.556
115.8
116.596
115.781
115.114
112.748
112.886
113.827
111.692
112.513
111.315
112.718
116.12
117.962
115.276
118.185
121.575
122.871
122.918
124.526
125.044
124.789
125.086
127.177
127.856
129.247
130.695
130.21
130.307
130.046
127.415
125.182
124.207
123.699
124.46
126.337
125.267
124.827
125.71
126.648
125.479
127.251
125.381
127.049
128.561
127.318
129.024
129.424
128.387
128.369
128.572
128.099
126.67
124.334
123.857
123.097
121.574
124.158
124.866
125.437
124.051
127.8
125.517
124.097
123.757
123.705
121.651
120.389
119.86
120.455
120.228
121.382
118.906
116.124
113.836
113.039
113.513
116.818
116.922
118.146
118.993
118.645
118.763
116.826
114.685
114.86
112.908
114.69
116.522
116.807
115.802
115.068
115.287
114.289
111.11
112.685
113.572
111.998
111.031
112.451
114.062
116.225
114.68
115.247
116.303
113.831
112.871
112.514
111.08
110.509
109.721
110.706
113.183
113.466
111.497
112.331
112.669
114.292
115.267
111.492
111.505
111.499
112.124
111.984
113.545
114.374
114.921
115.217
116.285
116.215
114.525
114.499
113.764
115.503
114.668
112.624
113.199
112.592
112.923
114.459
116.435
117.881
115.621
115.573
118.153
119.575
117.852
117.861
117.251
116.209
114.628
114.353
114.785
116.412
116.493
115.978
118.37
118.343
117.438
116.597
116.844
118.284
116.583
117.357
118.589
123.214
126.511
129.024
130.643
130.18
129.99
128.243
126.586
125.669
124.584
125.783
123.886
125.643
124.399
123.395
123.291
120.878
122.149
125.703
123.367
123.08
123.327
124.519
122.006
123.536
123.122
119.699
119.726
119.256
119.65
120.17
120.247
122.382
122.182
122.584
122.135
121.666
123.775
125.503
125.933
126.354
127.967
128.366
128.569
127.934
128.55
127.652
127.716
127.909
130.14
129.176
131.275
130.289
132.793
133.42
129.627
132.603
133.537
133.404
133.234
131.221
129.744
129.999
130.211
130.985
129.288
131.757
131.952
130.092
128.732
128.853
128.573
128.618
127.868
126.907
126.804
126.217
127.487
125.678
127.881
128.312
125.525
124.419
126.081
126.108
128.881
129.599
128.176
128.161
126.302
125.87
123.609
121.61
120.838
120.968
117.873
117.126
117.744
118.716
120.933
120.689
120.901
122.734
122.327
121.776
121.831
121.85
122.867
121.502
120.201
121.885
123.758
