99.3887
101.103
101.699
97.5226
96.8558
96.9648
93.7642
93.3623
92.8592
91.2629
90.84
91.7031
91.9749
91.7873
93.0262
91.3445
90.8784
89.0819
90.074
90.3744
91.8223
90.3445
91.3008
92.0273
93.5342
95.0082
96.5132
95.3529
95.1525
95.864
96.303
95.2526
95.4404
95.457
95.6236
93.1977
93.3452
92.7408
91.2974
91.538
92.6936
91.5519
93.5982
93.8403
94.3843
93.6551
93.3626
95.1766
94.4307
94.2348
93.5416
94.3468
93.8733
92.4994
92.5415
93.0369
92.7405
91.8068
91.1878
91.8827
91.3746
92.6566
94.525
96.2404
96.9463
95.5461
95.9178
96.6881
96.2407
96.7905
97.5836
99.9687
101.682
101.237
102.652
105.806
107.295
107.727
105.206
106.992
106.622
108.098
108.878
108.721
108.868
108.614
109.741
111.682
112.708
111.873
111.891
110.341
109.571
111.763
111.767
111.966
111.607
111.88
111.853
111.991
109.753
109.023
110.426
111.565
110.101
109.489
107.924
107.64
108.505
107.567
110.053
111.016
108.404
107.404
107.992
110.02
109.126
107.951
106.825
104.617
106.062
106.44
109.237
111.823
109.597
112.076
111.122
112.965
113.082
116.081
116.685
118.006
118.276
115.661
114.382
113.813
115.321
117.197
116.207
116.199
118.308
118.268
119.371
119.419
120.058
119.362
120.408
118.969
117.885
118.58
118.869
119.552
120.146
122.488
123.567
122.769
126.088
126.594
127.943
127.624
132.192
134.797
135.349
136.782
134.752
134.768
132.423
130.286
130.606
130.181
130.941
130.666
132.798
136.238
138.427
135.975
135.963
136.519
135.583
137.482
138.053
134.555
138.798
136.87
136.029
135.616
137.128
134.413
137.159
137.972
141.937
144.694
140.313
140.805
140.726
137.14
137.438
139.511
138.95
138.969
138.099
138.762
138.438
138.631
143.652
141.6
138.723
137.318
138.337
136.572
134.361
133.387
134.545
134.787
136.051
135.064
139.037
137.329
139.372
138.457
139.584
138.653
139.473
139.144
137.834
137.92
138.359
137.879
137.652
136
133.659
131.607
129.94
127.209
125.056
123.787
125.282
128.938
129.069
131.526
130.558
131.308
130.248
132.188
132.895
132.538
132.067
134.611
133.391
131.37
133.883
135.838
136.94
134.973
135.105
134.295
134.059
136.075
133.698
134.989
133.849
135.555
139.18
141.381
140.765
142.282
141.753
142.217
141.67
140.941
139.656
141.273
139.183
138.389
136.646
135.874
137.867
141.997
141.508
141.144
136.862
138.995
139.309
141.314
142.544
140.507
141.319
143.413
139.578
140.842
140.241
140.302
141.369
142.35
140.023
142.312
143.394
140.957
142.909
144.658
145.433
144.136
144.762
144.236
142.93
140.43
140.199
142.514
143.908
143.941
144.664
143.647
143.601
145.329
143.582
149.588
152.764
153.313
154.951
153.031
155.268
155.977
158.041
160.102
162.236
162.183
164.271
163.026
160.396
160.352
163.919
162.962
161.564
161.156
160.358
159.173
159.271
159.331
159.155
156.93
155.507
156.838
158.431
159.185
158.192
155.182
155.384
152.821
150.44
149.327
149.73
149.66
153.567
154.115
157.113
158.73
157.613
156.889
158.569
154.716
152.98
151.423
150.26
147.685
150.788
151.06
151.622
153.523
156.258
156.467
156.983
162.085
162.312
165.01
164.671
165.091
164.921
162.227
164.015
165.567
169.447
169.033
168.09
169.011
169.263
164.878
164.083
164.455
164.939
166.816
166.868
162.261
162.848
164.677
164.288
163.35
162.095
168.444
162.358
162.842
163.525
163.302
163.405
164.551
163.673
162.085
163.437
164.928
165.425
165.168
165.277
162.002
164.904
163.585
165.952
171.869
170.529
169.796
170.56
171.712
172.749
172.56
172.22
174.002
170.369
169.406
165.261
163.343
164.637
166.97
168.682
168.095
169.546
170.564
170.97
169.366
170.621
171.81
174.978
175.795
178.352
179.726
181.234
179.23
178.532
176.692
177.303
171.809
169.932
172.904
174.731
176.212
173.286
177.097
184.298
184.432
184.228
185.087
182.816
178.255
177.802
176.505
174.913
176.194
179.454
178.168
175.39
175.309
171.744
168.17
168.344
169.174
170.832
171.536
172.457
170.335
166.636
166.39
170.12
169.509
167.873
166.089
163.186
161.841
160.59
158.747
157.824
158.27
159.667
159.079
160.994
161.009
159.269
160.909
159.555
156.095
153.997
154.655
154.864
154.319
151.416
152.669
152.008
153.006
150.578
150.898
150.305
152.018
150.85
149.62
152.181
149.056
146.689
145.038
148.474
150.931
152.086
154.048
152.707
153.912
155.231
156.544
154.099
156.257
159.789
159.177
161.597
161.754
160.832
158.849
159.094
157.299
158.117
157.499
157.397
156.925
157.522
154.397
154.947
158.178
157.914
157.499
157.644
155.184
151.84
153.566
153.673
154.66
152.565
151.343
150.431
150.941
150.265
150.399
150.697
149.203
150.367
151.438
148.451
150.447
148.175
151.365
154.463
152.754
156.179
153.172
152.716
155.233
158.556
159.071
163.94
163.362
164.424
162.069
163.657
165.738
165.742
169.215
166.68
166.559
165.561
162.374
168.352
171.13
174.292
176.116
175.584
178.498
178.995
178.752
178.886
179.959
179.614
176.103
176.458
173.501
174.451
172.788
171.073
171.471
