99.7212
97.7694
98.4418
99.5573
99.4559
99.3107
99.8186
101.811
100.191
99.981
99.5042
99.4746
102.535
101.27
97.0314
98.4171
98.2285
97.974
98.0031
97.4804
99.9834
100.563
102.859
102.549
101.723
101.996
101.355
101.456
99.9915
98.8884
97.6768
95.9523
97.1704
97.0197
97.9145
95.1205
97.51
96.5939
94.5541
94.6556
95.3167
97.2546
98.0765
96.0818
95.9467
97.7649
97.5147
96.6036
95.994
94.5529
94.6655
93.4875
92.5578
93.3588
92.8979
93.5748
95.4572
93.8358
94.0263
94.5664
94.2532
94.4076
95.071
93.5145
93.7199
95.2952
95.8776
97.8434
97.8439
97.5497
97.94
97.3044
98.5461
99.9184
100.543
100.549
101.631
103.217
102.111
102.92
101.523
101.835
98.597
101.432
101.204
100.547
101.91
103.051
103.634
107.337
109.089
105.468
106.021
106.951
107.729
108.046
108.488
109.286
107.628
109.683
110.273
108.145
111.113
111.671
113.377
112.635
112.136
112.849
113.92
112.189
113.775
113.317
113.562
113.26
111.247
113.11
112.672
114.855
115.643
115.42
116.774
117.775
115.92
117.761
117.017
114.091
113.343
115.73
117.513
117.099
117.937
118.092
120.372
121.265
120.101
117.908
119.772
118.835
119.888
118.641
121.183
123.278
123.814
122.733
123.116
123.899
124.88
125.622
126.508
125.736
126.3
125.213
124.345
124.563
123.467
123.654
123.804
121.034
121.471
123.273
123.308
120.761
120.274
120.747
120.117
117.784
116.95
116.966
117.632
118.683
119.149
120.942
122.649
123.178
123.606
123.499
123.201
122.588
121.335
120.11
119.727
117.273
117.49
114.954
115.726
115.279
114.616
115.319
115.452
113.908
114.228
114.373
113.135
114.583
113.818
112.189
112.269
113.991
114.46
111.853
113.112
113.185
114.045
115.143
116.213
116.911
114.252
112.705
110.627
109.699
110.463
111.313
109.858
111.326
112.084
110.182
109.228
108.457
105.515
107.604
110.365
111.128
108.695
105.662
104.092
106.386
107.427
108.34
106.231
105.474
104.2
103.077
103.949
104.692
104.877
103.238
102.774
102.344
101.506
96.0056
96.1379
99.0573
100.239
104.303
102.935
102.919
102.19
102.848
104.125
105.339
105.415
107.827
106.14
106.388
107.487
106.373
106.237
106.675
105.362
104.922
105.242
104.74
105.101
105.087
104.562
104.175
105.853
108.557
108.035
108.368
104.573
104.238
106.287
107.411
107.422
109.229
108.925
109.441
109.863
109.309
110.13
109.942
111.123
109.134
107.763
105.357
105.373
106.403
105.687
103.84
103.073
103.988
102.925
101.839
104.832
103.975
103.603
102.418
104.087
105.398
106.106
105.859
105.51
106.273
105.574
104.538
102.832
101.86
101.735
102.5
101.872
101.026
101
98.1678
97.4716
97.1163
96.4818
98.7857
99.138
98.9878
99.8843
100.793
102.909
105.177
105.25
105.122
103.408
102.436
104.339
105.551
107.743
108.352
108.531
108.127
109.965
110.813
113.248
112.572
112.848
114.703
114.504
113.832
112.91
114.206
112.148
111.266
112.638
113.313
114.766
115.167
116.95
119.791
120.238
119.776
120.932
119.88
120.58
118.136
119.806
120.108
117.701
116.189
117.627
115.698
114.885
117.141
118.363
121.103
120.759
120.25
122.094
120.176
119.089
118.396
118.709
117.283
119.084
117.466
116.902
118.684
116.649
117.016
116.963
114.676
114.224
115.858
114.983
115.546
115.832
115.713
113.833
112.094
113.218
112.559
113.918
112.247
110.627
111.135
109.623
110.336
108.748
107.697
108.08
108.091
107.391
107.06
108.23
109.476
110.536
108.604
106.958
106.734
107.565
107.835
109.567
109.539
109.028
108.72
106.013
106.452
105.408
104.86
104.471
105.861
105.421
106.162
105.909
104.292
105.3
105.116
105.46
107.113
107.362
106.704
105.03
104.644
103.941
102.882
103.82
105.69
103.855
104.94
106.255
106.992
108.017
109.432
107.736
108.526
107.058
107.448
107.632
106.665
107.763
108.492
107.005
108.816
109.734
110.548
112.173
112.754
112.377
113.34
113.839
113.78
116.151
117.734
115.75
114.91
112.818
113.897
114.4
113.28
112.821
112.378
113.206
114.067
116.095
117.215
118.579
120.169
124.207
122.878
121.669
123.33
123.103
127.647
128.083
127.987
126.796
127.528
126.841
128.261
129.523
129.676
130.389
128.201
129.601
128.827
133.516
131.953
131.769
131.591
129.262
128.373
125.775
128.122
128.21
125.46
125.361
123.194
121.208
122.866
123.407
125.22
124.355
124.229
122.748
122.266
123.538
123.32
122.112
122.277
122.175
123.541
124.248
126.489
126.501
129.742
128.265
129.624
129.118
131.147
132.224
131.033
132.907
132.523
134.668
133.141
133.102
132.76
130.575
130.187
129.468
130.164
127.97
127.883
129.901
126.44
124.032
124.789
126.01
125.215
122.917
123.672
124.441
124.521
127.759
127.662
129.03
128.228
128.94
130.049
128.851
125.277
123.421
124.225
123.195
123.292
122.556
121.148
120.898
121.466
121.168
121.622
122.115
121.803
122.515
122.483
123.287
123.427
124.345
125.517
124.778
126.469
124.366
123.436
123.349
124.569
125.586
124.761
125.063
124.357
123.865
125.455
123.092
123.261
122.503
121.871
118.779
117.799
