99.2694
101.188
100.166
99.0492
99.0359
98.7326
97.5019
95.2002
95.6498
95.9272
95.7147
93.6438
95.2102
91.965
91.2178
92.599
93.7853
94.9732
94.743
95.4844
95.0676
95.3226
95.574
97.2296
98.4979
97.2637
97.1133
96.9601
97.8598
100.232
100.577
102.545
101.285
101.733
99.8063
100.093
98.2302
97.0058
96.3849
97.3678
96.09
94.185
92.9287
92.5299
92.7162
91.9129
88.7716
88.3455
88.3889
88.0876
86.9856
87.3696
89.2681
90.5491
89.3434
90.455
92.0549
92.2285
91.5108
90.5657
88.9213
87.8813
87.4627
86.4421
86.5346
86.7932
87.605
86.5517
87.0337
87.2227
86.6355
87.2804
85.7871
85.4592
85.7717
85.5982
85.5574
86.4959
86.2541
86.4817
86.0372
85.1331
83.6432
82.7139
80.9851
81.3461
81.2918
80.3586
79.7519
78.666
81.526
81.7084
81.8906
82.0093
81.6109
81.1413
80.3364
80.152
81.8906
81.85
83.5699
83.8024
83.7312
83.1305
83.0792
83.6372
85.1442
84.7441
83.3079
82.0261
82.2397
82.8641
81.6774
81.9793
82.7067
82.788
83.0751
83.8712
83.8239
85.1788
86.2267
86.6923
87.7638
88.5342
88.8263
89.3264
89.0052
88.592
90.1856
89.4244
88.4004
89.6565
89.676
89.553
90.125
91.0877
92.5588
92.726
92.5184
94.2047
94.8909
96.7301
97.0155
95.6841
95.3001
97.3534
95.1335
96.5152
96.682
94.7414
97.265
96.2429
94.9691
93.2698
93.116
93.2792
93.6133
94.339
93.8312
93.8534
95.1679
94.2045
93.2666
94.6896
94.4181
96.0822
94.2155
92.4496
94.5466
95.2459
93.2287
92.9811
94.939
95.0949
94.3807
95.3529
94.2656
93.3647
93.5474
92.3915
90.8913
89.3642
88.3913
89.4144
89.5273
88.6382
89.8745
92.4363
93.319
91.9479
90.9025
90.5269
90.3154
90.9925
92.9486
92.3561
94.5991
94.5974
94.9022
95.4175
98.3787
99.8751
98.2857
97.5285
99.1657
100.626
98.9327
97.1927
98.4436
99.7293
99.1498
97.1036
97.4502
96.0945
96.8962
96.0373
96.5599
96.2107
92.9141
91.1019
90.7504
88.5131
88.5923
86.6871
86.5822
86.3827
87.0837
87.6263
85.8286
85.4234
84.824
85.8995
85.3755
83.9952
81.7004
80.1573
78.4926
79.2826
80.5105
81.008
81.8976
83.7846
83.6321
83.4982
83.2679
82.4019
84.0643
83.1843
83.9937
83.7181
83.0495
83.1159
83.034
83.5825
83.0013
83.0999
82.476
81.4348
84.0616
83.8879
83.5882
84.3409
84.6242
84.0842
84.995
85.2245
86.0411
84.4308
84.9617
83.6517
83.9163
84.1844
85.3496
87.2651
87.861
88.9932
88.1701
87.2203
87.6801
86.0694
88.567
89.5845
88.7998
87.8793
86.4293
86.7441
86.2691
86.4039
84.5624
84.4115
84.6938
86.7707
86.5962
85.7356
86.3158
86.1175
86.6321
85.9861
85.7408
85.1995
87.4728
86.3388
86.9474
86.7733
88.5015
89.4186
88.2886
89.4489
89.5681
91.1419
91.0339
90.2176
92.6427
95.3198
96.6076
96.6868
94.7579
93.7817
95.5667
95.5977
95.6995
94.8149
96.291
96.4951
97.7415
97.0294
96.2523
95.5178
96.7545
96.5764
96.3331
95.488
95.3519
95.1127
97.5875
97.1363
98.1714
96.9149
96.7803
96.4537
97.701
98.9275
98.3699
97.9892
96.734
97.8607
98.4734
97.6938
98.168
97.8415
96.0604
94.8618
96.5185
96.6672
94.4418
92.8055
92.0223
91.4216
91.3165
90.9216
89.6107
91.0905
90.892
90.401
91.7912
90.4516
89.6044
89.4857
91.3946
91.8067
91.1045
91.8057
93.2679
93.5996
92.6958
92.4049
93.9637
94.2907
95.9197
99.1435
100.566
101.496
99.4574
99.8132
100.501
102.181
102.013
99.8611
99.2231
99.7561
97.9508
96.9574
97.4679
95.87
98.8743
101.531
100.73
99.5242
100.043
99.4039
99.7399
99.8519
99.1878
101.655
100.945
97.8137
98.5947
98.2757
97.2501
98.3898
97.8344
98.0493
96.3465
97.6736
96.1338
95.1162
94.8485
96.2122
97.8559
99.1238
101.032
100.601
101.404
102.016
103.043
102.446
101.413
100.405
99.9051
102.142
102.488
101.773
103.363
103.663
103.703
102.475
102.553
100.387
97.6911
97.4453
98.6201
99.4981
98.2158
97.3395
98.7932
98.664
98.4342
100.108
99.7391
100.306
101.13
100.483
101.845
103.348
104.583
106.028
104.179
105.552
104.209
104.919
107.004
106.831
106.896
105.455
106.427
107.616
108.784
109.236
110.107
107.368
106.109
104.519
107.051
108.414
109.643
109.229
109.861
106.833
105.425
103.497
104.981
104.096
104.289
105.462
103.91
104.816
102.94
102.132
100.303
101.349
102.033
103.051
102.151
103.649
102.55
100.207
99.4166
99.4997
97.4301
96.4338
98.5678
99.2659
99.1423
97.9963
99.154
97.5521
96.2935
94.737
93.5347
93.4944
94.9039
94.9941
96.7946
96.2761
95.4611
95.3118
94.8299
94.9267
95.1356
94.8181
94.265
93.9293
92.7693
91.824
92.7777
91.2785
90.5644
89.6043
90.8938
89.4561
89.7327
91.3521
89.6495
89.8009
90.4952
89.6438
88.5984
89.3531
89.3359
88.1879
88.2181
88.0049
86.9316
87.4741
85.5297
85.0615
85.9679
85.969
87.5372
88.7505
88.7172
88.6773
90.0059
89.8804
91.0598
91.0323
89.6467
92.3781
92.9652
93.3553
94.3965
93.3639
92.8086
94.0069
95.16
94.4163
94.3192
93.1346
92.5043
92.82
91.9523
92.3889
92.0375
93.4385
91.6586
92.235
91.8393
89.0052
90.3693
90.9613
91.48
91.6833
92.0847
91.1566
88.9268
87.2759
86.0606
86.129
87.2575
89.0794
89.5871
88.1128
86.6536
87.202
85.5014
85.1772
85.5682
85.3868
86.2197
85.361
