100.449
99.517
99.3312
99.5246
101.125
102.567
101.99
100.446
98.9167
101.323
101.81
102.705
104.469
106.494
107.946
108.947
109.614
110.959
107.45
106.514
105.637
105.891
104.431
105.972
106.011
106.23
105.596
106.516
106.858
108.165
106.229
104.661
103.175
103.378
103.826
106.85
107.42
107.216
107.083
108.013
107.14
106.727
106.366
104.1
106.107
106.715
106.98
106.076
106.985
108.314
107.457
106.548
107.708
107.796
109.362
107.549
109.613
109.914
112.073
112.818
114.669
114.87
111.502
111.242
110.888
109.099
105.512
105.277
105.151
105.34
106.192
106.199
106.982
106.149
106.182
105.502
104.57
104.927
103.96
102.268
103.942
104.797
104.068
102.089
102.289
102.042
101.296
101.013
99.6473
100.156
98.552
99.5234
100.168
101
102.163
102.576
100.406
101.655
102.348
100.25
101.766
101.406
101.608
100.49
100.902
100.905
99.2165
101.68
99.5736
100.381
101.572
101.143
99.7655
101.602
101.834
102.663
102.07
100.755
100.264
101.454
103.341
101.138
100.479
99.5277
98.5547
98.4764
98.9878
101.408
102.671
103.435
103.787
105.156
103.297
102.249
102.747
103.306
102.385
100.604
100.195
101.702
102.726
102.607
103.131
103.675
102.888
101.963
101.948
102.851
101.557
101.211
101.6
100.271
101.409
102.04
103.751
103.838
102.852
102.528
98.053
97.9204
97.8766
99.8465
98.8016
99.3357
101.101
100.433
99.7311
99.762
100.078
102.144
100.714
101.319
101.709
100.755
100.453
100.208
101.154
101.814
102.116
105.862
107.25
106.958
104.893
103.057
102.794
100.642
99.7473
100.472
99.7657
99.1846
99.4325
99.8616
99.8945
99.8536
98.8144
97.9962
97.9152
99.0177
98.154
96.4322
96.9969
95.8291
95.3053
94.4086
93.5045
95.0362
92.0943
92.6206
93.1395
95.6253
94.8349
96.7516
100.314
97.9652
98.0767
98.31
98.2998
99.9161
100.832
98.6379
99.2907
99.9135
102.259
103.148
102.896
101.912
101.55
99.444
97.4166
94.9421
95.4681
96.7
98.5088
98.7027
97.9093
97.4513
96.9842
96.4566
95.1535
94.9317
94.5595
94.3185
95.198
96.1549
96.3851
93.4397
92.9241
90.4515
93.1319
91.6256
91.8164
91.1794
90.945
91.7735
89.8295
91.4809
91.1876
89.6129
88.9516
88.6911
87.9689
86.7142
86.4979
85.5949
87.3823
86.4438
85.7163
85.2617
87.0206
86.3883
86.1218
84.4197
84.9431
83.5993
84.6597
84.5601
84.9164
83.714
82.2981
82.7298
84.2878
86.3978
86.0754
86.3013
86.3662
87.7133
87.2598
84.8647
85.7648
86.8008
87.2171
88.0586
87.6359
86.4684
85.676
85.9844
87.1139
87.2388
88.4793
89.5693
90.9645
90.1343
90.1282
90.7581
88.5703
87.9162
87.7026
86.6681
85.9939
85.6267
85.1429
83.8881
84.0499
85.0264
85.3172
85.16
84.4499
84.436
85.1408
83.5746
82.4822
82.2499
84.4582
82.7178
83.0941
83.3761
82.6364
81.9594
83.2444
81.3213
80.7119
80.935
80.3761
80.9539
80.8516
79.4486
80.0828
79.0206
77.953
77.2416
78.2037
78.9118
81.0127
80.5057
79.8751
80.65
81.5428
80.6324
79.1848
80.259
80.0556
80.661
79.4519
79.6585
78.9007
78.5189
77.4325
78.9172
79.2476
78.916
78.8955
76.8076
76.6487
76.1761
76.7465
77.2145
78.4246
79.8711
78.5093
76.79
76.6022
77.1592
76.5646
75.3109
74.5438
74.5674
75.0935
74.7201
74.2383
73.9291
75.1724
74.8205
74.5403
73.5724
73.6588
73.942
74.4633
75.4985
77.0092
76.5837
77.4186
78.0045
78.5468
79.325
78.5043
79.5385
78.2861
79.7078
77.5041
75.7716
76.9629
77.1567
77.8181
77.8132
78.113
76.8968
76.2455
79.5808
80.3648
82.18
82.2658
81.2176
81.7288
81.3917
81.0754
82.045
83.0631
82.9845
84.0155
84.7053
85.2723
85.6085
86.2398
88.408
89.833
87.8091
87.0021
85.9449
86.469
86.541
85.9459
85.1154
84.0779
84.355
82.616
83.2739
82.8177
83.7489
83.9568
84.3519
82.17
81.7812
82.4098
81.2964
81.8611
82.2647
82.6024
83.3858
83.667
82.2847
82.4017
82.0897
81.2901
79.6774
79.4786
77.8837
76.0551
77.3136
77.2575
78.2772
78.7082
78.5552
79.0599
79.3688
77.7012
76.3747
78.1055
78.6226
78.3649
79.8863
78.7837
78.7008
78.1256
78.0664
80.0212
78.4073
77.7796
77.8032
79.0304
80.4701
80.5845
81.578
81.3807
82.0641
80.1135
79.3516
79.2379
80.1182
78.6216
77.0537
76.7919
76.4931
75.1871
75.0587
75.1904
73.3969
74.3361
72.8238
72.8832
73.4547
73.2362
71.295
71.3462
72.1442
72.3825
72.3386
74.1339
72.3104
71.7453
71.5253
70.6779
71.1226
70.1794
72.5024
73.1239
74.0798
73.5097
74.0266
73.3222
72.3646
71.6023
70.8161
68.423
68.4448
66.936
68.7264
68.5336
69.7622
68.4721
68.1227
69.0901
69.107
69.8964
71.0165
70.8517
70.7955
70.0848
69.9448
71.7192
70.2259
69.6779
69.9996
69.3933
69.3759
66.9964
66.8099
67.8697
68.5036
69.6112
71.5131
70.8226
71.4742
72.0987
73.4455
74.7871
75.4818
75.4981
74.843
74.5851
74.7003
76.8033
77.5796
78.7952
78.359
80.8848
80.5984
80.2735
80.1392
79.4867
80.5271
80.7537
81.6541
80.5512
79.2527
81.1633
80.4175
80.6451
80.1774
80.1416
79.8808
81.0437
80.9249
80.1193
81.7231
80.5143
79.4711
79.7113
79.4029
79.6729
78.7147
79.6382
79.212
78.5433
77.9666
77.3901
77.8774
77.8736
79.3601
77.3551
76.8628
