101.328
102.434
101.886
104.032
102.632
101.575
102.088
101.521
102.105
102.955
103.096
104.595
107.463
108.703
107.281
107.633
106.9
106.786
105.9
104.581
104.983
104.463
105.403
105.152
105.468
105.302
106.113
106.011
105.758
106.344
106.536
108.09
108.58
108.38
107.049
107.159
108.683
110.681
112.061
111.911
112.228
116.426
117.487
117.435
116.502
117.319
118.747
118.506
120.012
118.559
116.685
115.915
115.355
114.148
112.96
113.358
113.776
111.935
110.12
110.806
111.387
113.619
112.602
110.827
110.78
109.856
111.517
111.489
111.247
111.361
111.084
110.739
110.013
111.812
112.006
110.838
110.907
112.669
112.51
111.784
112.918
110.01
110.62
110.344
107.788
106.775
108.863
109.209
107.61
105.968
105.189
102.359
100.618
99.3605
98.6989
98.1328
95.8566
95.1379
94.1507
95.7557
95.4363
95.4443
95.3641
95.5709
97.3852
98.5835
97.0247
98.4546
99.141
98.1957
99.4338
99.6345
99.0776
101.128
98.8859
99.462
101.293
99.7198
100.277
98.6922
98.8345
99.344
98.9798
98.4432
98.2064
96.6395
97.0263
99.0498
101.971
101.585
100.815
101.36
101.301
99.7023
101.203
100.089
100.119
99.9037
99.3746
99.6608
100.888
100.561
99.8746
97.2347
97.5783
97.8328
96.1616
95.6335
97.3166
96.834
97.1846
95.5253
94.9368
94.7119
92.7531
92.6787
95.1238
94.9316
95.2274
94.3698
93.6255
92.9955
93.1899
92.8298
93.179
92.0474
92.9022
91.7176
91.0027
92.3508
91.8384
93.0214
92.4315
92.5192
94.3155
92.8505
91.7774
93.9274
96.2002
95.0235
95.5082
95.5032
95.3091
95.6073
96.983
97.1936
97.0379
98.0236
96.6278
95.1069
93.5655
92.4828
93.7889
95.6567
95.9178
97.6552
96.7132
97.0065
94.7972
95.8239
96.4379
96.874
96.8995
98.0652
99.3492
99.4982
98.3376
98.4701
99.2857
99.7562
97.9779
97.2837
97.0194
98.6759
98.3106
98.166
97.2835
98.4025
98.5073
99.8703
101.307
101.964
102.205
100.828
100.634
99.6576
98.0289
96.4545
97.6946
96.9449
97.6309
99.5464
100.802
100.176
101.486
102.967
102.511
102.546
102.735
104.317
103.265
104.276
103.769
106.358
106.605
104.927
104.216
102.783
102.339
101.382
101.316
102.893
101.643
102.763
102.006
102.232
99.9393
99.6785
100.269
100.355
96.981
96.5586
96.7895
97.3431
99.252
100.211
100.222
98.2485
98.504
99.2384
98.2423
98.3519
98.1459
97.6359
99.2563
98.6341
100.228
101.784
100.137
98.303
99.2904
99.5806
98.068
97.7556
96.5558
97.5616
97.5336
96.285
94.6645
92.6959
94.5148
97.7992
96.5925
95.9659
95.8106
94.6032
95.8031
95.4356
95.6859
95.1463
94.3724
97.4365
99.0923
98.006
96.3552
96.2955
96.6889
98.1242
95.9887
94.631
97.5939
97.352
98.7368
97.2058
96.631
95.64
95.3412
95.5378
94.4203
92.2695
91.777
91.1532
91.791
91.324
91.3184
92.9521
93.0419
93.8681
94.5277
94.3658
93.3435
94.1362
91.5078
90.8178
91.9467
92.4528
93.1246
94.4772
93.6886
93.7933
93.0047
94.0209
93.2076
94.8951
92.5441
90.8548
91.219
89.5114
89.2275
89.2433
88.3876
89.0189
88.3447
87.0874
87.5398
88.2471
89.0951
89.1711
88.4389
89.779
88.3376
88.2683
87.8086
87.6945
87.542
85.9092
84.8206
85.124
87.3912
88.0069
89.2735
88.6444
88.1214
88.094
88.978
89.7085
88.765
89.1696
90.3122
91.9595
92.0149
92.6321
90.4095
89.5921
88.9262
87.8328
87.2725
90.9766
90.4118
92.0221
91.3976
90.297
91.7151
90.9117
92.1016
92.1533
93.1011
93.7891
95.5823
96.5632
94.2035
96.8476
96.9998
97.6102
96.6142
96.0155
95.5705
97.1623
97.5241
98.8169
98.5484
98.6731
98.4922
98.5385
99.2417
100.368
98.3034
97.9735
96.9967
96.0382
96.2342
96.733
99.3665
98.6904
99.5228
98.6262
100.291
99.2348
97.823
98.716
99.3877
99.3126
99.9797
99.9359
99.094
99.0819
97.6599
98.757
98.484
100.598
103.024
105.102
104.85
104.591
103.779
104.033
103.839
103.279
102.779
103.574
104.516
108.488
110.408
108.029
110.919
108.475
107.999
105.922
105.211
106.706
109.585
109.661
110.266
109.109
108.92
109.2
106.93
105.721
105.249
103.64
104.444
106.132
105.115
104.261
103.376
103.408
102.181
102.243
102.839
103.94
101.151
99.3746
100.46
101.761
100.911
98.6215
97.5338
96.6144
95.6347
97.11
96.8368
96.4265
95.9205
94.6661
94.2643
92.3961
93.7237
94.9259
96.5672
95.8616
94.9026
92.7417
92.7179
91.936
91.52
90.5196
91.4897
89.9369
90.7792
91.3081
92.2516
92.6209
91.8979
90.9107
90.1539
91.0076
91.7695
89.9989
89.6289
89.9648
90.1594
89.8395
89.6421
89.3219
89.5848
88.9513
89.9722
89.5147
89.987
90.6392
91.2385
92.6192
91.1955
90.772
90.8881
91.9265
91.2295
89.089
89.8418
91.8138
90.6368
91.8251
90.8754
89.9869
90.0394
90.9256
92.6083
91.3221
93.5941
93.6945
93.1966
93.6498
94.8515
95.6085
94.4568
95.349
96.9164
99.9104
98.9101
96.0296
96.0171
92.8828
93.1321
94.0567
93.8382
95.2915
93.5911
93.945
96.1071
96.4804
94.6501
94.6043
94.6954
94.9233
95.3773
93.5973
94.5836
94.8904
95.2684
95.8563
94.0067
95.2348
95.4799
96.1235
96.2787
97.6319
98.587
98.466
97.5332
95.6534
95.2958
96.0096
97.7009
98.0043
95.9746
95.0874
94.826
95.9216
95.7822
97.5822
