98.6636
100.578
100.025
98.8797
98.1746
98.2787
97.773
97.102
95.6813
94.824
96.4538
95.7541
94.9452
95.6207
95.473
95.6158
94.5119
92.576
91.0556
90.2673
90.9732
90.2932
90.2942
90.7804
92.1728
93.0581
94.9987
93.723
93.808
91.9924
91.4469
90.0438
89.7941
89.7681
90.2165
91.2675
91.1616
90.0017
89.3124
89.6824
88.8461
88.6877
92.2046
92.9906
92.8924
94.2595
93.0475
92.7562
92.6685
93.7531
92.8586
94.0811
93.008
94.2671
95.5836
95.9386
95.3109
93.8006
92.0133
92.0425
91.9498
91.8302
92.9357
93.1798
93.0029
93.7548
94.2189
93.4562
94.4459
93.2433
92.1982
93.366
94.8992
94.464
96.3175
96.6688
96.7622
97.7583
94.871
94.0389
94.4178
92.9766
94.3075
94.9123
95.6543
94.5398
93.7723
92.6039
92.3986
93.3352
90.8407
90.8618
90.8169
91.7785
90.3414
90.8775
91.4512
89.9838
87.7527
87.8768
90.8372
93.8139
93.8793
92.6277
92.5637
91.0024
90.5266
91.6467
92.934
92.311
91.7275
91.0847
91.1905
91.0935
89.9746
92.0229
91.7555
89.9671
89.791
90.4184
90.3959
90.6647
90.7645
90.2872
88.6364
87.9758
87.4482
86.3957
84.7072
84.4853
83.6727
85.1432
83.2918
83.4956
83.7209
84.5551
83.4686
82.0326
80.6783
80.3519
81.5969
82.4475
82.4181
82.599
82.5638
82.9019
82.8953
82.4404
82.9065
83.3913
82.5873
83.8597
84.8363
86.6271
87.0415
85.0474
83.7184
83.1099
84.8008
84.0526
82.2053
81.4039
81.5495
81.4543
80.5334
80.5738
80.6877
80.3482
83.343
83.4388
82.7083
82.1499
82.9812
83.163
82.9985
83.2797
84.02
83.3691
82.9683
83.0475
83.26
83.8314
82.3902
81.6045
80.8236
80.7261
80.7559
81.513
83.2178
83.0289
83.2122
84.6801
83.6819
84.8869
87.2524
86.4293
87.7337
86.3379
88.0958
87.9931
87.6725
85.4826
84.4304
83.6986
82.1342
81.3381
81.4826
80.6072
81.3734
79.8391
79.4952
77.3118
77.0167
77.0981
77.3525
76.5398
76.2454
74.8584
74.3593
74.4331
73.2646
73.0486
71.7357
71.4712
70.428
70.522
69.0773
69.2327
69.0978
69.7609
69.8839
70.1784
70.6815
71.0615
72.5254
73.9073
74.9057
72.7173
72.4212
73.482
74.9921
75.7213
76.4763
73.9276
74.6474
72.9956
74.2729
75.1867
75.2482
74.8323
75.7383
76.7326
75.404
75.485
74.6446
73.4022
73.934
72.4809
73.9101
73.875
74.3312
74.0701
73.994
76.4717
74.6356
74.6135
74.014
73.6682
73.5525
74.7526
74.7069
75.0519
76.0247
77.4445
77.9833
77.1526
77.8278
76.7266
77.0072
76.0634
75.827
73.8374
72.7056
73.9274
75.101
75.0008
75.5633
75.1931
75.2394
75.0405
75.6266
75.2038
74.7859
76.2455
76.1374
77.1243
79.151
78.2298
79.6377
79.9523
80.5583
78.7871
77.8237
77.2853
76.2882
76.7764
76.0216
76.3037
77.2644
77.0755
76.8345
75.2482
75.482
75.441
76.0321
73.7679
72.1867
71.8726
71.9954
71.0176
70.5787
69.9459
68.3699
68.3665
69.2116
66.7445
64.9071
64.4828
63.9736
64.3026
64.2661
63.6037
63.245
63.9778
63.4533
64.7318
63.2353
63.4083
63.7526
63.0105
62.7055
64.0146
63.2367
64.4044
64.2297
63.3068
63.7485
63.0471
62.7489
62.536
62.4267
63.513
64.1916
64.6145
62.8976
64.0638
65.1057
65.3162
64.7531
63.5495
64.5776
64.5754
65.0713
65.6709
67.7617
67.0079
66.6225
65.9192
65.8835
65.333
63.3148
62.7838
62.4224
62.242
62.5572
60.9183
61.7571
61.4299
61.3733
61.247
62.46
62.9003
62.166
61.3909
62.1805
61.6328
61.5646
61.1129
61.2272
61.451
61.653
61.7141
62.0711
62.7377
63.1675
62.8951
63.7976
63.7146
64.3134
63.7424
63.1899
61.8113
61.0425
61.2627
60.8441
61.135
61.6411
61.3705
61.8315
61.8627
62.2371
61.9434
62.2875
62.219
60.6401
59.2417
59.9334
60.3833
61.2689
62.3369
62.0348
62.3122
61.861
61.9772
60.8287
60.5205
60.398
61.1722
60.3933
61.06
60.8375
60.9252
61.665
61.2404
61.2988
60.9784
60.6331
60.8161
61.5769
59.4654
60.8165
60.5564
60.069
59.9516
59.664
59.8175
59.5982
60.4233
59.8575
60.2453
60.5257
62.7257
63.0391
62.4595
63.2703
63.175
63.7746
63.1128
64.6559
64.8541
66.2412
65.941
66.1973
66.6098
65.8535
65.7563
65.8963
65.4494
65.3929
65.0875
65.6385
64.9075
65.889
67.5127
67.9595
67.634
69.1528
69.402
67.9004
68.43
67.4614
68.3488
67.2707
67.481
66.2087
65.3371
65.7584
65.3678
65.4838
64.7428
65.1714
65.0153
65.5534
65.1083
64.4039
63.7072
64.095
62.732
62.7385
62.9052
63.6161
64.0703
62.5594
63.2773
61.7331
61.1105
61.1975
62.1311
61.2352
60.0195
60.0288
60.7568
60.1217
59.9492
60.6104
60.1291
59.5837
59.4654
59.9182
60.224
61.768
62.8408
63.3509
63.997
65.1741
65.0919
65.8396
66.2739
66.1082
66.606
66.1046
66.0472
65.9709
64.3899
64.588
63.3426
63.7361
65.3255
65.1758
66.6484
66.9599
66.6509
68.8296
68.0208
66.9391
67.8511
67.2112
68.0838
68.6967
69.3104
69.1494
68.8074
68.2613
68.0627
69.0184
67.8112
67.4782
68.3078
68.8477
70.681
69.4032
67.8075
68.4385
66.9317
68.6428
67.5258
68.1166
67.8503
68.0819
68.6064
69.336
69.4719
69.5474
69.8961
68.76
67.761
69.4819
69.339
69.235
67.9925
69.3996
69.6438
69.2537
68.5661
69.9904
70.4585
70.0911
69.6718
70.4828
71.2615
71.0928
70.5324
70.4846
71.3751
70.0025
68.9928
69.1414
66.9022
66.7125
66.0416
