102.693
106.404
105.734
107.695
108.288
107.816
108.799
108.622
108.263
108.814
108.469
108.33
106.208
104.759
104.579
105.552
108.449
108.406
107.919
109.186
108.802
107.313
107.318
108.924
107.395
106.779
106.754
105.513
106.14
104.796
105.918
107.442
107.933
105.59
104.464
103.683
102.489
102.008
102.772
103.045
100.945
100.606
102.071
101.195
100.934
103.271
102.653
101.575
99.6042
98.2307
98.1377
98.4598
98.42
99.8486
102.437
102.628
103.292
103.276
104.702
105.857
106.029
104.511
106.591
108.655
108.128
109.575
108.114
106.587
106.819
104.987
101.6
102.229
102.073
101.688
101.049
100.694
101.236
102.765
102.394
102.273
103.557
103.043
102.426
104.021
103.325
102.949
102.234
104.353
103.981
105.399
108.479
108.514
108.622
110.49
109.349
110.422
107.139
109.094
108.97
103.863
105.748
103.884
103.487
103.821
105.18
106.202
104.109
104.287
105.388
104.59
103.995
100.5
101.672
100.609
98.4147
95.6283
95.1896
94.9594
96.1499
97.4892
98.0552
97.0918
96.7637
95.194
95.1007
94.3375
93.1537
91.9293
90.7963
88.8889
88.164
90.6366
89.5891
88.5704
87.5282
86.9182
87.2227
86.8268
88.8556
87.803
87.0284
87.2649
87.081
85.4002
87.0525
86.6105
86.4232
87.5268
88.2308
88.7016
89.0792
90.0045
91.0047
91.3792
91.963
94.1415
94.2845
95.6127
97.8915
97.9745
97.0987
96.8673
98.1825
99.0071
99.2331
99.339
99.6604
97.2974
97.161
97.5161
95.0448
93.3858
94.2077
95.1761
93.9388
92.1822
91.4214
94.1195
95.1857
95.1362
92.8921
96.3545
96.1057
96.7132
97.123
94.5965
96.069
95.8107
96.251
95.6472
97.145
95.7616
94.1037
92.5111
94.123
93.9443
94.7334
95.5808
95.909
94.5804
95.6732
95.9027
97.4381
98.2354
97.8293
98.8898
98.8205
97.5324
98.651
98.7422
98.0099
96.7966
99.6035
98.8688
100.815
99.8288
99.3528
99.2311
100.653
99.3882
97.5594
100.1
101.107
101.071
101.739
100.71
100.4
98.5336
100.321
99.6431
100.392
100.021
104.2
105.211
105.849
106.249
105.149
105.479
104.076
104.386
104.244
103.856
104.101
104.198
102.172
99.9809
101.282
102.586
103.227
102.363
102.585
104.396
102.376
103.725
101.753
102.58
102.367
101.913
102.106
101.721
101.286
100.982
100.822
99.4904
100.065
101.865
100.197
100.099
100.191
99.9205
99.9863
98.5154
97.8187
96.8455
96.2418
95.4322
95.5429
94.6172
96.1705
96.1609
95.4436
93.7803
92.2881
91.8515
91.9829
94.6062
94.2073
92.519
92.8418
91.7484
89.034
90.4439
90.4524
89.7908
90.6447
89.0187
87.9807
88.1025
86.3159
87.7857
88.2261
88.2415
87.5708
87.5227
87.147
87.8433
87.9264
87.8481
88.5208
88.803
88.0631
88.6941
88.0375
88.5418
89.4993
91.3305
92.7157
92.8692
91.9876
92.3466
92.4503
91.5829
89.0641
89.8484
89.4242
89.1726
89.6582
91.4557
91.0225
91.5815
92.7967
92.5233
92.6344
93.1541
94.4875
95.5471
97.6921
98.7996
97.3541
97.121
97.5795
97.5443
97.3366
99.1526
98.5884
96.2742
96.6268
95.8957
96.8593
96.069
96.963
97.2739
96.7098
98.192
98.4497
97.3852
97.6946
96.3883
96.3732
98.5556
97.9348
97.9648
97.2811
96.3031
96.9403
96.5797
97.0869
94.3195
93.9933
93.5686
95.2788
94.1802
93.7998
91.0632
91.07
90.4876
89.9571
89.0685
90.8216
91.801
91.6645
90.9399
91.8785
92.8728
93.6911
93.7929
94.318
94.8998
95.9945
94.5005
93.7
94.4983
94.6341
95.0395
95.5613
96.748
96.9907
98.2495
97.9329
98.349
98.3297
99.4091
97.5949
97.6988
97.1626
96.0273
97.1225
97.0542
96.3234
95.8596
94.0991
94.7031
95.5408
94.8653
95.4758
94.3695
93.9787
93.8053
93.8162
94.5812
96.4462
94.7704
94.4425
95.7164
95.9034
96.2823
97.789
97.7648
97.8657
97.8501
95.7997
93.3824
94.7272
96.5853
97.7509
98.5374
101.941
102.925
100.905
101.447
101.525
100.594
101.548
99.7406
100.046
99.3379
100.508
100.955
100.623
100.626
101.017
101.243
101.281
100.615
99.6537
98.441
99.1939
100.22
100.98
100.34
98.9152
97.9032
96.4721
96.1193
96.8634
98.3542
97.5511
94.8158
95.1698
94.9535
94.2769
95.4718
94.9159
95.6133
95.9432
97.6079
97.9836
94.9467
93.4125
93.934
95.0241
96.1613
95.1774
94.1445
94.2299
94.0176
95.3171
94.2152
95.3449
93.544
94.5715
94.1218
95.084
93.4283
94.5221
94.9483
96.5753
95.6261
95.9012
95.7757
96.1584
96.3829
96.0096
95.753
97.2645
98.9154
98.4346
98.5087
98.4192
98.1441
99.0695
98.8614
99.6481
98.2594
101.016
100.742
100.247
100.071
100.145
98.8896
98.614
98.727
99.8069
99.8545
98.8871
98.5652
98.9796
96.3271
94.902
92.9649
92.9146
93.0034
91.6747
91.2092
88.077
89.376
91.7556
90.8597
90.7879
91.1101
92.0171
91.5605
91.5933
92.203
94.5832
93.2052
92.549
89.4628
89.1003
90.5286
92.7828
92.6515
90.8616
91.9725
93.2186
93.963
95.6324
96.6076
96.9073
98.5238
97.2098
96.3613
96.8842
96.5435
98.1863
95.9257
96.5694
99.0691
99.4576
100.485
100.872
100.814
102.05
99.8596
98.8353
99.4795
100.431
99.0196
99.6887
100.234
102.033
101.412
100.592
99.6335
98.5831
99.5647
100.349
101.332
98.7456
99.3933
98.0977
98.5622
97.4003
98.136
98.4968
98.8936
98.631
100.337
100.503
101.238
