98.3665
98.4861
98.9252
98.4925
98.0979
97.8285
98.7526
96.6423
96.2793
94.8363
95.6182
95.262
97.0846
98.4075
96.8553
97.3467
97.7754
99.8053
100.692
101.173
100.612
100.394
100.01
99.703
98.6689
97.474
98.0009
97.0949
97.9834
98.5122
99.5203
100.621
99.9024
100.248
101.908
101.473
99.4847
98.5807
96.3452
95.8055
97.5025
97.7954
98.4435
97.8966
97.8133
98.5546
100.446
99.7362
97.5207
96.6232
96.0035
95.842
95.2208
95.9821
96.1131
97.7522
98.8672
98.9989
98.6633
96.5666
97.9068
97.5705
96.5195
95.7262
96.9788
95.5731
95.6083
93.5808
92.8432
93.9358
94.8475
95.803
95.4994
94.584
94.9373
93.0222
93.5728
93.0839
93.9343
96.8395
95.9447
95.3212
94.7776
93.7608
94.0478
93.3309
93.2258
94.0291
95.165
92.9796
93.7629
93.8573
95.2833
95.3647
95.4732
96.9045
99.9028
101.269
99.682
98.7606
99.0137
98.8536
96.3748
96.5613
98.8319
97.7595
99.0567
98.987
97.9321
98.4801
99.5238
99.7665
100.467
99.3655
99.6684
99.5445
97.5076
97.0936
93.7143
95.4845
96.0429
96.249
97.4634
97.1206
100.891
99.2766
102.31
101.512
102.344
103.951
103.261
102.947
103.753
103.722
104.536
103.593
103.753
102.372
101.71
101.177
99.9364
99.3224
97.1729
97.3241
97.4732
96.1409
96.9226
98.7636
97.1564
98.1449
97.1676
95.5599
95.9699
95.483
95.3392
95.39
96.4162
97.5321
95.9685
96.1906
95.7588
96.5343
97.4816
97.2072
97.5938
98.8592
102.478
103.709
103.621
103.601
104.256
103.545
103.966
104.979
105.595
107.584
106.489
105.427
105.032
104.78
106.227
106.388
107.441
108.168
106.977
108.62
108.856
109.381
109.353
108.104
108.521
108.921
105.998
106.647
105.985
107.515
105.017
104.992
103.372
102.67
101.476
100.727
101.918
99.9914
100.387
100.516
98.7237
97.7698
98.6593
97.559
97.9049
98.5706
96.6747
96.6338
95.003
95.435
95.9621
95.3043
96.6117
97.8676
96.6083
97.5211
97.2519
94.4257
94.6816
96.2265
96.5417
96.7421
96.2948
94.0754
94.3557
95.4412
94.4402
94.7314
95.601
96.2127
97.078
97.4573
98.1296
98.5225
99.7772
100.023
98.873
99.2936
101.02
101.251
102.6
103.532
102.023
101.36
101.539
101.565
100.794
102.228
101.165
100.699
100.325
101.002
100.242
97.9555
95.8834
97.7586
96.6091
96.0487
95.1004
95.0015
94.7034
97.7001
96.2117
94.6026
95.4832
93.7218
92.4749
94.0003
93.9368
92.0885
93.2914
93.8884
94.6182
94.6507
93.6001
94.0852
93.6226
93.3301
93.4523
94.0334
91.9468
92.5266
92.2018
93.364
94.7807
93.2676
92.7488
93.082
93.1417
92.6049
92.6168
91.5614
92.2599
93.3085
92.038
91.9132
90.9633
90.3807
89.1315
89.7559
89.8212
90.4137
90.2582
88.4219
87.6343
87.3335
87.2934
85.5136
85.0134
84.4737
85.153
84.7621
84.6312
86.3704
85.4348
84.1273
84.0596
83.9598
83.5762
84.5801
84.844
83.1673
84.1433
84.2463
82.2563
81.5237
83.5233
83.3753
84.4052
84.4622
86.2362
87.0603
84.8583
84.3305
83.9711
83.7527
83.3186
83.8989
83.7073
84.5009
83.8259
84.4131
84.3124
84.5376
85.7905
84.8975
85.6447
86.5709
88.0271
89.7554
89.4533
90.8232
90.4855
90.5255
87.8987
87.3578
87.3799
86.8643
87.12
87.0046
86.2818
84.1035
84.1649
84.9817
85.8634
86.1879
86.1588
86.5257
88.382
89.415
89.3181
89.4137
91.0601
89.1038
89.6371
88.2649
86.8796
86.6583
86.0796
84.6595
85.1945
84.852
85.8935
85.3529
84.4653
82.7561
80.8149
79.0507
80.2154
81.0117
80.9175
80.53
79.9327
79.5464
79.882
78.3601
77.4426
78.5698
78.7483
79.2787
77.553
78.3027
78.7622
79.2123
79.3719
79.3653
78.7844
79.7005
79.2179
78.6569
78.6827
78.2167
77.989
77.6406
76.2787
77.4116
76.8285
77.6441
78.246
76.6388
76.5048
76.8859
76.2957
76.5315
77.6484
78.5286
76.8886
76.722
74.994
74.4034
74.1583
73.5816
74.1893
73.7267
73.3747
75.041
74.6332
76.1831
74.136
73.8274
73.3065
74.5081
74.2667
73.2549
73.5099
73.7217
74.299
75.8025
75.5391
74.4202
74.0098
72.4306
72.7879
73.1405
73.0567
72.2333
73.6686
74.4871
74.9949
75.9383
77.3312
77.8665
77.066
76.3418
76.3979
76.4047
75.3877
75.4832
74.5503
75.0902
75.6064
76.1415
76.5688
76.6628
76.0006
75.7193
73.8974
74.7854
75.1452
73.4834
73.3542
74.2877
74.9496
75.688
75.7281
77.5563
77.0007
76.5984
76.8506
76.7844
77.4882
77.6424
78.4092
77.9112
79.9301
80.0307
79.2268
77.4645
76.3767
76.6205
75.9293
74.6233
75.1263
74.5644
72.7651
71.4109
70.6173
68.762
68.1209
66.4805
66.9698
67.2488
66.5079
66.3295
66.2367
65.0998
65.4779
64.4254
65.6101
65.8028
65.4783
66.2448
68.0947
67.602
69.0478
68.9939
69.0116
69.6369
70.4472
70.9637
71.786
70.2323
70.7102
70.7622
69.9406
70.7998
70.5937
69.8157
71.3064
69.2648
69.8152
68.4545
68.4548
68.0827
66.5666
65.4104
64.3754
64.6035
64.7853
64.9334
66.7997
66.1535
66.377
66.5531
67.0339
67.7689
67.2882
66.3842
64.6065
64.1283
63.9215
64.0933
63.418
63.8549
63.1706
64.3991
64.9698
67.3055
67.645
67.6297
69.3064
69.0397
67.9963
68.7833
69.2478
69.0442
68.9621
68.9808
67.7357
68.047
69.2917
67.8703
68.684
69.149
69.9605
70.6474
70.8493
70.5133
72.901
72.355
73.9493
74.3823
72.1845
72.5039
