102.413
102.179
103.484
104.875
102.183
102.914
102.69
101.02
100.461
100.508
99.3287
99.9521
101.213
101.227
101.423
100.484
99.7742
98.3015
99.1639
99.7061
101.631
100.945
100.235
102.733
102.693
102.192
102.595
103.493
103.581
104.924
104.629
103.252
105.06
104.087
104.656
106.055
106.54
104.621
104.727
105.84
107.43
105.514
105.155
106.408
106.007
106.251
105.124
104.152
104.079
103.91
103.043
102.881
103.391
103.182
104.836
104.612
103.904
103.36
100.964
100.634
99.7022
100.202
99.1302
100.272
100.839
97.4611
98.3345
98.9195
96.7013
95.739
93.6619
92.9626
91.2954
92.3974
91.9041
92.4997
91.764
92.9517
91.5228
91.1538
91.0767
89.1816
90.913
92.9906
94.3362
93.7001
93.0746
91.2914
90.2028
89.5409
90.8613
87.975
87.4778
88.3235
89.8392
89.004
91.0809
91.0287
90.6356
90.1895
88.7605
87.8682
88.4578
88.5532
89.427
87.9703
87.286
87.533
86.6177
83.4404
83.9573
85.8397
86.8147
87.0053
87.9955
87.8373
87.9015
89.115
90.7598
91.943
92.6014
91.7574
91.4293
90.2867
90.4724
90.3072
89.2664
89.3638
90.3943
89.5352
89.7914
89.4764
89.2321
87.0724
87.1961
86.082
87.9366
87.4247
88.0705
88.4084
88.3895
90.5782
90.4259
90.5364
92.4212
93.1966
95.4036
95.4054
96.5829
96.9089
94.5356
93.9906
94.0805
93.0924
94.2147
94.1239
94.1066
94.2136
92.2198
91.4119
92.6066
89.5339
87.9443
87.3707
88.8616
87.2272
87.0367
85.7525
86.6749
88.2107
89.136
89.4009
89.0274
89.2411
88.543
87.6662
88.3626
88.4111
87.7515
88.2853
88.6549
88.1043
90.1709
90.2317
90.4438
92.3408
89.6157
89.3669
89.1222
89.768
88.9326
88.5922
90.1877
92.1877
91.7109
92.6505
93.8421
93.9107
92.3147
91.3249
91.7986
92.6057
93.4101
91.7992
92.6323
95.0539
95.3636
93.4497
92.1259
91.4979
91.1152
90.0973
88.9541
89.6539
89.7396
90.2699
87.6055
88.0854
90.4077
91.038
92.4461
94.584
94.6427
93.6225
93.4431
92.2694
91.0299
89.781
88.8258
89.8963
90.591
88.5832
89.97
89.0963
89.2348
91.1967
93.3794
92.7541
91.7815
90.6982
90.9083
90.003
91.0759
91.4951
92.6058
92.0774
92.0886
92.3348
92.6033
93.6289
94.6669
93.4292
92.1708
92.5467
91.611
90.6529
91.5149
90.7758
91.6055
90.9755
89.3288
90.2536
90.8928
90.1711
87.2911
86.5667
86.2602
88.6536
87.3609
86.856
85.6929
84.6157
84.1517
84.6346
84.9799
86.4554
84.4251
85.4119
87.1201
87.8456
87.1703
88.6496
89.7622
90.4042
89.529
88.6466
86.7075
86.6845
86.9494
86.9832
86.585
86.8918
87.4673
88.4579
88.3377
88.5722
87.9688
85.8732
85.4031
85.2945
85.9105
85.7592
86.71
86.5359
87.1275
87.1152
86.8286
87.0418
87.0384
85.1226
86.1698
87.4545
88.6036
88.2915
88.7763
90.3477
91.0936
90.7434
93.2065
92.3682
91.4969
90.5561
89.9937
90.8314
91.8033
92.3397
93.177
92.997
92.4083
91.5892
90.9384
92.1592
92.5528
92.7768
94.0044
92.8248
92.4467
91.5319
91.3462
91.0813
90.9875
91.0262
91.5041
92.4987
92.3793
91.2843
93.2375
93.0104
90.7171
91.336
88.865
88.3413
88.5154
89.2331
88.4409
89.8961
89.2767
89.0668
90.8494
91.7506
91.2251
90.6166
88.4401
87.454
89.208
90.2323
87.7703
86.2803
87.2653
87.6812
88.737
88.9355
89.7522
89.349
88.6498
88.0673
87.5737
88.9453
89.8064
91.1489
93.412
92.3914
90.5009
90.6151
89.3543
87.3934
88.7386
90.366
89.8959
90.3337
88.1701
88.2454
89.4814
87.1338
87.5594
86.4263
84.9174
86.1147
88.012
88.2262
87.7148
87.8134
88.9176
88.7441
89.5549
91.3377
91.4973
91.907
90.5169
90.9657
91.4513
92.5675
92.236
89.573
87.9475
87.3981
88.022
89.1572
89.8839
89.2155
89.1912
87.7093
87.8865
89.4816
90.0485
90.0472
91.3577
89.1871
88.4108
89.3745
88.9647
89.1787
89.0224
87.6955
85.0578
85.4403
85.3729
85.5401
83.6992
84.6394
83.6381
83.2624
82.3492
81.2985
80.2818
80.5027
80.1374
79.784
79.1085
77.9015
78.9812
78.2915
77.0983
76.4983
75.2689
75.762
76.5785
79.4288
80.5768
80.7584
81.4488
80.5316
81.7098
82.6682
81.7777
81.6236
82.367
84.5566
86.9892
85.5864
85.1891
85.235
86.6049
86.459
86.6678
86.4637
86.3846
85.9009
85.0089
86.2745
85.9367
85.2075
84.9999
84.9587
84.4842
85.3505
84.7798
84.273
83.3127
82.6563
83.7186
81.6908
80.3054
81.7425
82.2571
82.4052
81.5847
81.4635
80.4151
81.0925
80.4895
80.8818
81.1407
79.673
82.418
81.4354
82.9076
83.6539
83.7704
83.1576
82.9441
83.5728
83.8589
83.2982
83.7893
83.7218
83.8523
84.8823
84.3288
85.1277
86.186
88.5523
87.8925
85.8459
86.9202
86.515
87.6286
88.0512
87.4963
86.8924
86.5312
86.8111
87.9257
88.0368
89.8926
89.9214
90.6325
91.8037
89.8952
89.4056
89.8561
92.3689
92.8233
92.2531
92.0221
92.4891
92.4792
90.7014
90.087
89.1795
88.308
88.1409
88.0491
88.0188
86.2007
86.1751
86.3684
86.8701
88.2023
88.1539
87.8075
88.2339
87.9509
88.0064
88.9856
89.2049
90.8815
90.0677
88.9749
87.4389
88.1882
88.8326
88.4886
87.2663
87.9215
88.806
87.6563
87.2715
87.2726
87.5838
86.7678
87.2714
86.6581
86.178
84.7182
86.0456
85.9212
86.634
84.862
84.1089
85.3586
83.9431
82.7672
82.8858
82.6131
84.1237
84.8473
83.9048
84.8789
81.7191
