100.043
100.609
101.411
101.617
102.72
104.77
105.502
104.471
106.567
107.606
108.433
107.48
108.841
109.557
109.22
111.183
110.306
110.929
111.221
112.447
112.398
114.585
116.779
117.459
117.985
117.263
116.675
115.728
117.389
115.308
116.069
119.209
120.097
122.707
125.098
124.132
125.392
127.013
129.623
130.342
131.922
131.297
129.778
130.982
129.263
129.25
128.376
129.609
130.044
130.491
131.335
130.206
127.92
127.351
128.26
129.385
128.504
127.941
124.946
124.78
123.832
124.323
125.563
123.673
123.049
126.511
125.221
127.32
126.351
125.541
124.815
123.682
122.396
119.63
117.008
115.638
115.993
116.935
117.848
116.539
116.184
116.955
114.643
115.391
114.359
112.254
113.141
111.993
111.537
113.262
114.184
115.166
113.087
112.652
114.733
114.543
115.013
115.075
114.911
116.374
115.845
115.512
115.109
112.601
113.264
114.299
117.307
118.558
118.046
119.802
117.322
116.02
117.727
115.697
116.14
117.859
117.459
115.305
116.995
116.714
115.195
112.453
113.362
114.28
115.839
114.158
117.274
116.446
117.183
115.609
116.48
115.919
115.519
115.153
115.333
116.863
116.973
113.132
112.085
111.999
112.759
111.259
112.31
112.29
112.327
112.904
112.773
112.894
112.548
112.223
114.85
115.474
113.115
113.646
112.243
114.341
116.733
114.694
115.508
117.376
115.349
114.637
115.525
115.368
113.345
113.203
112.632
111.634
111.92
109.984
109.769
111.719
112.439
113.469
113.006
112.899
110.131
111.035
111.311
110.991
111.138
110.126
108.164
108.471
109.674
110.127
109.914
110.735
110.746
112.97
112.311
111.531
111.103
111.141
113.023
110.72
110.793
111.313
110.7
107.112
105.337
106.647
107.052
106.324
106.197
106.419
104.5
105.056
105.599
107.248
106.847
104.843
105.342
105.184
105.176
104.987
106.624
108.046
108.94
108.468
107.425
107.409
107.045
105.053
105.444
104.971
102.361
102.962
104.489
103.136
102.759
101.809
101.575
101.399
102.572
103.234
103.111
101.818
103.118
103.733
102.338
102.903
103.632
103.887
102.327
102.46
103.533
104.875
106.875
104.86
106.335
106.125
104.658
106.009
103.824
104.742
105.052
104.309
104.82
105.451
107.355
106.384
106.594
106.375
106.57
107.404
107.364
107.145
106.671
106.517
103.946
104.784
105.305
105.055
106.162
105.883
107.999
107.844
107.276
106.147
107.189
105.436
106.08
107.864
108.927
110.171
110.367
110.149
109.757
112.101
112.82
114.975
113.784
112.786
112.16
114.231
115.328
115.178
118.217
119.98
120.665
121.147
121.794
120.342
120.902
119.753
117.739
122.768
124.502
122.549
122.116
120.539
123.26
122.069
119.731
118.509
117.741
117.7
119.394
119.025
119.15
118.629
118.564
118.156
119.75
120.031
120.23
116.967
117.954
118.373
116.799
115.75
115.666
115.292
112.255
112.186
112.951
112.906
110.125
110.307
112.919
112.374
110.208
108.973
108.575
109.33
108.666
109.517
110.051
110.42
111.271
113.7
114.31
113.787
113.423
112.911
111.678
109.664
111.387
111.232
113.09
113.237
114.257
115.082
115.036
115.508
114.693
114.575
115.368
112.029
112.427
109.031
107.165
105.539
105.746
108.365
109.078
110.04
111.607
112.979
112.863
112.75
113.269
115.292
116.946
116.999
114.811
114.94
115.866
118.241
119.261
115.651
116.26
116.592
117.573
121.125
120.877
121.825
121.255
122.2
123.296
122.201
122.107
121.374
120.075
118.14
119.443
120.483
119.523
117.49
118.249
118.216
118.993
117.301
117.211
117.548
118.324
118.063
116.901
115.379
113.863
115.165
115.319
114.323
111.839
110.742
110.423
108.941
108.125
108.183
109.248
109.101
109.391
109.055
110.721
112.402
113.026
113.675
113.349
113.242
113.154
110.845
110.661
109.602
108.68
110.362
108.768
111.794
110.766
111.279
109.431
109.867
109.195
109.019
107.762
109.963
109.172
108.111
110.633
110.124
111.13
112.504
112.295
112.019
113.791
113.568
114.453
114.33
114.235
113.514
112.768
111.534
110.742
112.196
112.439
113.934
114.575
112.983
114.922
116.184
115.689
117.889
116.876
117.511
118.115
117.654
119.692
119.471
122.085
122.399
121.714
120.995
122.577
123.983
125.376
125.752
124.058
122.914
122.374
120.705
121.274
123.283
123.354
124.612
125.743
125.537
126.288
128.605
130.217
131.535
133.837
135.023
133.059
134.396
134.447
135.987
138.103
137.291
137.209
135.43
135.067
136.749
138.308
139.183
138.929
138.301
137.803
137.537
136.636
134.204
135.543
136.259
138.718
141.446
143.334
142.403
141.392
143.984
144.797
143.9
144.363
144.458
141.501
143.11
143.962
142.662
143.978
145.172
145.425
149.596
151.137
154.832
152.234
153.107
152.273
150.088
150.412
151.839
150.114
149.714
149.981
149.242
148.326
146.554
145.806
144.341
145.707
147.171
144.538
145.622
144.752
146.958
142.395
142.442
142.064
138.491
138.489
135.611
136.38
134.555
136.736
137.297
138.146
137.747
136.705
135.096
135.164
135.116
134.952
136.89
134.426
132.674
131.181
129.982
130.879
133.247
132.573
136.595
140.488
142.609
