101.001
100.419
100.282
102.053
100.859
101.281
99.1306
97.8714
97.4465
98.2919
99.7353
98.9551
99.7031
99.5965
97.2908
97.221
97.9164
96.9285
95.4943
94.0642
94.2877
94.864
93.9951
94.1948
93.2587
93.0551
93.5518
94.5513
94.1135
94.2589
94.971
95.3906
94.3741
93.978
94.5247
93.6793
93.8829
93.2708
92.7738
91.5562
92.0867
92.4034
93.8691
92.4014
92.3929
90.985
89.913
88.9396
89.8968
91.0867
91.3433
90.3519
92.2598
93.2156
93.5424
93.1992
95.2284
97.1048
96.3588
96.7902
96.1935
94.9183
94.0152
93.5776
92.2504
90.211
88.4793
87.6193
88.9889
88.5202
87.5166
88.4384
90.656
91.365
89.7429
90.9571
90.8232
91.1631
89.5441
88.0701
90.4396
90.0256
90.8934
90.8453
89.591
89.6159
89.9117
91.3376
91.4709
91.7627
91.1635
88.6822
90.0016
89.1597
89.0788
88.3883
86.2974
86.1012
85.4184
84.9861
87.3148
85.7851
85.5044
82.6946
83.6531
81.9078
83.1853
83.8555
82.9758
82.9373
84.9655
85.8267
84.1094
81.8392
81.9585
81.9226
82.0794
82.0314
82.6998
84.0901
84.9241
85.2496
84.658
84.407
85.6058
85.2776
84.3422
84.7941
84.5379
83.3857
82.9267
82.113
82.0489
83.3667
83.7019
81.6816
82.1311
80.5901
80.3937
81.4491
81.9497
83.6908
82.3924
83.0366
84.4646
84.8964
86.6563
87.0592
86.508
83.9362
84.4545
84.2242
83.7021
82.8868
82.1963
83.9257
84.6692
84.467
82.9403
83.9341
83.0466
82.7106
82.5066
81.9549
82.508
83.2922
83.2195
82.3841
81.4277
80.9098
82.4176
83.1185
84.3483
83.7741
80.8456
81.0246
81.3459
80.664
80.762
80.0733
81.9627
82.5687
80.9318
82.3828
81.7461
80.9264
82.3133
81.9201
82.5868
83.6841
84.0883
82.8469
81.745
82.8195
82.2014
82.9563
80.9231
81.1915
81.5031
81.2606
82.5982
82.1186
83.8606
80.6542
82.7991
84.5416
84.6745
83.73
85.6176
85.258
86.8391
87.0848
89.3764
90.3761
88.6651
89.3179
86.1935
85.949
85.7903
83.4635
84.1335
83.8019
83.6263
85.3406
85.2245
86.407
83.8437
83.5047
83.8908
83.7542
82.9573
83.9316
83.0755
83.112
84.1423
85.0153
86.5559
86.0192
87.8627
88.1169
89.0675
90.0274
89.4534
90.2806
89.4012
88.8343
88.1989
90.7643
89.8472
90.4022
90.0834
90.2293
90.5834
90.0762
91.8651
91.1605
89.997
88.4456
87.1875
87.7494
87.81
89.2382
87.183
87.1024
86.7099
86.7607
87.3484
86.3842
85.8083
86.1072
85.4727
85.6253
87.5342
87.634
87.759
89.0804
89.8284
90.7694
90.7474
90.3173
91.7404
92.4879
91.5939
90.6478
92.6948
89.0582
89.1259
89.8357
91.4617
90.634
90.2308
90.1812
91.1141
92.8354
92.8495
91.5652
88.2338
89.8343
88.6415
88.9891
88.5856
90.4646
91.4977
88.3604
88.2601
87.3272
85.0916
86
84.5525
86.2037
87.1985
87.8872
89.2343
89.8874
89.7159
89.7546
90.9272
91.8942
92.6815
91.2892
90.0907
90.7046
93.684
93.1161
91.7398
93.5048
93.1541
91.037
90.7629
90.2271
90.4095
91.4678
93.7675
95.3257
95.8543
96.0135
95.3108
96.4533
95.0341
96.3166
96.0422
96.9607
98.2591
96.2415
97.2464
95.4823
96.2141
95.4851
95.1124
95.4481
95.5392
97.2641
99.0475
99.0869
100.101
98.9
98.503
98.0938
98.5084
96.559
97.0848
94.7894
94.9932
92.1578
91.8141
91.6902
92.9092
92.2597
91.2332
90.9103
91.7107
92.549
92.9968
94.1668
95.2423
97.5011
96.9535
96.9698
96.6875
97.1008
95.6634
94.8465
94.5135
96.994
96.3533
96.3654
98.3043
98.5771
99.0808
99.5383
100.242
101.471
103.422
101.168
101.462
102.021
101.819
104.399
103.374
104.595
107.479
108.231
108.685
107.844
108.958
106.857
106.091
105.397
105.721
105.205
105.056
104.396
105.211
105.834
105.295
105.898
106.669
109.927
109.006
108.605
108.095
106.126
106.73
107.694
105.263
107.862
108.982
108.177
110.959
110.124
109.004
108.379
108.494
106.515
108.21
107.795
106.399
107.71
106.37
106.736
105.389
103.218
101.869
101.514
101.503
100.96
101.623
102.288
103.436
103.722
102.76
106.453
107.151
110.256
109.529
110.873
111.524
114.769
117.357
116.556
116.162
115.823
117.363
116.317
117.532
116.588
116.653
119.799
118.066
117.686
117.335
118.234
119.449
120.583
121.316
120.22
120.896
120.808
121.804
123.289
122.854
122.26
124.684
126.049
124.884
125.121
128.858
129.779
127.813
125.951
126.063
127.334
128.966
130.578
132.478
133.046
133.894
135.713
135.962
135.843
135.005
134.901
135.088
135.157
137.746
136.439
135.367
134.032
137.664
138.709
139.956
137.979
136.372
137.141
135.516
138.496
138.583
139.344
137.638
135.882
133.976
137.199
137.429
136.806
136.491
137.79
135.78
133.45
132.977
132.717
131.556
131.55
128.228
128.538
126.022
126.121
128.48
131.367
132.475
131.011
130.696
130.505
131.926
130.785
131.109
131.814
131.495
129.608
130.325
128.566
130.177
132.668
132.415
132.652
133.506
133.613
134.217
136.548
135.818
137.224
140.457
136.199
134.419
134.37
133.329
134.258
134.58
135.17
134.12
132.022
130.174
132.576
132.167
131.68
129.19
128.73
128.112
126.989
128.651
128.037
127.416
126.342
129.618
132.257
132.598
134.939
135.517
136.824
136.714
138.272
138.024
136.538
135.489
136.319
134.982
133.638
134.957
132.571
130.29
127.739
