100.175
101.11
100.19
99.6329
101.164
102.976
102.75
102.472
103.165
104.01
102.704
101.171
102.193
103.003
102.709
101.869
103.137
103.036
103.519
103.51
101.348
101.192
99.8324
101.919
101.021
100.412
98.7165
98.5732
99.4238
99.63
98.3983
99.0564
99.9996
99.7138
100.743
100.374
101.366
101.054
100.687
102.151
99.697
101.693
103.935
104.108
104.651
105.328
106.35
106.477
106.301
105.562
105.834
105.83
105.08
109.213
109.631
108.424
107.652
108.651
107.527
106.884
105.767
106.67
106.887
106.746
106.047
105.347
105.279
104.097
104.012
105.116
106.904
107.146
107.58
107.686
109.667
111.42
111.561
110.642
110.328
110.382
109.171
106.144
106.307
105.779
107.987
107.848
107.239
107.651
105.13
104.625
103.884
103.613
104.069
103.027
102.541
103.821
104.59
104.122
105.679
107.467
106.524
107.18
107.85
107.435
106.303
105.518
103.876
102.928
104.292
102.924
103.483
101.381
100.878
98.8686
98.1416
95.7703
95.4054
96.0617
96.8084
96.766
98.9948
100.644
100.352
100.856
101.734
101.428
102.01
102.078
101.429
101.341
102.761
102.3
103.808
104.818
103.506
104.863
104.825
104.193
102.248
102.376
102.101
103.154
101.985
102.61
101.964
102.807
103.842
102.521
101.675
101.624
99.939
98.325
96.3685
95.5855
95.757
95.7349
95.5759
97.2451
97.8843
98.3198
97.0211
99.9307
98.6076
99.6053
102.413
102.147
104.604
105.412
104.059
102.119
101.277
100.29
102.146
101.048
99.1902
100.996
99.3528
97.8966
96.1922
96.8779
98.9455
98.7257
98.9228
99.9702
99.1674
98.9113
96.8157
97.2123
97.204
98.6422
101
101.38
99.4209
99.2835
99.9058
98.8328
96.3281
95.7194
94.1385
95.8897
94.7626
94.6538
94.6024
96.2084
97.126
96.2835
96.5218
95.4184
96.7702
98.5118
100.345
99.8659
98.8565
97.7699
98.2388
95.9229
97.6943
99.1726
99.4498
99.3615
99.1208
100.321
100.526
100.658
99.7979
100.383
100.673
100.424
100.571
99.218
98.5236
98.5821
99.4922
99.2984
97.1959
97.8238
98.6389
99.9798
98.8555
98.8128
100.054
99.8042
98.9674
100.669
98.7067
98.9986
98.5484
98.6056
102.116
101.785
102.327
102.777
104.662
103.593
103.575
102.567
99.847
97.2029
96.7089
97.557
99.3812
99.1793
98.3262
99.6808
99.6081
100.196
99.3712
98.0442
98.9773
96.3499
96.0209
96.8672
96.7354
97.5635
98.5901
98.5541
99.8739
96.2846
97.6691
97.4167
98.6721
100.274
101.99
100.656
98.7239
97.6423
97.3022
96.4845
97.2979
97.4071
97.6591
95.9234
95.3456
96.1251
95.8049
95.4179
93.5917
92.1451
91.4162
90.9577
91.3195
93.5032
94.0846
94.5685
94.9099
92.251
94.0154
95.0638
93.2711
96.3216
97.2393
97.4166
99.0386
97.8307
97.5478
97.3141
97.6645
97.0405
99.2794
98.0425
96.9157
96.5784
96.5563
96.6236
98.4234
97.7613
98.143
98.7451
100.368
98.5059
96.1288
97.5097
95.7889
97.2566
98.4199
99.9315
99.6004
101.675
101.421
100.768
100.859
101.353
103.351
103.334
104.412
104.913
104.865
105.554
106.104
107.261
106.346
107.977
107.955
106.334
104.06
105.441
105.118
107.36
106.3
105.757
102.648
102.154
103.889
104.897
105.447
104.01
103.777
102.981
102.538
98.9198
97.567
97.5934
96.3981
96.6322
96.9398
98.14
96.3894
95.4247
97.548
97.4975
95.5522
93.656
91.3422
90.3535
90.0577
87.3259
88.1008
88.6038
88.2475
88.2586
88.5395
88.0909
87.2194
88.2212
87.2507
86.729
86.0761
86.7337
87.0051
86.9122
86.3725
86.5683
86.8282
86.0873
83.8855
82.9047
82.6141
83.9337
83.3253
83.2848
82.1967
82.4983
83.6903
82.7027
83.0953
82.3702
82.9197
82.5383
83.345
81.0781
81.941
82.9825
82.0546
81.7474
83.3998
83.12
81.5779
82.2435
81.4291
81.3664
81.7224
83.801
82.7601
83.6766
84.2162
84.8813
85.546
86.5693
86.5252
86.105
84.6169
83.7328
82.5127
81.7568
81.9146
82.4104
81.2825
80.7023
80.5906
80.3024
80.8357
80.9718
80.8307
79.6665
78.5506
80.4643
80.953
81.0076
80.1724
79.436
80.5866
79.0041
80.9281
80.7375
80.6989
81.1812
81.9789
82.1561
82.9086
81.9791
80.7868
80.7747
80.1341
79.7129
80.2191
80.1371
80.7138
79.9792
80.8953
81.2468
80.9758
80.8511
82.3878
82.0895
81.2789
80.9116
81.0336
81.1513
80.1042
80.0849
82.1114
80.8451
80.9518
80.8463
80.2405
81.0141
81.8402
81.572
80.5098
81.033
78.8948
79.2024
78.589
79.2522
79.1981
79.203
78.5011
78.1226
78.4994
79.6671
79.9875
79.6177
79.8346
79.7394
79.7869
79.2229
78.9609
79.0389
79.1378
80.8624
81.8389
82.6576
81.7576
80.6445
80.6474
80.6043
80.5569
83.73
84.0163
85.5703
85.5365
84.5229
83.8322
85.3478
86.6866
85.7344
86.5673
87.7983
87.4732
86.9843
87.8185
89.5459
89.6111
90.633
90.0052
89.7392
89.2642
90.881
90.6444
88.7094
88.938
90.2584
89.0682
88.6504
87.5295
88.5941
88.7204
88.7254
88.6625
86.8504
88.6452
89.5367
89.7693
89.8973
90.4329
91.733
92.0743
91.1438
90.6322
91.1662
91.7797
91.7656
89.0549
90.1182
89.7661
91.3379
93.2868
94.0106
94.8894
95.0968
96.522
95.3379
93.1211
90.9736
91.084
90.7505
90.9344
89.2709
88.6679
87.5482
86.1402
86.1356
86.208
85.8866
84.175
82.9772
83.1614
83.5889
82.0808
82.8821
