99.5148
99.025
99.6241
99.9363
99.1588
98.9123
101.544
99.6724
99.7761
98.2054
99.1453
99.3361
97.9956
100.854
102.124
102.412
105.277
103.611
102.652
103.59
101.913
101.415
101.363
102.796
104.125
104.221
103.837
103.649
102.599
102.525
102.359
102.035
104.022
105.29
106.454
108.392
110.63
110.696
111.543
106.174
107.635
110.679
109.912
110.508
109.955
109.953
111.107
114.154
113.896
112.029
111.535
111.162
111.676
111.032
111.803
111.403
110.985
112.153
110.997
110.17
110.4
110.901
112.114
110.237
110.644
114.699
115.209
113.435
114.475
113.196
111.046
110.834
111.314
111.062
109.215
108.794
106.431
105.348
102.987
104.147
102.51
102.672
102.27
102.244
103.018
106.456
107.432
107.492
107.725
108.253
106.899
108.146
105.466
104.632
105.008
105.429
104.669
101.951
103.903
106.051
106.828
107.707
107.893
107.652
108.238
107.397
106.561
108.581
107.904
109.092
109.263
108.619
108.714
109.328
111.107
110.329
109.687
110.186
108.615
110.064
109.59
108.717
107.287
109.022
106.624
107.013
108.493
107.992
107.995
106.639
108.635
108.601
110.029
112.289
110.659
111.545
110.673
111.222
110.624
110.31
108.913
107.843
106.627
105.15
103.389
104.945
102.587
103.43
104.186
104.275
102.421
102.282
103.719
102.771
104.126
103.651
104.097
104.71
103.302
100.236
100.636
100.369
102.403
101.709
101.182
103.676
101.644
103.835
103.301
104.229
102.145
103.096
102.044
101.794
100.894
101.615
102.302
99.7377
99.8311
97.9699
96.9197
98.0316
98.6888
98.1455
97.8497
99.4265
98.5724
98.3566
99.6445
101.76
102.07
102.978
104.474
106.768
105.508
105.56
105.033
105.201
107.951
108.101
108.878
107.991
108.105
106.716
107.543
108.056
110.722
111.215
112.174
110.603
109.539
108.985
107.452
105.522
104.179
103.328
104.931
104.339
104.472
102.366
103.016
102.82
103.378
103.925
106.374
108.012
108.179
108.245
109.159
107.514
107.306
107.794
108.173
109.995
110.446
113.02
113.112
113.539
115.996
115.154
116.043
116.624
115.932
115.599
113.243
112.924
109.064
108.35
109.812
108.466
107.68
109.577
110.275
110.54
112.27
112.042
112.386
114.651
117.11
117.66
118.767
116.88
115.996
116.92
118.721
116.743
117.324
115.673
117.252
118.606
116.48
118.052
119.159
119.717
119.715
118.808
118.745
120.528
119.502
117.695
119.085
118.453
120.44
120.897
120.425
126.094
125.416
124.22
124.211
124.601
126.262
125.698
122.335
122.482
120.255
118.727
117.047
113.854
111.588
109.842
108.562
109.504
107.854
109.042
106.457
105.95
104.788
104.88
104.06
105.567
106.193
106.311
107.921
108.206
107.622
106.356
105.873
106.456
105.77
105.956
105.431
106.444
105.103
102.792
102.702
100.673
99.7413
98.76
98.9182
96.5637
96.0553
97.1119
97.0834
96.9869
97.3296
96.609
96.4475
97.0452
97.8036
97.6104
98.8084
99.4048
98.5043
97.7565
100.647
103.19
103.931
107.641
108.348
107.233
106.479
107.067
108.248
110.125
109.97
108.73
107.422
107.724
107.234
107.974
109.395
109.866
111.321
111.026
111.481
108.608
109.443
110.118
109.941
108.839
109.962
108.799
106.519
107.031
107.549
106.688
107.283
107.849
105.851
104.405
103.878
103.844
104.82
105.383
104.298
102.122
101.263
99.8313
100.646
101.33
100.522
99.3325
97.2843
97.1599
96.8714
95.939
95.6822
96.386
96.7326
95.7185
96.3395
96.3467
96.0453
94.0991
93.0956
92.6822
95.205
95.2142
93.9095
93.853
92.2834
91.8771
92.9825
93.4978
91.6314
91.6091
89.9817
89.9556
91.1997
93.9071
95.873
95.31
95.8448
95.3275
97.0701
97.9013
96.7281
96.6531
95.6551
95.5998
95.3179
95.6558
97.4516
97.6401
97.8871
97.697
97.9275
97.2201
97.3006
96.4714
97.84
96.4775
95.5048
96.128
96.2871
96.4776
98.5463
97.9577
95.2469
94.3781
96.177
98.4136
101.295
103.13
102.079
102.595
102.25
102.479
101.352
101.219
102.559
102.531
103.56
103.886
104.83
106.874
106.477
104.873
106.905
107.975
106.717
105.796
106.319
104.447
107.272
104.714
105.39
105.885
106.553
105.739
104.327
105.811
105.478
106.029
108.64
108.286
108.766
109.829
111.933
111.643
112.912
114.667
114.756
115.573
114.054
113.85
114.408
113.421
113.53
112.949
113.673
114.717
114.489
114.227
114.344
115.999
116.415
116.693
118.555
119.054
119.431
120.798
121.749
122.115
122.151
121.396
122.283
126.239
126.173
124.968
122.711
124.794
127.756
130.254
130.9
130.597
133.165
133.575
131.498
129.033
125.796
125.877
127.817
126.201
126.438
127.148
128.945
128.419
128.118
126.77
129.835
128.857
127.851
128.82
129.023
129.557
129.286
127.664
126.496
121.482
121.206
124.261
123.676
124.416
124.805
123.806
121.239
124.474
125.243
125.252
122.664
123.867
125.246
127.93
129.573
131.265
128.488
127.006
123.816
125.498
124.49
123.307
122.211
123.194
121.393
119.67
119.753
118.055
115.304
117.044
119.741
118.702
120.097
117.17
118.574
114.818
112.849
112.299
113.795
111.832
113.919
114.959
114.299
113.462
111.529
110.222
108.613
106.898
106.983
106.963
