98.3284
99.4391
99.5358
100.521
99.1535
100.284
98.7257
100.619
101.412
101.01
101.739
102.642
101.795
100.757
101.448
101.931
100.863
101.104
101.659
102.32
103.22
102.544
102.824
103.34
101.606
100.888
102.905
103.589
101.768
102.751
103.409
104.666
104.852
104.397
103.197
105.022
104.994
103.644
103.937
104.858
103.199
101.893
102.34
105.496
102.498
101.577
99.8054
100.829
101.601
100.216
100.29
101.96
103.345
103.009
101.735
100.578
102.525
103.066
105.396
105.338
104.369
104.092
103.082
102.32
100.169
99.9391
100.526
100.716
100.122
98.7729
100.434
100.602
101.094
100.868
98.7379
96.1528
96.4252
98.3752
99.9255
97.1466
95.8868
94.9946
93.1607
94.1571
95.2537
95.0726
94.6292
97.4793
97.8016
97.9454
96.582
96.9095
98.0664
98.5237
99.2085
97.2103
98.1662
95.9352
98.1653
100.226
99.2909
97.945
98.0203
100.09
98.8909
99.893
98.7614
99.5416
102.166
104.14
102.561
104.005
103.454
104.38
102.93
104.652
104.635
107.407
105.72
103.803
104.764
106.439
106.235
105.636
103.133
103.457
102.478
104.076
103.313
101.963
105.66
104.726
106.164
104.707
105.016
103.049
102.229
103.767
103.716
104.745
106.586
106.827
106.464
105.458
105.272
105.939
106.759
104.767
103.133
104.005
102.604
102.943
103.993
102.911
103.497
102.815
104.383
105.02
105.919
106.271
105.247
108.341
109.793
109.486
110.645
112.467
112.71
115.15
117.495
115.662
116.53
118.528
115.461
116.138
117.516
114.78
114.222
118.52
115.912
115.914
117.709
115.746
113.779
114.39
113.886
115.596
113.978
115.261
117.321
117.731
117.953
117.595
117.382
115.862
113.96
110.461
111.393
111.053
111.476
111.186
111.545
109.439
110.331
110.676
110.999
112.027
110.302
109.23
109.277
108.923
107.885
108.622
110.231
114.035
115.44
113.048
110.905
111.378
110.945
110.584
111.049
109.315
111.41
109.883
106.464
107.176
107.347
105.658
107.268
106.659
106.292
106.057
106.474
108.178
109.347
108.332
109.709
112.065
113.884
113.22
112.835
114.14
114.733
114.119
112.784
112.303
112.974
111.197
110.299
111.868
108.372
106.464
106.847
109.74
111.532
111.085
108.852
109.678
109.614
110.694
111.694
111.962
113.466
115.637
116.252
116.954
115.728
114.722
116.835
119.093
118.673
118.369
117.477
117.563
116.907
118.494
116.696
118.192
120.209
120.491
119.306
121.723
121.57
121.346
121.711
120.675
120.475
124.697
123.337
121.453
120.287
122.385
122.109
120.849
121.05
117.32
116.827
114.482
116.833
119.237
118.021
117.481
117.6
118.064
117.961
118.374
116.535
116.125
117.434
116.695
118.843
118.043
117.004
118.931
120.423
118.124
117.693
117.216
120.561
119.412
120.129
120.908
120.796
122.871
124.428
123.703
122.443
121.782
121.12
121.117
119.596
120.398
121.357
122.624
123.383
122.952
122.31
120.659
121.892
122.371
122.746
121.331
122.566
122.384
123.149
124.217
123.157
123.02
123.884
126.392
126.112
127.706
125.832
124.325
124.326
126.102
125.05
124.058
122.913
125.086
126.482
128.213
128.491
126.831
127.915
126.275
125.193
122.825
122.065
120.315
118.68
117.54
118.714
118.427
118.045
118.018
117.864
116.271
115.38
112.706
112.358
111.165
110.316
112.059
109.362
108.458
109.956
110.087
109.074
109.626
110.473
110.862
110.871
110.938
107.838
107.325
106.646
106.512
105.982
103.842
101.863
102.237
103.815
102.024
103.165
103.757
105.876
107.25
106.78
105.206
104.139
103.042
100.45
100.379
99.3712
100.107
98.8997
98.9163
100.563
99.0567
97.7653
95.4229
94.7942
92.4774
92.7854
92.5615
91.3952
91.9807
93.3493
94.9676
94.4197
93.0246
92.5646
92.7503
94.4092
93.6157
92.4917
92.0382
92.3604
94.1154
91.8697
92.2078
92.4192
92.8686
92.4351
88.3281
86.2185
84.0156
84.8021
85.4649
85.1372
86.0871
84.9309
85.3632
84.2477
83.0673
82.3082
81.7577
81.4267
81.5929
81.3825
81.9673
79.7976
78.6909
78.6072
79.2456
78.1328
79.1314
79.2044
77.5758
77.6678
77.6239
77.283
78.0807
77.8739
76.3371
76.432
75.1974
75.7592
75.2022
75.9772
76.6203
75.6226
76.1251
75.5693
75.8932
77.8512
75.8407
75.5791
73.6722
72.2286
71.6316
70.721
70.849
71.5641
71.0692
71.8759
72.6798
71.5886
72.3904
71.376
71.1125
71.4216
70.7214
70.432
70.5346
70.1739
70.8127
71.7184
70.5686
69.0092
67.5893
67.5468
68.133
66.1842
65.5535
66.0523
67.5959
67.4929
67.8512
68.059
66.8774
66.7867
67.6257
66.8716
67.0648
67.528
68.2218
68.3869
67.7823
66.2658
65.8586
66.1754
67.5166
67.9595
67.855
67.1227
68.1197
67.2524
66.9953
66.7542
66.1024
66.2543
66.8405
67.5652
65.4748
65.3409
64.9671
65.1523
64.6178
65.6688
65.9273
66.374
66.7436
66.2267
64.7944
64.8042
64.1889
64.6401
64.5759
65.4261
65.3497
65.0397
64.7322
64.3688
66.0183
67.3689
68.8893
70.4956
71.5906
71.9514
71.4112
72.5553
72.4183
73.4867
73.9707
73.8855
72.8219
73.2027
73.6762
74.1341
73.8505
73.1774
74.0381
74.5421
75.7757
75.7426
73.6677
72.6438
70.373
70.1143
69.9011
71.2149
70.5033
70.4267
70.6979
72.3355
72.7269
73.0077
72.0445
