99.2284
99.544
99.9165
100.067
100.686
99.5537
99.3032
100.166
100.208
97.0354
95.7076
93.8883
91.1701
90.5357
89.5294
89.071
89.1029
89.2903
88.956
88.2283
87.0388
87.2783
86.6854
85.8301
88.0962
86.5275
86.4998
86.639
87.2649
87.1616
89.0946
88.8549
89.5873
88.7042
88.7179
88.4874
91.5182
90.9161
89.2005
89.0261
88.6695
86.034
85.9137
86.0424
86.017
85.4987
85.8661
84.1179
84.0951
85.5015
84.6435
84.266
83.503
82.458
82.183
81.9944
81.1283
79.54
80.5542
81.3075
83.5353
84.4656
83.7074
84.8115
84.876
84.527
83.9779
82.2099
81.9454
83.8262
83.8583
84.5645
83.4869
85.5639
85.2573
83.9474
83.8027
83.7308
83.3361
84.0871
82.2823
82.3152
83.9138
84.5436
83.9316
83.6158
85.1396
85.018
85.7205
85.0429
85.5242
84.5313
81.6493
80.602
80.6329
80.9349
80.2829
82.4578
80.6668
80.6126
82.1549
82.4802
81.2894
83.0102
82.8719
83.3025
83.5359
81.8224
81.6718
81.2183
79.2304
79.3717
79.1256
78.5814
78.2782
78.1856
78.6074
78.5992
78.2164
77.2952
76.8763
76.6099
78.2139
77.9598
77.2206
77.7505
76.6388
77.1706
76.9938
75.352
74.2837
73.747
73.1396
73.0011
70.4212
68.84
69.226
70.3411
69.743
70.3682
69.4984
68.7493
67.7097
66.4394
65.5558
66.0798
66.299
67.1539
66.0579
66.8762
67.6761
67.4762
67.1388
67.0014
66.6746
67.1185
67.2143
66.4274
67.1963
66.4704
66.2795
66.7903
66.2037
65.3882
66.0897
65.31
64.9601
64.1428
65.7329
64.9754
67.094
67.7085
67.6273
67.5201
67.7594
68.0123
68.078
67.4627
67.6742
66.1938
67.8845
67.3146
68.9941
69.4305
70.407
72.4594
71.6158
70.8956
70.9549
71.5903
71.8768
70.547
69.757
68.2958
69.2703
69.4268
68.8614
68.1015
69.1298
69.6448
69.3636
68.908
68.0105
67.654
66.654
66.5403
66.1861
65.874
65.2161
65.2237
66.1715
65.3996
64.2159
64.208
64.0733
63.8478
63.8352
63.8801
63.5675
62.8021
61.4456
61.574
62.2843
61.2951
60.9083
62.3102
63.215
63.8835
64.0087
65.0805
64.948
65.1687
66.2042
66.8959
67.0605
67.4823
69.0054
70.1935
70.5348
70.1537
69.953
69.4195
69.3193
68.896
68.4027
68.8187
68.8064
68.1104
68.8359
69.1871
69.4538
69.7874
68.2232
69.7475
69.6654
70.7326
71.4017
72.2176
72.6881
73.1767
73.1217
71.6524
72.0406
73.2525
72.8144
72.5625
71.3638
71.3984
71.2443
71.9558
71.3773
71.5761
72.2096
72.5682
71.7628
71.149
70.9028
72.5219
71.2339
69.9882
69.521
69.0225
68.7152
69.8291
69.8179
68.7718
67.025
66.301
66.2609
66.9634
66.6573
65.9847
66.0327
65.3889
65.1573
65.931
64.9367
64.7814
64.0414
62.6694
61.6496
62.689
62.3256
60.884
61.4547
61.2864
61.6897
61.3714
62.6875
62.3557
61.985
61.4566
60.4456
60.393
59.7701
61.4306
61.4364
61.9907
62.027
61.5013
61.4488
61.1009
59.1292
59.2259
58.3121
58.0832
59.3076
58.9713
58.506
58.0676
57.1128
55.7605
56.3218
55.3948
54.1293
54.0301
53.6788
54.4739
53.8831
53.5518
53.6425
55.0683
55.548
56.0136
56.7966
57.0155
58.4169
58.7389
59.2085
59.3021
59.9576
60.3691
59.9676
59.3797
59.4509
58.6068
58.6459
58.746
58.56
59.4262
59.6113
58.9758
59.5605
59.7251
61.862
62.5288
61.8115
62.6852
62.9849
63.8995
64.8414
65.0187
66.1732
65.3306
65.8771
66.1261
66.3615
66.2384
66.5235
66.6144
67.8668
67.4766
68.7365
69.0851
70.5108
70.9124
70.4681
70.6098
71.996
72.5984
72.3717
71.9078
70.6022
70.1624
70.306
70.013
71.4397
71.1694
71.9661
71.5668
72.3624
71.479
72.1842
71.9073
72.6531
72.968
73.2881
73.6349
73.4128
73.7578
74.5332
74.5257
73.6063
74.9875
76.7419
76.2125
76.5549
75.3412
75.3511
76.4713
77.2193
76.4127
74.7782
75.1965
75.5322
76.6418
76.4913
77.2927
77.0743
77.1186
77.589
78.9403
76.9672
77.5374
78.5188
78.2181
76.9751
76.0152
76.0777
76.014
75.8219
75.2081
76.1026
75.8318
75.414
76.9459
76.0968
75.5286
75.3894
75.3127
78.2085
78.6439
77.6409
76.5
78.0227
77.3293
77.0973
75.556
74.3373
74.0156
74.8083
74.4562
74.9717
74.331
75.1726
75.6191
76.1432
77.1252
77.7304
77.7719
76.9663
77.027
77.9486
75.7147
75.8716
75.3032
73.9876
72.8373
72.3777
71.3165
71.4753
70.594
70.3342
70.8109
69.2901
69.4022
69.6506
68.4173
67.9603
68.0365
67.2018
68.0472
68.0257
68.7744
69.8626
69.0135
68.09
69.0833
68.5354
68.1372
67.3935
70.1037
70.7789
71.6802
70.9578
70.5544
71.4746
71.4149
70.9697
70.3945
69.9896
70.2123
70.2921
69.3144
67.5571
66.7868
68.1148
68.8149
67.9068
68.4671
67.9111
67.4425
67.6699
68.2697
68.8275
68.9859
68.6348
69.8046
68.5456
66.8848
66.7491
65.2665
64.6487
64.5378
64.8153
64.6313
64.7583
65.6801
66.0809
67.0025
66.2856
67.0392
65.564
65.1475
65.65
65.5344
65.9842
66.8974
67.7777
67.0649
67.1686
66.6274
66.9975
66.9308
68.1514
68.5201
68.1662
70.108
70.7798
71.9453
72.3858
72.3789
73.0924
73.4033
73.3425
72.58
72.0722
71.9406
71.9884
71.8362
70.1937
69.9768
69.3864
68.4383
69.2572
69.6752
69.0797
68.9923
69.4077
70.1911
69.4276
68.5897
69.3825
69.1564
69.1721
69.7759
70.1546
70.4756
70.7699
69.1266
69.5377
69.9101
69.1933
70.525
72.1129
72.9783
73.1778
74.0106
73.7873
75.3669
