100.053
100.146
101.434
102.069
101.401
99.8585
99.4204
99.5728
101.572
102.768
102.898
103.624
104.224
103.78
105.489
106.621
107.704
106.781
107.51
106.418
106.668
104.609
105.053
104.53
103.757
103.4
104.126
106.585
107.041
108.045
109.292
108.759
110.131
112.237
113.307
113.375
112.72
112.193
112.622
113.284
113.937
114.533
113.761
111.606
111.182
110.526
111.271
113.432
111.329
112.605
114.311
114.616
115.809
115.052
115.428
118.843
117.818
118.87
119.334
118.234
122.945
120.955
119.201
119.874
118.608
119.076
117.547
116.775
117.526
118.099
118.217
118.503
117.848
119.713
121.387
121.098
120.38
120.564
119.531
118.372
119.543
119.811
120.616
120.514
122.979
124.018
125.721
125.93
124.608
125.247
122.659
123.611
125.082
123.348
126.109
126.036
127.04
127.658
126.566
126.816
129.798
128.234
127.581
128.78
129.509
127.987
130.734
133.028
132.017
131.457
130.17
126.94
127.202
127.343
125.996
126.211
126.483
123.551
123.875
123.7
124.872
125.867
125.146
125.234
125.797
124.639
124.784
126.603
127.218
129.255
128.166
126.723
123.957
120.135
122.001
123.346
123.277
120.22
119.988
122.023
122.49
123.439
125.464
124.308
124.864
124.073
124.83
123.9
124.014
123.204
124.104
124.701
123.978
120.623
121.011
121.886
119.642
116.967
116.438
118.115
116.132
116.726
116.41
116.896
119.253
117.543
119.225
121.456
123.168
121.391
121.517
120.733
121.713
121.544
122.161
126.37
126.144
125.358
124.151
125.738
125.829
124.255
123.334
122.679
120.995
122.582
121.135
122.189
123.991
125.332
126.2
124.29
125.092
127.023
124.905
123.263
125.416
123.862
124.019
123.354
122.703
123.558
122.887
124.336
124.022
124.333
124.065
122.083
122.239
122.316
123.583
122.721
122.627
122.204
121.969
122.51
124.579
125.851
124.894
126.008
124.941
125.486
124.077
122.43
119.841
122.268
118.325
118.527
117.914
116.553
115.305
114.052
114.656
113.296
112.228
113.089
110.512
108.573
108.335
107.39
109.226
106.233
105.451
105.11
104.277
103.434
104.237
104.408
105.08
103.981
102.815
104.602
103.028
104.043
105.346
105.774
108.81
109.438
110.343
110.635
109.97
109.969
109.495
109.146
108.913
109.407
109.41
111.088
112.466
113.295
114.76
115.447
115.568
115.703
117.402
115.138
116.594
116.672
117.708
116.127
116.69
117.532
116.278
117.6
118.495
119.495
120.456
119.281
117.415
117.31
117.037
117.583
118.401
117.322
118.962
119.527
120.413
122.108
121.42
119.999
121.057
120.057
124.097
125.628
123.475
126.925
126.396
127.224
128.034
124.639
122.827
122.931
122.837
121.333
120.932
120.361
119.503
121.823
120.287
121.055
122.802
123.9
123.7
124.385
120.578
122.363
123.674
122.525
121.234
120.499
121.489
125.44
123.097
121.681
123.332
124.052
122.053
123.766
120.498
119.19
121.513
122.979
123.092
120.652
117.511
117.686
117.349
116.65
116.156
116.884
114.527
114.581
115.744
117.985
118.259
117.389
117.497
116.239
115.609
113.923
112.649
110.92
110.696
109.847
109.458
110.007
111.145
111.418
110.292
109.863
110.293
107.881
106.976
105.723
106.085
106.197
105.622
103.549
102.17
101.879
102.893
103.941
101.285
101.126
99.9963
100.266
101.08
101.959
101.938
103.48
101.879
102.352
101.89
100.019
99.4735
100.636
102.613
102.998
102.453
101.851
104.142
104.899
107.022
105.957
104.235
103.183
105.378
105.703
106.932
106.71
105.254
105.402
106.172
106.668
106.131
107.942
109.189
107.9
108.559
107.476
108.428
108.624
109.662
108.976
108.152
108.714
108.139
107.685
107.184
106.811
107.033
108.614
108.965
110.174
110.449
109.798
109.606
109.462
109.623
111.458
111.825
113.677
114.372
114.159
114.64
115.893
118.145
118.735
117.621
120.496
122.516
123.634
123.406
124.174
124.107
122.683
124.692
126.168
125.085
124.061
124.608
125.619
125.516
126.664
124.649
125.955
123.67
120.289
118.884
118.779
118.731
118.355
116.401
116.912
118.372
117.656
119.862
119.689
118.231
116.56
117.963
119.776
120.389
120.929
123.646
124.124
123.559
125.662
125.75
126.859
127.405
126.251
126.111
125.884
127.015
127.124
127.709
127.754
127.642
128.929
133.089
132.853
132.472
131.463
130.134
130.903
133.815
135.268
132.232
132.072
129.816
127.586
128.818
129.341
127.539
127.22
126.061
124.923
126.604
127.524
126.495
125.719
124.924
125.251
126.406
128.273
129.54
131.498
132.296
131.437
131.811
129.635
129.641
132.386
130.882
129.503
130.448
132.018
130.962
130.779
129.477
131.294
131.54
132.507
132.113
137.418
136.834
135.266
136.171
136.848
138.123
138.518
140.972
142.531
143.731
144.457
144.74
143.873
145.481
148.058
147.293
147.316
145.234
144.95
144.914
146.925
147.138
147.035
148.165
147.162
145.173
147.319
149.691
146.361
148.548
148.028
145.063
143.844
143.322
145.332
143.401
145.285
147.123
147.827
147.955
147.601
147.944
149.299
148.649
149.087
149.28
150.485
152.526
152.361
156.239
158.387
154.942
157.772
157.336
155.629
