100.698
99.6527
99.7623
98.7416
97.7387
97.6184
96.607
96.6086
95.5757
95.5602
95.5824
96.7141
97.0784
97.6622
95.1769
94.8416
94.6134
94.9081
93.144
95.0516
93.9443
93.8677
93.6107
94.4843
96.9114
95.0385
97.4702
96.9266
94.0112
93.8283
94.677
92.9682
93.4348
94.5844
93.8857
93.4739
93.9818
94.233
92.8668
93.0134
94.8758
94.6808
95.4986
93.68
97.0941
98.0377
99.0268
100.243
97.3688
95.5337
94.3274
93.1169
89.9078
91.0057
92.4961
95.6729
96.3758
98.7033
100.028
101.451
100.596
99.4149
97.3769
97.2942
95.0967
95.396
93.2821
92.9081
94.7392
93.8419
92.2655
91.7155
90.6267
90.6659
92.1238
92.8537
93.4882
94.76
96.5136
98.7998
99.1614
99.1369
98.1211
97.1813
95.3699
96.2532
96.7392
95.5841
95.8777
96.4033
94.2128
97.0047
97.5453
93.9791
93.7475
93.3757
92.8785
92.8319
93.0683
94.667
94.2347
94.726
95.1547
96.4371
95.8229
94.1364
94.576
94.1278
92.7479
95.3631
95.1189
96.15
93.7697
95.76
97.0762
100.542
101.112
99.2432
99.0916
100.029
98.4758
99.598
98.8631
98.662
97.9609
96.7708
96.6475
98.032
96.9279
97.4008
96.7523
96.2632
97.0969
97.1455
96.5634
97.3931
98.1627
96.0806
96.3606
97.1841
97.5849
96.1204
98.5133
96.3369
97.3856
98.3377
97.598
97.5981
99.5029
101.525
103.007
104.959
104.732
104.969
106.099
106.901
106.532
106.173
105.966
103.59
102.716
100.895
99.3539
98.9205
99.8547
99.7847
102.236
101.293
101.803
102.002
99.4483
101.457
102.262
101.67
101.47
98.7995
96.644
94.8063
96.88
96.6492
96.4685
96.0061
95.5728
93.9403
95.6535
93.5751
94.5464
96.012
95.9823
95.9411
96.6008
97.0833
96.9076
98.2858
98.9756
100.121
100.397
100.381
99.4357
97.9822
96.9948
101.39
99.9932
99.8324
99.0338
98.5602
100.677
103.623
104.725
103.451
101.572
101.19
100.525
99.6335
98.7164
98.6082
98.8931
96.4478
96.8825
97.199
96.9294
96.8414
97.625
98.7423
98.9122
99.1353
99.2612
98.4351
98.8332
100.898
100.935
98.2157
97.374
97.7728
98.3407
99.5756
97.4089
97.7626
97.8538
97.633
97.8966
97.2488
95.1927
94.0767
94.4451
95.57
95.141
92.9626
93.4539
94.443
92.4232
92.2615
91.5448
93.0664
95.0296
93.9588
93.7983
93.7175
92.7008
93.9211
94.7135
94.2467
96.7541
94.6397
92.944
95.4358
95.5642
97.2051
95.1591
96.3798
94.1478
93.1544
93.3663
93.6411
93.9326
94.8694
95.1127
95.2559
95.0385
95.8827
93.4464
94.1768
93.7726
94.0795
95.6087
95.6219
94.768
93.458
94.0945
95.1132
94.302
95.941
95.4045
95.6038
95.901
97.2132
96.9644
97.2149
97.8919
96.0994
96.7964
97.0101
93.3393
92.0873
91.3259
90.2812
91.0387
90.6723
92.052
92.6736
93.02
93.2709
95.4507
95.795
96.7721
97.3284
97.5579
98.4475
99.3137
98.4252
99.4628
98.4473
97.7139
97.6077
96.7173
96.3904
95.8994
97.9674
97.4312
95.8447
97.1894
96.0967
95.8414
95.0806
92.7854
92.4265
91.7586
90.8811
91.7751
89.9839
89.2037
89.9725
91.0662
92.8173
92.8333
93.4718
93.7425
93.3723
93.1327
93.1204
94.8643
93.7544
94.4285
93.8763
98.1385
98.2498
97.6154
96.1893
96.2815
97.6207
94.6864
95.8623
94.4773
94.2224
94.5454
93.152
92.6516
92.4801
90.1587
90.9839
91.3858
91.4158
92.3595
94.5265
93.2829
92.6905
92.7327
92.843
92.9973
93.0381
94.0683
93.7617
92.6309
90.5085
90.7289
89.3098
89.4469
90.1718
89.369
91.4111
90.727
92.2886
92.7054
93.5533
91.4554
90.1628
91.161
88.0667
86.4789
85.8518
83.9591
84.6754
83.11
83.5723
83.1621
82.6722
80.944
80.6819
79.5365
78.8062
78.2521
78.4447
78.8008
79.7731
80.6743
80.3719
81.2098
80.8588
80.1663
78.556
78.8085
77.1071
76.9411
77.0403
75.4835
75.973
76.6797
77.1177
75.445
76.8495
75.5614
74.8658
74.9736
74.253
74.1132
74.5143
73.8312
74.4459
73.9368
74.6665
73.5538
72.1811
71.3508
70.5983
71.0533
69.9341
69.9975
70.6265
71.3241
72.1116
74.3257
74.4764
74.8601
75.5867
75.4229
76.6196
77.4109
77.6791
78.8778
78.2542
78.7484
78.6389
80.0481
79.2168
80.3517
82.7629
84.7554
84.3155
82.9552
84.9311
86.7349
87.1708
88.4491
90.3175
90.4708
88.9277
88.8148
86.565
88.9861
86.472
85.1036
85.3839
84.7007
83.2289
83.5359
84.6979
83.1302
83.5673
83.8931
82.7863
82.582
82.6749
83.5514
82.2036
82.5524
81.8243
81.4087
81.92
82.6636
84.4366
84.1011
83.8435
84.9374
85.5728
86.811
85.9124
84.9871
82.4902
82.3245
81.2509
80.9707
79.8687
78.0272
77.519
77.1969
78.0491
78.4529
78.184
78.2584
78.4123
78.6591
79.453
78.3295
80.3746
81.1263
81.013
82.7796
84.9917
84.6793
84.9816
85.6365
86.0403
85.2708
85.675
85.3937
85.0863
86.9519
86.9522
87.9872
88.6141
86.1455
84.1115
82.0621
80.271
81.2943
81.3951
83.3242
82.9023
82.7848
83.6518
82.6642
84.5959
84.6586
85.4667
85.9177
85.1531
84.0313
82.625
82.599
81.8534
82.0874
81.6933
81.9891
81.7666
81.3361
79.6544
78.5943
78.9028
78.8889
78.5113
78.7852
80.6888
81.5534
82.4807
82.0928
82.5102
82.0019
81.535
80.2508
83.0535
85.0473
84.6809
83.9702
84.0007
83.1204
83.4365
80.8607
80.8513
82.6685
83.3043
83.0687
82.5734
83.6134
82.3703
83.6574
82.0254
82.7248
82.7018
82.0082
82.9489
