99.4925
99.8149
99.8195
99.3907
98.7256
100.064
98.5154
98.3386
99.3049
98.9598
101.157
99.4272
99.5642
98.7061
99.7828
101.303
102.399
102.895
103.491
104.87
104.311
102.217
101.011
100.557
101.399
99.5402
98.4328
97.2324
97.819
99.258
98.5742
98.4596
97.7458
97.3107
95.95
95.7821
94.6176
94.024
93.2627
94.8436
94.6704
94.9724
93.526
93.1104
94.3924
95.5167
95.556
96.2237
96.9628
97.5054
97.9757
97.0831
96.2072
97.309
97.8717
98.6681
98.3671
100.165
101.278
99.8084
100.681
102.652
101.308
102.896
103.776
102.567
103.464
102.435
103.372
104.271
105.798
105.311
105.749
106.139
106.463
106.956
105.963
106.963
106.126
108.848
108.327
106.588
106.325
107.036
108.083
106.209
106.743
106.138
104.806
105.412
103.936
105.665
106.657
109.396
108.604
108.033
107.496
109.701
108.443
108.757
109.137
110.027
109.125
109.592
110.897
110.674
108.417
106.854
107.66
106.165
108.752
108.16
108.777
108.691
106.941
108.745
109.665
109.89
110.816
109.559
108.934
112.072
110.601
112.247
110.87
112.499
110.047
109.883
112.381
113.285
112.133
112.872
110.879
112.41
113.517
114.217
116.191
116.861
113.589
114.8
116.355
117.156
115.817
116.845
116.149
114.166
113.483
113.523
114.476
114.29
115.398
113.836
112.19
110.874
113.51
112.681
112.082
108.72
107.581
108.005
107.291
110.358
109.131
110.256
108.209
108.454
108.723
109.155
110.107
108.867
109.255
111.098
110.897
111.825
110.918
111.081
111.824
115.216
115.191
116.811
115.372
114.846
114.007
116.137
116.1
113.726
113.837
113.24
112.954
114.548
113.725
115.326
116.723
118.25
117.456
116.531
117.665
118.48
119.252
116.549
113.105
115.397
112.601
114.581
114.992
113.199
112.978
111.318
111.475
112.202
112.181
115.182
115.35
115.477
115.789
117.615
118.923
120.024
118.733
119.592
120.283
123.854
121.131
119.767
120.012
122.422
121.344
122.716
121.057
119.832
118.669
117.884
118.306
118.776
119.745
117.263
118.535
117.737
117.307
118.006
117.973
117.142
119.543
121.514
120.752
121.121
122.938
121.073
120.255
120.584
119.421
120.91
121.643
120.357
119.612
118.305
119.979
120.75
118.845
119.143
119.181
116.114
116.541
116.742
115.991
117.307
118.391
119.789
120.612
119.059
117.823
119.462
118.803
116.656
117.959
116.904
115.348
112.373
115.411
117.493
115.599
117.419
115.542
116.035
115.126
115.008
116.172
119.395
123.29
121.525
121.252
118.928
118.587
120.805
119.899
121.007
124.056
124.912
124.392
123.82
123.801
124.36
123.035
122.498
122.607
124.263
123.994
126.577
125.904
123.367
123.274
123.038
124.372
125.224
124.317
125.859
125.319
125.448
128.028
128.537
128.024
129.703
125.538
123.909
123.708
123.268
124.157
122.76
122.989
122.82
121.04
122.784
124.4
125.85
123.988
126.351
125.746
125.492
127.11
128.515
127.062
126.254
124.853
124.617
122.624
121.577
122.318
122.729
126.016
126.038
125.04
124.483
122.757
121.103
121.248
121.615
120.174
121.193
123.282
122.306
124.344
123.67
123.462
121.693
121.346
122.487
119.098
121.172
119.804
119.261
122.289
124.34
125.356
127.564
129.326
129.676
131.591
130.149
128.706
130.462
128.667
128.681
127.707
124.992
126.579
125.595
126.567
124.324
129.254
128.797
130.053
134.408
132.357
131.744
130.798
130.578
130.741
131.052
130.28
131.733
131.038
128.83
129.143
128.345
127.28
127.296
128.583
128.357
129.14
127.631
128.491
127.252
126.01
128.857
127.149
128.045
122.527
122.289
121.314
119.093
119.272
117.062
118.992
121.086
120.874
122.287
124.907
126.049
129.051
128.889
128.923
127.2
127.311
128.258
130.471
130.518
133.662
132.444
130.736
127.328
125.671
126.899
126.698
120.69
119.848
119.735
118.612
116.608
116.596
113.461
111.726
112.412
113.092
115.384
113.421
113.308
113.842
115.187
116.457
116.111
116.567
117.25
116.969
118.208
119.568
117.794
117.062
118.581
119.466
119.599
117.176
119.896
121.995
121.277
122.158
121.656
123.425
122.826
122.752
125.189
125.799
125.293
124.202
124.382
120.65
120.895
119.757
121.751
122.724
122.958
125.564
126.198
124.899
124.708
123.438
119.892
117.958
118.086
116.588
115.03
116.609
117.975
119.788
119.287
119.523
117.714
116.216
115.077
113.582
113.252
113.112
112.943
111.182
110.96
111.266
107.929
106.504
107.106
106.756
108.585
108.376
109.99
107.738
107.609
108.599
108.311
108.14
107.614
108.511
110.491
108.58
107.235
107.753
108.372
107.958
107.445
107.104
106.654
106.62
104.504
104.893
100.864
101.489
101.091
102.39
102.609
99.5828
102.425
102.429
103.637
104.184
103.396
102.82
101.775
100.509
101.477
102.96
101.413
102.035
100.988
103.412
103.671
104.438
106.221
106.603
105.546
103.39
101.845
101.002
101.423
101.718
102.508
103.424
104.792
102.777
101.754
101.286
99.542
98.0518
97.5401
98.4017
98.0215
97.389
96.4217
96.8983
97.8701
98.5376
99.3236
100.843
97.4392
96.8115
95.5238
95.5971
94.3136
92.4384
93.6091
93.3927
93.7812
92.9275
94.0936
