99.8172
100.766
100.16
100.732
99.5874
99.6355
100.232
100.985
99.6442
100.246
102.011
100.979
97.5585
95.806
96.1059
96.9673
95.1447
93.8717
91.4366
93.691
94.202
95.5363
95.0808
96.7182
95.9752
97.112
97.3103
98.4636
97.3759
96.6437
95.6112
97.1805
97.3116
96.4228
99.5374
98.9814
99.1368
99.0971
99.1293
100.063
99.0924
99.1453
100.279
101.832
105.2
103.667
103.135
105.086
106.685
107.045
105.854
103.304
101.194
101.113
102.847
101.69
101.333
101.681
101.611
104.578
103.265
104.782
104.916
105.488
103.427
104.07
105.254
104.905
106.377
104.863
104.87
107.302
107.832
108.651
106.302
106.317
105.973
106.925
105.308
105.989
107.884
105.84
103.906
102.702
101.932
102.521
98.8995
101.826
105.527
107.231
108.086
108.688
106.308
106.827
105.435
107.457
107.089
107.378
106.69
107.155
104.496
104.636
105.521
106.544
104.763
103.352
101.861
102.039
101.483
101.143
102.467
103.895
104.645
106.08
107.392
106.157
108.022
106.046
103.613
105.094
105.265
104.543
107.963
107.182
106.913
107.479
105.136
104.53
104.068
105.371
104.338
106.451
105.717
105.079
104.205
101.627
101.296
101.129
98.3255
96.6586
95.7227
94.7963
95.7135
95.3733
95.8587
92.6832
92.4681
92.1835
93.5851
93.5066
94.2308
95.0289
96.2186
97.2385
98.6765
97.9628
100.093
99.6387
100.799
101.162
98.6287
99.6267
99.9337
99.6037
99.967
100.617
99.2354
97.6476
97.5778
97.1184
96.1373
96.536
92.649
92.6119
91.0967
92.1738
92.4721
91.7235
92.6429
93.2535
92.4923
92.0467
91.1763
92.943
92.4842
91.5096
90.8729
91.3102
90.3801
90.2734
90.454
89.6637
90.9732
92.3159
93.5042
92.9521
91.3476
91.5583
91.9854
93.0323
93.6182
94.4631
96.0804
96.0527
96.3025
97.6952
96.1117
96.7177
100.117
102.603
101.924
101.803
102.362
102.17
102.509
100.833
102.149
101.183
102.683
103.085
103.897
101.4
102.64
100.517
96.4388
96.0331
94.9474
93.3358
96.9542
97.4557
97.3279
96.2217
94.8719
95.5018
94.7701
93.0831
91.804
90.7633
92.3002
91.6521
89.8427
89.2234
91.2591
90.3003
88.9858
87.6223
86.281
86.9563
86.1028
87.2564
85.9766
85.0442
85.4337
85.6737
84.4255
83.7928
84.9791
85.3923
86.009
84.5361
84.3613
84.08
83.9351
83.4385
83.1506
84.0868
84.3205
82.2928
81.0931
82.3099
81.7354
80.4572
80.256
79.4557
78.8309
77.787
77.9074
75.846
74.9781
74.557
75.1627
74.1355
74.4414
75.3026
74.8298
74.0098
74.3611
75.1495
74.7105
73.1046
72.7628
72.0524
74.111
74.0613
74.5793
76.1558
77.5495
76.0101
76.2077
74.5296
73.6796
72.3042
72.2184
70.6674
71.2864
71.8162
70.923
69.5413
68.262
67.4533
68.6471
68.3846
69.1496
68.1315
68.5247
68.9613
69.3714
69.9851
70.3038
69.4178
68.2499
68.2871
69.4456
68.4572
68.5687
68.5826
69.431
68.6655
68.7112
69.4233
68.036
67.8082
69.1615
68.9013
67.6536
67.0865
66.9621
66.5256
67.4313
67.2263
66.2902
65.0477
64.4124
63.2796
62.8157
63.0241
62.5815
61.9789
62.9532
62.7653
62.6783
62.3124
63.2213
63.0373
64.408
64.1283
64.8909
64.69
65.4751
66.3562
65.4851
65.2
65.701
63.7529
63.7016
63.7675
63.3541
61.9798
62.2702
61.9892
60.3635
59.713
58.597
58.3259
58.2846
58.4654
59.4691
60.3525
60.6555
60.3095
59.5433
59.8001
60.4065
60.7494
60.8504
60.871
62.1072
61.8984
60.5249
61.0205
59.8853
60.3615
59.4667
59.3651
59.035
58.7233
58.6074
57.8932
57.3318
57.0248
56.1971
55.9142
56.4499
55.7995
55.6996
54.0523
53.0308
52.8527
51.8884
51.2736
51.2863
52.0663
52.7852
51.5276
51.557
52.0222
52.6771
52.8781
53.1323
52.4116
53.4894
54.1575
54.4155
55.1138
54.3994
53.7533
54.0912
54.5864
53.6903
53.0226
53.5453
53.4009
52.2392
53.2427
53.5936
53.5639
53.2786
53.5552
53.8101
54.5572
54.7725
54.4399
54.7127
55.0077
54.2222
55.0926
54.8501
55.0536
54.2087
54.9102
55.7334
56.0585
56.0119
55.633
55.4324
54.9333
55.17
54.8649
54.2698
53.5498
53.1742
52.4742
53.726
53.8408
54.0592
52.9802
53.2965
53.6988
52.1466
51.8313
52.9656
51.8122
52.6927
54.3032
54.4801
54.8041
55.9725
54.9296
55.5438
55.231
54.7241
55.1206
54.851
55.3229
55.9137
57.14
58.027
58.8663
58.2057
57.5482
56.5097
56.2004
56.067
55.6318
56.1127
55.5392
55.0129
55.088
56.472
57.8306
56.9947
57.2195
56.7235
56.6754
55.7682
55.1979
55.8089
56.4803
56.5422
56.4692
55.6292
55.6125
56.5009
55.9016
56.3371
54.9105
56.9248
56.6438
55.6044
54.8748
55.0325
54.3085
54.8059
54.0165
54.2366
53.9937
53.7939
53.053
51.8273
51.8948
51.8137
50.9658
50.6435
50.8871
52.3496
52.4014
51.5893
51.4667
51.7401
52.0785
51.6927
51.4179
52.8008
53.2802
52.52
51.5704
50.7671
50.3649
50.4638
50.5633
50.4339
49.9515
49.8614
50.0815
49.8348
51.286
51.2046
51.0339
52.0593
52.8297
53.6321
53.3017
53.3689
54.3224
54.2192
55.666
55.2257
55.7232
55.7358
56.4115
57.6751
57.36
56.7673
56.1399
56.5986
56.1661
56.5064
57.0903
56.8209
56.9491
57.1008
57.258
56.8255
56.4198
56.309
56.8207
56.4032
55.9079
56.2702
56.7
56.9999
58.1621
57.896
57.6072
57.2747
57.7964
58.0195
58.122
58.9329
59.2458
