101.749
102.373
103.598
105.382
107.121
106.121
105.47
107.528
107.523
105.631
103.927
105.181
106.379
108.459
109.824
110.729
109.507
110.105
111.824
112.224
111.313
111.706
112.721
111.245
113.912
116.488
115.959
117.626
117.054
118.82
120.429
120.815
119.706
121.024
120.48
118.976
120.494
122.759
122.226
120.761
118.266
118.762
117.293
118.192
115.654
116.677
118.311
118.504
119.544
117.749
118.657
119.035
117.333
116.658
116.327
114.636
116.441
116.503
115.31
115.849
117.288
120.074
119.569
119.085
119.654
118.541
118.156
120.003
120.539
118.736
120.74
119.713
120.963
121.202
119.219
118.932
118.178
116.199
116.378
117.821
118.357
118.74
116.711
118.273
120.751
119.538
119.228
119.991
118.629
120.108
122.191
122.853
124.91
124.349
124.25
121.851
122.178
118.958
118.199
116.791
118.927
116.986
116.139
116.863
117.183
119.455
121.915
121.936
120.532
119.97
119.461
116.512
118.484
117.356
118.665
119.429
118.841
116.552
116.487
116.591
115.121
114.109
113.114
113.159
114.541
113.719
112.318
111.463
116.397
117.766
117.002
114.256
114.92
114.225
114.096
113.988
114.806
114.04
115.438
115.52
113.792
113.744
114.405
117.324
116.533
113.883
111.593
112.111
112.946
112.672
113.049
116.374
115.638
117.436
116.257
117.077
116.121
115.84
114.927
114.95
111.427
110.537
108.661
110.757
109.018
109.37
110.463
108.925
108.405
105.977
106.448
106.736
108.056
106.935
105.445
105.232
107.287
107.127
106.543
105.869
106.225
107.153
107.306
108.796
110.138
109.599
108.374
106.764
108.893
110.759
110.678
110.109
110.199
110.735
110.397
110.951
109.695
110.46
109.993
111.775
111.137
111.212
111.881
110.921
110.36
110.473
109.613
108.464
108.729
108.174
107.078
106.333
105.676
104.757
105.702
104.569
104.071
104.426
104.015
104.578
104.517
104.743
103.735
102.06
102.444
102.795
105.302
103.482
100.67
100.983
99.0103
97.7985
98.9041
99.1859
99.6954
99.5152
101.411
101.772
101.115
101.293
101.125
100.444
98.7967
98.9953
99.6477
97.967
97.8536
98.2513
97.4138
95.8636
95.9456
96.254
96.961
97.0698
98.5898
97.7147
96.826
97.6231
98.7958
99.1901
99.127
101.021
99.7118
99.9544
98.2189
97.3078
96.9378
94.6249
93.6864
94.6051
92.0072
93.3511
94.7284
92.639
93.4421
94.093
93.9678
92.4692
92.1646
91.4466
91.4577
91.132
90.4776
91.2416
91.4603
89.717
89.1157
86.7597
87.4971
87.1377
87.5632
86.6476
86.6714
87.9643
86.6853
89.3171
87.0666
87.0719
88.2174
88.4221
90.1064
88.7133
91.1133
90.6204
89.3395
88.6727
87.6556
86.2358
84.8828
83.7242
83.4492
85.0435
85.6993
85.3547
84.5944
84.3259
85.6352
84.9617
83.9398
84.3759
84.0639
83.0728
81.884
81.0263
80.1318
80.4411
81.6614
80.8832
81.2416
81.4488
81.4372
81.1115
81.7481
82.0916
80.6992
80.5943
79.7453
79.2525
80.5961
79.281
78.6448
78.0962
77.9018
77.5127
76.9885
78.5745
78.3695
79.2348
76.8339
76.5695
75.2789
75.6466
75.8352
74.4395
74.0164
73.2555
72.8931
74.2706
73.5239
72.9258
73.6802
74.565
76.564
77.351
77.9746
77.999
77.7859
76.9484
78.4934
78.5375
79.7323
79.6694
79.7841
79.7055
79.2279
77.6388
78.2792
79.1792
79.1261
80.6683
81.6893
82.53
81.6092
80.7547
80.278
80.7116
82.1515
82.3472
84.0178
84.8638
84.086
83.9421
81.7329
79.5525
77.758
77.4389
77.6677
77.8836
78.2781
78.025
78.3948
77.2089
77.3504
75.5763
74.797
73.9685
72.74
72.5425
72.8319
71.8791
71.5314
71.5769
71.0525
73.1324
73.5859
73.5218
72.1496
74.1297
72.2398
71.9873
69.9106
69.0177
68.4575
69.1679
69.6565
70.8647
73.1793
73.5074
74.3753
74.264
73.8415
72.42
74.3412
73.7465
73.1098
73.6093
74.5625
75.8501
76.5134
76.6466
76.1554
76.6372
77.8651
77.0473
76.4944
76.8019
77.3801
77.3396
76.1721
75.7022
75.2206
75.1113
76.0422
76.7943
74.3882
75.6292
76.4095
77.4656
78.1146
77.6443
76.5205
75.1064
77.474
77.7271
78.0576
76.2192
75.3394
74.0232
73.8711
73.739
72.0128
72.8609
71.2611
71.5084
72.3016
72.4982
72.631
73.7999
74.0738
74.3401
74.1374
72.7497
71.5306
70.6853
70.24
69.4499
69.2343
69.1547
68.0847
68.8885
67.7906
68.7771
69.6163
69.8943
68.6921
68.7042
68.804
69.4235
69.2327
68.8718
70.6637
69.2643
69.5299
70.0972
70.0384
70.1663
70.7156
69.4131
68.2189
67.459
67.0528
68.2401
66.7569
67.0742
67.382
65.6664
64.7778
65.2209
65.5084
65.0707
63.9684
62.6253
64.5643
64.5676
63.8666
63.1663
62.3429
63.1567
62.1702
61.4667
60.9783
60.8265
60.9732
60.4674
60.4315
59.7182
59.9391
59.8574
59.8359
59.3995
58.6702
57.9988
57.851
57.1403
56.0769
55.8978
54.9683
54.7671
55.3314
55.2552
54.0219
55.467
54.2327
55.1507
55.3783
54.1647
53.9638
53.6229
51.3262
51.9456
51.7975
51.6244
52.7899
53.3244
54.7378
54.0574
54.5275
55.4415
55.0244
54.4475
53.4921
52.7829
52.5487
51.5997
51.7465
52.4609
53.2442
53.3055
52.8679
53.469
52.3244
51.7186
50.9425
50.0456
49.3808
49.894
50.0907
49.2926
47.6262
47.3307
47.0789
46.5585
47.0205
46.8324
46.3194
46.4546
47.6412
47.4371
48.2239
47.6467
