99.8891
98.3265
98.1997
98.1498
96.9117
96.3853
96.1492
95.824
94.7834
94.154
93.4363
92.8229
93.297
92.3716
90.404
88.9442
88.5881
87.3136
87.2889
86.9303
87.962
87.7673
86.4164
86.6744
86.2979
85.6828
84.5598
86.2858
86.5117
86.4485
85.994
85.1188
85.8198
86.1391
87.063
87.4621
88.174
89.3767
89.6689
90.4445
90.5178
90.2254
90.5738
91.5641
91.0341
92.3383
91.1247
90.7766
90.5505
91.8458
91.8269
91.214
91.4058
90.3797
89.2109
90.197
90.882
90.3984
92.6154
92.4305
93.7597
92.5742
92.7037
91.5931
92.8145
91.8852
92.2353
90.6872
89.3361
89.3048
89.1404
90.9039
91.0539
91.6126
91.5295
90.6724
88.6186
86.6329
86.775
87.7648
88.8501
90.3439
88.3053
88.9121
89.0836
89.6516
89.4495
90.0468
89.7395
89.1103
89.3197
90.0729
92.2178
93.0511
95.8209
94.9775
92.4717
93.211
93.1914
92.9593
93.0113
93.1916
91.8801
91.4807
91.5671
92.4078
92.6404
93.0255
93.1023
94.3385
94.3502
94.38
94.2497
93.4582
92.2233
93.0585
92.462
93.5758
92.5027
92.5145
92.0595
90.7626
89.4035
89.3736
91.1227
89.2251
89.331
90.2883
91.5011
89.092
90.6268
92.3643
91.7205
91.8274
91.4579
93.025
95.3684
96.2491
95.1282
95.5142
95.9149
97.344
97.3977
97.8637
98.7238
99.1888
99.7617
98.4629
99.1995
96.9986
95.5526
96.3554
96.4449
96.5884
96.2535
94.3582
96.3524
96.4852
99.6602
101.632
100.262
100.392
100.911
101.205
102.719
102.42
102.942
103.571
103.742
103.684
105.054
104.303
103.034
104.331
104.485
106.419
105.823
107.618
108.019
106.483
106.24
105.576
104.841
104.753
105.295
107.182
106.576
108.378
108.156
108.241
106.854
106.284
108.223
108.699
108.767
110.637
110.727
110.896
108.301
106.88
107.07
106.547
106.19
104.565
104.202
104.384
104.337
104.356
105.088
104.733
103.709
104.185
106.364
108.266
109.121
109.516
110.072
109.001
107.78
107.098
107.314
107.059
108.407
107.963
110.682
109.704
110.925
110.5
110.331
110.92
109.813
108.584
105.97
107.063
106.092
106.983
106.997
106.328
108.269
108.95
106.668
107.617
107.274
109.728
108.763
107.503
106.32
103.674
103.531
101.84
102.031
104.995
106.36
106.471
108.519
109.676
110.543
111.431
110.662
111.241
112.84
113.886
113.634
114.782
116.812
119.201
118.107
115.458
115.313
114.486
113.039
115.37
115.507
115.996
115.42
114.988
117.354
116.984
117.645
116.712
118.738
118.618
118.163
117.647
119.444
117.396
118.681
120.028
120.514
120.886
119.692
119.804
120.962
118.833
118.305
119.021
121.488
121.197
119.881
121.315
121.361
123.118
119.819
120.581
118.84
119.771
120.451
121.831
120.704
121.98
120.307
119.736
120.847
122.412
120.447
120.419
120.109
120.022
120.145
120.246
119.103
120.344
119.327
115.949
114.37
114.424
112.954
112.007
113.323
113.563
112.699
111.895
112.484
110.818
108.892
109.089
108.351
107.035
107.37
108.716
110.401
108.91
109.354
107.824
108.835
110.48
110.819
110.159
111.825
111.714
110.753
112.43
111.034
111.03
112.699
112.777
114.063
114.27
114.107
115.469
115.243
117.523
117.062
116.072
115.639
114.21
112.782
112.49
113.547
110.771
110.227
112.328
113.007
112.784
114.11
113.79
113.305
112.906
111.994
110.378
110.666
111.634
112.793
114.401
113.254
113.349
113.748
112.942
109.525
110.534
108.728
109.543
107.633
110.528
110.715
111.283
110.58
110.098
110.899
110.487
111.038
111.051
110.335
110.608
109.155
107.633
105.788
106.201
105.778
107.172
106.846
108.053
109.321
109.202
110.637
111.36
111.232
112.066
113.247
110.92
112.055
114.436
114.888
115.595
116.912
116.791
118.957
117.312
118.969
118.964
118.603
119.245
118.715
118.22
118.479
118.381
115.231
115.548
113.429
112.429
113.55
116.342
114.011
114.609
115.847
113.805
114.15
112.669
114.618
114.874
116.077
116.806
118.482
120.333
120.122
119.48
118.396
116.24
114.745
116.51
119.231
120.833
123.16
122.499
123.184
123.194
120.391
119.412
118.732
120.568
120.296
120.779
118.446
116.318
115.793
114.932
115.934
113.383
113.198
113.68
113.62
111.475
113.27
112.371
111.141
110.856
110.485
110.564
111.315
110.512
108.223
109.749
109.668
110.637
113.553
115.247
115.407
111.76
109.314
109.806
109.261
110.091
109.668
108.866
107.081
107.491
107.515
106.156
107.421
105.423
105.613
106.022
105.876
105.676
105.895
104.309
104.572
106.433
106.778
107.574
108.646
108.228
109.027
109.56
107.16
108.746
108.387
109.256
109.824
110.655
110.883
111.87
112.858
112.175
110.396
111.372
112.668
111.616
111.041
112.31
110.727
110.663
110.757
111.648
111.48
112.788
113.958
113.999
113.814
113.02
109.452
109.612
112.097
113.475
110.955
110.543
111.53
113.107
111.487
115.125
114.577
115.684
115.568
114.858
116.379
117.935
118.401
118.887
120.894
122.515
126.55
126.41
126.561
124.831
124.552
125.029
121.998
120.761
120.33
120.087
119.995
120.696
120.146
117.981
119.92
119.216
117.564
117.579
116.603
118.985
119.91
120.647
119.335
118.872
118.936
117.238
115.865
115.856
115.489
114.798
