99.1494
99.1132
99.624
98.6428
100.517
99.963
101.606
102.358
102.082
104.483
103.977
104.215
104.231
104.229
103.196
103.984
103.897
104.387
104.296
103.234
101.253
100.062
98.4437
97.9822
98.2664
98.4753
99.1896
100.795
100.509
101.46
101.201
101.33
102.407
102.043
101.01
99.8804
99.4169
100.326
100.847
100.318
100.525
99.3977
97.8246
96.3993
96.4071
95.584
95.6547
97.2029
96.3622
95.8262
94.6856
93.2241
94.2764
94.4224
95.648
97.1657
97.3618
98.6366
97.9291
97.022
97.5965
95.5669
94.8149
94.5533
95.3131
95.0147
95.2622
96.4245
97.868
97.1068
97.4481
95.7019
96.4495
96.1018
96.0758
96.8207
97.8339
97.6806
98.0612
100.591
100.056
100.824
100.051
101.775
101.488
99.7978
100.323
98.402
98.3747
99.6576
98.4272
96.8721
97.7566
96.9724
98.5357
98.7297
97.4563
95.7964
95.0965
94.7069
92.0951
90.8004
90.1242
90.5217
91.5767
91.1912
92.9803
94.8204
94.2339
96.4006
96.9018
95.8374
94.4394
94.8524
94.8382
95.1952
95.1127
97.2931
99.2189
99.5658
101.251
100.795
102.159
103.322
104.341
104.57
103.027
102.587
104.766
105.74
105.695
103.654
100.603
102.599
99.902
102.657
103.177
101.826
102.108
102.086
102.643
104.236
106.318
105.166
104.402
104.042
101.819
103.731
103.87
105.041
108.462
106.04
106.607
110.647
110.893
110.101
109.003
108.465
107.73
108.845
107.426
107.401
107.45
107.664
109.626
108.863
111.44
112.923
113.556
110.95
109.305
112.301
115.099
114.738
113.946
113.622
113.823
111.91
111.665
112.546
114.026
113.613
114.729
115.024
111.768
112.714
113.037
115.541
114.993
115.716
113.243
113.453
111.763
111.357
111.225
112.25
113.027
110.801
109.224
109.492
108.594
111.3
112.098
112.529
110.854
109.667
108.845
108.098
109.095
107.396
106.735
106.087
104.055
105.665
106.251
108.627
108.324
107.737
108.278
109.276
111.11
111.257
107.714
108.955
107.35
107.627
106.07
107.355
107.95
109.608
109.633
109.857
109.535
110.271
110.251
110.461
110.979
110.433
108.838
110.192
109.949
108.786
111.51
111.003
111.821
113.622
114.494
115.346
116.316
116.103
116.372
114.563
113.861
111.781
111.44
113.682
113.153
110.951
112.665
111.244
113.205
113.467
111.959
112.556
113.395
113.493
113.639
112.681
112.42
114.654
113.411
112.79
112.985
116.648
118.51
119.347
117.184
117.91
119.283
121.383
121.417
119.125
121.619
120.668
118.731
120.269
119.285
119.013
117.073
115.259
116.735
117.394
118.641
119.995
120.674
121.272
119.46
119.052
118.285
119.637
120.25
119.193
118.458
118.682
117.834
117.504
115.221
117.263
116.806
116.929
116.688
114.621
114.982
115.149
116.124
117.35
116.89
115.805
115.39
115.71
117.186
117.922
119.477
121.11
119.966
120.911
119.911
118.291
117.341
118.99
122.902
122.867
121.892
121.722
118.925
118.913
117.417
117.063
114.685
114.531
113.484
112.95
111.056
109.774
108.579
106.285
106.546
105.682
104.333
105.883
105.21
103.008
101.429
102.936
102.28
99.856
100.503
101.88
102.623
104.884
104.413
103.536
102.734
103.125
102.625
103.53
103.018
101.902
104.319
103.476
105.852
109.171
108.966
110.196
110.704
113.374
110.81
110.663
111.051
113.478
114.566
115.948
117.497
118.372
117.763
117.902
114.379
111.836
112.869
113.106
110.794
108.272
106.071
105.974
108.648
106.141
105.935
104.602
104.692
103.367
103.074
103.91
104.107
103.616
104.867
105.321
103.907
103.782
103.434
104.695
106.024
107.369
107.871
107.764
107.725
107.038
108.716
111.086
110.903
110.32
114.065
112.787
114.301
115.975
115.107
115.248
116.99
117.898
117.498
115.577
117.688
118.628
118.971
118.176
118.262
117.312
118.593
119.115
120.837
121.096
118.767
117.362
114.406
114.1
113.452
112.686
112.158
111.331
112.152
111.339
111.184
110.367
110.643
112.773
111.366
112.109
111.03
109.356
110.704
111.12
111.667
111.59
114.132
116.09
113.208
111.595
112.002
111.115
109.588
108.047
108.611
111.491
111.484
112.497
111.818
110.313
108.832
106.493
108.003
110.102
110.883
110.324
109.872
109.831
110.404
110.428
112.353
112.246
111.658
110.228
113.99
113.382
113.104
114.728
114.69
114.041
111.726
110.32
109.762
107.99
108.044
109.537
107.694
107.496
109.376
111.469
109.344
109.577
111.343
112.574
113.967
111.864
109.429
111.231
110.544
108.99
107.464
106.93
109.071
111.435
108.764
111.342
111.185
109.896
108.646
107.942
106
107.582
108.596
109.333
107.888
107.297
105.243
105.553
105.776
104.005
103.257
104.272
103.494
105.28
102.823
101.13
102.815
102.797
103.496
105.047
105.548
105.736
107.518
108.135
108.234
108.342
108.082
109.829
109.626
108.18
107.147
108.952
106.893
106.544
107.769
107.964
108.272
110.195
109.555
111.173
109.286
107.31
107.524
104.494
104.013
100.585
102.832
103.558
103.638
104.041
104.556
107.779
106.471
105.96
107.006
107.628
110.834
113.515
111.307
112.786
114.407
113.451
112.827
113.091
113.545
113.494
115.071
115.797
118.065
115.208
116.518
116.516
115.063
116.289
