100.013
99.5863
99.3088
97.1717
97.7648
98.3503
98.0516
97.9319
99.4392
99.5324
100.361
100.522
98.9319
97.9426
98.8794
99.0681
99.5348
98.8807
99.903
99.6808
100.082
100.169
100.132
99.0253
98.9646
99.7398
100.794
102.228
102.145
100.801
99.9058
99.4763
101.776
102.876
99.696
97.8062
97.405
97.1825
96.6671
94.5426
94.6057
93.6961
93.8716
92.6396
94.4356
93.8658
93.4629
91.4935
90.969
92.0825
90.2432
89.931
90.2141
92.2357
93.4353
91.0659
91.5743
91.2912
89.7598
88.6792
88.7676
88.2297
87.1135
87.2375
87.3283
87.5682
88.0173
90.2614
90.5109
90.8435
91.9845
90.9995
92.2736
95.3936
95.7041
94.5403
96.1559
95.6574
96.0572
97.4721
97.2569
97.8386
99.9661
98.9492
100.635
100.386
102.087
102.615
103.719
104.224
105.018
102.395
103.216
103.127
103.963
103.647
103.159
102.095
102.103
100.997
101.336
102.658
100.214
98.3195
97.3793
97.0542
96.1129
97.5505
96.7525
97.023
97.4103
97.7842
96.4687
95.1313
96.3466
96.3149
95.7298
96.9105
96.2284
95.6198
98.0575
96.4427
98.4592
99.2533
97.4173
97.0249
94.7447
94.9103
96.9158
95.4041
95.2896
97.9865
99.7228
98.1081
98.4722
96.9683
99.7148
100.874
99.4159
101.61
103.216
103.801
106.547
106.616
105.311
106.356
107.2
107.018
106.12
108.002
107.558
107.294
107.362
106.657
107.826
108.348
107.669
106.842
105.385
106.077
107.333
107.049
107.475
107.373
109.103
110.01
112.154
112.975
114.849
113.229
109.977
110.309
112.152
110.748
112.809
114.351
115.502
114.784
112.09
113.237
114.581
113.543
115.001
114.554
115.104
114.002
114.286
112.263
111.825
112.148
110.887
109.882
107.773
105.554
106.637
106.429
105.584
102.72
101.244
100.041
98.5233
98.7543
98.3533
97.6728
99.7326
98.0129
98.6209
99.4752
98.6235
97.7769
97.4451
98.2658
96.4992
96.2387
96.6313
95.4065
96.0088
95.5719
95.5004
94.8835
95.2752
94.2754
96.049
94.9316
94.8259
93.0549
91.4424
93.0619
91.7558
90.1325
91.8938
92.1387
90.8518
89.01
89.6783
88.3986
87.5212
87.9231
86.2293
87.0743
85.7859
85.988
84.8366
85.1884
85.1613
84.7088
84.2679
83.4188
82.6261
82.2868
81.3696
83.2157
82.6739
80.7603
80.3615
78.222
79.305
77.6558
77.2513
77.9632
76.7768
74.8482
75.7481
76.0024
74.2136
74.3942
74.4282
72.9245
71.1355
70.8028
70.5805
71.9282
71.8871
72.4558
72.842
73.3109
72.9468
72.4402
72.3436
72.2433
71.645
70.0366
70.3503
70.108
69.1667
67.8871
68.3857
68.4333
68.6462
68.5648
66.4256
65.5854
64.8172
65.3007
65.991
65.6923
66.149
64.6916
65.3176
65.3948
65.9624
65.0043
66.1463
66.1296
66.2583
66.3124
67.2977
66.3939
67.6653
69.3187
69.1835
70.3524
69.6969
68.8827
68.749
69.8833
71.2657
72.501
72.0078
75.3854
74.237
73.5877
71.6682
71.3576
70.8292
70.6748
72.1817
72.4624
71.4044
71.2897
71.3144
70.2639
70.4489
70.3911
70.6772
69.5776
69.9683
70.7156
69.7086
68.7246
69.0847
70.7791
70.7853
70.9264
70.8931
70.997
70.6505
72.5314
72.2204
71.5628
70.8723
71.8468
71.3019
70.4882
70.7754
70.3368
70.4945
71.8033
70.9595
70.5184
70.6097
70.9734
71.9962
72.4229
72.8107
72.3148
72.1312
73.0797
72.5141
72.2318
71.0095
71.4352
71.6993
71.4981
72.5939
72.6377
71.0411
71.9594
70.3482
70.1923
70.9716
70.7583
70.1742
68.8842
69.0885
68.8128
68.0378
68.6543
68.3884
68.7905
69.378
67.9046
67.6471
68.5072
69.1391
69.2575
70.6134
71.1035
70.3715
70.5234
70.2138
69.3311
69.1327
70.2172
70.496
68.3115
68.1998
67.6202
67.4835
68.1316
68.0305
67.3801
67.0704
67.1666
66.6611
66.6809
67.5497
68.8255
69.0387
67.4556
67.2361
66.5179
66.7533
66.0854
68.0624
69.482
67.4944
66.9183
66.4984
65.4453
65.2981
65.7651
65.7366
65.884
67.2612
67.0346
64.9535
66.5365
66.3076
66.0109
66.8521
65.911
64.9752
65.6199
64.479
64.7718
66.2575
66.0532
66.2416
65.7286
65.7355
65.1484
64.3997
63.8256
63.1312
62.0254
61.2047
62.0163
61.6428
61.7161
61.0883
61.4708
60.8548
61.8814
61.7939
61.1824
61.073
60.8153
60.4842
60.5012
60.6787
58.8089
59.013
59.2799
59.2653
59.1732
57.9856
58.247
58.7365
58.3418
59.1522
58.9671
58.6697
57.8455
58.3384
58.3088
57.9861
58.1655
59.5817
60.2218
59.5892
58.8414
59.8057
60.012
59.929
59.7501
58.7083
58.9993
58.8388
58.4307
58.766
57.8177
57.9454
56.7671
57.5472
57.6315
56.8299
56.0116
55.0922
55.7407
55.76
55.842
55.858
55.7876
55.5541
55.5962
56.3521
56.1332
57.759
57.5575
56.5185
57.2898
57.7751
56.9103
58.0858
57.5943
57.0825
56.5197
57.3241
57.387
57.4514
57.7645
57.9284
56.7451
56.7269
56.3752
56.305
55.694
55.9175
55.5877
55.7028
55.4881
55.5839
55.2718
55.6683
55.7569
55.5645
55.6183
55.2075
54.8386
54.1601
54.1034
53.7706
53.9179
53.1054
52.555
53.0765
53.5339
54.7231
54.6485
54.7562
54.9677
55.2484
54.4373
54.5987
53.8543
54.0102
53.7396
53.3156
51.9598
50.728
49.7951
49.0908
49.1033
48.5305
48.2243
48.362
48.1606
48.4947
47.9062
48.369
46.8163
46.8795
47.2491
46.2339
47.2541
46.8689
46.0216
45.1783
45.9884
45.9644
45.0282
44.5533
45.1793
44.9507
43.591
44.3959
44.9753
45.224
44.7743
