97.9152
98.6727
98.2998
95.9066
95.6485
96.9718
95.4469
93.8456
93.7042
94.2735
93.3614
93.3837
93.0123
93.9395
93.9867
95.0855
95.3769
94.1777
95.5049
94.1631
93.6892
92.3419
92.4939
92.4746
92.727
92.8781
92.7055
92.2331
90.6565
90.3047
89.2232
86.4502
87.4419
85.6202
84.2424
82.8803
82.9665
84.5907
84.1655
83.8191
84.8886
84.1531
83.0181
85.4436
83.6505
83.2868
84.4657
84.3417
85.2103
86.3699
85.1862
84.6752
84.2697
83.3376
83.1212
83.6392
82.9018
84.2066
86.3544
86.1245
85.6648
86.3728
86.0072
87.1365
84.9247
84.4347
83.2626
84.6626
85.2002
85.7154
85.7741
86.0528
87.3912
88.3915
91.4237
91.7834
90.5799
92.6577
90.1269
90.262
91.7736
93.6254
95.572
96.9481
96.7283
94.08
92.4259
91.7916
93.3011
94.4819
93.9377
93.9908
92.809
92.4505
92.4938
91.0331
89.2455
88.337
88.5432
87.6876
88.6684
89.8563
90.1599
88.6541
87.6105
89.2757
90.1011
89.3064
90.1848
89.7124
90.3998
88.7393
87.5933
89.8747
91.3716
91.1394
90.6179
91.4405
92.4721
92.6072
93.7155
93.4856
92.7772
92.8613
91.9025
90.2269
90.9895
91.0132
91.2781
91.6606
92.2884
91.2016
92.7102
92.5883
90.7529
90.1541
91.1378
88.0045
88.4926
87.1903
85.3369
86.6082
86.3543
84.269
83.6897
84.5787
84.6143
83.7851
84.9423
85.8111
85.2628
83.485
83.1232
82.7801
83.7761
83.8951
84.1538
84.9432
86.0374
86.3175
86.1886
85.2815
83.8479
83.8558
84.2216
84.5879
84.67
85.4871
83.3217
82.7532
84.5215
85.832
86.2909
86.6758
86.2179
86.4622
85.5295
85.5991
84.8714
85.3806
85.4488
84.8172
82.7744
82.418
82.357
82.8075
82.3374
81.6902
83.1774
84.1254
82.9418
81.7958
82.3205
82.2368
83.023
82.8295
82.7651
80.5551
79.4174
79.3829
78.0241
76.3034
76.4327
74.324
74.4368
75.3494
74.1151
74.8022
74.2186
75.3634
76.3737
78.4018
77.3811
78.0179
78.0311
76.3272
75.4616
76.2612
75.6658
77.0166
74.2538
74.3281
73.9016
73.4418
72.657
72.2097
73.4039
72.5318
71.4534
71.0782
70.6578
70.9947
72.2098
72.3708
71.6725
70.2031
69.3229
68.2712
69.1275
69.5918
70.1775
68.9001
67.1154
67.6119
66.2242
66.3972
67.7926
68.498
68.1427
68.7669
67.8404
67.2864
66.2863
65.1822
64.4509
64.9052
64.1765
65.2416
65.1333
65.6845
66.249
65.3331
65.2371
64.5447
63.8338
64.2043
64.6335
63.9779
62.9652
63.1154
63.673
62.9128
61.7916
62.6818
62.1184
61.1089
60.4682
60.4594
61.3336
60.2084
60.3117
60.1947
58.7351
58.8162
58.1031
58.7057
59.5116
58.7618
59.5188
60.7411
60.21
58.9782
59.301
59.1971
59.8571
60.2217
61.3133
64.6416
64.4807
65.2276
65.8587
64.9688
65.8747
65.1952
63.3359
61.7057
61.9305
61.4665
61.9942
62.7957
64.411
63.8966
62.8618
62.0092
62.6215
62.0776
61.7023
62.5362
62.7441
62.2383
63.1685
63.4073
62.8694
62.9012
63.2347
62.7892
63.4099
63.2712
64.5129
64.6243
64.2997
64.6069
63.4081
63.492
62.4942
63.3572
63.2422
63.1484
63.1152
64.5095
64.8338
65.1685
64.3174
63.3881
62.2211
62.2909
62.1274
61.3831
61.0382
62.1802
61.6905
62.0691
61.8495
63.9397
64.0988
64.7536
65.9021
66.5501
66.5199
64.9886
63.813
65.3018
63.8841
64.0763
64.4972
64.5819
65.1791
63.4696
64.6904
63.5693
63.7116
62.6846
62.5328
62.2079
61.4451
62.7562
62.5214
61.3955
62.1385
61.9042
62.637
63.3555
65.1237
63.7345
64.6827
65.0929
65.3407
64.9855
66.7755
67.4722
67.5812
67.5617
66.3555
66.2161
66.7333
66.0647
67.041
69.4197
69.8222
67.6738
69.3951
69.2627
70.5093
71.1062
71.0652
69.4266
69.6711
70.5482
70.2751
70.9257
71.6784
72.1014
71.3974
71.0885
71.6323
72.3353
72.4208
72.825
74.2633
74.4962
74.4165
72.8967
70.9216
71.0133
71.8463
71.976
71.0774
70.7803
70.8276
70.392
70.2369
69.6675
69.5116
70.1332
69.108
68.7672
67.5584
67.4108
67.212
66.9455
66.1336
66.4865
67.0608
66.4923
67.3039
66.7276
68.6796
69.9896
69.944
70.2626
71.2421
72.5585
72.3484
72.804
72.4882
72.0292
73.494
74.0107
74.7413
73.8157
73.3507
73.2853
73.9076
74.72
75.2872
75.0209
75.6187
76.0701
77.5595
76.9053
78.6101
78.4312
76.6382
75.2625
75.3297
74.7485
76.109
76.2431
74.5724
74.2349
74.9964
75.9605
73.9416
72.7011
71.5265
71.0441
70.6874
70.871
70.4151
70.4458
70.1753
67.3422
66.1896
65.9691
65.5502
66.2087
66.2644
67.7645
68.2042
67.9862
66.8701
65.2914
65.2126
65.9794
68.1162
67.3755
67.8859
67.778
66.7943
67.7332
68.249
67.1308
67.4026
66.7782
67.2921
67.3695
66.5675
67.0652
66.7586
65.9342
66.3764
66.1104
67.0132
67.081
66.9558
65.9643
64.4261
64.8519
63.6136
62.202
61.28
61.7241
62.9613
62.2389
62.5278
63.1605
64.084
63.2164
63.0587
62.8464
63.0645
62.6652
62.9878
60.5584
61.5628
61.8165
62.1556
62.2792
63.7101
63.2939
64.5056
65.9615
66.6031
66.7597
65.8383
65.9275
65.7741
67.1948
66.1603
67.4684
67.3389
66.4447
67.1213
67.5489
68.7139
68.1249
66.6237
65.4766
65.7447
66.3619
66.5009
66.1931
65.1246
64.5622
65.7969
67.1612
67.642
68.6675
69.8789
69.7273
68.6853
68.6828
68.0219
68.4206
68.9426
69.6394
68.0777
68.8608
67.1657
67.6251
66.89
67.233
69.1824
68.9684
68.3844
69.8091
71.5172
71.725
70.8705
71.2935
