98.5278
99.6549
99.3322
98.0978
99.614
97.9753
97.0605
97.0622
95.6065
98.6152
95.2302
96.9222
97.877
97.9533
97.9443
98.3142
96.042
96.6924
98.3383
99.4925
98.8998
99.359
100.561
101.123
102.569
103.521
104.538
107.776
107.305
109.248
111.494
110.523
112.236
110.594
110.541
110.249
110.523
110.319
110.251
107.799
105.421
105.278
106.455
109.684
109.758
108.648
107.724
111.377
112.016
111.989
111.654
110.318
111.386
110.907
109.19
106.387
104.591
103.362
103.427
104.228
104.129
104.381
104.631
102.306
104.697
107.147
108.324
110.225
109.097
107.074
108.248
106.547
103.318
103.293
103.313
103.979
102.387
100.511
100.614
100.113
100.243
101.274
100.822
101.668
102.484
103.827
106.024
109.717
109.953
109.519
107.115
106.547
106.97
107.553
108.183
106.818
105.716
104.303
104.671
104.044
106.35
106.848
107.169
108.836
109.355
110.747
110.119
110.223
109.681
110.347
109.722
109.445
108.174
109.064
107.381
108.011
107.352
107.367
105.975
105.768
107.216
105.81
106.007
105.298
105.333
104.27
103.156
101.054
100.348
99.6851
102.766
104.705
101.86
101.207
100.864
101.561
101.025
103.404
103.255
101.309
100.498
101.445
101.636
103.282
101.252
102.458
101.24
99.1253
99.3226
101.03
101.542
102.479
102.268
103.014
102.362
102.844
103.989
106.467
107.577
109.206
107.307
107.057
106.159
102.003
102.565
101.004
99.5591
98.0291
99.2626
99.2504
100.729
99.8719
100.537
100.876
99.4744
97.5825
95.6748
96.3102
95.6479
96.2971
96.5497
96.3813
94.9425
95.5119
96.3268
95.9002
94.9892
93.2454
93.4899
94.585
93.9941
94.5039
93.5043
92.8146
95.4883
95.3675
94.9278
95.1702
95.3913
95.5022
96.4175
95.5728
97.1553
94.5184
95.3575
94.1123
96.221
93.8903
93.5803
93.8033
94.213
93.2588
91.2792
93.0892
94.406
96.4207
95.5791
92.6737
95.0612
94.936
95.5516
96.0547
93.8436
94.1073
95.0791
95.7084
93.728
95.0071
94.6096
94.3028
93.3513
93.5092
94.0041
94.2303
95.4545
94.4951
94.744
96.0929
95.5653
96.3104
95.6469
96.9947
97.474
97.7957
99.5424
99.5663
100.772
99.8813
101.09
101.371
102.844
103.707
105.996
104.93
103.947
104.246
103.618
103.328
103.236
103.707
103.654
103.963
104.926
103.705
104.009
103.303
104.797
104.708
104.078
105.173
105.901
107.117
105.888
105.093
103.021
105.138
106.404
105.703
104.793
105.627
106.539
109.663
109.055
110.4
108.061
107.086
108.433
107.97
106.975
106.841
106.056
104.365
102.954
104.21
103.637
103.909
105.876
106.335
104.701
105.813
104.339
105.319
106.167
107.447
110.387
109.589
109.294
109.268
108.358
108.87
109.149
111.14
109.416
108.633
109.83
108.744
109.198
110.19
111.863
110.346
112.615
112.007
112.593
111.729
109.808
110.844
110.27
108.93
108.611
109.421
109.55
109.257
110.315
112.283
110.385
110.157
109.484
106.332
107.733
107.176
107.454
106.076
107.114
106.504
105.118
105.324
105.201
106.786
107.208
107.795
106.821
107.496
108.292
109.93
110.236
110.966
112.547
116.281
115.661
119.063
117.64
119.987
119.274
118.918
116.183
115.538
116.801
118.275
121.611
123.258
122.887
123.507
126.228
126.232
128.891
129.501
131.56
130.269
129.462
130.757
130.306
131.944
131.503
128.349
127.129
126.799
124.2
128.742
126.692
126.389
125.352
127.169
127.154
129.935
133.214
135.709
135.029
136.994
138.538
139.144
138.073
134.676
133.734
134.167
129.074
130.924
131.016
130.496
132.097
132.294
134.856
134.201
132.827
132.779
132.454
132.314
132.75
130.967
128.576
127.24
129.019
131.394
130.624
132.09
131.651
132.944
133.285
132.114
131.547
129.387
129.443
126.712
126.559
129.061
131.851
135.793
137.599
134.05
135.015
133.615
132.82
132.673
134.813
133.224
135.134
136.134
134.878
138.732
138.862
142.108
139.972
141.338
140.106
140.388
139.396
138.359
140.251
142.971
145.312
146.862
148.719
146.74
147.28
146.574
147.605
145.223
146.034
145.778
145.76
145.937
145.171
141.172
142.634
140.305
139.885
139.739
142.614
140.301
138.963
138.073
138.965
138.619
139.962
138.154
138.394
138.863
140.355
139.522
137.768
136.415
135.922
135.425
136.142
135.702
134.773
135.774
135.559
135.581
135.43
134.959
133.436
133.443
133.298
132.238
131.565
129.858
130.233
129.634
129.619
128.628
129.02
131.813
132.415
130.699
130.234
131.353
130.604
130.871
129.62
130.096
131.159
131.92
132.643
133.163
132.433
132.008
130.397
130.231
130.337
130.333
129.819
130.766
130.151
126.548
128.366
128.316
130.765
129.593
129.628
128.065
127.359
128.435
130.224
128.366
128.442
129.938
132.067
134.403
134.613
134.578
133.445
132.683
134.521
134.212
134.558
133.59
130.02
131.673
129.24
128.54
126.878
127.915
127.764
129.368
128.936
128.731
129.702
130.49
131.71
130.837
128.865
127.708
128.548
125.234
123.699
122.678
125.247
126.144
126.203
126.373
126.162
129.521
128.64
129.528
127.811
130.06
129.754
129.925
130.317
131.34
134.492
134.751
132.25
132.597
131.202
131.889
127.713
125.738
125.56
123.392
