100.55
99.369
100.234
100.435
98.9463
100.299
101.224
100.668
101.3
99.4449
99.7533
100.456
99.8807
100.78
100.309
101.686
101.613
104.382
103.489
102.348
100.227
99.6146
101.113
102.753
100.723
97.9017
98.0812
99.5184
98.3339
98.5712
97.5347
97.8804
98.5661
97.7308
98.196
96.1811
95.4809
95.9698
95.2333
95.942
95.1181
96.1043
96.6608
96.1524
97.2023
97.5996
97.4935
97.3567
96.4857
96.537
96.8138
96.4204
96.1722
95.9246
93.812
94.1235
93.5265
93.5961
93.9456
94.4797
96.9078
96.4818
97.3775
97.0102
96.5394
97.2331
97.8953
98.6142
100.136
100.964
101.118
99.4084
100.35
98.6436
98.7254
98.7368
99.015
96.8559
99.5876
100.501
98.7609
99.2673
99.9434
99.5435
100.405
99.1476
99.3851
99.8519
99.0689
101.797
101.159
99.0849
97.4537
96.7664
97.0289
97.8615
95.6356
93.5097
93.15
92.1111
94.0172
92.5637
91.9964
91.7456
92.6448
92.7045
93.6445
95.0608
93.8482
93.7937
92.2427
90.0852
89.798
90.6327
89.6376
89.9563
88.757
86.0081
87.0795
88.5566
89.7694
89.4383
89.3826
88.6713
88.9296
88.8135
89.0891
91.9993
91.5475
89.2073
90.4846
88.7117
89.7793
91.0186
90.3658
88.8523
88.473
91.0413
91.2738
91.5145
92.1622
90.9126
91.6655
91.1753
90.3667
88.9203
87.5743
85.9754
86.8624
85.874
86.1968
86.7087
88.4292
89.3425
89.6409
88.5582
89.0068
89.0174
89.2869
88.3805
88.6918
88.7821
88.4538
89.4817
89.7597
91.5431
91.6264
93.1079
93.0143
92.0533
90.777
92.4715
90.9771
91.3287
92.7996
92.9204
90.5738
89.2894
88.6959
87.9465
88.2264
91.1579
89.8916
90.1777
91.4776
89.5097
87.9757
89.6868
89.9331
89.9408
89.6709
89.6663
88.4112
89.4705
88.6023
88.6015
88.2552
89.3903
90.823
90.6224
90.332
89.4389
90.1672
89.1935
89.259
89.1001
88.1839
88.1234
87.1926
88.2707
88.3795
87.7928
88.1874
85.5128
86.6469
85.4706
87.4568
87.7386
86.79
86.6291
86.19
87.5543
86.7879
87.8573
88.2707
87.5134
88.4541
88.8061
89.2595
89.5048
89.7491
89.4255
89.5217
90.0827
89.4887
91.5129
91.3558
90.7876
90.9024
90.3069
91.5958
91.4822
91.7988
92.5001
93.7433
93.3308
93.0612
92.8275
92.531
92.8677
91.5199
93.0955
93.664
91.5353
90.6543
89.2102
90.6549
90.8367
89.144
89.6203
89.6357
90.2521
88.8881
87.5878
87.9662
89.0789
89.3797
91.624
93.1412
92.6521
91.4205
93.9307
91.5526
89.989
91.1936
92.435
93.7779
93.5194
92.8062
92.7767
93.0954
92.9207
96.1905
99.0095
98.1259
98.5855
98.7029
100.334
100.907
102.024
102.548
103.826
103.083
102.607
101.872
102.599
102.867
101.186
101.799
102.624
103.798
102.573
100.505
99.6398
99.8518
99.478
100.976
102.364
100.24
99.1753
97.7105
97.2232
97.6734
98.6609
100.026
99.8035
99.2986
100.657
102.779
103.148
102.937
104.615
106.088
105.144
106.381
107.943
107.879
110.249
110.215
111.943
115.773
114.056
113.973
114.693
115.793
115.686
116.768
116.68
115.804
117.276
117.002
115.576
116.36
116.569
118.444
119.364
121.677
121.316
119.746
118.472
118.95
119.698
116.555
116.495
115.241
113.339
112.126
113.254
113.667
113.699
111.618
113.208
111.978
109.583
111.453
112.209
113.134
110.742
110.757
110.307
111.398
111.026
110.427
112.386
113.62
114.992
114.885
115.988
114.928
115.288
113.909
117.083
120.054
119.512
118.699
119.819
120.073
116.82
118.753
120.985
119.879
120.075
118.346
117.701
117.88
119.431
119.396
121.656
121.947
123.202
119.804
118.873
118.108
120.544
119.945
119.061
120.245
122.802
122.401
125.645
123.547
123.846
124.152
124.138
123.513
122.677
121.447
120.126
121.348
119.92
120.541
122.613
119.724
118.716
117.065
117.688
119.649
120.62
120.909
121.559
122.465
122.219
120.951
122.137
120.126
118.203
115.266
114.809
116.287
117.165
117.814
120.497
120.501
120.004
117.195
119.528
120.202
121.559
119.357
118.326
118.587
119.993
120.867
116.894
116.443
116.379
117.267
118.811
119.423
119.741
120.314
122.127
123.399
123.487
123.622
124.579
125.4
124.809
124.715
124.482
125.549
123.982
123.075
123.371
123.891
126.039
125.664
125.52
125.609
125.847
126.47
127.736
128.137
130.182
126.679
126.089
126.339
128.651
129.164
129.208
128.402
128.708
131.849
133.334
134.062
134.477
132.975
131.456
131.346
130.248
131.293
130.756
126.804
128.042
127.108
125.449
124.996
126.751
121.36
120.864
120.696
118.522
116.511
115.647
114.922
113.539
112.26
113.623
115.708
116.27
117.407
118.567
117.903
116.778
113.779
115.617
115.672
116.569
115.077
114.559
111.834
108.251
107.678
110.996
111.319
112.526
113.207
112.739
113.628
115.705
115.558
115.463
115.338
115.858
114.341
116.261
116.854
117.772
117.966
116.386
117.74
117.217
115.739
114.706
115.863
115.854
116.685
115.662
116.734
115.769
114.537
113.5
113.22
112.514
111.925
113.144
114.202
112.263
109.696
109.027
108.059
107.23
108.326
109.409
107.918
107.607
109.95
107.692
107.848
107.566
108.087
106.834
106.806
106.024
107.523
106.747
109.341
110.137
109.917
109.512
109.992
109.565
108.933
107.735
106.795
106.789
107.846
109.163
110.945
111.844
