102.884
101.854
102.465
103.13
103.184
104.577
101.947
101.854
104.341
105.434
105.205
105.018
106.254
104.221
105.587
106.571
106.214
106.302
107.747
106.834
105.464
105.346
105.504
106.641
107.312
108.686
109.258
108.016
106.84
107.161
108.601
106.827
107.32
109.166
113.169
113.258
113.279
113.135
111.17
112.416
111.383
111.984
111.917
112.419
113.543
115.157
113.797
114.633
117.046
117.277
116.136
116.681
115.889
114.702
112.852
111.652
112.406
111.752
114.814
114.005
113.502
113.357
111.725
110.951
110.138
109.451
109.47
111.404
114.373
114.417
115.366
116.078
114.552
113.184
114.259
116.907
113.132
113.168
113.732
112.822
111.511
112.288
111.491
113.526
114.747
114.932
116.294
119.408
120.473
120.399
121.243
121
121.611
120.944
118.966
116.933
117.568
117.038
116.975
118.932
120.461
120.388
120.437
121.174
122.412
123.9
125.19
125.193
126.617
123.984
125.288
121.99
120.476
123.31
121.448
118.809
120.145
119.253
118.453
116.717
116.387
114.757
112.715
114.248
116.785
116.749
115.729
114.297
114.316
114.458
113.958
115.074
116.708
116.172
117.526
117.734
117.406
117.885
118.219
118.09
119.042
119.912
121.086
121.149
119.949
120.333
122.253
120.297
117.898
118.924
118.791
122.09
121.486
122.261
123.179
123.935
122.107
123.701
125.481
123.008
119.009
121.263
122.008
122.068
121.477
122.032
121.628
124.808
126.497
127.723
124.948
128.447
128.736
126.544
128.22
125.514
126.38
125.87
122.784
122.869
122.449
122.71
121.332
122.78
120.141
118.945
120.548
121.705
120.893
121.256
121.419
122.206
122.64
121.168
122.525
121.689
120.639
122.693
122.44
122.933
122.567
121.4
119.839
120.322
120.002
119.948
118.279
119.805
118.762
120.154
119.052
118.443
117.472
118.773
122.041
123.644
122.759
123.063
122.955
127.252
128.518
127.277
128.151
126.622
126.717
126.567
127.118
126.109
127.818
128.461
128.871
126.901
127.693
126.135
127.711
127.064
128.472
130.317
133.027
133.859
135.597
134.75
133.487
129.959
131.265
133.117
131.561
128.782
128.719
129.794
130.003
134.096
135.555
138.736
142.466
144.637
142.534
139.996
142.73
142.749
144.755
142.641
144.588
144.203
143.137
143.511
143.687
141.96
138.066
140.923
139.363
136.769
136.006
132.973
137.002
135.307
134.567
135.455
132.262
134.989
134.471
133.487
131.493
131.982
132.628
133.205
133.941
135.131
136.129
138.04
135.718
132.972
135.442
134.501
137.592
139.356
141.988
145.749
144.496
142.121
142.682
142.403
144.905
144.676
141.133
140.734
141.564
141.556
143.329
145.755
145.505
147.771
148.476
144.986
141.319
143.798
145.901
141.703
139.45
144.741
145.951
143.936
140.875
140.962
139.727
141.796
142.166
143.276
146.82
147.694
149.356
149.169
149.061
149.023
151.598
154.52
155.302
156.508
155.078
155.367
156.26
159.104
157.673
156.634
154.32
153.794
153.086
150.096
147.611
148.716
149.847
147.661
148.051
148.782
148.298
149.077
149.975
152.278
152.411
151.861
151.668
148.692
148.692
149.687
152.796
150.512
147.325
148.182
145.243
145.345
143.985
145.001
145.29
145.906
150.754
152.48
151.847
152.17
152.638
152.133
152.19
151.384
150.256
152.152
152.92
153.611
152.732
156.609
155.346
156.754
154.186
151.004
151.61
152.91
155.866
153.183
153.675
153.542
153.097
152.856
154.047
160.002
159.5
158.773
159.59
165.988
164.684
162.819
162.857
163.457
164.54
167.888
165.804
168.871
167.539
166.379
169.498
172.213
171.961
171.837
172.329
170.615
169.059
167.61
169.039
171.001
171.281
173.483
172.382
171.338
169.743
168.089
165.289
164.071
166.519
165.496
164.018
161.933
163.302
165.712
163.108
163.482
163.296
160.382
158.3
158.751
156.547
157.241
154.129
153.747
154.26
154.973
156.177
156.77
157.289
158.949
161.086
158.246
159.67
155.721
155.389
158.457
157.949
160.231
165.065
164.733
163.655
166.857
165.545
168.252
169.197
169.289
167.202
166.715
167.891
171.533
168.823
166.032
165.018
162.014
160.605
156.013
155.691
154.699
155.19
158.399
157.59
157.359
158.549
160.72
164.912
165.056
164.988
164.876
165.426
164.472
164.64
164.274
166.417
165.18
166.682
166.127
168.169
165.805
165.912
167.658
167.067
164.53
162.551
165.946
165.399
165.301
164.517
166.038
163.548
161.298
164.03
164.601
163.866
160.565
159.198
155.15
155.322
159.017
159.569
160.33
161.437
164.24
166.115
166.171
166.541
167.684
168.144
169.63
165.871
161.986
160.038
161.281
161.506
162.146
159.97
160.305
159.415
157.113
152.94
151.492
153.778
153.326
153.292
154.939
153.192
151.3
153.885
148.986
147.026
145.144
147.744
147.203
150.318
148.591
144.939
144.533
143.056
143.2
142.674
143.178
144.576
143.628
146.086
146.298
148.758
145.829
146.802
145.771
147.555
145.096
143.806
145.839
147.223
144.449
147.93
151.031
147.459
149.002
149.873
147.747
149.408
149.387
150.877
151.333
152.473
151.894
153.58
155.011
153.147
153.232
152.952
153.996
150.853
149.541
