102.453
101.754
101.242
101.352
99.6025
100.219
100.468
100.726
100.887
101.194
99.4496
99.1324
100.546
98.0372
95.5106
94.0713
96.175
96.7236
95.6448
95.7456
95.0016
95.1144
95.9236
95.1545
96.7446
96.8809
97.1023
95.9037
95.6739
94.4733
94.0492
94.2687
91.6972
91.3387
92.3156
93.7441
91.8559
90.4319
90.3211
90.7344
91.6705
91.5336
91.9355
91.2416
90.8278
90.7
91.5517
89.6341
92.7403
91.9767
92.406
93.2916
94.6901
93.9945
93.5412
90.8803
92.3604
92.7747
93.1047
92.6047
94.2929
93.1749
92.9936
93.0645
92.7583
95.7212
94.615
97.0436
95.9007
97.8313
95.9456
95.3954
96.4793
95.4763
95.5749
94.627
92.6449
92.3148
91.1006
91.3643
91.8686
92.6183
92.2071
93.0288
91.9001
89.9532
90.5414
88.471
87.6387
87.2144
88.4121
88.869
90.4007
91.1277
92.9002
92.8687
94.4728
92.8529
93.9428
94.8765
96.1798
96.3284
97.4285
98.1491
98.4561
100.836
101.094
101.909
102.486
102.101
101.784
102.185
101.228
102.193
101.757
102.153
104.865
103.647
101.192
98.9326
98.3658
97.4246
97.1731
97.5589
96.2257
97.27
97.5065
97.1797
97.5277
95.6035
96.6985
97.8808
98.5173
99.3251
99.0731
97.4563
96.1702
96.1489
95.0826
94.5025
95.9904
96.2162
95.8887
97.802
97.6484
97.8455
98.9497
99.2165
99.6311
100.874
100.662
100.749
101.844
102.468
100.725
103.25
103.334
101.346
104.219
104.3
101.643
101.313
101.349
98.3928
95.8067
97.0284
97.598
96.345
96.4091
97.6892
98.6707
98.6808
99.022
98.6539
97.4189
97.8819
99.8494
100.019
100.093
101.352
102.705
102.28
104.59
103.653
102.708
101.768
101.446
100.582
100.676
102.35
99.81
101.395
102.177
102.518
101.923
100.546
98.8359
97.9339
98.0492
99.2561
99.407
99.3935
96.4369
95.7383
93.7357
92.5485
92.9559
93.2837
92.5052
90.5041
89.0662
88.4445
87.2161
87.2648
87.6463
87.9408
89.0731
89.5797
90.5631
89.7399
88.1845
87.0328
84.7049
87.0681
87.8276
88.0434
88.4387
86.2502
84.8306
84.4031
84.2761
85.7467
85.3948
85.6998
86.9136
88.7393
89.2864
89.9858
90.8403
91.9113
92.8064
91.1929
90.4373
89.6241
89.4759
88.6101
87.7984
87.4012
87.5193
88.6541
88.8943
88.9431
89.0905
88.789
88.8154
87.966
87.6051
88.0687
89.1073
88.8979
87.3557
86.6813
85.6032
85.1758
86.5502
86.1648
86.073
86.9345
87.1767
88.1163
86.0172
85.2866
84.9316
85.381
84.8115
85.0903
85.374
85.1967
84.0353
82.0096
81.8664
82.1653
81.4033
81.7293
81.9047
82.4052
81.6231
80.1871
78.7927
78.6391
77.0238
77.1142
77.8474
78.9534
78.0569
76.8592
78.3624
78.2382
78.3737
77.8484
78.961
77.8815
77.5829
78.7805
79.1272
80.1174
80.2484
80.5377
80.6906
80.182
77.9508
79.5085
80.6062
78.5075
78.346
80.0552
81.1921
81.6514
82.0343
81.2555
82.2884
79.3677
81.3117
82.7328
83.1012
82.4075
83.2586
83.5906
83.3603
87.6832
86.5846
86.9452
87.9959
89.4897
88.2053
89.0747
89.6673
91.4301
90.8749
91.5823
91.1563
89.4149
90.1037
90.9786
92.93
93.1896
94.0146
93.7627
95.215
95.3317
97.0641
95.4375
93.9894
93.8592
94.2079
95.572
97.7144
97.8746
95.6254
96.8704
95.9206
94.7415
94.6493
95.1012
95.1956
95.5229
93.9772
93.3173
95.3788
95.5879
94.3409
96.2514
96.9792
96.6527
97.0043
97.3783
98.5853
99.6231
100.28
100.604
101.922
101.598
101.69
101.527
101.759
102.485
101.002
100.027
99.8591
99.8528
99.6647
97.0973
95.0756
94.854
95.5475
96.9868
96.2209
95.0052
97.8564
98.7192
98.1
96.28
96.5084
96.603
95.7749
96.8952
97.7168
98.0225
98.0848
98.362
98.7109
99.7168
100.114
98.3274
96.6242
96.2533
95.7
94.5855
96.3928
94.548
94.6105
93.771
91.6861
90.688
90.1247
90.6115
90.8481
90.2876
88.6384
89.2602
90.342
90.2968
87.9206
86.6065
86.2419
87.3512
87.424
87.9929
86.9936
87.6034
88.1682
87.7354
87.9498
87.1596
88.6799
90.0836
92.4008
91.3482
90.5146
90.1108
93.5949
94.2878
95.3056
94.3644
93.1777
92.8976
94.5595
96.1115
94.1442
94.6537
96.1621
96.6652
97.904
94.9343
95.2648
95.6766
94.3953
93.7274
94.2585
93.695
91.6242
91.5134
93.3231
94.6059
95.8977
95.3953
95.667
97.3298
98.4063
100.626
99.9018
101.044
100.968
101.454
101.981
102.267
103.734
102.844
104.19
105.278
107.275
105.047
105.061
105.299
102.733
103.686
102.069
102.396
101.207
104.364
107.065
108.521
110.089
108.369
109.157
108.911
109.079
109.696
107.618
109.184
107.172
107.783
107.736
111.126
111
109.472
109.269
109.728
111.262
111.616
111.749
109.553
107.873
103.394
103.159
103.383
102.742
101.904
101.082
100.168
100.145
99.0452
99.6752
98.8974
99.3
100.916
100.656
99.0757
100.327
99.6222
97.707
99.0089
99.2041
99.4524
101.044
101.07
101.168
101.895
103.962
102.854
100.11
97.1764
98.954
99.5681
97.1279
96.5046
96.0297
96.3631
96.4819
96.5519
97.172
97.3209
96.6384
95.919
97.6797
98.2832
100.669
103.311
102.48
105.208
105.583
105.111
104.841
107.032
106.633
106.228
107.738
107.935
106.867
107.537
109.297
108.832
107.995
107.471
107.558
106.903
107.381
107.14
106.469
108.7
110.054
111.164
109.242
106.504
105.972
106.995
109.541
111.054
111.577
111.413
