102.378
99.8576
98.1955
100.672
100.909
99.9907
99.0558
100.094
100.631
101.448
102.96
102.582
103.471
103.949
105.336
104.675
104.807
104.589
104.271
106.232
105.626
107.359
107.22
106.396
107.881
109.335
110.672
110.361
112.124
114.057
113.697
112.154
114.15
112.428
113.154
113.939
111.186
109.383
109.347
108.654
108.282
106.942
105.523
107.344
105.621
103.766
106.08
108.719
108.96
110.793
108.954
108.377
107.36
107.534
109.153
109.766
111.692
110.206
112.858
114.197
112.776
112.899
110.283
112.094
112.002
110.886
114.805
114.708
113.473
114.892
115.515
113.298
113.861
113.922
116.281
114.32
115.15
113.972
116.276
117.988
118.866
119.517
118.329
119.652
120.609
119.825
118.178
118.206
117.14
116.276
116.615
116.785
116.639
119.155
121.346
121.236
120.362
118.872
116.714
117.709
118.139
121.323
121.874
123.973
124.134
124.365
125.805
124.851
125.126
124.365
124.578
122.102
120.676
122.551
123.267
125.263
126.496
126.411
126.024
124.727
127.975
126.969
128.619
125.463
125.181
129.186
128.764
128.249
126.001
125.309
124.384
124.584
124.322
124.662
121.202
123.078
126.754
128.206
131.306
129.668
130.739
130.321
130.667
130.743
129.174
130.673
132.358
134.31
134.51
134.345
133.071
134.383
136.278
135.852
135.762
134.753
132.555
133.807
133.2
133.001
134.48
134.752
134.989
133.533
131.923
132.885
131.74
133.049
134.524
136.702
137.883
137.987
139.465
137.368
138.547
139.93
142.68
141.285
139.271
138.211
139.011
135.906
133.47
132.663
130.678
132.894
133.316
131.292
130.418
129.138
132.763
131.521
130.27
130.092
128.395
127.003
126.23
129.179
129.733
127.575
125.308
124.794
127.705
131.038
130.686
132.328
129.961
129.061
132.737
134.023
132.242
133.523
131.59
130.993
128.803
126.901
126.774
127.058
128.774
127.471
124.037
124.929
127.064
124.858
125.92
125.805
126.094
124.107
122.857
121.095
119.276
117.405
118.168
123.91
121.501
122.708
123.033
123.839
126.008
128.281
128.179
128.362
130.753
127.816
127.847
129.742
127.948
127.956
124.574
125.129
125.73
125.691
126.625
124.11
122.995
120.815
121.735
120.654
120.836
122.923
124.826
126.148
124.769
124.158
122.649
122.937
124.639
124.006
125.201
123.87
123.002
122.224
120.79
123.05
123.671
123.895
122.183
122.634
124.355
126.822
123.931
121.859
122.026
121.23
119.248
119.208
118.426
118.683
117.176
118.254
119.126
120.22
116.842
119.519
119.867
120.552
119.265
118.308
119.73
122.735
123.365
124.473
121.786
123.421
123.692
123.923
122.023
124.737
123.929
124.182
123.257
123.372
125.022
124.952
125.223
125.583
128.835
129.897
130.429
128.233
126.877
126.058
120.247
119.654
117.418
118.524
118.803
117.397
119.157
118.407
117.153
116.685
118.669
116.485
117.05
114.574
115.111
115.091
115.721
114.062
114.035
112.211
111.5
110.386
109.319
109.679
109.428
109.397
110.937
108.24
107.366
106.532
105.724
105.64
104.041
103.039
101.567
101.293
99.1017
98.8949
99.293
99.6449
100.217
100.059
97.9882
97.9507
98.1955
98.576
100.3
100.985
100.148
100.394
101.457
103.705
104.019
102.767
103.788
105.651
103.756
102.386
101.196
100.665
100.244
102.126
100.809
101.267
101.197
99.8407
97.892
98.6955
99.3285
99.3349
98.9729
98.5557
100.319
100.347
102.339
101.38
102.231
103.221
103.273
101.973
103.504
104.946
106.191
106.164
105.689
105.995
108.514
109.724
109.596
108.575
109.891
108.204
106.968
108.14
109.402
110.456
108.908
109.254
110.095
111.347
111.261
110.555
111.514
111.683
110.51
110.724
109.821
108.496
108.926
108.863
108.539
108.642
105.666
104.208
104.513
103.646
102.747
101.633
101.128
100.158
99.6766
102.271
101.712
100.173
102.778
103.419
101.698
102.959
103.464
103.618
105.431
103.526
102.621
102.768
101.769
102.307
102.066
102.053
102.58
101.62
101.763
102.694
101.627
102.617
102.065
102.751
102.195
104.367
105.804
105.843
106.343
107.45
109.55
110.578
110.909
110.261
113.643
115.174
116.806
117.248
118.792
120.048
116.846
115.695
118.417
116.694
119.803
119.276
117.017
117.97
117.904
116.954
115.843
114.398
116.64
116.287
116.77
117.774
116.907
117.625
115.335
116.732
115.751
116.824
117.741
115.342
115.659
117.041
117.332
117.545
118.869
116.418
116.728
119.428
119.043
119.546
121.582
119.052
121.042
119.722
121.032
120.595
119.692
122.198
121.954
125.156
125.161
127.183
128.763
130.522
130.755
132.902
134.293
133.069
135.167
135.704
134.697
135.205
135.413
135.455
136.962
136.036
138.076
137.708
136.215
135.462
132.732
134.602
132.792
133.897
133.61
132.381
132.306
132.902
135.637
135.78
135.87
135.945
138.273
138.48
137.744
138.194
138.535
140.351
139.48
141.316
142.909
142.614
141.566
142.337
144.261
142.499
145.981
144.62
143.161
145.372
143.432
144.003
143.199
147.78
144.27
141.319
141.404
143.383
144.361
140.94
143.865
142.868
140.277
142.763
142.033
142.172
142.219
144.141
143.381
143.812
142.578
139.752
