99.8363
99.4336
99.2584
99.3236
99.7161
98.824
99.1331
99.1828
99.1823
100.814
99.8246
101.236
100.09
100.776
99.5055
100.121
101.323
103.452
102.275
99.2157
99.0357
97.2436
97.5209
96.5175
95.4512
94.7886
95.1318
96.3482
94.873
92.2952
92.925
92.6714
91.3228
91.5143
91.4928
91.6299
92.1757
92.9797
91.5021
92.6439
93.1173
92.6857
95.7974
96.3296
96.1178
96.0638
97.601
96.3013
95.9184
97.0336
99.6812
102.019
103.586
102.576
103.569
105.478
106.101
108.29
107.932
106.116
106.107
104.746
103.832
104.874
103.586
102.199
101.605
104.406
103.856
106.358
106.929
106.112
106.91
106.366
103.244
101.463
101.543
100.589
98.3327
99.6759
99.1372
99.528
99.8345
100.927
101.227
102.333
103.28
104.58
103.651
102.96
104.711
103.544
103.228
104.955
106.63
106.553
107.186
107.3
108.083
108.916
109.569
108.373
107.803
109.588
109.473
112.51
111.882
112.86
115.742
116.284
113.553
114.591
113.403
112.249
113.215
112.272
111.16
107.713
105.629
105.336
104.108
102.393
101.078
100.633
99.5735
99.4186
99.2347
97.683
97.6939
96.5393
96.5338
97.4226
99.0566
101.12
100.259
101.078
100.69
101.172
99.835
100.914
101.842
102.043
101.366
100.572
100.411
102.09
102.618
103.166
102.598
101.955
102.858
101.711
101.881
102.074
101.125
102.011
102.811
100.203
99.8556
100.331
100.395
102.45
103.635
103.872
104.473
104.788
103.372
102.735
102.845
103.132
102.848
102.523
101.801
100.767
102.176
102.889
102.642
102.669
102.218
101.99
100.773
99.4568
100.141
98.5399
99.857
99.9833
98.6626
97.4384
98.5381
96.9516
95.2526
95.4914
94.4142
92.7899
93.4434
92.6
92.7505
91.0026
91.1941
91.6376
92.447
93.4331
94.0022
94.5695
94.2584
93.9164
93.7743
93.7218
92.8199
91.023
92.003
90.5382
91.4442
92.9955
90.7935
92.9035
93.7137
94.2443
94.9268
94.8735
95.6778
95.7357
97.1533
97.288
98.4706
100.713
98.8724
99.6964
99.587
99.374
101.16
99.9516
100.451
102.494
101.173
99.269
100.341
98.3483
99.4437
100.432
99.172
99.6304
99.6711
102.206
104.858
103.743
102.639
104.079
105.896
108.532
109.53
109.187
110.24
111.348
112.46
112.22
113.194
116.354
114.088
114.351
114.345
114.266
116.484
116.127
113.459
114.293
112.816
111.505
111.616
111.437
109.991
109.529
110.857
112.679
112.279
113.414
113.761
114.474
114.189
115.271
115.943
117.274
116.437
117.189
118.923
120.072
120.803
120.688
122.242
121.237
122.35
121.651
120.942
120.232
120.337
122.023
120.05
121.159
123.687
122.81
123.372
123.878
124.263
122.123
119.748
117.27
117.674
116.169
114.558
115.428
113.587
110.9
108.606
108.573
110.753
108.227
106.074
104.866
105.003
104.929
103.745
104.801
104.715
103.799
103.721
103.518
103.148
102.757
102.74
104.075
105.007
103.468
104.197
105.11
103.434
101.35
100.353
100.458
99.6896
99.971
97.3501
95.8005
97.5748
98.9072
98.5779
98.4725
99.6581
98.7882
98.164
100.836
100.27
102.313
100.127
99.7115
99.4338
101.522
101.604
103.799
101.209
101.091
99.8797
97.3734
99.4862
99.5509
98.683
99.0598
98.1022
98.8881
97.2277
98.6972
96.3443
96.3922
94.0029
91.9015
89.8822
88.9426
85.8903
85.4546
84.9615
83.6599
83.735
83.7024
82.8158
82.4372
81.0767
82.8148
83.836
82.8067
82.2688
82.4669
81.2701
80.1125
79.5268
80.8281
80.8581
79.379
78.7026
78.5407
78.888
77.9471
79.4599
78.8607
79.7687
77.9437
79.502
79.7372
80.1675
80.9058
81.2686
79.9719
81.052
80.2518
81.471
82.6192
82.3698
81.0298
81.6671
81.0919
81.8325
82.4883
83.286
83.5318
83.659
82.6332
83.6453
83.8277
82.0992
82.199
83.6071
81.8091
81.81
80.239
79.7374
79.6541
79.5491
80.0492
79.3709
79.2625
82.3964
81.9688
84.0411
84.2288
85.8124
85.5535
86.8044
85.9346
85.6331
85.3982
83.7871
83.5299
82.8842
83.1432
83.9526
83.6559
82.98
81.6962
80.6405
79.4017
79.2325
78.1861
79.0295
79.3521
79.988
79.7608
79.9036
80.8009
80.032
82.0995
81.0062
82.2531
81.4241
81.7833
81.7743
81.842
81.3478
78.8944
79.9267
78.2527
77.5466
78.292
78.5715
77.7028
79.0827
80.1711
79.8526
80.908
80.7092
81.438
80.3168
79.1152
79.9124
80.0687
80.0205
80.0892
81.944
81.507
83.4884
83.8748
84.0631
84.882
84.4229
86.4011
84.9681
84.7986
84.5293
82.217
84.9798
84.2942
83.8551
82.6565
80.0147
80.2706
80.4685
80.7972
77.3082
76.9795
76.1623
74.8346
75.5622
76.0837
75.0818
75.9179
74.2975
74.1018
72.114
71.7036
72.8842
73.3893
73.0313
72.7292
73.1955
73.7068
73.7106
72.5342
71.5682
71.7015
72.6854
73.7034
71.802
70.3502
71.5732
72.1714
70.4096
70.7167
72.0614
73.5299
72.6517
72.7549
72.9221
71.4389
72.5277
71.5694
72.3812
71.9329
73.2965
72.8037
72.3833
70.9922
70.8808
70.5374
71.349
70.0302
69.928
71.4959
70.6747
70.2888
69.6307
70.2947
68.2545
69.1633
70.6899
70.5515
71.4969
71.3064
71.115
70.8983
71.3696
72.3187
72.4558
72.3547
71.6328
72.5094
72.7621
72.1828
70.9304
71.6902
72.5399
73.332
74.5763
73.8766
75.2045
73.9266
72.7306
73.0823
74.7617
74.85
76.1798
75.4451
75.2359
75.664
