99.9342
100.058
102.083
104.373
105.122
106.247
105.741
104.217
103.678
103.558
102.518
102.401
104.244
105.796
107.392
105.256
104.889
106.717
106.059
107.556
109.532
111.237
111.336
110.201
108.595
109.549
109.885
108.154
108.926
105.951
106.35
105.347
105.289
107.466
107.656
111.067
112.606
113.618
113.807
113.102
112.245
113.6
111.269
112.862
113.344
114.128
115.135
115.597
114.532
115.876
118.229
119.098
122.44
124.065
124.489
125.491
126.336
127.505
124.769
126.805
128.087
127.893
128.888
128.502
127.775
128.683
129.07
130.544
131.836
130.783
131.105
128.546
127.422
128.747
125.776
122.248
123.12
121.225
121.099
122.508
122.613
122.214
122.444
124.767
125.262
123.108
123.939
124.223
125.814
126.817
128.437
128.265
126.216
126.008
124.683
126.297
131.327
132.095
131.708
130.036
128.119
130.02
131.792
129.432
129.203
129.989
130.653
127.971
125.274
125.266
126.997
128.69
127.529
126.051
126.505
128.438
127.685
127.298
125.536
120.467
120.994
122.219
121.997
122.648
122.298
121.306
123.694
126.881
128.544
132.116
132.772
132.973
129.885
130.133
126.057
122.034
121.307
120.364
121.203
118.81
119.186
117.891
120.506
121.99
122.079
123.789
123.188
126.397
127.899
126.075
125.143
125.168
124.879
123.175
122.012
121.492
122.172
122.328
119.667
121.967
121.768
121.445
124.956
126.661
129.196
130.493
131.879
132.272
132.792
132.337
133.261
130.115
130.399
127.591
128.057
128.539
127.256
129.1
131.92
131.826
133.399
135.29
133.115
132.955
131.65
131.951
132.858
133.14
133.557
135.386
137.192
134.611
136.158
138.955
138.55
138.596
139.811
137.824
139.167
142.044
139.802
141.89
142.396
141.692
141.937
140.575
136.556
138.878
138.571
134.953
138.049
137.323
137.9
139.846
137.136
135.238
134.256
131.421
130.689
128.103
125.397
125.625
126.092
128.029
129.375
129.891
130.782
130.362
133.089
131.053
130.82
131.286
130.897
127.421
129.635
129.239
130.553
131.512
132.395
135.751
138.602
137.199
136.718
138.321
136.943
138.053
137.045
135.956
133.859
131.524
136.096
135.541
135.3
135.63
135.682
137.293
136.84
135.607
136.625
137.147
136.351
138.988
137.069
135.942
136.95
138.011
138.305
138.876
136.678
138.805
137.596
138.377
138.912
137.702
136.288
134.247
134.702
135.035
131.816
131.557
132.995
133.195
134.392
133.633
133.071
132.754
132.666
132.094
130.676
129.699
128.11
127.448
127.437
124.595
124.91
125.743
123.159
124.214
121.902
120.088
122.758
121.186
123.452
122.455
122.755
122.78
122.646
123.727
124.286
125.688
125.203
127.824
127.287
128.466
127.437
124.406
126.069
126.477
125.347
125.143
125.126
122.861
122.032
124.304
125.423
122.986
120.362
120.752
120.855
120.61
120.028
117.912
116.719
118.344
116.828
115.855
113.564
114.604
113.911
114.434
114.033
112.1
113.295
114.8
114.409
112.998
114.036
116.996
116.398
116.163
116.692
114.831
113.164
109.918
107.316
106.056
109.566
109.056
107.751
108.222
108.879
108.865
106.871
107.782
108.416
109.811
111.652
111.511
111.76
110.726
110.297
109.97
110.155
109.207
111.369
112.453
112.283
115.16
116.063
117.941
121.4
122.397
123.386
123.06
121.962
121.229
120.358
120.089
120.641
122.838
122.54
123.403
124.501
123.818
125.611
124.46
126.068
124.059
122.626
122.256
122.118
122.546
122.514
122.579
124.251
125.925
125.569
125.587
127.065
126.591
127.68
127.897
125.247
126.805
126.4
124.695
125.731
128.426
131.018
129.918
131.906
131.17
131.287
131.796
130.995
130.34
130.704
129.648
128.692
128.53
127.872
124.603
123.619
124.615
125.308
127.379
126.951
127.429
127.072
127.625
126.996
125.298
125.734
125.708
127.653
127.829
129.557
130.512
129.798
130.215
130.938
128.757
127.52
126.933
125.94
124.99
124.71
125.14
122.269
120.391
122.56
123.425
123.076
122.895
123.707
125.807
127.434
128.232
128.501
130.667
129.063
128.531
126.949
127.198
127.508
126.763
127.979
128.22
127.769
127.182
127.69
126.598
127.099
127.113
126.868
127.774
130.075
129.5
127.933
126.308
125.815
125.099
123.234
123.261
123.231
123.44
121.842
123.969
125.164
128.339
130.608
132.225
129.289
126.734
128.089
127.385
127.635
127.843
129.47
125.326
124.846
124.169
123.731
121.807
120.967
122.046
123.242
120.356
120.371
121.822
124.604
126.258
125.414
127.254
123.619
121.627
119.385
119.425
116.957
118.813
120.145
118.333
121.814
122.441
121.293
117.956
119.434
118.556
117.874
116.676
116.992
117.906
117.894
116.358
114.836
114.977
113.399
112.495
115.215
112.981
111.214
110.938
111.637
110.859
112.321
111.549
109.232
109.4
109.177
108.677
108.825
108.911
107.913
107.198
104.532
104.126
103.73
102.631
102.783
103.741
106.595
108.576
109.884
108.563
106.508
107.458
109.001
107.234
108.67
108.9
108.265
109.505
108.845
108.897
106.884
107.15
106.919
107.216
106.786
106.43
106.785
106.884
107.47
106.015
105.417
106.228
105.749
106.502
107.733
107.276
