100.284
102.922
103.135
102.793
102.338
104.284
103.935
104.016
104.522
105.379
105.262
103.395
100.613
101.747
103.856
102.035
102.598
101.828
103.348
102.285
104.379
104.204
101.636
99.3043
98.8083
97.445
95.7392
95.0889
97.1708
95.0743
94.1365
94.6082
92.5979
92.9941
92.5087
93.1941
92.9358
91.9345
92.2017
90.7274
90.7463
91.1484
91.8322
91.5079
94.3785
92.521
92.1155
91.6409
90.3495
87.6568
86.2051
87.8176
86.5721
87.3867
85.6323
84.9786
85.9909
85.1845
86.4866
85.3919
86.1633
85.3957
87.5412
87.2459
89.0898
90.2664
90.6437
91.1436
93.8931
93.7763
94.988
94.7818
96.0083
96.4474
96.0115
96.7876
98.3809
98.7527
100.418
100.668
100.759
102.006
100.556
99.1558
99.5452
98.8245
99.0535
99.4654
98.9893
100.129
100.078
101.047
102.229
102.752
103.194
102.874
103.525
104.757
106.237
105.282
105.199
104.955
104.083
104.397
102.953
102.772
103.592
102.558
103.21
103.399
105.141
107.622
107.742
109.607
108.986
110.03
110.068
107.091
106.526
108.766
108.587
108.884
109.051
109.036
108.301
107.25
107.402
106.718
105.869
105.26
104.451
104.671
106.805
107.633
108.322
110.5
109.35
109.394
108.219
109.288
111.153
110.306
109.057
108.868
106.455
104.618
105.339
105.614
104.321
103.422
103.108
102.575
104.316
102.091
102.627
101.432
102.228
101.223
99.7904
100.705
100.621
101.11
100.661
100.467
101.293
101.141
100.22
102.441
100.345
101.102
103.63
104.822
104.763
105.236
103.344
102.973
102.52
102.89
103.763
102.72
100.931
100.219
102.232
102.477
102.607
100.503
97.9914
98.9105
99.5498
100.839
99.3241
98.3447
97.0778
97.721
95.9048
97.4347
99.1628
99.1289
98.2911
99.3782
100.91
101.583
101.968
102.487
101.57
99.9759
101.063
102.567
102.906
102.983
104.524
105.386
106.611
108.17
108.163
108.892
110.364
109.388
110.748
107.158
106.387
106.59
107.643
106.307
104.408
102.566
103.947
104.143
102.965
105.513
106.482
105.505
104.262
104.202
102.411
101.866
99.5947
99.0158
100.393
97.2751
97.6101
96.5139
96.9719
96.2523
95.8706
96.8206
97.2588
98.6519
99.7638
98.4454
98.675
98.6342
99.4109
100.36
102.28
103.527
103.972
105.854
105.296
106.112
104.226
103.235
103.644
104.345
104.137
104.789
107.679
106.94
106.17
104.806
103.92
105.367
104.508
105.304
105.398
104.462
104.058
103.148
101.577
100.391
99.265
98.1197
95.8597
95.6075
93.9897
91.1144
89.2791
89.0941
88.5229
88.1836
88.2036
87.798
85.4043
86.1459
85.6968
88.4744
89.0483
89.2316
87.2716
87.6211
88.0374
87.8863
88.4416
89.6435
90.3782
92.0802
91.2821
91.2578
91.0071
91.821
92.4318
93.0356
91.4965
91.4838
91.481
92.6302
93.9251
93.7771
94.2397
92.5039
93.6602
93.3833
92.6326
94.0722
94.0366
94.2141
93.6517
95.0999
93.4442
93.8162
93.3514
94.8995
94.3344
95.9007
95.3274
97.2313
95.9329
95.3097
93.6332
93.7653
93.7895
94.2229
92.6265
92.4429
93.7677
92.5177
92.063
91.5969
90.7686
89.2824
90.9277
90.7218
91.5995
91.6716
89.8762
88.9578
88.9994
86.642
88.5942
89.349
88.0733
88.4549
89.9233
92.0211
93.7
95.435
95.7063
95.3553
96.1487
95.8058
95.7995
94.708
94.4446
95.5506
96.5215
96.4245
96.8133
95.5166
96.629
95.7752
94.2501
91.0624
87.8862
88.8647
88.0681
88.5485
88.5174
88.1361
86.155
86.7895
85.7532
85.317
85.5971
85.6585
87.3403
87.6326
85.7323
85.273
84.0079
83.483
82.9181
82.8779
82.2724
80.7747
81.4229
81.2952
80.893
80.332
82.3611
80.6219
81.7686
82.1468
81.675
82.2434
81.84
80.8434
82.4567
84.0966
83.1128
83.2588
81.3564
81.311
79.6893
80.2858
80.7634
79.2407
80.3367
81.4057
80.4952
80.2768
80.2758
80.099
80.1797
81.0197
81.572
81.4712
80.1994
79.4315
78.8846
79.3906
77.9052
76.8421
77.3097
76.2728
75.6232
75.0753
75.6438
77.5526
77.3699
76.0958
77.0773
75.8245
75.2176
75.5438
73.227
74.214
74.4683
74.2783
75.7116
75.9255
76.1319
77.8757
77.6149
76.1058
76.9088
77.7068
77.6131
77.0483
77.0412
77.1699
78.8793
78.4336
78.5583
79.8781
80.5746
80.1007
79.9619
80.2636
80.0318
79.2184
79.1409
78.5298
78.5244
77.4795
78.3959
78.8307
79.6126
78.2887
76.6371
76.9678
76.444
76.9533
75.0933
73.0626
72.592
72.9837
72.6206
72.8722
72.4497
71.357
70.0687
70.0725
69.4616
68.5341
67.9048
67.9468
69.6687
69.9852
70.0595
72.0634
72.4787
73.5253
73.5288
73.0658
72.6742
72.3112
72.8594
72.492
75.486
75.0668
73.2346
72.0673
71.7372
72.4606
72.4286
74.7713
74.6904
73.8859
74.5079
74.6833
75.494
75.0603
74.6903
75.042
75.5909
76.4434
78.0104
78.3982
78.4127
79.3692
79.098
80.1861
81.5668
82.0661
81.9852
82.3587
79.8011
79.8849
81.4383
82.9675
83.1403
82.5282
80.0272
81.1648
80.2118
81.4686
81.9416
81.1751
81.3488
78.6789
78.1144
77.8818
79.3171
80.92
80.6212
80.9469
84.3714
84.1569
84.2258
83.9156
85.7234
85.2674
85.4728
84.7338
85.5339
86.4655
87.5672
86.6037
86.7523
87.2632
87.4459
87.7623
84.5269
84.1891
83.3823
80.9783
82.2016
82.4712
80.5762
81.5879
81.6988
81.7514
80.7543
80.8338
80.5331
80.3699
82.0263
80.3695
80.8826
80.3631
