99.9673
100.337
97.6875
98.3761
100.386
103.065
101.532
101.041
100.508
99.2893
99.1161
100.483
101.152
100.765
103.569
104.275
103.927
103.206
101.562
99.1435
99.3417
99.4328
98.9551
97.9614
100.247
101.75
102.341
102.031
100.113
99.8869
99.7058
100.656
100.715
101.934
100.198
98.5822
99.6264
100.995
99.567
100.374
99.9444
99.9133
101.315
101.291
103.239
105.005
104.114
105.07
104.717
103.604
104.328
106.6
105.271
105.361
103.493
101.796
101.149
100.399
100.561
101.749
101.662
100.628
101.179
99.9347
99.8255
100.844
100.264
99.875
100.645
102.38
103.258
103.943
103.926
103.151
103.095
102.85
101.493
104.438
104.775
102.326
101.585
101.633
102.925
101.517
98.3458
99.6201
98.4171
97.5248
96.5534
96.6749
94.9
96.9399
97.8395
97.1962
96.7231
95.9959
95.5612
96.6495
93.9753
92.9962
94.8994
96.2715
95.5064
95.0168
94.099
92.7814
93.3466
93.0692
96.494
95.2495
94.1791
93.8011
94.3098
92.7839
93.076
93.8787
95.6147
93.4035
91.6147
90.7811
90.7794
90.8184
92.6909
94.0636
96.7846
95.2663
96.5555
98.2898
96.7723
97.9189
97.8158
97.7027
97.3426
98.4673
98.2176
98.3696
99.253
97.1812
97.5936
97.9687
97.6119
97.8625
99.5384
100.383
99.5274
98.6563
100.279
98.7928
96.9819
95.2873
95.7391
94.7562
94.6142
94.7647
94.8264
95.4119
93.9969
93.2938
93.1121
94.849
94.7901
95.9434
95.7216
96.2489
95.5554
95.9558
92.6228
91.6417
92.9819
93.4068
92.5569
92.4942
92.7917
90.1113
91.693
89.364
90.1919
88.981
89.4566
91.1841
90.7652
89.074
88.6139
88.3846
91.463
89.9675
89.9789
89.4442
90.1581
87.9718
87.5548
88.1237
88.9104
88.1281
89.4134
88.9212
87.9856
88.127
88.318
88.6618
86.9581
88.1165
88.7372
87.1425
89.0694
88.9004
87.3194
86.7533
85.0539
85.9005
87.0502
86.5165
85.7802
88.6415
87.8609
88.9257
89.2622
89.2672
88.1579
88.8136
88.3524
87.1062
86.7199
86.9972
85.4534
85.5062
85.263
86.5638
86.0063
86.545
87.233
86.3748
86.0552
85.831
84.8585
83.3568
83.6707
83.5556
82.3308
80.6847
80.8604
80.8233
79.4018
79.3224
80.1484
78.8756
79.2042
77.63
77.4524
76.3593
77.0081
77.3151
80.3671
79.6256
78.1387
77.8274
79.9823
81.2583
81.7854
82.6489
84.333
84.2453
85.1363
86.0135
85.8236
85.5126
85.8793
87.3105
85.6734
84.8366
83.2113
82.0909
83.4789
83.4303
83.5034
82.9286
82.1441
80.7884
80.1454
80.838
80.6213
82.2043
83.1142
81.533
80.3558
80.1978
80.0537
80.0489
78.3572
78.0783
75.8034
73.8689
73.5865
71.2633
70.2107
69.3869
70.558
70.0991
70.551
71.3516
70.8521
71.7413
72.2018
73.5709
72.9013
71.9326
74.7362
73.5796
74.4839
75.043
73.8068
74.1781
73.5611
74.9162
74.3977
75.2593
74.1036
74.5
75.2314
75.8311
73.8713
73.2407
73.0536
74.235
73.1928
73.4024
74.1737
75.5057
75.083
75.2782
74.9904
77.1846
78.1674
78.74
78.412
77.6545
77.0319
76.8484
78.4607
79.3279
81.3591
80.5549
81.1853
80.3536
80.2782
81.012
80.6645
81.1303
81.0262
81.1547
80.2697
79.2779
79.2819
79.7045
80.7815
81.0697
81.8363
83.0406
84.5817
84.1932
82.4345
83.3515
84.3917
84.2046
85.2083
84.5664
84.1462
86.266
86.6338
86.9599
86.1141
86.7866
87.455
87.8128
87.9594
90.0659
89.4757
88.6791
88.5323
89.571
88.6215
88.1388
87.6453
87.7567
87.7939
87.9702
87.4028
86.927
87.2453
86.4756
86.0761
85.725
87.1809
86.6841
87.3293
88.9594
89.3535
89.3329
91.1356
92.3539
93.0864
93.7336
93.838
94.2014
94.7808
96.8203
98.1509
96.7777
93.1077
93.6618
92.9562
94.2081
93.8322
93.8855
93.1057
93.0467
92.8712
91.3754
93.7385
95.0521
95.7339
94.1372
94.4948
95.6107
94.3422
92.676
91.8704
93.0205
94.529
96.2132
95.8076
94.9194
95.2271
96.8286
97.0037
96.276
97.0843
95.2629
95.3294
95.1432
93.6916
94.4828
94.9542
94.6533
95.24
95.3332
94.8283
95.4045
93.2966
91.969
92.9409
93.757
94.4455
95.307
96.6709
96.7902
96.8667
98.6208
97.6914
97.9089
97.6306
97.9625
97.0322
96.4117
95.9682
94.2923
92.6753
92.3945
91.454
90.5724
89.7604
89.9138
88.5995
88.3715
87.5406
86.1874
84.6522
84.5519
85.5423
83.8686
83.8736
83.1335
83.8668
83.177
82.955
82.1293
82.7232
81.7245
80.4972
79.7091
81.0304
81.035
80.6342
80.2313
80.184
77.9548
77.1475
77.8504
77.2793
78.0557
78.3914
77.8845
78.2479
79.3457
80.2318
81.1555
81.7727
82.3661
83.2236
84.7604
84.9046
84.5645
85.7514
87.4433
85.7179
84.8065
86.15
87.3256
85.0198
86.7472
86.6278
87.0808
85.0556
84.4466
85.3588
85.0246
85.9493
86.7946
85.3405
86.8348
86.4977
86.2149
85.0494
83.8215
82.6439
83.7984
83.3281
83.3074
83.6459
85.0461
85.3788
86.8414
84.9045
85.8307
86.2393
85.9442
85.294
84.3791
84.3023
84.4181
84.8085
84.6305
84.2655
84.3089
82.8714
81.9108
81.2445
81.2706
79.8277
78.3983
78.0854
78.8974
78.6088
78.7463
79.7454
81.5967
81.0911
81.6569
81.8474
81.3686
83.6514
83.9984
83.2767
83.6108
83.8902
83.1663
84.3324
83.7978
84.065
85.0683
84.95
85.1778
86.4364
86.5323
84.1636
82.9267
83.1269
83.0427
82.1962
79.7351
77.3019
76.8613
77.6733
75.9986
76.5278
77.0645
78.9243
78.0703
78.0967
77.2944
