99.5119
99.1636
98.4248
98.1568
99.7994
99.1059
99.7145
101.478
102.812
100.789
104.012
106.4
106.116
106.405
106.244
108.324
108.707
108.741
111.135
109.44
112.963
112.141
111.919
113.366
112.165
113.484
114.259
111.755
112.083
112.914
114.547
112.883
114.893
115.701
114.878
112.492
114.306
113.021
113.119
113.225
110.922
112.028
111.28
112.579
110.013
110.041
109.285
109.273
110.352
107.518
111.452
111.163
111.91
112.291
115.847
116.631
114.758
114.206
114.596
114.729
112.801
113.553
112.756
112.618
115.034
113.258
111.894
113.404
113.19
112.629
113.803
114.178
115.3
116.058
117.977
119.081
120.033
119.759
119.906
118.701
117.614
117.457
116.82
115.983
116.796
116.831
112.878
110.697
109.277
109.007
110.785
110.307
111.046
112.125
109.474
107.741
107.428
106.854
107.152
104.654
105.018
105.013
105.449
104.573
105.397
103.749
104.133
102.623
102.214
103.254
103.491
103.199
103.167
102.231
101.052
102.14
102.027
102.517
104.187
104.858
105.415
106.827
107.689
106.229
107.31
106.681
106.353
105.318
104.473
103.868
103.819
104.853
103.31
102.893
102.614
99.7419
101.37
99.2173
102.641
103.393
100.986
102.387
103.575
104.967
105.737
106.343
107.253
108.034
109.238
107.781
104.42
105.018
104.886
105.124
102.483
103.411
101.931
102.661
104.135
106.359
104.638
106.185
108.058
108.896
108.263
107.986
107.236
107.305
107.112
106.144
104.717
106.438
107.7
108.018
108.415
108.966
109.086
108.951
109.901
110.581
110.393
109.531
109.306
111.63
113.407
116.752
118.042
117.167
117.92
116.229
115.283
115.648
116.711
117.166
115.468
114.884
116.741
116.919
116.783
112.834
114.198
113.26
110.969
111.133
112.221
109.586
109.043
110.306
111.841
111.28
109.259
110.238
108.632
110.287
109.771
108.218
107.356
104.868
104.786
104.318
103.779
103.799
104.4
104.173
105.152
104.978
106.558
107.094
109.687
110.491
109.879
110.003
108.885
111.43
109.644
109.093
108.666
109.443
109.062
107.183
108.501
109.737
110.087
107.739
107.816
107.77
106.011
107.528
106.914
107.248
104.479
107.287
108.207
111.027
111.989
111.42
111.332
109.875
109.415
108.834
105.453
106.036
104.469
104.526
103.351
105.408
106.633
107.518
105.512
103.572
102.777
102.268
101.15
101.289
101.085
101.184
99.5871
100.527
103.089
103.447
104.917
105.322
107.401
105.805
107.073
107.98
106.592
106.376
107.395
108.762
108.888
108.161
106.218
106.342
107.458
105.081
105.362
106.993
111.346
111.137
112.558
111.332
108.298
107.573
106.478
105.408
105.716
107.257
107.306
108.114
107.115
107.158
108.712
108.632
110.807
111.15
113.282
113.273
115.055
114.517
112.371
111.64
112.997
112.626
113.81
115.756
116.876
119.788
119.866
122.258
122.406
123.121
123.507
125.309
127.818
126.543
125.142
122.631
121.966
122.269
124.248
124.664
127.431
127.093
125.45
126.219
126.957
126.443
125.861
128.974
129.108
126.176
125.163
127.421
124.798
124.665
124.548
124.537
125.06
124.377
123.394
123.903
125.523
125.474
123.848
125.506
126.036
126.823
128.437
127.801
128.476
126.728
129.717
131.336
130.542
132.614
132.878
131.873
133.743
132.871
133.887
133.029
133.633
132.399
134.09
135.635
136.003
136.382
135.807
137.606
139.142
137.589
137.597
138.389
134.855
133.388
131.373
132.007
132.998
135.521
134.524
134.46
132.563
133.692
132.46
132.441
131.669
130.385
128.103
127.132
126.971
127.933
128.462
130.756
130.922
132.285
131.72
128.864
128.539
126.383
126.281
128.016
128.547
129.288
129.22
131.463
128.397
129.672
131.611
131.072
132.849
134.01
131.761
128.832
128.909
129.472
132.876
135.036
136.218
135.641
140.144
136.332
136.17
133.375
131.781
131.692
131.893
132.023
133.841
130.745
129.334
129.486
131.425
131.767
132.947
133.595
131.978
132.334
132.466
133.266
133.698
133.781
134.474
131.905
133.703
134.184
136.467
138.944
138.093
137.158
138.709
138.529
138.999
141.35
140.291
140.821
140.123
139.373
139.699
140.56
142.418
142.537
142.649
142.335
139.405
141.246
137.455
138.436
136.721
139.157
137.221
135.686
135.286
135.907
138.087
137.529
137.044
138.755
137.455
138.984
134.759
132.731
132.864
133.837
133.532
132.98
136.032
135.489
132.366
134.723
137.654
137.528
136.76
135.79
133.641
134.908
133.599
132.774
134.176
134.933
137.901
137.245
137.585
137.678
140.382
137.787
136.415
133.601
132.262
132.87
131.103
128.304
127.894
125.755
124.576
127.595
127.301
127.059
126.542
127.838
126.86
127.362
126.889
127.376
129.21
132.358
134.171
133.159
131.769
132.644
133.387
130.826
131.012
131.329
129.706
128.567
129.819
130.853
130.133
128.716
129.496
131.05
130.594
132.657
131.791
134.278
133.471
132.403
130.529
132.582
132.136
132.261
128.77
128.354
126.321
126.506
124.997
126.527
124.257
120.251
121.215
121.866
120.678
122.471
123.112
123.871
122.52
124.045
124.273
124.073
125.065
126.953
131.125
132.604
128.941
131.795
130.627
128.888
131.805
130.96
