100.781
101.984
103.235
104.377
102.837
101.755
102.165
102.824
102.811
101.659
100.631
100.111
99.1568
98.9902
98.1358
96.7912
97.051
95.8541
97.2957
94.9266
95.0515
94.2304
96.618
97.5096
96.9879
95.0659
95.1147
96.3309
97.0676
98.9448
99.1233
99.8654
101.611
102.079
100.564
97.72
98.1309
99.4668
98.2198
98.1548
99.1459
100.102
100.177
98.6718
99.5079
99.8307
98.4204
100.472
99.6636
98.2799
99.9222
99.8192
96.8977
95.7221
93.3994
93.6763
93.3729
93.7947
93.9448
95.0271
92.9343
92.6582
94.6969
94.9403
96.7189
95.9182
95.9713
95.3971
96.8257
95.4759
95.2933
94.7851
92.3355
94.5989
94.1006
96.1002
97.764
97.7224
98.2598
98.1915
98.6333
97.4166
98.001
97.2897
97.3746
95.9853
95.9233
97.1832
96.2019
96.9767
96.069
96.4619
96.8188
95.67
95.589
96.316
98.8696
98.2158
96.5744
97.1819
97.2888
98.1933
100.859
99.0412
100.282
101.679
102.072
102.308
103.832
104.873
104.353
105.012
104.303
101.822
99.5586
100.898
97.6079
96.9829
97.8905
96.0469
97.1384
96.8836
95.8977
93.8797
94.3243
95.9524
96.2093
96.6087
95.9935
97.2265
98.6031
97.0701
97.2998
97.3249
97.1193
97.9276
98.2659
97.958
98.8145
100.322
101.665
100.087
99.8469
99.0544
97.4908
95.2335
94.645
94.1193
91.267
92.4367
93.7609
93.1971
93.7513
94.2072
94.6598
96.26
95.2998
93.9186
91.5533
91.9592
90.9227
89.9167
88.1502
87.6057
86.8433
85.5001
87.4226
86.4298
87.3503
88.3276
88.7474
88.0496
90.5463
90.8948
90.7458
89.3775
89.2184
88.5608
85.8155
87.061
85.583
86.4876
86.1319
85.2233
85.9742
83.6894
83.4243
84.9225
84.4676
86.2745
86.9927
86.7034
85.5474
84.5975
83.2481
82.5394
81.4589
81.1449
80.983
82.1362
82.9812
82.761
84.1418
82.3859
81.1968
80.8017
81.4773
82.3891
81.8261
83.2062
83.5635
82.9604
84.4947
83.7027
83.2482
83.0199
83.5233
82.8314
82.8951
82.998
82.1413
81.6662
82.245
81.448
80.4099
80.3399
80.18
79.6755
81.0165
82.5859
82.9866
82.4685
82.7576
82.4499
82.516
80.8685
81.364
82.4536
83.6803
83.1189
84.598
84.1891
85.5824
86.3797
87.2379
86.226
85.3477
85.8358
84.447
82.8504
82.9377
81.7053
81.6237
80.8398
79.8506
80.8447
80.9337
80.0418
79.3128
77.844
77.3134
76.1158
75.6455
76.5232
76.9996
77.1185
78.0889
76.2016
76.9438
77.8259
76.5161
76.7589
74.8312
75.811
74.986
73.8446
74.915
74.9355
75.0981
73.8338
74.45
75.1896
73.9625
74.9691
74.2212
73.587
74.5642
73.2046
76.6615
73.7612
74.7155
74.6799
76.3876
75.3485
75.6685
74.7633
75.6363
75.4179
75.3058
75.0872
75.9245
76.3593
76.3681
75.6696
75.4079
74.4573
74.9475
73.4621
73.251
71.7792
72.4988
73.667
73.8857
74.8012
75.4431
75.4943
76.6537
76.5633
77.3543
78.3688
79.2994
76.9632
77.1774
77.1409
78.8096
78.401
76.9238
76.0781
76.0646
77.7362
75.0943
75.2148
74.8885
75.4717
74.2387
75.3545
76.5983
75.8253
75.3429
74.4908
74.9171
76.999
78.0057
78.8957
78.5115
76.6396
77.4325
77.055
77.9012
76.3749
76.5858
77.498
76.9933
75.4757
75.9665
76.3988
76.8681
77.0831
76.8963
77.3916
78.6955
79.4899
80.3626
80.4583
79.8388
78.7167
78.5706
78.9959
79.1736
78.6478
78.9788
81.749
81.2475
80.7647
80.6406
82.0802
83.4726
82.9445
83.5602
82.7655
82.2184
82.5436
82.063
81.86
80.7504
80.6952
80.9283
82.5622
82.3757
84.6875
84.4095
84.6321
85.808
84.4791
83.4418
82.2118
81.0961
79.7445
80.2624
79.5935
79.2192
78.8959
79.2894
79.3955
77.8948
77.5347
76.9096
77.5353
77.3307
77.7781
77.8249
77.122
77.8485
79.4002
79.9139
80.0049
79.1423
79.3436
80.161
79.6224
79.0107
80.6017
79.4237
79.0425
78.3556
79.2258
82.3013
82.3139
83.7749
82.4499
83.4616
82.7501
82.9243
83.8407
82.7525
83.0425
81.4397
80.5906
80.8119
82.528
83.3004
85.3679
86.7575
88.0701
86.6748
86.3455
86.3072
86.6241
89.0508
90.1265
92.4241
93.6927
93.1493
93.8975
95.3111
93.8808
92.9773
92.616
90.7296
90.0822
90.098
89.6131
88.9801
89.0478
88.6568
88.5962
87.5761
86.2048
87.2645
88.3439
87.6007
88.4607
89.5777
90.5183
89.5596
92.409
94.7864
95.003
93.9916
94.2345
96.6912
96.5668
96.5919
95.4841
96.1517
96.1458
95.2202
95.3146
95.7307
96.3101
96.3333
96.8271
96.869
96.5158
95.249
94.7827
96.0524
96.883
98.8581
100.419
99.1439
97.707
95.843
96.4605
96.1816
98.5873
97.189
97.4667
98.6391
98.3968
98.3976
99.9808
99.3283
100.302
100.356
99.9299
98.6812
99.0916
97.7116
97.7071
98.528
96.439
95.6544
96.8998
95.8925
96.5651
97.2781
98.5138
95.6204
93.8253
93.7581
95.8038
94.671
96.759
96.8301
96.6315
97.4827
97.2895
97.0669
97.6626
98.1608
97.2932
97.2358
97.0243
96.165
97.6042
96.9126
96.9988
97.1586
97.9363
101.924
102.547
101.146
100.385
101.549
103.66
103.276
104.873
103.667
101.872
101.38
102.563
103.448
102.545
100.705
101.952
98.3272
98.9175
101.877
106.596
103.15
103.963
104.792
105.064
105.095
104.66
104.997
104.351
105.588
104.106
103.672
102.068
101.869
102.491
102.03
101.868
103.242
104.218
105.58
105.047
103.961
101.318
102.726
104.258
101.602
100.337
99.2326
99.6258
98.9854
98.465
