100.494
98.8768
96.5608
95.2158
93.8166
93.1051
89.5437
88.3889
88.0822
88.2655
86.6028
87.4384
85.8751
86.6834
87.7477
89.0497
90.5135
90.959
91.383
91.8695
93.1058
92.9324
92.9863
90.2052
90.3297
89.4632
89.3393
87.7548
87.8331
88.2133
87.4337
88.8975
87.2165
87.706
87.3459
87.3541
87.8663
88.2422
86.8212
88.7164
90.3207
89.4027
90.2684
89.396
88.5098
87.2775
85.9192
85.4258
85.3174
86.1167
86.5795
86.9278
86.4186
86.8516
86.6647
87.1002
88.0264
88.1711
87.3947
85.688
87.7108
85.2192
85.125
87.487
88.3895
89.2244
89.9448
88.6269
88.3507
86.9035
85.8752
85.7568
86.6223
85.6991
85.0592
85.3214
86.3185
84.4942
84.0569
82.9392
83.4562
84.7345
85.0317
85.1091
86.4724
86.9824
87.0543
87.2197
86.2059
86.1103
85.2185
83.6941
84.5797
84.2864
85.1424
83.8588
84.5939
85.6088
84.3432
82.9279
81.4428
80.698
80.5396
80.8392
79.9712
79.345
80.6916
82.3641
82.3337
83.0202
82.8391
82.9025
83.0864
81.7175
81.8528
80.2793
78.8629
77.2342
76.487
74.5499
75.7624
76.6517
75.2068
76.8764
76.0985
75.5856
76.1164
76.5239
75.8142
75.4086
74.8391
73.4137
74.9487
73.4995
75.0085
75.3886
74.6759
75.2889
74.0368
73.4689
74.1302
73.0109
73.5783
73.1939
73.2302
72.0142
71.6803
72.356
72.2181
72.6222
71.9256
71.3919
72.4838
73.1203
72.7812
71.8428
71.4906
71.2759
71.0161
70.0155
69.7477
70.1208
71.5298
71.8344
71.9453
71.1092
71.6324
71.2314
71.3756
71.2219
70.3824
69.2803
69.6471
71.3214
71.0672
69.712
70.7204
70.0638
70.1075
70.184
69.5957
69.2042
69.8498
69.7869
71.1326
69.2294
68.2315
70.3559
70.8874
70.3313
68.9522
69.7615
69.6319
69.8685
69.1158
68.5763
70.1512
67.7609
66.1943
66.8332
68.1019
67.3756
67.8927
67.0106
66.4945
65.8976
66.1948
65.5309
64.0063
63.6625
62.682
62.5623
63.5803
63.7528
64.3083
63.2533
64.1823
63.5781
66.2542
66.0133
66.5481
66.7276
66.2663
66.8229
66.6262
66.9274
67.603
68.062
67.3508
67.5687
68.2282
68.2439
67.9391
69.808
70.6815
70.4205
67.1496
67.7539
66.7907
65.498
65.9789
66.7112
66.9329
66.9654
66.3124
66.3574
64.0313
64.98
64.3945
64.2913
65.691
66.7398
67.7759
67.3515
67.3075
67.5923
66.9442
67.1918
68.0985
66.7059
67.2082
65.9775
67.1105
67.6769
68.0991
67.2709
67.3874
67.2752
67.2966
67.7327
67.524
67.7927
68.902
69.1126
66.7815
66.6226
66.8954
66.9029
66.3323
67.2171
65.1817
66.0805
66.2238
66.4295
66.8088
66.9105
65.9096
64.2404
63.9251
63.2865
62.9199
62.795
64.1413
64.1236
63.9981
65.7852
65.709
65.3664
65.3387
64.7906
65.4795
65.34
65.58
66.1843
65.2637
65.1054
65.494
66.1677
65.2977
64.8035
64.6833
65.3214
65.8688
65.8733
64.7217
64.2664
63.5938
63.5045
64.3612
63.6696
64.1746
63.9379
62.8854
62.5793
61.1203
61.4533
60.5474
61.6328
60.763
61.0351
61.062
60.5848
60.9947
61.5689
60.2174
61.4443
60.4157
61.4561
61.2975
59.7221
60.6317
60.1155
60.4986
60.2279
62.6569
62.5232
63.5681
62.4873
62.7008
62.5677
62.19
62.4181
62.8123
61.118
60.8721
60.2591
60.7557
60.1169
60.183
59.3285
58.0107
58.4021
58.0053
59.1516
58.0427
57.6752
55.8958
55.5474
55.1342
54.078
52.8674
51.9882
52.1312
51.2375
50.8473
51.5898
51.2858
51.1277
51.0632
50.4651
50.5182
48.9189
48.8774
49.2527
50.0907
50.0843
49.9417
51.1087
51.0915
50.2013
50.2426
49.1836
48.6752
49.1253
49.4696
49.6511
49.8207
49.8322
50.8685
51.5971
51.4887
51.4849
51.5434
51.6838
51.4256
52.0591
51.7623
52.4507
52.6063
53.3409
54.7376
54.657
54.7921
55.3436
54.2705
54.9714
55.2936
56.0199
56.4451
56.1597
55.5152
54.7539
55.2986
55.1342
54.0762
54.0758
54.1604
55.2161
54.7572
54.9015
55.5219
55.4832
55.8412
55.743
54.8287
55.433
56.0338
56.2591
56.8463
57.5668
58.3748
59.112
58.7286
59.2575
59.5572
59.468
59.993
61.0851
61.7593
62.0441
63.834
63.4087
62.956
63.5728
64.2253
63.5089
63.568
64.5224
64.2461
63.2997
62.8091
61.5135
60.509
61.8079
62.5045
60.3571
61.3605
61.646
62.5372
60.0324
59.7639
60.6401
59.8085
59.3841
58.6558
58.3275
58.2396
58.7349
57.1546
56.8534
56.149
56.5882
55.6095
54.0178
54.1627
53.8416
54.94
54.3964
53.879
54.5891
54.6445
54.0249
54.3657
54.6114
54.0762
54.2079
54.0272
53.1483
52.614
51.7788
51.9896
52.3485
51.406
52.4196
51.9857
52.7546
52.7632
53.1674
52.1177
51.2879
50.5049
50.7752
51.0525
51.019
50.9695
50.0213
50.1178
49.0317
48.4765
48.1702
48.4431
47.9077
48.5048
49.035
47.6203
45.9065
45.8692
45.8659
45.4928
44.2805
43.9455
44.215
43.8615
44.0426
43.7972
43.6356
43.6343
42.99
43.3662
43.3702
44.156
42.963
43.7621
43.2422
43.3229
42.1257
41.961
42.1376
41.6456
41.762
42.6781
42.4446
42.5178
42.4902
42.2844
41.8737
42.0009
42.5591
42.5971
42.9537
42.9101
43.8311
43.6082
43.8654
44.6061
44.3024
43.3411
43.5679
44.4612
44.6552
45.2046
45.519
45.5417
45.1719
44.5286
43.399
43.3978
44.3411
43.709
44.0131
43.7109
43.7533
44.1845
44.5799
45.3469
44.9003
45.1106
44.9039
44.8394
45.5155
45.5132
44.1142
43.8706
44.5446
44.9989
45.1253
45.2794
45.0049
44.2172
44.8274
