101.436
100.178
99.3227
100.505
101.269
100.139
99.3041
98.7646
98.0434
99.1308
100.389
99.9022
97.7707
97.1057
99.107
98.3224
99.7402
99.9635
101.017
102.542
100.87
99.5744
99.1249
97.8819
96.7128
98.6073
99.3959
100.564
100.084
100.331
98.7365
97.5751
99.7664
101.984
99.9995
101.584
102.488
103.78
102.58
103.961
104.12
105.137
104.253
105.531
104.337
103.748
102.269
103.209
104.069
104.13
104.58
106.212
106.144
104.469
104.992
105.945
107.119
106.636
108.209
110.24
109.831
110.817
109.62
108.524
108.064
109.011
108.382
108.112
107.254
107.546
108.559
109.999
111.989
113.744
114.083
112.241
115.142
115.864
115.969
114.458
116.667
115.373
114.411
113.801
112.766
111.963
110.506
111.849
112.797
111.84
111.18
113.073
114.107
114.72
114.829
114.461
114.708
114.851
114.789
114.434
112.008
114.204
114.672
115.654
113.763
113.023
116.89
118.137
117.042
114.884
115.823
117.202
117.692
117.386
118.019
116.416
117.451
118.074
114.775
114.774
114.632
115.161
114.739
113.367
112.274
112.151
113.243
111.506
113.79
113.762
112.115
110.351
111.359
113.138
111.993
113.728
115.053
116.115
116.701
116.177
116.497
117.457
118.42
117.809
115.655
115.636
115.923
114.625
116.165
116.322
117.264
116.243
115.107
115.631
116.383
115.934
119.221
119.965
120.684
122.049
124.082
126.148
128.258
126.614
126.44
123.246
121.766
123.381
125.296
124.832
125.31
125.723
122.43
121.632
120.676
121.669
120.361
120.715
123.969
123.52
124.928
126.162
124.427
123.826
123.674
125.422
126.75
124.842
126.164
127.547
129.083
130.188
130.913
130.018
132.343
129.624
130.245
131.202
129.923
130.18
132.289
134.051
132.892
136.364
138.378
140.359
137.379
138.288
139.265
138.456
140.348
140.565
144.544
142.847
139.376
137.06
136.741
138.342
135.8
135.351
134.257
135.484
137.253
136.947
134.158
134.557
135.803
135.444
133.493
136.681
138.192
137.597
138.374
136.387
136.355
135.966
133.016
130.979
130.777
132.823
133.49
133.301
130.152
130.258
131.309
132.74
132.314
133.798
132.074
132.252
132.022
133.303
135.129
135.18
135.369
134.46
134.179
134.864
133.946
135.03
133.074
135.414
132.363
132.445
132.754
132.255
134.436
135.003
137.502
137.161
135.811
138.927
137.535
136.502
142.352
140.14
140.99
142.992
142.457
136.648
137.585
137.803
135.955
134.748
132.71
131.084
134.466
133.724
134.74
136.297
137.381
133.603
134.808
136.498
134.623
136.622
136.476
136.319
136.341
138.831
139.027
138.735
139.566
136.575
136.688
136.511
137.939
138.152
138.718
136.883
136.06
135.655
136.014
138.15
136.415
134.999
137.429
136.118
139.1
139.044
141.198
142.578
142.797
143.743
141.696
142.598
138.965
138.65
136.332
137.52
134.999
133.873
136.461
137.284
140.024
142.004
140.861
139.583
140.725
138.259
139.78
142.569
144.011
143.045
143.954
143.715
143.217
144.132
145.021
142.745
142.685
144.148
142.514
142.881
144.757
145.024
145.009
148.187
146.935
147.42
148.596
148.953
149.027
142.896
142.307
141.377
141.233
139.36
137.456
137.665
139.466
139.496
140.144
139.451
140.177
137.547
136.646
135.965
136.039
137.884
139.397
137.713
136.511
137.246
137.556
140.08
140.867
140.288
141.757
142.84
143.917
144.608
143.373
143.845
145.438
142.829
143.915
143.647
143.914
143.904
144.709
142.624
141.828
141.417
142.209
141.261
141.199
139.696
139.837
141.438
141.465
140.465
143.779
144.585
144.479
144.874
145.436
148.128
149.172
147.305
148.617
147.379
149.028
148.527
148.067
147.817
150.794
148.084
146.933
148.021
147.933
146.55
147.801
147.613
146.443
147.499
147.791
146.425
147.966
150.009
150.018
149.353
148.247
146.824
149.085
148.826
147.119
145.308
146.001
144.487
144.734
145.931
144.923
147.334
150.578
151.389
146.019
148.045
149.047
149.627
150.631
150.361
148.167
144.983
146.276
146.828
148.734
148.113
150.258
148.983
145.107
141.682
142.113
138.916
140.743
141.714
142.976
141.781
143.201
142.78
143.261
142.984
143.063
140.084
141.327
142.511
139.14
143.276
143.78
148.409
152.161
154.3
156.429
155.974
155.461
156.093
155.698
154.379
153.753
151.904
150.886
150.934
148.507
145.94
145.692
145.209
144.969
144.901
143.313
145.001
144.422
143.796
141.941
141.262
143.332
141.384
140.238
141.663
142.318
140.94
141.628
143.189
144.258
144.375
145.279
145.074
146.041
146.569
148.255
147.219
146.428
142.276
143.224
146.182
150.173
151.432
151.238
150.824
151.802
152.033
150.644
149.668
150.297
149.584
150.018
149.156
149.52
151.278
149.459
151.271
150.356
151.441
151.628
152.754
152.811
153.187
152.018
149.813
151.989
151.276
152.7
154.32
157.718
155.674
156.541
156.438
155.91
159
158.989
159.053
160.039
159.122
162.74
160.946
159.802
161.105
161.37
164.951
165.062
168.583
167.112
165.317
168.819
166.165
169.112
166.374
168.478
167.762
170.27
170.077
169.854
171.731
174.193
170.451
170.356
167.569
168.432
164.495
166.193
167.87
