100.405
98.3607
98.7931
98.8557
99.0036
98.9567
100.565
99.519
99.5221
98.2829
99.083
97.8543
98.8744
99.0459
98.9185
98.4272
99.0896
99.2459
99.0708
99.3091
100.418
101.199
101.755
101.255
101.241
101.3
101.322
100.198
101.187
101.179
101.912
103.671
102.563
99.0164
98.458
98.6498
98.3174
99.6412
100.334
100.154
99.379
102.25
103.436
104.855
107.343
107.898
109.75
108.18
107.353
108.047
107.538
108.085
106.991
107.177
105.562
104.868
104.401
105.384
105.838
105.996
107.065
106.918
108.348
109.038
106.499
106.666
104.14
103.562
104.512
104.171
103.171
103.532
103.745
103.405
103.426
102.518
102.246
100.044
98.3208
98.3514
97.0444
95.3824
97.3925
96.6922
98.1184
97.2625
98.9716
98.547
98.7898
96.4388
96.0854
95.0789
95.199
94.585
94.996
93.2991
92.3077
92.3041
92.9739
94.5518
93.6766
92.9792
91.6155
91.2698
91.8094
93.8996
96.4634
96.3588
97.8808
97.2148
98.0881
97.3685
97.9787
97.7516
98.4391
98.9178
99.3258
101.284
100.179
98.9938
98.669
98.3635
96.6939
95.4329
96.9334
98.6823
99.6265
97.6283
98.2354
101.407
102.865
103.774
102.818
103.806
104.863
105.131
107.674
108.348
109.287
109.679
108.194
110.549
108.944
105.567
106.706
105.783
105.58
105.441
104.463
106.104
106.196
107.098
106.852
107.358
109.575
108.981
110.247
109.114
113.522
114.558
114.944
115.284
117.24
118.14
120.08
119.078
121.025
120.882
120.573
119.952
119.361
117.785
120.755
121.745
121.301
122.256
118.118
117.662
118.653
117.943
120.37
117.827
118.236
118.636
117.11
117.19
117.126
115.162
118.384
118.826
118.278
117.959
117.427
118.885
115.7
115.813
118.15
118.601
116.603
118.375
116.537
115.546
115.129
113.279
115.509
115.927
117.963
118.153
116.476
116.326
115.934
114.683
114.986
114.715
115.426
113.772
115.588
114.622
116.6
119.628
119.592
120.864
120.016
119.339
121.819
121.707
121.853
125.268
126.879
127.027
128.861
130.686
129.243
131.018
132.069
133.713
131.88
133.005
130.472
129.987
127.093
125.361
123.136
120.486
120.23
122.023
120.163
123.984
126.372
130.455
132.9
134.457
138.177
141.008
141.096
142.487
143.796
143.159
143.909
143.242
141.012
141.098
144.24
140.621
140.992
141.75
143.253
142.104
144.014
142.405
142.971
144.879
144.845
145.765
145.314
142.359
144.018
145.949
144.43
143.934
142.386
143.163
140.55
141.891
142.592
143.218
144.071
142.33
143.752
145.499
144.808
147.291
147.988
149.984
148.041
147.065
147.386
149.089
149.924
153.968
149.829
150.813
150.807
152.039
154.414
158.949
157.693
159.253
159.709
158.526
162.634
161.069
164.809
168.847
170.474
168.387
168.353
165.489
167.007
166.704
167.18
166.976
168.745
169.046
164.808
162.221
159.213
160.531
162.222
163.495
164.094
164.353
166.078
166.64
164.095
167.807
169.096
166.256
164.16
162.809
160.2
162.269
163.135
161.084
162.85
163.904
164.444
162.121
161.879
162.889
162.617
163.181
160.473
158.53
161.133
161.55
162.318
157.896
157.024
158.691
159.579
157.587
161.147
162.712
163.745
160.638
163.764
163.777
164.022
162.563
160.476
162.902
162.229
161.302
161.342
163.652
164.221
160.399
162.088
161.979
162.409
161.077
161.48
160.118
160.304
159.511
159.546
160.62
160.413
159.273
162.387
160.61
161.119
162.52
163.893
162.279
162.488
159.921
158.583
158.266
158.192
153.002
159.577
158.683
157.161
155.72
158.134
160.717
160.119
160.497
158.931
155.829
156.135
157.55
156.368
154.85
154.404
154.05
154.747
155.219
156.771
157.267
157.758
157.248
157.077
160.613
158.144
158.283
161.906
166.851
162.071
161.935
162.513
157.19
156.393
158.213
160.358
161.864
162.283
162.373
165.871
164.672
167.545
165.943
165.987
161.831
164.908
165.095
169.276
166.948
165.456
165.134
163.678
162.102
159.607
159.852
161.112
161.636
161.245
163.338
161.999
165.83
164.738
163.664
164.598
166.625
165.88
164.687
163.67
163.168
163.285
163.455
163.594
161.863
159.468
157.912
158.47
158.838
157.651
159.076
160.542
159.378
161.758
163.945
165.229
167.463
168.645
166.097
170.904
169.859
169.983
175.155
172.072
170.324
172.9
169.993
166.357
168.03
165.611
165.088
164.734
162.791
163.108
164.166
166.135
167.561
166.279
167.108
168.701
165.689
161.992
162.709
163.261
159.784
156.838
159.533
157.005
157.34
154.519
150.819
152.906
150.986
154.24
156.068
156.988
155.209
153.382
152.462
153.565
155.184
156.034
152.857
149.794
153.024
150.41
151.928
151.26
149.546
150.557
150.943
149.851
150.69
149.552
148.73
147.41
145.843
147.152
147.273
146.678
146.334
146.532
146.998
148.894
150.77
152.658
151.488
150.806
150.879
153.48
156.868
159.189
158.27
157.923
155.519
154.524
156.311
156.328
158.025
157.181
158.072
158.588
160.341
162.054
162.459
163.518
160.079
163.022
161.752
160.328
157.438
155.519
154.625
153.321
151.377
152.688
154.047
156.931
154.126
153.441
152.264
153.02
150.77
151.315
150.191
149.83
152.804
152.254
152.498
154.607
151.808
