97.7416
97.8402
98.4504
101.199
101.64
102.871
103.103
103.389
104.154
104.978
104.037
101.399
100.877
99.9546
100.302
100.382
101.733
104.105
103.862
105.397
106.482
106.444
105.952
108.074
107.86
107.696
110.004
109.135
110.409
113.198
114.295
113.581
112.98
113.041
112.094
110.34
109.537
106.623
106.45
107.809
105.66
106.539
105.185
107.346
108.098
106.272
105.775
106.846
106.816
107.374
109.535
110.967
111.759
112.045
112.688
113.486
111.961
111.649
112.091
112.81
114.798
116.692
115.514
115.276
114.941
114.477
113.433
113.191
115.67
116.785
116.979
118.138
117.327
116.697
115.454
116.194
114.461
113.234
111.172
110.466
110.02
109.762
110.279
109.9
107.99
108.036
106.128
106.435
105.52
105.099
104.949
104.379
105.242
104.802
104.237
104.929
105.242
103.961
103.447
102.917
102.595
103.078
103.642
103.784
102.83
102.009
101.947
104.302
105.148
106.346
106.823
108.584
109.531
109.742
109.816
107.947
108.821
110.723
110.054
109.742
112.728
112.701
115.2
113.225
113.656
114.335
113.781
114.758
115.113
113.356
114.066
114.711
113.918
112.357
110.414
111.009
110.653
111.36
109.781
111.097
110.549
110.404
110.343
108.083
108.727
107.757
105.858
106.402
105.341
104.928
105.503
107.047
106.654
107.653
104.667
104.991
104.446
104.275
102.697
103.289
105.141
104.711
103.412
101.091
103.298
102.793
102.246
100.888
102.045
100.831
98.8347
98.1879
96.9176
96.7308
96.2522
94.5749
94.1192
93.742
94.6452
96.1509
97.1292
97.1849
95.899
95.9912
94.965
94.8277
94.2787
94.5672
95.0483
96.3298
97.8935
96.7765
97.6913
98.2106
98.4883
98.2713
98.5089
97.5791
98.4861
98.6812
98.1746
97.7509
99.2298
97.4328
98.4831
97.3523
94.9899
93.9082
93.7282
92.8968
92.4029
90.6945
90.1974
89.4074
89.2677
90.078
89.4292
89.2854
90.4703
90.0735
89.396
89.682
90.368
89.6276
88.9912
89.5072
91.2743
89.9407
89.8693
88.6988
88.4915
87.4382
86.3476
85.1351
86.2824
89.2756
87.4986
87.6791
86.577
86.8252
88.3725
87.11
84.7957
86.7739
85.6579
84.3167
85.3451
84.7712
84.3949
82.3823
81.6091
81.0982
79.4825
79.4227
80.5035
78.7173
79.5012
79.0355
80.7939
81.3854
81.9284
83.6804
83.7486
82.7843
83.2682
85.462
85.2384
84.3978
85.5894
85.4829
86.4817
85.0266
85.8672
85.081
86.8136
86.8366
86.9929
87.3626
87.233
86.9437
86.3801
84.8171
85.1832
85.19
86.0922
84.865
84.578
84.3576
84.7413
84.3233
84.4553
83.6333
82.306
82.6292
83.0525
82.0426
83.5554
84.4082
84.7919
84.5228
83.9154
83.0753
83.1298
84.959
84.3814
82.6214
81.6857
83.6188
83.0358
84.7929
84.6879
85.3746
87.8057
86.9794
88.0192
87.7137
87.6539
89.9985
89.9527
90.2634
90.7622
91.0896
91.0002
90.9501
92.5745
93.3775
93.6423
94.5751
92.456
92.8978
93.9148
93.6418
93.4345
94.9212
95.907
95.8934
96.3343
94.8533
91.5906
91.9699
93.7551
93.7912
94.5303
94.0509
94.0571
94.6964
95.0387
95.6804
96.4129
94.7071
96.3929
97.2848
97.024
95.6806
96.0475
96.7796
97.2778
96.7244
97.7295
97.9066
98.6284
99.7982
97.2027
96.2662
94.6478
95.7862
94.8364
94.734
94.5498
94.0451
95.2288
95.7879
94.7591
95.1343
96.1843
96.186
97.5334
95.3305
93.6355
93.5844
92.8592
91.3439
92.531
94.8524
93.2691
94.9435
93.4851
92.0779
92.1654
91.7365
92.2903
92.6855
93.87
94.0117
94.0657
95.0303
94.6224
94.122
94.6567
93.4031
94.2605
92.1129
94.0601
94.2263
93.6248
92.6941
91.8358
91.9786
93.1409
93.2297
92.8453
91.6727
90.8413
93.0957
90.9417
91.2697
92.5407
92.3402
94.0465
94.331
93.9995
93.5066
94.1281
94.732
96.363
97.0471
96.9452
97.6008
99.7727
100.616
100.135
100.322
99.3321
99.0784
100.769
101.14
99.5252
98.8665
98.741
100.498
99.5804
98.6231
97.8707
95.8293
96.2105
95.5555
94.4763
93.6163
93.9259
93.5306
93.4818
93.941
92.8487
92.2884
94.0399
93.7579
94.5408
93.248
90.7546
90.8612
91.4408
91.7627
92.3965
92.4453
91.8841
92.7739
94.0949
95.3804
95.4731
94.7411
96.2331
96.1108
93.6392
92.6453
93.0042
91.2486
90.0401
91.7859
90.5586
89.9539
91.007
91.3643
90.3243
89.8168
88.5587
89.2241
88.9281
89.147
87.4266
86.7212
86.7621
85.4831
85.1658
85.9357
86.6735
86.2233
85.8201
85.7254
85.2269
83.9389
84.0623
84.8327
85.9455
86.6463
86.2439
86.9449
85.1996
84.5355
84.5157
83.2488
83.1352
83.7333
82.1207
80.6912
78.946
78.4965
79.5342
77.9591
77.2438
75.3604
76.912
76.9646
77.0231
79.8084
79.2793
79.019
77.1105
76.2513
77.2007
75.7779
74.5555
75.2797
75.12
76.2238
75.5005
74.183
73.4209
75.5951
74.9864
74.4206
74.4552
74.8112
75.3156
74.653
74.9559
74.1438
73.2884
72.4107
71.9141
71.4501
71.059
69.6949
68.6503
69.7158
70.4052
70.8642
70.2396
70.9684
72.6551
73.0798
73.6096
74.7098
75.3857
75.0813
75.6137
75.661
74.6993
74.4112
74.2018
74.2891
73.4938
74.8352
75.5244
74.6506
74.7919
73.9583
74.9117
73.6887
73.3853
74.6489
74.3505
75.5444
75.3954
75.3365
75.0042
74.9381
75.1794
77.1318
77.8178
78.8627
78.9356
78.2714
78.0847
78.3624
77.4434
78.1839
79.543
79.2832
79.1385
79.0145
