100.72
101.618
103.584
101.927
102.27
100.76
100.644
100.57
100.524
99.9813
100.836
102.195
103.519
103.001
101.721
102.18
103.64
102.786
99.8914
100.382
98.8192
97.9969
99.2491
97.7863
98.0424
98.1589
96.8829
97.1277
97.2969
96.8556
96.6499
94.4371
94.2422
95.0871
95.1844
94.3194
94.1372
92.7483
94.0919
93.7993
95.1637
95.7926
94.8813
94.4709
95.0738
94.9872
94.6826
96.8916
99.6597
99.8157
100.692
99.893
101.52
102.039
99.2333
101.733
101.824
102.931
102.675
101.831
101.074
102.338
105.395
104.895
104.985
105.5
105.199
104.574
104.793
106.603
106.86
106.864
107.087
106.661
107.358
109.018
109.633
109.426
109.988
110.486
112.458
112.452
111.987
114.013
116.022
115.596
114.529
115.088
116.139
113.686
112.141
111.021
110.235
112.833
115.347
116.04
116.44
115.723
117.922
118.294
115.363
113.536
112.876
113.221
112.913
112.941
110.401
108.487
109.347
110.203
108.587
108.978
108.226
108.229
108.69
109.41
110.769
110.039
108.467
110.153
111.239
112.152
112.874
112.18
111.681
111.134
109.301
109.24
108.789
109.78
110.228
112.045
112.622
112.045
112.431
112.115
113.038
112.257
111.459
111.115
107.549
105.67
107.251
107.555
108.241
109.081
110.602
110.885
110.491
111.39
111.153
110.667
109.098
109.606
109.178
109.225
107.671
108.247
109.854
109.533
106.849
108.817
107.998
105.23
103.23
102.963
102.616
102.76
102.905
103.614
104.997
106.736
108.62
105.912
103.937
104.838
103.559
103.529
105.456
106.127
106.555
106.45
104.527
105.334
105.266
104.1
104.787
105.445
107.359
107.835
106.719
104.482
104.459
104.832
106.055
107.129
106.373
104.469
106.664
109.081
111.524
110.491
110.832
112.903
113.038
112.629
111.531
112.916
112.255
111.25
110.281
111.6
114.527
114.801
115.332
116.476
115.829
117.97
117.422
116.556
116.271
116.207
117.276
117.855
119.143
119.059
118.747
115.755
114.483
111.687
114.153
115.219
114.409
111.764
111.556
112.879
110.891
111.011
110.944
112.286
112.84
113.813
114.177
115.348
112.574
116.723
117.088
117.258
115.494
114.061
114.321
112.216
113.479
113.632
116.19
118.092
116.937
116.954
118.933
120.906
120.337
119.852
119.624
118.3
117.827
117.833
119.182
120.228
121.13
122.354
121.945
121.444
121.213
120.635
120.735
122.382
122.55
123.963
124.826
127.868
126.616
126.625
124.168
123.937
122.781
126.383
126.494
127.803
128.063
129.501
129.631
130.088
131.087
131.057
128.684
132.56
132.933
133.579
131.052
131.935
135.846
135.876
133.832
133.405
135.357
134.375
136.177
137.112
136.443
132.105
131.041
131.987
131.224
129.444
127.074
130.163
131.321
130.014
126.169
126.399
123.319
121.265
122.679
121.576
123.027
125.476
125.692
126.69
127.333
125.492
125.982
121.6
119.773
121.832
122.899
123.39
121.782
122.46
124.126
124.919
126.761
125.761
125.149
126.716
125.739
127.018
125.864
124.608
123.898
123.711
123.339
122.21
122.462
122.777
122.63
123.946
123.773
127.581
126.508
126.496
127.592
129.152
129.626
128.72
129.066
127.684
124.449
125.346
126.876
128.697
129.061
128.35
128.586
128.575
128.949
128.823
130.173
130.102
125.475
129.718
129.976
131.413
135.795
135.216
137.957
139.644
139.493
141.115
141.583
139.807
137.423
136.87
136.107
137.342
137.349
137.384
136.767
139.426
136.756
136.425
137.945
135.978
134.527
134.736
136.325
138.187
141.375
141.624
141.881
143.94
144.102
145.034
145.996
146.276
143.339
147.229
147.392
148.534
148.804
146.029
145.341
146.14
147.658
150.439
147.298
148.355
149.9
149.033
150.437
150.5
153.453
149.75
150.075
149.435
147.705
146.348
149.3
150.072
151.076
150.017
151.327
152.97
155.04
154.504
155.286
155.204
154.506
157.652
156.896
159.073
159.921
157.535
159.421
162.244
160.933
163.124
161.344
163.262
160.894
160.552
159.676
156.729
155.31
158.241
156.002
154.141
152.492
155.218
155.979
158.422
159.083
158.957
158.119
157.333
154.98
156.228
155.612
157.223
157.25
156.529
154.546
156.767
158.118
159.866
163.373
163.784
161.047
161.195
159.556
164.288
159.857
161.787
158.591
160.581
158.081
154.049
153.971
153.438
152.817
151.707
153.806
152.945
155.479
155.754
154.934
157.957
157.823
158.147
159.491
161.25
158.381
157.65
156.767
157.596
158.316
161.667
162.251
163.721
163.368
161.16
160.095
164.832
167.743
163.796
165.419
166.317
159.976
161.169
161.18
161.141
164.394
163.785
166.197
169.35
175.292
174.941
173.696
173.404
171.202
172.675
170.517
169.978
168.9
164.934
164.9
169.162
166.789
166.481
168.851
167.46
167.75
170.105
171.473
167.637
166.944
167.457
165.575
164.959
165.324
160.504
159.081
158.026
162.071
162.845
164.752
164.774
166.28
167.618
164.516
164.875
162.771
163.781
162.142
164.193
165.799
166.774
163.123
159.512
157.743
159.185
163.047
163.366
161.939
163.451
161.173
162.758
166.428
167.225
165.893
164.213
164.302
163.928
162.138
160.034
162.498
162.255
164.166
168.104
167.718
168.401
