101.195
101.088
101.012
100.896
100.021
99.8221
97.7588
97.615
97.0834
93.7104
94.2012
95.1496
96.099
96.4765
97.339
98.489
96.9834
97.9509
100.465
100.111
102.983
103.857
105.215
105.961
105.199
104.45
106.048
105.025
104.987
105.066
105.444
103.096
102.801
102.886
105.201
104.967
101.765
103.394
103.702
103.966
101.685
102.45
100.655
99.7287
100.782
100.861
100.973
99.297
100.838
101.548
101.346
102.314
102.568
103.295
103.123
104.558
102.844
103.51
102.212
104.676
103.736
103.629
103.91
103.454
101.617
102.2
99.8928
100.753
101.251
100.775
101.029
101.074
100.889
102.217
101.96
102.097
104.826
106.084
104.659
105.231
107.028
106.828
108.616
109.197
107.434
107.269
104.66
102.677
103.39
103.405
104.917
104.228
104.767
105.76
104.951
102.653
105.286
107.926
106.183
106.676
108.756
108.638
109.344
108.617
109.428
108.074
109.431
107.308
106.121
104.162
102.597
104.541
103.794
102.123
101.997
100.566
102.584
102.344
103.283
103.03
101.917
103.771
102.43
102.288
102.362
104.19
102.578
103.321
103.85
104.178
104.039
103.092
102.944
102.936
104.374
104.447
104.061
103.246
103.133
103.809
107.397
107.269
105.77
106.407
107.304
107.688
107.594
106.886
107.005
106.521
104.213
104.186
101.978
100.468
99.6126
100.89
100.364
100.871
101.84
102.733
102.025
100.466
99.5551
98.1229
97.1396
95.9492
96.9917
93.6193
93.8329
94.7113
95.3633
94.9513
96.2088
97.6898
96.0634
95.3706
95.2081
95.5699
93.8616
92.8021
92.4147
90.1569
92.149
93.5321
92.9343
91.3542
91.7155
90.5567
90.7726
88.5561
87.706
88.1757
87.0712
87.4585
88.4841
86.9159
87.1283
88.5073
88.7671
89.581
88.3527
88.2915
90.3448
89.5517
88.4536
86.3973
87.7052
89.2301
88.3544
90.1134
88.7163
90.041
92.2221
89.8864
89.2728
90.284
92.0888
92.4537
92.0509
92.3517
91.0177
90.433
89.0696
88.5957
88.0976
88.9391
89.1962
88.1076
86.5256
86.8208
85.22
84.6066
86.5454
86.3831
86.4253
88.0062
87.6205
87.4571
87.4374
86.0266
83.9062
84.0923
85.0139
84.8723
85.2238
86.4329
88.1854
89.8984
90.2993
91.1281
91.8354
92.2912
90.1123
90.3088
90.0942
91.8315
90.0903
88.5351
86.974
88.7119
88.9909
88.6636
89.2642
87.4504
87.9778
88.0871
87.6371
89.9562
90.6722
92.0417
92.654
93.9681
92.314
92.5425
91.4811
91.0567
91.8124
90.8741
90.9104
89.8452
88.3779
89.6514
90.4285
88.5151
89.4459
88.98
89.7972
89.9398
89.951
92.8203
90.8684
89.9648
90.6984
92.0509
92.7607
92.171
88.8544
89.1431
87.3086
87.4794
86.2205
84.5879
85.3932
86.1781
84.6648
83.6366
83.3204
83.4382
83.1778
83.435
83.0007
83.2042
86.0332
85.6493
87.1034
88.5962
87.8462
89.2254
91.0512
92.3241
92.5966
92.612
95.5462
95.4303
94.8667
94.2977
94.7275
95.5386
96.3852
96.6843
96.6479
95.6011
94.9741
94.7799
94.6158
93.3102
92.7468
93.6794
92.9163
91.9396
93.0013
93.486
91.9498
91.7843
91.2064
89.1622
91.566
91.5943
89.6736
91.6552
92.3364
93.7416
93.6699
95.1723
93.6327
95.3746
94.9525
95.4121
97.1574
95.5766
94.6008
95.0394
94.8262
96.6934
96.5143
96.5515
96.7447
98.839
98.3907
96.4776
97.027
98.2474
99.2734
97.9183
96.2562
94.6369
93.8035
90.6555
90.1571
88.9703
87.0435
85.3736
83.3473
82.4005
81.8676
81.8033
83.2197
83.8639
81.4972
81.6864
81.6755
81.6763
80.4829
81.8862
82.9831
83.5298
84.1271
82.5389
82.8006
81.6367
82.5039
83.5041
83.6431
84.9688
84.987
85.4447
84.9128
85.8063
88.7365
88.2821
87.7449
86.0952
85.714
86.3983
87.0184
87.007
87.7571
87.2844
86.8087
86.2132
85.3951
84.8731
83.231
84.2992
82.9686
83.1513
84.9003
84.4993
81.6242
82.4278
82.582
82.0925
82.5399
82.1894
82.9865
83.9323
82.9504
81.56
82.0874
82.2156
80.8219
81.2651
79.6629
79.0713
78.9566
79.7037
79.4764
82.0755
82.4803
81.1422
79.9595
78.8536
79.8565
79.5521
78.6795
79.1532
77.9755
77.1738
77.8754
78.2973
78.9853
78.6936
77.9909
77.1749
77.947
78.3753
77.737
76.3242
77.0517
77.488
76.6875
75.6265
75.4519
76.3503
76.1815
74.7545
73.622
74.1933
75.0674
73.4794
73.0666
72.4176
73.0873
74.0855
73.6601
72.135
72.7085
72.9373
71.9315
72.0062
70.8565
70.6469
70.5383
71.1976
72.6089
73.1822
73.8088
74.3818
74.1167
74.3258
74.5408
76.4182
76.2304
76.8003
77.2595
77.552
77.9741
80.0659
80.0793
78.8132
77.8219
76.2651
74.9524
74.4221
74.4497
73.4153
73.113
73.2344
72.7331
72.2635
71.9057
72.7723
72.3407
72.6669
73.8201
73.0502
75.178
75.2572
76.2908
73.6786
74.3485
75.7973
76.0425
75.8932
75.3589
76.1013
76.0005
77.5791
78.7772
77.8851
79.1281
79.2212
80.6159
79.8209
80.9662
81.0116
80.0507
79.6765
79.7481
79.9794
78.2521
77.9137
78.5753
80.8351
82.079
81.5466
81.0081
81.0322
81.8666
83.292
82.0427
81.2951
82.6139
81.8096
81.675
79.8123
80.2029
80.9023
81.1573
79.1673
79.0684
78.3302
79.1892
77.5378
77.2268
78.0595
78.4518
78.3682
79.0245
79.496
78.4722
78.5751
78.9068
78.3398
79.2977
77.2105
76.7484
76.9128
76.7366
77.6027
78.28
77.2449
76.8549
76.675
76.5852
76.4203
76.346
75.404
75.6961
75.0147
