100.163
98.3928
99.6047
98.8794
96.6223
95.7773
96.1282
95.0553
91.4248
92.4552
92.0942
91.0021
90.126
91.1914
92.5614
93.4775
91.401
92.068
90.9365
92.4079
90.6119
90.4839
91.6863
92.0884
91.1158
92.043
91.5765
92.0456
91.5554
90.9957
90.9265
91.3614
90.0832
89.2305
88.6514
86.6087
85.9144
85.528
84.3582
86.4756
86.0916
86.8958
86.0625
85.5131
85.588
82.0221
83.1158
81.8424
81.9197
80.4881
79.8083
81.3214
83.0341
84.0429
85.5064
85.4244
84.036
84.112
84.5409
84.6755
84.4116
84.1823
84.5536
84.3589
83.4881
82.9819
80.8096
81.1444
79.6098
80.1474
80.0891
80.5373
81.2918
82.5654
83.4921
82.4131
80.6676
80.2587
79.4345
80.1865
80.3744
80.418
83.3929
82.7646
83.9957
83.9327
83.7863
84.6325
85.3806
85.6681
86.7529
88.6315
88.8441
88.6154
87.9357
87.674
87.3124
87.0678
87.8594
87.1866
88.1143
88.1122
86.4017
86.8277
85.9706
86.5253
86.6279
87.2333
86.1021
85.4443
84.6967
80.9081
80.5897
80.7783
81.5414
80.3109
79.2956
80.0626
80.306
81.4101
82.3888
82.891
81.5045
81.6366
81.625
81.452
78.9279
78.8512
80.2006
80.9802
80.7543
82.0089
83.8397
82.4493
81.9567
83.8386
83.7947
84.2944
84.8006
84.2457
86.1374
85.782
84.5775
84.1155
84.4033
83.2345
82.9108
83.6062
84.6527
84.3489
86.7747
87.8775
87.8692
88.9149
89.276
88.9981
89.6381
92.8189
92.2578
93.2483
93.7926
95.5155
93.4356
92.641
93.2636
91.6454
90.683
89.08
88.3454
87.1589
87.4623
85.4818
86.8217
86.1449
86.5936
85.1356
85.3391
86.2737
87.1003
87.1249
88.3075
88.6538
88.7133
89.0319
90.0314
88.9476
87.7903
88.336
88.79
88.0168
89.7976
87.9558
87.7624
86.2109
87.8514
88.7926
87.0214
87.5965
88.1436
89.1555
88.9495
90.5377
90.9804
90.2777
90.4067
91.3158
92.3571
93.4603
94.5988
95.6826
98.5753
98.4858
97.8179
96.79
95.4569
95.1126
94.3454
92.8774
92.9005
93.8064
92.5906
93.0671
93.736
95.5232
98.3017
98.5873
98.773
98.9967
97.9708
97.0071
97.5144
98.7238
97.0361
98.3334
99.0014
97.701
98.9335
98.0053
98.6673
97.8925
96.674
96.2026
96.1948
94.328
94.7462
94.3373
92.4039
92.2919
92.1046
91.0269
90.4442
90.6122
91.5005
91.1459
92.1685
93.3127
91.295
88.3845
87.0333
86.7967
86.6925
88.608
91.0349
90.2763
90.2237
88.8446
87.3036
87.5387
86.7782
85.2741
86.5505
86.6782
85.4598
85.4531
86.1177
86.7722
87.1047
86.4633
87.0868
86.5163
88.1131
90.66
90.251
90.5436
91.3152
88.5111
87.8521
89.392
88.6103
88.0461
89.8217
90.6796
88.7415
88.2786
88.1966
88.8494
87.1895
89.4299
90.109
86.1851
85.9138
85.4887
86.4399
86.3982
86.3816
87.477
88.2147
89.5234
87.7487
87.601
87.3615
86.9495
86.3717
87.277
88.836
90.8611
89.5891
90.294
90.9333
90.5559
90.4956
90.9029
91.9543
92.8322
93.0268
92.9865
93.4401
93.558
93.2761
93.4879
94.6909
93.7392
92.1362
93.4701
93.6116
92.3463
93.3351
92.5659
92.6321
91.754
92.0527
91.494
92.2903
93.093
93.2136
92.9813
92.6533
93.1384
93.1867
90.9496
91.2387
91.7165
92.3048
91.3823
90.0802
91.3337
89.7185
90.1408
90.8367
91.7739
93.0196
91.5745
91.1803
92.1264
91.0918
89.8371
90.0804
89.1796
88.8775
87.2719
86.7315
88.4677
87.6611
87.6247
89.4532
89.0531
91.2033
89.1043
89.5205
88.4945
87.56
89.5638
89.707
90.7452
90.2807
90.0192
90.5534
90.2668
90.8102
90.8767
87.6383
87.0546
86.9288
88.2756
87.8601
88.5677
91.4221
91.8924
92.362
91.5457
91.8152
89.99
89.9935
89.9515
90.6827
90.1097
90.3096
89.8636
91.4103
91.7346
92.0074
93.548
92.9001
91.8207
91.7945
88.9034
88.0196
89.6808
89.8952
92.362
92.7744
93.3264
95.2682
94.6969
92.1852
92.3981
91.2716
91.0707
92.3589
92.308
94.6432
95.8586
95.7414
93.1114
92.9256
91.0891
93.1808
95.752
96.24
95.6433
95.0808
94.2769
93.6604
96.8458
98.3413
99.7917
97.6467
96.5601
96.4054
96.4154
95.0409
93.4603
93.1406
90.8068
90.7375
91.1258
92.5153
92.4891
91.3309
92.0231
91.9841
90.0131
88.8705
91.2618
91.3235
91.7284
92.0519
92.274
90.1431
90.1525
90.7494
91.2509
91.4359
92.0794
90.6749
91.282
90.4973
90.4132
89.5786
89.1104
88.0982
88.7977
89.1469
88.5416
88.2391
87.6285
87.6656
86.4304
87.2218
87.8382
87.9997
86.8117
88.3953
87.2166
85.2118
83.28
83.3923
84.9882
85.7172
85.5276
86.9937
87.6132
88.057
89.0595
89.154
89.8886
88.8006
88.1023
87.403
86.6049
87.6713
90.2695
89.7758
90.7175
89.9854
90.21
88.608
86.4944
85.913
86.0108
86.6669
86.2709
84.5831
85.4574
85.5872
87.625
87.0439
87.3458
85.8972
84.286
83.0157
85.3432
83.4065
82.0953
81.0303
81.453
81.4785
79.7018
79.9471
80.111
81.1134
81.734
82.597
83.0834
83.2949
82.4792
83.8804
82.1429
82.6559
82.2126
81.9269
80.0605
80.6228
80.6152
79.7948
79.0957
79.7125
79.4715
79.7393
79.7058
79.7395
79.4484
77.8424
76.9962
75.9746
76.275
77.1486
76.0975
74.7495
74.8668
73.5885
72.1425
71.3241
72.1453
71.4192
70.8206
70.2398
70.5535
71.2676
72.615
72.4761
74.1507
74.7516
73.2101
72.8881
73.9971
73.4763
72.7991
72.1446
73.0295
74.2823
74.628
74.8093
74.4799
73.4648
72.7025
73.6211
73.5029
72.9466
71.9747
