100.808
101.652
102.7
102.389
102.132
103.672
103.702
103.207
101
103.533
101.666
100.936
99.9198
102.293
102.96
101.669
100.48
100.356
99.291
98.1824
96.7519
97.2018
98.7101
98.4631
99.4723
99.5198
100.118
100.774
101.503
98.9927
97.9763
98.8744
98.1203
100.59
98.7233
100.206
98.6059
97.3358
97.5698
96.4311
97.9144
98.0951
97.8521
96.0178
96.4132
95.7894
95.4705
94.2909
93.073
93.3557
93.6546
92.298
91.4512
89.9421
89.8478
90.6815
90.6133
91.6061
92.2734
94.5416
93.8771
90.7577
90.247
89.4038
90.847
92.0006
91.8464
92.4555
91.7578
92.9382
92.7912
94.9949
92.4137
92.6371
94.5259
93.6265
93.851
92.3896
92.7611
92.5813
94.3236
94.3618
94.9705
94.7538
91.3875
92.087
90.7923
92.2858
91.14
90.8471
88.6984
88.5434
88.7821
89.3875
89.9073
90.2015
90.3159
90.0587
90.9135
90.1898
89.1676
90.5122
89.4119
89.3066
89.5392
88.6728
87.8214
88.7633
88.3343
87.8965
87.2536
86.8714
88.7255
87.9584
88.1848
88.2736
87.3245
88.0477
90.4213
92.1665
91.8334
92.0072
91.9538
91.0704
90.1792
89.9996
90.2056
89.2358
89.9699
90.0438
88.1722
89.1071
90.2987
92.7867
93.004
91.9853
92.2418
91.1486
93.0526
91.7556
93.2024
91.2235
91.1505
89.9751
93.042
93.5158
92.6772
92.7768
92.6276
93.3175
91.5824
89.3748
90.66
89.7657
88.5915
87.2083
87.6913
88.0063
87.8454
88.3422
87.9646
87.7297
86.3294
85.5803
85.5438
84.4055
84.8406
84.0928
84.8959
85.8394
85.8669
85.1445
86.4965
86.0962
84.6237
82.7387
80.7112
79.8936
79.5211
79.3985
81.0623
78.9541
79.8267
80.2857
79.0996
80.1173
80.949
80.4257
79.9802
78.9216
78.9423
80.0093
80.0114
79.9376
79.2271
79.4522
78.5214
76.9419
77.4591
75.8335
74.5582
76.19
76.2616
76.5234
76.6954
76.9391
76.1124
75.5264
77.4958
77.465
77.8299
79.3763
79.8642
80.0805
79.4847
78.314
77.6038
78.1365
77.009
77.3063
76.7308
79.0068
78.9087
79.4144
79.0414
79.7398
78.7336
79.3582
78.73
77.5438
78.3748
78.5774
77.9996
77.0544
75.4228
76.3874
77.49
77.9876
79.4449
80.3689
78.6169
79.7986
78.4649
77.0268
77.8705
78.3423
80.6781
80.2113
79.8285
80.4551
79.3828
80.147
79.3737
78.9936
80.1527
80.5636
80.5808
79.7459
79.4212
80.6114
77.9779
78.0198
79.6497
79.5172
80.079
78.6153
78.2386
77.0323
78.7923
78.82
79.5326
79.3264
78.7703
80.5624
79.7774
80.6206
80.1267
80.2564
79.3069
80.9659
80.9776
80.4427
82.0814
81.807
80.7735
79.704
80.4352
81.5315
82.0496
80.5363
80.7213
80.1264
80.6275
81.1675
81.5393
82.2111
82.2758
82.4956
82.1955
81.6157
80.4036
78.9098
78.619
78.0142
77.8694
78.2669
77.368
77.825
77.4011
76.996
78.1152
77.7125
78.2021
76.9026
75.7878
74.5369
74.8162
74.8735
74.4834
73.0113
73.8807
74.5296
75.0178
74.6661
75.3854
77.6302
77.7035
77.3535
79.1282
78.4642
76.8906
77.3888
75.9084
75.4983
76.6585
75.6088
74.2447
75.1871
74.6281
74.3782
72.7576
73.3323
73.4722
75.2737
75.0101
73.198
72.8525
73.7938
73.271
73.1562
72.6875
73.7587
74.0845
74.5998
76.1765
76.3244
77.6069
79.1916
80.5676
79.8385
79.5909
78.2982
77.9383
78.9027
78.7567
78.1026
79.8832
78.5407
81.0158
81.1328
79.0376
79.3798
77.7981
77.8625
75.9052
74.3968
74.2857
75.7108
76.4649
76.8173
76.228
75.2317
74.7749
74.7064
73.965
74.0779
74.8306
73.3712
71.6428
70.2527
70.8019
70.2733
71.279
69.8238
70.1062
69.7597
70.5489
71.0337
70.033
69.3337
68.7422
68.9492
69.2089
69.7539
68.7342
68.2491
68.8275
69.6951
69.7611
71.1713
69.8962
67.6534
66.6146
67.7644
66.6681
66.7803
67.2311
64.9952
65.4208
65.5233
64.9028
65.2513
64.4437
64.7554
64.7127
65.79
64.6768
64.9892
66.5873
66.6781
67.2555
66.8515
64.9938
65.3121
64.5705
64.0057
65.2833
66.2184
67.4254
70.2333
71.1132
71.3571
71.0492
71.4394
71.4478
70.397
69.7543
69.0476
68.5168
67.9912
67.6006
68.158
69.3491
69.3803
72.1831
71.4466
73.6439
74.1044
73.0367
73.1674
72.2175
72.3415
70.9929
71.1467
71.1789
71.026
69.9655
69.2901
67.9741
69.2802
69.6827
70.2122
70.9538
70.0941
71.3603
71.3934
71.4066
72.2616
71.9316
73.5763
72.4197
71.7162
71.0928
70.4506
70.5427
71.6263
71.2553
71.9063
70.6353
70.9438
69.2171
69.0279
69.3845
68.7651
69.4774
69.6768
68.8488
70.6858
70.7332
70.5395
69.8635
71.1079
71.479
71.2623
71.4538
69.848
69.7655
70.1295
71.1073
70.9373
72.0128
71.1182
69.8453
69.3569
68.4608
67.6054
66.8819
67.2883
68.0471
67.4908
67.8378
67.7399
66.3305
65.9206
66.4682
67.5184
68.1874
68.6196
68.0021
69.4382
68.6641
70.4635
70.6326
71.4135
71.0174
71.6075
70.5815
69.2691
68.2934
68.3315
69.5124
69.841
69.318
69.2694
69.9309
72.0917
72.9048
74.0951
74.1923
73.9078
74.5762
74.0074
73.172
72.4228
70.2662
71.0514
71.1615
69.8632
70.2407
71.469
71.4639
72.9591
72.4285
71.2117
71.9253
71.1056
70.0978
69.7396
70.3961
70.3888
70.0498
69.141
68.0233
69.2678
69.3411
70.335
70.8662
72.3611
71.9936
71.8068
73.0625
73.1526
72.2065
71.9747
71.9948
72.5809
72.7165
71.7324
72.4151
74.2706
74.9179
74.6418
75.0052
75.9846
77.3265
77.9132
79.5134
80.6373
80.4349
80.1995
