102.093
99.9365
100.015
99.0562
98.9177
100.908
102.41
103.768
104.211
104.892
104.437
103.748
103.472
104.465
103.198
104.237
105.077
107.328
108.028
108.613
106.652
106.775
107.201
106.271
105.389
102.97
104.48
104.185
102.793
101.035
101.177
100.495
101.091
102.061
102.864
102.249
100.909
102.58
103.426
104.59
102.087
101.977
103.617
103.614
104.635
104.663
103.914
103.824
105.063
105.137
106.496
106.632
106.74
105.775
104.698
103.507
103.551
103.431
105.119
105.261
106.889
104.608
104.957
107.123
106.591
107.334
110.799
107.727
105.916
105.45
106.16
108.827
107.656
107.428
107.849
109.58
109.894
109.59
112.541
111.906
109.573
111.639
110.187
110.344
108.546
108.542
109.068
110.637
110.739
110.71
110.435
110.181
107.925
106.939
107.799
110.145
108.742
108.163
107.3
106.017
107.242
105.602
105.41
103.76
103.102
103.441
102.929
103.81
105.952
107.344
109.662
109.655
109.693
110.675
109.474
109.649
111.192
109.433
108.437
110.013
111.072
112.261
112.263
114.315
114.415
117.488
117.235
120.03
119.249
118.139
117.2
115.346
117.911
118.23
117.59
119.492
123.103
123.183
123.146
122.954
122.208
119.561
119.53
119.462
122.209
122.064
122.16
121.798
121.754
124.041
124.985
127.584
130.471
130.079
128.56
128.263
129.302
127.198
127.778
127.828
128.592
128.491
132.052
132.317
130.677
132.298
130.901
132.183
129.106
129.31
127.299
126.169
126.291
127.162
126.554
126.875
126.464
126.505
127.366
127.205
124.326
121.807
122.291
119.928
120.814
119.179
120.599
123.468
123.23
121.381
121.918
119.069
117.906
116.046
115.359
114.908
114.402
112.206
112.866
111.868
110.572
108.48
109.749
112.647
111.287
112.993
114.72
113.335
113.644
114.405
116.247
117.956
115.246
114.401
113.3
111.879
110.256
110.697
108.517
109.891
110.287
108.549
105.23
103.428
102.851
102.149
102.859
103.114
104.254
102.004
103.786
105.62
107.547
106.936
106.691
105.77
106.872
105.72
105.55
105.411
105.74
105.116
103.044
102.494
102.474
104.358
105.142
103.884
104.888
104.614
104.666
105.886
105.36
104.483
103.217
101.471
102.237
102.803
102.347
102.852
100.866
102.965
102.556
103.574
104.43
103.18
101.572
100.97
99.3331
99.5506
100.691
102.497
102.27
102.29
101.973
101.401
102.822
101.868
103.035
102.755
102.216
101.936
103.051
100.422
97.7969
97.4028
96.01
97.4749
97.3443
97.5969
96.5742
96.7395
96.0706
95.4605
95.7488
94.7469
93.5368
94.0891
92.9203
93.8525
94.313
92.2889
91.35
89.4454
87.4607
85.4464
85.6844
86.601
86.1299
84.6327
84.9252
87.5
87.6963
85.4149
85.1626
85.1791
85.7559
86.0414
86.4259
85.9666
87.3923
87.9835
90.6083
91.3663
93.7542
94.424
92.191
90.6867
91.6289
91.8782
92.5787
92.9204
92.1756
91.1798
89.6023
90.6266
90.4
90.6296
90.4618
92.0936
94.1451
94.8732
95.0245
93.7891
93.5845
93.9591
91.2334
91.6365
90.6687
87.9622
88.5373
89.2888
90.3875
89.9534
91.1185
90.1321
89.7615
88.7512
88.6213
91.3852
93.1914
92.0306
90.2661
90.0937
89.2708
90.1606
91.6914
91.426
91.9099
91.6019
92.3923
93.3811
91.7849
92.6051
93.8809
93.1021
92.8278
93.0133
93.2794
92.2981
90.866
89.9514
91.8575
93.8757
93.7369
93.3917
93.5978
95.0518
94.2324
94.7048
98.5287
97.734
96.1752
95.5106
94.4348
94.3122
95.3463
93.191
93.012
93.1496
92.6645
93.4359
92.6311
92.1206
92.3819
93.2408
93.3106
94.1533
94.8371
95.3555
96.1418
95.2293
97.2829
98.2985
96.4891
94.2392
95.1646
94.8371
94.4301
95.3368
95.0699
95.4179
96.7924
96.5222
97.0471
95.5405
95.9026
95.8564
95.7047
97.1122
96.9622
95.583
95.7803
93.9571
93.1718
92.531
93.6765
91.8398
92.5286
94.0575
95.5117
95.6554
93.7803
94.7788
93.4594
93.9384
92.3707
94.1852
93.9252
94.7551
93.7424
94.7431
94.3942
92.7697
92.1548
92.571
93.4197
92.1479
91.7992
91.499
92.3034
93.4065
93.7977
93.0767
93.4626
94.433
96.5186
95.6575
95.1279
95.1318
95.6533
95.317
94.7545
94.207
95.5637
95.06
95.1526
96.1215
96.6832
96.9895
97.1794
96.2164
94.7388
96.4881
95.6543
94.9635
95.0471
95.2494
95.5217
93.8592
95.4057
94.8794
94.5552
96.4378
95.326
93.7729
93.0233
94.4808
94.0484
91.6033
88.8767
88.8205
87.4339
88.6789
87.542
86.8309
85.4401
84.4582
84.5792
84.1691
84.3419
83.2818
83.9747
83.1885
84.2916
84.0932
83.1655
83.1003
83.9723
83.5548
82.8864
81.8491
81.9639
82.7914
83.2212
83.1837
83.3666
83.8297
83.8677
84.7737
85.6592
85.0312
85.0186
84.4217
85.137
84.8554
85.8294
88.2604
90.2667
88.9457
88.3474
87.333
87.3184
85.3112
82.1012
81.5844
81.1738
83.0511
84.3565
82.7953
82.7228
81.7177
82.248
83.7226
82.5774
82.2138
80.9338
80.3433
78.9632
77.7497
77.3101
78.0368
79.2542
77.9135
77.2549
78.2805
78.0661
78.9329
80.6954
79.8211
80.6113
80.1761
80.5165
79.2417
78.3206
78.2847
78.5013
79.7719
79.9278
81.6386
81.9019
80.995
81.085
81.6579
78.88
81.0519
80.8482
80.7284
83.3214
82.629
82.9961
82.5377
81.9598
84.6718
85.1814
84.6089
86.191
86.2766
84.3564
83.1913
