101.182
100.54
99.7306
100.68
103.236
101.364
102.851
102.483
103.829
104.638
103.041
104.069
104.039
104.073
102.61
102.511
104.534
104.325
105.121
104.985
104.256
100.92
100.374
101.976
102.624
103.139
103.204
103.16
102.55
103.489
104.809
103.549
102.302
104.551
104.172
107.003
107.414
108.944
110.661
108.629
109.291
111.167
112.697
113.206
113.574
113.655
113.496
113.489
112.816
113.769
116.382
115.95
116.79
118.996
119.377
117.63
118.627
119.793
122.728
122.502
121.692
123.252
124.091
126.805
126.345
126.446
127.693
127.243
127.561
125.082
125.113
124.351
122.638
122.565
121.953
121.013
120.578
119.054
119.105
117.529
117.408
116.149
115.135
115.676
112.957
112.023
113.306
114.345
115.483
115.857
116.084
113.24
111.705
112.161
113.951
114.875
114.802
114.692
114.786
113.66
113.493
113.331
112.51
114.915
113.376
113.257
113.642
114.024
114.999
115.219
116.583
117.697
118.745
119.739
115.876
116.38
116.67
118.707
118.171
115.459
113.319
113.186
111.691
113.274
115.607
115.265
111.827
108.969
109.241
108.544
107.668
107.994
106.501
105.855
104.488
106.662
108.718
110.108
107.167
106.752
107.686
107.653
106.174
105.046
104.63
103.162
102.197
102.027
100.692
99.8402
100.137
102.298
100.776
100.914
101.496
100.982
101.892
100.114
102.169
101.192
101.644
101.692
102.585
102.485
100.979
100.14
98.7666
98.1026
98.5272
98.1317
95.6849
95.7702
96.1676
96.1424
97.3705
97.9798
98.3046
97.1948
96.1763
96.679
97.6774
97.6014
96.402
97.4035
96.1832
97.2606
96.2607
97.572
97.9697
97.9069
99.2376
99.4699
99.588
102.463
102.016
101.146
100.789
100.086
98.8338
100.073
102.157
101.482
100.189
100.283
98.2134
101.198
101.85
100.578
99.6642
98.0638
98.8494
97.9218
96.9897
94.1912
95.483
94.4471
94.0655
93.4894
92.6628
92.0122
92.4532
90.6822
91.8499
91.5628
93.7987
93.5198
91.7632
91.4827
90.7328
90.5369
91.3718
92.5467
94.438
94.0728
94.3197
94.0458
93.645
94.0178
94.1139
92.7988
93.2573
93.5416
94.264
95.1737
93.7508
97.211
95.663
93.8894
93.8442
94.7304
95.5924
93.5938
92.4231
92.9469
93.3683
93.5724
91.6981
93.3333
92.4376
94.4893
93.7676
92.8542
94.5445
93.9251
92.3452
92.4068
91.9067
92.5874
92.2088
91.7372
92.6446
91.1614
92.3794
91.4949
92.6675
94.0333
93.4767
91.9213
91.3431
92.7176
92.9408
94.7628
96.2719
94.4391
91.3068
90.4024
90.1395
89.9162
90.0499
90.9393
91.154
88.8005
88.6861
86.6038
84.9615
84.3165
82.9957
85.0309
83.5559
84.483
83.7276
85.2421
83.9707
85.8568
86.0665
86.2923
86.5117
85.6703
85.2726
86.7876
88.5331
89.2557
91.1758
92.923
92.9896
91.0401
91.5705
91.2398
90.5205
90.1442
90.1176
89.285
88.9035
89.6289
89.8351
88.9645
87.7438
87.2265
88.4713
88.711
87.0965
87.9354
88.3599
88.887
90.6194
89.6256
89.0025
90.1342
91.3511
92.1473
91.8509
90.5569
90.502
91.0007
90.8924
91.6504
92.1835
94.1377
95.6338
95.649
96.0884
95.5695
95.0838
95.4827
95.4435
93.7321
92.0307
92.9262
93.6225
94.5701
97.158
96.0986
97.5883
99.1448
99.1322
100.243
100.763
99.3098
101.244
100.429
99.8325
98.5544
99.6247
98.936
100.847
100.816
101.411
101.454
102.369
103.346
104.301
103.405
103.346
103.509
103.93
105.785
104.169
105.338
106.623
105.932
104.829
105.111
105.417
104.449
104.011
102.836
102.888
102.519
101.026
104.211
103.524
104.117
103.192
102.654
103.12
102.768
101.714
101.821
102.94
105.407
105.354
108.073
106.946
105.86
105.048
105.593
106.266
108.948
109.275
109.044
108.102
107.112
106.11
105.404
107.535
106.703
105.943
104.919
105.222
106.576
108.259
106.558
106.745
107.644
107.799
109.459
109.389
112.388
110.032
112.492
110.37
110.437
110.468
109.893
108.314
107.065
107.92
109.358
107.825
108.533
108.616
107.045
106.675
106.068
106.434
108.079
109.145
106.05
109.264
108.147
107.137
107.736
106.514
106.563
107.109
108.35
108.777
111.574
113.837
116.009
116.973
115.494
116.411
117.395
116.969
116.668
116.804
115.605
112.69
110.219
109.192
108.215
108.329
110.834
111.061
110.048
111.616
112.03
113.065
115.352
117.16
116.016
116.391
117.449
119.278
121.424
120.913
119.82
119.055
120.119
121.541
124.349
126.652
125.461
126.214
126.864
123.285
119.782
122.514
125.878
127.672
130.252
132.24
131.344
130.664
129.772
125.896
126.976
126.479
126.334
128.45
128.808
132.003
131.899
133.352
133.722
131.474
130.077
127.847
126.46
129.295
130.536
130.404
131.644
133.441
135.085
134.902
134.945
132.797
134.065
137.516
138.148
136.138
133.891
135.46
137.358
139.036
139.532
138.79
141.998
142.158
143.103
143.014
142.086
143.224
143.601
142.153
141.989
141.921
143.703
144.164
142.655
140.216
138.765
139.913
140.924
143.29
143.39
142.867
144.258
143.613
140.079
135.73
136.908
137.375
136.831
137.409
138.444
138.444
139.408
139.713
141.382
142.104
142.715
141.168
140.445
140.827
140.315
141.961
142.804
145.318
144.119
145.924
146.347
143.208
143.218
144.629
142.905
142.107
141.59
