99.4827
99.5873
98.2771
98.1698
96.1786
98.4482
97.2603
98.3261
97.6258
96.9015
97.3866
98.8019
96.3516
96.8757
97.7379
99.1298
99.2171
103.709
102.961
102.807
101.438
104.13
103.185
105.888
106.512
105.577
106.941
108.45
108.924
109.017
109.167
107.2
108.734
109
107.486
106.542
105.942
106.804
108.321
106.69
107.81
108.111
109.233
110.484
109.362
107.668
107.804
108.038
106.86
105.042
104.221
103.058
103.448
102.945
103.457
102.496
101.903
104.086
103.823
106.092
106.875
106.187
108.348
109.32
106.783
106.521
104.929
104.855
104.504
103.858
105.887
106.644
107.337
107.44
105.336
107.484
106.726
103.49
103.698
104.978
106.777
109.024
110.326
113.212
113.027
112.228
111.189
109.891
110.164
108.458
110.57
111.864
113.886
114.195
112.628
112.109
110.933
113.339
114.689
113.23
113.318
110.133
112.085
110.328
112.531
110.938
110.886
111.899
111.509
111.288
112.947
113.514
114.19
113.973
114.535
113.624
114.67
114.94
112.987
114.666
115.134
117.205
115.306
115.094
116.601
118.372
119.219
119.048
121.848
121.814
122.88
122.311
124.149
119.384
118.367
117.79
120.523
119.102
119.109
120.212
118.262
117.546
114.984
116.685
117.161
116.693
115.473
116.306
118.645
118.493
118.344
120.201
121.487
124.94
126.734
127.3
127.486
128.354
125.665
126.025
125.859
124.511
125.822
126.849
125.312
127.882
126.612
126.752
127.208
130.603
129.297
128.067
128.389
127.001
125.334
122.971
126.203
126.293
127.071
126.436
122.641
123.12
126.544
128.024
126.471
127.622
126.104
127.1
128.911
130.442
128.29
130.497
131.134
130.449
127.805
125.819
126.707
128.617
129.963
129.725
126.843
127.464
127.926
127.714
124.711
125.727
122.136
120.821
124.332
122.917
122.412
122.348
120.598
122.219
123.681
124.689
123.814
123.467
122.687
121.592
122.649
122.345
121.722
120.022
120.739
120.502
122.962
123.817
124.519
124.716
127.028
128.683
128.965
127.079
127.087
128.099
127.884
125.651
125.89
124.967
129.278
125.931
124.202
122.1
121.95
120.305
119.716
120.408
118.429
119.379
119.285
120.958
119.568
116.887
117.123
116.718
113.317
110.935
109.759
108.693
106.194
106.593
106.27
104.719
104.421
104.349
108.627
108.826
110.252
111.965
112.944
114.387
113.277
111.972
112.296
111.981
110.336
111.914
111.801
113.607
112.156
112.364
113.223
113.596
111.539
110.606
110.128
110.994
109.541
108.309
107.68
107.155
108.076
105.343
104.881
105.183
106.922
106.538
107.963
107.574
105.778
107.402
104.089
103.193
101.403
101.856
102.505
99.9731
100.045
99.7682
100.76
97.2866
97.0552
94.5644
94.8759
93.9083
93.8724
92.5654
92.5286
92.2621
92.7728
93.5173
93.6681
93.4289
92.4653
90.3888
90.4109
90.1486
92.7779
93.0485
93.8344
95.5386
94.6322
94.3531
95.2905
97.3465
97.3338
95.9141
94.0766
92.8766
92.8855
92.7879
93.6125
92.6864
93.1821
91.4818
90.1988
89.8502
90.9846
90.7441
92.6139
94.6067
96.2744
95.1178
95.0058
96.7933
96.4063
96.1957
95.7522
94.9788
94.4474
93.5337
95.2812
95.6838
93.6063
95.2718
95.0897
94.5234
95.4072
93.8245
93.3372
94.5035
93.3865
92.7247
91.1055
91.2825
89.5941
91.845
88.973
89.5948
89.5612
90.8446
88.7803
88.5722
89.9301
90.6381
90.5734
91.2448
92.1811
90.1156
91.6934
92.3751
92.0956
90.7191
91.4427
91.8718
93.4826
93.7555
94.2978
93.8897
93.2913
91.9621
93.9715
92.258
91.9199
91.1016
91.7282
91.3241
92.6868
93.8777
94.0949
92.2624
90.4604
90.4874
90.891
92.793
92.956
93.6786
93.2021
93.7403
94.3289
95.3888
95.1195
93.7038
93.1272
93.6136
94.0292
92.7393
95.6267
95.5455
97.7223
96.1434
93.0736
93.7261
93.6202
94.2219
93.6867
94.1778
94.6522
94.8593
93.3208
94.6296
95.0075
94.2024
95.0565
95.8488
97.1926
96.6509
96.0122
99.3306
97.6362
96.7324
95.541
93.1035
92.7156
93.0869
92.7482
90.6779
88.7533
87.9309
87.6429
87.6453
88.2717
87.8295
87.6514
88.0988
88.3989
88.0786
89.6149
89.7214
89.6939
88.9756
89.1684
88.9523
88.0783
89.4931
89.1084
87.0095
87.4266
88.1715
86.5876
87.9163
87.9527
87.934
85.7294
86.5597
86.3039
86.4277
88.6742
88.0509
89.8053
90.4392
90.8012
90.2411
89.272
89.7726
88.5691
88.8659
89.2458
89.0002
88.6432
85.8448
86.4569
86.4485
86.2712
86.054
86.7433
85.5103
86.5378
84.6516
85.6143
85.5266
86.5098
86.0118
85.952
86.315
87.6056
85.9488
87.8684
88.5624
89.1915
89.829
89.9187
90.3904
88.8533
88.6534
87.9971
85.614
86.0466
86.1574
84.9547
84.8921
85.1188
86.4351
85.8235
84.2671
86.4856
86.6182
87.7439
85.497
83.9418
86.1309
83.8999
82.9594
83.4171
84.3282
83.9224
85.6602
83.1128
82.4162
80.3016
81.0847
80.4488
81.9726
81.0204
81.2494
82.8703
82.5684
84.6346
82.2108
82.7985
85.0166
83.2489
85.2275
85.8401
84.009
84.3777
84.4672
85.5774
86.4341
85.9059
84.5812
84.8642
84.9788
84.3193
83.5132
84.4486
86.1377
85.8323
86.1936
87.6799
87.9536
86.2096
85.5023
85.4842
86.3604
87.0926
88.1316
87.519
87.7721
86.4866
84.508
84.4417
84.6869
85.1673
85.7993
85.2954
85.0184
85.2682
84.4526
