101.307
99.6331
97.5548
98.6503
97.8615
96.9018
97.3184
96.911
95.5984
95.8567
95.2725
97.7039
99.1916
98.505
98.2046
98.514
99.7662
99.9541
100.907
97.9802
97.899
99.8358
99.0624
97.6482
99.0054
97.9297
99.0459
99.8303
98.2858
99.0138
98.6325
98.8605
98.5868
97.6477
98.5018
98.9463
99.2504
101.723
102.502
103.101
103.226
104.557
104.133
105.871
104.977
103.495
104.177
105.67
102.975
103.113
100.189
100.404
100.308
103.104
102.326
99.6729
100.649
99.6209
100.947
100.917
101.735
100.878
102.857
100.099
100.016
100.125
101.969
99.3409
99.6667
99.6686
100.043
99.6193
99.7032
99.2409
97.9356
96.7492
95.678
96.2893
95.7042
96.1825
97.6357
98.5776
101.076
102.629
102.99
100.757
100.24
98.532
96.8002
96.1644
95.0914
96.9536
97.9918
98.2677
99.9643
100.69
101.56
101.756
102.054
99.3081
99.0691
97.9076
99.4745
99.5501
101.169
99.2965
100.444
100.512
99.7368
99.3232
96.5103
99.2706
100.183
100.912
99.6995
99.1357
101.678
102.36
102.315
101.958
101.426
101.26
102.78
104.364
105.564
104.676
107.154
107.444
107.741
106.921
106.741
106.349
106.096
107.503
107.395
106.715
106.377
102.58
102.091
105.286
104.396
103.438
102.784
103.545
105.79
105.154
104.508
104.529
102.898
103.785
103.874
104.426
104.315
103.949
103.083
102.613
101.782
103.686
104.686
105.234
104.947
105.774
105.394
104.074
103.996
105.03
105.038
104.452
106.124
107.881
104.968
104.849
106.335
106.46
104.83
104.116
106.357
106.976
105.27
106.193
106.973
104.749
105.414
103.975
103.127
105.063
105.838
108.112
109.42
107.803
106.521
104.858
103.752
106.098
104.947
103.883
104.345
104.469
102.736
103.123
103.388
103.459
103.169
100.966
99.1341
98.4322
98.3534
99.2237
99.4971
100.319
97.2532
97.5545
99.5088
98.1666
98.1967
97.7725
98.8711
100.777
100.547
98.1804
98.1268
96.1673
97.1215
96.9272
97.1605
98.0814
96.448
94.8984
93.723
92.7795
91.7416
92.5808
90.1208
90.9942
90.4512
90.2068
88.547
86.0809
85.4044
85.5438
85.9429
87.6056
86.2125
84.4585
84.6441
83.6084
82.3876
84.4756
85.6529
84.8443
85.3156
85.0954
85.1675
85.0691
86.6043
86.3709
84.3397
83.1142
83.4336
83.5075
83.0465
82.4758
82.2527
80.617
79.6817
79.8123
78.9707
79.044
77.9439
78.6168
79.4077
78.594
79.7212
79.1447
78.8548
79.7004
80.0388
81.4357
81.493
81.5606
80.6443
79.0021
78.4675
80.668
79.2327
81.7569
81.1664
83.1484
82.8228
81.4445
82.1155
83.6875
83.703
82.1882
81.6718
81.2167
81.4751
82.3555
82.1065
81.3075
80.8299
79.6797
78.9624
79.7594
80.0653
81.4145
80.361
80.1549
80.1045
79.5476
79.6667
80.18
79.8915
79.9282
78.7732
77.7403
76.8187
76.8794
75.8298
75.0581
74.4396
74.1119
74.5982
72.7602
73.478
73.9105
73.1174
74.7912
74.7194
75.1582
76.2745
77.9
77.9381
77.8802
77.3293
78.3117
77.42
76.2577
75.186
74.7126
74.8983
75.8717
75.389
74.8695
75.9247
76.7842
76.8239
76.2064
75.4118
75.8587
76.8009
76.8748
76.7165
76.565
76.6995
75.4801
77.0783
75.4973
75.2492
74.3563
74.4624
74.2871
75.0159
76.7772
75.5112
73.8167
73.6117
74.4893
75.1406
74.4978
73.7786
72.8982
70.9288
71.1686
71.1823
71.5003
71.5978
70.6806
69.0661
69.3204
69.4137
69.8086
69.9756
69.26
69.7601
69.8135
69.7521
69.4697
70.3756
70.2449
67.921
68.4429
68.3838
67.952
68.9555
68.3187
69.1652
69.8218
69.166
68.4559
68.4179
68.0355
68.7063
69.245
67.707
66.7555
66.2068
65.132
66.7748
67.4611
68.5319
68.7044
68.5044
67.5209
67.3032
65.7431
65.8912
67.215
66.7975
68.3779
68.5334
67.9146
67.6232
66.9841
66.6689
66.626
66.3155
66.2246
65.5791
65.9488
66.3435
66.9751
67.616
65.8271
68.2635
70.3551
70.7088
70.1477
71.4629
72.2588
72.155
73.0003
74.3466
75.2083
75.9272
75.7095
75.9546
75.8957
75.3567
76.1261
75.2488
76.3552
79.4243
79.1937
79.667
79.2145
78.3858
77.2714
78.0616
78.1555
78.3248
77.917
77.2167
78.7866
79.1359
78.9812
79.1773
79.2187
79.7752
79.6928
79.9955
80.8877
79.3924
79.0517
80.5275
79.09
78.8766
77.1447
76.5878
76.9941
79.1785
79.0217
79.8499
78.6123
78.5506
79.0351
78.8473
79.2913
79.278
78.3954
78.8745
78.8537
78.4878
79.6292
79.3433
80.6562
81.026
80.3376
79.1806
79.8009
79.384
78.8315
78.4309
76.6272
76.4578
77.0448
78.5952
77.0101
77.6295
78.627
77.2842
78.016
78.5472
78.0507
77.0788
77.0237
77.7358
78.0733
76.6171
73.9122
73.8347
74.1631
72.2481
72.629
70.5739
71.6529
71.1318
71.1052
71.0686
71.1566
72.0458
72.008
71.7292
72.9275
72.8019
72.6006
73.3658
72.751
72.7489
73.2655
73.8854
74.4139
73.8645
75.2159
75.7251
75.0615
74.6025
73.8204
73.9554
72.7995
73.7963
74.6854
74.8612
73.9933
72.4615
72.4448
73.2385
73.1307
71.9722
72.2045
73.1719
75.4329
75.3908
76.7464
78.1283
78.6083
80.3911
80.4578
80.8059
81.3598
80.9552
79.1827
78.4355
76.9095
76.1475
74.2264
72.8727
70.8723
71.733
70.5002
69.6256
70.8219
71.5317
71.6798
71.7507
72.3414
70.2894
70.8263
71.1404
71.1152
72.1447
72.3452
71.8426
72.9098
72.9404
72.8927
70.5474
70.4861
69.6062
70.305
