100.96
102.77
103.416
104.856
103.989
102.751
104.137
104.243
103.829
103.931
105.307
106.407
107.083
107.53
106.126
105.572
103.749
103.181
102.102
103.159
102.561
103.602
103.113
102.818
102.137
102.47
103.279
104.775
106.17
109.339
107.415
107.741
108.276
108.557
110.256
108.983
110.42
112.059
110.721
111.925
112.913
115.019
114.526
113.199
114.441
112.817
112.739
113.289
111.471
110.543
111.566
109.845
108.431
108.39
108.457
110.52
110.95
109.652
110.4
110.479
111.222
111.087
110.101
110.689
110.678
110.505
110.029
111.077
112.392
115.693
114.707
111.374
109.294
111.037
112.777
113.413
112.309
114.733
116.773
116.197
115.531
117.853
117.028
115.855
118.528
119.11
119.777
119.55
121.445
119.845
119.317
118.825
120.01
121.428
119.433
116.394
116.181
115.162
116.7
116.453
113.795
116.538
114.036
113.986
112.407
110.073
111.285
111.407
112.531
116.382
116.466
117.631
117.715
117.452
118.259
117.034
118.155
121.694
123.196
121.326
121.284
121.539
120.583
120.82
119.787
116.298
117.879
118.109
117.802
118.012
117.061
118.385
118.562
117.657
118.072
116.075
113.822
112.249
112.729
113.394
111.557
110.795
109.581
109.131
110.145
109.469
109.051
108.325
110.806
113.853
113.417
113.443
112.481
112.472
114.406
112.866
111.691
112.493
113.099
114.569
112.976
114.041
112.857
113.899
112.937
113.196
114.276
115.509
113.512
115.15
114.857
115.57
114.991
114.572
114.226
115.653
115.498
113.555
114.15
113.7
113.5
113.442
114.401
114.092
117.077
116.915
115.376
115.961
116.112
114.951
113.494
113.099
111.755
110.891
110.601
110.474
109.344
110.466
109.71
112.227
110.413
109.569
108.509
108.162
106.736
107.046
105.928
105.865
106.624
108.203
107.536
107.493
106.06
106.338
107.231
107.99
107.556
108.479
107.575
107.775
110.697
109.59
110.96
109.123
110.882
112.481
111.355
110.066
108.828
108.33
106.922
108.286
107.867
108.989
109.32
109.422
110.079
109.694
109.303
109.879
110.792
110.635
110.103
110.313
110.248
110.321
112.536
111.348
110.388
108.78
107.592
107.116
107.275
108.995
109.461
111.313
110.059
110.157
111.877
112.004
110.363
110.925
110.66
112.645
113.999
113.97
114.56
113.904
113.467
111.832
110.914
110.906
108.537
108.685
110.664
107.178
106.92
106.81
106.588
105.72
105.463
105.742
104.891
105.032
106.794
108.203
110.378
110.944
111.267
113.362
115.175
115.853
116.193
116.19
115.104
116.332
116.15
115.75
116.911
119.002
120.887
119.959
120.846
120.506
119.029
120.404
122.284
122.786
124.162
123.937
123.5
121.041
123.222
123.381
121.369
118.515
118.003
118.235
118.197
118.529
117.76
118.921
120.2
121.192
119.856
119.025
119.211
118.038
118.463
117.056
117.325
117.295
117.701
120.386
122.432
123.249
122.988
127.491
126.448
128.697
127.262
127.673
128.177
126.284
126.471
128.468
128.225
128.015
128.438
128.917
129.106
128.412
128.835
130.488
130.435
130.637
130.868
132.954
134.363
135.661
138.391
137.01
137.211
138.048
138.259
138.115
136.917
136.488
136.689
136.563
137.198
134.608
135.508
137.395
135.961
135.694
133.784
133.696
133.394
132.564
134.09
133.272
131.934
129.953
128.537
127.237
127.007
126.544
124.373
122.498
123.752
122.531
120.671
120.757
121.083
123.07
125.018
122.88
123.183
123.699
121.686
120.987
123.161
124.093
123.767
127.543
128.885
130.938
131.869
135.302
134.308
135.558
134.63
136.507
134.637
135.367
138.643
138.441
137.337
136.542
136.337
135.681
135.641
131.061
130.137
128.258
130.4
130.22
129.059
127.186
126.218
127.132
124.64
125.809
127.186
129.044
128.508
129.765
126.719
128.006
124.662
125.691
128.641
129.609
129.108
127.983
128.584
130.073
130.473
130.706
127.751
127.61
126.938
128.576
128.823
128.088
126.198
125.077
126.475
126.507
125.1
124.056
122.16
123.767
128.387
128.834
130.602
132.866
132.597
133.782
131.124
131.802
129.207
130.853
127.167
127.976
128.886
128.648
130.723
130.679
131.126
134.3
133.021
136.085
136.974
137.431
137.119
140.029
141.029
143.648
145.695
148.169
147.221
145.344
144.693
144.316
145.908
147.168
144.663
143.218
142.786
141.324
141.023
141.883
143.829
142.926
144.335
145.053
146.435
145.77
147.517
150.661
148.505
147.505
147.624
147.934
145.139
146.572
145.023
141.09
140.135
142.562
141.827
139.968
141.64
143.438
143.775
147.934
149.258
148.859
151.42
152.432
154.87
155.751
156.403
157.586
157.482
154.08
154.786
155.595
156.526
154.04
151.23
149.387
149.05
146.967
149.186
151.72
152.112
155.157
156.772
159.156
157.162
159.152
157.945
158.25
157.327
160.284
157.66
158.264
157.224
154.612
154.426
154.454
157.342
155.541
157.976
158.353
162.436
161.338
161.68
162.938
163.148
161.494
162.339
160.332
163.231
165.5
164.85
162.462
162.268
168.279
166.638
167.359
169.002
171.803
175.859
177.887
180.587
175.83
179.021
176.788
176.741
175.746
179.999
182.972
184.313
185.994
187.383
187.445
