99.1102
99.7277
96.8235
97.149
97.6975
98.2445
97.7906
95.5987
97.965
98.2672
97.6937
100.059
101.054
101.23
101.265
102.424
104.203
104.683
106.503
106.469
106.076
104.774
103.378
103.18
102.503
104.17
102.899
106.054
107.624
109.335
108.881
108.878
108.423
110.275
110.447
112.912
112.809
110.984
112.236
111.419
109.699
109.889
111.802
111.31
112.031
114.022
113.121
112.76
111.83
114.762
114.661
117.093
117.028
115.958
117.597
119.661
117.686
119.069
119.99
120.553
120.417
122.506
123.302
121.106
120.336
119.422
117.359
119.087
120.882
122.544
123.305
123.003
122.875
121.596
120.534
122.644
124.451
122.678
123.938
122.314
121.657
120.432
121.038
121.618
124.137
125.488
126.961
127.193
126.666
126.399
123.356
122.433
123.011
124.369
122.679
125.39
127.227
126.646
127.027
126.828
128.382
130.908
130.801
128.568
129.927
130.618
132.121
130.95
131.578
129.268
130.898
128.613
130.974
128.897
128.625
127.725
127.955
128.244
126.863
129.264
129.649
130.699
129.665
128.712
129.865
130.596
131.579
133.926
135.616
133.11
133.405
129.831
130.698
129.273
130.98
128.472
126.659
127.462
124.306
121.621
120.777
121.965
122.427
122.871
122.048
122.5
124.149
124.399
125.979
126.39
124.133
123.803
122.433
123.068
121.553
121.698
119.559
121.041
118.916
119.516
119.602
121.925
120.206
121.619
122.681
123.461
122.53
120.359
118.848
117.287
118.897
121.027
122.453
123.179
121.667
124.255
125.317
125.428
127.335
126.823
123.657
124.167
122.812
121.173
120.984
122.729
123.698
126.655
125.167
124.978
124.824
127.255
126.609
124.455
126.028
124.831
125.411
123.018
124.791
125.209
125.223
127.175
123.889
124.649
126.319
130.099
129.732
132.8
132.595
131.31
132.297
129.893
131.337
133.002
133.598
135.909
135.766
135.11
131.826
134.302
135.807
136.783
139.409
139.488
135.251
133.824
132.307
134.2
132.137
129.215
129.36
130.021
128.383
128.577
126.807
126.074
125.895
126.188
127.585
126.172
124.816
123.364
121.527
120.01
121.145
123.242
124.492
123.394
124.64
124.125
125.262
126.008
123.974
123.547
124.333
124.108
122.475
123.301
121.281
120.948
121.397
118.62
116.851
115.828
115.827
114.649
116.493
115.409
116.137
114.402
116.413
115.858
112.8
115.164
116.902
118.768
119.158
118.569
117.748
117.001
114.756
112.24
111.34
110.975
108.143
110.63
108.983
106.498
104.433
102.074
101.231
102.177
100.868
100.428
104.341
104.38
103.991
102.715
103.362
102.661
103.056
103.017
103.903
104.827
107.263
104.312
104.117
105.748
105.544
104.682
105.261
103.467
104.314
103.595
102.304
102.755
105.108
106.662
105.925
107.273
107.848
109.563
108.799
109.665
109.85
110.079
108.745
111.642
111.743
109.851
111.18
109.358
107.29
106.658
108.62
110.463
109.949
112.103
112.068
112.906
111.379
111.265
111.458
108.549
109.443
108.043
111.492
109.261
109.255
108.085
110.888
108.879
107.556
108.627
108.996
107.571
109.501
110.089
106.712
109.014
111.052
110.193
108.153
109.023
111.413
113.354
112.992
113.725
112.753
111.673
113.648
114.865
116.484
116.369
118.944
118.284
119.558
117.871
116.472
118.228
120.865
120.014
121.854
124.747
125.572
123.533
122.803
122.083
120.061
119.297
117.171
118.567
120.119
119.239
119.068
117.328
117.043
117.601
118.262
118.94
120.98
120.014
117.004
117.575
117.643
119.551
120.527
121.745
120.127
123.238
123.673
123.486
120.566
121.089
119.446
116.595
115.802
115.68
114.885
113.367
111.014
109.265
111.198
108.521
108.632
109.657
111.044
111.505
111.615
111.425
110.869
110.396
106.227
105.169
104.819
105.107
104.749
104.714
106.872
106.871
108.728
109.044
110.07
110.91
111.754
112.438
114.77
114.812
116.865
115.926
113.874
113.068
112.627
113.04
115.51
114.746
114.223
113.511
113.543
113.849
114.398
117.351
120.669
121.681
121.208
121.339
124.754
124.927
124.457
125.668
126.119
125.662
126.059
126.528
125.034
122.471
123.048
124.977
124.914
123.633
125.019
125.448
122.7
123.383
121.541
124.207
126.086
126.842
127.717
128.177
130.09
128.132
127.098
126.655
125.787
127.255
127.315
129.211
126.404
124.522
125.056
123.704
124.134
124.033
125.652
126.816
126.668
124.801
127.527
124.719
123.847
125.258
122.237
120.455
120.476
117.133
116.889
116.66
116.558
114.796
115.611
114.658
115.258
116.265
115.867
117.938
118.345
120.5
119.851
119.686
119.874
121.264
119.585
121.36
122.689
124.254
123.175
119.88
121.027
120.473
119.789
119.391
115.321
114.26
112.252
110.363
108.504
107.351
108.423
109.398
109.834
108.454
110.076
109.201
107.792
108.082
110.825
111.519
111.873
110.894
110.948
113.716
113.613
113.511
113.882
114.325
114.811
115.247
114.583
113.726
114.66
115.024
115.473
111.768
113.056
112.999
112.208
108.435
108.607
110.507
108.971
107.768
107.874
107.042
107.489
106.1
107.482
109.424
110.394
110.565
111.336
109.806
108.546
110.029
111.523
109.346
110.098
112.776
113.156
112.351
