102.978
101.954
102.687
102.962
101.917
103.638
103.298
104.376
103.289
103.327
105.637
106.818
107.508
106.834
106.825
107.592
108.029
109.41
109.843
108.589
110.053
112.227
111.753
108.586
110.027
110.657
109.848
109.607
112.115
111.643
113.5
115.441
116.281
115.562
116.045
117.748
120.196
119.323
120.651
119.387
117.322
115.794
115.323
115.378
115.876
118.658
119.909
119.299
118.781
119.125
117.961
119.779
120.657
119.175
120.185
121.907
121.895
120.469
121.437
120.341
120.186
117.694
117.483
116.24
114.758
110.03
109.758
110.784
109.425
108.998
108.858
109.6
111.01
111.996
111.711
111.741
110.399
108.878
109.502
109.406
110.756
110.634
112.238
113.257
113.665
113.319
114.193
114.297
116.016
114.808
117.293
118.789
116.385
115.557
117.173
117.337
120.234
118.43
117.266
117.296
117.934
115.162
115.586
115.177
116.474
116.321
115.098
116.548
114.707
115.449
117.05
115.929
115.967
114.58
113.849
112.057
111.641
113.271
112.981
114.246
112.857
113.099
114.636
116
115.125
114.491
113.026
114.887
116.685
118.797
119.04
118.587
118.441
119.923
118.393
118.304
116.287
114.22
116.828
114.769
115.456
115.896
113.746
113.544
114.989
115.622
114.794
112.481
113.669
113.947
115.272
114.869
113.93
114.887
113.358
111.303
114.122
115.665
115.772
115.602
114.923
116.172
114.792
114.838
114.928
114.246
113.844
115.067
116.878
116.652
116.352
114.126
117.86
117.555
118.544
117.642
118.039
117.976
120.322
119.043
122.327
121.338
120.472
120.995
118.168
118.893
120.096
121.799
122.45
122.497
123.155
123.618
122.179
121.319
124.237
124.775
125.467
126.118
126.754
126.008
126.922
127.874
127.163
128.679
128.299
129.155
127.835
129.094
128.209
127.375
125.518
125.546
124.176
123.443
123.955
124.111
123.705
121.242
119.557
119.521
118.055
119.647
117.373
118.041
119.699
119.584
120.776
118.738
118.562
120.27
119.044
118.707
119.058
118.321
119.633
117.997
118.662
117.942
117.728
118.337
121.698
120.659
118.057
119.733
120.399
118.229
117.492
116.599
113.549
112.315
112.578
111.186
108.737
109.049
108.207
106.442
109.217
109.044
107.571
106.034
104.315
104.598
105.002
106.603
104.746
104.308
104.244
101.784
100.875
102.327
101.032
103.288
101.631
102.875
104.109
101.653
100.572
100.786
99.9067
101.813
102.667
102.361
103.817
103.526
103.773
105.167
102.883
101.461
101.709
102.437
101.484
103.287
103.086
101.953
103.184
106.508
106.715
106.784
107.322
109.258
110.627
108.914
108.757
106.492
107.338
109.392
110.188
108.203
110.277
110.078
110.292
112.306
111.828
113.475
113.316
114.901
118.01
119.755
118.574
119.326
121.32
121.553
124.21
126.007
125.522
123.735
123.021
125.737
125.647
124.623
124.784
124.173
122.925
122.301
122.799
125.361
124.426
123.091
120.961
120.476
119.361
120.348
118.288
117.408
115.002
112.346
110.339
110.479
111.301
109.086
111.887
111.198
113.186
112.559
113.873
113.358
114.394
114.689
115.228
114.649
112.285
110.873
108.874
110.165
109.426
108.421
107.817
106.35
105.023
106.055
104.455
102.924
102.781
102.405
104.993
104.174
102.86
102.377
102.207
101.683
101.007
100.735
100.191
100.217
98.4127
98.0154
100.06
98.1916
97.4193
99.9715
100.37
99.7926
99.3781
99.5716
101.143
100.57
102.733
103.064
102.406
102.808
100.709
100.474
98.4603
97.0731
96.8894
97.0422
99.2984
99.7347
98.9498
101.573
103.618
104.112
103.032
101.018
100.383
98.5536
97.8246
97.2292
95.4505
95.2426
94.925
96.0216
95.5569
95.7056
96.6129
97.6465
95.4457
94.5668
94.1484
95.4656
94.4908
94.1356
92.8796
92.301
93.2118
91.9526
90.1356
88.0776
89.7792
89.574
89.3661
90.7126
89.7774
90.9587
91.4536
90.8198
91.114
90.6623
89.5005
90.7969
92.2009
95.7058
97.6594
97.6213
96.2217
94.4724
94.0031
92.6341
91.6436
92.3789
94.3995
94.5396
94.7299
94.3602
94.6505
94.4991
93.0135
91.8708
91.5768
91.3685
92.2158
92.5956
92.9477
91.6257
90.0295
90.2782
90.6132
92.245
93.55
94.6821
97.0597
99.7189
101.68
100.654
101.74
102.174
100.86
98.5428
98.4798
98.4769
99.1523
96.7095
99.1884
97.3229
95.6651
95.8111
95.0182
95.9998
97.1941
96.2652
96.3629
98.324
97.4363
97.2438
98.1679
99.362
98.2485
99.0622
98.44
98.1121
99.5791
97.8422
94.9004
92.5011
93.2485
94.0031
92.6984
92.3762
91.7627
92.9897
91.9727
92.8901
92.1899
91.9518
91.7604
90.9164
91.4821
89.9959
88.9527
87.0881
86.462
83.9331
84.7804
85.2963
84.661
85.0276
83.7063
83.4949
83.0864
84.7064
83.6266
82.8049
83.2439
82.2614
82.0101
81.9478
80.2868
79.1966
78.9475
78.5378
78.3184
77.3883
77.2311
78.2207
78.4339
77.9125
77.7773
78.1514
78.8963
77.3853
77.6533
76.1602
76.3928
76.8496
77.0703
76.4769
75.3071
77.5767
77.9254
78.3721
77.0975
77.3803
77.8506
77.6314
78.187
78.3958
78.7555
76.3173
77.7516
75.6608
77.9087
77.2078
77.2857
76.3912
77.88
76.8283
76.4805
75.8047
75.9956
75.4405
75.3742
76.3134
76.1845
76.6093
77.3838
77.0763
77.4124
75.3941
75.9161
75.3644
