98.1491
96.8929
99.4035
98.4647
97.7271
96.0865
96.8713
99.0833
101.249
103.32
105.734
106.292
104.546
104.909
102.919
103.362
103.09
102.481
100.566
100.247
101.134
100.128
100.227
100.721
101.707
101.079
102.039
101.92
101.31
102.003
100.325
102.875
103.39
105.298
106.063
104.455
104.41
104.837
106.026
107.519
104.644
101.51
101.959
102.801
103.007
102.855
105.517
105.522
105.814
106.323
103.5
103.141
105.236
104.541
102.625
104.621
106.179
106.07
107.844
111.505
111.449
111.35
109.595
110.048
110.016
110.57
110.461
112.297
111.748
111.419
111.91
113.068
114.071
113.467
114.124
115.72
115.347
115.477
116.027
115.372
115.176
114.449
114.933
113.508
114.259
116.781
117.058
116.107
113.115
113.81
112.038
113.224
111.732
111.559
110.858
110.125
107.227
106.818
104.522
102.565
101.059
100.216
100.021
99.8179
101.957
100.283
102.213
101.355
100.478
101.179
99.329
98.62
95.8118
95.514
95.288
96.0254
93.1161
92.1005
92.8813
93.9476
92.5296
92.5894
93.4301
93.8453
94.0569
93.2941
96.1959
94.3194
93.7759
93.9606
94.7921
96.6073
97.6641
98.4432
98.8175
98.8523
97.0029
98.5215
96.9441
95.978
95.8616
95.0271
96.5064
96.9351
97.6143
98.1249
100.133
103.509
101.977
101.639
102.046
102.036
100.66
98.7578
97.58
97.5113
95.8017
95.1909
95.4035
95.5696
97.1547
98.5055
100.329
101.261
100.67
100.903
98.73
100.563
102.658
102.045
102.892
104.657
105.866
107.173
109.473
108.015
106.215
107.997
108.335
107.919
109.485
109.878
110.693
110.054
107.53
105.912
106.124
104.374
106.681
108.051
106.793
107.821
108.463
108.234
108.821
107.075
106.134
106.29
104.532
103.913
104.807
104.584
105.016
105.284
104.629
103.657
104.083
105.641
104.501
105.283
105.838
104.758
106.782
106.924
106.43
106.934
105.166
104.781
104.115
104.965
105.304
102.752
101.865
103.249
102.446
102.922
104.304
106.866
108.415
109.685
110.07
111.539
111.481
109.57
112.206
113.1
114.341
112.435
113.718
113.858
112.513
110.922
111.559
115.009
113.007
112.899
111.93
113.459
112.614
115.497
114.697
114
112.954
109.967
110.055
109.665
109.329
106.884
107.662
106.031
105.321
106.214
106.413
106.003
104.949
103.625
105.104
103.229
105.269
105.828
107.919
108.576
108.686
110.248
110.894
112.024
111.836
113.79
112.765
114.366
112.778
115.958
113.37
112.642
112.718
113.206
110.88
112.848
112.792
108.882
108.544
109.896
110.504
109.399
108.851
109.406
107.106
105.219
106.259
106.712
106.711
106.37
104.812
103.886
103.156
106.226
103.754
101.243
101.553
102.433
100.144
98.8278
97.4756
97.6546
96.7487
97.1883
99.0127
97.8227
98.2938
98.7644
99.1956
99.4114
99.7738
101.013
100.572
100.08
100.936
101.77
102.526
102.313
103.431
103.985
104.271
107.284
107.212
108.171
108.937
109.807
105.338
105.298
105.166
104.772
103.358
103.222
104.004
101.183
101.821
101.917
101.415
101.148
98.9537
98.5505
98.4341
98.2187
98.1805
97.3242
97.4297
97.507
93.1363
92.6032
91.0417
91.0713
91.2025
91.2592
92.1468
91.844
93.2052
94.4257
93.7436
95.0387
95.8878
96.6816
96.7796
97.4839
97.6156
96.1591
94.1252
94.2572
95.7009
93.9952
94.2314
95.4036
94.0912
93.5497
91.0483
91.3236
88.9202
88.3433
88.7412
88.5993
87.8019
87.1656
87.9373
88.7363
87.1948
87.987
88.1018
88.1081
88.0736
85.7356
85.2358
85.7994
85.1168
84.193
85.4342
86.9895
86.5396
85.5166
84.7832
86.183
87.2589
87.2327
88.1713
88.0097
87.8359
88.5997
90.1537
89.5978
89.0152
89.1931
89.199
90.5908
90.8559
92.2145
92.6447
94.181
93.704
92.4871
90.2855
90.2536
89.7165
89.821
90.855
92.37
92.4372
92.8125
91.9141
91.7856
90.7123
89.4714
90.1707
89.2383
89.6571
89.6569
91.7579
91.2162
90.3741
88.9564
89.6369
89.0292
90.9921
91.0716
91.2493
91.1455
90.4266
91.4913
87.6576
88.4891
89.6618
90.1527
90.9382
90.4222
89.7681
89.2245
89.1556
89.4585
90.8403
92.9777
94.5145
95.881
95.4314
97.0049
95.6479
96.3326
98.0855
99.3572
98.7718
99.7625
97.1698
96.8507
96.9443
97.7648
99.1379
97.5851
98.963
97.7138
97.2628
97.2495
96.7342
95.8743
96.6578
98.1839
99.0639
99.7814
98.2529
101.424
102.145
101.222
103.87
102.923
101.885
102.653
102.77
100.75
102.467
102.881
102.943
103.864
104.805
104.789
104.892
105.711
106.148
105.419
104.29
103.663
102.244
101.146
102.85
104.76
105.885
105.05
103.355
106.269
104.773
106.847
105.54
105.003
106.519
108.403
110.221
111.24
110.88
112.04
114.279
114.08
112.876
112.176
110.763
108.487
106.344
107.04
104.841
104.928
102.857
103.569
101.996
101.005
104.158
103.202
103.182
102.557
101.301
101.489
101.507
101.029
99.9376
99.5553
99.7372
100.505
103.16
102.654
102.055
101.975
100.611
102.286
100.483
98.7774
96.4925
97.2518
94.888
93.3472
94.7094
96.1482
96.6159
96.6574
97.6838
97.0409
96.2502
95.4416
95.4614
97.082
98.1399
98.3721
97.3077
98.9131
98.6617
98.1016
98.9152
98.9697
98.7622
98.4825
98.2395
99.5761
100.835
101.018
102.292
98.9056
99.3552
99.0737
