99.8865
99.4682
99.9967
99.3021
100.045
99.929
98.8649
96.8871
98.4594
98.2451
97.6953
96.2772
97.1793
95.2163
94.5099
93.4857
92.282
93.3527
92.3192
92.683
90.7254
91.8353
90.2618
89.8194
92.5703
92.7562
93.1841
92.9612
94.5605
96.6686
96.7393
95.9317
92.9135
93.8758
93.4826
92.5199
94.4056
96.2098
96.2929
96.9054
94.909
94.3134
94.7664
92.8937
91.1207
91.5567
90.7478
90.7821
89.0197
89.9722
91.111
92.4861
92.5511
95.3689
96.6655
96.5634
95.1902
94.4247
96.8603
97.8555
98.5795
97.5929
96.5284
95.5017
94.9741
95.7793
94.9395
96.6788
94.7303
97.0328
96.6972
94.7913
96.0291
97.2115
97.2824
98.0827
97.1295
96.1631
95.3169
96.7045
95.8888
96.4246
94.5616
94.1233
92.319
91.8449
91.1438
90.7796
92.7636
91.8817
92.6007
89.6914
90.1503
90.8029
88.8164
87.0966
86.6924
86.2312
87.1797
85.3507
84.5015
84.339
84.3186
83.5087
82.9307
83.9065
84.2431
83.1658
82.4368
84.3787
86.5282
86.0533
86.0334
85.9676
85.8588
86.1221
85.5564
85.6153
85.3926
84.9645
86.3578
85.3989
85.2489
84.2671
85.7194
87.3415
87.023
86.2093
86.9708
86.2743
84.925
85.9988
87.1295
88.3783
88.3947
91.226
92.2774
91.877
92.0158
91.2207
92.6905
92.0112
91.6424
90.6132
92.9907
94.2308
93.3742
96.1411
94.4465
94.0791
94.1485
91.7289
90.5532
90.8585
91.2113
92.7966
93.5315
93.4989
94.3617
94.4216
96.3683
97.8118
98.7538
98.713
98.1805
97.407
97.1405
96.91
96.7959
99.4985
100.43
100.054
101.263
98.6767
98.1141
97.753
96.8743
96.3473
95.3891
93.3913
93.6549
94.7537
96.5627
94.5571
93.1442
92.3241
91.9796
93.1734
93.1692
94.7449
93.925
95.6376
95.9529
95.0504
96.193
95.9089
96.3295
94.4809
95.737
94.9473
93.7834
94.5397
93.5214
95.5322
93.2977
92.1102
90.5455
92.0657
92.2774
92.5813
91.0771
90.3045
89.5173
89.167
87.9885
88.1292
88.3674
86.0511
87.6551
90.1445
89.523
89.8543
89.2639
89.3707
91.119
91.039
90.5511
88.8181
88.5017
86.9387
87.0819
88.3218
87.6908
87.8586
87.7367
87.969
88.4443
87.8041
86.2719
87.5467
87.3147
87.743
88.525
88.9506
90.3498
91.1108
91.4982
90.5842
91.0928
91.4617
92.5039
92.3469
92.4658
92.7868
92.9362
92.6713
95.3119
96.2228
96.0494
97.2493
98.1138
98.5451
99.6922
98.9118
99.0591
97.6769
98.2696
97.56
98.222
97.8703
97.0136
97.6953
98.0134
98.7653
99.3237
99.6895
99.5329
98.9061
99.3081
99.1886
100.511
97.9974
97.2637
95.9156
96.3796
95.8518
95.3018
95.3166
95.1102
95.7674
94.419
95.9432
95.0318
96.1006
95.7735
96.1819
96.7554
99.0012
100.149
99.3005
98.6541
101.529
103.715
103.606
103.646
103.891
104.761
105.34
106.228
107.447
108.103
107.417
107.284
108.198
107.073
105.64
105.66
105.369
106.017
105.484
104.867
104.713
101.829
99.9092
98.7013
99.9444
99.4002
96.4079
96.482
96.2571
96.4751
96.5232
96.1648
96.0351
97.3419
96.7433
95.3004
95.7361
96.0524
98.1626
98.9947
97.4604
97.0826
97.1426
95.9556
94.4327
94.9378
96.02
97.1163
97.285
98.177
97.9864
99.8027
101.12
101.876
102.928
103.745
105.045
104.575
104.403
104.899
103.788
101.051
101.09
101.736
102.096
100.11
99.2845
100.495
100.857
100.131
98.7933
98.8836
98.5491
98.7388
97.7532
97.6721
98.8877
99.0062
98.5073
98.9214
99.9413
100.41
98.5433
98.87
98.1495
100.39
98.9411
96.3387
97.2968
97.5505
97.0193
97.7928
97.9651
97.5453
98.2258
96.5256
94.8381
97.1371
96.7987
96.3045
96.9498
97.4107
97.488
96.6981
96.5238
96.3863
94.1876
94.489
95.4948
93.7909
93.5746
94.9336
95.0828
96.7209
97.2049
97.2415
96.9615
97.0836
96.0578
97.179
98.2426
99.9631
101.669
101.781
102.751
103.056
102.151
102.116
103.618
104.048
106.234
104.339
106.273
109.362
108.877
109.677
108.568
106.721
105.001
105.422
103.96
100.684
101.068
101.172
101.919
103.99
104.786
103.387
103.785
103.802
106.251
106.759
105.438
105.705
105.012
107.532
106.922
106.604
107.723
107.977
108.114
105.888
107.03
106.468
106.645
107.614
109.615
109.999
108.892
106.61
107.519
110.067
111.39
111.217
111.537
110.565
112.107
114.059
115.21
117.016
116.344
116.176
116.184
115.381
116.166
115.348
113.771
114.763
115.694
116.499
117.669
118.406
118.563
117.226
118.892
119.079
118.368
117.408
116.659
117.198
117.563
116.044
117.423
118.222
115.922
116.427
114.296
116.118
118.072
120.577
120.787
119.249
118.667
119.237
120.448
119.898
120.41
122.413
120.863
119.828
120.659
122.168
122.339
120.341
118.963
121.318
124.721
124.42
124.548
121.609
119.896
122.28
124.292
125.77
125.54
124.656
123.21
121.287
118.537
119.767
119.058
119.39
119.971
118.508
115.41
115.918
118.545
117.031
117.703
116.979
115.926
115.347
115.537
115.764
118.784
117.009
116.384
114.782
115.928
116.388
116.93
119.668
119.861
116.834
116.01
116.198
117.023
116.314
115.4
115.655
119.793
119.335
119.189
119.177
119.408
118.728
118.989
118.493
117.699
116.143
114.452
115.875
115.714
117.129
117.03
117.155
116.503
116.262
117.527
116.476
116.504
116.428
114.705
112.958
111.935
110.602
110.238
112.296
111.542
