100.976
99.3798
100.078
99.5555
99.3671
98.712
97.6846
99.2272
97.9541
98.4537
97.7194
98.3608
98.992
99.8075
97.6414
97.7366
100.673
99.5755
97.073
95.4053
94.2763
95.6929
97.0726
97.0753
96.4385
96.2194
95.8061
96.7842
97.5338
96.6496
96.6976
97.4199
96.9354
95.4145
96.7105
95.5783
95.281
96.0744
94.1306
93.5819
93.7384
93.3893
90.3587
91.1919
92.565
91.7742
91.2356
90.5019
90.193
91.5551
92.7159
91.5035
91.9708
91.5376
90.2823
90.9819
88.9881
90.3807
89.4091
90.2738
89.416
89.8114
90.9428
92.4157
91.4533
91.2766
92.1447
91.5415
91.812
92.278
94.2092
94.3927
94.0176
92.2175
93.7682
92.8785
91.6577
90.5393
90.8495
91.5904
94.2367
94.3581
93.9479
92.7372
91.1524
91.8883
92.4776
92.325
93.246
94.994
96.4851
97.7309
97.295
96.4253
94.8001
95.7061
95.876
96.6165
95.9068
97.5373
96.6782
96.8744
97.3585
97.566
96.3244
96.7587
98.5601
99.1271
97.1731
96.8464
96.053
95.492
95.9097
97.4064
96.0564
95.8434
97.0266
97.0189
97.4921
96.8365
97.4815
97.4319
97.945
98.5803
99.0258
98.0701
98.6354
99.9427
100.92
101.881
101.802
101.459
99.7431
99.9214
102.472
104.07
103.439
102.845
101.748
100.202
98.4118
97.4145
97.0248
97.6265
97.2449
96.3813
95.3721
94.777
95.4182
95.3259
97.0245
97.0045
95.9888
96.2998
92.8991
92.7189
91.3586
92.7548
92.1381
91.4999
90.9656
91.0754
90.5502
89.5244
90.1089
89.8833
89.1966
89.1543
92.3627
93.068
91.0747
89.439
89.4064
87.6986
88.2837
88.6406
87.1222
87.3886
88.8978
87.952
88.4195
89.6139
87.0117
87.2622
87.8713
88.4708
88.975
88.107
87.4771
84.5955
85.8583
85.7769
86.2225
86.8933
86.8915
86.8646
90.1757
90.8054
91.3698
91.2489
92.1124
93.2859
93.1778
94.5543
94.8367
95.687
94.7802
96.3079
97.9447
97.2767
98.8156
98.1838
98.5895
98.2354
96.9678
99.1177
98.3352
96.5076
96.8046
96.2238
95.364
97.3392
96.9173
96.0439
94.6646
96.123
96.7983
96.4201
94.4558
95.1149
94.3315
93.8487
91.8265
93.0752
92.7555
94.6993
93.4202
92.1
91.5818
92.1107
92.6446
92.5671
91.7117
90.6263
89.8444
90.4293
89.5895
88.856
88.5819
90.0698
90.2858
90.091
90.4501
89.1681
87.5142
88.1918
90.8755
90.6428
91.0165
91.821
90.1506
88.262
87.9685
87.8585
89.3089
90.8906
91.92
91.0689
89.6659
91.7505
89.7674
90.0132
90.0422
90.0397
89.7039
88.5373
87.729
88.9273
88.7198
89.2932
88.28
85.5445
84.9726
84.3505
83.9932
85.1878
85.558
85.7179
85.8687
84.3776
85.3833
84.86
83.7086
82.7483
83.193
83.2578
83.0377
84.5413
84.2516
85.3594
83.3566
83.6639
84.6909
84.951
84.8718
85.0525
85.4701
85.9011
84.2363
83.6468
83.3297
83.6517
84.1679
84.1138
84.6318
84.8079
83.1635
83.4704
84.052
81.9839
81.2978
81.7622
82.0367
81.6631
80.5405
80.0418
80.1374
81.1791
81.8394
81.6913
80.5859
80.4403
80.4251
79.5225
80.4307
80.9702
81.6226
82.3424
82.5913
81.8549
81.8273
83.2135
83.6628
84.3584
84.3739
82.5002
83.6656
84.485
83.2539
82.2512
80.8708
78.8819
78.82
79.0269
78.674
79.9304
79.9184
81.1988
81.8561
83.1249
81.7584
81.2344
82.0166
81.0911
79.4442
79.3645
80.0763
79.9263
78.6477
78.9368
77.8014
77.2425
77.4635
76.7171
76.9244
78.4141
79.8293
81.3723
83.0706
83.0804
82.5873
80.7444
81.0986
81.8143
81.0398
81.3212
82.9082
81.9148
82.3877
83.4041
81.4236
80.6276
80.4788
80.9148
82.3927
81.7124
80.9021
80.8419
81.0998
79.5649
80.9057
81.3193
81.4401
80.8356
82.9565
82.8576
83.334
83.1215
82.7435
82.0857
80.9616
78.8795
78.3569
77.5579
78.0955
78.8251
79.2069
79.1284
77.1905
76.8735
76.996
75.8997
76.4405
76.6671
77.2617
76.9259
78.0193
78.3138
79.0609
79.4844
80.6093
79.6005
81.2748
80.5581
80.1158
80.5244
80.2565
79.8786
77.8645
77.9443
77.5526
78.6473
79.413
79.6206
79.6677
78.9202
78.124
78.9958
78.2306
77.3387
78.7425
79.7108
80.6534
80.497
80.8431
79.6811
80.7559
80.4212
79.0256
79.0424
77.3948
77.164
78.2678
78.1351
77.2099
77.4895
77.8932
78.5072
77.4352
77.6015
78.0469
77.096
76.7277
76.3129
77.3492
77.8818
79.5148
79.706
79.8147
80.5296
81.4151
81.4912
81.0381
79.5384
79.2192
80.055
79.9344
78.6759
78.6984
79.3263
79.56
78.6756
79.1565
79.5142
81.4496
80.6132
81.4303
82.0334
81.0082
80.9963
81.9157
81.7704
82.8237
83.1508
84.4801
84.2503
85.2145
86.6156
85.7327
86.9499
86.7198
87.6249
88.0364
87.7945
88.7135
87.5742
86.2821
86.627
86.9125
87.2938
87.5311
88.6297
89.7165
89.5871
89.8247
90.3944
88.6904
89.4763
90.9376
92.7876
92.0816
92.8185
91.7695
92.0868
92.9539
92.3015
91.5532
93.1957
94.9629
93.6098
91.6713
91.0333
90.9513
90.7351
88.6635
88.3176
90.1754
89.7593
90.1093
88.6828
89.1164
88.5498
87.3252
87.9445
86.7228
85.5666
85.997
85.2549
83.7308
84.208
85.4365
84.9226
83.0322
81.5119
80.1935
80.8116
80.9665
81.2234
81.5185
81.1377
81.4049
82.6908
83.8264
84.3377
82.0573
81.7643
81.0426
82.2122
82.6776
81.3721
81.6
82.069
82.5993
83.3716
84.6874
83.9483
84.798
83.881
82.264
81.2996
79.9725
78.2204
78.7904
78.9869
79.2273
79.8566
79.5587
79.7846
81.4317
83.2051
