99.4509
99.37
98.3683
98.8313
98.2675
97.7529
98.947
99.5936
99.0062
99.9666
100.738
99.6806
102.107
101.917
102.697
102.752
102.901
102.23
98.5475
97.5134
96.939
95.6623
97.4033
98.0477
98.7741
97.432
95.7768
96.755
97.1191
98.6881
98.1303
95.8029
94.9509
94.291
95.374
96.9439
97.122
95.1234
94.682
93.3231
91.7779
92.4004
92.8978
91.9816
90.6336
92.4233
92.7759
93.9094
93.813
94.0961
92.6795
94.0269
93.4899
91.3933
91.3189
92.2594
91.9364
91.6501
91.9096
92.0445
91.9678
93.1536
94.2029
91.1171
91.9263
92.8882
92.7728
94.1323
92.702
94.2484
93.5653
94.2468
94.3995
93.0417
91.7708
91.1061
91.8748
89.3682
89.4187
89.5722
85.9185
85.3856
85.3506
84.3242
83.5133
85.1393
83.5619
84.2236
85.6239
86.3172
86.6147
84.8353
84.2339
84.5346
85.039
85.5671
84.6848
85.027
84.5908
80.876
80.998
80.1934
80.9291
78.816
79.1016
79.2717
79.5356
78.8465
78.5253
76.0123
76.7714
76.7083
74.4402
73.644
73.3967
72.2358
73.0265
72.8601
73.8697
74.7939
73.874
72.8917
72.7488
70.5626
68.8198
67.3273
67.3735
67.8234
68.5541
70.143
70.6041
70.5714
72.8044
73.3652
72.3081
71.6763
71.9165
72.0753
74.0454
74.0343
74.7198
75.2148
73.7072
74.2767
75.54
75.3512
75.5966
76.7038
78.3303
78.1514
77.3294
78.0939
76.925
75.6136
76.8244
77.5256
77.2737
78.1669
79.0445
78.9746
79.3695
80.5621
80.1345
79.5281
80.0291
81.906
80.4679
80.7219
79.6262
81.1437
83.6931
83.533
83.0796
82.448
81.6349
80.5659
81.0636
80.5862
80.996
80.0273
80.5911
80.4698
81.1019
82.39
80.5071
79.0724
78.064
77.4227
77.9607
77.7104
79.3632
79.4311
78.6069
78.1888
77.0236
77.4526
77.5909
77.1272
74.9912
75.7714
75.4045
72.5251
71.9152
70.4
67.7429
68.0371
67.1288
67.4832
65.8659
64.5817
64.5738
65.2757
64.035
63.9975
63.8094
63.969
64.857
64.6018
62.8226
62.0514
62.3
62.1385
63.1049
62.3241
62.2496
60.8973
61.905
62.1842
63.0683
63.6284
63.2951
64.1947
64.0133
64.2584
64.1665
64.1565
65.0756
66.4442
66.1525
65.7551
66.1644
66.7067
65.4697
65.1052
64.4
64.4047
63.8492
63.0202
63.3038
63.6845
63.4879
65.7461
65.4095
65.2397
64.693
66.4788
67.564
68.2724
69.5047
68.0743
68.7447
69.2005
69.0095
69.0664
69.4287
69.487
69.2015
68.638
68.1052
68.4949
68.7017
69.0419
69.4683
69.6947
70.2803
70.8232
69.8306
71.7916
70.8729
69.5872
68.5907
69.0358
68.9923
67.8915
68.0867
68.9086
68.8069
68.7821
69.4355
69.0248
69.8933
69.2106
69.7237
68.9574
68.2714
67.4053
66.2725
67.0046
66.055
66.4692
65.6299
65.8762
67.5781
68.1334
68.3276
67.8804
66.6089
67.7008
67.1912
64.6941
64.1475
63.6979
65.6559
65.4664
65.4421
65.8792
64.4407
64.3526
64.442
65.0442
66.2086
65.3737
65.9415
66.1267
66.6712
64.9541
64.8643
64.3351
65.2731
64.7614
64.137
65.1786
66.7459
67.0697
68.0176
68.0345
68.7379
68.3841
67.8733
67.5646
67.422
68.5939
70.2097
69.6225
71.1393
71.424
70.9362
72.7263
71.5853
70.8224
70.7476
71.4755
72.5772
72.0453
70.9724
70.7956
72.0135
73.4014
74.6683
75.4837
77.4316
77.1138
77.3222
76.147
76.4035
78.0491
77.5353
77.7604
80.2264
78.693
78.4919
78.044
78.2355
79.5927
79.5175
79.5733
79.9197
77.9183
77.4773
77.0281
78.6941
80.0371
78.513
78.15
78.5101
79.2541
79.7483
79.8105
78.4629
78.0767
77.687
77.2323
77.6251
77.6519
76.9946
77.579
78.4278
76.6565
77.3567
77.8243
77.3115
77.7331
77.2547
77.3233
75.4999
76.1224
75.7256
73.9511
73.1615
72.6502
72.0622
73.1007
72.2806
72.4479
72.0761
72.2139
72.4074
71.7824
70.5346
71.5426
72.3994
73.292
74.4534
75.0397
76.5954
76.1007
75.059
75.2294
73.8325
73.8796
74.7545
74.1779
73.3273
72.7471
74.2151
73.4835
72.7
71.8186
71.7342
71.2687
71.3942
70.8849
69.3913
69.0126
68.1113
67.9797
66.905
68.0051
67.3715
67.4749
68.9133
70.0141
71.08
71.1519
70.7546
71.1525
71.6958
70.763
71.2752
70.9437
70.9217
70.0713
68.8572
69.3821
70.58
69.6647
70.7877
72.1093
71.0277
70.5987
70.3363
69.6661
70.673
70.4672
68.258
69.6517
69.8121
70.3638
69.3625
69.4708
69.0391
70.4866
71.9386
71.9445
72.7402
72.9177
74.1094
73.7642
73.183
73.1141
73.6584
73.692
74.2828
73.6347
72.3015
73.4806
73.3155
74.0946
73.0682
73.8679
74.4079
74.3375
72.9829
72.3965
72.613
72.1424
70.9071
71.5396
71.7868
70.7481
70.9333
71.8158
72.6748
72.6193
74.5297
73.9341
76.4127
74.6081
74.9531
74.4587
73.9075
74.2022
73.2168
73.7835
74.6569
74.9964
76.1972
75.2571
72.6645
73.1528
72.4324
69.606
69.4317
68.5489
68.5213
68.6813
67.8292
67.563
66.9293
68.0272
67.1546
67.3575
68.7231
67.4708
67.9364
66.9774
66.4921
67.293
68.4645
68.9346
68.8937
68.639
70.0381
70.6927
70.4245
71.0819
72.0467
71.5903
71.7309
72.7655
71.2626
71.9884
72.7206
71.4014
71.4544
70.5138
69.3481
70.5132
69.9607
68.4794
69.5563
69.1703
68.7989
68.9
68.516
68.4829
67.9535
67.7773
68.4519
69.9117
69.529
70.4508
69.8126
70.0491
71.3485
72.2259
72.0564
72.4683
71.5084
70.7833
70.5776
70.1518
71.3524
72.1468
70.9516
71.8192
71.6907
71.3689
70.9034
71.4819
