98.3918
98.6532
98.0327
99.5438
99.4585
100.448
104.433
104.788
103.527
105.829
105.319
106.183
103.673
102.672
101.413
101.26
100.745
98.2505
99.9644
100.669
100.736
101.408
102.117
101.179
99.9004
99.6051
98.2773
98.7018
96.3674
95.3464
95.6767
94.9443
95.0824
95.6352
94.2694
93.4691
94.0179
94.6938
95.2088
94.6907
94.0585
92.3894
94.3145
94.2937
94.7692
93.9728
94.9704
93.9043
92.7584
91.8613
92.3738
93.0773
95.3153
94.3584
94.1073
92.3421
91.5451
92.58
92.8126
93.0582
93.0361
92.2119
90.3015
90.4176
90.6312
90.5041
89.3002
90.2637
88.6728
90.3834
88.8218
90.2428
88.175
90.1444
89.2095
88.9316
87.8425
88.2379
89.6202
90.2178
89.925
89.4261
89.6903
88.2961
89.9343
91.2676
91.0535
91.2718
88.6376
88.7171
88.3146
89.3014
88.1638
87.4153
88.4952
89.0992
87.6137
87.3771
88.6251
87.0487
88.1446
88.7044
89.1459
91.1463
90.3825
91.388
91.2633
92.093
91.4952
92.0907
92.0593
91.1814
93.1664
93.9856
95.5927
95.5294
94.9563
96.4261
95.8948
95.1498
95.7729
96.3426
96.6271
96.9254
98.4476
98.4157
98.1832
99.1482
99.3293
99.116
99.8042
100.733
97.1574
99.804
97.7624
96.279
96.0612
96.0313
96.1368
98.1277
98.9087
97.5625
99.183
97.778
99.0285
98.0323
97.6134
96.1163
95.2238
94.662
94.6471
93.1248
93.8599
94.4988
93.7173
93.9519
92.4733
94.994
93.0023
94.2938
95.4757
97.2404
98.0582
95.4144
95.7165
96.0656
95.6229
96.0241
94.1303
94.3678
91.408
89.9975
90.4944
89.034
89.4378
88.1424
88.7017
88.0475
87.5558
88.448
88.0572
88.8173
88.472
87.0415
86.8281
85.2062
85.9212
86.6878
85.7712
84.799
85.1787
85.9741
86.0276
83.8846
82.5095
83.028
83.3294
83.5303
83.6838
84.7988
86.2048
84.2525
84.2452
85.269
84.977
85.8433
85.085
84.307
84.6817
83.7974
84.7426
84.7769
82.656
82.3547
80.5257
77.4312
76.8046
78.4549
79.9611
80.3078
80.9559
82.5117
83.3953
82.0674
81.9145
80.4883
79.6641
79.7601
81.1756
80.1225
82.1288
80.1999
80.7719
80.0001
82.4719
81.8624
81.2678
78.6885
79.8201
79.4279
78.67
77.0751
76.9227
78.4402
79.7852
80.4812
82.0332
81.8882
82.5229
81.8087
82.7684
81.0645
78.3894
76.7636
76.7924
77.4021
77.3191
77.1208
76.9579
76.8228
77.1295
77.4344
76.9486
77.2787
77.6745
78.2751
78.103
78.1634
76.7358
76.6402
76.774
77.1888
76.8751
77.0107
77.523
78.3165
77.4678
78.3781
78.5744
77.8734
77.9787
76.8024
77.3391
75.7522
74.4467
73.9899
74.4964
74.2783
72.7757
73.5356
73.8454
73.8695
73.9916
74.9101
75.9945
76.3205
75.4632
74.8899
74.7193
74.0495
73.2945
73.4026
73.4562
71.3716
71.4755
73.1305
72.2529
72.2407
71.7049
69.8984
70.2038
68.642
67.8266
67.4942
67.8615
67.0923
66.1397
65.0757
65.6832
66.0341
64.1433
63.8642
64.5277
64.1699
64.3585
62.8512
61.744
61.3817
63.279
63.5827
63.0245
63.8751
66.151
67.2247
67.0055
67.7857
69.0569
68.3996
68.5053
70.4499
68.861
70.2584
70.8901
70.0471
70.131
69.6594
70.9693
71.0721
73.1739
73.9613
73.7659
73.1508
73.9839
71.1057
69.9345
69.3353
69.4064
70.0183
69.8216
69.9948
70.3251
71.1351
71.4592
72.1682
72.487
71.1293
72.2149
71.2685
71.6051
70.3794
71.2246
71.3041
71.9658
73.2769
71.9085
71.1487
70.5128
70.9144
72.1497
70.7383
70.5189
69.712
70.7881
72.2431
74.309
75.2983
74.8778
75.4663
75.2882
74.8011
73.3294
75.4757
74.4411
73.4158
72.6355
74.6583
75.1146
73.6492
72.903
73.2352
73.7394
73.8758
74.4132
74.497
75.3851
74.8276
75.1337
74.0835
75.7684
76.4749
74.3164
75.2769
75.1681
75.3705
75.8198
75.7849
77.1462
76.6547
77.1715
75.424
74.924
73.4772
72.7652
71.431
72.495
72.9294
73.3644
72.5405
72.3083
71.2365
70.5962
70.1117
71.1469
71.1333
71.2918
69.8883
69.5494
68.3328
68.5408
69.7791
70.0115
70.0052
70.2168
69.4265
70.5755
70.6209
71.6681
71.6699
72.2765
73.4489
75.8617
75.6667
75.7358
76.0636
75.2726
75.6713
76.2783
75.9164
76.706
75.7202
75.6739
75.1226
75.8178
73.8548
73.5067
73.3241
73.7998
72.4504
72.0636
72.5415
73.6359
73.6612
74.56
74.8549
75.6801
75.5396
75.4058
75.6099
77.2259
76.2174
77.3358
78.0591
76.1444
78.7787
78.1031
77.8607
76.6903
76.8512
77.5003
78.2009
78.9317
79.8128
79.7331
81.1922
79.0324
79.2081
81.7936
83.5153
82.8958
83.9022
83.4467
84.7774
83.6165
82.955
81.9067
83.2072
84.4144
84.7006
85.496
86.8089
86.7237
84.6736
84.7311
84.6601
83.4075
83.4034
83.5634
83.1548
83.4627
81.626
82.2973
82.8352
83.2269
84.3566
85.1577
84.2172
84.6775
84.9215
83.1042
82.0208
79.7937
78.7908
77.9652
77.4677
76.3029
75.7376
74.947
75.9507
76.2037
77.5086
76.6898
76.4007
74.6037
74.8168
74.445
73.7672
74.3141
74.6292
74.8892
74.3198
75.3377
75.156
74.8576
74.8286
75.8236
77.2037
76.5859
77.6174
77.28
77.8899
77.6887
76.235
77.637
77.9683
76.3696
74.6335
75.0644
74.976
76.6247
76.836
75.5916
73.3082
72.8711
71.664
71.004
72.4827
72.6318
72.4846
74.6674
74.8281
74.0398
75.3849
74.99
76.2852
77.4979
76.3416
76.1464
76.8616
75.9527
76.7421
75.9113
75.4231
74.694
73.8743
71.5407
69.9737
70.3357
69.0601
68.6146
68.4582
