101.205
101.621
101.525
101.417
100.48
102.16
101.443
100.703
100.239
97.2807
97.9968
98.0278
96.6772
98.6117
98.0218
99.3797
99.109
99.9973
101.611
102.681
103.932
104.007
103.896
102.737
102.004
103.578
101.563
100.02
98.6343
98.9033
97.5191
97.4906
95.2393
96.4776
93.6027
91.8195
91.8749
90.9035
91.349
90.8459
89.6989
90.7897
90.6309
91.5387
92.1504
91.458
90.7372
90.2213
90.2373
88.8388
89.6353
90.3072
90.7014
91.1258
91.5536
91.5313
92.8701
92.1928
91.3965
91.9012
94.2015
95.6603
96.3643
97.166
99.6054
99.5955
99.5887
98.2709
96.1597
95.9383
98.0075
97.4744
96.9163
96.4083
94.812
96.1007
95.4687
95.0514
92.7062
92.1313
93.1934
91.452
88.9648
88.6685
89.7767
90.5399
90.9695
92.0213
93.6403
94.6597
93.8923
92.5883
93.9219
94.2719
93.7213
93.7412
93.1067
93.9618
93.9803
94.3291
95.7271
93.4878
94.8156
95.5314
97.2381
96.2675
95.9558
95.0023
95.1245
94.4016
94.8564
94.3559
94.9164
96.3017
98.0139
97.9497
97.1897
96.2068
95.5428
96.6686
95.7055
96.2022
95.8875
96.6702
94.2145
93.5073
91.4554
91.9813
92.0844
92.176
91.3043
90.1015
89.3194
89.499
89.2081
89.9769
90.3293
91.0787
91.3739
91.4521
90.0533
91.3305
93.5013
94.5253
95.7151
94.7901
93.4914
92.9638
94.6604
96.3314
98.1394
98.5932
98.9454
96.0088
95.4173
95.7284
95.0912
93.0991
93.6511
93.6279
93.9073
92.6694
90.2206
90.7889
89.7351
87.2873
86.0487
86.7042
84.5663
87.4127
88.7235
89.0756
90.62
92.03
91.8561
92.4689
93.2941
90.8517
91.0647
90.9018
91.9868
92.192
92.4819
92.2721
94.1123
95.3543
94.9934
93.3108
94.4365
96.4296
98.6342
99.0724
98.8626
98.7097
98.7862
100.619
97.5441
96.7663
98.6739
99.2458
100.432
100.699
100.316
101.553
101.41
102.186
103.258
105.316
105.831
108.079
109.148
108.954
110.915
111.868
112.688
112.602
111.559
113.276
114.589
116.498
116.528
119.163
120.318
119.477
117.513
118.562
119.528
120.261
122.54
122.852
123.085
120.47
118.712
120.18
121.984
123.195
123.627
123.769
123.243
122.354
122.614
125.227
125.146
125.523
123.36
123.812
128.742
129.771
128.305
125.888
127.763
129.65
131.162
131.797
132.528
134.817
137.974
137.407
138.144
138.25
138.739
139.612
139.585
142.677
140.44
142.641
141.556
140.497
138.394
140.325
141.099
143.32
142.877
144.113
144.257
145.549
145.932
145.731
144.57
147.341
144.8
141.841
143.284
144.705
145.378
144.708
144.594
146.078
145.885
145.759
144.63
145.617
148.147
145.398
144.71
146.493
148.925
147.299
146.281
143.146
146.269
146.837
149.996
151.754
149.947
147.775
146.905
150.955
148.609
146.793
147.077
148.959
146.023
151.249
151.135
151.367
150.623
149.022
148.514
150.033
152.687
151.43
152.929
154.574
155.138
153.508
154.716
153.387
152.338
155.878
154.15
150.511
148.712
151.073
149.448
150.114
149.838
148.877
147.828
150.983
152.07
148.742
151.02
151.924
151.658
148.512
150.088
149.274
150.797
152.09
152.998
154.778
154.208
152.844
152.654
152.581
152.118
151.736
152.648
152.662
149.326
150.131
149.575
149.827
150.913
151.94
151.795
148.654
149.455
151.539
152.216
151.44
148.418
148.624
148.814
148.217
144.527
146.643
146.366
147.394
147.629
146.236
150.042
149.361
147.735
148.084
153.306
154.698
154.066
154.23
158.539
157.648
153.904
154.398
150.184
148.021
149.475
147.611
149.637
150.997
153.848
152.668
152.315
153.487
151.223
149.892
144.445
144.791
144.115
142.453
142.49
145.137
144.621
142.867
141.842
141.652
141.789
140.27
142.393
143.676
144.466
143.873
141.815
136.629
137.653
137.448
133.465
135.405
133.582
135.961
138.584
134.207
134.978
132.573
136.255
134.854
133.757
135.934
136.611
133.432
131.286
130.926
129.796
130.752
131.278
135.583
135.552
136.939
137.307
140.337
139.532
140.321
138.916
140.861
139.682
140.006
137.52
139.383
139.604
140.639
140.898
139.848
140.339
139.479
138.759
138.823
140.589
143.699
145.734
144.268
144.317
144.19
144.315
144.035
145.193
144.826
148.445
147.614
148.929
148.494
147.025
145.003
143.334
144.907
141.866
139.22
143.33
140.652
139.723
140.116
140.381
137.686
136.527
137.039
136.584
139.115
139.958
138.933
140.141
140.009
139.739
138.898
138.441
135.994
135.754
135.188
136.197
133.394
132.335
132.558
136.308
136.28
136.224
137.074
140.395
141.612
140.723
141.135
141.643
140.446
141.163
139.902
138.23
141.39
141.832
147.656
143.741
140.202
144.949
147.05
146.604
142.195
142.669
141.55
140.213
140.649
138.593
136.801
137.272
142.357
142.11
137.867
139.224
142.111
141.736
143.978
144.941
147.359
148.869
148.85
149.732
151.998
153.716
154.961
157.863
153.307
154.533
152.654
155.269
154.292
154.733
153.709
155.307
152.114
151.061
149.636
150.019
152.458
153.062
155.05
157.391
157.75
157.305
159.723
165.035
163.198
164.949
163.896
163.868
163.528
163.045
161.83
158.915
161.004
163.762
162.724
161.226
162.211
160.98
159.318
162.954
162.897
162.817
164.428
164.732
164.556
165.024
165.311
163.263
161.751
