100.033
100.515
99.998
100.106
99.5453
100.247
100.864
100.309
102.315
103.893
103.649
103.649
103.863
103.26
104.585
103.581
104.275
103.765
105.268
105.083
102.571
102.664
105.798
105.966
105.524
106.945
108.458
108.183
108.049
107.056
107.688
106.051
107.106
108.472
108.993
107.823
110.355
110.419
111.243
112.143
112.611
110.955
111.928
112.702
114.958
115.517
113.934
116.805
116.928
118.314
117.023
117.129
112.933
110.077
110.224
111.867
109.579
110.965
111.22
114.453
115.119
118.095
116.134
117.281
118.801
119.111
119.034
119.918
118.881
118.637
118.84
122.143
124.08
124.628
126.803
127.288
126.458
124.645
129.559
128.574
129.656
129.957
130.669
130.722
127.832
128.707
129.115
132.597
132.043
131.048
129.381
130.332
130.066
129.944
129.607
130.497
131.88
130.608
128.81
131.509
131.699
131.927
132.573
130.907
132.085
130.781
132.208
128.352
128.409
129.174
127.192
125.646
127.107
131.772
129.749
126.699
128.529
129.447
128.645
129.58
130.638
132.047
131.858
131.464
131.567
132.763
133.98
133.975
131.391
133.171
132.767
131.36
131.592
129.163
127.936
127.424
125.581
122.63
123.634
121.905
126.628
126.601
125.832
127.647
126.564
126.578
126.908
127.686
129.897
126.696
127.524
128.204
130.459
130.641
130.904
130.688
129.403
130.674
129.589
129.178
128.113
128.474
126.703
128.312
127.319
128.253
127.815
127.019
128.215
127.035
125.651
129.739
128.274
127.729
128.996
128.574
126.9
128.819
128.36
127.147
126.962
127.125
125.054
125.628
127.836
123.898
123.404
123.563
125.957
128.689
130.498
130.749
128.464
127.799
124.968
128.499
127.762
128.884
126.734
126.894
123.813
123.159
122.341
123.43
123.258
127.24
127.678
125.104
126.378
125.189
124.287
125.86
125.177
126.332
123.869
120.963
120.699
122.619
122.012
122.355
122.598
120.339
118.193
117.603
119.589
121.325
119.754
115.21
115.117
114.524
115.039
115.982
118.818
120.916
121.62
120.946
121.927
124.393
124.843
123.347
126.161
123.523
123.471
122.097
124.249
125.722
122.74
123.522
125.337
121.552
123.922
123.321
121.816
121.521
122.711
125.455
122.851
124.325
124.894
123.488
123.756
123.626
121.556
119.6
120.598
122.781
120.868
120.507
120.791
122.558
123.303
123.277
126.728
127.2
127.778
127.701
125.085
123.133
122.654
120.608
119.13
118.17
116.996
117.993
120.76
120.08
121.394
122.535
121.846
122.59
122.148
121.457
121.734
120.986
124.023
122.571
123.918
123.35
125.709
122.955
121.723
120.754
119.642
120.335
119.514
120.837
121.106
122.287
121.861
122.266
119.87
120.295
117.46
117.866
119.458
118.575
117.973
119.994
120.545
121.041
121.996
123.128
125.722
125.405
125.088
125.078
122.459
120.915
123.688
123.446
122.383
123.475
123.969
122.287
123.341
122.55
120.415
120.769
121.933
123.057
121.91
120.753
121.386
123.34
121.05
120.531
119.568
119.399
121.703
119.993
117.041
115.889
114.088
115.323
114.671
115.537
118.636
118.959
117.599
115.423
116.68
117.708
118.706
118.092
117.449
118.638
116.554
117.094
114.093
114.487
114.794
113.692
113.453
114.887
114.04
112.75
112.346
115.425
114.416
115.459
116.732
118.469
117.471
116.398
116.273
115.77
116.408
119.006
118.45
117.662
117.149
115.645
117.477
116.841
115.361
114.031
113.816
114.226
114.888
116.645
115.987
116.903
120.596
118.591
119.336
117.669
117.894
119.572
118.573
119.116
116.9
115.778
116.502
118.597
120.307
117.872
116.117
118.508
119.185
119.487
121.421
120.716
121.544
119.95
121.153
123.032
124.509
125.411
127.053
128.2
127.835
127.643
128.562
129.872
129.978
129.911
129.416
131.374
129.003
128.798
128.302
131.19
133.883
133.966
135.935
135.518
133.445
132.308
134.643
131.612
132.987
133.53
132.914
132.682
132.362
132.853
134.999
134.262
134.234
131.856
131.292
129.377
130.679
128.105
130.198
129.985
123.465
123.215
119.414
119.343
120.3
121.04
124.337
123.332
125.463
126.719
129.538
130.119
129.354
130.443
134.057
134.001
136.068
135.889
138.782
135.847
135.308
136.544
136.834
134.2
134.42
135.283
138.142
136.942
133.737
130.836
131.98
134.201
134.705
136.6
135.366
135.853
135.014
134.334
129.69
129.165
131.187
132.206
132.627
133.322
133.442
130.98
129.265
129.599
127.96
130.029
130.006
128.242
125.829
127.243
128.016
126.933
125.861
122.471
122.484
124.706
124.09
123.048
124.245
124.466
125.569
126.45
128.68
128.002
131.33
128.314
129.614
129.343
131.838
131.13
129.13
127.864
126.441
126.574
126.957
128.722
128.888
129.797
131.797
130.003
132.959
133.391
134.153
137.221
135.135
133.839
134.555
133.62
132.534
129.606
131.203
133.074
133.27
132.205
132.239
128.522
131.75
129.475
129.956
129.911
130.883
134.066
133.464
135.005
135.172
134.171
134.736
132.486
129.392
128.631
127.241
126.827
125.078
125.679
126.537
127.749
125.448
126.616
124.847
124.409
125.204
127.277
127.193
126.625
126.348
124.613
125.422
123.472
122.491
125.164
