99.9055
102.028
103.436
104.563
103.052
105.116
105.897
104.697
105.392
105.571
104.667
105.827
104.801
106.345
106.621
105.362
105.568
105.079
104.373
101.949
102.428
101.493
103.162
102.175
102.714
104.272
104.186
105.461
108.359
107.796
107.652
107.38
107.28
106.356
106.825
107.858
109.457
110.629
109.239
109.318
109.925
112.317
114.026
115.015
114.378
114.148
114.284
115.071
114.913
112.662
112.923
112.126
109.748
110.153
112.749
114.979
115.342
112.699
115.359
115.031
115.875
115.689
114.671
114.702
112.946
114.812
114.908
113.79
112.43
112.313
114.182
113.329
112.338
110.33
109.132
110.012
111.118
109.287
107.701
105.885
104.647
104.054
104.698
105.376
103.714
101.977
103.558
101.726
102.631
100.651
100.488
100.613
101.615
100.226
101.874
100.6
99.3937
100.865
100.57
100.936
103.39
105.034
105.494
104.611
104.493
103.948
103.489
101.707
101.758
103.385
104.003
102.974
104.754
106.158
105.583
106.123
105.095
104.812
103.589
103.839
102.581
101.206
98.3277
98.5398
97.0221
98.1239
97.1577
96.3152
96.0901
94.2039
94.5672
92.8403
91.1666
92.5118
93.4769
92.9152
93.5778
94.5106
94.2468
94.314
95.616
94.121
93.1229
92.57
92.4851
92.31
91.3115
92.0428
91.525
92.8967
94.4458
93.6256
95.2189
96.0218
95.6234
95.6874
97.9165
98.8328
99.9691
102.355
102.898
101.07
101.253
98.7402
98.6241
100.143
98.8602
99.8986
100.31
98.6974
97.0924
96.2212
97.0829
98.5367
98.7294
98.6526
99.0035
98.1618
97.4274
96.2339
95.3218
93.4158
93.1938
91.4659
91.7334
91.5509
89.8038
88.9573
89.0822
91.8746
92.9074
93.5072
95.3717
95.5286
95.5182
97.1154
96.9096
96.1939
96.7989
96.8307
97.3206
97.28
97.9627
98.5045
97.8995
97.6465
98.8815
100.266
99.4125
97.7178
97.2739
95.8697
96.4918
95.9979
96.6389
97.299
98.0756
98.505
99.5074
99.1821
98.7187
98.8671
98.0719
97.5708
96.4805
93.9531
92.9555
95.0987
95.4338
94.9628
94.8815
93.5243
93.1557
92.9518
91.6543
91.0169
89.1951
88.9428
89.5696
88.495
89.2642
87.5489
87.7171
87.1957
86.8522
86.8889
86.4786
87.7076
86.191
88.0077
86.4602
88.0191
86.9569
86.5294
88.887
87.9078
87.9144
88.3264
88.3061
89.088
89.2538
89.2003
87.7724
86.837
87.9216
87.9714
89.8753
92.0341
93.4411
92.7201
93.9442
93.5391
94.938
94.387
94.1802
94.7399
95.1819
96.9533
96.7919
96.1871
97.6601
95.7283
96.209
95.436
95.2235
94.7664
94.9654
96.6817
99.7532
97.794
98.8551
98.4797
96.085
98.1076
99.8573
100.468
101.037
102.657
102.838
104.438
104.668
102.638
102.79
101.776
100.652
101.433
100.977
100.518
99.4152
99.0499
98.1895
97.508
97.521
98.2141
98.1592
96.9374
98.6476
98.3502
96.6964
96.6807
95.9565
96.6165
96.4009
97.6899
97.3391
96.6113
96.8814
96.4066
97.2322
98.3956
98.8189
98.5074
97.2357
98.0236
96.0622
95.8139
93.6171
93.1483
90.1727
89.373
89.2876
89.593
91.6947
89.4717
88.9574
90.254
90.2718
91.576
93.0175
95.0463
94.733
93.5977
92.085
91.1695
91.7556
90.6917
89.126
89.6161
89.343
89.3558
87.9753
89.0199
88.1961
89.3584
88.4418
88.6264
90.3708
93.0644
91.035
91.1191
91.5541
91.7996
91.2518
91.9212
91.0131
89.9667
89.089
87.9763
86.5711
85.302
86.4852
84.8986
86.2429
83.9646
85.0185
87.8963
87.6069
86.58
86.9279
86.4022
88.9588
88.9726
88.8128
86.0311
87.1218
86.6057
89.0919
87.5015
84.5759
83.8425
83.0796
83.9896
86.5898
86.4282
83.7592
83.3153
82.2711
82.5984
81.4575
81.8439
81.6147
81.6993
82.0017
82.7757
83.1607
82.9781
84.8526
85.2304
84.0422
83.9331
86.1554
87.5086
85.6918
86.8427
87.3795
85.6174
85.7285
85.6109
84.4426
85.5731
86.9475
85.3097
86.4893
86.5028
83.5545
83.0564
83.2702
83.7925
84.4492
86.1718
85.6979
86.3563
86.4293
84.9642
86.238
85.5708
84.5359
84.1481
83.3441
83.3512
84.0787
85.618
86.6074
88.39
87.4999
87.2963
86.3278
87.1718
86.1984
88.5532
87.6337
88.7144
89.9215
92.4066
91.0698
91.7322
91.1621
93.3996
93.007
92.1284
91.9064
91.4944
90.7202
89.2761
89.617
90.2968
90.2637
91.8462
92.9009
92.1009
92.5043
92.9143
94.1378
92.1134
91.4032
91.3211
92.7886
91.1422
91.7072
91.1205
89.7776
89.365
89.2161
89.0901
89.7411
89.3702
89.3222
88.7783
89.1659
90.7222
89.561
89.1915
88.6614
87.3484
87.4888
88.913
89.1925
87.9519
88.2166
90.1838
89.7442
93.4178
91.8408
93.7016
92.0964
92.4104
89.6288
88.8312
88.8852
89.5628
89.627
89.4311
89.4179
90.1441
90.066
89.3999
90.4358
89.8905
90.742
91.0331
92.1768
90.9872
91.4552
91.4195
93.4392
93.3808
92.35
92.2785
91.6812
92.4245
92.714
92.8793
92.9156
93.4092
95.7985
97.406
98.2602
98.3932
98.2458
98.6334
99.5343
97.2797
96.0931
94.0084
93.6605
94.4071
94.2728
93.6616
93.2555
95.8567
94.818
94.0202
92.7928
92.8208
89.8101
90.0479
90.9638
91.5605
91.4835
92.7639
91.968
93.9141
95.9972
96.0394
96.884
96.5606
97.4996
96.787
96.5384
96.3287
95.3525
94.3932
94.0345
94.4825
94.9244
95.0609
93.8594
94.8169
92.564
93.5667
93.5217
93.3589
91.9864
90.4582
88.6576
90.3003
89.9737
90.9491
91.4266
92.4456
