98.5383
98.1518
98.0448
97.6231
94.9476
94.5068
94.2154
94.8765
94.7257
94.0738
92.3369
92.0805
90.9699
94.3724
94.5121
92.5471
93.7814
94.3988
95.5076
96.3225
97.2255
97.2307
98.4384
99.1411
96.8215
97.2633
96.2606
95.9009
95.4985
95.6108
94.1407
94.3907
94.4221
96.4136
96.4642
97.4214
94.6132
92.2276
94.8808
94.0796
94.2898
92.1953
93.1728
91.8119
92.1083
90.2034
88.9694
87.742
87.918
88.2236
86.2003
84.9431
83.6745
83.6266
84.2804
82.0643
81.5642
79.8511
80.7165
80.285
79.674
80.8742
80.0637
80.5039
81.3006
81.1362
80.546
79.4712
80.3392
79.1218
78.2572
78.2235
79.5719
81.0835
81.1505
80.9974
79.3643
79.7855
81.039
80.9969
80.1455
81.4358
82.2994
82.4925
80.9497
80.5431
82.9974
83.2181
84.7374
85.2913
86.127
85.1383
86.6673
87.8169
87.1847
87.1076
87.349
86.4855
86.2026
86.1904
86.5691
87.4835
88.1404
88.0771
88.2802
87.2575
87.9569
86.4622
85.7671
84.813
86.2546
87.3809
89.0165
90.5636
90.188
91.1315
91.1837
90.9651
89.1486
89.3674
89.2748
89.7206
89.6541
90.2059
91.0485
92.5984
92.6365
91.36
91.9979
92.0487
93.1325
92.0638
92.5695
93.8781
94.2744
94.8212
95.7143
96.6325
95.9231
94.982
94.8427
95.7904
95.0556
94.4321
94.3493
94.9354
95.1219
92.012
94.1125
94.2494
93.3349
94.1822
94.732
95.7421
96.9951
96.9377
96.699
96.4323
96.4325
96.353
94.7638
92.4793
92.1026
90.9448
90.9871
89.366
91.9645
90.7883
91.7972
94.2575
94.261
95.0567
94.8101
93.5058
91.207
93.2828
91.762
91.9954
92.1482
93.5857
91.9592
91.7622
91.7189
89.5796
88.6852
89.7505
89.8711
90.14
90.2733
90.8912
90.1632
89.0072
89.6724
90.383
90.4551
89.4989
86.2917
86.8121
88.1623
87.5324
88.4879
88.883
89.8954
89.0139
88.0072
87.1998
88.476
88.8355
87.0775
86.4903
86.9498
85.7445
85.2029
84.3063
82.2988
82.3568
83.071
84.404
85.2787
84.8456
84.3303
84.3687
82.7291
82.5828
84.0538
83.633
83.8561
82.5531
83.5827
83.3035
84.1754
82.729
83.1457
84.642
86.153
86.988
88.6395
88.9128
87.5676
87.9395
88.4886
89.239
89.2877
87.1978
88.7767
88.8841
87.1313
86.1992
87.437
88.1649
88.8708
88.3047
88.6916
90.0224
90.7792
90.5048
90.4617
91.8536
90.4451
89.8307
91.437
89.6607
90.1362
89.9096
89.7062
91.1041
89.6996
89.8929
89.9997
91.0429
92.7508
93.4122
93.7465
93.9259
93.3587
91.708
92.9624
93.0267
94.1897
92.9377
92.1865
91.7008
90.5201
91.5064
91.5669
92.0981
92.7102
90.6601
91.4167
91.2397
91.3688
91.2313
93.55
94.5714
91.3232
93.2904
93.8037
94.9232
94.6305
95.092
93.3152
92.6089
91.1481
90.6774
90.9359
90.3055
90.143
90.2159
90.1896
91.0063
93.0807
93.0003
92.8286
94.6925
93.9091
94.6259
95.9389
97.6938
98.0991
100.916
102.148
101.989
101.949
99.4564
99.1173
99.7073
99.5723
102.754
101.983
102.324
100.983
100.554
98.7775
96.8139
95.2614
96.5092
93.8974
93.4049
93.1678
91.5243
91.1226
91.6173
92.3633
91.5334
90.4144
89.174
88.7919
88.3906
88.299
89.2748
87.2871
87.0106
88.624
89.9078
89.1097
88.2365
88.8859
89.9743
89.9661
88.1317
87.5041
85.9253
85.0266
84.9153
85.2804
82.6608
83.2771
82.9859
82.9737
83.3233
83.2044
84.5461
85.622
85.7306
86.3291
85.4528
86.3209
85.1694
84.7131
85.2185
86.4018
86.3269
86.3564
86.1387
84.1903
84.2173
85.3999
85.2264
84.7532
85.5759
84.5587
84.2062
83.9137
84.9423
82.6729
84.411
85.2012
83.8591
84.6476
84.3102
85.2281
84.7163
83.7885
83.8605
85.2603
85.0956
86.8866
87.387
86.632
86.0816
85.8328
87.0085
88.5672
89.6297
87.6694
88.2122
88.7185
88.9405
90.6362
88.3708
88.4751
87.1083
86.9586
88.4608
88.8267
87.2097
85.5974
85.7961
83.7596
86.4329
87.4222
88.4931
87.2656
85.7767
87.1951
89.0658
87.3359
86.5078
87.4907
87.7037
87.4245
87.2019
87.4292
85.9455
85.7254
84.985
85.1783
85.4932
84.8052
84.1199
85.3255
84.9876
83.6458
85.1297
86.1797
85.9998
86.4083
86.7977
85.5348
86.1538
87.016
86.5125
84.8208
84.5227
84.4112
84.8879
84.6363
84.1764
82.294
82.4119
80.4761
78.672
77.6564
77.1997
77.3875
76.4809
76.8691
75.9098
75.1466
75.6092
74.2041
74.6491
74.4822
75.2385
75.4397
75.2492
75.8065
76.2529
76.5757
76.5959
75.746
76.6542
76.8716
78.1743
78.1099
78.9419
78.6135
79.1755
79.2793
80.6892
81.018
80.0166
79.506
77.4174
78.0527
78.3898
78.1477
79.4808
79.9515
80.5364
80.5018
80.0642
79.1926
78.2787
78.8226
80.4574
81.0737
80.4464
80.4422
80.6797
80.1939
79.3055
78.4811
77.4235
77.5592
78.4952
76.7315
76.8627
76.5657
75.7366
75.9814
76.2137
75.3631
75.4829
74.975
75.2825
73.9915
72.8424
73.5004
72.0832
72.3707
72.0678
70.1264
70.7329
71.5981
71.4692
70.1937
70.3674
69.7735
69.634
67.8175
68.3125
68.5725
69.8324
71.1066
70.4434
70.7917
71.531
72.9574
72.7737
72.4459
71.7178
72.2878
71.6039
72.2232
71.0559
71.6668
72.9409
72.8687
73.758
73.2616
73.4076
73.2083
71.81
70.6545
71.5403
70.7761
72.0533
73.4022
75.0231
74.4785
73.6081
73.5402
73.6819
74.1043
74.818
75.5527
75.6092
75.8622
76.0869
76.9283
75.4302
76.0049
76.4015
75.6471
77.1576
78.0392
78.3072
77.5702
78.2331
