101.354
103.468
101.518
103.14
102.84
102.539
100.802
101.19
99.639
100.789
101.151
100.573
99.6992
101.86
106.067
106.265
105.856
106.403
107.259
104.646
101.434
102.282
103.81
105.191
105.593
104.23
103.617
104.525
103.601
103.305
103.084
100.737
100.197
101.333
102.033
101.991
102.199
100.67
98.8754
98.191
96.8713
99.3516
100.132
100.096
97.9176
97.334
100.554
101.476
101.606
102.616
102.117
104.52
105.975
104.763
104.903
108.505
108.627
108.797
110.346
110.115
110.271
111.841
111.99
111.26
112.098
113.74
112.521
109.726
107.857
106.437
105.909
106.661
105.745
102.716
102.201
99.5994
100.756
100.567
100.428
101.371
100.059
97.04
97.8916
97.0716
95.5226
96.535
97.1248
97.2662
97.9053
97.8281
95.1345
95.6741
97.8753
100.087
97.5043
96.5021
95.5515
95.6983
96.0742
96.2756
96.9677
97.1796
97.994
99.2349
99.7186
98.5378
97.5055
99.449
100.51
101.564
102.142
101.695
101.524
101.838
102.062
102.181
101.032
103.74
103.902
103.918
104.713
103.676
101.808
102.187
101.929
102.093
99.4893
100.683
98.9161
98.8787
96.0768
96.952
97.1791
95.2128
94.1329
94.1987
93.9417
93.7804
92.4595
92.5058
91.1122
89.4495
87.6627
86.5616
87.815
87.9956
88.357
86.9943
86.7405
86.5953
87.947
87.7353
85.7056
84.2587
84.0877
82.9821
83.3586
84.3078
83.1327
81.7191
80.2119
79.4373
79.1858
77.4312
77.0371
77.5749
79.6567
80.0447
80.3395
78.9027
79.149
78.9098
81.2435
81.2033
80.9936
81.1797
81.4453
81.3447
78.5406
78.1413
77.5863
77.5798
75.1608
74.3847
74.3403
75.6089
76.227
77.9353
79.3801
80.1493
80.7287
81.2193
81.9896
82.8039
83.4152
82.477
80.9234
80.6396
81.7281
82.2563
80.9566
81.107
78.7849
77.8131
78.1648
78.7228
79.8527
79.784
79.77
79.5976
76.9523
77.468
78.4618
78.9157
77.906
76.3
75.2118
74.5438
74.214
74.2703
73.5974
73.9903
74.8874
75.1902
75.5342
74.4433
75.6345
74.4176
75.782
76.7804
77.5462
79.3187
78.97
79.3229
78.8896
79.6478
80.1058
78.7867
79.5287
80.1092
78.5519
76.4553
77.2245
79.2701
80.1933
79.0883
77.1145
76.3969
77.0394
77.1023
78.7392
77.6776
79.2385
79.7884
79.4921
79.5388
79.3631
80.6404
81.5792
79.8764
78.3597
78.7709
78.6804
77.6511
78.1751
77.2558
78.1096
77.3921
79.1028
80.3165
80.6802
80.0382
79.0091
79.0793
80.0914
80.354
79.7239
78.65
78.1844
76.3206
75.939
74.1774
72.1358
72.2636
71.8657
70.1886
69.486
70.4744
69.9682
70.6541
70.7406
71.9183
70.2024
70.9776
71.6357
71.2925
70.3753
69.5106
68.2821
68.4894
68.013
68.5134
68.143
67.7992
67.2172
67.4967
65.7605
65.6453
66.3142
67.04
65.8814
66.4739
65.9233
65.6726
64.2232
65.5434
65.0667
65.605
64.6947
64.6584
65.9854
66.6488
68.0239
66.5076
65.1778
64.8544
65.108
65.02
65.6597
64.1638
63.4602
62.277
61.5354
61.7283
61.8357
62.0941
62.9815
62.0923
60.7571
59.8761
59.1545
60.3054
60.9112
61.1463
62.072
61.915
61.3587
61.4229
61.9415
62.2157
60.6958
59.2476
58.3694
57.4018
58.2906
58.2877
58.3274
57.5744
57.2821
57.3242
56.8948
55.962
55.8807
56.4222
56.1717
55.9516
55.0303
55.0966
54.5653
54.7668
54.8052
54.8573
54.8837
53.8473
53.6867
54.2874
54.1526
54.3327
55.2142
55.4317
55.1795
55.0097
53.927
53.936
53.3711
52.7999
53.3738
53.8694
53.8464
53.5602
54.0355
54.6432
54.5937
53.5805
53.0194
53.937
53.6764
53.3935
52.3914
52.6922
53.0489
53.0034
52.1091
53.1172
52.9203
53.6042
52.6513
52.5594
52.3005
51.8517
51.8392
51.8233
51.8253
51.5802
51.2433
51.1669
50.9186
51.4782
51.9567
51.4201
51.1233
51.7456
51.4584
51.2509
51.1722
51.1587
50.6613
51.0571
50.3871
50.5553
50.3644
50.6266
49.5703
50.3597
50.7716
50.4108
50.6732
50.3205
49.6388
50.4975
50.512
50.524
50.817
50.5871
51.012
51.3201
51.4298
50.8911
49.9962
49.0095
49.3962
49.8256
48.8968
49.9435
48.9894
49.8529
49.475
48.9015
49.0611
50.6525
51.1389
50.5195
50.8757
50.4746
49.2246
49.3109
48.824
46.9987
47.0755
48.3947
46.8015
46.4166
45.9509
44.8753
44.0484
44.4646
44.5791
45.3523
45.3612
45.4221
45.4307
43.9388
43.7297
43.9503
43.9792
43.2826
42.6932
42.1527
41.4149
42.2249
41.792
41.4852
41.5308
42.0622
43.1973
43.1041
42.4052
42.2529
41.6798
42.1894
41.2733
42.1064
42.7208
42.4102
42.0429
41.3559
41.1137
41.6833
42.082
41.322
41.1136
42.3632
42.1363
42.0142
42.2783
42.2572
42.6127
42.433
42.5563
42.0003
41.5893
42.5018
42.3192
43.3252
42.9869
43.6077
43.3832
43.6183
43.221
42.376
42.9477
43.557
42.9086
43.133
43.6685
43.0754
43.2292
42.5795
41.8484
42.6921
42.9458
43.2313
43.0599
42.4079
42.4041
40.3768
40.716
40.9348
40.7447
39.1051
38.9538
39.2394
39.2285
38.9076
38.5061
39.5671
39.91
40.3835
40.6315
39.997
39.988
40.1048
39.9649
40.6178
40.7059
40.4075
41.0859
41.4877
41.6166
40.6841
40.8877
40.8078
39.6126
39.3095
39.4675
39.5264
39.3369
39.8754
39.3963
39.4075
39.4584
38.6651
38.7696
38.3674
39.0494
39.6553
39.6241
38.6415
38.4625
39.0984
39.4488
38.9906
38.6841
38.9565
39.0011
39.501
39.6251
40.0381
39.498
39.621
