100.277
97.7767
97.0923
97.5549
96.5475
95.5065
96.2916
95.5978
94.3459
94.0478
96.1892
96.4265
98.3519
99.3775
102.569
101.719
101.084
101.867
100.392
100.141
100.437
100.425
100.636
99.7265
100.432
100.797
100.228
102.198
101.78
102.557
104.061
103.886
104.819
103.462
103.847
104.277
103.227
104.12
104.939
104.959
105.046
105.76
106.158
107.213
107.322
104.43
105.315
105.149
106.149
106.146
106.676
105.668
104.703
104.036
101.965
101.377
100.229
104.149
104.343
103.106
103.106
104.755
103.073
104.76
105.994
104.073
102.644
102.338
102.993
103.452
103.897
103.448
103.887
102.369
102.298
101.078
101.347
99.8993
98.622
98.2948
96.7762
95.4937
96.0788
95.1518
94.3298
94.5315
95.418
95.3989
92.9145
93.2603
91.6411
91.4409
90.2856
91.4552
90.6883
89.2659
88.8694
89.1491
88.4746
88.1252
87.8396
86.7347
85.1546
86.0753
87.514
85.6668
86.7436
87.262
87.9839
87.4169
88.4418
86.7728
89.2602
90.4313
90.924
90.4414
91.3035
92.8638
93.1387
92.3368
92.6899
92.4686
92.8786
90.5576
88.8738
89.6031
87.4519
85.8335
87.8244
89.7176
88.2309
87.5014
87.422
85.5466
85.4861
87.5467
86.7631
87.7484
87.2753
87.7933
87.1023
87.8786
85.8272
85.242
83.4549
83.5874
83.2189
81.9867
79.2431
80.2321
79.8708
79.0701
81.5704
83.4929
82.9698
84.2283
84.5348
84.1423
83.0745
81.8239
81.3824
81.5965
81.1264
81.1866
80.1698
80.9592
79.94
78.4173
77.7556
77.856
79.1762
78.6157
79.1588
79.8805
79.5278
78.7992
79.5929
80.0699
80.4603
79.7413
80.2037
80.4004
80.5836
81.9564
79.9698
79.7007
81.2034
81.8898
83.0186
82.2075
81.9891
81.6369
82.9204
83.0369
82.6126
82.7608
81.4239
80.4665
81.3628
82.6426
81.6376
82.1135
82.5866
83.6303
84.8207
85.2424
85.4195
85.7533
86.6025
88.4096
88.5294
88.9225
89.1891
88.21
88.6449
88.175
88.529
89.9976
88.6165
87.5393
86.9369
86.2138
86.867
87.5122
86.0776
84.9573
85.2956
86.6434
85.4344
86.3808
85.6544
87.1868
87.5123
88.3252
88.069
86.5982
85.0171
85.5476
82.9656
83.32
83.897
84.5824
83.0825
84.9153
85.9429
86.7682
86.1358
85.6763
85.9396
86.9329
85.6439
82.5283
80.8271
82.6248
82.8006
83.4537
83.848
82.509
82.2644
81.1136
80.2932
81.7698
81.2138
81.4815
81.8418
82.7427
82.5788
81.5813
81.5496
82.7337
82.3203
82.4153
83.2448
83.9969
84.1314
84.6914
83.6314
83.8836
84.839
85.9034
86.0078
83.6186
82.4415
83.5628
84.0092
82.7742
84.0287
85.9333
86.6229
85.8565
86.8096
88.1711
88.4303
88.5877
88.3859
88.5869
88.1241
89.0012
89.9717
89.0433
88.5125
89.0911
88.5737
88.0543
87.7159
87.4562
88.5628
90.0237
91.0603
92.3559
91.833
91.196
89.5792
91.1794
90.7398
90.8294
92.6832
91.3827
89.5399
89.3879
89.6746
89.7176
89.7411
90.5314
88.3953
89.7525
89.2611
87.4175
86.3595
87.4737
87.6864
88.1568
87.0728
87.5866
87.3569
89.4992
91.6501
91.4553
91.2343
92.4762
93.8799
95.3104
95.7299
95.3544
96.4424
96.4922
95.5417
94.8637
94.6417
93.2757
95.8023
96.0693
94.539
95.1291
96.4186
95.3493
98.1412
96.3346
96.9332
95.2598
95.4945
97.0223
96.871
98.3384
96.974
95.6509
95.0302
96.417
94.4017
95.79
95.5927
92.9921
91.2585
92.226
93.741
95.3649
98.0844
95.6118
96.7639
97.0919
96.6456
96.7372
95.1896
93.2913
90.8729
89.5971
90.2747
88.8492
89.2287
90.5827
89.4295
89.6475
89.3451
87.0732
88.6824
90.7226
91.7773
92.5525
94.3743
95.0901
95.1509
96.2423
95.2421
95.1637
95.2075
96.8061
98.1169
96.4969
96.8408
96.7405
94.6826
94.0672
93.299
94.8753
92.2999
91.3835
91.9778
92.049
90.0371
90.0118
89.4309
89.6389
89.56
89.2084
88.2203
87.7356
87.8035
89.2434
90.779
91.3065
92.4992
94.2268
92.644
90.7658
90.8869
94.5961
96.0509
95.5731
95.617
95.9408
95.9403
97.0257
96.4944
95.4864
93.0364
92.6066
93.9848
93.0095
93.0584
91.8646
92.8779
92.1803
91.7201
94.6304
92.9014
93.0037
93.4427
92.6501
91.2587
92.5649
91.7155
89.9526
89.2135
89.7565
90.4809
90.0613
90.1922
88.7226
87.5072
89.0383
86.9818
86.9926
84.5109
84.7955
84.9723
83.8026
83.5942
84.9347
84.6967
85.071
83.9313
84.7171
83.3753
83.9242
84.0492
85.7292
87.585
86.1346
86.9917
86.0337
84.852
84.3767
84.8399
85.6279
84.8489
83.3558
82.8334
83.2388
83.8644
84.7504
84.5782
83.7121
82.9777
81.3038
82.1467
82.438
83.2181
83.4513
84.4596
83.7945
84.2613
83.8872
83.9617
84.1563
83.9458
84.5978
84.6681
84.017
84.1249
84.2913
84.255
86.3689
85.4632
86.0131
86.0134
84.7501
83.9403
84.533
83.7989
83.6773
84.1066
84.8433
85.7423
87.0676
87.2209
88.8452
87.8733
87.2449
87.5229
88.0742
87.9486
88.0559
88.5214
89.4401
89.0278
88.2283
86.8238
84.3576
83.7443
82.9709
83.3627
83.2283
84.9604
86.7255
87.4092
89.0009
91.3845
92.6219
90.1991
88.359
88.3306
89.0949
87.7913
87.3011
88.5923
88.0436
85.5251
84.8596
85.2907
84.444
84.6965
84.5098
85.3594
85.1498
85.5768
87.5457
88.756
88.5174
86.9662
86.2015
85.789
86.4376
87.4182
88.0054
87.6706
86.626
85.9952
86.2938
87.3255
89.3868
88.4207
90.381
89.9184
90.1062
90.1372
88.8117
87.9911
89.0016
88.2251
89.2332
