100.806
100.271
101.11
101.326
99.7406
100.57
100.924
101.779
102.426
100.514
100.375
100.856
100.925
100.272
98.5967
97.9855
98.6328
98.9111
100.422
99.649
98.1488
97.6391
98.4154
97.5068
98.5855
100.647
101.271
102.559
106.166
105.475
105.795
105.238
108.468
107.638
107.816
107.423
106.576
106.723
105.573
106.27
106.521
106.009
106.952
108.974
110.242
109.823
108.241
107.531
106.763
106.365
107.268
107.617
105.868
108.042
107.578
108.211
107.551
107.687
107.164
110.147
106.544
107.167
106.59
106.133
107.083
107.517
107.306
105.917
105.449
106.906
107.371
106.787
107.675
105.548
106.42
107.22
105.831
105.443
106.962
106.466
107.855
107.21
107.895
109.853
110.625
109.309
109.141
107.804
106.886
108.037
107.119
103.521
104.866
102.768
104.541
104.604
105.701
107.221
106.425
106.336
105.809
107.264
106.578
110.409
109.349
111.003
110.088
109.215
110.317
112.548
113.012
112.921
114.268
114.149
113.747
114.447
115.734
116.117
117.323
117.716
118.251
117.642
118.334
119.424
120.761
122.181
123.589
122.089
123.264
120.595
116.898
116.678
117.281
117.93
119.726
119.982
119.245
121.714
124.516
126.837
124.212
125.243
124.493
123.393
121.096
118.86
118.257
119.842
117.748
114.665
114.189
114.778
112.156
112.177
111.492
112.674
113.123
113.591
109.927
109.974
110.204
108.596
110.32
109.499
106.707
105.872
108.352
108.372
110.196
107.737
109.202
110.575
110.285
110.32
111.315
110.985
111.298
110.475
109.281
109.675
110.284
113.211
111.287
112.052
110.686
108.41
106.891
105.451
106.803
109.295
109.532
109.826
108.499
106.88
106.8
105.404
105.233
104.297
103.961
104.839
108.339
104.894
105.788
105.753
106.574
105.399
104.318
103.693
103.456
104.819
104.805
103.707
105.321
103.686
106.011
104.491
104.652
106.662
106.599
107.829
106.003
105.718
107.873
105.908
104.968
104.248
101.788
101.228
101.659
102.725
102.258
101.401
100.318
100.083
100.357
100.549
101.891
101.075
100.482
101.052
103.983
103.807
101.497
101.477
100.915
102.133
101.254
99.0873
99.7447
100.88
101.734
100.897
99.5437
98.5462
100.472
101.963
101.67
100.621
99.7197
100.689
100.766
101.903
103.001
102.013
104.45
106.266
108.289
106.394
104.044
104.007
103.738
103.641
101.719
100.629
100.649
100.153
99.1476
98.7971
97.812
97.1138
98.0683
97.6604
96.4141
97.9796
98.4184
100.149
97.0961
95.887
93.5557
94.7291
94.4715
92.9221
92.4884
91.9831
91.4677
89.1095
90.0547
87.7502
87.3512
86.4269
84.8298
85.1854
86.1212
85.8325
87.1113
88.0783
87.0119
89.6534
88.8521
86.5891
87.6372
88.26
89.6837
89.0314
90.829
89.1809
88.253
88.5651
87.8203
86.569
88.5194
88.083
87.6567
87.7419
87.9916
88.1534
90.2043
90.8454
91.2484
91.1479
93.1125
92.8155
95.0312
94.2062
93.8212
92.3251
92.3112
91.7903
91.472
91.6102
91.3037
92.3906
92.6523
90.6563
90.255
90.8145
90.5001
90.8439
90.6497
90.7433
91.8152
92.7022
94.2329
94.2838
91.6341
91.5449
91.0832
89.6182
90.6518
89.967
89.9701
90.597
92.2636
91.7042
91.2597
90.7708
91.5466
92.9521
92.3455
92.3795
91.4327
89.5786
89.6018
88.1782
87.3245
87.4424
86.7066
85.9858
85.8515
84.7475
85.5113
84.9588
86.6566
85.5367
85.2485
87.5017
86.4345
86.6178
85.6206
87.2646
86.849
87.1953
87.8668
87.8021
89.9785
91.7824
90.6683
90.0263
90.8612
90.2529
91.0178
91.2549
91.4613
91.1056
88.898
88.8733
89.2144
87.2413
88.0107
88.4859
89.3412
88.778
88.9282
89.6941
89.5298
89.7948
89.6597
91.1015
91.2375
89.4196
89.2226
89.4419
89.9655
88.7395
89.5752
89.428
89.1988
90.6402
88.8506
89.105
89.8348
91.6373
91.4567
89.2951
89.6753
90.4723
91.1622
91.3148
90.9976
91.5787
91.2782
90.5898
92.0521
90.5626
90.0484
88.5525
88.4938
88.3241
87.3688
86.9846
85.3186
86.2057
86.4632
85.3246
85.3007
86.702
86.4701
88.1209
87.5112
86.8275
84.8606
85.9575
87.4141
87.6434
88.1527
87.3541
85.5981
86.5984
86.8256
86.0338
86.1892
86.8447
85.7351
85.9315
87.5007
85.9661
85.2112
86.8273
87.2109
87.9122
89.013
89.0334
87.8989
90.9202
91.6204
90.4988
90.9955
91.4263
89.7152
89.9435
90.3484
89.0566
89.3099
86.8747
87.2208
86.4315
86.7066
86.6905
86.9874
87.881
89.0378
89.2189
90.5503
88.7099
91.5287
92.3817
91.8584
91.2858
92.9882
92.3656
91.3321
90.1697
90.5822
89.4108
88.3863
89.4499
89.9681
90.4476
91.1216
89.5298
90.378
90.9355
90.8127
92.2994
92.2622
94.0612
93.2103
93.2634
93.1812
91.3646
91.9959
93.5824
96.2268
98.0439
97.7879
97.274
96.3675
97.4572
97.7272
97.5942
96.2286
97.6905
95.6995
97.3899
96.5814
93.2995
93.1527
94.1757
94.4095
92.8084
91.0206
90.2729
89.8529
89.7485
90.1379
90.6601
93.5582
94.2724
92.6851
92.7015
94.7647
95.6437
94.8495
96.4314
96.437
96.9472
96.3396
95.9703
97.7841
96.9123
96.7739
95.2087
92.7747
91.975
90.5065
89.3532
90.0731
90.155
91.1584
91.2121
90.512
91.7095
92.0653
91.1852
89.6398
89.1886
89.4822
87.7653
88.1498
89.5131
89.1853
91.0137
93.4942
93.312
92.7646
94.0558
95.4089
95.2378
96.3982
95.9438
