101.646
100.47
100.641
99.8898
100.467
100.877
102.456
101.184
103.105
100.636
101.09
101.594
100.629
98.966
97.2184
96.1936
96.6353
95.0592
93.0581
92.429
94.0101
92.0435
91.0636
91.7464
92.1174
90.8639
89.9481
89.382
89.624
89.4259
89.5088
91.1973
90.6462
88.6036
89.3218
89.979
90.7353
91.9821
92.4659
91.9802
92.7576
92.0487
91.1938
92.6368
93.4814
93.7853
93.0869
92.6023
93.3911
94.3624
93.6352
94.0572
93.2775
93.5288
93.5707
92.9513
95.0519
96.125
94.2303
94.3801
94.363
94.1008
93.6309
92.5531
93.2189
92.8699
95.0032
96.7558
95.1745
94.7877
97.1466
97.5969
98.2869
98.6025
99.6978
100.744
101.01
101.606
100.731
100.071
100.282
102.13
102.766
101.769
101.347
102.886
103.304
103.04
103.059
102.894
103.862
101.383
101.29
103.32
101.33
101.927
102.043
101.899
100.223
101.043
100.61
101.063
98.9549
97.6261
98.1032
96.6665
96.771
95.8507
96.5928
99.0849
98.7844
99.3587
100.208
101.191
99.7451
100.452
98.8696
99.0594
101.056
101.449
101.413
99.8624
102.049
100.225
101.661
101.168
104.083
104.979
103.569
103.572
102.803
101.993
99.6502
99.3694
98.7605
99.0654
99.9314
100.923
100.334
101.996
102.496
102.209
102.456
101.434
100.261
98.648
99.2295
99.8789
98.7557
99.858
99.1124
97.8061
98.0891
100.041
98.422
100.815
101.046
100.881
101.255
101.492
103.232
104.527
105.231
105.346
105.579
104.66
105.664
104.051
102.239
102.806
101.956
103.273
103.648
103.291
103.281
102.598
104.88
104.789
103.329
103.113
102.368
101.665
102.848
103.701
103.15
99.5454
99.4034
100.375
101.005
101.886
101.211
102.352
101.533
102.447
103.603
105.09
102.903
101.378
101.613
101.585
101.846
101.039
98.0734
97.9026
97.8031
98.3218
97.1794
98.761
99.3444
100.225
102.803
101.413
100.578
103.965
106.301
106.037
106.809
107.122
108.929
107.141
104.551
103.564
106.407
106.681
104.213
105.588
104.281
104.961
102.979
103.754
105.22
106.9
105.711
104.101
102.327
100.774
102.434
101.842
101.35
99.7775
99.8126
99.8682
98.1807
98.3103
97.3498
95.6171
95.2642
94.7015
93.9141
93.2909
92.1613
92.7041
93.0859
94.8641
93.7666
92.4516
92.2387
92.8179
90.6983
91.2341
91.7951
93.1263
94.1146
93.0401
93.0942
91.4595
90.403
90.1942
90.1435
90.5437
90.1624
91.0217
90.6043
91.6172
92.0546
92.9837
92.2345
92.1852
91.6926
91.1658
91.7722
90.9944
91.8922
92.095
92.9115
92.3281
90.049
89.2729
87.6244
88.2641
87.9001
87.733
87.5045
87.3982
87.9022
87.8488
89.7736
89.0732
88.4188
89.7986
90.7477
89.8164
89.5303
89.4508
90.3353
91.6912
92.7482
94.2224
93.518
92.4115
94.596
94.9715
93.6023
94.0951
93.9205
94.9394
96.0509
94.7214
95.2986
94.4462
93.6152
94.0117
92.5317
92.3174
94.5632
93.8798
93.298
92.6579
93.0741
93.8237
95.4392
95.3651
95.9263
94.5375
93.2642
95.8043
95.1317
95.4065
93.6257
94.3947
94.321
96.2332
95.2683
96.385
94.8787
94.5147
93.6368
93.5085
94.0525
92.5007
92.4396
93.4531
92.0266
89.2147
91.1674
91.6785
92.3637
93.1854
94.033
95.7286
94.3131
94.6119
94.0375
94.2559
96.8498
97.9758
97.7077
97.5706
97.0731
97.8692
97.5216
95.7801
94.6744
94.2559
93.5511
93.414
92.8122
91.8181
92.934
93.3713
92.7274
92.9162
92.3024
91.6709
92.3933
92.0989
91.6051
91.9326
91.3303
89.7208
89.2935
90.9797
88.9059
89.1413
87.3618
89.1758
88.7927
87.8335
88.7988
88.4139
86.4822
85.5187
85.298
86.4539
84.6789
85.2537
85.6476
85.1984
83.9158
83.7351
83.5081
82.7686
81.667
82.445
82.512
82.6071
81.704
82.1938
80.8256
82.3665
83.3681
84.9264
84.7566
85.8912
87.0823
85.9277
86.1169
85.2877
84.9584
85.2281
85.0334
84.7971
84.1705
82.7776
82.266
81.7543
80.0958
79.7211
79.4807
79.8635
79.6688
79.9532
80.9754
81.6602
80.4227
80.7574
79.8749
78.333
78.7193
79.2594
81.5834
82.4776
79.6924
80.2616
79.4068
79.4528
80.1721
79.6551
78.3056
77.2249
78.4161
76.9281
77.8781
78.0913
78.4117
77.2298
75.1026
75.2104
76.6609
75.7997
74.8389
75.2829
75.178
75.7706
76.0507
75.0386
75.1101
75.6396
74.7211
75.6505
74.661
75.2275
74.0814
74.7212
75.023
74.7587
74.3349
74.0361
75.0854
75.5459
74.7742
73.966
73.7971
74.7161
75.4215
75.5233
75.7721
76.4017
75.2878
75.4123
74.8064
74.449
72.7163
72.6799
73.7444
74.5721
73.8283
73.6451
74.3539
72.3857
72.4966
72.0925
73.1104
73.4614
73.7335
72.452
72.7326
71.8072
72.8979
73.3638
74.2993
74.6722
74.619
75.3654
76.7316
77.321
76.0697
75.056
74.634
74.7046
75.643
75.2428
74.2767
72.1926
71.8401
71.2503
72.5658
73.1898
73.2096
74.4131
75.3023
74.1332
75.2542
74.1782
73.8778
73.3648
72.7882
72.566
73.6575
74.4523
74.6376
74.391
73.196
73.9838
74.5704
74.5967
75.2865
76.057
76.5096
76.3323
74.8045
74.4789
74.5915
73.8318
73.0689
72.0575
73.8071
75.4689
75.8075
75.7894
75.9489
74.1487
74.4619
75.9075
75.4558
75.7244
74.4677
72.9714
72.2728
71.5259
72.8523
73.9461
73.9605
73.072
74.8619
74.693
77.4897
78.6566
80.0122
80.9577
79.7016
80.6246
80.8045
82.2445
82.5761
82.9845
84.3594
82.763
83.4691
81.5422
