101.174
101.501
102.534
101.919
104.172
103.046
102.729
104.815
103.623
104.327
103.594
102.648
102.009
100.589
101.12
101.624
100.571
99.9635
101.096
100.736
101.048
101.005
101.959
103.572
103.143
106.731
105.306
104.073
106.701
106.243
106.726
108.39
109.423
109.282
111.597
114.246
114.26
113.329
113.571
115.228
114.452
113.857
112.328
113.737
114.27
112.804
110.922
109.275
110.128
112.253
112.175
113.742
114.695
115.558
117.148
116.247
114.61
114.517
114.071
113.583
114.311
111.839
109.378
108.54
110.528
112.096
110.099
111.883
110.222
108.993
108.016
109.415
108.542
106.907
107.988
107.271
110.278
110.769
110.318
110.541
109.925
111.164
110.996
109.937
109.638
110.326
107.777
107.982
109.071
107.145
106.624
102.914
103.016
103.908
103.802
102.727
100.541
99.1406
99.9518
100.772
100.982
101.567
103.782
104.452
105.904
105.876
104.801
104.167
105.893
107.259
108.676
110.917
111.662
109.864
109.786
110.006
107.791
108.418
108.763
107.5
106.928
105.816
105.819
106.234
107.334
104.769
109.044
108.46
106.584
106.696
107.226
107.628
107.733
108.027
109.359
109.726
107.801
107.019
105.045
102.537
102.138
102.841
103.575
101.373
100.375
100.491
99.616
99.1032
98.4317
94.5563
96.0513
96.0567
93.7287
96.1167
95.5568
97.1592
95.971
95.0204
93.4417
92.5888
92.7128
92.8789
90.5706
89.103
90.4079
89.4575
88.1498
86.5253
86.4189
85.8458
86.7387
86.1937
86.675
87.8155
89.6124
90.3045
91.1261
91.1787
93.1202
93.0729
93.2
94.0048
95.3713
95.2262
93.8492
94.3772
92.7374
92.3526
90.5558
89.9675
89.14
89.5218
87.9299
89.382
90.5632
90.3048
90.2044
89.427
88.7724
88.157
88.9774
86.5824
88.3161
87.1349
86.8909
85.6903
86.5773
88.8907
87.3401
89.3781
87.8801
87.2974
88.9829
92.3941
92.2391
90.8611
91.066
92.1244
92.0477
92.6071
93.4354
93.1676
91.1445
91.9392
91.409
90.9161
91.172
91.6474
91.817
91.6507
92.4598
94.9798
98.4872
95.4384
96.3069
96.2674
95.5273
97.3926
97.2085
97.0537
97.0026
96.4113
96.9822
97.6561
97.5499
97.3963
95.6067
96.0214
95.9347
96.1359
95.0852
95.9627
96.4297
95.952
96.1567
97.6291
98.331
98.3219
98.6631
98.2652
97.5083
98.2955
98.6638
99.0129
99.0598
98.4003
98.7248
98.3794
97.1019
96.4726
96.1192
94.6974
94.1707
94.5231
91.6726
92.0066
91.1003
92.2335
92.3599
91.0234
89.1424
87.1612
87.643
88.0011
87.9863
89.0815
89.3653
90.4786
91.6937
89.8366
90.4296
89.8111
92.8697
93.7884
92.8901
90.8865
90.3031
92.993
91.8615
91.6447
90.2576
90.5932
89.5655
91.3975
90.5576
89.6253
90.6212
88.8949
88.2829
89.6538
88.8763
88.7027
88.0667
87.9196
88.2977
87.2308
86.1518
86.6123
87.4357
86.6508
86.4
87.1384
87.5407
87.1396
87.0765
87.7855
90.1237
90.6713
91.8913
91.277
92.5581
93.2716
93.7141
93.3148
90.7232
90.8667
90.5469
88.984
86.6409
86.4611
86.6166
87.415
87.4238
86.7282
86.4335
88.4684
88.0357
90.4405
90.7662
90.2493
89.3969
89.6776
88.5826
87.6549
89.2242
89.1315
90.5116
91.2754
91.6541
94.2655
94.3962
95.293
95.3801
94.8443
93.3276
92.4898
93.5589
93.2563
92.2025
91.5374
93.9708
92.769
92.0752
91.3259
91.6148
91.2483
92.4884
91.9686
90.4741
89.8009
90.2806
89.5057
89.78
91.8202
91.0565
93.4352
90.8453
92.7101
90.4182
90.1098
92.3545
92.6518
90.554
90.2536
91.6558
90.1317
91.0752
91.3504
91.2303
91.6033
90.6361
90.0201
91.2422
89.0849
89.7896
87.9523
89.5837
90.2001
91.9074
91.3156
91.4444
90.9694
92.2237
90.9636
88.9499
88.4468
89.0415
86.956
86.9932
88.8568
89.0312
88.9751
87.8033
88.8806
89.0077
88.7314
88.3706
87.789
88.8207
88.5438
90.0533
91.2784
90.8798
89.6621
89.6761
88.9568
88.6578
87.8265
89.2629
90.37
89.0445
88.2779
88.3302
88.5378
88.5697
89.8401
88.0967
86.3738
86.5601
86.5687
86.7482
87.8581
88.2373
88.8927
88.2693
88.8258
87.7904
87.3198
87.5888
87.3877
88.138
90.0621
92.3902
91.3881
91.4742
91.3203
92.4693
91.4543
91.2538
91.6733
92.5669
92.9939
93.462
92.7397
93.8663
93.3048
93.5657
94.126
94.3745
94.0693
94.486
96.0169
96.891
94.4349
94.143
95.0135
94.3313
93.9072
92.8835
94.4919
93.9295
92.3045
90.5277
90.9026
91.1155
91.982
92.8714
92.5301
93.325
93.0947
91.7205
91.522
91.7193
91.0349
88.5688
89.1266
91.7947
90.0994
88.6569
87.1116
87.2953
88.1708
88.5249
87.5755
88.7514
89.9787
90.6364
91.852
92.8207
92.5506
93.5848
92.4288
92.3519
91.9313
89.7883
92.816
92.2827
92.2674
91.9686
91.7922
89.0306
87.7424
88.7254
89.243
89.5304
89.0616
86.462
87.5253
86.922
88.7088
89.5344
90.3973
91.3571
90.932
87.9562
88.0248
87.7022
88.7859
91.9508
93.8045
94.6684
95.6054
97.5061
97.9216
97.5479
96.6458
97.0793
96.8258
97.5077
97.9341
96.3815
99.8398
101.058
99.17
98.158
96.9111
96.6764
96.4345
95.5441
96.1436
94.6261
96.7927
96.9501
95.377
98.1674
98.0021
99.2317
100.942
99.7194
99.4237
98.9062
99.3033
101.119
103.646
102.208
104.672
104.31
100.69
98.7933
98.6168
99.3837
98.746
99.4191
100.947
99.818
101.76
101.475
99.8222
100.289
101.183
