101.267
102.96
102.359
102.983
102.041
101.493
103.023
102.488
103.08
103.646
106.647
104.963
103.332
102.924
103.734
103.085
104.156
104.715
105.292
105.435
104.888
104.165
103.481
102.823
100.596
97.6585
96.8761
95.6593
95.4728
95.3979
95.1246
93.6786
95.4366
94.563
95.1182
95.1349
94.7868
92.1165
90.5479
89.786
88.6563
89.7438
90.4558
91.7151
91.6479
91.3404
91.9214
93.5517
92.9728
93.1227
93.5725
94.6003
97.0597
96.2868
96.1036
94.0149
93.3912
93.5868
93.0883
93.3252
93.0312
91.8201
91.7546
92.2795
92.9109
93.0079
92.6841
91.0611
90.6752
91.0413
90.2511
89.7007
91.6178
91.9143
91.3185
90.5166
90.2321
90.6512
91.2901
89.6222
89.6004
90.5341
90.0779
89.4483
90.7924
89.3433
90.615
90.8311
92.7153
91.1634
91.1167
93.0376
93.3735
94.2233
92.836
91.7805
90.1107
92.1044
90.3841
92.0512
91.437
90.6637
90.8778
89.6929
89.0407
87.5287
89.0187
88.0297
87.3338
86.185
86.6483
86.7585
87.8495
87.4475
85.4538
85.8729
84.5327
85.0693
84.8211
84.5224
87.128
86.7759
86.0375
85.0673
84.9575
82.6814
83.0425
82.6259
83.7318
83.8988
85.1107
85.2018
84.7304
84.9828
84.831
85.2921
85.0585
85.4207
84.2213
85.1725
85.5388
85.518
85.6273
86.4951
88.3116
87.9825
90.1759
89.6888
87.216
86.4548
86.1125
85.6979
86.2362
85.0867
84.8788
83.8121
82.0541
81.9044
81.3572
82.1346
81.3521
81.8026
83.5234
82.2423
82.1001
83.2504
84.1443
83.5276
82.4215
83.5837
81.225
82.4583
83.4787
81.444
81.6289
82.769
82.3861
84.8442
86.2982
88.0119
87.1141
86.2604
85.5562
87.6085
87.2912
86.6304
87.5933
87.0896
85.3421
85.6203
86.6217
86.4525
86.4798
86.3321
86.9352
86.8204
86.0248
86.3318
86.821
88.7391
90.0813
90.1404
89.7728
90.9429
89.841
89.4696
89.0868
90.0573
88.7232
89.4681
89.8125
87.1775
88.399
88.3445
89.0637
89.3322
91.9992
92.9559
91.6307
89.7442
90.6785
90.0385
89.0442
85.932
85.2297
84.9185
85.0631
85.0757
85.4071
85.2621
85.6409
84.8242
85.4299
86.7989
87.8116
89.0992
89.6281
89.0801
89.5687
90.2269
91.1175
91.0296
91.7253
91.4506
91.6084
93.76
96.374
95.3263
94.9905
94.546
93.2153
92.3914
93.1161
91.4578
92.8856
93.7433
94.6643
95.0643
96.7782
95.4749
94.4218
93.5602
94.4301
92.7513
93.209
94.1668
94.496
95.7582
95.0657
94.3374
94.5049
94.2426
92.3395
91.9076
91.1851
92.626
90.6388
91.2764
91.671
90.8293
91.0842
92.0098
92.4526
90.2568
90.0029
92.7061
93.2854
94.0473
96.0693
97.4192
95.4207
95.05
93.6619
91.7203
93.1418
93.0152
93.9062
93.1499
92.0389
91.9734
90.3506
88.9901
88.539
86.9517
86.0429
85.6736
86.1711
85.9313
87.2771
86.6698
86.4048
86.0385
86.2543
85.3367
85.8431
85.3208
86.4958
87.9897
86.869
87.0973
87.6197
88.8448
89.6531
89.2454
89.9681
89.8396
91.783
91.5674
91.2779
92.0184
95.6285
95.9131
95.2146
94.9763
96.8591
97.6125
97.9623
98.1598
100.739
100.265
99.2747
100.225
100.192
101.756
102.965
102.632
104.349
106.445
104.584
103.6
104.119
104.516
104.539
105.081
102.331
100.799
101.127
101.866
101.596
100.527
100.681
99.1701
98.8962
99.0415
97.3225
97.5177
98.0323
99.4413
98.958
98.345
97.7637
98.7572
100.344
99.7343
100.322
101.125
101.143
103.626
103.474
100.554
102.06
102.821
102.588
103.295
103.446
104.155
105.852
107.388
107.92
108.964
109.237
107.561
107.234
109.149
107.694
109.56
108.643
107.923
108.415
110.598
111.912
111.69
110.74
111.41
110.003
110.643
111.711
111.07
110.891
110.498
112.596
111.896
111.716
111.784
111.306
111.354
109.83
109.506
109.432
108.263
108.058
110.279
110.579
108.922
109.563
107.754
107.311
107.006
106.475
109.099
108.386
106.397
105.874
108.236
111.162
108.927
106.858
106.055
105.652
105.896
104.674
103.529
104.528
106.288
107.519
106.465
103.536
102.024
103.976
104.159
104.864
102.524
103.208
104.783
105.593
105.625
105.052
104.239
104.253
104.24
104.61
106.583
104.855
105.53
105.944
108.791
106.374
107.461
108.659
108.558
109.763
110.078
110.731
110.354
110.065
109.745
113.337
111.963
111.882
109.654
109.65
108.74
108.72
107.996
108.552
107.058
106.961
107.19
107.467
109.008
109.173
107.483
108.535
110.099
109.397
110.852
109.889
109.035
110.393
111.219
110.524
111.433
112.11
112.735
112.489
113.065
112.932
110.725
111.79
110.709
111.535
111.628
113.763
111.998
111.828
113.51
115.13
112.684
113.545
113.849
115.206
115.324
112.573
111.524
112.324
113.334
113.958
111.75
110.988
108.821
107.949
107.539
111.075
109.34
109.447
107.748
106.699
107.72
107.33
108.238
107.177
107.85
108.998
106.944
106.276
107.076
106.836
107.946
107.151
107.489
105.967
107.456
108.562
109.881
110.346
110.288
110.635
111.034
110.107
109.679
109.426
109.804
110.55
109.831
107.806
108.201
109.917
110.991
110.56
109.222
110.041
111.443
110.007
109.13
110.1
110.404
109.998
110.031
109.799
110.21
111.721
109.499
107.145
107.195
107.408
107.095
106.897
106.671
104.312
103.879
105.127
105.058
106.654
105.944
105.799
106.029
106.514
107.473
106.505
104.672
