101.269
101.825
103.089
100.777
100.96
98.1328
99.0541
98.0792
98.3604
97.3271
97.5387
96.5536
97.3176
97.7324
99.3577
96.2477
95.6279
97.225
98.0726
99.6773
100.057
100.899
101.557
101.509
99.6418
96.4158
97.6682
101.1
100.723
100.293
101.119
102.056
101.542
102.411
103.817
105.818
106.4
107.011
104.374
103.306
105.187
105.781
107.915
105.753
107.947
109.218
110.754
112.145
110.958
111.277
111.428
111.78
112.115
111.258
110.242
109.616
110.256
111.377
113.63
113.694
113.487
114.464
113.829
113.498
111.956
114.064
115.582
115.672
114.577
114.731
114.251
112.848
112.427
113.056
113.848
113.482
113.376
111.92
112.031
112.993
112.334
112.386
111.882
108.859
108.083
107.03
105.099
106.28
107.666
109.356
108.971
111.236
110.939
111.492
111.742
111.001
109.828
107.889
107.389
108.231
107.623
106.814
105.857
106.541
108.14
108.603
111.073
110.734
110.365
110.764
110.59
110.205
108.476
108.7
109.145
107.866
109.969
107.827
106.508
106.574
105.431
107.334
108.157
108.782
107.462
106.709
105.6
102.886
101.595
103.193
102.33
102.528
102.674
100.137
100.638
102.115
101.193
99.4838
98.5378
98.3111
97.1265
95.838
96.1076
94.836
95.147
93.7142
93.8996
94.6606
95.6921
93.1805
94.3705
94.503
94.4984
94.1586
94.4199
95.2778
94.0489
93.6226
93.5428
94.5703
94.7237
95.1241
96.0825
94.3353
94.7076
95.4796
94.1816
93.7263
94.4241
92.6697
91.9929
90.9251
90.8776
91.26
88.6825
89.4845
88.85
87.7961
85.6288
83.4492
84.5603
84.5657
84.9531
85.8081
87.3543
85.4171
83.7814
82.9962
83.2827
83.3563
83.7617
83.6917
83.3081
82.8786
83.1795
84.045
84.8982
85.7402
85.628
84.7056
85.1698
86.4775
88.4783
86.3457
87.6178
88.1252
89.1502
88.3833
88.2092
87.6191
87.6057
89.1819
89.5109
87.7488
87.2298
86.6918
85.1796
85.6078
83.9425
82.7118
84.1612
86.0786
85.9955
85.9676
84.7439
85.9481
85.604
86.8302
86.0788
86.5459
85.3556
83.958
83.2474
82.4737
83.86
83.7847
83.4316
84.2238
84.6146
85.3454
82.5371
81.8514
82.6237
82.0693
81.301
79.8705
79.6591
80.3693
80.7179
78.5012
76.4695
76.6266
76.2935
75.858
77.5412
75.7964
75.0796
75.552
76.5796
77.1271
77.9191
77.1236
78.549
80.2173
80.2455
79.6093
77.7937
76.6524
78.3688
77.8946
77.9939
77.3498
78.3524
76.3481
76.908
77.1872
78.4516
80.0316
78.8305
78.2765
78.5993
79.4578
80.0528
80.4685
80.5368
80.2022
79.6244
78.9654
78.4205
78.6199
77.5049
77.9303
79.0123
79.2411
78.807
79.5709
80.4906
79.3464
78.9947
77.9728
77.8804
77.7909
77.7022
77.1295
78.2477
77.9188
77.0391
77.3926
78.5333
78.4508
78.4033
77.7327
76.5185
76.1835
75.9434
73.9312
73.4784
72.8334
72.599
74.2851
72.8146
74.1438
75.8671
76.0527
76.2861
76.6891
77.4087
76.0696
76.574
77.7691
78.0171
76.3663
75.68
76.0272
76.1196
75.2825
74.8666
75.7228
76.1572
76.1136
74.0054
73.9476
74.724
74.6484
74.0113
74.1579
74.0875
75.5776
76.5637
74.6775
75.7149
73.2588
72.7631
72.6639
71.2869
71.9243
70.8392
71.4061
70.6284
71.5787
72.1132
71.5232
71.0252
69.9001
68.871
69.4425
69.1822
68.6553
68.3636
67.5038
67.1749
67.3432
67.5467
66.1802
66.0363
66.0286
65.359
65.7003
66.226
67.5801
68.9626
69.9663
69.1369
69.4348
68.8466
67.7835
70.2704
71.0538
70.1903
70.7797
69.6691
69.9223
68.9629
68.5015
70.1285
70.0808
70.3587
70.8013
72.1672
72.98
73.5587
69.8937
70.6551
70.3357
70.4685
71.6015
70.5367
70.0437
69.3689
68.6598
66.9999
67.2585
67.5426
68.5297
68.0155
67.5951
66.7641
67.4158
67.4414
67.1886
65.8496
65.674
66.0573
65.4643
66.943
66.8472
66.7789
67.3386
67.2134
67.5531
66.9002
68.3016
67.7167
67.8501
68.5516
68.4322
68.7249
68.3947
69.8441
71.292
70.5017
69.0465
69.3915
69.116
68.2326
66.9372
68.3199
67.42
65.7427
65.2992
64.7602
63.6443
63.9596
64.7108
65.0686
65.3267
65.4527
65.8593
67.073
67.2222
66.2743
65.9625
65.9787
66.8891
66.9937
67.3088
65.4574
65.2933
64.904
65.7518
66.0473
67.2179
68.1746
68.4201
69.2065
68.1425
68.7917
70.0147
69.6745
70.5193
70.8496
71.0813
71.8774
72.0954
71.5897
70.8363
70.9802
69.8261
70.7817
72.461
71.4319
70.9651
71.8279
72.9475
70.9983
71.0007
71.432
73.1152
71.8439
73.9885
75.1151
73.5058
72.9523
74.1745
75.0037
76.0785
77.5086
76.8898
74.8351
75.1128
76.1213
76.1438
75.9312
76.5113
76.1173
76.9355
76.2632
76.3907
76.9164
77.7372
78.6871
80.2496
80.3881
79.348
79.9299
78.1512
76.5592
77.148
76.1934
76.6245
77.8509
77.412
77.5599
78.2085
78.7918
79.0807
78.5942
79.1832
78.7571
77.5867
76.8855
76.8192
75.647
74.9554
76.6622
75.8564
74.9517
73.5459
74.0854
74.5834
74.8806
75.4065
76.6505
76.3037
76.0872
76.3691
75.3556
75.2393
76.2721
75.6573
76.0514
75.3522
75.2676
74.019
74.0531
73.956
76.6592
76.7872
77.8927
78.375
77.368
78.3331
75.9436
75.8662
76.8998
76.8574
77.372
77.7007
77.8157
77.7337
77.0102
75.5495
75.2475
74.8393
75.801
74.5777
73.8239
74.2576
74.4595
75.6368
76.7064
76.7759
77.1281
77.9855
76.6409
76.4558
77.8037
77.8164
77.9602
79.4083
