101.107
101.843
102.189
98.712
98.9694
98.8519
97.329
97.6855
96.4667
98.2589
98.252
98.5099
99.833
98.6411
98.4855
94.6782
94.2756
93.8202
94.8793
92.8085
93.1849
92.662
93.4823
93.9568
95.0818
94.2594
94.3332
94.7921
95.4937
96.1718
95.7937
95.091
95.6752
93.757
93.5867
94.0961
94.1561
93.6404
95.9477
97.6515
99.7492
99.1109
99.3555
99.7217
96.9433
97.1985
98.1074
97.5671
100.906
100.549
102.282
100.305
100.207
100.062
100.381
99.2593
99.962
100.987
102.16
101.148
102.547
101.703
103.021
102.316
104.527
104.269
106.701
108.814
107.533
107.878
108.151
106.296
106.834
108.653
108.13
107.981
107.717
110.312
108.615
108.069
106.762
108.026
108.298
106.424
105.159
104.369
103.199
104.506
104.548
103.011
100.774
100.47
100.492
99.3308
101.439
101.211
101.609
104.642
104.289
101.782
101.547
103.093
103.391
102.591
102.307
101.924
101.481
103.161
106.045
105.907
104.423
103.541
104.357
103.266
105.553
107.117
106.664
106.127
107.131
106.755
108.546
109.884
109.63
109.757
108.929
111.425
111.499
112.448
112.282
114.36
113.234
111.054
110.471
109.217
110.012
109.655
110.491
110.282
108.055
108.384
110.689
110.119
108.559
108.415
109.603
109.403
110.566
110.32
110.672
113.459
112.07
111.99
113.115
109.514
109.673
109.235
108.414
106.84
107.354
105.804
104.293
102.983
102.319
102.039
101.02
98.1508
98.4775
97.6665
98.3391
98.2959
98.3882
97.7785
97.3239
97.9499
97.0767
95.4594
94.703
96.5699
99.5159
98.6678
97.1033
98.2954
96.9982
97.2894
97.966
97.0363
96.9876
97.5749
98.0399
97.1214
99.3622
97.9138
98.1626
97.7758
99.0115
99.5102
99.0999
97.7972
95.6216
93.8807
91.8396
91.2645
91.6022
93.447
93.0514
92.1775
91.0438
89.3804
91.2728
90.9238
91.9025
90.6532
90.4325
87.4988
88.4444
89.003
90.1071
91.1949
90.6024
90.9021
90.965
91.1036
90.2204
89.8176
90.9612
90.4153
90.1806
89.6792
91.0366
90.8394
92.3019
91.2867
91.6183
90.5684
91.5242
91.6538
93.0213
92.7564
91.5995
92.0391
91.9322
94.0326
93.1048
93.5934
93.8434
94.2732
96.5363
95.4412
97.2268
95.3894
96.0564
97.8021
98.6491
100.935
97.4324
98.6804
98.0369
98.6637
98.7201
100.356
103.133
101.706
101.478
98.0793
98.9468
100.169
100.402
99.5679
99.4038
97.3024
96.1156
96.9181
97.4331
96.3695
97.5626
98.0943
98.4069
97.4393
96.5315
95.0827
93.1926
94.7356
94.5585
95.4927
96.3539
95.3821
94.7718
96.294
95.0141
92.9279
92.4253
92.9321
93.4207
94.1533
93.7236
95.383
93.2516
90.1054
91.0704
89.7304
90.0881
89.5474
90.9358
89.7636
90.8376
89.4767
88.9153
89.7029
88.7792
90.9557
92.4106
92.4823
92.1976
93.0851
93.872
95.8247
96.4873
99.0499
101.812
102.234
103.284
102.753
103.457
103.636
101.489
102.406
101.325
100.946
100.418
100.447
101.902
101.639
104.292
106.249
105.352
107.961
108.605
107.488
107.733
108.87
109.284
109.327
109.836
108.793
109.283
109.397
110.062
108.67
108.576
107.231
107.601
107.146
109.106
108.142
105.63
105.505
104.617
103.175
103.591
103.108
101.064
100.079
98.2112
101.52
99.217
101.152
101.374
100.466
100.067
98.3827
100.005
99.5717
97.3857
97.9656
97.3867
99.0195
96.4746
97.5276
97.9756
98.5946
98.7156
97.2042
98.3635
96.9292
96.0583
95.3193
96.0226
96.2138
97.5049
96.39
95.9445
96.0723
97.3008
96.92
96.1106
97.3683
97.6776
97.3626
98.3445
98.6207
98.5086
98.5502
100.237
100.268
99.6761
100.887
99.1481
97.5256
96.5874
96.3957
96.7585
98.1485
97.3251
96.841
95.9771
94.1459
93.438
93.1563
93.8368
92.5668
93.0009
91.3519
91.498
92.657
93.6743
93.1744
92.0181
93.1486
91.7604
90.1368
90.2458
89.949
90.1978
91.3871
90.7786
89.7646
89.9734
91.1454
89.9114
90.3681
91.6654
91.0868
93.5906
92.0154
95.7566
94.4704
93.3072
92.2956
91.6602
89.5256
89.6105
90.4187
87.7456
89.4616
89.2009
89.3073
89.3569
90.0639
90.3833
88.8302
89.7579
89.1611
89.6858
89.3441
91.0734
92.129
92.2492
92.9509
94.7292
94.4882
92.4537
91.6999
90.4921
89.9472
88.7576
89.9549
89.539
90.1431
87.9568
85.7413
84.951
85.0047
86.1593
85.1681
83.1992
84.3252
84.147
80.6537
80.7889
80.993
80.7674
80.3605
82.7779
80.7825
79.8111
79.8442
80.3779
81.4043
80.593
79.5354
81.5962
81.0546
80.9158
80.018
80.186
81.081
80.8935
81.9549
81.3494
80.4557
79.3351
79.0808
81.175
81.2665
81.9178
80.5318
79.9741
81.2641
78.9865
77.8227
76.5376
78.3576
78.8357
79.9022
79.4008
78.5484
77.7892
77.6692
76.7111
76.452
76.4704
76.8449
76.6074
77.445
79.0074
79.3163
80.5206
81.546
81.2201
81.2941
80.9903
81.7949
81.7916
79.9543
80.3979
78.7675
79.534
80.5047
79.8264
79.7623
80.4685
79.7203
81.0898
81.695
82.8793
84.4025
84.0418
83.6827
81.5888
82.3758
82.8358
83.4265
82.9694
82.5004
83.206
83.4283
84.8131
86.7303
85.7643
85.7645
85.0589
85.8098
85.7801
84.6022
85.788
85.8449
86.4683
87.4801
87.1653
85.8984
85.8269
85.5223
85.0878
86.4108
87.5123
84.6807
85.0236
84.0467
85.2534
85.527
84.5894
84.7663
83.1744
82.4087
82.0035
81.7995
82.1056
82.62
83.1677
81.5683
