100.158
99.9088
102.482
103.542
101.023
99.9781
102.312
103
103.66
102.929
103.149
104.009
106.296
106.907
104.971
104.202
104.146
103.353
103.702
103.272
103.17
103.672
105.286
105.762
102.743
102.786
102.58
104.048
104.67
105.642
107.12
107.401
107.614
108.639
108.886
110.737
110.221
111.149
111.178
107.764
106.981
107.792
107.416
107.95
109.256
108.72
109.294
108.996
108.963
107.288
106.164
107.778
109.385
108.876
107.292
107.837
105.524
102.826
103.568
103.813
105.602
105.689
108.009
109.176
109.368
111.35
109.005
109.854
109.527
108.509
111.045
110.455
108.992
110.886
110.61
110.518
109.204
107.617
108.12
108.383
103.724
103.614
104.401
103.768
103.577
103.479
104.633
104.356
102.826
103.583
106.173
107.712
107.768
104.762
105.093
104.027
103.689
102.557
102.29
101.023
100.857
101.667
101.531
103.431
104.398
106.05
107.382
109.515
110.838
108.898
110.24
109.581
110.969
111.163
112.255
111.26
112.19
111.433
112.557
111.062
111.536
107.154
105.194
106.709
105.484
104.896
105.16
108.147
109.537
108.78
108.453
110.436
111.477
111.922
110.075
108.727
106.173
106.986
106.308
104.866
103.708
103.567
105.648
103.252
103.133
102.12
100.814
103.443
103.054
103.478
102.322
101.579
99.4171
99.6908
100.254
100.304
98.6376
98.5352
97.2806
98.5275
98.4835
101.35
102.207
102.027
103.62
102.428
103.654
102.232
100.845
98.9702
99.5849
97.5019
97.7332
97.8405
95.941
95.3001
94.7826
95.0061
95.9342
97.2934
96.0135
97.1545
95.6397
95.8988
95.5947
93.9869
93.272
92.5409
94.9833
94.6394
93.9044
93.3476
92.9865
95.4373
96.6731
98.9251
97.9175
97.1971
97.6827
96.1277
96.8301
95.1421
96.7105
96.4092
94.5188
95.1124
95.6209
94.4967
94.7988
95.7579
97.4134
97.9332
95.4524
93.7912
92.5193
91.5434
91.7771
91.0527
91.3278
91.3417
90.0345
89.8263
90.4439
90.8654
90.5133
90.552
89.6279
90.5695
89.096
89.1123
89.6455
91.3042
92.813
93.7566
94.634
95.9924
95.7762
94.4522
94.6989
96.8724
96.8417
96.9819
98.5311
97.518
96.9919
99.2519
99.1323
102.426
100.472
99.03
100.587
99.3483
100.872
100.092
99.781
100.387
100.683
100.544
100.772
101.231
101.445
99.6044
97.8134
97.1368
97.9787
98.3578
97.8941
98.6072
99.5834
99.078
98.5739
99.0665
99.4397
99.3282
98.8657
97.7431
97.1818
96.9343
95.3981
95.284
93.6676
93.41
94.1756
93.0701
92.988
93.2659
91.8052
93.7973
94.0358
93.5981
94.105
94.4038
97.5501
97.4146
97.7223
97.1677
96.0826
96.3306
97.2095
95.4867
96.1387
95.9236
96.8588
95.2781
94.7852
95.1602
94.3901
94.8955
95.0174
96.1125
98.5785
99.5019
100.537
99.0436
99.2472
95.5755
96.3169
94.7216
97.2213
98.5022
99.4858
99.6048
99.7697
97.6818
96.7911
94.1319
96.7657
95.9226
95.5636
96.3088
95.6396
95.71
95.9491
97.2958
96.6266
96.906
95.333
93.5048
92.6569
94.1161
94.7836
93.9952
92.6577
91.6917
89.7443
89.7579
91.6101
90.8051
88.2865
88.1278
88.6843
89.1454
90.4423
90.8576
88.4872
87.9856
87.8272
87.4013
87.664
88.3802
89.4012
89.6786
90.8447
91.2948
92.6934
93.9162
92.7414
92.2655
91.5725
90.6625
91.3275
91.2236
89.3297
87.3512
87.0248
86.7638
85.6865
85.521
86.3353
85.5847
86.9561
87.5862
88.7857
88.1574
85.9375
84.435
84.0321
83.7894
84.2574
86.2028
86.1543
86.6089
87.5387
88.0237
88.3336
89.7794
90.5104
90.6135
90.6648
92.7926
92.1259
92.5648
91.7994
92.0778
92.2142
92.8783
93.9708
94.4966
94.6045
94.8344
96.2394
97.4359
97.8546
99.9642
100.95
101.397
101.071
101.049
100.921
103.025
103.838
103.385
101.983
101.153
101.871
102.383
101.046
99.9625
102.247
100.526
99.2804
99.1493
99.7496
97.6618
98.0708
98.9634
97.1833
96.6657
96.7205
93.3545
93.6383
94.7077
93.764
95.096
95.7906
96.1695
96.6209
96.1911
95.7947
95.4555
95.4501
96.4509
96.8461
97.6974
97.0709
97.6131
98.4775
97.0378
96.4284
96.5188
96.0413
96.7664
97.9722
99.5611
99.5773
99.8016
100.075
99.0155
98.1891
97.9563
99.1796
99.0819
98.3484
99.2753
99.2048
98.3318
98.3238
100.141
99.5734
100.586
100.178
100.075
102.394
100.138
100.425
101.233
101.409
100.955
102.036
99.8059
98.6199
99.1708
98.4566
96.2882
94.9925
95.9747
95.9617
95.0752
95.8817
97.6933
95.7932
97.972
96.7087
96.8144
96.9553
97.5658
96.1478
94.5726
95.5332
97.2452
98.5353
99.8611
100.871
100.861
100.932
100.086
100.562
98.7718
100.45
100.604
101.831
102.802
104.77
103.293
104.77
104.787
103.383
103.431
101.948
103.318
104.283
106.074
105.211
103.477
102.917
102.111
101.359
100.942
101.578
100.455
98.1451
100.823
99.5257
98.2438
97.1149
96.4077
94.4918
93.4529
94.1205
92.2329
92.1978
92.5348
91.7369
91.4031
89.3359
88.6054
89.2887
90.6551
91.5646
91.46
91.7884
92.1974
89.7629
90.379
92.2072
92.7044
91.5005
89.6953
91.0608
89.9616
89.1088
91.7909
90.9848
91.2973
90.7479
90.3278
89.8306
88.823
88.3026
88.0213
90.1588
90.4257
89.8381
90.5615
89.6585
89.8332
89.6277
89.2056
87.9013
87.1903
85.6181
86.5525
86.2603
86.1668
84.2012
83.6249
83.5405
81.6243
81.4473
81.0912
