99.1852
100.305
98.6674
97.7189
98.6837
99.4918
99.7081
101.096
101.666
100.536
99.9885
101.241
101.677
100.128
100.562
100.93
100.384
100.974
100.393
99.2149
98.2174
98.6563
98.7199
98.3022
97.8216
97.7737
97.5202
98.0911
97.0839
96.7804
97.2129
96.6837
95.8389
95.2243
94.5919
94.4735
97.0004
97.2978
94.3462
91.5071
91.4028
91.8691
93.6761
92.703
94.0798
95.6435
96.7308
97.2051
97.4118
97.7667
98.5767
98.0327
98.9929
97.9643
99.4501
100.445
101.851
102.614
103.553
104.101
101.673
101.564
102.15
103.802
104.398
101.829
101.935
102.227
104.785
103.565
104.374
103.86
104.307
101.407
103.472
105.587
104.885
105.704
105.274
106.986
108.265
107.827
109.876
107.75
108.258
111.373
109.225
109.665
110.005
110.856
111.552
111.664
111.386
109.302
110.396
108.002
105.649
105.665
105.693
107.144
105.209
104.937
100.769
99.2376
96.9949
97.9945
99.5286
101.315
101.947
101.768
101.96
99.1629
98.295
99.697
101.459
102.252
101.834
102.904
102.88
101.5
101.5
102.34
100.808
101.797
99.6503
100.282
100.479
103.533
103.634
103.737
102.714
101.383
104.594
104.094
103.913
104.292
104.992
105.456
105.056
106.677
107.619
106.996
107.007
106.485
106.75
107.404
109.982
109.969
108.915
107.87
108.963
110.267
108.984
108.554
107.399
107.86
108.581
107.514
106.894
107.27
106.429
103.679
101.489
100.568
98.7775
99.8338
99.8131
98.1832
97.8982
99.5724
100.102
100.273
101.488
101.033
100.493
101.245
100.724
100.175
99.2037
97.8982
98.1692
99.1606
98.7999
100.091
99.7705
100.015
99.2822
99.6859
97.8879
96.3702
93.3497
94.1047
94.3168
94.88
95.5014
95.3228
93.9939
93.8551
93.654
94.3625
95.529
96.0239
95.3993
96.9109
97.9052
99.018
99.0782
99.9325
97.8556
98.2077
99.6329
99.3087
101.821
101.759
97.4332
98.0448
97.6174
97.0242
98.0602
99.1976
97.9905
98.19
97.3603
96.1173
97.8086
98.7309
98.557
95.6386
96.2046
94.8831
95.2872
95.1685
94.5609
96.5665
97.8956
98.4233
97.6485
97.1683
98.5043
98.3363
98.1837
95.9125
96.6196
99.1539
99.7105
100.369
101.733
99.5937
99.3196
100.285
99.918
98.8192
97.7686
96.2192
96.2742
97.6703
99.2666
99.45
101.111
101.252
100.553
102.45
102.08
99.1502
100.61
101.191
100.109
100.077
102.27
103.092
105.063
105.937
103.38
103.386
104.319
105.619
103.39
104.309
107.378
106.574
105.938
104.574
103.992
105.497
104.202
101.623
100.947
101.451
102.469
103.859
103.041
101.359
100.219
99.7838
100.245
101.219
99.0482
100.555
97.8136
96.7813
96.2211
96.1479
96.6884
96.9272
96.199
95.8277
95.1467
95.5154
95.6308
95.4876
94.3355
95.148
94.4484
94.4668
93.3184
94.9397
97.639
94.8981
95.6321
93.8887
93.5722
92.6808
92.6748
92.4997
90.9975
92.5361
92.3117
91.9391
91.5358
91.3185
95.029
94.896
96.2398
96.5205
95.4893
97.9792
96.5829
96.8211
97.4044
97.6703
97.7123
98.5007
96.2129
95.9811
95.7138
95.8869
95.3763
96.0883
98.3357
97.9321
98.3609
100.992
101.205
100.128
99.5308
100.883
99.1179
100.274
99.8571
101.853
99.9706
101.743
101.76
100.623
99.2774
98.2734
98.9763
100.067
101.7
102.244
102.566
102.318
101.331
102.134
101.783
101.409
100.983
99.6557
99.7028
97.8174
98.246
97.8916
97.8481
97.9985
96.3096
96.3051
96.8743
95.5308
97.322
96.1274
95.2102
93.9111
92.7458
94.5264
95.3553
95.8222
95.2709
93.9207
95.9677
96.118
96.8149
95.8114
96.4744
96.135
97.1547
99.0714
99.5514
99.0528
99.6248
101.979
102.138
100.898
100.1
98.6205
101.294
99.846
101.105
102.745
105.206
105.808
104.682
105.178
104.486
103.941
104.633
104.359
102.041
100.413
100.211
100.198
100.135
101.038
102.543
103.588
106.28
106.897
109.329
109.332
108.18
108.065
106.683
104.503
104.05
105.358
106.206
104.542
105.605
105.818
106.026
106.067
104.206
102.115
102.991
100.633
102.842
103.936
104.209
103.867
103.818
102.509
101.068
99.9151
99.253
95.5202
95.1413
96.5268
98.6956
99.8653
102.347
100.344
101.885
101.769
104.69
103.275
101.648
100.913
101.497
100.637
99.148
98.4515
98.4438
99.6484
101.308
99.4037
97.1884
97.5344
96.1628
95.8515
95.8528
95.6544
94.5283
95.2064
95.1345
94.8834
94.0785
94.0486
95.4811
95.6384
93.3877
91.455
91.0841
89.7372
89.8845
89.6495
88.183
87.6681
87.6912
88.8953
90.8531
91.8439
91.6781
91.9878
90.258
89.3303
87.8816
88.5122
88.4994
87.1517
85.2635
86.3858
85.5156
85.527
86.4821
86.6834
86.225
87.6177
87.3255
86.4464
85.3061
85.0784
82.7248
84.6017
84.9441
84.1094
85.1721
85.599
83.4165
84.243
83.7491
83.0962
83.3253
82.7834
83.6987
83.9845
83.3949
84.0023
83.3018
84.579
84.6597
85.8264
86.6682
87.4239
88.8972
88.1746
88.775
88.7656
89.6234
86.0122
85.3771
86.2335
88.2166
87.1641
86.9716
87.3816
85.8362
85.0766
85.1418
84.2111
83.9814
83.6356
82.3389
81.7595
79.8592
81.2671
82.6455
81.8635
82.2382
81.7932
81.9681
82.6745
82.7785
83.2495
82.6706
81.1552
82.4139
84.0005
82.8036
82.1168
81.731
80.9918
80.0635
78.8842
79.5659
79.2117
80.0405
79.1225
79.2227
81.0367
79.3932
79.4938
