100.051
99.1253
99.9068
99.3379
100.37
99.6983
100.742
100.607
100.035
101.078
100.264
100.81
103.32
103.896
106.053
107.46
107.572
107.326
105.267
105.535
105.479
107.147
106.467
103.869
103.318
100.878
101.128
101.498
100.945
100.023
99.8558
98.2794
95.6424
94.2892
94.028
94.8269
94.4919
93.7937
94.2433
92.7822
93.3178
94.0874
93.7313
95.1311
94.5591
94.4858
94.8526
94.8134
94.0657
93.7984
93.5108
95.6445
94.0019
93.923
93.5604
93.6842
95.5842
95.1251
94.9262
93.4069
93.2433
93.6602
93.1969
92.4075
92.3763
89.4957
87.8341
87.1449
88.3119
86.9008
84.8825
85.5869
84.4533
83.8791
84.4437
82.6868
83.8516
83.4272
83.2139
81.7185
81.5493
82.834
82.0683
80.798
81.4853
80.3779
77.749
76.9054
78.0952
78.0077
80.1712
79.476
80.7658
82.4649
80.3477
79.3076
78.9844
79.5901
78.8998
76.4821
76.7643
77.4866
76.8249
76.3979
76.2662
78.0314
78.72
77.849
77.3934
77.097
77.175
77.2958
77.0073
78.8486
78.3774
79.2615
76.3087
77.5301
77.3733
77.1422
77.7491
78.2113
80.1919
79.7132
81.0653
81.3957
82.0438
82.4366
82.0512
82.4699
81.4501
82.1639
81.8064
82.4202
80.4378
84.1484
83.007
83.3372
82.5525
82.5162
81.825
82.5165
83.6774
85.6188
84.482
84.3866
84.6416
83.4623
83.4577
84.3942
83.6262
83.4973
83.6219
84.133
82.7356
84.2476
83.7555
85.1213
85.416
85.1986
83.2301
83.3583
81.8734
82.3879
80.7103
80.4293
79.9506
79.1779
78.4393
78.2721
78.5902
77.6395
76.2416
76.1246
76.0598
74.9383
74.0502
73.9159
73.8098
75.2888
74.4732
73.7664
73.2857
73.4417
73.5437
72.7861
72.2221
71.9112
70.7027
70.219
72.3396
73.0148
71.5719
72.1386
71.8617
71.8263
72.2414
72.2886
70.5119
69.6103
67.3313
67.508
66.7376
68.1034
67.407
68.7108
68.7351
70.1576
69.2023
70.1669
68.8696
69.8368
69.7627
69.0375
67.875
68.7928
68.4198
69.0319
69.6496
68.8313
69.2703
67.8041
67.4899
68.7865
69.5577
69.7632
69.506
68.9347
70.6337
70.9518
72.1176
71.0161
72.3836
72.6948
73.3254
72.7216
73.9397
72.8141
72.8826
73.879
74.5818
74.2733
72.6705
71.2765
71.4606
71.6415
71.7637
71.3108
71.634
71.4578
72.5256
72.2782
73.6897
72.9431
73.4511
73.1427
72.6949
75.0019
74.3335
73.125
71.8015
72.2578
71.6735
72.7012
74.0399
72.7378
72.7288
72.8278
72.8273
72.4787
70.7389
70.9799
72.1054
70.975
70.4363
70.8735
72.9915
72.3741
71.5631
72.2414
72.2083
73.0621
74.4676
75.3503
76.1489
75.4525
75.2056
74.4746
73.9913
74.2894
73.6738
74.4804
73.3932
72.8941
72.194
73.0954
74.5256
74.5474
73.5446
71.7061
72.5665
72.3799
71.0309
71.0665
69.7655
67.8835
65.941
64.8028
66.4445
67.3974
66.9617
67.6461
68.006
68.765
70.3315
70.2504
69.0768
69.3043
69.2192
70.2631
71.1416
69.7106
69.6357
69.1324
69.205
68.1279
69.3089
69.8106
70.5395
70.9759
71.3299
70.0154
71.1254
69.4657
68.9734
69.7424
70.4792
70.4825
70.6036
71.6262
71.1904
69.8065
70.1785
70.2095
70.2064
71.6843
71.4483
68.9917
69.4483
70.7359
72.5139
74.0391
73.2039
74.1417
73.6677
74.277
74.1707
74.5155
74.6265
73.1974
73.1843
73.3147
73.8025
74.2942
73.5037
73.5056
72.8972
73.7078
73.6591
74.5155
74.3061
73.5704
75.1699
74.885
74.734
74.3103
75.1046
75.2758
76.4517
77.9034
78.7894
78.3702
78.343
78.8926
79.3488
80.3817
81.1409
78.9272
78.5691
78.721
77.8857
77.9788
78.3514
78.6376
76.6845
74.8623
73.8173
73.7528
73.3835
73.6733
73.7256
74.796
74.8259
75.9111
76.5006
75.8791
76.2499
77.0787
75.7717
75.7715
76.4629
76.3043
75.8746
75.6521
75.5101
76.3693
75.5528
76.0012
75.1438
74.6652
74.3939
75.5132
77.7622
77.8722
77.1227
78.038
78.7961
77.9685
77.5796
78.6486
79.6333
81.109
82.294
80.574
79.5373
79.8602
79.5364
79.2851
78.475
80.9575
79.6575
81.5924
81.5411
82.3434
81.2869
80.2006
80.2133
80.1095
79.9712
79.6796
79.2641
79.57
78.6746
81.1014
81.1324
81.0721
80.4904
80.1429
80.4947
80.5235
81.0323
79.0964
78.9807
77.7894
78.0201
78.0837
77.9332
76.7987
76.527
77.5073
77.0666
77.2296
76.3013
76.1712
75.0633
73.0789
74.1841
74.3051
74.6464
74.4527
75.1437
74.2732
75.8047
77.4069
77.6792
77.2229
75.838
75.3853
75.454
76.7057
76.7497
76.1806
76.0154
77.0391
77.6217
80.1199
80.8837
81.6255
81.4228
80.4379
79.1879
79.4933
78.7466
77.0866
77.4247
78.2896
80.1991
80.8603
81.1782
81.9582
82.7773
83.1719
83.9293
83.9009
84.2263
84.8058
83.7948
84.0985
85.4867
86.0833
85.4884
85.4244
85.544
84.2634
83.7431
82.3748
82.7431
83.4022
84.1544
80.8021
81.9293
81.2439
82.0424
81.797
82.2087
83.9096
82.7068
82.7185
84.7822
86.5393
85.9289
84.6847
84.8116
85.429
84.072
85.3721
85.0535
85.7694
85.7281
86.5468
86.9606
86.3087
86.6635
85.3684
84.7893
85.5658
85.1885
84.5458
84.1026
84.3282
84.1942
85.7903
88.5285
88.1159
86.3062
85.6887
84.6599
84.1468
82.7067
81.728
82.6919
81.156
81.7565
82.4866
81.5301
81.6697
81.9336
81.824
80.8087
82.8326
82.9999
82.5555
83.1335
83.5468
83.3096
82.0885
83.1867
83.7824
84.6916
85.8429
85.2821
85.6063
85.9024
85.2732
83.5277
83.1619
82.9581
81.9802
83.1763
81.5242
