100.284
101.484
100.184
101.976
102.692
103.397
102.967
102.702
103.764
103.085
101.591
103.935
104.654
102.712
102.109
103.279
103.573
104.436
106.428
105.366
106.238
107.882
106.462
106.5
106.747
106.521
106.911
107.295
107.586
106.767
106.359
105.092
105.284
103.122
97.4328
96.156
95.7524
95.1314
95.7991
94.5731
94.2655
96.2706
99.2103
98.6401
100.508
101.857
103.65
105.418
104.878
103.308
104.127
104.372
103.084
102.504
101.837
102.53
101.987
101.601
103.34
102.645
104.768
104.5
100.547
100.717
102.264
101.163
101.354
102.052
103.011
100.843
102.926
103.918
103.474
102.924
102.585
103.384
102.74
103.894
103.079
102.484
103.658
105.523
105.339
104.829
104.762
104.572
104.807
106.601
104.86
103.95
103.04
103.451
105.865
103.716
101.94
100.843
101.232
101.307
102.43
100.352
100.024
101.835
100.077
98.2673
97.8963
97.9504
98.5049
98.0814
98.4426
98.3839
96.6976
97.3145
97.0786
98.3698
97.7756
98.0927
99.6431
100.476
100.25
101.69
102.243
100.635
100.001
100.769
101.959
100.513
100.679
100.827
101.259
100.294
102.004
104.108
106.58
106.609
107.365
109.19
109.681
112.234
111.339
110.075
107.366
106.447
106.429
105.469
104.94
103.128
101.044
102.261
102.004
100.766
102.178
100.146
100.932
102.221
101.768
100.113
99.218
97.9002
97.7113
97.4661
94.7671
96.3567
97.3501
96.7751
96.2012
95.7802
95.113
94.819
94.9923
94.0014
93.3963
90.4682
91.5421
88.4466
88.3892
89.8417
90.3155
91.3278
92.1192
92.6193
92.6136
93.0693
92.632
92.0977
92.7665
94.0895
95.175
96.1227
97.4581
98.3437
101.194
100.261
101.233
100.726
100.681
99.4155
98.8435
99.1273
99.2032
97.9112
98.907
100.111
99.7414
98.6791
98.7499
99.6007
100.079
103.418
103.939
104.292
104.638
104.983
104.763
107.813
108.831
109.473
106.835
107.203
109.063
108.978
109.959
110.132
111.686
111.116
109.086
111.099
111.043
111.241
112.459
110.668
110.397
110.328
108.58
109.487
108.261
109.652
110.993
108.709
107.249
106.349
107.425
109.611
109.595
105.904
107.081
108.958
105.669
105.208
105.791
104.114
105.145
105.438
105.952
104.782
104.682
105.123
106.795
108.981
110.277
112.235
112.266
111.91
113.027
113.498
114.972
114.294
115.045
115.451
113.039
115.936
117.409
119.866
118.924
119.365
118.08
116.623
114.689
115.948
116.42
118.688
118.11
118.746
117.965
119.379
121.436
118.635
116.853
118.593
118.932
119.224
118.144
117.682
117.034
117.094
116.291
117.22
115.361
115.446
115.084
114.008
114.375
113.427
113.443
117.684
119.107
116.745
116.866
114.477
116.321
115.626
112.398
111.973
109.997
109.644
110.471
110.953
110.553
111.288
112.188
113
114.621
115.425
118.064
115.627
116.236
115.148
115.684
114.9
116.105
114.125
116.842
117.077
115.635
114.325
115.149
116.075
116.32
117.21
116.799
117.182
120.116
119.121
117.797
118.573
117.087
117.734
118.776
116.655
117.365
115.545
115.573
117.563
117.041
118.405
118.188
119.3
119.157
117.111
115.474
114.535
115.809
116.743
115.157
114.15
114.41
116.468
119.322
117.14
119.044
116.199
115.692
116.685
117.641
117.681
118.614
119.833
119.475
118.866
118.276
117.574
118.524
120.964
119.768
119.537
118.802
120.845
120.355
119.66
120.898
120.491
120.655
119.733
121.92
121.749
120.561
121.634
123.593
124.771
124.096
122.233
123.135
121.519
120.303
120.904
122.54
119.162
118.036
118.199
116.818
115.832
112.366
113.283
112.272
112.434
112.42
113.414
117.386
117.297
114.961
112.005
112.194
111.86
108.777
108.639
107.703
108.776
108.061
108.134
106.88
109.675
109.476
111
111.533
114.463
112.674
108.816
108.121
110.91
111.681
110.467
112.975
112.786
115.82
116.284
114.653
114.777
113.916
115.903
115.505
117.893
118.626
119.699
121.275
121.452
121.936
124.01
122.01
121.108
119.202
121.372
119.764
119.233
118.943
118.34
121.459
120.078
120.599
121.861
121.842
119.637
120.231
119.696
120.331
118.174
115.808
115.775
117.321
115.59
115.93
113.79
113.692
114.117
114.269
117.106
115.418
115.721
117.597
118.066
117.416
118.376
120.515
119.863
117.143
116.76
114.025
114.56
115.259
114.18
113.353
110.702
109.979
108.928
108.467
108.881
107.067
107.7
106.422
105.852
105.261
107.415
108.351
106.749
106.978
108.275
111.257
111.096
111.923
113.2
113.461
112.863
112.141
113.084
112.569
110.111
109.719
109.307
108.42
109.578
108.295
108.692
109.509
111.425
113.311
114.688
113.457
114.189
112.989
112.261
112.417
110.353
111.991
110.51
110.703
111.352
113.469
114.834
115.178
113.388
113.29
114.486
113.866
112.634
111.201
111.418
110.843
113.744
113.006
116.808
117.468
118.212
116.87
119.089
119.41
119.81
117.496
116.112
116.561
114.801
118.55
119.361
118.104
117.531
117.678
120.297
119.479
120.497
121.731
119.949
119.692
116.515
118.241
119.668
118.657
120.311
120.719
119.397
118.753
119.868
118.219
117.403
115.676
114.639
115.972
115.253
113.539
114.803
114.857
113.851
115.955
114.275
