100.692
100.373
100.037
102.777
99.801
101.606
102.244
102.281
101.005
102.474
101.206
101.309
101.259
99.7573
100.365
101.407
101.354
102.794
102.949
102.342
102.515
101.203
101.468
101.647
102.556
102.675
103.341
103.911
103.952
104.7
103.474
103.473
103.947
101.389
100.437
100.606
101.203
99.5612
100.684
100.838
102.277
100.959
103.301
103.469
101.613
101.267
102.714
102.763
101.757
103.934
104.757
105.618
107.854
108.969
107.891
108.419
107.21
106.98
107.888
109.69
109.844
110.147
109.542
108.04
105.544
106.021
107.93
109.139
109.501
111.903
111.4
111.233
111.331
109.48
110.456
111.46
113.855
112.505
113.368
115.291
116.084
114.565
113.884
115.27
114.937
112.497
113.185
113.267
112.091
112.581
113.351
113.93
114.576
112.635
113.533
112.456
112.049
112.985
112.977
113.184
111.211
112.616
112.72
116.585
117.089
116.989
115.633
115.324
114.078
115.57
115.663
117.359
119.315
117.3
116.208
115.229
115.333
114.11
112.261
112.264
110.901
109.192
107.91
109.835
110.376
111.856
110.978
107.616
108.291
109.214
111.06
112.988
111.522
112.849
113.691
115.472
117.075
114.817
115.503
116.871
116.975
118.889
119.365
118.454
120.187
121.81
119.645
121.844
120.423
120.232
121.328
120.255
119.266
123.061
124.261
125.987
124.735
124.125
126.718
127.327
125.446
125.157
123.327
122.807
122.283
121.001
118.627
117.94
118.542
117.957
119.799
121.748
121.995
121.942
122.618
121.886
118.924
119.181
119.141
120.169
118.512
118.72
119.053
117.07
114.811
115.3
115.832
117.274
117.199
116.685
114.94
114.801
116.036
115.24
113.103
112.818
114.479
115.075
114.627
112.11
111.287
114.049
112.028
111.317
108.608
108.702
108.842
111.065
112.591
115.421
115.402
117.151
115.697
116.685
115.91
116.709
115.445
117.376
117.108
115.484
115.195
114.787
113.699
112.95
113.015
112.796
113.198
112.586
112.49
115.662
116.037
116.402
116.647
114.601
114.263
111.915
110.539
110.194
111.269
113.486
110.662
110.287
110.823
110.579
113.286
111.852
115.628
115.344
115.943
116.639
116.799
115.655
112.824
114.811
111.959
110.616
109.372
109.539
106.082
107.496
108.062
107.573
106.021
106.609
108.328
107.871
107.913
106.1
105.635
106.688
105.62
106.866
106.784
106.85
107.715
109.321
108.744
111.267
110.557
111.217
109.259
110.885
112.404
111.097
109.648
110.417
108.756
110.024
108.8
110.793
112.462
112.896
112.192
111.245
111.352
111.085
113.661
112.092
113.901
113.408
115.604
116.431
116.63
115.545
115.871
116.09
117.858
118.433
118.56
118.386
118.791
118.401
120.14
118.521
121.596
121.424
123.475
123.199
123.151
125.331
123.422
124.746
123.645
123.726
122.761
120.285
119.341
119.331
119.786
119.742
120.31
120.853
120.868
120.51
120.496
120.682
119.772
120.558
122.269
123.548
125.799
125.571
124.421
123.385
124.078
124.725
124.175
126.395
126.889
127.937
129.154
129.398
128.108
129.295
130.868
129.319
128.107
126.877
127.065
128.193
127.293
129.254
131.846
130.52
129.742
128.83
130.903
128.957
130.333
132.925
130.526
130.575
131.373
130.581
132.518
134.953
135.032
132.13
131.724
132.831
132.09
130.374
128.699
127.34
127.945
128.465
128.47
128.094
129.066
127.488
127.945
128.646
130.179
128.72
130.275
128.009
128.721
130.024
130.337
130.256
131.854
132.667
131.64
130.174
129.578
128.317
126.505
125.921
127.11
125.102
123.466
120.786
121.662
121.61
121.07
118.816
118.941
119.546
119.604
117.293
116.733
118.069
113.539
112.845
113.523
115.111
115.816
114.683
114.771
116.134
113.747
113.571
113.257
111.704
112.556
113.777
115.718
114.76
113.112
114.793
116
117.964
118.616
118.987
119.883
117.254
118.242
117.301
117.278
118.214
120.89
121.937
121.513
120.685
118.602
120.356
121.489
121.781
124.96
124.29
124.732
126.167
125.149
126.523
125.385
120.186
121.9
121.513
122.077
119.007
118.795
118.332
119.402
118.326
117.04
117.642
118.399
116.554
117.158
117.071
117.605
119.6
119.968
119.308
121.724
121.379
121.751
121.6
119.246
118.471
119.855
120.085
119.117
118.672
119.553
119.293
118.224
118.872
116.796
117.424
116.755
116.163
116.417
114.73
116.717
116.332
116.438
114.548
112.115
112.506
110.997
111.829
110.87
111.544
109.993
109.887
110.354
107.528
106.245
106.31
104.313
104.432
103.852
104.73
102.37
102.682
104.263
106.605
107.433
107.845
107.919
106.211
106.682
105.336
104.332
102.952
104.487
105.538
107.375
108.266
106.65
106.881
106.593
107.686
109.05
110.233
108.417
109.43
108.46
108.76
107.383
106.372
105.619
106.008
105.847
106.389
106.023
108.322
109.919
110.15
108.739
109.956
107.362
106.567
106.547
105.972
103.494
100.386
100.758
101.526
100.753
100.309
98.4561
97.9627
98.2154
97.5317
95.7159
94.8049
95.2304
96.1985
96.3612
96.793
97.48
96.4509
96.1378
97.0665
97.6058
96.1046
96.6127
97.6824
96.0503
96.8007
96.0208
96.8716
97.4889
97.3975
98.027
99.585
99.4242
97.6574
