100.068
100.246
97.5987
98.1136
98.7985
99.4491
100.73
101.349
104.149
103.414
104.768
104.588
103.772
104.287
104.524
105.48
105.688
107.083
107.224
105.356
105.927
106.291
104.571
106.109
102.786
102.61
103.062
103.927
102.055
105.463
105.739
104.223
104.028
104.088
103.704
103.355
103.648
103.446
104.51
104.462
104.839
107.15
105.559
105.374
107.336
106.992
107.029
107.061
106
105.982
107.862
108.333
105.364
106.185
106.099
106.913
107.872
108.081
107.077
107.358
106.407
107.085
105.779
105.857
104.371
104.603
104.461
102.458
100.598
98.014
99.5827
100.47
100.211
99.8345
101.736
100.652
101.227
100.682
103.232
104.307
106.824
108.035
110.093
112.14
112.233
111.445
110.116
110.675
108.674
111.511
112.689
113.177
110.657
113.214
113.053
114.37
112.501
110.256
108.571
107.996
109.545
109.692
109.908
107.53
106.91
108.978
109.399
110.204
109.68
108.678
109.144
108.068
109.459
108.401
106.609
108.093
107.508
108.852
110.002
108.352
109.338
111.33
111.399
111.652
111.348
111.262
108.822
104.758
107.01
105.269
103.675
101.668
101.361
103.465
102.61
102.591
102.737
102.821
102.501
104.124
104.628
105.738
105.3
104.999
107.477
108.127
109.668
108.786
106.497
106.604
106.171
105.153
107.018
106.469
106.344
106.882
107.635
107.091
105.902
105.236
107.639
108.478
109.172
108.418
108.354
109.545
109.361
111.077
109.602
108.981
108.38
109.153
108.396
110.084
109.603
108.211
107.899
106.85
103.843
103.561
104.709
105.083
106.398
107.302
107.66
107.483
106.003
103.603
105.855
101.814
102.302
101.187
99.9703
101.007
101.167
103.189
103.039
104.924
104.141
104.957
107.003
106.209
107.791
106.495
106.663
106.254
106.16
105.159
103.96
104.024
103.453
103.211
103.572
102.03
100.065
102.007
100.027
100.329
102.845
103.624
104.686
104.475
103.819
105.021
108.006
107.709
106.621
108.385
110.745
111.805
112.582
110.182
109.196
109.743
109.2
109.735
110.241
111.575
114.106
113.509
112.444
114.774
117.162
117.25
118.37
118.303
120.591
121.761
122.121
122.877
121.988
122.391
123.071
124.763
122.741
122.272
119.502
119.974
121.482
121.034
119.426
118.419
119.316
117.427
117.508
116.878
117.263
118.406
119.868
119.268
118.585
119.003
119.939
121.174
119.113
120.978
122.028
119.673
122.606
121.646
121.613
121.402
120.603
120.802
120.547
117.773
118.104
117.291
117.14
118.6
116.288
118.47
119.458
117.31
115.205
113.824
113.373
116.092
118.488
121.307
122.861
123.935
123.394
123.154
123.765
124.197
124.773
125.067
125.304
125.689
125.076
126.445
125.84
126.038
125.92
126.036
127.065
125.759
123.604
123.462
121.661
120.481
122.82
123.427
123.239
124.215
125.151
125.255
124.966
124.389
123.024
123.384
123.007
122.219
120.715
123.341
126.057
125.815
125.261
127.121
125.395
126.239
124.86
124.384
125.97
124.377
125.54
126.946
126.46
125.399
121.886
122.394
121.781
121.599
121.064
123.211
122.743
124.559
125.085
124.991
128.328
129.771
132.682
130.376
130.613
130.36
130.012
128.121
125.821
127.584
127.082
130.429
130.461
130.143
129.949
132.001
131.413
130.872
131.927
131.284
130.498
132.132
133.394
136.21
137.371
138.119
140.203
139.919
137.42
136.311
136.958
137.243
135.535
135.481
134.056
136.461
136.655
136.617
136.799
136.504
137.386
136.564
140.387
140.902
144.125
143.199
141.88
141.961
142.234
142.251
140.877
142.364
144.755
144.722
145.57
145.14
147.543
147.735
149.063
149.719
148.472
147.326
150.762
150.158
149.445
151.402
153.477
153.261
155.545
153.924
156.434
154.727
158.194
155.292
155.636
155.749
155.802
155.656
150.774
150.791
153.321
148.902
149.343
149.326
149.955
151.392
153.264
151.747
150.959
151.595
150.892
153.469
152.329
151.536
150.456
150.944
151.657
152.604
153.387
150.649
150.285
149.16
148.574
147.493
148.146
148.193
149.82
148.659
148.177
150.002
148.337
147.443
148.095
146.117
144.484
143.779
145.305
143.407
146.294
145.358
146.434
147.516
144.927
149.218
148.835
150.926
151.109
150.822
147.31
147.661
148.424
148.321
147.402
142.543
143.541
145.237
147.057
148.196
149.249
146.427
147.176
146.016
146.272
144.996
145.745
147.14
149.698
150.374
150.836
149.41
148.619
147.542
151.17
151.918
148.992
149.057
149.074
147.184
146.805
146.213
145.937
146.099
146.822
148.479
145.098
147.046
148.963
146.529
146.479
145.655
145.597
147.599
145.899
148.295
148.417
148.148
146.845
146.099
146.029
145.706
146.706
146.751
149.91
150.302
147.552
147.451
147.75
149.28
148.582
151.126
155.22
154.068
150.433
150.611
151.067
149.642
147.418
145.561
146.811
148.159
146.637
149.219
150.695
148.513
145.709
147.415
149.533
148.055
149.437
149.19
148.966
150.488
147.272
146.161
142.303
142.404
142.741
141.668
142.314
142.156
144.939
145.174
145.162
140.262
139.261
140.114
141.372
143.152
143.257
147.398
150.168
151.237
153.073
152.627
155.223
157.191
155.934
156.173
159.41
160.216
