101.269
101.086
101.93
103.291
102.924
103.388
103.765
103.646
103.845
104.433
105.499
105.513
104.972
105.932
106.777
107.453
107.655
107.235
108.459
108.114
106.969
109.572
107.106
108.126
107.76
106.808
107.846
105.118
105.466
103.806
103.873
103.292
104.032
103.456
106.115
105.306
105.498
105.48
104.21
105.404
105.585
105.687
108.425
111
109.349
109.33
110.486
110.049
110.383
113.109
112.944
111.755
111.508
111.854
110.969
108.672
110.42
108.833
108.304
110.915
111.703
111.992
112.448
112.674
112.78
110.414
112.53
114.686
112.562
112.827
110.511
111.721
113.262
113.506
115.35
116.72
117.22
115.591
117.012
117.88
117.537
118.551
120.473
120.503
120.543
121.267
123.158
120.654
122.991
122.56
123.567
125.958
124.747
128.083
125.411
124.452
122.393
123.429
122.627
123.078
122.97
124.587
126.754
126.123
125.898
123.515
122.857
123.655
123.478
122.039
122.128
121.49
120.376
120
119.805
119.01
118.091
117.316
118.152
118.136
116.861
114.105
113.137
112.886
112.531
113.136
110.381
111.473
111.536
110.371
110.244
110.062
112.18
112.676
113.709
113.965
113.327
114.11
112.254
112.227
112.902
113.432
112.728
112.345
111.452
109.271
107.345
108.159
108.872
108.887
110.52
110.701
110.942
113.139
114.189
112.314
112.249
114.229
115.774
114.397
113.649
114.075
113.991
115.999
116.711
117.439
117.975
116.271
117.101
117.576
117.044
117.508
119.877
122.125
120.996
122.027
121.163
120.053
121.905
122.004
125.278
125.964
129.186
128.952
128.304
129.294
129.356
130.7
128.41
125.611
128.169
125.779
125.183
123.121
121.325
120.841
119.433
119.319
119.781
119.633
119.269
119.012
115.573
117.936
118.226
115.81
115.793
118.477
121.206
122.862
123.295
125.003
123.769
124.725
122.116
121.879
122.328
121.547
121.426
123.627
125.339
123.848
125.444
125.802
126.579
126.885
125.479
123.728
124.548
124.851
125.637
125.6
125.381
126.972
129.066
128.99
127.501
128.518
130.339
131.112
131.282
128.247
127.483
129.057
130.08
130.083
129.329
131.854
131.69
128.836
130.306
129.997
130.5
130.853
128.536
131.654
128.291
128.578
131.103
132.171
130.419
132.906
132.549
131.811
132.466
132.739
135.14
134.397
135.192
136.288
138.474
139.18
138.493
140.861
139.41
138.804
140.968
140.179
139.96
138.493
140.591
140.166
137.985
140.421
140.426
142.34
139.358
137.92
140.794
139.361
138.021
136.514
132.367
132.471
132.651
132.254
131.138
130.024
130.333
130.391
131.234
132.539
134.836
135.416
133.981
135.334
135.445
137.655
138.797
136.95
136.82
136.862
137.135
135.226
135.898
133.644
133.605
134.403
136.133
136.837
136.582
139.984
140.953
141.434
141.756
142.68
142.211
146.647
152.068
150.95
149.401
149.045
147.71
146.961
145.812
144.865
139.95
142.192
141.878
142.157
143.153
143.01
144.505
143.872
144.008
141.39
143.596
145.739
142.683
139.954
139.383
137.365
136.271
133.978
134.57
134.537
131.389
131.251
131.807
130.925
130.956
129.19
129.18
131.267
131.825
129.882
131.7
130.719
132.009
131.21
135.503
135.571
137.056
135.865
136.68
134.384
135.274
135.954
134.793
130.699
133.086
134.264
130.591
127.599
125.408
125.717
124.289
123.345
122.02
121.026
120.494
118.841
118.201
117.757
118.146
117.689
117.734
118
118.557
117.942
115.635
113.62
112.839
114.072
114.418
115.262
117.077
116.189
117.754
116.509
116.401
118.098
118.599
119.958
120.38
120.038
119.59
117.941
116.824
116.172
113.448
113.84
116.458
118.069
118.736
118.625
120.089
119.65
120.087
120.735
118.558
118.288
118.649
118.942
121.501
121.768
122.281
119.244
121.82
120.638
122.675
123.265
124.937
124.49
127.036
127.961
127.415
127.029
125.07
125.762
126.235
127.644
125.96
125.894
125.58
125.067
124.542
124.161
123.63
123.759
124.057
123.74
126.603
126.345
125.746
126.622
131.103
128.391
129.9
131.843
130.36
130.315
129.758
130.382
129.57
129.1
128.653
128.418
128
127.681
125.166
126.449
126.81
127.801
126.996
127.245
127.4
124.819
125.128
124.914
122.602
124.586
123.434
124.466
125.852
124.047
124.042
125.419
125.584
124.566
123.64
123.925
122.582
123.75
123.343
125.127
124.713
124.256
127.075
126.697
128.684
129.956
130.56
129.073
127.587
129.722
129.318
128.594
127.729
125.945
124.698
123.137
124.009
123.938
122.911
121.823
121.2
122.454
122.727
126.64
126.984
127.117
126.594
123.163
120.84
119.989
118.515
119.892
118.902
116.364
115.063
113.699
114.623
113.971
112.102
112.925
113.809
112.008
110.523
109.509
109.87
107.186
106.717
104.848
105.377
105.738
104.433
103.515
100.806
101.088
100.505
102.579
101.747
102.903
103.101
101.761
98.8121
99.5793
99.3771
100.029
98.7379
100.973
101.329
101.377
99.3237
99.8545
100.025
101.484
100.796
101.389
102.369
102.419
102.263
102.915
104.496
105.403
105.876
106.275
106.164
104.992
105.141
103.364
105.587
106.327
107.07
106.93
106.651
107.556
106.655
103.091
