102.653
105.874
108.331
107.903
106.693
108.395
107.683
107.668
107.533
108.23
108.407
108.376
106.56
106.099
105.577
104.88
102.5
102.371
102.49
102.367
102.974
102.647
104.678
103.753
102.538
100.995
100.535
100.794
102.205
98.8114
97.7373
98.4857
97.996
96.7007
94.6774
95.6485
96.7651
97.2774
97.3328
97.6513
96.828
97.2688
97.6703
99.3527
96.9125
96.7804
99.3942
99.7059
99.4971
98.8711
99.5119
98.3902
98.4054
97.9235
99.8833
99.3059
99.7751
101.435
101.989
100.498
99.4137
99.7415
101.332
100.583
99.3695
99.7551
99.9995
99.1416
101.587
100.575
99.1993
100.371
100.2
98.289
97.0159
99.0486
98.8281
97.0711
96.6027
97.1906
96.2006
95.7134
93.4638
93.1376
92.1291
93.2314
91.9002
91.0594
90.4801
91.2256
91.6555
92.907
91.2656
89.2263
88.2727
86.9838
88.1026
87.8178
89.2566
93.036
92.4599
92.293
90.025
91.2047
91.2129
91.4954
92.4171
92.1476
91.9641
90.9386
92.6093
90.9905
91.4003
93.6815
95.8986
96.1325
95.1327
94.0708
94.1893
94.7905
93.7261
93.9382
94.5194
96.1685
97.0879
97.1514
95.3336
94.8567
93.3581
94.1614
95.7474
95.1484
95.2369
97.0493
97.2446
96.3529
95.1437
95.4027
93.4653
93.5833
93.5504
91.2109
89.8951
89.6876
88.2691
87.9815
85.9089
86.4622
86.4314
85.6608
86.513
87.0722
88.8565
88.8049
90.9783
93.0007
92.0424
92.5251
93.2326
93.0898
91.409
91.7967
91.2318
91.9119
91.2132
89.9362
89.0149
91.5502
88.7923
89.569
89.9524
89.0822
88.7729
89.2682
90.894
90.1806
91.036
90.835
90.3443
90.1148
89.0334
88.9198
89.1235
90.6333
93.3103
91.5621
91.7743
92.0738
93.8165
93.6828
94.3913
95.1676
94.3931
92.5052
91.9484
93.4424
94.1916
95.2849
96.1943
97.2813
97.105
96.9328
94.7298
94.2311
95.7498
96.931
96.674
96.6023
96.8525
97.4797
96.4507
96.2891
95.114
96.1708
96.0543
98.3446
98.7338
98.9657
99.9045
100.45
101.336
100.661
98.7494
96.9127
95.2318
94.2499
92.5556
94.7377
95.5762
94.964
97.9757
99.7237
100.177
98.8959
98.8274
100.398
101.6
102.612
101.496
101.585
98.7579
100.679
100.961
101.118
102.348
102.701
102.651
102.77
102.073
102.503
101.517
101.051
100.867
103.824
103.978
103.331
105.072
104.118
102.533
101.644
101.508
103.376
103.381
101.933
103.058
101.365
98.6834
98.7573
96.626
97.7118
97.5914
96.4888
96.7471
97.5369
96.4651
96.0624
97.0714
96.4116
95.1057
95.4944
95.1448
96.2368
98.0503
98.0608
99.3413
99.8452
96.2588
93.7181
94.8583
93.4809
92.2754
92.5567
92.344
93.5539
93.3822
94.0914
93.975
95.1644
93.1366
93.5319
94.7534
96.5514
97.6842
97.124
96.8969
97.2786
98.7174
98.2204
96.8421
96.9575
96.6703
94.2054
94.4402
94.4604
93.0172
94.3803
95.0487
95.6309
97.7656
97.4883
99.3953
98.9339
98.4488
99.3425
97.7568
96.9955
99.5528
99.0548
98.596
99.6773
98.1075
97.9188
96.0979
93.4954
93.2197
93.4239
92.7977
94.0194
92.7697
91.3201
91.3623
93.371
91.4404
90.1009
92.0413
90.8747
91.6158
88.8509
87.7989
88.8739
88.0493
87.2972
86.3312
88.2748
89.2731
88.7497
88.766
87.5649
86.8532
85.0049
85.0918
84.8297
83.7436
83.2078
83.7953
83.1353
83.4599
84.1911
84.7439
87.1497
84.788
85.9663
86.1597
87.3582
87.9893
89.2077
89.0055
88.9047
89.0985
89.5631
88.8438
90.6308
89.7653
92.7873
92.9287
94.6415
94.5116
93.7406
93.9042
93.3951
94.4612
93.4272
93.1133
92.9929
93.9354
94.6738
93.7036
93.0002
94.7258
95.2564
95.7639
96.7846
93.4882
93.9457
92.1047
92.0574
90.7675
90.4402
90.7793
90.2842
90.3801
91.0805
92.7162
93.2501
92.8554
95.6496
97.5984
97.4889
97.5494
98.0024
98.2042
97.2765
97.3105
100.308
101.139
101.607
102.979
102.901
101.053
100.053
98.7996
97.6233
100.095
98.5309
96.0341
97.0055
97.0881
96.0848
94.8585
95.0053
95.3615
93.9318
95.6369
95.3167
94.3589
93.834
93.0318
92.3938
92.3312
92.5335
92.0521
93.4481
93.9199
94.1091
93.9511
92.2431
91.7868
91.9198
92.9659
91.621
91.1311
89.7298
90.6368
91.2683
92.2523
92.0967
91.1736
89.1386
90.0112
89.9291
90.8993
90.5841
91.998
93.551
93.1018
93.4564
94.904
94.7334
93.4574
94.721
95.7865
96.7387
98.295
98.12
98.235
97.6791
97.9976
97.1904
96.7092
97.077
96.9461
98.534
96.2197
94.9598
95.3375
95.455
98.7066
95.5135
95.76
95.3557
95.4322
94.4159
91.2883
89.8001
88.4353
88.116
87.7534
89.6765
90.3622
90.4489
90.7937
87.5187
87.0437
88.6264
88.6322
87.6343
88.9368
89.4575
89.5141
89.7866
88.8321
89.2897
86.9427
89.1018
86.5089
86.6132
86.8343
85.4252
85.9699
85.0369
84.646
83.9545
84.3568
82.763
81.6906
84.0808
82.9142
81.8395
84.2152
82.6303
82.0355
82.7258
82.482
81.2694
83.9911
82.4871
80.849
80.7988
81.4886
80.5246
78.7254
79.2633
79.8567
78.7854
79.5059
79.8871
78.9858
79.173
77.2596
78.852
77.5424
78.755
78.8328
79.2758
79.1496
79.6367
77.9948
77.1625
77.5617
75.9145
75.8283
76.0808
75.3056
75.7128
74.483
73.3046
72.6734
73.5824
74.0479
74.0375
73.2544
74.3545
76.3014
76.1817
75.3384
74.5608
75.0542
74.7966
73.4691
72.6278
73.7249
73.5506
74.3213
73.3506
73.4096
74.7517
75.6286
76.9206
76.2409
76.1122
