98.3464
97.2273
94.6684
97.4088
96.2398
98.6961
99.7033
100.804
101.003
101.698
101.601
103.385
102.462
104.539
104.122
105.496
104.633
104.164
103.896
105.546
103.945
101.439
100.597
99.2461
98.578
99.2876
100.028
99.3806
99.5712
100.341
102.29
104.181
104.375
102.686
101.586
101.212
99.2848
97.8976
97.7678
96.8461
98.2244
97.7309
96.48
96.6638
97.5209
100.223
100.991
102.857
103.137
102.658
103.968
104.125
104.573
105.228
104.289
105.026
104.854
105.144
105.488
105.373
106.286
103.448
104.818
104.976
106.129
104.86
103.923
102.325
102.722
103.407
103.882
104.317
103.801
103.422
105.92
105.938
105.586
104.386
105.233
107.645
108.921
109.611
110.975
110.729
110.098
109.542
109.758
109.672
108.468
108.878
111.171
111.585
112.364
109.833
108.771
111.326
112.754
111.414
110.205
109.649
110.242
110.828
113.795
110.512
110.467
111.228
112.603
111.739
108.776
107.464
108.641
108.677
106.914
106.104
106.32
105.326
105.882
106.23
105.508
107.207
107.787
106.184
104.407
104.385
105.228
104.928
105.99
107.874
107.565
108.3
105.92
106.469
107.294
105.537
102.942
102.213
102.47
103.286
102.987
103.679
102.226
101.334
101.899
100.075
101.258
98.4927
96.8138
97.024
97.1954
96.9397
97.4376
96.3969
98.0254
98.744
98.1842
97.7355
99.1752
98.9008
98.5175
99.1129
101.502
102.121
100.46
100.217
100.873
98.7928
97.4436
99.7102
97.9448
96.8475
97.0552
98.8161
98.1616
100.474
98.9891
98.0428
97.0007
98.2512
97.1646
96.9931
97.5116
96.5873
95.7626
92.4869
93.2557
91.391
91.5776
91.5905
90.3924
90.212
91.1181
90.516
90.9913
91.2062
90.533
87.5878
87.5188
88.0962
87.5506
90.0682
91.5632
92.4243
90.4705
90.6093
89.0475
89.324
90.3095
90.4568
89.539
90.4746
89.1198
89.3209
87.2614
88.5321
86.3986
86.0452
85.8958
86.1133
85.183
85.1107
84.8367
84.9406
85.0205
84.6668
85.544
86.3918
86.264
85.8417
86.0201
86.1316
85.5537
85.6849
84.9382
84.5047
84.4526
84.1717
86.6968
84.5537
82.896
82.2471
83.3336
82.0503
82.3824
82.9039
81.2757
82.0517
82.5979
80.1303
78.8776
77.9727
76.3666
77.0573
75.3821
77.4263
75.7464
76.6759
77.8834
78.5775
78.7589
77.9755
77.0556
77.1781
76.6418
77.0286
76.0097
76.9374
78.2891
79.1996
80.0298
80.4185
80.8882
82.5731
83.2878
82.7942
82.1133
83.7232
83.0164
83.7636
85.3741
85.4254
83.5575
84.3393
82.0431
83.1398
82.9903
81.1846
81.4335
83.7595
84.3503
85.3695
86.5986
83.5071
83.3316
81.9031
81.147
83.3576
82.1998
83.0196
84.3239
85.0942
85.2275
84.7583
85.3918
85.0499
86.1896
86.754
84.0135
82.9576
82.1466
82.7454
83.335
84.2925
85.3722
83.8924
82.7377
82.1431
80.861
80.5474
79.8771
80.1773
80.8361
81.3575
79.9795
80.8467
81.3074
82.6653
81.8606
83.7632
84.5359
83.576
82.0554
82.0348
82.4473
81.7644
81.1749
81.7216
82.024
80.7386
79.3421
78.7536
79.3527
79.7366
79.3815
78.1799
75.6573
77.0128
77.6219
79.8358
79.7616
79.7823
80.8393
82.4374
84.4528
85.3177
83.4311
83.2951
82.1909
82.3689
82.7804
82.4233
82.5169
81.7058
79.3491
79.337
78.9098
80.9997
82.3808
81.9847
81.8865
83.3094
82.6413
81.288
82.1999
81.9746
81.8569
84.4426
83.2234
81.0877
82.7785
82.8248
81.7898
83.9952
84.0238
84.265
83.4119
82.6977
82.2567
81.1124
81.8126
80.7868
80.2906
79.2034
79.1703
78.8813
79.3257
76.7726
76.8853
75.8276
74.6759
75.6283
75.2914
75.6724
74.6249
73.7008
72.8369
73.3556
73.2297
70.9777
70.2857
70.6674
69.9377
69.9748
70.9206
71.0002
72.6324
73.6531
71.561
70.9521
69.4041
69.4167
68.6977
69.0804
69.658
69.4158
68.0211
67.9469
67.4417
67.4423
67.2923
67.2879
67.3765
67.6172
67.2892
67.244
68.3753
68.8751
67.5713
68.9268
67.1231
67.9315
66.8956
67.6875
66.9114
67.7664
67.3862
67.548
68.3137
69.5274
69.3135
69.095
68.0165
67.6908
67.8434
67.6368
67.4273
65.8372
65.9241
66.4422
66.0788
65.7361
65.5845
65.1427
65.4843
65.6702
65.0286
64.1239
64.3436
65.2171
66.2384
66.818
65.3075
67.0433
66.8357
66.9656
67.6539
68.2952
67.9539
69.2694
67.975
68.7767
68.0887
67.778
68.3721
69.2273
66.9735
66.8661
66.3614
66.6225
66.4481
66.4653
67.3524
68.0249
67.8458
68.025
67.8499
67.6644
66.8511
67.1104
67.5142
67.3344
67.4354
66.5697
65.7003
64.9592
64.6215
65.4123
63.7606
64.0957
62.3717
61.0852
61.2582
61.8324
61.7908
61.3541
61.2995
61.0508
61.7304
62.2408
60.9109
60.1522
62.0693
61.124
60.9005
61.4509
61.2352
60.5508
61.1587
59.994
59.9458
58.7116
59.2948
60.1786
60.1759
59.3284
59.5279
60.2148
60.2887
59.7799
60.3255
59.33
59.9079
59.1338
59.7639
59.4915
58.9415
60.7098
60.3779
60.4562
61.4314
61.8605
60.4126
60.7732
59.2822
60.004
60.5598
59.9559
58.8824
58.8332
59.624
59.6739
59.57
60.2916
60.9296
60.2159
59.223
59.1279
57.7169
58.1397
57.3988
56.8219
56.1297
55.8398
56.7084
56.3052
55.6515
55.5917
56.1038
56.0461
55.5688
55.6997
55.0862
55.433
54.7243
53.9558
53.5932
52.6921
52.4216
53.6569
53.1306
53.3205
53.5678
53.0362
53.3492
54.0194
53.9902
53.2569
53.4804
53.8723
54.9599
53.6803
