98.7704
98.2204
99.3577
99.8467
100.528
98.1305
97.2773
99.3218
100.131
100.957
100.261
101.467
100.504
99.359
100.689
100.99
100.535
100.226
100.417
100.153
100.389
98.4084
98.2575
95.1417
95.8355
96.121
97.3553
99.0621
98.7126
98.5727
99.3993
100.918
99.848
98.1744
97.2832
97.5191
98.6682
98.3725
99.987
100.693
100.458
101.27
99.2396
97.0591
99.8037
101.22
100.812
100.919
100.798
101.592
101.127
102.432
102.757
101.263
100.846
98.9288
98.0775
96.8076
96.0851
95.6069
96.4211
96.4881
95.3404
97.022
93.8169
93.9461
95.2279
96.706
97.0237
96.7814
99.0966
98.6112
97.6768
97.441
97.5943
97.5403
95.4987
93.6968
94.4132
94.1948
94.1812
95.2462
96.2324
96.9442
96.5606
97.4559
97.3677
96.921
97.4
99.1012
100.142
100.139
98.9746
97.6703
97.8097
98.3836
97.7902
98.957
100.783
99.9324
99.2843
98.4869
97.4356
96.7501
97.7252
99.0036
97.6354
97.3412
96.0455
93.9649
94.5656
93.3524
91.7343
94.5857
95.7303
97.3394
96.8905
96.3635
96.5559
98.0056
99.0409
99.5682
99.5028
100.031
98.3537
98.6109
97.4084
96.4942
97.2367
98.9055
100.309
100.108
102.159
101.592
104.024
104.295
104.369
105.767
104.997
102.315
102.288
104.831
105.168
103.721
103.371
103.846
104.188
105.336
106.659
110.939
110.37
112.257
110.559
109.595
106.444
103.739
102.122
103.692
101.807
101.89
102.59
103.629
103.766
103.51
101.638
102.343
102.7
104.491
105.237
105.308
102.854
104.866
103.096
104.295
104.798
103.261
102.216
104.546
106.206
106.69
106.461
106.65
106.745
107.074
103.499
104.622
104.532
105.643
106.177
107.36
107.248
107.801
106.484
105.099
106.335
106.036
105.288
103.203
105.127
104.652
103.733
105.209
105.601
101.853
100.398
100.454
101.947
102.317
101.801
101.128
103.307
104.255
104.293
104.309
104.896
104.945
106.734
107.11
106.082
106.731
106.595
107.146
107.179
106.93
104.937
104.191
103.848
104.056
107.174
105.422
105.457
103.982
104.717
104.127
105.768
104.918
107.012
106.514
106.564
107.412
108.099
105.145
105.849
107.407
105.713
104.218
105.911
105.563
104.216
104.19
103.431
101.888
102.18
102.87
104.609
106.137
104.718
104.815
104.61
105.624
105.998
104.597
104.163
103.758
106.402
104.726
105.511
104.198
105.298
105.778
106.877
104.656
103.67
103.245
103.377
102.135
101.915
102.063
102.063
103.641
103.509
101.442
100.516
101.569
100.094
101.018
101.99
101.985
100.789
100.902
100.871
99.5262
100.723
97.255
98.6098
100.71
100.227
99.7236
97.4152
94.8871
95.1016
93.9839
94.2524
95.3603
93.1945
93.8635
92.5378
94.2801
92.4475
90.9181
91.4182
89.5597
90.2529
91.1596
93.137
92.9082
92.7553
92.7534
93.4881
92.039
92.5538
93.1366
90.9355
90.418
90.9911
88.8156
87.0363
87.015
87.9225
89.5375
91.4971
91.9758
90.9368
92.4889
92.294
90.8896
90.3768
90.4949
92.6735
93.0173
93.4486
93.057
92.2223
92.0759
93.4822
92.6477
89.8736
89.1698
87.2255
85.8099
85.8073
86.356
85.176
84.5058
84.9374
82.7563
81.2906
80.3306
80.0861
79.9194
78.1265
76.2555
76.4361
75.8893
74.5068
74.2031
72.8195
72.4243
72.0235
71.4291
69.5962
70.9556
70.2752
69.8353
69.7646
70.2064
68.2384
68.6664
68.0638
67.6909
68.2442
68.3789
68.3749
67.9352
68.2825
68.1956
68.3314
66.6738
66.0253
66.3852
66.9101
66.6397
67.3889
65.7042
65.6461
64.1555
63.7658
65.1564
65.1739
64.5041
65.0713
64.3396
64.3685
65.4095
65.8964
66.144
67.2413
68.1025
67.1628
67.6467
67.5234
67.2348
66.0813
64.962
65.2782
65.4193
65.2812
64.6007
64.6884
64.2907
64.1995
64.6579
64.2697
63.5712
64.7482
64.416
65.0391
65.3065
65.1157
63.7391
63.731
64.9344
65.764
65.7781
65.7671
65.6925
65.0228
65.6199
64.7084
64.0494
63.7072
63.7314
62.9741
62.2196
63.1936
62.764
62.9146
62.2566
63.282
62.8357
63.4334
63.6404
63.3847
63.3327
63.9341
64.353
63.5585
63.5515
63.1714
63.2055
63.6269
63.7474
64.096
64.5739
65.5774
66.5023
65.4571
64.2864
63.6743
63.2852
64.3892
64.5745
65.0631
65.6412
65.2536
64.8669
65.5801
66.9063
67.6796
66.4359
65.6276
65.1939
65.6562
65.4737
65.7069
63.9504
64.7057
65.6199
65.69
64.755
64.0536
63.7131
63.5895
65.226
65.1185
65.5784
66.1042
66.0957
65.4799
66.7204
65.3592
64.3665
64.0743
64.8891
63.925
62.951
62.4812
63.9573
63.582
63.3453
63.4401
63.9543
65.6248
65.369
65.6013
66.9294
66.7585
66.4572
66.0008
66.3702
64.4239
65.4789
65.7974
66.8608
68.1762
68.7593
68.3784
68.2986
69.3426
69.6492
69.818
68.97
69.5661
70.3419
70.9898
71.1572
72.0889
71.5629
70.5396
72.1308
73.2083
71.3692
71.2646
72.0327
71.7759
71.7681
71.8986
70.0363
70.6743
71.067
71.3676
71.4609
71.1057
70.3888
69.1607
68.8251
70.16
68.9566
69.3882
69.7494
69.1548
69.8645
70.5219
69.7433
68.6874
68.7889
68.3069
67.8426
68.6707
69.7041
70.7176
72.083
71.0975
70.6805
71.7252
71.1254
69.4554
68.7538
68.5315
67.3703
67.0115
67.8667
68.3609
68.3185
68.9636
68.8342
68.7232
68.7986
69.0735
68.8064
69.0223
68.9913
69.5865
68.8058
68.3561
68.7789
68.2261
68.223
69.184
69.2698
