100.899
102.365
100.969
100.65
100.966
99.4547
99.8858
99.4759
100.989
99.8282
101.044
98.952
98.7729
100.763
98.0995
98.0368
98.3935
97.1801
96.1228
93.3354
92.3911
92.2472
92.5128
92.5306
91.7827
92.2667
91.8556
90.1407
89.9152
89.1201
87.9686
88.4389
90.0193
89.2491
87.4086
87.6258
88.2458
88.2884
87.2162
87.1142
86.1109
87.2076
87.5106
86.8376
87.3545
87.6056
85.1368
85.7241
85.3635
86.8403
85.5895
83.9502
85.7148
85.4901
85.8908
86.9458
86.4984
85.6876
85.2762
85.5762
86.9175
87.7628
86.7312
87.3206
87.4097
87.7087
84.9801
85.2567
84.3169
84.5957
84.798
83.9709
85.1771
88.2625
88.7941
90.5174
89.3021
87.787
86.1204
84.8748
85.0057
84.4607
86.3354
84.4205
81.8849
81.1607
80.9863
81.9767
81.5932
80.4953
80.9352
79.6206
80.5588
81.2938
82.0674
81.6599
81.2307
79.8523
79.0161
78.9568
77.7765
77.0964
77.409
77.93
79.8369
79.9928
79.3507
80.3476
80.1507
81.9007
82.1089
78.4105
79.5232
78.0727
77.7686
76.7669
76.59
76.4859
76.0715
75.5086
75.1221
76.0339
76.5399
77.3487
77.6166
78.5601
78.703
78.0663
77.2365
74.7593
74.4854
73.7393
73.9215
73.2646
74.6849
74.2025
74.167
73.8583
72.9562
72.781
73.8911
74.5549
74.0265
73.5672
73.5611
72.7402
71.6165
70.7695
72.5313
72.7078
71.8338
71.0923
70.4804
70.1878
70.5542
69.2269
68.7607
69.2842
69.5249
72.0222
72.6777
72.376
70.8256
70.9179
71.8003
71.6625
71.4437
70.0193
68.197
68.1828
66.684
67.831
67.1707
68.1326
68.5364
67.7214
68.2519
68.6104
67.7397
65.7484
65.6322
65.5547
65.3892
64.9975
64.4321
64.2026
64.1975
62.7451
62.7565
63.6867
63.289
62.312
61.5724
62.055
63.5157
63.3355
62.2982
62.4593
61.0698
60.8175
60.7638
60.3758
60.3061
61.208
61.8658
61.537
61.0077
60.7815
61.6059
61.1378
60.7459
60.0926
59.3806
60.7081
61.6257
60.6833
59.2235
58.8767
56.8712
57.5833
56.6879
57.3871
57.5086
56.0248
55.5749
55.1677
54.8432
55.6688
55.7138
56.6371
56.3615
56.5818
57.264
56.8354
56.3452
55.3377
55.1419
54.2763
55.3165
55.9534
55.5977
56.5361
57.8011
58.6994
59.5548
60.3638
61.3369
59.6198
59.6456
59.9831
60.0165
60.411
60.5816
60.9448
62.3148
63.0347
64.5569
64.2396
65.1303
64.1795
64.1622
63.0178
63.8571
63.4434
63.1001
64.2316
64.1683
64.1855
64.4201
62.9804
63.1544
62.5917
63.2005
62.9137
61.9216
61.5949
60.5352
60.4381
60.5367
61.0926
60.4967
60.2441
60.4638
60.2737
60.5167
59.3425
58.9212
58.0344
58.115
58.276
58.4871
57.9602
58.5152
59.2211
59.034
58.6842
58.0745
57.726
58.1442
58.1403
56.9677
56.4421
55.6382
56.7373
57.4591
58.1407
59.6781
60.1375
58.6375
58.7517
58.414
59.2299
59.297
58.6875
57.7182
57.2976
57.6522
59.3007
60.2639
60
59.8578
60.8288
62.4646
63.925
64.0214
65.7566
64.9926
65.5257
65.4947
64.7388
63.6898
63.6804
62.9766
63.2778
63.1939
63.4386
62.3143
62.8949
63.3012
62.9967
62.7834
63.4451
63.7901
63.6795
63.5051
64.4376
62.7028
62.381
61.1266
61.8072
62.2018
63.2345
63.4275
62.9352
62.6218
62.2339
61.3777
61.6614
61.9851
62.5678
62.7186
63.9372
63.9717
63.6218
64.1864
63.8233
63.1495
62.2427
63.3964
63.4984
63.6396
64.1925
62.4159
61.5312
61.0091
60.9758
62.5109
61.9665
62.0372
62.463
62.3564
62.2291
62.8459
62.2779
62.3432
62.1648
61.8563
61.4441
60.8794
60.7276
60.0732
59.9131
59.5113
58.591
58.0906
58.4442
58.0803
57.7545
58.48
59.3322
58.7549
58.2726
58.6088
58.2051
57.8197
58.5565
58.1136
56.9729
58.1064
57.8636
59.2418
59.2135
58.3878
59.1233
59.6921
60.3916
61.1136
61.8478
63.0485
63.722
63.5253
62.2297
62.52
60.5679
61.7401
60.7882
60.1206
58.2255
58.7678
59.6307
59.0809
58.3262
57.7323
57.4716
57.5203
58.9269
59.1075
58.4597
59.4097
58.0648
57.8202
56.4262
57.4366
57.6238
57.566
57.481
56.4603
56.9647
58.2327
57.9055
56.8109
55.9964
55.9556
55.4607
55.5478
55.3359
55.7087
55.8505
55.1597
53.9244
52.5653
53.0843
53.072
53.198
53.403
53.7211
53.6057
53.4792
53.2525
52.8214
53.409
52.8561
52.9857
53.9283
54.1881
55.5095
55.4683
54.5927
55.1008
55.886
54.7645
54.9523
53.4331
53.8845
54.6203
53.1593
52.7287
52.5747
51.8665
52.1207
53.3413
52.9082
52.9972
53.0908
53.1519
52.6737
53.4967
53.9305
53.2102
53.9083
53.3261
53.8441
53.671
53.5781
53.5423
53.4311
54.0917
54.0227
54.7173
54.6423
56.0669
56.4634
55.3043
56.4859
56.3899
55.9287
55.4872
54.7318
55.0882
54.9796
55.0212
54.2088
54.9781
53.816
52.7645
52.7865
53.3402
53.5829
53.9843
54.4182
53.6722
53.9945
55.109
54.1647
55.3877
53.9248
53.944
54.727
54.6645
55.2866
55.6244
55.0913
55.0556
55.6044
54.8914
55.1819
54.5732
53.4193
53.6041
52.6308
51.5098
50.5528
50.0712
49.6277
50.6072
50.5395
50.8435
51.771
52.1003
52.566
53.5897
54.3636
54.4948
54.8601
55.5064
54.9182
54.7046
53.3125
53.3493
52.6141
52.5163
52.2691
52.1156
51.9945
52.3949
52.7113
51.2735
50.7927
50.2407
49.9316
49.169
49.3128
49.5773
49.8249
49.5073
49.0388
49.2563
48.9969
49.3421
49.0457
49.9533
50.4402
48.7639
47.8581
47.7199
47.5013
46.4953
47.0762
47.0322
46.5182
