100.512
99.0878
100.283
101.537
102.771
103.698
104.919
104.047
102.449
101.079
101.317
101.909
101.973
101.382
98.968
101.644
100.714
99.4968
99.6358
100.883
100.12
101.61
100.181
101.2
101.401
103.494
104.048
101.974
104.097
104.021
105.268
104.738
107.337
107.994
107.598
108.644
110.045
108.433
107.127
107.941
108.528
107.7
106.577
106.038
103.209
103.598
102.608
102.79
102.573
102.339
101.171
100.59
99.1878
98.7179
100.571
98.9562
100.338
100.288
99.9462
99.4198
99.25
101.387
102.307
103.661
103.994
104.512
104.295
105.451
104.71
104.097
105.01
105.657
104.106
103.801
103.733
104.158
103.513
105.015
104.854
102.067
102.421
102.798
102.755
101.87
103.071
105.448
103.521
101.937
101.781
101.33
101.294
99.1372
98.7771
100.045
102.875
104.175
105.005
101.571
100.309
100.366
99.3727
98.5616
99.6255
100.435
100.207
101.351
102.955
102.224
103.078
104.957
106.848
108.134
108.192
107.369
106.703
106.578
104.717
105.529
106.129
106.149
107.052
107.742
109.074
108.337
106.944
106.298
107.582
108.395
105.624
103.442
104.223
104.197
102.396
101.382
101.225
102.376
102.459
102.421
101.533
102.712
102.432
104.329
103.901
105.047
106.852
106.762
105.972
108.31
109.994
111.549
112.608
112.351
111.724
110.96
114.347
114.606
113.811
112.364
110.127
111.647
110.354
109.647
108.995
107.584
107.283
107.981
107.748
108.027
109.106
107.838
108.88
108.629
108.195
109.045
109.587
108.669
108.091
105.769
103.998
104.64
104.673
104.975
106.541
107.833
104.669
104.868
105.748
108.825
108.101
108.018
109.149
109.303
109.042
108.057
105.541
104.989
106.295
109.196
109.5
110.172
109.883
108.018
108.731
107.793
105.94
105.566
106.411
105.056
105.206
106.284
105.374
105.552
105.074
106.566
106.478
107.424
109.633
112.89
112.679
112.98
111.071
109.523
109.834
110.718
113.009
113.204
112.908
110.517
111.271
110.583
110.622
110.813
111.852
112.872
112.595
113.172
115.648
112.902
112.381
115.338
114.656
116.341
115.672
114.666
114.337
114.905
116.115
117.487
117.067
117.758
116.89
117.733
119.1
118.913
120.899
118.942
120.077
119.364
118.155
116.981
116.395
116.07
117.621
117.212
115.643
117.529
117.145
115.532
118.668
120.326
119.439
118.802
121.006
118.983
117.964
117.489
117.403
117.618
120.64
121.822
118.422
117.529
118.299
117.134
115.75
115.213
116.131
115.087
115.456
116.5
115.111
114.883
113.951
113.122
111.708
111.916
111.201
113.486
112.209
110.294
110.933
109.487
110.007
108.67
106.195
106.782
105.438
104.043
103.075
104.884
105.593
107.503
108.288
108.379
108.51
108.255
107.818
107.367
106.506
107.947
107.305
107.214
104.792
103.289
101.835
101.188
102.078
102.848
101.126
101.062
100.329
100.538
100.105
98.4081
99.0397
99.2938
98.339
98.1501
99.4628
95.112
95.6346
97.4838
95.5923
94.741
96.245
96.4715
95.7173
96.2993
96.2999
96.4667
97.2954
95.7189
93.8155
93.5575
94.1946
93.1013
93.8269
95.2057
96.0487
96.8659
96.7669
94.4604
94.655
95.5448
92.7253
91.9524
90.1328
89.2068
90.0212
89.4689
88.3771
89.2808
88.2565
86.0508
83.9091
84.9249
84.9554
82.6136
82.349
82.2048
81.733
82.1751
83.6301
81.6416
80.7509
80.8884
79.8165
78.5093
79.5254
79.4866
81.0289
80.4869
79.7818
79.7518
80.3495
80.5072
79.944
80.6191
80.8709
80.351
79.8153
80.8283
78.7115
80.0319
80.9846
80.5903
80.892
80.4606
79.1555
80.0661
79.6646
78.6657
76.993
76.0183
74.5136
73.9842
73.4649
73.9192
72.8922
71.6374
72.1827
73.1493
72.6894
72.5755
73.8507
72.7848
74.2127
73.841
74.7155
73.6971
72.7468
72.0057
71.44
72.2753
72.1624
70.42
69.9261
71.4821
73.1622
74.2203
73.1803
72.9077
74.489
72.5917
72.289
72.7212
71.807
73.85
72.8102
72.6317
72.3138
71.7763
71.8788
72.7039
73.4617
72.9374
71.8864
72.1905
71.5701
71.8675
73.7412
73.6665
74.0512
75.1138
76.706
77.0194
78.7586
79.0528
79.524
79.7931
79.7235
81.4839
84.3432
83.2205
82.5221
84.7726
82.6538
82.5109
82.9766
81.6442
81.8913
81.738
82.571
82.2241
83.4441
81.6448
80.2744
80.4376
80.1135
79.5144
78.1799
76.7182
78.5244
78.2643
77.5801
77.8404
75.6465
76.6402
75.8048
76.0734
77.0473
76.2414
76.4986
75.6843
75.9948
75.2717
74.5535
75.8177
75.6723
75.5339
76.5821
77.1317
76.4292
76.2599
75.3308
73.9218
73.4992
73.242
73.3706
74.3457
75.8622
74.7651
74.3779
76.0788
75.8657
76.4854
77.787
79.3784
78.5425
76.6658
77.6758
78.772
78.9706
79.4675
78.4632
80.5768
81.3874
80.4222
80.1831
80.7024
80.0819
79.3433
81.8587
81.7489
81.1251
81.6394
81.7323
80.7588
80.8242
80.0252
80.2143
81.4579
81.6591
80.5803
82.5513
83.9227
85.2853
85.9168
84.8819
84.6836
84.5103
83.3814
82.9677
81.4263
80.6796
82.124
84.4549
83.6758
83.07
84.1427
82.4318
83.7823
80.836
81.2402
81.7047
81.443
81.1607
84.6274
83.0438
81.9846
80.2846
78.0692
77.4285
76.9601
76.4831
75.8427
75.1446
75.5073
76.3222
75.1529
75.2624
75.9519
77.0145
77.8597
77.9796
78.3298
78.9493
78.6975
79.6633
78.6695
