100.516
99.6481
98.391
99.326
96.7755
98.5532
97.4555
97.0442
97.4912
97.9597
97.8249
98.0681
98.2242
97.903
97.7651
98.006
94.8993
93.8606
93.9433
96.1903
95.9737
94.9818
95.8127
96.3796
96.3904
97.3881
97.8816
99.251
100.228
100.696
101.67
101.468
100.725
100.689
102.267
102.308
102.6
101.406
103.527
103.195
102.978
101.54
100.902
101.357
102.869
103.922
106.576
107.906
109.904
109.134
108.077
107.567
106.521
105.463
107.738
108.621
107.907
108.509
108.092
107.697
106.18
107.875
108.511
107.805
107.035
105.892
106.598
105.579
106.597
104.363
102.929
103.631
106.591
110.438
110.659
111.261
111.388
112.565
114.343
115.217
116.253
117.246
117.975
116.962
117.61
117.67
115.876
115.635
115.567
114.142
114.962
115.846
115.112
116.946
118.62
115.738
114.353
115.337
115.566
114.414
116.555
116.38
118.061
117.276
117.214
116.988
120.401
117.019
117.106
115.958
117.744
117.659
117.708
118.808
118.963
119.078
119.249
116.102
115.268
116.261
114.944
114.418
114.318
114.803
114.364
115.644
117.755
117.173
115.327
113.918
113.151
114.329
112.821
114.29
112.651
112.774
113.695
117.188
117.609
117.633
115.994
117.348
117.525
114.392
114.651
115.045
113.836
113.672
112.667
113.317
112.631
113.1
113.078
116.077
116.608
117.536
119.718
119.29
119.048
119.629
118.85
117.881
118.482
118.085
121.176
120.607
121.527
122.925
122.895
122.784
124.418
126.172
128.464
126.756
127.915
127.881
128.947
128.892
126.611
128.783
127.142
128.954
129.232
125.695
126.964
126.377
126.946
125.296
129.023
128.027
128.599
131.317
131.949
131.366
132.892
132.333
131.706
132.765
132.754
133.26
133.545
133.971
134.637
135.206
135.135
135.044
134.719
135.509
137.681
137.895
137.285
138.686
140.558
138.877
139.801
141.216
141.421
145.694
143.644
145.074
147.714
150.386
146.776
143.717
143.384
144.926
143.294
144.144
142.796
140.767
141.258
142.57
141.047
140.661
141.841
141.131
143.361
141.878
142.342
139.865
140.821
141.88
140.915
141.103
141.023
143.477
144.897
142.891
143.055
144.9
144.123
147.289
150.456
148.648
150.647
151.149
149.332
148.537
148.507
147.586
145.324
146.789
147.372
149.303
151.221
152.228
155.895
157.411
154.863
154.361
158.958
160.169
157.809
159.607
161.075
160.668
158.039
157.782
156.684
156.609
155.781
156.291
156.599
156.471
155.787
156.287
158.364
161.627
162.599
161.615
159.821
160.228
160.517
160.056
159.261
157.62
156.434
157.046
156.444
157.759
157.826
157.494
159.014
158.697
156.487
159.703
159.581
161.322
161.941
161.298
161.455
160.541
163.402
164.012
168.144
169.017
166.404
167.564
163.996
163.069
164.806
167.929
170.206
169.157
170.15
173.398
173.926
175.199
175.434
179.652
178.705
181.196
183.098
187.456
187.576
186.023
184.972
186.604
188.315
190.461
191.709
189.378
188.591
189.944
191.523
190.033
189.728
187.357
191.496
190.077
193.158
192.037
189.744
195.347
197.425
200.129
204.157
207.9
205.758
202.811
202.379
204.659
206.28
206.373
207.595
211.602
213.019
210.158
208.45
207.449
206.129
200.912
201.154
200.397
195.446
197.443
197.382
198.214
202.797
201.74
201.956
202.941
201.512
198.443
203.111
199.588
196.769
196.809
199.175
199.23
201.984
208.059
208.924
209.97
211.887
211.395
209.232
207.491
204.737
201.86
200.058
196.599
197.768
198.025
197.352
195.071
196.797
199.375
200.949
203.911
204.221
203.94
202.816
203.194
202.565
200.45
198.707
202.864
207.875
209.621
212.191
216.236
214.617
218.572
223.016
217.449
219.062
221.436
223.503
224.708
220.849
224.245
224.327
224.782
223.617
225.067
224.841
226.598
228.526
229.712
229.654
226.24
225.345
226.767
234.071
234.533
232.476
230.324
235.124
232.932
227.925
227.878
225.449
225.807
226.497
224.131
224.842
228.47
228.865
230.616
230.782
232.398
234.726
234.376
235.656
233.974
231.392
234.572
234.693
233.236
235.974
234.155
236.99
236.124
236.853
236.163
234.906
233.604
229.966
234.655
237.448
239.424
244.491
242.142
240.693
238.955
237.34
241.446
248.526
244.018
241.67
241.91
240.689
236.408
238.682
235.815
233.658
237.104
237.682
235.243
237.117
238.883
241.317
241.667
243.995
242.964
235.824
237.537
240.375
239.255
232.898
237.347
243.745
244.595
242.371
245.233
242.635
240.939
236.304
236.521
241.935
242.302
240.381
236.078
240.108
242.078
246.874
245.592
246.348
243.12
242.509
244.041
245.832
247.643
247.034
250.175
250.058
250.695
253.246
254.599
257.087
250.914
251.972
254.498
258.763
264.2
261.122
255.824
254.87
257.078
253.8
250.687
249.287
247.935
244.72
244.43
237.343
235.167
235.211
235.562
235.015
230.9
231.752
232.231
226.619
219.477
219.772
219.79
216.135
218.374
216.81
216.7
218.84
217.313
219.429
218.713
218.695
218.097
215.622
214.84
211.906
215.891
220.171
222.421
223.26
221.195
215.762
211.891
207.787
208.631
215.163
214.36
215.787
222.605
228.099
224.547
222.675
218.881
219.17
216.126
