100.619
99.7829
98.6604
98.8118
98.7573
96.2177
95.4651
95.2557
93.482
93.2363
94.463
93.9455
95.6986
94.2133
93.1892
91.5361
91.1227
91.8182
90.8643
91.8546
94.0326
91.7708
90.3614
89.8453
90.4113
89.3802
88.305
89.6999
90.7405
89.7071
90.6131
88.4852
90.7988
90.9215
90.7361
88.9059
89.6874
89.7907
88.9859
89.1584
90.3726
89.5891
88.7638
86.7306
87.0443
86.4716
88.7999
87.7072
87.061
88.9528
90.1307
90.4714
89.238
90.8633
91.651
91.3014
92.1283
92.2017
91.9459
94.1409
95.3239
95.3687
96.0788
96.5823
97.5095
98.9008
100.919
101.232
100.825
100.347
98.3422
99.5695
98.1063
99.2135
101.616
102.034
100.466
101.882
101.333
101.92
100.417
98.896
98.6316
98.0574
99.1291
98.0459
97.0926
96.9977
98.1218
100.743
99.2753
100.722
101.117
100.496
103.69
105.001
104.103
105.728
105.341
105.364
105.007
105.294
102.351
100.048
100.411
100.406
99.7528
99.7782
97.7874
98.0882
97.6185
96.3221
97.3344
96.9453
99.3552
98.5341
102.573
105.356
106.537
105.612
106.578
106.617
105.463
104.216
104.448
103.876
103.273
102.381
103.722
103.866
105.394
104.101
103.115
103.542
103.802
103.353
103.248
105.081
102.437
103.121
101.372
102.82
103.356
104.472
106.399
106.149
107.319
106.658
109.368
109.752
111.691
113.375
114.189
114.75
113.767
111.405
111.967
109.153
111.784
112.492
114.262
111.932
111.302
110.318
109.65
111.888
111.555
111.163
111.34
110.423
110.641
111.736
113.854
115.331
117.1
117.593
117.149
118.927
118.817
118.794
118.389
116.45
116.158
115.748
115.482
116.109
118.71
119.135
119.231
117.978
116.049
116.645
116.936
115.487
115.288
115.431
115.706
114.359
111.621
113.048
113.667
112.691
114.024
114.164
115.221
114.278
115.695
115.4
114.679
116.296
117.146
117.921
119.152
119.109
117.965
118.46
119.312
119.553
117.253
117.902
117.881
119.608
120.259
120.179
121.778
120.524
120.254
118.313
119.221
117.802
121.244
121.311
119.986
121.133
121.069
119.448
120.754
122.63
123.074
123.633
126.388
125.711
122.645
120.578
121.969
119.665
117.19
116.288
115.669
114.841
114.319
114.102
114.155
115.6
117.828
118.545
118.226
120.227
121.304
120.02
120.332
118.968
115.691
115.794
116.941
114.208
113.095
114.028
114.607
114.044
113.419
115.847
116.289
118.705
120.477
122.254
124.306
123.501
121.509
119.656
121.1
119.833
119.359
120.864
119.568
120.235
117.856
119.683
123.073
122.569
123.835
124.91
123.108
123.744
123.328
125.761
124.798
127.157
126.085
126.393
125.003
123.673
124.781
123.562
124.122
126.323
123.385
123.345
122.876
125.606
126.45
126.287
125.219
123.473
123.91
126.8
127.747
129.117
129.367
128.522
129.146
127.635
125.439
125.225
125.003
126.828
124.966
123.912
123.834
122.779
121.28
121.355
121.519
122.255
124.167
125.316
126.084
129.27
128.678
127.07
127.36
125.981
128.995
127.264
127.108
128.016
130.028
130.218
133.001
131.739
132.089
132.817
131.006
130.175
130.866
131.301
131.886
130.633
130.503
131.602
130.664
131.342
130.16
129.461
128.427
129.479
127.21
128.579
128.3
126.689
126.397
126.838
124.601
123.19
123.632
122.236
121.074
119.628
120.257
121.253
118.616
116.832
117.138
117.073
119.375
120.986
121.374
121.497
120.987
120.714
120.303
121.719
122.071
121.086
121.77
121.892
119.36
121.055
122.757
122.782
123.378
123.752
123.591
124.519
126.458
123.613
123.875
123.974
125.491
126.119
124.971
125.579
126.291
127.452
126.478
125.958
124.493
124.181
125.102
126.472
128.995
129.649
131.642
131.026
128.674
130.139
128.163
129.235
129.205
128.429
128.469
128.528
128.676
129.212
129.051
129.263
131.256
131.858
130.209
130.091
131.777
134.137
134.089
134.394
133.126
132.199
134.262
134.274
131.636
131.301
130.323
127.58
128.879
128.924
129.855
130.177
130.734
130.696
130.408
130.189
131.764
133.215
132.295
132.768
134.142
137.765
137.871
137.037
137.901
137.182
136.742
135.893
135.666
134.412
135.832
132.591
130.699
130.682
129.844
130.4
129.989
130.891
132.191
130.658
132.242
133.935
135.726
137.679
133.413
133.856
131.862
132.245
133.99
135.694
134.906
137.151
136.932
137.559
137.191
135.153
134.696
134.903
134.305
133.696
131.595
129.704
130.994
133.25
132.95
132.887
134.98
141.397
143.192
142.225
141.911
144.315
143.374
143.49
143.261
143.457
142.193
142.213
141.686
141.74
140.505
142.534
142.414
141.248
141.829
145.062
143.78
142.645
142.546
140.631
139.48
136.929
132.172
132.312
133.157
131.83
132.041
131.398
133.911
133.689
135.402
135.238
135.931
134.467
136.871
140.579
139.357
140.761
138.332
139.35
139.592
140.445
144.535
145.275
147.944
147.208
147.996
150.307
149.426
151.485
153.339
155.668
154.401
156.756
155.856
155.534
153.835
152.857
150.635
150.843
150.587
152.834
153.065
155.023
152.317
155.387
156.085
155.448
155.037
152.371
154.617
154.902
155.719
153.581
155.855
154.222
155.566
154.928
154.209
153.589
150.472
152.614
155.639
155.349
156.49
159.205
