100.998
99.6025
99.4346
99.2758
98.8912
99.7747
100.749
99.7113
98.6608
100.19
98.1733
98.5989
99.3858
99.6935
98.1834
96.1096
97.9198
96.5383
96.9622
96.0682
94.4018
96.2403
96.7872
98.2517
97.387
97.6401
97.3891
98.4352
98.6238
95.8066
96.0635
95.5773
95.9872
95.6753
97.5273
97.9074
95.2026
97.073
97.3605
98.2762
97.2088
98.695
98.2991
100.828
98.5883
99.4039
99.9651
100.875
100.933
101.629
101.169
100.264
100.252
100.481
98.9669
100.404
98.7653
99.1257
99.3797
97.9156
99.0399
98.8243
96.7006
96.1577
95.7615
95.5072
96.3829
95.7355
94.6789
94.9432
96.2055
95.6231
94.1318
94.4387
93.7018
94.9529
96.0285
95.1981
92.4688
91.3439
92.9602
92.9854
94.6612
95.2762
93.4433
92.9619
92.4161
91.9938
91.9306
92.0606
92.0911
90.6684
92.0859
90.8552
90.5959
91.5439
90.1034
91.3173
90.4763
91.5955
88.6411
90.4753
91.195
90.8147
92.7124
92.7
89.4498
89.7019
89.6566
88.769
90.4097
90.6434
88.4411
88.6772
89.1047
87.5275
86.5589
87.3659
86.0466
87.4201
86.5316
86.3934
86.8337
87.5197
87.5155
88.2624
89.3147
89.6142
89.8003
88.1819
88.7724
88.4252
87.6848
89.1931
88.2787
87.2864
86.099
85.6866
84.9347
83.8572
84.1504
83.2976
84.3471
84.8277
85.0519
85.0374
86.1085
85.7035
85.278
86.2163
87.4294
87.1668
88.8102
89.1739
88.8356
87.302
86.6522
86.7891
87.1036
88.1487
86.4522
86.2729
86.8647
87.4332
86.4276
87.6682
87.3303
87.7804
88.4994
89.4777
89.779
90.9712
90.4405
93.3462
94.6693
93.3374
93.4431
95.2395
97.7913
98.5299
98.4883
97.3838
98.8271
97.2063
97.1127
98.4439
99.4818
99.6851
98.74
97.6332
95.2974
96.0671
96.2674
95.6975
95.603
94.6955
93.4063
92.0272
92.0205
91.7037
93.5556
95.0078
94.9394
95.2797
96.718
95.4208
95.6132
95.5484
94.17
95.8808
96.0377
96.7276
96.8947
95.2587
94.2267
93.3976
92.2187
93.2241
92.5882
92.2319
90.5255
89.2076
88.6811
89.939
89.9875
92.2631
92.3321
91.6831
91.6925
90.6967
89.9169
89.8064
87.7816
87.843
86.1421
86.609
85.0331
86.1201
84.353
84.4564
85.977
84.3427
84.9151
82.8441
82.9381
83.3718
83.6971
84.2667
84.4894
86.1122
86.9418
85.5292
87.4724
88.5154
87.8364
87.5603
87.8723
87.0569
88.6253
89.5449
90.9504
91.3422
88.7323
90.3478
89.5216
86.7888
87.7901
87.6813
88.1282
88.1173
86.643
87.3602
85.6644
85.2647
86.7937
88.7784
90.4662
90.6607
91.1164
91.4565
92.8551
92.3183
91.4448
90.4568
91.5217
91.4899
93.1602
93.556
94.1124
95.7132
98.2221
99.3127
100.403
100.291
98.6322
100.364
99.9298
100.762
99.4461
100.023
100.475
99.1089
99.2457
100.684
100.568
99.4995
99.7825
99.144
98.4464
101.522
102.059
103.923
105.539
105.433
104.381
104.119
104.911
105.989
106.652
103.324
103.073
101.782
101.205
99.518
99.1261
101.148
101.39
101.047
102.106
103.251
102.239
104.346
107.025
106.008
106.034
107.55
108.252
108.539
106.317
106.207
105.5
104.299
105.333
106.298
106.716
104.868
106.868
106.131
105.464
103.77
104.435
104.485
105.802
107.896
104.769
104.797
104.237
103.515
102.479
101.839
100.334
100.932
101.352
99.8638
99.1554
97.4555
97.6588
96.3265
95.696
94.8383
96.1012
96.3179
97.4149
97.7919
98.4479
97.9047
99.5646
100.153
100.46
102.759
101.097
101.088
101.767
103.399
102.719
103.351
105.309
106.157
103.47
103.061
106.622
108.752
108.868
108.692
107.744
104.027
102.319
102.11
104.069
105.615
106.275
105.495
106.061
106.021
109.059
108.696
107.687
109.955
113.227
113.291
112.344
111.225
109.508
109.692
109.279
109.361
111.551
111.403
110.253
111.701
110.394
110.628
111.972
110.305
110.518
111.222
112.027
110.515
109.355
108.199
108.906
108.738
110.304
111.48
110.09
109.415
110.487
110.219
111.266
110.736
111.735
110.92
111.972
112.267
112.219
113.183
113.299
113.751
115.759
113.718
112.651
112.059
110.44
110.306
109.022
108.263
111.876
111.083
112.849
111.466
113.346
112.233
113.415
112.537
113.134
111.859
111.599
111.85
112.005
113.219
111.994
112.706
111.592
111.493
112.087
112.61
113.06
111.992
111.976
114.265
115.416
117.038
120.224
121.124
119.69
119.632
120.197
121.715
120.162
121.07
120.674
121.734
122.085
119.578
119.274
119.048
118.804
117.279
117.92
119.257
119.032
119.154
121.54
122.729
122.121
122.318
121.554
123.184
120.416
120.395
118.913
116.815
116.829
116.245
116.667
119.142
117.42
118.968
119.218
119.027
116.158
116.674
117.822
116.259
116.077
117.94
117.002
116.359
116.979
117.857
116.713
115.564
112.9
113.214
114.325
113.326
113.314
111.75
114.244
114.097
115.302
116.871
116.641
116.439
115.549
113.265
111.775
110.86
112.202
108.938
111.349
110.288
109.627
110.383
109.299
110.934
111.504
110.487
110.551
109.76
109.624
109.033
109.475
109.2
108.73
109.448
109.911
109.352
108.177
109.162
108.183
107.889
105.629
105.847
105.936
103.779
104.8
103.401
103.983
104.311
103.193
102.909
101.281
101.145
102.792
101.969
103.501
104.651
103.823
102.169
102.147
103.047
104.427
102.948
103.907
106.263
108.011
109.293
109.344
109.993
