100.471
99.7144
99.5402
98.9823
100.233
101.985
101.798
101.613
102.834
101.521
100.214
100.206
102.211
103.032
101.371
104.007
102.75
103.54
106.172
105.555
105.984
105.761
105.795
108.699
107.827
107.859
105.799
107.137
106.952
107.251
109.597
112.068
112.283
113.167
113.64
111.904
113.9
111.934
111.411
110.447
110.723
110.659
111.068
109.189
108.808
108.936
108.839
108.9
106.087
106.483
105.258
105.085
101.407
101.135
99.4581
100.87
100.716
101.788
99.4538
99.6573
98.5364
98.1393
100.493
102.097
100.612
99.0137
96.9229
99.9338
100.428
100.434
101.204
101.239
101.936
102.13
102.255
101.987
102.273
103.565
102.447
102.737
102.835
101.799
101.805
99.4219
98.0519
97.5486
97.0622
97.9832
99.2034
96.2465
95.9453
96.8582
97.5309
98.2912
96.711
97.3934
97.1383
97.9879
99.8774
100.122
101.236
100.883
100.952
102.211
104.395
102.995
101.323
100.405
100.168
100.807
99.0828
99.7842
100.518
100.339
101.326
100.779
101.662
103.39
104.384
104.59
103.448
103.058
102.85
104.377
106.738
107.547
107.076
106.475
106.487
107.608
106.702
104.986
104.082
106.144
105.314
102.304
103.461
104.074
106.606
106.791
105.72
105.835
108.518
109.65
111.349
113.032
112.916
112.373
113.358
115.602
115.049
117.1
117.304
116.549
117.615
118.68
119.796
117.858
119.244
114.511
114.806
114.013
115.201
115.345
113.801
115.311
117.916
116.672
115.025
117.334
115.003
112.48
111.056
109.434
111.394
109.015
108.336
107.485
107.824
107.885
107.646
107.335
107.84
106.775
104.756
108.494
107.69
106.937
106.169
105.318
104.737
105.352
106.009
106.656
104.631
105.802
106.653
107.783
107.296
108.857
108.047
108.883
105.93
108.142
107.632
109.606
108.029
107.416
106.64
106.312
107.729
109.511
111.239
111.719
110.56
111.995
112.937
113.843
113.692
113.921
114.585
114.701
114.616
115.81
115.109
116.946
118.36
118.938
119.699
119.876
116.999
118.106
119.825
120.212
121.511
121.081
122.003
124.637
122.76
123.297
121.881
121.342
117.43
119.794
120.582
121.604
122.322
121.832
123.506
126.404
127.638
128.656
131.888
131.294
130.948
132.252
130.443
130.174
130.258
132.483
133.258
136.492
136.502
132.315
133.703
135.781
135.265
136.608
135.845
133.961
133.63
134.961
131.659
131.387
131.859
129.802
129.914
126.543
127.357
125.898
123.956
124.645
121.369
122.304
124.794
123.511
126.882
128.953
127.031
126.617
124.519
123.891
124.319
124.806
126.141
128.366
128.815
131.152
131.843
133.674
131.492
129.43
132.77
133.679
134.762
136.634
137.317
136.185
131.644
131.998
130.259
127.363
126.903
127.465
127.292
129.207
128.79
129.062
131.243
127.914
129.711
129.988
129.641
130.528
130.143
132.426
131.768
131.991
135.375
136.049
135.763
136.528
132.219
129.007
131.012
129.767
126.932
127.339
128.102
127.74
128.348
130.295
130.355
131.464
133.036
134.794
135.738
135.036
134.558
138.088
140.198
141.541
139.197
139.229
139.723
139.919
138.347
137.71
138.71
138.092
137.628
137.201
137.2
137.054
136.115
138.008
137.534
138.191
138.76
138.003
136.707
135.409
136.885
137.787
140.135
141.546
140.138
139.205
141.307
141.042
140.721
142.33
142.978
147.326
146.569
146.579
146.138
147.465
146.197
142.73
139.085
141.146
143.57
145.782
148.746
150.163
151.605
155.077
155.829
156.162
156.305
155.915
158.738
160.645
159.142
161.136
161.979
162.721
166.902
165.73
165.217
169.415
166.873
165.228
162.729
165.428
163.788
164.027
164.44
166.398
166.407
166.402
168.414
168.253
169.023
165.385
166.349
163.846
166.207
166.161
165.165
167.48
168.516
175.354
174.036
171.391
168.165
168.204
167.229
163.014
164.595
162.932
163.096
164.793
165.044
167.301
165.536
163.697
163.593
164.62
164.181
164.06
165.699
168.607
166.295
164.203
163.884
163.237
159.48
159.574
160.084
162.977
158.421
156.535
156.028
153.876
155.211
155.044
151.91
151.027
148.538
151.165
150.386
155.946
154.931
155.848
156.105
157.008
155.394
152.307
150.933
147.767
141.585
142.347
146.794
143.228
142.906
143.373
142.694
145.155
144.487
144.285
145.217
148.141
146.792
146.502
145.613
143.033
141.411
138.12
136.464
135.93
135.721
134.948
136.6
138.563
141.364
142.156
142.976
143.059
142.497
143.027
141.683
141.842
141.371
139.761
142.272
141.736
138.84
136.656
136.126
138.296
138.551
138.986
141.232
142.218
142.303
139.466
136.748
138.028
137.67
136.149
140.739
139.871
139.664
140.659
139.269
138.96
139.061
139.518
140.649
138.537
136.874
137.622
135.748
137.309
138.674
139.158
134.579
133.777
134.495
135.673
133.006
132.023
127.246
127.601
125.946
125.187
125.35
125.826
126.373
128.293
129.216
131.249
132.789
132.644
129.331
130.297
131.272
132.715
133.983
135.834
131.984
133.364
133.601
135.919
137.305
137.071
135.028
137.842
140.097
140.611
141.115
140.956
142.613
141.787
142.024
143.579
140.977
141.44
142.02
143.421
146.236
147.412
150.181
149.831
147.717
147.715
148.3
148.95
