101.825
102.056
103.254
104.221
104.045
102.188
102.713
101.198
99.3523
99.6531
98.1981
99.0131
100.375
101.21
101.105
100.168
99.322
99.3773
101.128
102.597
104.115
103.438
102.155
103.112
102.521
100.925
101.968
103.208
102.872
103.124
101.935
102.591
103.361
103.911
104.278
101.695
101.95
100.494
100.065
101.269
101.952
102.245
102.086
103.444
105.105
105.258
104.108
104.516
103.384
102.773
100.363
100.196
98.5286
99.82
100.391
100.971
100.043
100.421
99.601
98.9616
99.3776
97.922
98.2878
96.8493
97.8243
97.1378
95.2745
93.6672
94.9233
96.7767
96.1473
96.4858
97.2083
97.4556
97.8354
98.8821
100.112
99.6307
101.02
101.292
101.583
101.443
101.965
101.06
101.678
101.362
100.676
101.001
100.37
100.014
99.1901
100.454
102.673
102.087
102.891
104.308
102.511
102.01
102.676
102.65
102.838
101.946
103.927
104.627
104.507
105.649
103.358
102.765
102.93
102.119
102.422
103.443
104.561
103.214
104.201
105.421
105.18
103.732
101.04
99.3356
99.0085
99.4224
100.66
101.173
100.064
101.917
103.256
104.184
104.968
102.399
104.471
103.742
103.48
105.324
104.839
105.6
108.712
109.618
108.381
108.172
109.079
108.593
109.198
106.428
107.714
107.444
108.558
109.139
111.531
113.21
111.646
113.414
113.418
116.157
114.425
112.717
111.347
111.302
110.919
111.726
111.53
111.167
111.649
111.406
111.542
113.621
113.602
112.397
111.166
109.263
109.068
109.497
106.99
107.468
108.22
109.815
111.494
112.561
112.897
114.168
118.165
116.973
116.584
114.367
116.224
115.27
115.524
116.552
116.639
115.032
115.089
116.126
115.783
115.397
117.667
117.31
117.737
119.323
118.881
119.54
122.871
120.557
119.427
119.548
120.281
118.958
120.734
118.613
119.432
118.515
118.925
119.638
121.719
121.552
125.755
125.54
123.601
124.929
124.203
122.382
120.716
122.36
120.84
118.212
118.341
119.152
122.578
121.713
120.669
120.833
123.909
124.821
125.017
127.739
124.907
126.255
126.424
125.57
123.912
124.227
124.609
124.134
123.404
124.14
123.68
123.868
121.608
118.646
119.131
119.643
120.445
120.947
118.639
118.202
117.594
116.397
116.213
116.837
118.648
117.706
119.908
120.322
117.974
119.271
121.256
120.149
120.661
120.307
118.559
118.33
121.339
121.082
122.219
122.657
121.684
121.909
121.684
122.218
124.177
121.263
121.721
121.528
122.183
120.516
120.969
119.73
120.694
124.58
124.724
124.537
125.362
126.514
122.716
120.321
120.628
120.142
120.149
121.391
119.143
119.344
120.499
122.368
119.526
119.237
117.681
118.116
117.315
119.643
121.483
120.005
119.846
120.548
117.808
115.773
116.856
116.107
115.372
116.318
116.129
117.415
115.862
118.491
119.461
118.465
117.712
118.397
120.338
118.028
118.31
116.803
118.329
118.016
121.29
118.123
118.255
116.551
115.121
114.312
114.613
114.046
114.729
114.545
117.065
119.602
118.859
117.945
118.298
115.918
113.995
114.529
113.033
112.747
113.091
113.296
111.407
110.354
110.166
112.27
114.054
113.325
111.337
111.637
108.025
109.685
110
109.353
108.34
108.514
104.792
105.387
105.186
104.189
102.22
103.404
102.727
103.877
104.659
103.991
103.464
105.302
106.657
109.642
109.749
110.836
111.416
112.472
112
110.815
110.622
108.849
108.086
105.948
107.02
106.506
104.864
102.904
102.67
101.789
100.441
103.539
105.767
106.035
106.099
107.157
108.306
109.503
110.435
110.024
112.55
110.953
110.241
109.821
111.401
111.001
110.776
113.1
113.269
113.316
112.574
110.175
112.677
110.766
111.73
112.186
114.21
116.27
114.931
115.956
114.697
116.963
117.259
116.248
117.017
118.022
117.598
117.252
117.249
118.064
118.427
118.496
117.894
118.126
117.791
119.63
121.013
118.672
118.098
118.119
119.298
119.436
119.936
120.308
119.513
119.083
119.371
118.604
117.948
117.173
114.498
116.334
115.853
116.832
116.22
118.834
121.177
122.573
124.931
125.725
126.928
125.776
124.721
122.968
121.785
123.18
123.171
122.978
124.964
126.044
126.652
125.108
123.239
121.592
121.22
123.114
122.212
121.355
121.613
118.902
120.145
119.694
117.608
117.123
115.512
114.851
116.495
117.908
120.527
119.75
121.898
122.33
123.636
122.191
120.748
122.648
122.896
121.252
124.406
124.398
124.025
122.425
123.532
122.308
120.527
120.89
118.469
116.842
116.377
116.475
118.07
118.249
119.056
121.06
119.404
120.601
118.378
118.426
119.951
117.976
114.639
116.011
114.839
113.419
110.721
111.394
113.428
112.758
112.64
112.126
111.648
110.935
113.521
113.247
112.642
111.146
111.138
110.869
110.899
109.221
108.725
109.524
110.941
111.366
109.968
107.77
109.767
111.618
109.81
107.973
107.156
107.925
107.364
107.027
105.814
103.353
104.726
103.779
103.098
102.675
103.931
105.456
103.385
107.03
106.928
105.44
105.527
105.817
106.047
103.786
103.852
103.403
104.897
104.731
101.678
101.275
102.707
102.359
102.33
103.355
101.456
100.471
99.8545
99.5901
99.6807
100.702
101.651
102.051
100.57
99.3142
99.7171
98.5788
