100.808
101.262
101.237
100.594
100.541
99.8008
101.921
101.401
101.277
99.4063
100.156
100.173
100.481
97.6397
98.1604
97.2047
99.1629
99.8803
100.405
99.7432
98.8247
99.2712
100.554
99.6246
99.6802
98.0917
96.7028
96.181
97.2614
96.0891
97.1451
96.5881
97.7296
98.3611
97.5581
94.9613
95.4032
94.0643
92.5552
92.6501
91.3728
91.3385
91.0825
91.261
92.1744
91.8569
88.8403
88.587
88.5068
89.1624
89.5324
88.6859
88.7949
88.6841
90.6264
89.6306
89.8613
89.7144
90.4499
90.465
88.6996
88.1272
89.0865
86.3481
85.2181
86.5168
86.5068
85.8698
86.7155
86.4068
85.9453
86.8544
84.7363
83.8579
84.6818
85.3261
83.1389
84.2841
84.0992
82.0094
81.94
80.9087
80.6426
81.1577
80.4531
80.0416
81.0331
81.7952
83.511
83.1837
83.2115
83.8302
80.7173
81.9974
82.0497
81.3817
81.0585
82.5431
81.8133
82.3213
82.3508
82.4204
81.2225
83.5296
83.3352
82.7019
83.0985
82.6879
82.0191
81.6329
83.1596
82.0373
81.8087
81.4204
82.1545
81.7601
81.9421
82.0999
82.484
80.8489
81.1743
81.7281
82.1334
81.6572
81.1016
80.725
80.8668
81.1003
80.462
80.423
80.7606
81.2065
81.3266
81.6645
81.9856
82.1681
81.7793
82.2316
82.1314
81.9956
81.6136
79.7602
81.1039
80.8667
80.9072
81.5514
81.3884
81.8224
81.935
80.8137
81.1635
80.1255
79.6341
78.3116
78.1088
78.8853
78.8804
78.6564
76.8364
76.021
75.1603
75.7119
74.5889
75.6127
76.516
77.0858
76.8734
76.1459
77.6445
76.4376
75.63
73.6691
74.0682
73.1681
74.7757
73.6001
72.029
71.7656
71.8263
71.9108
71.4762
71.842
72.3394
72.2703
71.9363
72.2717
74.3635
75.3683
75.442
76.857
75.4878
75.2866
76.5603
77.9071
77.7543
77.2152
77.4324
77.0466
76.0608
76.3075
76.2901
75.85
75.1374
74.5756
74.0337
74.0665
75.1387
76.0239
75.2471
74.3913
74.0208
75.4014
75.0682
75.6298
75.0142
76.1419
77.4057
77.8398
77.2314
75.97
75.4572
75.1535
75.429
74.4379
74.9021
74.255
73.9118
74.8671
77.356
75.2013
74.4095
73.8983
74.4762
73.9115
73.6742
72.8113
74.1332
74.1168
74.9923
75.0021
75.4549
76.5634
76.6673
76.7523
77.3929
76.9138
75.9932
76.4062
77.9472
78.0177
76.029
76.1185
76.3226
77.7962
79.0568
79.2953
79.7391
79.1555
79.517
81.2629
80.5853
80.8634
80.8287
80.6075
80.3889
80.1561
80.1075
80.6367
81.8813
82.4175
83.1289
84.6273
85.3525
85.1454
84.8163
85.3618
85.7381
86.5129
87.8959
87.5335
87.9841
89.068
88.5287
88.2722
90.2416
89.0416
87.9476
89.4711
89.9163
90.6156
91.8501
91.4921
90.5949
91.3033
92.1287
91.4751
92.852
92.9971
91.8137
90.6406
90.5111
89.9709
89.4735
91.3326
89.2041
89.3631
88.62
90.7903
90.8084
89.8911
89.5904
90.6946
90.9194
90.7031
88.622
89.3987
89.6529
90.4539
90.6745
92.5643
92.1784
89.9978
91.9745
92.8074
92.8446
92.905
90.9159
91.6288
89.9089
88.045
86.5284
87.6717
88.6463
89.0494
88.4182
89.1015
89.4314
92.2642
91.1306
89.0715
87.4646
85.9357
87.2974
88.1186
87.4483
89.5836
88.641
87.9816
86.947
85.3714
85.6872
87.6889
87.3334
87.4035
87.9825
88.7195
88.0043
90.0832
89.7971
90.6525
91.7454
92.2484
88.9912
88.9272
89.8747
91.8389
92.818
92.664
95.2454
95.4011
94.8269
96.5129
97.8895
98.385
99.6372
99.4888
99.5522
101.649
101.152
101.95
99.8197
98.6511
99.3357
98.6052
98.9904
97.2152
96.4615
94.2758
93.2816
92.3264
91.7382
92.3731
91.5617
92.2403
91.8456
90.8687
92.7695
96.8028
94.552
95.0635
96.0462
96.3016
96.6467
98.0956
99.5155
98.767
99.168
102.039
101.489
102.48
100.474
99.9814
100.694
98.9068
98.9353
100.792
100.333
102.123
102.661
103.438
102.659
102.338
101.49
102.235
102.728
102.214
102.678
102.291
101.787
103.248
101.548
99.7521
97.4114
96.966
96.159
96.5502
95.1813
94.3768
95.5615
95.0403
94.8103
96.77
95.9802
95.0756
95.7718
94.9674
95.8931
95.1501
98.5635
98.2679
97.1957
98.4964
98.0772
98.444
98.8909
99.9685
99.9218
100.574
101.378
99.8078
100.252
101.366
101.474
101.849
99.7366
95.6814
95.9604
96.3286
95.2379
95.1619
92.112
92.6639
92.7286
92.3288
92.7601
93.1385
92.958
94.9771
94.3962
94.0135
94.5685
93.7849
94.7313
95.709
97.0136
97.6742
97.1549
97.4199
96.9961
97.4258
97.2648
99.012
99.7683
100.226
99.0748
101.058
102.791
101.989
102.73
103.45
104.381
105.788
105.594
104.605
107.422
108.002
109.437
107.771
108.064
108.145
108.004
104.207
104.473
102.981
103.416
102.208
99.9346
100.511
99.8764
100.198
100.115
103.253
104.236
102.291
101.017
101.78
103.233
104.411
103.674
105.833
106.48
106.371
105.516
105.595
106.779
107.823
108.144
107.233
106.932
108.302
111.569
114.178
114.193
111.846
112.938
114.875
116.214
118.805
116.788
118.67
118.9
118.796
119.693
118.388
116.959
116.138
113.974
117.46
116.983
117.851
119.759
119.127
120.708
121.293
120.82
119.945
119.437
119.007
120.274
119.297
118.331
119.658
120.256
120.225
120.673
121.972
119.363
119.175
119.997
119.542
120.588
119.97
121.754
121.469
121.198
121.396
119.137
117.974
117.368
118.611
114.83
114.663
116.78
117.605
119.907
120.048
122.933
122.907
123.514
123.433
