100.605
99.299
99.8242
100.96
101.363
100.82
102.799
104.153
104.313
101.625
100.709
100.804
99.9079
98.9898
98.9218
100.742
102.164
102.136
100.038
100.548
99.0821
97.6164
100.803
100.045
101.921
100.329
102.488
102.559
102.781
105.94
106.095
107.677
108.259
109.862
111.8
111.888
108.964
108.307
106.333
106.821
108.742
108.541
110.654
110.175
110.362
110.829
113.414
115.98
116.673
117.462
115.9
119.334
119.078
118.563
118.833
120.875
121.965
119.772
117.087
116.92
115.06
113.534
113.212
114.288
112.968
114.05
112.026
110.305
109.965
109.433
112.243
109.597
109.778
110.571
111.733
113.294
112.167
110.82
110.562
111.099
113.408
115.172
114.593
114.114
114.102
113.062
114.245
114.62
116.385
116.983
117.617
117.566
118.347
120.303
121.556
123.436
125.58
123.609
124.805
122.942
122.139
121.781
122.761
123.282
124.591
125.299
127.791
126.671
128.876
131.047
131.502
131.519
128.997
132.02
132.086
134.807
133.41
133.856
130.258
129.56
131.06
131.681
130.396
130.887
134.975
134.701
133.527
132.579
133.069
133.842
132.032
132.61
131.887
132.471
134.339
132.607
133.555
133.365
134.341
137.262
140.447
140.313
140.869
141.807
142.296
143.123
140.956
140.474
141.605
141.911
140.633
138.987
140.136
136.39
135.573
131.496
135.246
137.731
136.59
136.549
135.511
134.363
133.223
132.095
135.172
136.303
137.14
135.688
136.157
135.354
134.05
135.138
134.415
135.181
137.76
137.041
137.694
135.91
136.584
135.435
134.664
133.473
135.34
135.502
134.899
132.513
134.769
134.893
134.991
134.569
135.897
135.824
137.142
135.03
139.472
137.575
135.279
136.419
133.994
133.99
133.355
133.648
133.159
132.204
132.508
130.426
131.195
131.714
131.684
131.216
132.662
130.344
130.081
128.98
129.414
129.089
129.722
129.444
128.237
125.381
124.319
123.211
125.234
124.144
123.623
121.957
121.165
120.513
120.509
122.421
119.685
119.338
119.042
118.986
120.415
120.269
119.691
121.23
123.465
123.835
124.961
124.35
126.628
128.3
130.996
130.608
130.985
131.859
131.873
133.151
131.779
129.87
133.316
134.816
133.384
134.477
132.805
133.03
132.317
130.146
131.227
132.943
131.213
129.318
128.052
127.22
131.344
132.011
130.979
133.841
131.067
130.376
130.906
131.739
131.538
131.738
131.987
134.379
133.607
133.515
133.823
134.833
135.007
136.285
136.033
136.983
135.553
134.006
136.08
135.181
135.475
137.789
138.222
136.361
135.756
135.426
137.322
135.616
136.377
138.063
137.962
139.217
142.259
143.483
139.84
139.443
140.507
139.763
143.53
143.19
144.492
145.279
147.339
143.657
144.791
143.024
144.224
143.436
142.861
143.15
141.079
140.358
138.773
139.858
142.022
143.875
147.316
146.481
149.392
149.934
150.45
151.959
154.549
150.205
152.088
156.452
151.726
153.912
152.802
153.765
151.321
151.879
149.364
150.719
149.924
148.952
151.737
153.998
153.194
149.571
151.497
152.01
152.395
151.521
152.603
151.679
151.853
151.185
150.252
150.632
151.881
149.996
147.701
146.235
148.163
148.881
149.6
148.307
150.379
148.244
149.308
146.146
141.13
140.355
141.731
145.474
145.89
145.267
145.775
145.042
146.711
148.076
144.614
145.965
143.937
140.164
140.936
141.547
141.174
143.498
141.862
141.717
137.852
137.436
136.907
136.431
136.272
133.479
136.503
137.252
135.745
134.638
135.317
133.2
135.472
136.561
138.047
140.745
139.296
137.975
136.592
138.164
135.272
134.225
134.391
133.69
134.123
134.117
133.209
130.078
129.558
128.279
126.945
128.515
129.158
131.667
131.986
131.949
131.613
131.085
131.054
129.766
125.876
125.396
127.423
125.13
124.289
123.358
125.09
124.874
123.639
125.047
125.844
124.326
125.882
127.516
127.033
127.407
131.571
130.619
129.469
131.298
131.087
129.244
130.606
130.14
130.064
132.708
131.856
132.309
130.935
129.664
128.348
130.747
130.295
133.069
130.317
133.713
134.345
132.357
133.073
133.303
134.09
134.206
135.173
136.965
137.74
137.645
139.551
139.36
142.131
144.243
148.723
151.303
152.101
151.265
148.406
146.688
144.889
143.757
143.221
145.299
143.363
145.144
143.722
144.104
147.037
150.288
150.581
147.761
147.854
147.569
149.329
150.44
151.212
150.945
153.76
155.821
155.832
158.312
155.067
157.297
157.206
159.439
156.621
154.081
155.709
156.672
157.154
157.892
159.003
160.716
159.399
161.342
163.27
162.097
163.487
162.626
164.506
162.935
165.208
162.722
164.721
164.272
164.873
165.542
169.584
168.454
169.964
166.382
163.666
166.498
163.656
164.16
163.635
167.081
167.279
169.117
167.299
165.916
165.268
166.474
166.071
167.407
166.97
164.311
167.707
166.14
169.38
170.253
170.68
173.545
176.872
178.244
182.547
185.435
187.819
185.653
184.889
182.363
181.366
182.861
187.128
186.49
183.471
186.319
186.156
187.257
185.879
189.174
189.811
190.2
189.31
190.825
189.432
189.293
182.763
182.367
185.006
186.202
185.808
185.201
185.001
186.141
186.445
185.693
186.208
186.95
184.46
188.543
