100.58
101.332
98.8547
98.3869
98.6912
97.231
97.393
95.9829
96.3389
96.0964
96.9528
99.3245
99.7132
99.0768
99.8769
100.129
99.796
98.1805
97.7048
97.8896
97.1819
97.4561
96.1995
96.0243
95.8469
94.5553
93.3792
94.3566
93.6503
93.5038
93.494
92.7015
91.5771
90.9801
90.1074
93.0852
94.2307
93.9323
93.8794
91.9466
90.7928
90.4516
90.2333
91.2776
89.9819
91.0763
90.2906
90.4869
90.2753
91.7613
91.1394
92.5002
91.1969
93.1429
94.5813
93.0985
94.8946
94.7919
93.2993
94.1434
93.5608
92.179
92.1229
92.852
91.4528
91.1786
89.9246
90.4548
89.0914
89.9575
88.366
88.2832
87.9351
87.5541
86.3712
86.3406
85.2961
84.3894
84.3717
86.1806
86.2101
87.2371
86.501
87.494
86.1938
85.2816
84.9825
84.3564
86.1383
86.9972
86.0119
87.1699
84.8446
85.7273
84.3029
84.2623
84.6863
84.1932
86.6384
86.5913
86.5731
85.6475
84.861
82.7019
83.0542
84.2331
85.4779
86.1014
86.2687
85.8875
85.9567
84.3684
83.9326
85.0308
85.8888
85.0202
86.4333
86.7845
86.2913
87.7434
87.6836
87.8681
88.1257
87.4143
89.266
89.5544
89.0633
88.0538
88.7698
89.3908
89.7084
88.448
88.0615
89.1615
90.5794
87.7025
87.9311
86.9253
86.5217
87.4814
86.0613
85.7942
87.3964
86.6273
87.3681
86.1661
86.1874
87.5869
87.3522
87.2157
85.1303
86.5192
85.8371
86.4402
85.3136
82.0942
82.4088
80.5209
81.1309
80.0148
81.3896
82.3849
82.8411
81.4493
81.223
81.4213
81.9585
82.6932
80.4836
80.4582
78.833
79.6051
81.1552
81.8258
81.3072
80.784
80.0924
78.3124
78.8602
78.6877
77.0662
77.9555
78.3084
79.0645
79.1121
78.6445
79.3274
78.2491
76.7327
76.3846
76.0176
75.3552
76.0895
76.8264
76.2989
76.5996
75.8562
75.5701
74.7952
75.3893
75.282
75.2668
76.0898
75.264
74.8734
73.5032
72.3678
71.4028
72.8322
73.7534
74.5234
75.6718
75.657
74.2366
72.7491
73.0913
72.2864
73.3308
73.9643
73.5859
73.97
73.6179
74.0343
73.7671
73.414
74.1084
74.0861
73.9566
74.4113
73.8442
73.5656
74.5
75.1213
74.8931
74.4301
74.6775
74.0265
74.6555
74.7827
74.3179
73.5318
73.2771
75.1292
75.3701
74.9939
74.1072
74.5432
75.0929
75.8449
75.0411
75.5734
77.8327
79.5077
78.9613
79.4196
80.1381
79.2514
79.9477
79.7206
79.0254
78.8046
79.1175
79.9797
79.0009
77.6942
77.1053
76.622
77.5965
76.6662
76.8882
76.9467
75.7908
75.2885
75.4089
75.2938
75.1362
76.8134
77.2384
77.3599
77.3113
76.8784
77.2088
78.4342
78.4162
78.4741
78.1523
77.7642
77.8054
76.9889
78.3908
79.1008
77.7833
77.6294
77.9693
78.555
78.7976
79.979
78.1658
77.4204
75.5802
74.7611
72.4393
71.7746
72.4445
73.3576
72.7053
74.2934
73.7134
71.5937
72.3659
70.7162
70.4036
72.1733
72.5191
71.5584
71.5818
71.8902
73.4442
73.0633
73.103
74.3746
75.7118
74.1501
73.4388
72.8121
73.1106
74.7073
75.0765
75.411
76.1568
75.7441
76.555
75.0858
74.5026
73.437
73.7129
73.4493
72.9963
74.7197
74.4113
72.9596
73.5518
73.5005
73.9752
73.5296
73.2414
71.3502
70.5879
71.4395
71.6354
69.6051
69.803
70.1502
68.983
68.1219
68.0833
67.9769
67.2942
67.3301
67.5731
67.0278
67.1157
67.3901
67.471
66.8843
67.2888
67.2283
67.1188
66.7526
65.1043
65.1348
64.1389
64.3015
64.3334
65.2588
65.5418
65.1862
66.5884
67.3321
66.7122
66.8276
64.9382
65.4801
64.4479
64.7553
64.2259
63.7148
64.0004
63.3814
62.9417
63.7766
64.8262
66.2012
65.8091
65.5662
65.9517
66.9352
66.8126
65.4328
66.6286
67.6664
68.9496
68.5158
69.0866
68.119
69.2388
69.4095
68.3957
66.4404
65.3814
64.9807
64.7882
64.3713
64.0811
65.3134
65.3398
65.7445
65.7909
66.3766
65.6182
64.2856
62.155
60.9641
60.6909
60.5004
61.3592
62.7187
62.154
60.9522
60.028
59.9622
60.7992
62.056
61.5203
61.0782
60.8966
61.4119
61.2662
61.5658
61.4348
62.7653
62.7784
63.2716
64.2876
64.3701
64.0336
63.8129
63.638
63.0433
62.7162
63.2529
63.737
64.3676
63.789
62.9099
63.2908
61.9829
61.5099
61.2733
60.2323
59.2614
60.1392
60.8817
60.9624
60.8871
59.8789
60.8562
58.7818
58.1418
57.5668
57.6841
58.4301
58.7534
59.5807
60.4348
60.6203
59.6052
58.608
59.3454
60.4638
59.8939
60.6917
61.7983
62.26
62.5561
63.1705
62.0832
61.2121
61.1114
60.5088
59.483
59.7245
59.3349
58.1878
58.3369
59.0138
60.2556
60.3162
59.9521
59.7801
61.1212
61.8024
61.8979
61.0478
60.2647
60.7127
60.1825
58.7405
57.9514
58.5761
57.6512
57.4122
57.1943
58.0306
57.3928
58.3955
56.1902
56.3417
56.5973
57.5604
57.2369
55.4919
54.7565
54.2512
56.0541
56.8115
56.9989
56.1588
56.2056
56.1403
55.7576
55.2901
54.757
54.566
53.4858
54.378
54.3784
54.0936
52.9794
52.6378
52.7843
53.5482
52.4838
52.3075
51.5455
51.23
51.3072
52.3243
52.1026
51.1955
50.5106
50.2573
49.1488
48.8857
49.8855
50.6313
50.9727
51.2406
52.3519
52.2895
51.8613
51.882
51.1747
51.33
51.0219
50.6559
51.4773
51.1221
51.9582
51.7807
51.544
51.1432
50.6616
50.2214
50.8925
50.8582
51.0172
51.2726
52.6534
53.1908
54.091
55.0609
55.6216
56.2038
56.0675
56.4404
56.3445
56.1125
55.2255
54.5753
54.5362
54.7712
56.081
56.6694
56.6806
57.9187
59.5618
59.1344
58.8348
58.4665
