97.8768
97.0667
96.8176
94.8452
95.3491
93.7091
94.0047
94.3071
95.511
93.677
93.129
93.6566
95.3433
96.2332
95.8707
95.5411
97.1138
96.4493
97.5757
99.0784
101.283
99.4593
100.845
99.9225
98.9146
99.5359
99.4641
97.7781
99.5099
98.7853
100.135
100.362
99.7869
97.8465
99.6869
99.9532
102.028
102.656
101.728
103.163
104.337
102.241
102.264
101.766
100.652
100.055
100.817
104.588
104.483
104.619
104.904
105.639
104.887
104.855
103.736
103.127
102.707
102.148
101.418
103.077
104.565
104.068
105.074
105.916
104.818
104.521
107.491
107.402
109.074
111.38
116.795
117.706
118.103
118.964
118.98
117.999
118.083
117.831
115.292
113.484
114.682
112.214
111.136
113.205
113.116
111.359
110.923
109.683
110.959
111.713
111.931
111.231
110.91
110.245
112.397
111.039
111.175
109.449
110.899
108.437
108.822
109.22
109.731
110.927
109.25
110.016
107.446
106.043
104.596
104.381
104.68
106.226
102.86
102.845
102.87
98.2897
99.4367
98.8413
98.455
97.0837
97.9366
97.5828
97.7837
98.0132
97.2465
98.4137
97.6881
97.5037
98.4133
100.399
100.805
100.154
99.877
100.314
100.558
100.429
100.638
100.17
100.02
98.852
101.055
103.021
102.481
101.575
101.725
100.408
102.28
101.854
101.927
103.119
102.405
100.508
100.754
101.262
103.015
101.296
102.333
102.159
101.361
100.348
101.745
102.58
101.987
102.755
102.078
102.333
103.269
104.072
103.428
102.838
103.684
101.563
101.596
101.536
102.324
102.803
102.287
101.048
100.953
99.5646
98.7704
97.2416
97.1488
97.6615
97.2355
97.9149
99.3497
100.074
101.695
102.814
101.212
103.545
103.795
105.772
104.209
102.822
103.17
102.763
104.083
103.876
102.015
103.033
103.073
104.039
102.223
103.29
103.782
105.036
105.616
103.232
103.029
103.655
104.107
105.121
105.512
105.089
105.057
107.37
109.895
110.866
108.841
110.728
111.236
111.802
113.406
112.747
113.549
114.45
114.558
114.69
115.859
116.092
115.895
117.421
118.643
117.505
117.172
115.868
116.359
114.394
113.326
112.322
108.485
108.232
108.548
108.874
108.957
109.419
111.105
108.798
106.374
106.537
107.435
106.817
107.826
106.861
107.96
107.125
106.243
106.337
105.877
105.104
105.169
105.319
103.879
102.225
101.448
99.8933
98.9568
100.551
100.326
99.1207
98.6379
99.1335
99.0743
98.2737
95.4651
94.9997
95.0145
94.0302
96.8351
96.0926
96.4684
95.4475
95.9684
95.5479
93.703
94.1864
93.2045
93.1941
90.6765
91.9825
92.2353
92.7336
91.8711
91.5337
92.7694
92.982
93.2545
95.5164
97.562
97.1599
95.9794
96.9202
94.5009
93.5459
91.4348
93.3201
92.1174
92.1306
90.5463
88.9574
88.9485
87.9039
87.7013
86.0602
88.9459
90.7923
90.2806
90.1786
90.6357
89.6118
90.4875
88.8398
88.1929
87.8259
86.7827
85.2793
85.5425
85.8797
86.6069
86.4729
86.7526
87.7015
86.3652
86.7685
87.8001
87.2755
87.2693
87.7291
84.0625
83.6873
83.0046
81.513
80.2416
82.2363
82.4579
81.9088
80.7243
81.091
81.191
80.4984
79.9885
80.4868
80.9102
79.3032
79.6571
79.0257
79.3458
82.0574
82.7913
84.0498
82.0597
81.4165
81.32
80.3035
80.0175
79.2641
78.9897
78.4486
78.2819
78.7428
79.6859
78.7696
78.2019
79.2623
79.7854
79.3824
80.3997
80.7592
81.0516
81.1644
82.3147
82.1339
82.2447
83.1281
82.7714
82.5698
82.8747
81.7535
82.3466
82.2903
83.2165
83.3195
83.2719
82.0615
82.4732
82.8999
83.3354
81.1545
80.7087
80.5184
80.2298
80.0856
79.8951
80.3664
82.8464
85.205
85.8369
87.1006
85.3487
84.7033
85.5642
85.6609
84.9536
87.2222
86.5337
86.8579
87.3233
88.5808
89.8783
90.6262
90.0253
88.3199
86.8113
88.4086
89.4272
90.3759
89.013
88.259
87.9973
89.2874
90.2485
88.6967
90.1658
89.1578
89.4915
89.4369
89.9858
90.787
88.7884
86.682
87.001
87.8043
88.3582
89.645
89.3669
90.8732
91.2707
91.017
91.3024
90.1348
89.6235
90.3304
90.6708
90.941
91.2415
89.6659
92.3269
92.1972
90.7867
91.5318
92.9966
92.4979
91.0526
90.6734
92.0345
92.5733
93.3754
92.4621
92.228
92.2054
93.3489
96.6222
96.3392
93.7179
94.6955
93.4623
93.3642
94.218
95.0158
96.2361
97.1496
97.3314
97.6987
98.2545
98.0237
98.7711
99.5405
99.7322
100.326
100.158
102.017
102.923
104.208
103.462
105.406
105.982
106.778
108.776
110.767
112.29
113.874
114.312
112.007
111.291
112.494
114.101
112.945
115.738
118.333
119.302
121.102
121.074
121.947
122.28
121.353
124.313
122.743
124.129
126.725
126.117
125.658
127.303
127.56
125.837
126.785
125.751
126.716
124.416
124.882
127.577
130.322
134.574
135.916
134.912
132.476
129.405
128.335
130.566
130.652
131.174
129.76
132.977
132.066
133.192
128.969
128.845
128.413
128.109
126.708
124.62
126.396
123.412
121.426
119.603
119.918
119.298
118.592
118.529
116.693
117.263
117.878
117.683
114.028
113.346
112.947
113.566
110.673
111.705
110.734
111.184
111.56
113.589
114.789
116.427
116.51
115.34
116.392
115.571
115.063
115.13
114.078
114.352
113.869
113.579
112.768
111.145
110.323
109.998
110.782
109.488
106.735
106.973
106.453
105.133
104.535
105
106.304
107.101
