100.773
102.237
101.43
102.527
102.701
102.619
104.107
102.793
103.011
104.027
104.856
104.456
106.358
105.2
107.255
106.583
108.581
107.77
106.544
106.061
105.121
106.844
107.796
105.401
106.827
107.951
106.245
104.939
106.137
105.452
104.926
104.821
105.463
107.132
107.329
108.909
109.584
110.553
110.49
111.83
111.696
113.174
111.119
109.379
112.646
113.887
111.976
114.587
114.487
115.35
116.151
114.18
114.341
114.275
116.356
115.018
112.509
111.08
109.81
108.805
108.794
106.764
108.044
105.591
107.216
106.561
108.182
107.958
108.503
108.146
106.826
106.256
106.893
105.812
104.701
106.212
104.77
104.651
105.189
103.813
104.11
105.889
105.582
106.131
105.901
104.652
104.649
103.33
102.255
101.409
100.562
98.6875
97.2506
96.7996
99.0751
99.6917
101.513
101.717
102.262
102.197
100.001
100.816
100.465
98.7888
98.6343
98.2349
96.5137
95.4082
95.0168
93.1369
93.1269
96.0432
96.7148
97.7966
98.8914
98.4516
100.625
100.67
102.363
102.909
102.859
103.181
101.648
103.115
102.212
101.899
103.475
102.067
99.497
99.5092
100.531
99.8322
101.475
101.896
101.832
102.408
102.496
102.28
102.155
102.661
103.533
103.956
104.077
104.55
103.626
104.065
103.586
104.178
103.827
104.681
104.315
105.416
103.648
104.327
104.313
105.676
105.467
102.977
103.949
104.542
104.629
105.876
107.286
108.92
110.458
111.586
111.806
112.713
113.702
114.863
114.649
116.142
115.997
117.512
116.324
113.384
115.455
116.874
117.615
115.837
117.29
116.781
118.12
118.322
118.808
119.961
119.686
116.801
117.089
115.497
117.405
117.487
117.074
116.348
116.42
117.201
119.504
119.501
120.505
118.966
120.926
120.046
120.705
120.184
119.926
119.812
118.984
119.313
120.462
119.908
122.781
122.431
123.062
121.876
119.443
122.662
120.52
120.761
118.48
118.295
117.436
118.707
118.089
117.366
117.125
117.277
119.233
119.65
120.785
122.83
124.658
126.412
122.17
124.737
125.204
126.103
128.329
126.971
124.283
123.36
124.658
122.163
119.29
119.343
120.166
122.674
123.888
126.699
124.733
124.981
124.545
126.812
128.185
131.311
131.908
134.226
136.828
134.895
136.336
137.629
138.483
139.913
143.203
146.088
146.307
148.388
149.069
144.771
143.839
141.914
140.094
143.685
143.293
144.692
143.93
144.961
146.256
145.668
145.405
147.734
148.235
149.843
152.824
154.099
150.526
149.325
149.057
149.837
152.503
156.593
157.724
156.412
158.79
157.066
155.971
154.577
153.514
152.879
152.741
151.635
151.45
150.101
148.994
147.87
146.098
144.105
144.388
144.567
144.058
145.383
146.345
147.825
146.517
142.118
143.282
142.232
141.274
139.297
140.242
138.359
136.792
135.517
133.231
131.02
134.154
136.346
136.474
136.248
138.926
142.065
144.449
147.143
144.515
144.125
143.604
144.411
142.357
143.697
143.639
141.868
141.255
140.416
143.355
141.762
142.548
146.827
150.536
153.262
151.541
152.127
151.868
152.718
151.27
150.994
147.771
148.657
146.463
144.812
145.51
146.146
147.274
145.544
146.097
145.684
144.973
143.626
144.881
144.389
144.443
145.749
143.717
141.219
141.511
142.798
143.367
141.267
141.783
144.03
141.342
137.733
135.24
138.085
136.648
138.406
135.237
132.618
133.379
134.638
135.729
135.28
133.651
132.554
130.854
129.882
126.394
125.848
125.864
127.857
127.458
128.276
128.066
128.086
129.75
130.436
129.408
130.268
130.987
128.379
127.615
127.685
128.414
130.301
132.073
134.076
130.394
130.468
128.453
130.836
130.604
130.047
132.061
133.596
131.989
133.057
132.206
131.608
132.669
134.373
134.66
132.207
131.121
132.662
130.955
130.661
129.992
128.957
129.202
128.724
127.462
127.931
129.356
128.127
126.033
125.926
128.371
129.31
131.64
134.206
135.028
131.939
133.961
133.999
132.681
134.204
134.93
137.098
136.921
136.222
135.452
134.607
130.669
130.198
128.458
130.218
127.464
130.046
131.85
132.507
133.706
133.998
131.17
131.137
130.801
131.238
131.119
129.33
130.997
131.717
131.39
130.412
131.275
133.966
133.241
133.538
133.666
133.041
132.633
131.431
133.67
132.291
132.186
129.237
126.506
124.473
123.644
121.905
120.817
124.614
124.836
124.593
127.135
127.663
130.144
131.187
131.941
127.775
126.833
126.017
126.001
125.108
128.795
131.591
133.679
134.515
134.011
133.736
135.46
138.368
139.019
139.868
137.022
139.538
137.901
138.623
140.328
139.278
137.967
136.778
136.238
137.401
137.689
133.929
132.982
134.619
131.817
131.046
130.865
133.282
134.078
135.763
137.793
138.024
136.065
136.697
138.651
139.031
138.607
139.808
137.862
137.55
136.895
135.134
133.3
131.63
131.499
133.686
134.059
129.785
133.492
133.382
132.945
131.528
129.844
130.605
130.008
130.495
131.306
131.901
132.672
131.69
130.15
130.19
131.534
130.928
130.644
129.138
129.47
128.939
128.336
128.205
127.989
128.758
130.005
131.584
133.438
132.258
132.21
134.336
132.889
135.056
135.47
134.743
132.89
134.523
134.742
135.205
137.108
135.422
136.917
135.595
