98.2891
97.533
95.635
93.441
94.0733
97.3427
97.0759
98.2229
96.9445
94.4398
94.2079
94.709
93.2853
92.8498
94.4665
92.9455
92.9804
93.9613
94.5482
95.2285
93.1492
95.0397
94.2993
95.8721
94.4465
94.3355
93.5761
93.6703
91.3486
90.5128
93.2949
93.1134
92.3479
90.176
89.9476
89.8716
90.194
90.2398
90.0222
91.9356
91.9346
92.757
92.7966
93.2762
93.3204
93.3889
92.4389
91.8321
90.8985
89.6357
92.4148
91.6766
92.0357
89.6984
88.3832
90.5488
90.6976
91.9902
91.8973
91.507
91.4715
90.0495
92.3919
90.9475
89.817
89.0576
88.3948
88.4995
89.0458
89.2957
88.4561
87.9143
88.5762
87.9868
88.4852
89.983
90.0444
90.503
90.7773
91.5111
90.8035
90.0822
89.7259
90.7227
90.1594
90.2221
89.493
89.8741
89.6953
89.7582
88.2603
89.1668
90.2165
88.4529
89.214
88.6494
88.8156
87.9491
88.0252
86.5964
87.1003
87.4412
87.7422
87.7511
87.0076
84.6882
85.053
84.5091
84.6836
84.8356
84.6041
84.9428
86.2927
87.3876
88.0879
89.3183
90.1913
90.0983
91.142
89.6248
89.0987
89.4374
89.2022
88.1889
88.3055
89.618
89.4884
89.5756
89.4732
87.8374
87.8455
88.3918
89.7479
88.9893
89.1423
88.152
89.8791
88.9062
88.7904
89.3909
88.1355
87.1996
86.7807
84.4765
84.7514
84.3786
85.4098
84.5368
83.8817
83.2944
83.7388
83.9699
83.6188
83.1115
84.7757
84.6837
85.6322
85.3211
85.2432
82.1908
82.3804
80.5323
81.465
81.5295
82.6442
83.1502
82.9082
83.2719
82.7482
81.5544
82.4541
83.3323
84.4007
83.2985
84.5346
83.573
83.5546
85.5492
84.4356
85.0768
82.8928
83.5118
83.1305
82.1929
82.293
84.0315
85.2572
88.2537
88.9497
88.2929
87.3372
85.8291
84.4999
85.1594
86.2545
88.0759
86.3474
86.3014
86.0841
85.6313
85.1199
85.6051
86.5334
89.0037
89.9546
90.7634
90.1821
89.3222
88.7011
90.7964
91.6526
91.5701
90.5745
91.2505
92.0211
92.3751
91.4812
92.4008
93.3236
95.1448
95.7827
95.1883
96.0973
97.0857
98.0379
98.6895
99.6211
96.2963
96.7885
96.8485
96.4481
97.8585
100.405
100.126
97.8976
96.9006
96.1766
94.462
95.1222
94.9961
95.7451
96.0497
95.6782
96.8149
98.0628
99.6646
98.6773
97.1731
95.2334
96.4367
96.4438
96.519
97.1891
97.4312
97.8595
96.6111
96.4044
96.7749
97.0833
97.608
99.7893
100.947
100.95
100.606
100.46
99.4037
97.0965
96.7597
97.4952
98.3609
97.6981
94.1334
92.7995
91.6348
93.3839
91.6225
90.484
91.0924
91.3869
91.8243
92.3801
92.0856
90.0228
90.0158
91.0278
89.6748
91.1394
90.1267
92.2252
91.9563
92.961
94.624
92.9182
93.127
92.2722
92.5293
94.0058
94.1796
93.1909
92.1617
91.4005
92.5361
93.8642
93.105
92.9661
93.7318
95.0129
93.3662
93.4346
93.3705
94.6164
96.2038
95.9638
96.4082
94.0402
93.867
97.1257
97.305
96.9524
96.6093
94.408
93.839
92.4539
92.7402
92.0565
92.7732
93.575
94.5904
93.4781
92.0058
92.3802
91.5585
88.7418
89.1742
88.595
87.2216
86.2014
86.8589
86.097
85.5519
86.281
87.8607
88.343
88.8701
90.6019
91.3393
90.5295
88.9948
89.7272
89.6512
90.7758
90.5116
90.2285
92.6458
93.175
91.4367
91.8259
92.3723
92.1045
93.1257
92.9477
94.4963
92.1829
92.4061
92.5433
93.5662
93.6198
95.0084
95.9808
99.5288
98.6466
98.1491
98.5145
99.3236
96.8724
98.6248
98.589
98.4197
98.3538
98.4626
98.6044
97.5431
97.2502
96.2388
97.3142
98.9966
100.035
99.5013
98.2772
97.6088
96.2594
94.7048
94.2727
95.2251
94.5991
94.5494
91.5715
92.2039
94.0781
92.6247
91.4694
92.823
91.5298
90.8362
91.1745
91.446
92.8312
92.5668
93.7356
94.5727
95.1223
96.1983
96.1954
95.9312
94.3709
94.0338
93.8108
94.2511
93.9427
94.6416
92.6988
92.1786
94.566
93.7692
93.7376
95.2695
97.8413
96.6998
97.8168
96.2603
97.7862
98.8361
100.579
100.638
99.7815
100.667
100.499
101.778
103.725
101.636
101.613
99.9886
98.3664
97.687
96.4568
94.2359
94.184
93.4853
92.2191
91.3656
92.6326
93.5393
94.9096
93.6383
94.1224
92.8968
92.5406
92.8527
94.0126
93.431
94.0894
91.2744
92.9313
92.4993
94.7063
94.3234
96.006
96.4912
97.0126
99.1966
101.616
102.605
103.62
102.955
98.5301
99.648
99.133
98.9037
98.6898
98.8354
99.4779
103.711
103.335
104.2
105.078
105.893
108.364
110.051
111.016
109.606
110.282
109.893
109.598
111.049
110.409
111.517
110.937
111.539
109.752
108.493
108.058
106.246
106.958
104.545
104.586
102.64
102.533
104.391
105.706
105.711
107.7
107.016
107.801
106.831
108.013
109.034
108.876
108.355
107.989
108.044
107.754
105.706
106.044
106.296
106.206
107.884
105.622
106.129
104.288
104.508
107.476
107.152
108.35
109.59
106.462
107.148
108.598
110.448
108.509
107.916
107.499
106.475
106.862
109.428
110.206
109.99
107.981
108.217
109.794
108.948
108.492
112.052
111.062
111.562
111.275
112.376
113.16
114.305
112.853
113.355
112.599
113.458
114.819
118.132
119.635
122.276
124.641
125.211
122.915
123.59
121.845
120.342
120.274
119.913
118.146
116.586
115.224
114.54
113.212
111.6
112.547
112.495
110.897
113.757
114.062
114.264
114.28
115.319
116.587
117.418
117.317
118.174
120.3
120.825
120.711
120.033
120.751
122.825
125.709
126.655
