102.693
103.082
105.919
107.417
108.433
109.053
107.71
110.311
109.916
107.719
106.764
108.449
107.009
108.615
110.945
111.036
107.839
110.252
109.29
110.004
108.623
111.152
112.661
113.403
112.767
111.625
110.653
108.503
110.014
111.159
111.958
111.927
109.463
109.642
110.803
109.595
107.868
106.212
108.004
107.456
108.39
107.525
106.792
105.965
106.841
106.6
108.059
107.684
109.771
109.019
109.689
110.117
114.156
110.479
109.198
109.247
110.806
112.613
111.172
112.568
112.879
112.287
112.873
113.375
114.146
113.654
114.931
115.804
116.39
113.352
114.223
114.976
114.08
113.968
116.505
119.022
119.207
118.393
117.359
118.875
118.268
115.601
116.659
114.484
114.616
112.918
114.444
114.625
114.652
115.606
115.451
116.458
115.073
117.815
119.879
120.101
119.54
120.02
118.548
119.339
123.454
121.588
117.565
117.115
117.119
114.62
118.914
118.723
116.06
117.075
115.378
112.83
112.345
113.252
113.218
111.745
112.05
110.848
109.546
108.651
110.785
110.027
112.146
111.212
111.191
110.062
109.042
112.256
112.722
111.891
110.013
107.711
107.316
108.021
107.791
107.302
106.347
106.471
106.854
105.71
104.946
103.73
103.733
101.399
101.67
102.317
101.811
101.843
102.493
101.591
102.341
102.112
101.318
101.011
100.753
97.9648
97.2645
98.2463
97.286
98.7544
100.388
101.61
101.595
100.005
100.298
99.7293
100.586
100.046
100.4
98.7065
98.1419
97.9461
96.3845
96.6837
96.3917
97.4319
98.3625
97.7676
97.0994
95.9134
96.5628
99.8742
100.718
100.57
99.9771
100.338
99.5381
98.8412
97.422
95.2309
94.9348
95.3754
96.0023
96.2655
96.8644
93.7721
93.0698
91.2314
91.1337
93.9903
93.3731
95.6725
93.92
96.4371
95.0132
93.2361
92.6912
95.282
95.8627
96.8465
99.0247
101.254
99.9537
101.17
102.972
100.868
102.725
101.512
101.59
101.614
103.125
102.978
104.592
105.743
103.858
101.338
100.115
99.9941
97.7456
95.9589
97.8211
99.9942
100.573
100.316
98.5343
98.6615
101.192
102.304
103.095
104.065
105.147
104.672
102.963
102.705
104.793
105.989
104.336
106.651
109.241
111.193
110.508
109.422
111.618
111.729
111.937
113.237
114.268
112.387
114.067
114.8
112.611
110.467
111.287
112.776
113.198
114.881
114.046
114.836
116.009
117.458
119.606
118.371
118.417
118.498
116.747
117.424
120.15
118.326
120.512
120.073
117.543
116.378
116.78
113.732
113.843
115.363
115.313
115.976
114.55
115.124
115.175
118.918
118.165
117.574
116.127
115.203
116.512
116.209
116.196
117.27
115.592
113.983
116.337
116.718
115.735
118.404
117.642
115.656
117.49
116.432
116.298
118.281
118.387
119.258
118.441
118.342
116.823
118.924
117.57
115.684
119.112
119.352
121.555
123.255
123.43
125.375
126.969
125.309
122.939
125.124
126.524
128.537
126.609
126.291
125.137
125.794
128.932
127.858
126.132
126.604
126.456
127.141
126.132
128.443
128.176
128.746
131.736
130.441
129.906
127.599
129.898
130.04
128.469
128.202
128.491
128.832
129.967
135.371
134.678
132.11
133.797
131.687
130.765
131.607
133.278
132.996
132.7
136.298
135.253
136.21
136.967
133.785
134.881
131.785
133.95
133.869
132.335
130.895
131.418
132.399
133.677
132.472
131.353
129.592
130.366
129.657
127.021
125.536
126.883
122.713
123.77
122.576
125.697
122.833
122.765
124.584
123.231
122.951
124.525
125.928
127.892
125.463
125.995
123.756
123.457
125.893
124.292
123.687
123.848
124.603
125.067
125.72
126.732
125.877
128.56
127.526
127.778
127.162
126.031
126.304
126.075
127.293
128.796
129.962
128.682
128.014
126.915
124.739
124.907
124.938
122.584
121.938
123.248
123.73
124.417
125.03
126.253
126.161
126.628
124.353
123.394
124.907
123.523
124.698
123.483
123.044
123.253
121.795
121.175
121.176
121.144
119.658
120.322
118.898
120.333
118.954
119.433
119.452
118.525
118.838
116.412
114.788
113.599
111.116
109.062
110.788
108.526
109.395
107.074
106.085
106.446
105.163
106.861
107.789
108.742
108.82
108.882
109.953
108.811
109.45
109.518
109.826
109.46
109.617
107.864
107.3
106.513
106.887
107.092
107.967
107.083
107.231
104.591
102.495
101.055
103.333
104.655
102.804
102.374
101.981
102.425
101.77
103.89
103.784
102.329
103.179
103.116
104.983
104.132
105.203
106.48
106.624
106.168
105.981
106.652
107.051
107.852
108.072
109.726
111.078
111.153
113.188
111.909
109.324
107.618
104.614
104.789
105.263
105.06
106.638
106.5
105.28
102.565
104.209
105.371
104.295
104.176
104.351
104.299
103.483
103.408
103.334
105.948
103.707
101.385
103.052
103.889
104.2
102.274
101.127
98.0426
95.4717
95.0049
95.9862
95.7727
94.7696
95.6021
95.4061
93.6577
94.1934
95.6761
95.4854
97.7312
96.7688
97.9126
99.092
96.8172
96.0463
95.6269
94.1943
96.5458
93.8522
91.7437
91.5222
90.9046
89.5689
88.8706
87.6057
88.2609
88.225
86.7814
86.6755
85.0003
83.4811
83.4752
84.2136
84.6465
84.4623
84.7622
83.117
82.1563
83.3112
83.6708
83.3752
81.4054
81.9845
83.6444
82.5353
82.1498
81.4491
