98.1842
96.7265
96.905
97.282
98.6102
99.0911
99.8626
100.475
98.1294
98.8568
99.1556
99.648
101.877
99.5888
99.2579
98.1517
97.1081
98.0751
97.7234
96.8187
95.0169
95.0863
92.6806
91.7363
91.5543
90.6462
90.9157
90.708
90.266
89.6735
87.988
90.4497
92.5648
94.5217
95.1999
94.6888
95.5586
96.8415
96.619
96.332
96.2594
97.8778
97.0111
96.8037
97.4988
96.1091
94.0581
93.6585
94.5986
93.9097
93.744
93.4186
91.766
93.3314
91.4242
91.4377
90.9941
91.3004
90.9437
90.0529
87.9955
86.9758
85.8136
86.2187
86.5591
86.7681
86.134
85.7615
85.1815
83.0817
84.2746
84.2378
84.6343
83.8877
82.8938
84.3473
83.7909
84.0905
84.7435
83.8376
84.0683
85.088
83.8711
84.8066
86.3404
87.8508
87.6247
88.7178
88.1793
90.5198
90.8457
91.0115
91.0766
91.2639
92.032
89.4184
89.7272
91.2391
91.4169
90.1403
89.8178
91.0497
91.8148
93.2816
93.1114
93.1227
93.041
92.7621
94.3516
95.3258
94.0219
93.1447
92.5186
94.3599
94.5666
93.666
94.3563
94.6837
94.7731
96.2478
98.7904
95.2491
95.4489
96.7606
95.4758
93.2532
91.9627
92.8074
93.327
92.6486
91.8407
92.9155
92.311
93.6808
91.939
90.6547
87.7527
89.1964
89.2392
91.6917
91.1337
89.8392
89.7614
88.9605
89.4561
89.388
89.0534
88.1834
88.6807
88.2981
89.1983
89.1658
89.1941
89.7295
88.9933
89.2031
88.5713
87.7603
87.4707
89.2291
89.8585
89.7164
87.7062
88.1955
87.1559
87.0836
86.3647
85.4403
85.0459
85.0971
85.1759
85.8612
85.816
86.6942
86.5872
86.0404
86.5219
86.8861
85.1297
85.2996
84.3295
83.0223
84.0658
84.0923
83.811
84.5452
85.2761
85.7863
83.1608
83.631
84.8968
84.2611
85.2473
86.4888
88.8403
88.7631
89.068
88.978
88.2491
90.0444
89.0044
89.481
90.0457
90.1606
88.2913
86.7346
85.8137
86.175
86.3634
86.5606
86.2747
83.983
85.8876
86.5184
85.4657
85.24
84.7229
85.2117
86.1038
86.5411
84.6888
81.7152
80.8188
81.6029
82.5509
80.719
79.5689
78.7689
78.5455
78.6214
79.8123
78.885
79.3226
78.9974
78.4573
79.3329
79.8995
81.2243
83.1163
83.938
85.1554
85.1645
87.6742
87.888
87.6565
87.3319
86.6281
87.8089
87.8987
86.8899
87.1574
88.8084
88.324
88.0289
87.2672
86.7386
86.6503
85.9441
86.8281
86.3663
83.7915
83.2096
83.0304
81.9977
80.8865
82.0263
81.864
81.8616
82.9582
81.7714
81.402
81.432
81.8748
82.5822
81.9413
79.7597
80.656
81.0001
80.2015
80.5689
81.0909
79.37
78.9813
78.7487
79.5386
79.2925
79.3924
79.0046
78.9295
81.198
82.0566
82.63
83.2647
83.2552
82.6601
81.781
81.0497
81.4624
82.7377
81.4232
82.3838
83.3323
82.7995
81.6195
81.1473
82.7985
82.2692
84.0376
86.3296
87.337
87.3941
86.8361
85.4363
86.9423
87.1828
87.9359
88.1213
87.8373
86.6861
86.3861
86.4726
86.2524
86.4475
87.3295
86.9539
85.3528
85.253
85.363
84.5089
85.351
83.9721
81.7972
82.582
81.6753
81.788
81.1799
83.01
83.4821
82.8655
83.6646
84.1049
84.1371
83.9019
83.9402
82.5437
82.9147
83.0164
82.3138
83.2465
84.1309
84.2667
85.6238
86.41
84.4181
84.3522
83.8188
85.3277
85.1162
86.0836
86.4322
86.7331
88.6643
88.2792
88.972
87.4624
87.3556
87.3783
87.3191
85.3482
87.9063
89.8572
90.9746
91.4188
91.9253
91.3725
90.9341
91.4008
91.4172
92.576
91.4901
89.9497
87.1065
87.3561
88.3725
87.7056
86.7404
85.347
85.4919
87.1692
87.8875
90.0511
90.8981
91.1788
89.5073
89.8262
88.2425
87.3793
88.0189
87.8657
86.6497
85.9001
85.6566
87.9081
86.8952
84.7731
84.6775
83.6084
82.058
81.5256
82.3761
81.8611
82.3876
83.5837
81.1411
80.6118
81.6013
81.1343
80.6831
81.234
82.8082
84.4035
84.5153
84.8369
83.3029
84.038
83.0189
85.5701
85.9676
84.7738
84.8636
82.6679
82.3359
82.1231
81.2436
78.4607
81.13
81.7428
81.9364
81.745
81.7972
81.2347
82.5066
82.3583
79.4506
79.1106
78.8415
78.0515
77.9763
77.4433
77.9004
76.9251
77.3358
77.4625
79.6432
80.1009
80.0377
81.241
82.2094
81.2184
81.5144
79.6642
80.9568
79.5313
79.3474
79.5168
77.9202
77.5221
79.3169
78.881
78.0985
78.8143
78.9316
78.9338
78.4936
78.9
78.5708
77.0835
78.5324
77.396
77.4094
77.234
77.9649
79.1158
79.9576
79.7996
80.4487
80.9601
80.3696
81.4873
82.6348
83.2944
81.84
80.9853
80.709
79.5524
78.8822
78.4694
80.7655
80.1371
80.269
80.929
82.3844
81.5866
81.0985
82.983
83.1267
83.9847
84.7346
84.9304
85.465
86.8722
85.7356
85.5856
86.0127
86.9095
86.5077
86.0018
85.6616
85.6335
86.3872
85.7999
83.8378
82.845
82.5211
82.4751
82.2233
81.807
82.4919
82.1776
82.5273
81.3038
80.7124
80.19
81.3053
82.3015
82.8431
82.2217
82.617
82.7062
84.4175
85.046
85.7295
87.3717
87.5502
88.3843
90.0391
92.064
90.9473
89.7416
89.3936
90.0111
91.1203
90.5537
89.7067
89.3512
88.6741
89.6888
89.7245
88.5815
87.7768
87.8862
89.1151
89.9299
86.9521
86.6979
87.6231
87.1869
87.7648
89.8709
89.782
89.535
88.5543
88.3027
88.2558
85.8844
86.8125
86.1482
87.2387
87.7586
89.0276
89.8328
87.7654
88.4455
89.4291
89.0611
90.3782
89.2893
87.6939
87.1137
88.2617
87.1537
85.7346
86.3414
86.8432
87.7595
88.2282
87.3527
85.7374
85.5712
86.4803
