98.6865
98.8874
97.8347
98.5209
96.7357
95.7633
95.2104
95.3833
95.7493
95.9004
96.1328
96.5246
96.2693
98.8947
98.7547
99.8326
98.6135
99.1473
97.714
100.233
101.767
100.301
101.325
100.692
101.066
100.99
102.427
102.175
101.659
99.3659
100.414
99.5226
100.021
99.0101
99.5715
100.299
100.672
101.454
99.0113
100.434
101.212
101.482
101.336
102.947
104.629
102.796
103.706
103.64
103.526
103.06
104.553
107.131
106.115
106.494
106.569
105.196
108.384
106.836
107.124
106.794
105.203
105.565
108.17
108.562
108.509
107.294
106.25
106.14
106.937
108.578
112.093
114.26
113.883
116.605
116.606
117.016
115.95
118.878
117.899
116.697
115.141
114.666
114.892
116.159
116.421
116.806
116.939
119.406
119.089
117.358
115.474
114.48
113.868
111.687
112.96
111.967
111.459
108.489
107.271
105.236
105.748
108.166
107.19
107.262
106.852
107.733
108.417
109.629
110.954
112.572
113.014
114.656
114.082
114.545
113.782
114.62
115.097
116.35
115.208
116.609
115.771
114.649
116.744
116.866
118.706
118.146
118.071
119.729
121.099
124.404
123.188
125.347
123.629
124.959
125.894
127.955
128.241
128.921
130.038
130.286
131.223
129.566
129.127
129.298
126.672
127.709
129.007
126.703
125.467
125.227
125.116
123.067
125.088
127.872
125.829
124.934
125.054
126.306
127.089
128.436
129.326
127.873
127.774
128.283
126.728
124.592
122.122
121.192
120.33
120.171
119.845
118.991
119.077
117.745
117.082
119.347
119.174
118.8
118.773
115.72
117.07
116.977
115.765
117.072
118.123
117.667
118.98
117.677
116.899
119.162
120.31
118.9
117.501
116.277
117.094
115.588
113.329
113.806
113.826
112.605
115.21
115.766
118.17
116.755
117.503
115.557
116.745
117.307
116.802
118.981
119.11
118.283
117.715
118.251
117.215
115.503
116.426
117.248
116.562
115.971
115.927
115.676
114.707
114.988
114.356
116.917
118.793
118.325
120.689
117.949
115.313
115.115
114.069
109.863
110.568
109.235
110.377
111.77
114.961
115.879
115.097
114.333
114.139
116.712
115.693
115.567
115.299
113.208
113.802
113.502
115.068
114.847
114.158
113.65
114.772
114.317
115.267
115.741
116.023
115.823
113.529
114.734
113.93
113.05
113.326
114.26
115.283
114.764
113.197
113.074
112.965
115.744
115.076
114.685
111.981
112.207
111.056
109.717
109.088
108.777
109.289
107.192
105.05
106.121
105.12
107.05
107.329
108.088
109.77
112.531
112.382
113.626
111.172
109.643
107.144
106.51
106.857
106.097
105.257
104.958
105.783
104.475
103.167
103.588
101.513
101.006
99.8901
100.625
96.9993
97.1164
98.2109
98.969
99.5029
98.6686
96.5148
97.9222
95.8444
95.41
97.3908
97.384
97.3904
98.9952
97.2442
96.613
96.6886
98.1996
99.1015
98.9541
99.8379
98.946
97.5866
97.8702
96.9075
96.4273
96.5543
95.5491
95.1117
95.2692
93.6859
94.041
93.6749
94.0377
93.6234
92.3659
92.1332
91.3887
91.9065
92.2105
92.0746
91.0737
92.1609
91.3531
92.1176
92.7368
92.0382
91.0956
91.6704
92.8257
93.7972
92.4357
93.3792
93.086
92.2822
92.0083
94.5557
93.2609
93.4386
93.5547
93.3901
93.3052
95.348
96.6094
98.2242
100.239
100.547
101.163
101.089
100.452
102.271
103.839
103.726
104.387
103.654
101.536
100.669
100.812
102.397
101.701
101.136
100.774
100.409
100.438
101.304
101.637
99.2325
97.1266
97.6991
100.274
99.1184
96.7643
95.1582
94.4494
95.3684
94.7469
94.1519
94.0463
93.4787
95.5293
95.5778
96.43
96.1187
94.4255
95.3565
95.0499
94.8159
93.7175
93.3163
94.5829
93.0278
92.895
94.0126
92.3649
92.3601
90.1698
91.0153
88.0108
88.1007
86.3963
86.4552
88.012
88.4727
86.3226
86.932
86.8163
86.9388
87.6081
87.3713
87.0485
86.5723
87.1547
87.2259
85.7411
87.213
88.1811
89.2227
88.1514
86.9246
86.9425
88.552
88.76
87.9494
90.4219
89.6693
87.9548
88.0443
87.9414
87.2507
87.296
85.1185
85.1173
85.8456
87.0588
87.4921
86.4373
84.1089
82.6374
81.6899
81.507
82.7329
83.2588
83.9655
82.8647
81.7498
82.6114
81.6432
81.3512
81.4911
81.4333
82.0464
81.5293
81.6419
82.4045
82.8412
83.9367
81.5312
80.9745
81.2804
81.2354
80.7587
82.319
81.5208
81.8226
82.6393
81.1801
83.0579
82.8737
83.4283
84.251
84.2131
87.0378
86.2625
87.8392
89.0653
89.2137
88.6129
88.0822
89.4314
90.1931
90.2534
89.7126
89.3984
87.8429
87.1235
87.7279
86.3658
87.8341
87.7025
87.0052
86.8899
87.6535
86.4751
85.5348
86.2168
86.9169
86.1903
85.3333
84.7146
84.6386
84.8568
83.7142
83.4627
82.911
81.6404
81.8206
82.3381
81.6044
82.0268
84.0483
83.8556
83.8821
82.4836
82.2107
82.804
82.6606
82.7001
81.3492
82.4296
82.4912
82.3433
84.1318
82.4417
81.7969
81.046
81.6061
82.8506
83.0987
82.0273
81.5077
81.3152
79.9121
79.3531
78.8786
78.5876
78.4325
76.8639
76.056
77.3643
78.3432
77.3122
75.3949
76.2666
77.1607
77.5799
77.5877
77.4496
78.0616
79.6916
80.373
80.7546
81.5738
80.3938
82.266
82.405
81.7382
82.3308
84.0136
85.2653
84.627
84.0611
85.1926
84.1344
84.1953
83.9609
83.7308
85.6887
84.6434
83.5372
84.7335
85.5629
86.4136
