100.144
101.225
102.842
105.007
102.73
101.489
99.2895
97.0008
97.1188
97.2944
99.3978
98.1368
96.8461
97.931
96.5882
98.4092
97.5364
96.0781
95.6874
95.2524
95.39
96.1722
95.0844
96.5221
96.7605
97.5718
97.662
96.6797
96.9279
94.0286
93.1668
95.1045
93.3898
94.1792
93.1445
94.8297
94.5783
96.0027
97.7564
96.9692
95.4357
94.9941
95.7519
96.177
96.4058
98.1855
98.8876
99.4573
100.733
100.87
102.533
103.48
102.751
102.89
102.689
104.262
105.319
103.111
102.402
102.769
102.577
101.906
104.253
100.703
99.4571
100.31
98.3407
98.4184
97.9938
99.2337
101.319
101.486
102.012
101.427
101.934
104.534
104.777
103.958
105.024
105.927
106.422
106.722
107.792
108.007
107.297
105.542
106.236
106.373
106.158
107.572
108.444
106.079
106.902
108.163
106.778
105.351
106.039
105.421
104.674
105.278
106.758
107.936
106.817
105.613
108.327
108.511
109.299
109.824
110.171
111.137
111.131
109.788
107.772
107.17
107.618
109.996
111.678
112.687
111.402
110.954
111.957
115.317
113.107
113.923
113.912
113.809
114.655
113.852
109.603
110.21
111.184
109.109
109.649
110.705
110.463
108.605
109.164
108.643
108.013
108.36
109.745
111.613
111.236
111.175
110.663
113.214
115.151
117.201
119.817
118.811
119.152
119.188
119.87
118.606
118.936
120.515
120.651
121.579
120.672
121.186
122.578
122.787
121.402
121.813
121.61
119.526
117.468
117.3
115.497
114.703
114.583
112.314
112.969
111.112
110.99
111.439
108.05
109.341
110.826
112.006
111.597
113.407
113.331
114.08
115.096
117.098
116.9
116.326
116.314
113.739
116.147
117.506
118.109
116.702
116.878
118.376
119.844
120.072
118.761
121.289
123.037
122.657
122.113
123.933
122.28
122.465
124.317
123.292
122.007
120.784
122.093
122.954
123.729
123.896
121.855
123.639
120.942
122.989
126.422
126.042
127.31
127.257
127.073
125.807
126.189
123.953
122.267
124.553
120.695
119.701
120.229
120.914
118.519
119.463
120.211
117.208
119.291
119.312
121.898
124.239
123.571
122.968
122.044
120.814
120.857
120.337
118.677
117.163
117.142
115.487
115.16
113.448
111.733
110.471
110.215
109.831
109.181
108.531
108.997
107.122
107.062
107.606
105.801
103.296
105.513
104.367
102.639
101.761
102.354
101.843
104.75
105.529
106.103
105.277
105.021
104.816
105.404
106.498
107.292
107.849
105.625
107.002
104.237
105.662
106.321
107.018
106.845
106.629
106.177
108.342
107.404
108.145
108.796
108.249
106.964
105.951
102.98
104.186
103.68
105.151
105.009
104.209
105.64
108.22
104.238
102.796
102.886
102.428
102.511
101.983
102.759
104.131
103.195
104.3
103.176
105.538
105.022
102.226
102.491
103.06
103.272
101.898
102.554
101.197
100.301
100.911
100.54
99.2866
99.6997
99.2981
98.9173
99.4944
99.5646
99.4308
98.0763
98.0143
96.7858
96.3555
96.8807
97.5254
95.6815
97.1402
98.7324
100.112
100.066
99.4178
99.5693
102.046
99.5877
98.3382
97.8856
96.8835
98.947
99.4359
97.7391
99.1333
99.9341
99.6555
99.8145
98.693
98.5857
97.5394
98.8135
98.8761
97.9412
98.5938
98.1288
97.7499
95.8412
93.6279
93.5603
92.6894
92.0648
93.2012
92.1813
91.3745
91.4238
92.5974
93.3651
93.4474
93.3103
94.2828
94.7899
96.075
95.9905
94.6053
94.3888
90.8217
91.392
89.6907
89.0424
90.202
89.0634
88.939
88.5103
86.3842
87.7802
86.9604
85.6967
86.0642
86.0988
85.651
85.944
86.0906
86.3505
85.1872
86.2524
83.7224
83.0928
82.3227
83.6085
84.4654
86.5858
84.4681
85.2142
87.0418
86.5061
87.7125
86.9816
87.0615
86.5871
87.68
89.0347
87.0037
86.2795
85.7274
84.2142
84.7879
84.5522
85.168
85.9766
85.8112
88.0378
89.054
88.6575
88.0636
89.9466
91.1641
87.5634
86.1221
84.9918
84.5146
82.649
82.6657
82.879
82.0687
80.9929
80.7195
80.5465
80.2413
78.3417
79.8377
80.6743
80.4718
81.2636
82.5253
82.1945
82.3144
80.567
79.2105
78.4678
77.0729
76.9484
76.6338
77.4822
79.4755
77.9414
76.4393
77.5986
77.211
77.598
79.7132
80.1737
80.2343
79.6053
79.9222
81.4775
81.4978
80.1551
79.1106
79.3779
79.8194
79.3623
79.5366
78.3171
79.5966
79.834
78.5602
79.4859
79.8666
78.7429
78.7724
79.9137
80.7534
79.0507
78.9027
79.3078
81.229
81.6472
81.0866
81.486
80.6405
79.079
78.0389
78.8341
79.7562
80.3254
79.8284
79.31
79.8699
79.3317
79.3625
79.107
79.5102
79.1134
77.7095
75.687
73.8069
74.8572
74.0709
74.0334
73.2511
72.5088
71.9583
71.4868
72.0595
70.7277
71.5407
71.7928
71.466
71.4285
71.4683
72.8254
73.5977
73.1813
71.775
72.4091
71.9927
71.1926
70.5564
69.7919
69.6796
68.8669
68.9011
69.8338
69.34
69.4614
69.4424
67.6193
69.4056
69.5605
68.9116
69.5641
70.3959
69.2005
69.5094
68.8154
66.8488
66.3826
65.9227
64.6492
63.4089
63.0879
62.1438
61.581
62.1829
61.3647
60.2212
59.6762
58.9304
59.1996
58.4068
59.4056
57.9924
56.8896
58.6426
59.0458
59.6835
57.9819
58.3682
57.786
57.9899
58.4966
58.1649
57.6557
57.5129
57.2842
56.608
57.1739
56.212
55.4153
55.3389
54.6878
54.2054
55.2998
55.9437
56.6762
55.7009
56.2516
55.9152
