100.697
99.8221
100.425
101.204
101.466
101.792
103.135
103.377
103.239
103.588
104.519
104.612
104.581
103.154
101.551
100.859
101.876
102.8
103.521
105.748
106.357
104.953
105.277
104.905
103.799
104.806
106.546
105.999
107.726
110.684
109.33
111.566
112.794
112.283
116.151
116.581
117.99
119.13
122.07
121.193
122.992
120.542
119.453
118.582
118.833
118.404
117.416
116.704
116.814
118.073
117.28
117.161
115.537
113.383
113.161
113.514
115.806
116.136
116.686
118.385
118.302
117.465
115.694
115.545
115.378
115.168
117.948
115.848
116.755
115.547
114.827
116.773
118.77
119.033
117.619
119.848
119.59
121.628
120.594
118.554
119.845
122.337
121.158
122.1
122.16
122.277
119.555
118.502
116.65
118.034
118.569
116.813
117.444
117.904
117.143
115.459
113.401
114.558
115.313
112.446
111.681
112.395
110.909
110.171
109.475
110.057
111.318
110.749
114.471
111.676
112.484
113.446
113.795
112.665
112.313
111.119
113.106
112.674
113.747
114.63
115.192
114.55
113.744
115.277
114.897
114.6
112.329
112.489
111.142
109.395
109.715
109.835
109.463
111.089
110.926
109.63
108.687
110.111
111.658
112.737
113.508
112.576
113.236
113.137
111.565
109.554
108.56
107.54
108.396
106.844
107.239
104.003
103.836
104.212
103.802
101.583
102.511
102.263
101.264
100.174
99.0401
100.058
100.748
99.1476
98.3698
96.2308
95.6716
94.9187
96.5489
95.6817
98.2663
97.0634
98.2038
95.2482
94.7707
97.4414
95.6643
96.8857
96.7405
96.922
97.1702
98.839
97.333
96.0917
98.7887
97.6463
96.9428
96.6697
96.2011
95.5878
95.3999
95.52
94.748
97.0968
96.2194
95.2285
97.7152
98.3256
97.1279
96.3615
95.5818
94.7467
94.747
95.2863
94.0474
93.8375
94.3252
93.8946
93.2673
94.9823
95.3024
95.9298
99.2486
98.6377
100.464
103.293
103.768
106.292
106.407
108.462
107.77
108.881
108.996
107.153
105.492
106.706
107.639
107.852
108.429
108.133
109.16
108.049
109.015
109.505
108.611
110.215
108.619
105.745
106.198
106.517
107.43
108.287
107.192
107.898
108.795
108.666
108.959
106.88
108.206
109.091
111.238
110.829
115.222
115.657
116.404
116.285
116.084
115.762
116.719
117.049
116.884
116.628
114.069
114.987
117.269
117.579
117.366
116.082
117.077
116.487
114.367
112.314
112.012
110.269
110.529
110.748
109.943
107.375
106.702
107.971
107.352
108.551
109.062
106.061
107.077
107.67
106.381
108.526
109.248
109.566
111.69
114.166
112.301
114.962
117.868
121.763
123.658
126.078
124.841
125.093
127.116
129.114
129.171
129.557
131.11
131.289
130.614
132.073
133.23
133.746
131.875
130.185
130.756
133.793
133.896
133.535
133.971
135.2
134.473
133.906
133.376
133.976
133.969
133.669
134.457
134.98
136.904
140.431
142.351
141.283
141.996
142.911
139.137
139.325
139.592
135.989
135.724
135.292
136.869
138.454
136.441
139.439
141.303
139.121
141.899
138.686
138.693
138.201
137.003
136.032
139.881
138.935
138.501
139.931
139.557
139.648
138.363
139.823
142.609
142.374
142.473
137.93
137.218
138.72
137.883
137.242
135.717
137.134
136.292
137.095
136.275
134.982
134.557
133.895
133.19
135.974
135.626
135.097
134.704
135.129
134.454
136.572
137.607
136.23
137.106
136.748
138.529
138.383
138.569
134.801
133.956
134.575
132.85
132.267
132.055
133.666
132.947
133.939
127.788
123.768
125.041
122.729
120.906
121.903
121.892
120.548
119.287
121.044
122.678
121.549
120.986
121.738
119.878
121.591
121.525
121.167
122.916
121.47
122.255
122.495
119.897
118.618
118.081
117.018
117.367
117.207
115.203
116.632
116.54
116.556
118.471
118.662
117.616
119.28
120.835
119.148
119.376
120.119
121.136
121.126
117.992
118.85
120.322
119.91
120.554
119.181
119.03
116.391
116.053
118.319
118.612
116.329
114.973
114.955
114.162
111.657
112.279
108.682
108.633
109.931
109.429
109.375
108.231
108.627
108.855
107.145
107.674
106.354
105.347
104.406
104.191
103.577
102.292
99.5033
100.628
99.1666
99.9254
101.798
103.602
103.761
103.692
103.828
103.24
102.63
102.573
102.185
102.392
102.838
103.159
104.24
104.093
106.225
106.328
107.506
108.116
109.85
110.527
109.051
110.622
108.982
109.862
109.285
106.885
108.684
109.439
108.804
109.129
111.12
109.811
111.156
109.989
110.856
111.007
110.201
110.288
109.778
112.954
115.082
116.844
114.481
115.618
113.876
112.369
110.644
108.067
107.238
105.514
107.956
107.643
106.52
108.917
106.527
105.747
104.886
104.335
106.116
107.569
106.635
107.292
107.764
108.927
109.363
110.946
109.044
109.488
111.691
112.693
110.184
111.022
111.646
112.35
113.883
116.091
115.744
115.249
116.885
117.594
115.02
114.273
112.331
111.81
114.72
114.292
114.475
116.284
116.04
116.715
118.434
118.729
116.795
114.855
113.599
112.587
112.183
114.195
115.58
114.312
115.011
115.485
116.477
114.765
113.069
113.942
115.5
115.06
114.999
117.457
116.236
115.538
116.779
115.345
112.675
113.193
112.702
114.243
113.647
113.929
114.311
113.279
111.369
