100.07
101.407
102.489
104.155
105.587
103.166
106.768
108.243
108.662
109.028
111.804
115.073
116.345
115.739
115.588
117.408
116.044
116.215
115.57
114.553
116.097
116.518
115.646
114.007
113.224
110.164
109.115
110.677
110.553
111.812
110.436
111.726
111.512
110.768
109.613
110.667
110.807
109.04
108.129
105.174
106.01
103.695
103.932
104.28
104.535
103.415
103.413
102.862
101.805
101.424
103.301
104.988
103.97
103.739
103.842
103.866
103.322
102.282
100.115
98.4757
99.6443
98.9723
98.5532
99.6837
99.8668
100.703
99.4226
100.931
101.554
101.881
101.308
100.574
101.262
98.7234
98.3194
97.2201
94.916
93.9252
95.6656
94.1132
91.7167
91.6469
90.2384
90.0191
90.0577
91.2329
90.9053
89.7503
89.0292
89.1053
88.5382
89.3523
88.9306
88.795
88.6264
89.5999
90.47
89.3146
90.4517
87.7096
88.855
89.5801
87.0091
87.0492
88.1651
86.9984
85.7846
86.8966
86.0909
85.5678
85.686
86.7883
84.4626
84.9363
85.426
83.2289
81.6171
81.8439
83.2699
81.3499
80.4503
81.2347
81.9296
83.7146
83.1516
82.5662
84.8445
86.4622
87.2795
87.5811
87.2506
88.2718
88.1026
88.4513
87.3044
87.7627
89.2035
89.1632
90.2681
91.2975
90.4678
90.8852
92.45
90.0841
91.1364
89.6911
89.3213
91.1752
92.0331
92.8711
94.94
95.8456
96.9106
97.1902
95.9176
96.5204
97.8877
98.2221
95.8742
95.036
95.3891
95.9605
95.8378
94.838
94.2723
93.566
93.2513
94.5489
92.7048
93.6352
93.486
93.3198
93.256
93.3004
94.2983
93.1818
92.3112
91.9418
90.7687
90.193
90.4801
88.4038
88.9321
87.8774
88.3958
88.5951
88.1146
90.5652
91.3363
91.2597
89.5092
90.7237
92.9498
92.0829
91.8289
92.4618
92.4331
92.9446
94.4906
94.3561
94.7083
91.4646
90.9262
91.1579
91.924
88.5614
88.6111
89.1641
85.8246
86.7844
88.2466
87.0899
87.341
86.6564
87.0922
87.1125
85.2184
83.3478
81.1633
82.3861
81.3885
80.631
80.064
77.0163
76.7853
75.8666
74.8306
74.3651
73.6505
72.3853
72.9366
73.7508
71.442
72.5752
71.6328
73.3876
74.1822
72.6608
72.0175
72.9315
72.3477
71.7518
71.5786
70.4323
70.2903
71.0972
72.8999
72.4513
71.6893
71.2922
72.8489
74.5462
73.0823
74.607
74.2742
73.9635
73.068
73.699
73.1406
73.7341
74.3821
73.8091
72.999
72.5818
72.0734
72.7557
73.1257
71.7641
71.5588
71.8186
72.1944
72.7519
73.4572
73.9521
72.0617
71.8816
72.6797
73.2645
73.7381
72.2459
72.3009
72.2074
73.1555
73.3041
73.1039
71.9579
72.5719
72.4633
72.7432
73.6843
72.3141
73.762
73.6411
74.4521
75.2767
75.8489
75.7815
75.6402
74.995
75.8932
77.1497
76.9202
77.4052
78.5889
79.5909
79.4398
81.8728
79.7499
78.8235
78.7579
79.0936
79.1165
79.0955
80.1718
80.3919
80.4066
79.2935
77.9913
76.5212
76.7474
75.6977
76.2124
77.2704
76.3172
75.9992
76.4518
76.6251
75.5693
76.3301
75.7954
75.3822
75.1614
74.2448
73.4013
73.2086
72.6915
72.1207
72.9119
73.9436
73.4058
72.619
72.4518
72.2385
71.9696
71.7431
71.6008
71.0753
71.7249
70.5458
70.3892
69.9489
70.7155
69.494
68.9508
69.2828
69.1595
68.57
69.5681
69.0473
69.3006
69.4866
68.8524
68.832
69.0312
69.6682
69.4511
70.0775
71.3677
70.4367
71.0198
70.8641
71.4339
72.0149
71.876
71.7302
72.3041
72.9679
72.1169
73.2384
72.2026
73.4738
72.9754
72.5773
72.0094
72.0997
72.2215
71.0274
70.4565
69.3863
70.7688
72.0976
71.9598
70.9617
71.3848
71.0819
69.9625
69.5838
69.7565
70.9801
70.3979
70.9691
71.4014
71.7208
73.2198
73.2444
73.255
73.1886
74.7249
76.3136
77.797
77.5283
78.9895
78.9322
78.0006
78.8132
76.8475
73.5811
73.416
71.8954
71.1666
70.5159
70.3139
71.3059
71.1507
72.3637
71.6958
71.8546
70.8893
71.6311
71.1117
71.9532
71.0355
69.7984
69.6765
70.6129
70.9426
71.5326
70.4003
69.3507
69.953
72.7071
72.2436
71.6438
70.9849
70.8217
72.1308
71.9853
71.1777
69.9984
70.7731
71.3364
71.4174
71.5552
71.0767
69.7837
69.7579
70.566
70.8647
71.2443
71.2229
71.0409
71.224
72.4275
73.5518
72.8415
72.7553
71.9033
72.4158
73.0252
73.5193
73.4874
72.5919
72.7817
72.1098
72.3923
72.261
73.2805
72.6996
71.303
71.4093
71.4974
72.3785
72.3701
71.592
69.6109
69.6441
68.402
68.2406
67.5555
67.8006
68.4859
68.2049
68.0805
68.5694
66.6532
66.1304
65.4759
65.5943
65.2571
65.6738
65.9647
64.115
62.8163
62.1439
62.6762
63.3704
64.0099
63.2121
63.6797
63.0355
63.0752
63.9146
63.7216
64.2074
65.1117
65.5196
65.7866
66.4167
65.7864
66.4422
67.8472
67.9479
68.0038
68.9867
69.5682
70.3577
70.8549
72.0801
71.7391
70.8737
71.319
70.9857
70.4774
71.4376
70.8206
71.6353
70.6977
71.7399
71.8539
73.6371
75.0613
76.4792
76.8458
76.3607
77.3407
77.8695
76.4374
76.0161
73.9816
75.2267
74.9393
74.1267
75.0487
74.6307
73.6629
72.3357
73.4805
73.6373
76.3334
76.612
75.6281
76.6343
75.1446
74.0036
74.6857
74.6973
72.5658
72.0482
72.4186
72.1249
72.4383
74.0639
73.094
72.4416
71.7963
71.1737
70.6597
70.5286
70.713
71.2991
71.7015
70.4825
71.9872
71.3628
72.0377
71.4787
70.6593
71.0491
72.1336
70.8697
71.4441
71.8648
71.1318
71.7722
72.3555
71.3692
70.3153
70.1771
68.9886
68.2651
