102.031
102.509
103.692
102.92
104.256
106.251
107.224
105.391
105.454
103.325
101.1
98.3684
98.5606
97.2707
95.5984
95.7258
94.7231
95.8884
94.9727
93.7918
93.7528
94.8869
91.4861
91.7853
93.2069
91.9129
92.598
93.8836
93.1257
93.9877
93.3969
93.4317
92.1478
92.8831
93.0938
93.0215
93.9228
95.636
94.9716
96.1122
96.1213
94.6776
95.1842
93.8774
94.218
94.5136
94.9314
95.6269
95.6402
94.7054
94.5152
94.7871
94.4883
94.0052
94.9236
93.2219
91.8778
92.3504
91.3491
92.0973
91.6821
89.798
90.7906
91.4099
91.9995
93.353
93.6763
94.037
93.2231
94.9433
95.8351
94.2755
93.9972
95.0659
94.8114
94.5847
95.7878
98.0991
98.8748
99.8323
99.9628
100.249
98.294
98.9211
100.111
101.594
101.097
100.045
99.6927
97.5796
98.0816
98.934
97.6571
97.6527
98.2081
96.5471
95.1272
96.0608
96.218
96.2531
95.2527
94.4838
93.8972
95.9897
94.8082
94.0891
96.6122
97.1605
96.7067
95.7208
96.1772
94.7692
94.6614
96.5646
97.3313
95.8855
95.5019
94.2286
95.1118
94.0606
96.0371
95.4875
95.3561
93.6043
94.057
92.3395
91.626
91.6404
91.6121
90.7544
91.2597
91.4129
91.3252
90.5842
90.2645
88.1168
90.1622
88.9337
91.3487
91.0164
89.8802
89.6472
90.0256
88.9238
88.9562
89.5172
88.0956
89.1371
90.9749
91.536
92.2257
92.4856
90.9638
89.906
89.5424
90.6325
90.5436
92.096
91.1974
90.6971
90.7355
90.8708
90.1451
90.3672
90.5348
91.7373
90.0679
91.0908
90.5779
90.0367
89.666
90.8453
91.8009
90.8299
90.5248
91.7261
91.1726
91.5593
91.8625
91.6189
91.222
91.4525
92.1451
92.8766
93.5872
93.2461
93.0094
92.0804
91.9229
90.5228
88.4504
85.8635
87.2019
87.3393
86.7988
86.4532
88.5481
87.2927
87.8841
86.9646
85.9219
85.6259
86.977
87.8745
89.3335
88.7431
88.7574
88.6147
89.9455
89.3188
88.3327
88.1438
86.8129
86.1042
83.7225
85.3598
86.3701
85.9448
82.7022
82.3519
83.1797
84.3333
82.7811
83.4308
82.5419
83.9193
84.0203
84.7638
85.4873
85.963
86.1674
83.9014
84.0799
83.4466
82.8185
83.269
82.5338
82.4301
81.1874
81.1953
80.7659
78.6027
78.4437
77.9728
76.6217
75.2411
75.9981
74.3186
73.8871
74.1294
75.0522
74.9812
74.956
74.9455
74.9831
74.0098
72.7662
72.3493
73.6489
73.1751
73.1863
73.5595
73.2873
73.9586
71.9309
71.6541
72.0632
72.7338
72.9361
72.9734
73.37
73.1183
72.5566
70.7908
70.7651
72.0176
72.8632
73.1092
72.9542
73.1993
74.7341
76.6276
77.058
79.4498
79.8551
79.7891
81.1778
80.7422
80.2693
80.9714
81.1234
80.3876
81.3936
82.4484
81.5856
81.6182
81.0633
81.4782
80.7584
80.4752
80.1341
78.9522
79.0439
81.171
80.865
81.0683
80.5395
80.0117
78.3917
77.4656
79.5991
78.9418
80.4087
80.8781
79.9894
78.4666
79.7905
79.9701
79.2713
78.0892
77.9111
79.1947
78.9144
78.9857
79.3691
78.3354
78.5605
78.604
79.0595
78.0668
77.7821
77.4883
78.0586
78.9441
78.5501
78.8043
80.5667
81.8572
82.2804
83.2164
84.0273
85.6752
86.6833
86.8124
86.2534
87.8668
87.6171
88.3063
87.8607
88.4922
89.5051
88.6405
87.4916
85.1638
83.5776
81.1214
81.4489
81.7405
81.38
82.4638
82.2131
82.5885
82.5911
83.748
83.3477
82.9617
81.4143
82.6749
83.0678
82.9892
84.837
84.9717
83.3619
83.4628
84.915
85.7028
84.1781
84.0346
84.0754
85.2617
85.475
85.9679
86.6295
86.3206
87.6288
87.7407
88.4121
87.9204
87.7193
87.6504
87.7812
90.3887
89.787
89.8162
89.5267
89.8511
87.9357
88.5812
88.5607
87.9252
89.2163
89.0413
89.5591
89.79
90.1054
89.2663
89.1059
90.5291
90.6531
90.9945
90.1578
88.595
87.9054
89.6932
90.6616
89.7969
90.2819
88.583
90.3549
90.4635
90.7898
89.3451
89.3349
87.9976
87.8435
87.4027
86.9758
87.4056
84.497
84.8661
86.5735
86.8302
87.5443
86.8917
86.664
86.0901
87.2709
87.7237
87.2489
86.1027
87.2241
85.2976
84.9068
83.7831
83.545
83.1104
83.0295
83.6225
83.9073
83.1281
81.3608
82.5343
83.3147
84.0047
85.1845
85.5749
85.8834
86.9931
86.8104
87.2486
85.9627
84.9777
84.6583
84.9963
86.3768
87.2226
86.1881
86.4048
87.5999
88.262
87.2727
86.1095
85.0636
85.1831
85.71
86.5293
86.3463
86.1843
84.4819
85.3532
84.9142
83.9095
83.8562
84.5042
84.9887
84.8213
84.2066
84.4687
84.3939
84.063
82.8937
83.1017
82.3967
81.155
83.3979
82.9384
84.533
83.3112
82.5148
81.566
83.2535
84.0231
86.6629
86.0414
86.0104
85.6012
86.7019
86.5477
86.0293
85.5062
86.2459
85.2848
87.7038
88.9975
86.5944
85.1174
85.9727
87.3464
86.4795
85.2668
82.4785
83.0158
83.739
85.9754
85.3828
86.4776
86.018
86.6739
87.3464
86.4825
86.1632
85.2671
86.1666
86.6968
88.1684
87.3724
88.8324
88.5005
86.8344
86.6237
87.6113
89.5892
91.9224
92.7771
91.1872
91.7954
91.5551
91.4712
91.1999
90.9543
91.1293
91.4798
93.8684
92.7662
92.8377
94.376
94.3541
93.9339
94.2477
93.6837
95.5665
96.002
95.5116
95.913
96.1735
92.9277
94.2156
94.1298
95.5347
95.4992
98.8792
98.5681
97.4502
97.468
96.6856
96.8098
97.4599
95.1791
95.0014
94.6515
95.4412
95.1182
93.614
93.4982
92.8614
93.3995
92.3319
93.6014
92.6537
92.0066
93.8754
95.762
94.6921
92.4382
91.2624
89.1621
89.4283
90.8418
92.2137
91.2856
