99.4352
97.5863
97.9022
96.8217
95.1272
94.0007
94.0373
92.7587
92.3241
93.7661
95.0591
96.3841
97.0995
94.7927
96.2995
98.7375
100.4
99.1272
99.0359
98.391
98.3259
98.0712
97.4475
98.5439
99.6122
100.463
101.19
101.59
103.118
104.996
105.332
103.313
103.828
103.985
104.206
104.927
105.393
107.012
107.396
106.251
107.117
107.756
108.21
107.915
105.942
107.207
105.611
107.592
107.235
105.676
105.043
104.706
104.737
103.238
102.002
100.437
100.832
99.5808
99.6813
100.668
101.036
100.909
102.692
101.631
100.947
99.292
99.1419
99.231
99.1905
97.0145
93.3404
94.3204
96.2127
96.7454
94.4514
95.4771
94.4638
94.3199
93.2662
92.6068
91.5966
92.2007
92.242
90.0421
88.8271
87.5296
88.9746
89.0255
89.46
89.5398
89.2962
88.7543
88.2779
88.127
90.4892
88.0161
89.8535
89.4312
88.7474
89.4472
90.2029
88.3848
90.1346
89.0762
87.5995
86.395
86.3105
88.2687
88.0649
89.1857
87.8384
86.3737
89.0205
89.4426
86.9417
89.5654
89.1006
87.9198
88.0354
88.1705
90.6408
89.2178
90.9361
93.0944
93.6056
95.4137
96.4661
94.773
94.4422
94.0481
93.2858
92.0501
92.3755
91.5636
91.189
90.5191
88.9557
90.2521
90.9047
91.1841
89.8762
89.2233
88.6049
88.8131
89.7729
90.2108
88.7183
86.5567
86.3765
85.4223
85.9691
84.6172
84.3125
83.4129
84.6883
84.2805
84.2435
82.4064
79.7113
78.988
79.4165
79.6936
79.5979
80.2321
79.8232
78.9701
80.4628
79.872
81.4687
80.3979
80.7814
80.8212
80.8795
80.4772
79.4428
79.8503
79.5725
81.2472
81.7288
80.9697
80.1146
78.4696
76.9642
78.5409
80.1538
80.4061
80.0945
79.9021
81.0747
81.6823
80.5759
79.8349
81.7895
82.0735
81.2897
81.8646
83.4195
82.5847
83.6374
83.6913
83.0139
83.1983
85.6806
85.0798
83.4541
82.7839
82.0943
79.9174
81.4243
82.8566
82.8539
80.701
81.2541
82.5739
81.7393
80.9748
80.5513
80.1697
79.1593
79.2864
77.1167
77.6145
77.7938
78.4051
78.8149
77.9665
79.8837
79.6418
78.2482
79.6768
80.4255
82.1276
84.1962
85.5086
85.6436
86.0906
86.7511
86.326
87.1443
86.7779
85.6585
86.7288
87.5746
88.3981
88.9124
89.3392
90.15
92.0665
90.5555
90.9046
90.3684
88.9066
89.1647
88.0125
87.6107
88.29
89.4424
89.4795
88.4669
88.1766
91.4447
92.3233
92.8342
91.7311
91.76
91.2125
91.8209
93.0765
91.9775
90.5231
92.1744
93.8681
93.4719
91.6841
90.9395
89.8887
89.442
90.8533
89.7716
88.6406
87.3067
87.1686
88.5473
86.8484
86.9911
86.9966
85.3799
85.3717
85.1937
84.8016
83.4443
83.3183
84.256
84.183
83.8295
81.865
80.6457
81.9378
83.3745
83.6893
83.0857
83.4231
84.4164
84.2455
84.2313
84.8413
83.07
83.243
84.5516
84.5257
83.5224
85.0546
83.3423
84.4219
85.2273
83.8711
82.6837
83.516
83.4378
82.899
82.8746
83.098
83.6609
82.1075
83.4851
83.1546
83.7081
84.182
83.4857
84.6298
84.5907
84.5125
83.9181
82.9707
83.367
82.3467
83.9987
83.9696
85.6169
86.3128
86.5609
87.5315
87.6736
88.2208
89.1467
90.0412
89.6953
90.9434
89.1362
89.4952
89.8841
87.7998
88.538
89.0953
89.8502
89.9728
89.8634
90.9523
90.8228
90.6827
92.6434
94.7946
93.9128
95.4839
96.0799
94.7401
94.496
93.9034
93.6397
93.8185
95.0771
96.6204
98.9614
96.8844
93.9447
92.9778
92.635
93.0148
92.9954
93.2873
93.1005
91.3287
91.0871
91.9385
91.6271
92.7115
91.0956
92.3207
91.723
91.9773
91.9355
92.9275
93.7915
93.8056
92.5305
92.6982
94.8122
95.3871
96.2996
93.2109
93.7924
92.993
93.1176
91.0331
92.946
93.1828
93.4332
93.043
93.6146
92.9426
91.6511
92.8807
92.996
92.3415
92.9847
91.4579
93.7778
93.0773
94.1577
93.9101
93.9317
94.14
92.4954
92.0999
92.1247
92.1792
94.2562
95.2207
96.1559
96.5632
96.3279
95.549
95.1001
93.5526
92.1201
91.4115
90.5057
91.3242
91.5322
91.9985
91.4014
91.0061
91.6169
93.3799
92.5025
92.106
93.5875
93.94
94.3762
95.1403
91.8492
89.1121
90.2206
89.2998
90.4789
91.6051
90.9987
93.0646
92.8695
92.268
92.7884
92.819
92.8496
92.6063
92.3835
91.3824
91.3722
91.7795
91.4014
90.6235
90.6089
90.8722
90.388
90.875
89.1294
89.0742
89.9011
90.1583
88.605
85.833
84.3251
85.4062
85.9331
87.6008
87.9725
87.1625
88.2494
89.3376
88.9271
87.4993
88.112
87.6074
87.3386
89.2846
91.8975
92.5085
92.832
93.6713
91.9915
93.2301
91.1426
90.7037
87.8537
87.2222
87.0405
87.5014
87.9511
89.1201
88.0293
87.6884
88.912
89.4679
89.6202
89.588
89.9489
89.7383
89.3979
88.2727
89.5767
91.145
91.985
91.0595
91.0555
90.2072
89.2705
89.2777
90.4128
90.1809
90.1861
93.3197
93.3265
95.2093
94.983
96.5025
96.1795
96.2991
98.6454
97.6836
98.49
98.2865
97.5762
98.203
97.594
96.9583
98.3467
96.7677
98.6988
98.0377
100.097
100.033
99.8921
98.8991
99.8665
102.08
102.471
103.669
104.945
105.091
105.697
105.592
105.674
103.883
103.79
106.309
105.761
103.941
105.677
106.379
106.427
106.383
105.198
104.377
102.306
104.712
102.059
102.402
101.97
103.471
102.49
101.951
102.25
101.185
102.126
101.525
101.408
100.1
100.181
101.219
102.863
103.065
107.457
105.667
105.612
105.38
105.084
101.42
102.522
104.025
104.458
103.785
