101.064
101.418
99.0695
99.9488
98.5775
97.3409
96.2946
96.5029
97.1565
96.1543
97.0371
98.0165
99.0197
98.0577
97.8322
99.2613
98.8688
97.6887
97.4434
96.5955
96.2518
95.4474
96.8384
95.5139
97.3133
97.0323
98.9722
98.5802
99.3823
98.4341
99.6681
101.916
102.213
101.165
100.543
99.627
99.1374
97.0627
97.8326
98.2099
99.6905
99.288
99.6639
99.4182
98.0488
98.0857
98.5183
99.7896
101.24
100.38
98.7318
97.7622
98.3249
98.9191
99.1417
97.8952
97.3708
95.9209
96.0293
94.0644
94.3218
91.4483
90.6282
88.213
88.9684
88.3129
88.7485
87.87
87.6993
86.5041
85.6649
86.2902
87.4129
88.3438
88.3252
88.5997
89.1962
90.0214
90.6453
90.0489
89.8405
87.9357
86.8492
86.9152
87.874
86.3381
85.4817
86.0457
88.1063
88.1529
87.8486
86.7346
86.4648
86.7068
86.671
87.3431
87.2068
88.0741
88.4523
86.914
87.7004
87.8128
87.1706
86.479
86.4065
84.7334
84.3844
84.656
85.7703
86.1185
85.1641
84.3828
85.2934
85.87
86.1402
85.4693
83.8457
85.1889
84.3936
83.8397
84.7464
84.1579
82.1147
85.0842
85.434
86.8607
87.2013
86.2645
84.7773
84.3612
84.2513
83.9934
85.5432
82.6054
83.1267
82.5079
82.1817
81.796
81.8393
83.4497
82.3538
81.6507
80.5358
80.1794
80.4234
80.6819
79.9122
80.408
79.594
78.2179
77.7323
77.5678
76.5958
76.2893
75.1043
73.7278
73.7871
71.4017
71.706
71.2262
71.5205
71.5728
70.4818
70.5712
70.3752
68.8902
70.2474
69.6668
70.1136
69.3662
69.749
68.5156
68.5497
67.5099
68.1629
68.2386
68.9166
69.1857
70.1276
69.7763
69.6825
70.1434
69.5998
70.5171
69.0834
68.8505
68.1973
68.2629
67.9753
68.7372
68.1731
68.2278
68.882
69.4176
70.3033
70.0782
70.5418
71.3866
70.8536
69.2736
68.3153
68.1618
67.2467
67.68
67.9606
67.1088
67.9294
67.6407
67.9905
68.1187
67.3687
64.7963
63.9094
66.352
66.2991
66.2766
65.9917
65.8742
66.2153
67.8866
67.2105
67.7367
68.1191
67.8369
68.9683
68.8775
69.2632
69.8
70.2926
70.8191
71.7185
72.8245
73.6102
73.4743
71.467
71.2323
72.0054
71.7215
71.1529
71.286
71.8641
71.5879
71.4424
71.1451
69.7541
69.2231
68.0481
68.0721
68.5671
67.8933
68.8082
68.4039
67.9104
65.898
67.0909
67.3454
68.0045
68.3098
66.9847
66.8791
66.5036
65.3112
64.31
63.8368
63.8107
63.73
63.8065
62.9525
64.5968
65.0944
64.5174
64.9785
65.7471
65.3586
63.908
64.2802
64.406
64.6195
64.4629
64.4425
64.598
65.6014
65.9158
67.8785
69.0953
68.2345
68.1838
66.9672
65.4878
66.1621
67.4181
67.2418
66.1079
66.2811
66.9328
66.4272
66.0995
65.3627
65.5005
64.9081
66.0362
66.6388
67.5384
68.5052
70.7024
69.921
69.3858
69.4317
70.1928
70.3889
70.0613
70.1524
71.1454
71.873
72.5995
70.7504
70.3271
72.2268
71.5427
71.8357
71.7681
71.5756
71.6607
72.5631
72.5532
72.0911
72.3812
70.7773
71.0518
71.562
72.8026
72.1371
72.9427
71.9171
71.7264
72.7825
72.3722
73.1976
72.7786
72.666
72.5089
73.446
74.913
76.2135
76.146
76.2458
75.71
75.9669
74.3816
72.6131
73.9569
74.2334
72.6755
73.9501
70.8456
71.946
71.4282
72.3616
72.9261
74.4182
76.2145
75.7846
75.5792
76.5218
78.2569
78.2063
78.7524
80.213
79.9904
78.8647
78.1733
77.515
78.4424
78.5962
78.6789
78.3695
77.1055
74.5648
75.0398
75.5193
76.1635
74.7451
75.3071
75.3051
75.7186
75.4725
76.0853
76.0043
74.8125
73.944
73.3518
74.5524
75.5003
76.1492
75.7965
75.8343
76.1153
74.8668
74.3251
72.5148
72.0117
70.0409
70.7469
69.0973
68.1769
68.9298
68.1133
68.2703
69.0501
67.8519
66.1278
67.4503
68.4224
67.721
67.4161
68.1495
68.6429
68.9789
68.046
67.0178
65.9617
66.9569
66.3558
67.3345
66.596
66.3512
67.2632
67.7063
66.8679
67.3145
67.991
69.0514
68.8317
69.3849
68.1419
68.8009
67.5569
67.5881
67.7492
67.7964
67.6788
67.821
67.7769
68.2124
68.6539
69.6592
69.7061
67.6349
66.2029
63.824
63.4185
62.4712
63.2506
63.2889
63.1805
62.6918
61.9712
60.5026
60.3609
61.2166
60.1451
60.7233
59.9437
58.2571
58.7089
59.3707
59.3106
58.3581
58.3161
60.1749
60.6232
59.993
59.6973
59.8499
60.5423
60.674
60.6539
58.5773
59.895
61.0021
60.812
61.1005
62.3181
61.3095
61.3961
61.6937
61.505
62.4647
61.9859
60.7728
60.8913
61.2274
59.8023
59.6412
60.0497
60.212
60.7528
61.0322
60.837
61.0586
61.7493
63.2361
64.498
63.6747
62.503
62.7027
61.6741
62.3848
62.4915
61.8472
59.8522
59.4787
59.0307
60.627
60.5077
60.9793
60.3391
58.8594
59.3219
59.4256
59.3754
60.9529
61.1909
61.5715
61.116
59.9863
59.8996
59.5395
60.348
61.0942
61.1635
60.9605
61.4134
61.357
62.107
63.2014
63.5495
63.9255
63.4281
63.3351
64.2665
62.9985
63.459
63.9829
63.6808
63.0295
61.3143
61.3963
61.6376
60.7772
59.6886
60.3973
60.2338
59.3782
59.0982
60.2669
59.6824
59.4963
59.2224
57.8898
57.6912
58.4113
59.7089
59.3474
59.4937
59.0136
59.1504
58.1817
58.124
59.2667
58.6868
57.9421
58.6655
59.0638
59.0254
58.8034
58.5609
56.7328
55.8719
55.5081
55.268
55.9995
55.4246
56.1185
56.2364
56.6194
56.2577
56.137
56.6169
58.1976
59.0325
57.7884
58.036
59.326
59.3755
58.73
58.3843
58.4727
58.5132
57.618
