100.261
102.318
101.202
99.5065
98.7387
98.7084
99.664
98.259
98.2076
98.574
96.8188
96.9179
96.7781
95.966
95.7008
94.403
95.2766
97.3307
96.289
97.3845
97.4894
97.9901
95.682
93.9167
94.7306
96.6217
96.386
96.5752
97.7852
98.1067
96.4576
96.2292
97.1053
95.6175
94.7634
96.3901
97.8613
99.5389
98.6767
98.6633
98.6047
100.552
99.2859
97.7622
97.8034
95.5809
94.4115
93.3012
92.5893
92.7929
93.4689
92.4866
92.1307
92.6172
92.7881
92.7238
94.5916
93.2204
92.6154
92.6983
93.1622
92.0305
92.7087
93.4895
92.4893
94.744
94.123
93.2786
93.4511
91.1328
92.703
92.7502
95.1573
94.3836
96.1698
95.1268
93.8116
93.6106
95.2417
94.958
93.8064
93.8737
95.6758
96.0709
97.3718
97.3423
97.0719
97.4828
97.7364
96.8378
98.0816
96.8952
96.934
98.0272
97.198
97.2318
97.6661
97.7864
96.588
96.9809
93.535
93.7268
93.4124
94.0907
93.8827
93.6491
94.5572
93.4497
94.3034
93.9191
92.9782
93.7071
92.7655
92.1988
92.1507
91.0856
89.593
86.5418
87.3811
88.7897
89.6413
89.3177
88.6335
89.8607
90.2084
92.934
93.0951
92.2077
91.4831
93.3763
94.2945
93.1467
91.68
90.0565
90.6851
92.4011
93.2739
92.7998
92.491
89.686
88.8956
88.9628
88.1631
87.6652
88.4446
87.9001
88.5461
88.8895
89.8722
89.0335
87.4529
86.6633
87.0726
87.0286
86.2306
85.6844
85.0656
85.4527
85.5356
86.0821
85.8402
85.8604
86.6443
85.5532
84.4218
85.4742
85.8025
86.4534
86.3757
86.0357
85.6989
85.6017
86.0059
86.7449
86.6432
87.075
87.5796
87.1182
87.7427
88.6548
87.9513
88.5732
88.15
88.8919
89.5643
89.525
88.5252
87.3505
85.295
84.093
83.9868
83.3401
85.0073
85.5368
85.9315
86.6676
87.5079
87.12
87.9453
87.6709
88.39
87.2747
87.083
86.7646
86.3226
84.9795
86.0325
85.1222
85.8869
85.5107
85.1196
84.376
83.5179
81.4556
80.229
79.4597
79.937
80.4523
78.3908
78.2109
76.8874
77.3794
75.6228
74.964
74.667
75.3657
76.805
77.4165
77.1633
76.3706
77.1413
76.218
75.3808
74.602
74.9131
75.2031
75.9681
75.0858
75.7092
75.8208
75.7403
77.0689
76.9046
77.3506
78.969
78.8928
80.534
78.8099
78.1784
77.5133
77.8236
78.7685
80.6812
80.0213
79.5737
79.4396
78.3033
77.8345
77.3575
78.1899
76.4382
75.5702
75.2843
74.9004
75.6495
76.3579
74.2974
73.768
75.7456
73.7732
74.818
73.495
70.7431
71.2137
71.4783
70.8017
71.0098
70.3291
70.1684
70.9102
69.2351
67.153
66.1633
65.701
65.8965
66.1044
65.5196
65.6198
64.8548
64.2243
65.2754
65.5593
65.6959
66.4145
66.0057
66.4055
65.7259
65.0731
64.4808
63.2063
63.3989
62.4514
60.9162
61.6755
61.2041
60.9813
61.6577
61.5305
62.2773
62.3768
62.1249
61.8749
62.1468
61.6957
62.2563
62.2462
63.0376
64.0093
64.101
63.3568
62.816
63.1635
63.4666
63.0831
63.6663
62.9191
63.7124
64.9862
67.126
66.3974
66.2138
67.0844
67.0709
66.8664
66.6911
67.2568
66.7205
66.4548
66.1361
66.6205
67.2468
66.0218
65.2683
65.6208
67.5973
67.922
67.2172
67.6715
66.8016
66.1661
66.582
66.6792
67.7983
68.3685
68.3947
67.131
67.7748
67.7542
67.6584
67.5454
67.4834
68.7263
70.1966
69.0586
69.9499
69.5666
68.2725
69.7771
71.7371
71.2378
70.942
69.7411
70.7437
69.9106
69.3239
69.2263
69.9365
72.0518
71.6436
71.258
70.7677
69.9808
70.8648
71.3165
71.846
71.5035
71.842
72.4578
72.9616
72.3583
72.4921
73.3469
74.4056
74.0203
75.2251
75.8546
76.44
75.3573
75.4107
71.7702
72.7594
72.8925
72.3091
72.4892
71.7867
72.3773
71.9814
71.4023
70.5487
70.0535
69.3419
68.561
67.9718
67.0806
66.3585
66.0886
65.8441
66.7407
67.7661
68.9354
68.524
67.9482
66.6715
68.2966
68.1032
68.5054
68.5949
67.8819
67.8239
66.3338
65.8584
65.6808
65.0618
64.6113
66.2343
65.3617
65.6248
65.7978
66.0049
66.4232
66.1646
65.6074
64.7707
64.7983
64.0955
64.1512
64.9255
64.4385
63.9442
64.3148
64.0971
65.042
63.3178
62.339
62.0356
62.7863
62.9953
62.6208
61.853
62.0868
61.1316
61.6426
62.7184
62.7569
60.0195
60.9562
60.6534
60.0138
60.0496
59.2418
59.9759
60.2608
60.5073
61.1807
62.6727
62.5569
61.5926
61.8404
62.5238
63.0853
63.3057
63.2394
64.1677
64.5513
65.8748
63.9277
62.6421
62.4179
61.2341
60.6516
60.6531
61.103
60.7786
61.1072
62.2669
62.2615
61.1369
59.8139
60.4982
61.0286
61.7554
62.5043
63.2541
63.3794
62.5024
62.0058
62.1973
63.5353
62.266
63.1864
63.0201
63.0957
64.0573
64.0596
63.5265
63.6766
62.3746
62.4874
61.8695
61.3492
61.374
61.8564
62.2777
63.7786
63.4232
62.9004
62.7005
62.4806
63.1966
62.7684
63.6629
63.4955
63.4151
64.4336
64.514
64.2418
65.0504
65.3391
64.6572
64.3912
63.4312
63.4335
63.9104
63.8891
64.5819
64.1654
63.7099
62.9799
62.7903
62.4235
63.1762
62.4446
62.1371
61.2966
60.9274
60.1244
59.3866
59.9705
60.4557
59.8094
59.4205
58.5568
57.8158
56.2469
55.9113
56.6129
57.553
58.3538
58.286
58.6496
59.1028
58.8573
58.6001
58.2706
58.1075
57.3331
57.7449
57.7012
56.3499
55.8684
55.4312
55.7523
55.7571
56.0755
56.7275
57.3425
57.0195
57.2242
58.5271
59.3524
58.5422
58.5773
58.5861
59.2152
60.3024
60.3869
60.2057
61.0269
60.2702
60.21
