99.2075
101.412
101.736
102.582
101.389
100.634
99.1265
98.9191
98.7479
102.024
103.956
105.483
104.434
104.713
102.995
104.517
103.752
104.449
103.242
106.498
105.66
107.626
106.602
106.68
106.621
106.294
105.941
104.145
103.918
103.329
105.933
104.54
106.557
107.909
109.954
109.286
110.995
111.802
111.134
108.574
106.466
107.786
109.184
109.2
108.273
108.246
108.766
106.664
109.66
107.431
102.973
105.171
106.038
106.308
107.558
109.339
109.383
107.657
106.063
103.986
106.012
106.932
105.612
108.169
108.03
107.026
108.143
109.022
109.116
112.052
114.015
113.239
115.503
116.407
115.792
115.132
114.651
111.055
111.683
110.83
108.118
107.945
109.091
108.88
106.662
107.511
106.874
107.58
106.647
107.79
107.339
107.399
108.319
107.093
106.89
105.267
104.492
104.712
102.819
103.526
101.722
100.882
101.179
101.087
99.6213
98.8156
100.792
99.6731
97.42
97.5356
96.6535
96.3306
94.1619
94.7119
92.5839
94.1995
94.4483
93.769
94.6421
96.6708
97.6048
98.1861
97.4549
97.3431
96.5769
96.5514
96.9919
98.3423
99.4578
99.3133
99.9417
101.412
104.196
105.804
104.288
102.529
103.236
99.4977
99.976
98.4341
100.617
101.434
103.784
103.806
104.198
106.021
105.472
107.276
107.47
104.209
106.114
106.583
106.99
105.87
106.113
105.959
107.59
106.948
106.84
104.543
104.828
103.488
105.769
104.339
104.659
105.319
103.597
103.174
103.259
103.877
104.956
104.718
104.154
103.398
104.94
106.22
105.216
105.464
103.398
101.597
102.206
102.25
103.422
103.148
104.694
103.689
102.832
100.961
102.705
102.088
101.024
101.562
101.834
102.447
102.896
101.612
99.8563
99.9755
101.676
100.81
100.332
98.084
96.0245
96.4225
97.2894
97.2153
96.035
97.6103
96.883
95.9358
96.1413
96.3882
97.3507
98.0629
99.0369
97.891
96.5669
96.1394
95.9892
94.6527
95.5651
96.8237
94.5936
95.3066
93.1385
94.7195
92.85
93.1417
94.1785
95.2047
94.7779
94.4033
93.602
94.0171
96.1109
97.5548
99.0127
99.9019
100.703
98.8461
100.173
100.969
101.646
100.622
101.817
100.702
100.668
99.4067
99.8792
100.146
100.63
99.4181
99.5806
98.7536
99.8315
99.2442
96.1515
97.3911
97.7703
97.9276
96.7765
97.0962
98.4832
99.3231
99.4375
98.2944
98.9591
99.1578
100.435
100.381
101.712
100.107
101.409
102.25
102.803
104.023
103.546
103.42
104.008
104.305
105.47
105.419
106.693
107.123
108.419
107.5
107.007
105.921
107.213
106.616
104.993
104.995
105.233
104.891
103.245
103.244
104.262
104.089
105.249
104.612
102.966
103.848
102.239
99.4166
100.844
99.9513
100.684
101.906
103.374
101.879
102.709
102.589
105.119
104.176
103.71
103.092
104.05
106.283
109.714
108.952
109.558
110.37
110.85
110.158
111.557
111.429
111.216
111.31
112.731
114.309
116.309
116.742
116
116.179
114.322
112.112
111.477
110.262
109.311
110.113
110.382
108.032
108.264
108.101
108.028
109.097
108.83
107.929
107.742
108.877
110.066
109.257
110.536
108.164
106.836
106.644
106.93
107.662
105.471
106.477
110.026
109.692
110.779
108.704
111.141
113.841
111.412
111.808
110.234
110.358
108.163
108.23
109.03
107.078
106.426
104.1
101.669
103.115
104.813
102.59
102.616
104.303
106.139
106.896
107.345
105.525
104.504
106.416
107.409
107.758
106.726
105.387
106.183
106.913
109.483
108.859
106.053
104.555
104.353
104.669
103.237
105.766
107.348
107.06
108.486
110.659
110.339
108.487
110.302
107.198
105.597
105.052
106.394
104.465
103.526
104.021
102.939
103.345
103.752
104.729
104.913
104.95
105.912
106.323
104.609
106.614
108.849
107.57
107.172
106.599
107.315
107.704
109.422
107.748
109.627
109.583
108.033
107.828
108.627
110.293
111.195
112.286
110.443
108.595
111.307
110.308
111.671
111.909
111.7
108.229
108.086
107.895
108.545
108.608
109.414
109.083
111.028
110.934
109.377
111.215
112.181
114.043
112.363
113.071
114.727
113.417
113.363
111.749
110.591
112.491
113.49
114.904
114.118
114.054
112.322
112.851
111.358
112.924
114.688
112.289
114.463
114.781
112.985
113.031
112.757
114.435
113.779
114.953
115.475
117.151
115.907
114.123
112.414
114.485
114.624
115.274
111.231
112.942
115.557
117.053
117.812
117.451
116.999
118.874
121.105
124.332
122.341
121.414
118.048
120.14
118.107
115.059
113.418
114.627
115.859
117.106
117.537
115.709
114.241
111.942
114.258
111.65
111.411
112.248
111.664
110.48
112.444
110.381
110.171
108.8
108.786
106.967
106.946
106.096
104.923
104.648
104.323
101.693
102.542
101.445
101.414
102.916
102.871
103.098
101.406
101.019
101.362
102.014
102.347
102.193
101.626
102.822
103.108
101.504
101.785
100.554
100.013
99.8639
98.561
99.9868
97.9931
99.6968
98.6349
98.7005
99.0039
98.128
96.4991
96.1499
95.5781
98.9808
96.3086
96.4397
96.9473
97.4072
95.9125
97.8093
99.5377
99.4673
97.9043
98.8236
99.5327
102.12
100.841
102.005
101.194
102.85
102.539
102.455
103.425
102.45
103.785
103.597
105.713
106.264
105.807
107.761
109.604
108.067
108.288
108.463
