100.771
101.986
102.279
102.709
100.283
99.7194
99.8278
98.107
95.506
97.884
97.3312
98.3215
98.1395
96.4379
97.2277
97.7701
97.321
96.9666
98.14
98.1788
100.289
98.0482
97.5401
97.5347
98.9258
98.0716
98.2862
98.1985
98.5474
97.2743
97.8285
97.9924
97.5591
97.9564
98.5181
99.7445
98.8998
100.636
99.9953
99.6304
99.0663
97.8411
96.418
94.9325
93.8342
94.7742
92.6992
89.9931
90.9408
91.2394
90.161
89.8584
90.3472
90.2179
89.8122
87.9562
89.5799
87.8409
87.3418
88.1308
86.7984
85.0076
84.6997
83.9872
82.8805
83.3921
83.0953
83.5202
84.57
83.3703
82.2627
80.9481
80.1337
80.3461
80.4295
81.3197
81.2024
82.4838
81.9131
82.4006
82.0882
81.4574
81.3641
80.65
80.3342
80.2469
78.9002
78.641
79.5225
80.9422
81.1431
81.5547
80.3728
82.3608
83.6588
83.3663
84.1008
83.4969
82.9668
80.6779
80.3612
80.5483
80.6825
81.9638
81.6244
82.4669
83.6816
82.9191
82.6429
84.0676
84.8713
85.937
86.2155
87.3089
86.7947
84.9983
83.3011
81.4399
80.4864
79.9436
81.0088
80.3021
82.2577
82.2439
81.5776
83.1778
81.9559
82.8038
85.0162
86.175
86.357
87.2434
87.0088
87.117
87.0397
87.3636
88.2557
87.9946
87.9624
88.4455
87.4509
87.0414
88.1985
89.5123
88.7025
89.1292
89.0937
88.6255
89.8195
89.4577
89.9668
91.203
91.9395
91.7866
93.4381
94.1262
94.9487
94.4923
92.1568
91.0979
89.7769
89.7448
89.2642
86.9872
85.6958
85.9356
86.7971
85.1968
83.0664
82.9613
82.2072
83.5567
82.042
80.694
79.4901
79.3746
80.676
79.4032
78.4911
77.5581
76.3329
77.348
77.7266
78.5046
79.9872
79.8274
80.1726
80.2721
80.5221
80.0488
80.5096
80.9961
82.6283
82.4066
82.9014
83.6452
85.3009
85.83
85.7899
86.5416
87.0409
83.7508
85.6929
85.5023
84.7074
83.4869
80.8813
82.2977
83.0913
83.4903
82.6045
83.329
82.8077
82.3397
81.0884
81.5884
81.6357
82.631
83.1975
83.0756
83.7258
82.9888
82.451
82.538
83.9222
83.3895
82.9868
82.9026
84.8064
84.1936
85.1097
85.2384
85.0674
83.3518
81.6917
82.9117
83.106
80.7026
80.8625
81.5302
82.1948
80.7445
80.8818
80.1346
80.3471
78.1197
76.3411
75.7715
74.441
73.6553
73.3277
72.2562
71.4343
71.364
74.036
74.2166
71.4865
72.3993
72.1788
72.5883
71.1745
70.8814
70.9459
70.4374
68.9637
69.5073
69.3625
69.5335
68.5157
67.6406
66.9181
65.523
66.5485
65.2867
65.1341
66.28
66.2691
67.4309
68.1364
67.9655
69.2652
67.7263
67.485
66.0445
65.5433
65.9642
65.6015
64.8296
64.2088
65.5425
64.8742
64.5118
63.8717
63.0559
64.6785
64.8191
65.0309
65.9166
66.9466
66.8376
67.9419
67.0814
66.8172
66.1008
65.8212
65.2176
65.4669
66.2973
66.2718
66.6892
66.3222
67.3543
65.3657
64.5699
65.5989
67.2513
66.6063
65.9701
64.4164
64.3468
64.395
63.8485
63.5443
61.9019
61.5634
62.3823
62.3914
61.8273
62.737
62.9462
61.9304
61.0488
60.7072
61.1364
62.3991
61.1072
60.3585
60.3945
60.6894
60.6723
59.3414
60.2199
60.5733
60.6718
58.7107
58.1247
57.9244
58.3668
58.9731
59.934
59.4899
59.5016
59.5978
59.4522
60.0157
60.0581
59.5638
59.4077
59.493
59.0968
59.4488
60.4601
60.3024
60.2502
58.9328
58.0276
58.0572
58.6336
59.4503
59.0384
59.6196
59.144
60.2685
59.9169
60.4306
59.5096
60.1116
58.7089
57.3868
57.8971
57.9677
57.9667
57.4468
57.3308
57.765
56.4552
57.0539
57.538
58.0627
57.9732
56.9684
56.4077
55.7234
56.9878
55.9446
56.1534
56.4046
55.9757
54.8968
53.6324
53.396
53.5277
52.5963
51.5093
51.8879
50.7596
51.6087
51.8377
52.2554
52.4247
53.859
53.3834
53.397
53.1969
53.3085
53.2719
52.8222
52.7065
52.957
52.8121
52.6331
52.5899
53.2303
52.4282
52.6856
52.2551
52.2448
51.6996
52.0979
51.4781
51.3885
51.2537
50.8788
50.4131
50.12
49.6817
49.216
49.8855
49.5353
49.3157
49.3094
48.8194
48.5034
48.4483
48.3963
49.3828
49.6644
48.8597
48.3518
48.0744
47.1835
46.9237
48.1793
48.0514
48.3454
48.7554
49.2198
48.7291
48.7692
48.9347
49.555
48.4026
48.2973
48.4413
48.2965
48.4844
48.3558
48.8181
48.274
48.5467
48.8675
48.2507
47.5052
47.368
47.7674
48.0802
47.5575
47.132
46.7467
46.2227
45.961
46.367
46.6176
46.1543
45.9775
46.2499
45.6265
45.0525
45.426
44.8439
44.2975
44.2769
44.7002
44.4891
44.3308
44.2553
44.0662
43.8496
45.0148
44.9823
44.574
43.6868
44.1461
44.4379
44.6146
44.6385
45.3378
46.5616
46.5573
45.921
45.6304
46.1356
46.0109
45.8482
46.9053
45.8843
45.1653
44.924
44.7863
45.7337
45.0997
45.9466
47.0818
46.9091
47.3699
48.3108
48.9141
48.7779
48.1621
47.0226
46.7842
46.2142
47.3439
45.4149
44.8224
45.7716
45.1298
45.1787
44.6072
45.0979
45.3673
44.663
44.5356
43.7798
44.4204
44.6374
44.1979
44.2849
43.4153
43.243
43.1606
42.6057
43.078
43.4258
43.8133
43.6959
43.2524
43.1037
42.2407
42.6325
41.8131
41.5502
40.6448
40.982
41.2141
41.2884
41.1727
40.6463
40.8228
40.5783
40.2756
39.8906
40.0338
40.1771
40.3494
40.0192
39.3519
40.0722
40.817
40.7936
41.4671
41.7676
42.6051
42.4644
43.1217
43.3907
44.1379
44.4559
44.6156
44.9292
44.0636
43.5898
43.8538
43.3513
42.7664
42.6488
42.2408
41.5755
41.2737
41.7045
