98.242
99.4359
99.5502
100.886
101.395
101.222
101.951
101.712
103.958
103.186
103.322
104.248
105.393
104.025
104.39
103.574
102.001
101.719
102.609
100.848
98.9322
99.2353
101.208
103.704
105.38
105.732
106.395
106.903
108.483
109.736
110.52
111.871
111.968
111.948
112.179
114.052
113.434
113.43
112.198
112.613
114.469
115.867
117.7
116.672
114.172
115.103
116.749
116.602
114.317
114.159
113.297
112.665
113.122
112.73
112.491
111.174
112.563
112.793
112.898
112.831
112.122
113.576
112.564
112.319
114.495
113.612
113.807
114.346
116.004
115.829
114.163
111.924
112.68
113.001
111.869
112.299
113.135
110.834
111.012
111.146
110.381
110.005
109.419
108.069
107.571
109.086
107.947
105.397
105.465
105.254
104.403
106.147
107.845
108.676
107.999
106.456
107.172
107.763
105.265
106.585
108.059
109.728
109.597
109.822
110.354
109.454
110.363
110.487
112.406
115.417
116.506
116.564
117.308
118.345
116.714
118.363
118.216
118.428
120.749
120.933
121.643
120.539
121.061
120.272
118.712
116.369
116.166
117.171
116.188
114.877
115.037
115.618
115.227
114.266
114.288
114.47
113.461
113.688
116.023
115.819
116.7
116.422
117.808
118.314
118.651
118.796
118.156
118.389
118.192
119.939
120.974
120.944
118.211
120.217
119.058
117.999
116.474
114.958
114.754
117.079
117.308
116.309
115.272
113.131
114.414
114.09
112.809
112.787
113.97
116.789
119.452
116.853
115.828
113.881
113.046
112.961
114.927
114.951
113.948
114.051
112.381
114.317
114.631
115.943
115.274
114.778
114.642
116.592
117.062
120.37
120.904
121.628
120.973
121.001
119.5
118.087
114.57
113.914
115.574
116.8
118.846
118.393
118.372
118.989
120.408
122.835
123.768
123.898
123.904
124.974
125.656
125.699
126.679
128.464
128.168
128.667
129.04
127.136
126.957
127.275
127.289
127.083
125.191
124.911
122.921
122.769
122.301
124.061
121.55
123.023
122.638
121.441
121.003
121.345
122.15
120.526
121.589
122.477
122.529
124.504
123.712
125.65
122.277
123.981
124.07
125.6
126.013
126.432
125.003
125.56
125.905
125.601
125.067
127.063
125.862
129.536
131.562
131.938
130.983
129.624
129.582
131.156
130.252
134.492
136.793
136.49
133.225
133.503
134.133
135.99
135.459
135.708
134.948
134.052
132.249
132.529
132.336
132.813
131.952
133.134
133.158
130.664
130.692
134.521
135.411
133.12
131.662
129.568
131.58
132.862
132.443
131.635
128.484
129.928
128.909
128.517
127.516
126.598
128.571
128.831
127.888
128.282
130.383
128.247
129.555
128.702
125.548
124.102
123.374
120.125
121.483
122.946
123.821
123.698
124.415
122.418
123.293
123.017
124.598
122.156
123.931
123.862
122.082
119.061
116.247
115.112
114.22
114.516
115.89
116.537
115.422
114.024
113.904
115.747
119.114
118.981
118.207
118.117
117.507
117.831
118.703
118.093
117.499
113.921
114.587
112.6
113.026
115.184
114.541
115.975
116.954
116.401
116.163
115.088
115.059
115.738
115.828
117.065
117.576
119.973
117.979
115.487
116.88
116.882
117.528
117.586
118.36
118.576
120.32
118.961
116.744
117.084
114.986
114.709
116.691
116.756
116.935
115.719
116.83
118.479
118.774
117.852
117.219
118.605
114.929
116.435
116.97
113.994
112.054
111.647
112.146
112.562
114.102
116.056
115.711
118.273
116.781
116.015
117.646
117.898
116.792
117.209
117.765
117.456
119.726
117.463
115.335
114.368
113.161
115.727
116.102
113.625
112.783
113.274
114.442
114.546
115.407
117.25
117.525
117.191
118.435
117.69
118.071
116.588
117.027
118.14
116.958
118.201
118.61
120.653
120.718
122.637
124.849
126.767
125.563
127.569
128.21
124.11
124.244
123.422
124.301
125.216
124.987
124.23
125.028
123.287
122.635
125.824
127.507
126.456
124.872
122.994
124.4
122.342
122.109
121.14
118.998
118.591
116.579
115.469
117.046
115.916
116.414
115.732
114.984
115.173
115.673
116.598
113.726
112.849
113.47
115.935
115.487
113.745
115.316
115.168
117.422
117.166
117.782
116.812
116.098
115.473
115.464
118.32
117.797
119.086
120.359
118.636
121.747
121.25
121.506
123.333
122.839
123.02
124.51
126.965
129.101
131.491
127.907
129.694
128.855
127.793
130.428
128.327
130.249
126.927
124.933
123.775
123.879
124.775
123.932
124.541
123.348
124.329
125.712
126.045
126.364
127.281
126.025
125.333
124.021
123.972
122.949
124.099
124.199
123.204
124.493
122.078
122.951
121.748
121.707
120.029
120.618
121.805
120.55
120.866
120.222
121.595
122.553
124.852
123.26
126.078
124.786
125.861
123.266
122.546
124.443
126.947
128.872
130.483
131.729
134.415
132.083
130.481
128.978
127.252
125.82
125.601
125.294
125.917
129.093
131.837
130.475
131.848
132.636
134.145
134.881
137.038
135.89
136.282
134.78
132.449
135.428
134.857
134.83
135.611
134.697
135.088
132.291
131.35
133.308
135.874
136.641
135.389
136.074
136.994
131.999
133.425
135.463
137.66
141.09
139.781
137.395
137.199
138.292
139.858
138.947
136.118
135.196
134.377
