100.05
99.5583
99.0455
98.942
97.8859
96.6269
98.2991
97.4092
94.7248
93.893
93.2403
91.8581
93.4052
93.2398
94.3673
92.9538
92.9551
92.5823
91.134
89.4635
89.8069
91.0368
89.8248
90.0234
88.6329
87.2171
89.4062
90.8414
91.4531
92.2505
91.6419
90.7897
92.4777
93.3236
93.4667
94.8196
92.307
91.3148
91.0486
94.2756
96.5497
96.2642
96.8927
97.0638
95.8023
95.9266
96.0021
96.7027
96.9287
96.8933
97.2991
98.3824
98.1485
99.5206
100.491
100.486
100.395
101.561
101.791
101.4
102.757
100.338
102.208
102.538
102.658
102.076
102.168
99.9045
99.12
98.5746
100.631
99.2971
100.187
100.926
98.8202
96.655
98.5693
97.7347
97.709
99.8118
99.8302
99.122
99.0439
101.097
101.294
100.702
100.688
101.75
102.778
102.341
103.3
104.652
104.06
103.641
102.633
99.8145
98.2292
101.097
100.969
100.504
99.353
98.5805
98.3519
96.2307
98.2628
100.01
100.018
98.8222
98.6264
100.061
101.562
101.655
100.345
101.813
100.043
100.617
97.8471
96.7269
97.0364
96.3619
96.741
97.0445
98.1279
95.6658
93.6903
91.598
92.0414
91.3931
92.7141
93.2369
92.2807
90.5974
91.3215
90.9237
92.2613
94.1585
94.1021
93.786
94.7346
95.0315
95.0186
92.9473
94.0458
94.9955
94.1249
94.2821
95.5717
94.982
93.8441
92.7667
91.7264
90.7507
91.1135
89.3041
87.5269
87.5333
85.8623
85.724
84.364
83.4485
83.5571
81.5986
82.4184
83.0274
83.3763
84.5345
85.3742
85.1957
84.117
84.222
83.7459
83.6185
84.3392
85.747
86.5566
87.6404
87.9014
86.5401
87.4514
88.3857
88.7576
87.691
85.529
84.3367
83.5424
82.916
83.1074
84.7678
82.606
83.0229
82.7417
83.4725
81.9404
82.232
81.5358
81.7703
82.2094
80.7436
80.8097
80.0857
80.6216
80.717
79.4848
79.0736
79.4171
80.0375
76.668
76.7621
75.7524
75.6464
77.5897
76.6414
76.7551
77.3214
77.6455
77.612
78.1361
78.8177
77.7108
79.696
81.5105
80.3858
79.2324
79.4039
80.0427
76.9783
78.3845
78.7088
80.3913
80.1963
80.7762
79.7429
80.9645
80.129
78.1064
77.9052
77.722
77.2383
77.3183
78.5194
77.2373
77.3873
78.0226
78.7296
78.2693
79.445
79.5974
80.4869
81.45
81.6468
82.8149
82.638
81.194
81.8848
80.9152
81.2331
81.8235
83.9268
85.3584
83.7999
84.3735
84.8483
83.8567
84.3101
84.2678
86.4859
85.5145
85.7614
84.8002
85.6656
83.642
81.6583
80.8132
76.4508
75.743
75.8224
75.6807
75.6298
75.9021
75.7381
76.3121
76.4477
75.9379
75.4761
76.3784
78.2174
77.7331
77.6562
79.057
79.7346
79.1989
82.1039
81.3561
80.3913
81.2669
80.9809
81.8996
82.0631
82.4555
82.7342
82.0826
81.8572
81.201
82.243
81.5711
82.2688
81.3728
80.8737
80.477
81.7261
81.5103
82.6381
81.5955
80.2456
79.6091
81.0237
81.4971
83.1832
83.3081
83.1776
81.84
82.9323
83.3064
81.0446
81.4922
81.6988
82.6196
82.9217
82.0026
83.9208
84.2594
85.4811
85.0158
85.3729
85.5897
84.7126
84.4888
86.8002
88.4171
88.1036
87.6078
86.3736
86.5147
84.7607
84.9302
84.6912
84.068
82.2295
81.571
81.946
82.34
82.8483
82.1059
80.3533
80.2184
81.3556
81.5107
80.6381
81.4015
82.1217
82.3233
82.3187
82.4071
80.3399
80.8607
80.8251
81.8598
81.0881
80.1773
80.1597
78.513
78.7271
81.9847
82.7722
83.7331
84.7942
84.2016
85.5571
85.9795
86.7394
86.7937
88.5133
88.9705
90.2504
89.8774
91.0421
90.7645
91.7613
92.0354
90.9588
91.7313
90.6165
89.9037
90.4845
89.1572
89.8175
87.8433
87.55
87.6069
87.3807
88.1123
89.2322
89.1636
89.8906
89.2204
88.5425
88.3015
87.6122
86.6306
86.5163
84.1937
84.2572
85.1482
86.136
86.1887
87.2785
88.1438
88.9361
90.7056
92.255
92.7622
95.4365
95.857
96.6036
96.2556
96.1457
98.3331
99.0079
99.9018
96.4939
96.2866
95.8652
95.6203
95.46
98.0902
97.7268
98.4865
98.1491
97.6375
97.2987
96.1571
96.9799
97.4528
96.7976
98.7358
100.382
99.893
98.3918
98.4932
97.5763
96.7238
98.1383
96.9614
95.3647
94.7891
96.7408
97.739
98.9584
98.8093
97.525
97.7038
96.0015
95.6857
94.8523
93.6052
94.2171
92.0475
91.5019
92.4197
91.9649
91.9626
91.7676
90.1525
89.8084
90.3725
89.3293
89.9812
90.6911
89.8601
87.3017
86.9689
86.1211
83.9751
85.2826
85.5371
86.5621
85.563
86.084
85.7449
85.6096
86.776
85.4646
84.9298
87.1039
88.6054
87.0658
87.1966
85.5148
85.7994
85.7538
86.3426
85.443
85.4218
86.7192
86.1972
86.8606
86.8202
87.8015
86.7087
87.5592
87.1007
86.161
85.8481
86.6934
86.3771
83.4873
85.7844
85.9575
88.2918
88.775
89.2064
87.0687
86.4966
86.9282
88.0548
90.0395
91.0609
92.6274
93.0044
93.0172
94.4302
94.3642
93.0544
93.3871
92.2833
90.8847
91.3384
89.1587
89.5309
89.213
89.31
89.1311
88.8494
88.7359
89.1019
87.5361
87.4321
85.8179
86.2949
87.3917
88.4826
89.7214
89.7517
89.3084
88.7876
87.2984
84.8842
85.0974
85.9146
85.2853
86.2683
85.885
85.4627
84.0812
84.5011
85.2486
87.4885
89.5629
88.2084
86.9743
87.4542
89.6844
90.2719
88.2739
88.4722
90.0059
89.9947
90.4439
88.8894
87.6777
87.9314
88.4009
88.3298
87.7978
88.05
87.1289
88.4716
87.2644
87.9604
89.203
90.084
89.3027
89.6098
89.6232
89.6759
91.1093
91.2219
91.4095
91.2303
91.0625
