98.4363
96.3355
97.4778
96.1458
95.198
95.4404
96.4754
95.5104
95.7811
96.8668
94.8943
92.9998
92.5076
92.9504
91.8984
91.0374
90.013
90.6653
90.4049
91.0249
89.4292
88.0946
87.6212
87.4738
88.4862
88.5487
89.9719
90.4004
92.8033
92.2139
92.3306
93.6985
95.2184
92.4687
93.7558
94.1055
92.8283
92.0396
93.4106
92.7642
92.7112
91.7299
90.4059
89.4282
90.6036
89.878
90.3506
92.3422
93.2516
93.4339
94.3497
91.3008
90.2535
90.3122
91.5173
90.6786
90.9711
89.477
90.6433
90.645
90.7901
90.3335
91.7425
91.1261
90.8297
92.1026
87.8666
86.5675
85.8699
86.1748
87.7284
88.862
90.7516
89.8884
88.9296
86.3393
85.5609
85.9971
87.4355
86.1452
85.0477
84.6653
83.1157
81.8747
81.3197
81.9086
81.7748
80.3428
81.7008
82.6528
82.5753
82.1809
81.3466
81.5098
83.516
82.4942
82.7101
81.8611
79.0789
78.1047
80.1263
79.886
80.0823
82.5379
80.833
81.0478
80.3509
78.0346
77.5566
76.8698
78.1864
78.2366
77.7145
78.5052
79.4726
80.3653
82.1304
83.8979
83.952
84.0562
83.6721
85.2143
83.4964
85.1515
82.1581
81.612
80.2151
79.8738
79.1042
78.3025
77.9936
78.0823
77.7028
76.7649
76.1601
76.9823
76.6805
76.0443
78.1147
78.0303
77.3666
77.6283
77.7427
78.3246
77.7751
77.4149
77.1321
76.8094
75.8161
75.6933
75.3946
74.2142
74.4847
74.485
74.9135
74.618
75.1071
75.4999
73.9193
73.8994
74.4223
74.9207
74.3134
73.865
73.3762
73.6723
72.0114
70.9355
70.511
70.4444
70.3279
69.428
69.7788
70.0215
70.7228
71.3451
71.8815
71.0628
69.3283
71.3673
71.2796
70.0428
70.5266
70.8721
71.8932
71.9107
71.6243
73.5873
72.0402
72.9836
71.7331
72.8056
72.6286
72.5901
72.9229
74.0189
74.0144
73.5461
74.1904
72.393
73.4772
73.439
71.6872
72.0225
72.2734
73.2215
73.4654
73.972
74.5961
74.0803
75.5022
74.9213
74.7679
75.0379
75.9019
76.0911
75.6089
76.5386
76.5897
76.8782
76.9617
75.9613
76.4259
75.6788
74.5729
74.1514
73.7787
74.5332
73.3052
73.5914
72.5391
74.7375
73.966
75.6689
77.8595
77.5311
77.5739
76.72
77.5673
78.0453
79.4396
80.156
80.6147
81.1308
80.0016
80.1649
80.3677
81.2585
81.7915
81.0088
80.711
80.5021
81.0066
82.4094
81.3354
82.4801
81.9089
82.0643
84.7544
84.6009
85.3635
84.1822
84.9691
84.3783
83.1706
83.878
84.3753
85.2424
85.2682
85.6231
86.0219
85.6156
85.0303
84.1206
84.453
85.5977
86.0534
87.0467
85.1738
85.4347
85.0419
85.0253
85.1604
83.5668
84.3596
84.8348
85.0284
85.8601
84.3244
86.442
84.1266
83.8403
83.9592
82.9637
83.4786
84.6316
84.3502
82.9655
82.3472
83.1893
83.8146
82.372
83.4364
83.5546
84.3273
84.6564
83.764
83.4223
83.3333
83.5933
82.5865
82.9369
83.7248
83.1987
82.9076
83.4499
81.4347
81.7844
83.1279
82.5622
82.3633
81.9538
81.6875
82.9223
82.7921
82.9122
84.0997
84.7213
85.1764
83.7558
83.1222
82.1559
81.7108
81.4288
80.2948
81.1616
78.0318
77.8768
78.3976
79.6073
77.9394
76.4165
77.0267
77.2782
76.6472
78.5886
78.2526
77.5028
76.4167
75.3208
76.5146
76.2826
76.659
77.192
75.8099
75.8594
76.4921
75.5582
75.1199
74.5935
73.8016
75.5438
74.813
74.909
74.2966
73.2885
73.7826
73.9068
74.3547
74.121
74.066
74.2727
75.0869
75.2717
74.1882
73.4863
73.1997
73.2423
72.9569
74.5664
74.739
73.8327
74.3421
74.6644
74.298
74.1579
73.564
71.9246
72.6193
72.2069
71.2099
70.4849
71.1684
70.4326
71.8734
72.6013
72.0333
70.7497
70.3769
70.0355
68.8159
68.9999
69.2418
69.751
69.7356
69.8973
68.8263
70.1234
69.3432
70.7522
71.2131
70.5993
69.626
67.4506
67.4603
66.9499
66.835
66.2458
67.295
67.5645
68.3503
69.646
69.3543
70.5145
71.8642
70.2091
69.3716
69.3805
71.6212
71.1396
69.9747
69.5946
68.8684
67.8448
68.1131
68.8101
69.6449
70.4157
67.7329
68.0448
66.9413
66.8925
67.142
67.7566
67.9172
67.8048
68.4816
67.9209
68.035
68.1374
68.7565
68.6655
68.7053
67.1072
66.6176
64.8277
66.0272
66.354
65.0909
63.3418
63.2303
63.2951
62.145
62.855
63.4053
63.4903
63.9572
64.6068
64.0287
64.0942
63.9231
64.7825
65.0179
65.7186
66.3327
66.3046
67.3084
67.6912
68.5589
68.0908
67.4333
67.3113
65.7861
67.6773
67.2913
64.8727
64.9038
64.8698
64.42
64.5596
64.6841
63.755
64.1124
64.8549
65.4245
64.7148
65.2583
65.7638
65.7299
64.9928
65.9506
66.6753
66.9765
67.9356
67.9776
67.1806
68.9339
69.784
70.2279
70.4879
71.2395
72.9374
72.0567
72.1152
71.0194
71.3232
72.379
72.6344
72.5476
71.9982
73.2138
73.1443
74.693
74.3842
75.6101
74.7036
75.3409
73.2695
73.4672
74.7385
73.9943
74.6263
74.2962
73.294
74.0381
74.4063
75.2326
76.6617
74.9205
74.2881
76.8729
76.7115
75.8586
75.6281
74.2593
73.4668
72.0941
70.9962
70.8845
71.6322
72.1382
70.5383
70.3994
69.8112
69.0724
69.37
69.8587
70.5101
70.1328
71.1909
71.4386
71.9661
72.9497
72.7543
71.5822
70.533
70.2678
69.9121
68.6632
68.9766
67.562
66.6719
64.5238
64.588
64.4338
65.0518
64.9184
66.3344
66.1258
64.292
64.5006
63.2795
64.017
64.6868
65.4088
67.1417
67.6028
67.5688
68.572
68.2215
67.3069
67.8347
67.032
67.5035
66.7427
64.2828
64.2327
64.8829
64.0562
64.1634
