99.2293
98.28
100.054
100.449
98.508
97.166
97.0473
95.1649
92.0685
93.6801
92.9466
94.0501
94.6657
94.4141
95.7871
97.9562
98.3304
100.278
99.0208
101.535
100.52
101.542
102.098
101.916
102.11
100.907
101.433
103.64
102.465
102.533
101.971
101.459
103.762
103.178
102.799
104.128
105.678
105.553
107.64
107.878
106.727
105.354
103.426
103.153
104.081
103.131
102.012
100.526
99.5122
100.281
96.7764
98.8877
99.0547
101.391
99.6466
99.9285
97.0746
97.8347
99.8352
100.416
100.578
98.3483
97.1371
97.1619
96.0318
95.4423
95.3622
96.0595
96.3193
96.2411
98.1847
99.3646
96.1783
98.4369
98.6714
98.6453
97.5763
96.3555
96.1146
97.8918
96.0306
99.5731
98.6568
99.677
99.8794
97.7835
95.5076
94.8129
92.5593
92.4136
92.8469
93.7918
94.389
94.1641
94.6447
95.263
95.1559
94.0914
95.3877
97.9752
98.4451
97.5976
98.928
97.2177
97.6039
95.9624
94.794
95.5269
94.2777
95.7041
96.8834
97.221
99.295
99.2262
100.575
99.4079
101.519
102.145
103.61
103.681
103.957
104.387
104.594
105.194
104.099
106.249
107.978
108.111
108.458
106.586
108.304
104.163
104.892
104.911
105.361
105.791
106.068
104.932
104.596
104.35
103.494
104.441
103.706
104.778
103.648
104.026
102.491
102.166
103.844
103.448
104.287
104.111
103.422
106.304
107.952
108.709
109.97
110.574
110.886
109.073
108.833
107.967
108.287
109.215
108.862
108.375
107.693
107.915
106.844
104.978
106.741
105.034
104.699
105.528
109.095
108.785
108.061
107.194
107.663
105.763
104.589
104.913
104.284
101.498
104.265
102.486
101.347
100.935
100.395
98.7391
99.6155
100.156
98.7872
95.7623
96.1373
94.9745
95.3854
95.6368
95.8874
95.812
96.3495
96.5343
98.0508
98.1586
97.8068
97.5454
98.357
99.9178
97.9114
99.9759
100.405
100.065
99.7272
101.7
101.014
100.563
101.257
99.416
100.183
102.987
101.473
102.112
103.019
102.66
104.751
107.509
108.797
108.557
110.725
111.072
110.277
111.914
113.288
112.044
112.71
112.603
115.49
113.539
114.596
116.216
114.804
116.017
113.827
113.764
110.764
109.759
110.444
110.625
110.101
111.405
107.908
107.663
106.62
106.751
107.653
108.116
105.779
105.62
109.459
108.81
111.682
110.252
111.441
112.748
114.822
115.016
115.312
113.624
113.344
111.776
112.917
110.958
108.728
109.288
110.121
111.6
112.133
112.005
110.821
109.26
109.581
106.953
107.396
105.804
106.236
106.047
106.213
105.381
104.254
103.114
101.759
102.543
100.835
98.8458
100.239
98.4002
97.6066
100.063
96.9446
97.9609
96.6609
96.0208
97.8809
98.4089
100.126
100.99
100.027
100.921
102.152
102.807
99.964
101.688
101.24
102.337
104.3
104.446
106.193
103.463
103.903
105.152
104.619
105.259
106.429
105.037
106.734
107.512
109.62
109.851
109.777
110.119
109.722
107.649
106.936
107.477
109.461
108.653
107.49
109.168
109.477
107.939
106.329
104.575
105.463
104.454
105.82
105.729
105.296
103.482
104.722
104.299
104.924
103.688
105.537
105.005
105.523
104.552
105.84
103.205
103.727
103.396
104.029
102.657
100.262
101.441
102.05
101.442
99.0727
99.43
99.6739
99.1902
100.207
102.06
103.83
103.66
107.39
108.108
108.259
107.619
109.147
109.428
111.204
112.11
110.629
110.364
108.118
106.434
107.488
106.838
105.028
103.459
103.636
103.582
103.446
103.293
103.319
101.175
100.212
100.73
100.324
99.927
98.3736
98.5613
99.3845
99.5696
100.576
100.593
100.429
101.207
100.564
102.643
104.486
105.245
105.76
102.788
104.484
105.638
105.119
105.184
107.919
107.363
107.504
107.704
107.805
107.671
107.388
106.998
106.604
106.281
105.932
107.391
104.698
102
102.49
100.661
100.141
100.163
100.246
100.623
99.8918
100.427
99.7139
96.9729
95.424
96.2176
97.0968
95.4064
95.401
94.4825
94.1467
94.0056
93.5756
95.8737
95.6372
95.8742
96.5104
95.9678
96.2336
97.5284
99.3177
97.5182
95.7248
96.5597
98.3151
97.0117
96.0932
97.9229
96.4487
94.4622
93.9976
94.1308
93.4212
92.1021
90.9637
91.9701
92.1066
90.7866
92.1213
92.2769
92.8999
95.029
95.9227
96.0639
97.3772
98.9035
98.7011
99.705
100.13
102.181
101.342
100.471
99.2503
99.8859
102.771
104.55
104.906
105.66
104.762
104.605
106.427
107.682
106.517
109.485
109.578
110.977
109.24
109.583
109.314
110.926
111.995
111.687
111.511
110.267
108.073
105.759
107.315
107.663
101.877
100.984
102.959
102.112
99.7434
98.7814
98.1554
98.1342
99.4737
99.6783
99.2586
97.9316
99.1787
100.109
99.1869
97.7907
97.043
97.6942
98.1066
98.0584
97.8985
97.9654
97.9275
97.9908
98.5337
99.7613
98.932
98.3236
97.7468
97.4306
98.976
99.858
101.263
100.266
101.276
101.37
101.343
103.792
103.469
103.244
104.609
105.605
108.108
108.131
110.597
110.628
113.184
113.151
115.989
119.529
116.877
118.159
118.65
118.945
119.06
120.246
118.603
119.547
120.157
119.523
117.785
117.856
119.053
119.142
118.315
117.223
119.276
120.803
122.163
125.227
125.653
127.769
124.14
124.757
123.216
119.722
119.031
119.217
116.36
117.13
115.939
115.673
113.585
113.142
