99.0014
97.992
98.5392
97.8298
98.5294
98.8654
97.4372
95.6629
99.5401
97.9362
95.6309
96.6087
98.192
96.4138
94.5302
94.8496
94.598
95.9307
97.604
95.6634
95.172
97.6041
97.3534
95.9062
96.6511
95.9523
95.2758
94.2091
92.8537
92.6585
92.2553
92.0867
91.6126
91.172
90.7444
90.2427
90.4249
89.7105
88.3488
86.9737
88.097
88.7842
88.6556
88.4732
88.9917
89.6321
90.066
91.3
90.744
88.3997
87.8707
90.3207
90.3355
91.9749
91.2218
91.1772
90.8202
90.9443
89.478
88.6226
88.8111
87.6477
87.147
88.7235
86.8201
86.1037
84.6555
86.4091
87.8355
88.3906
87.6014
87.6524
90.7968
90.8014
90.9459
90.2455
89.6284
90.2491
90.4273
91.6233
92.2133
91.3723
89.812
90.5744
92.8428
92.8373
93.3415
94.8024
95.7741
94.281
92.9885
95.2456
93.9772
93.4672
92.5829
92.8417
93.1177
93.1839
94.1583
95.064
94.5923
92.371
93.8982
93.1973
93.0375
91.2988
91.2123
91.3144
93.8365
91.9263
91.1915
91.7649
91.5989
89.6657
89.9207
90.6591
91.4924
91.9804
91.2639
91.48
90.7654
91.7566
91.533
91.5632
89.8866
89.7731
89.5077
90.4413
91.9044
91.4147
91.9448
93.2905
95.7489
97.4405
97.8642
96.6007
96.3285
94.6253
94.4981
92.9717
92.1009
93.1132
90.7103
89.247
89.2345
89.8934
89.8741
90.2292
90.2133
87.9778
90.4765
90.1538
91.239
91.8571
92.4254
92.2752
93.0369
90.6135
90.4012
90.1976
88.8717
88.4591
89.4953
89.7407
88.308
91.2691
89.1185
89.7729
89.0999
89.1014
89.6736
89.1039
88.8321
90.6118
91.699
91.8886
93.2064
91.8722
91.1575
92.0959
91.3065
91.5732
89.6869
91.9924
92.8964
94.0525
93.8308
92.7896
92.3762
93.1194
93.8999
94.7473
95.0568
94.2289
94.2927
93.2434
94.1034
93.6737
93.7807
92.1161
92.7691
93.5296
92.8543
93.152
91.1197
90.4562
90.3486
92.0566
93.3332
94.8323
92.9022
91.029
88.5516
90.3856
90.7258
91.6958
91.582
92.0631
93.095
93.8549
92.9671
94.2142
94.2585
92.6394
92.1935
94.2747
95.7002
95.4543
94.4003
93.1626
92.0352
91.3698
90.7736
87.761
87.9065
86.9394
89.029
89.8087
88.5206
87.5697
87.5508
88.2458
89.6196
89.2133
89.9741
90.1308
90.7136
89.4494
91.7092
91.1672
89.5608
89.0622
86.8834
88.0412
87.8259
88.6967
90.8008
91.2787
91.804
91.9499
92.2101
92.5695
91.833
91.8441
91.9955
91.3737
90.5255
90.333
89.6213
91.0794
89.5676
90.3137
88.5255
87.4186
84.1188
84.5419
85.1014
85.544
85.9586
87.9295
86.5332
86.1192
86.5239
86.7672
86.8649
86.5991
86.0634
85.7729
84.1197
83.1628
83.1134
83.2164
82.6112
83.4588
83.5521
84.7762
85.5094
85.9695
87.9584
88.2538
90.9113
90.5945
89.7749
90.2117
92.5855
91.5449
90.3118
92.2308
93.1311
93.0086
92.0046
91.7196
92.737
92.6802
92.9091
93.8352
94.3017
94.1386
94.2234
94.1958
96.1456
96.1859
94.8695
96.5198
96.5753
97.3015
99.2696
97.3729
98.3789
100.668
100.569
100.563
100.06
98.5547
96.4623
96.8997
99.6437
101.254
102.418
100.725
100.026
100.831
99.8529
100.581
101.473
101.864
102.586
101.914
100.527
101.058
102.294
103.102
100.93
102.33
104.261
100.998
101.12
103.047
103.158
101.708
103.327
104.055
105.225
106.102
105.378
104.198
106.552
104.797
103.227
104.717
104.078
102.123
101.782
102.324
102.424
101.925
100.409
99.5764
98.8774
100.778
102.137
103.466
102.161
99.2197
96.454
97.0434
94.7989
93.4182
94.0813
95.2232
95.3561
93.808
93.4585
92.5932
91.7925
90.977
91.0536
91.0658
91.7658
91.6684
93.4207
93.6034
93.5271
93.9453
93.7313
94.9277
94.6065
94.8168
94.7604
95.4927
96.1579
93.9413
92.1369
91.0248
90.7088
90.6449
91.1495
93.7108
95.292
95.6986
95.5134
95.9756
96.4586
97.6387
98.1094
100.114
101.251
101.602
100.004
99.6167
100.003
99.7763
100.121
100.262
100.757
100.894
100.185
100.624
102.657
102.351
100.968
100.602
99.9567
100.302
98.9809
100.93
100.831
100.932
100.278
98.6053
95.42
96.3719
95.8991
92.8637
94.179
93.4452
94.7711
93.2151
91.3891
91.4603
89.6716
90.3817
87.4065
88.173
87.4344
88.0467
87.5531
86.992
86.0514
85.9895
85.7964
84.7882
85.4168
85.5368
85.1702
85.0521
83.0036
82.3163
83.6443
83.0624
82.1755
82.3162
80.6159
78.7852
78.3382
77.645
77.5364
77.04
76.3324
75.7397
75.63
75.0106
74.9909
73.0266
73.2938
73.0608
71.9334
69.3782
71.172
71.452
70.405
68.7553
69.3275
69.1859
67.9887
68.9634
68.6065
69.2269
69.5355
68.7453
67.9943
68.2333
66.9789
66.5334
65.7372
66.5402
65.7255
65.2773
66.1822
66.4032
66.6538
67.2661
66.9155
67.1457
68.2924
67.6098
67.9949
69.1878
68.6085
67.0266
67.8653
68.169
67.3747
67.6785
65.8557
65.8933
65.4538
65.0771
64.9467
64.4071
64.1265
63.8461
62.9224
61.612
61.7636
62.1978
63.3091
62.0312
61.8001
61.1317
61.6197
61.0378
61.1071
59.8228
60.3808
60.8962
61.2204
61.5264
61.9436
61.9474
61.6419
61.3778
62.4346
61.5897
62.347
60.5816
60.4342
60.9451
61.2763
61.1548
61.8573
62.5475
62.6297
63.1151
63.5907
62.8988
63.1396
63.1225
63.6843
63.788
63.843
63.3995
61.8678
61.5492
62.0584
62.2147
61.5915
62.2605
61.8517
61.3519
61.7172
61.8621
62.3418
62.6555
63.9744
63.6641
63.4402
64.7677
64.6177
66.0826
