101.053
99.057
97.953
97.75
97.255
96.6525
97.4634
95.9186
95.8284
96.2576
94.3966
94.6201
94.9297
94.0407
96.5761
96.0006
95.7527
95.1302
94.5156
94.5952
96.5342
96.5958
97.0197
98.3886
95.8002
96.5813
97.066
97.9219
95.8275
94.6125
95.2867
93.7675
93.3259
94.161
94.0364
93.5621
93.1851
93.9256
94.1322
94.1064
92.8981
91.5095
92.421
91.6623
91.4417
92.7898
92.1762
92.3156
93.2745
94.668
94.2611
94.2929
94.9701
92.0061
91.8242
91.5477
90.1963
91.9369
91.9265
93.636
91.9389
90.8683
90.6601
90.4017
91.5989
92.11
91.0675
88.7774
89.7536
89.0734
86.5288
85.4583
84.469
84.4846
84.1895
84.226
82.9097
82.0978
82.0975
79.4382
79.7137
81.7642
83.4826
82.8044
84.368
85.0668
84.6042
83.6123
83.1019
83.9633
82.0277
81.5208
78.8605
78.8518
79.1148
78.1292
78.1576
78.8236
79.7785
81.1848
82.3327
81.5639
81.9136
81.3342
82.5238
83.7881
83.2664
82.1223
81.0332
81.3293
81.5952
82.1654
80.7021
81.0204
81.7002
81.5643
81.8787
81.8435
81.8362
82.0238
81.7894
80.1453
80.6216
80.2493
79.379
79.2436
79.0485
80.6208
80.6155
82.3522
81.1684
80.353
81.7786
81.7081
80.9759
81.5154
79.9228
80.9687
83.1053
84.6515
84.5521
83.3308
82.2687
82.3449
81.293
80.5848
80.9124
79.363
79.5624
79.658
79.4402
80.0979
82.4819
81.2331
80.5667
82.9075
81.4147
80.2047
80.5593
81.7572
81.4193
81.653
82.8011
83.1458
83.8682
84.1616
83.9857
84.6344
83.8613
84.9094
84.1777
84.2509
83.6911
83.933
83.9713
83.589
85.273
86.0657
85.6239
86.2025
87.1804
85.6788
85.3918
84.9631
84.0198
82.2683
80.4152
81.6734
83.0706
82.5352
82.1508
83.139
82.4658
82.2124
84.5482
82.6644
82.8565
81.5889
83.5528
86.2864
87.565
88.3936
88.5666
89.3992
87.693
88.5155
87.4028
87.135
85.3284
86.4397
88.2837
88.091
88.2621
88.1284
87.0652
86.623
88.8548
88.0741
87.4408
86.6152
87.5909
86.572
84.919
84.4653
83.7837
83.7975
82.2341
83.3072
83.798
82.6796
82.8827
83.9296
84.4175
85.5955
84.9582
85.0468
84.4381
84.7846
84.8035
86.8502
85.8395
88.3289
88.2302
86.4101
85.5762
83.8016
82.1195
81.3861
82.0906
83.3916
83.2958
82.9884
83.4908
82.3091
84.034
83.2039
82.6702
81.2652
80.7628
81.5424
82.0793
82.4317
81.678
81.4826
81.6954
81.7732
82.912
82.4062
82.7242
82.9775
81.9375
82.0997
82.7556
82.2243
81.6462
82.2352
81.3008
81.8212
81.8661
81.5238
80.545
79.5051
78.6473
78.2907
78.7974
78.7245
80.2685
80.0321
79.3329
79.2714
76.2306
74.2995
74.3301
73.8908
75.7708
77.1024
77.8223
78.9943
77.9787
80.1468
79.1013
80.4504
80.8475
80.5289
79.7674
77.8569
77.8761
77.3178
79.468
79.822
79.3024
79.1957
81.2914
80.0522
79.9993
80.8193
82.2561
82.3085
83.3194
81.0668
82.5938
82.4234
82.2737
81.5499
81.535
80.8372
79.8098
80.8525
81.7026
81.9447
82.3894
81.4739
83.3368
80.6836
80.673
79.7859
79.4166
78.941
78.6832
80.0436
80.9946
80.2865
79.6739
79.6119
79.7831
79.491
78.6227
80.9431
80.6413
81.2348
82.0205
82.5665
82.7706
83.0303
86.0932
85.1863
83.5694
83.8197
83.6583
83.8065
83.6381
83.9828
85.6134
84.8478
83.7227
83.8731
84.023
82.0074
82.9581
83.6954
83.1351
83.1828
84.4835
85.5743
84.2306
85.2578
86.2545
86.4743
88.9699
87.2925
86.8774
85.4078
88.3935
88.1391
87.0568
86.025
85.8103
85.2454
84.6635
85.8861
84.6655
83.1363
85.52
86.501
84.3318
84.0702
84.0961
84.5443
84.9613
85.7002
87.7619
88.681
87.8105
88.8524
87.5631
88.0028
88.3329
90.1173
90.8781
92.2556
93.5001
93.1879
90.6066
92.3824
90.9775
88.9923
89.5095
89.9591
91.8835
92.1539
90.9674
91.0663
91.5011
90.6875
90.578
89.6597
88.6905
89.8194
91.8615
92.674
91.3764
92.4743
92.9537
93.1392
92.4717
91.5218
91.6685
90.7014
89.9343
89.8015
88.8153
89.4006
89.9646
90.3739
90.0674
90.1552
90.4619
92.4479
91.9438
89.9666
89.3268
88.781
91.3991
89.6344
89.0464
89.1276
91.2605
91.6153
91.3451
90.4805
92.0561
90.6733
89.5897
89.9869
89.9335
91.3458
91.1613
92.1567
90.7676
88.4881
88.5308
89.6855
91.6745
90.3847
89.5944
87.8434
86.0831
86.7895
86.6316
87.666
86.7934
86.4968
85.6619
86.6283
86.7246
86.6543
88.2622
87.5281
85.9226
86.8163
85.4152
84.1625
84.8561
85.6523
84.848
84.7887
82.3552
81.2271
81.8863
82.565
81.0487
82.9681
81.6176
82.612
81.363
81.0353
80.2618
80.3507
80.1537
77.6526
77.1937
76.845
77.3988
77.0556
76.5212
77.4848
77.3734
76.2319
77.0141
76.5141
75.1086
75.219
74.79
74.0068
73.6767
74.7691
74.0964
72.5384
73.4026
74.8445
73.2803
73.2194
71.2603
70.9981
70.1171
69.7653
69.5704
70.028
69.3602
70.1093
71.3175
70.5467
71.1305
71.9266
71.2937
71.0521
72.8502
73.5229
72.8697
73.1745
72.5233
72.0989
70.9202
69.3725
69.6714
68.5904
68.4726
68.3709
68.1297
67.6716
67.0762
66.5822
67.1582
65.7679
65.7122
66.5319
66.2267
65.609
67.3151
66.8439
66.5458
65.9707
66.3318
67.1272
66.4218
65.0029
64.7035
64.6332
64.056
62.9742
62.128
63.5858
64.0803
63.7868
64.4262
63.6862
64.6447
64.6964
64.3833
63.7377
63.402
64.1805
65.3771
64.9572
64.7486
64.2441
64.1911
64.759
64.2254
65.3107
