99.495
99.8381
99.8761
99.7755
102.011
98.8066
101.978
102.589
102.299
102.711
102.499
102.248
103.553
102.836
102.473
100.715
101.297
102.838
102.772
103.277
101.464
101.22
101.098
100.164
101.289
101.984
104.124
106.423
105.192
103.719
104.755
103.836
103.759
104.784
106.347
104.525
106.065
106.838
108.561
110.074
111.135
110.681
110.727
109.922
107.59
107.154
105.406
101.676
102.503
101.299
101.767
103.701
104.044
101.181
99.5082
99.9129
100.15
100.53
100.733
102.114
103.101
105.752
107.872
107.396
107.957
108.19
108.283
108.529
107.804
105.55
103.244
102.822
103.782
105.941
105.209
105.246
106.881
106.08
105.084
104.892
104.756
104.094
101.65
101.448
101.68
103.334
104.105
100.978
102.558
101.555
98.0852
100.405
99.8243
98.2975
98.7294
101.194
102.391
102.982
102.365
101.979
99.673
100.633
102.197
101.745
103.44
103.527
104.092
102.64
101.705
101.337
101.681
104.018
103.261
102.629
101.936
102.658
104.82
106.387
105.005
105.23
107.22
106.961
105.899
105.707
106.328
106.708
105.449
107.099
105.803
107.959
107.628
107.862
109.185
109.824
108.663
110.212
112.258
112.745
110.734
110.133
110.038
109.809
108.454
110.918
113.966
114.827
114.027
115.149
114.999
116.565
119.35
117.33
114.547
114.775
116.414
116.137
114.69
114.639
116.103
116.76
116.827
116.778
115.412
114.306
112.803
112.195
112.933
111.243
109.115
107.006
108.031
108.716
107.639
109.796
109.682
110.003
111.756
114.34
115.15
117.712
115.554
115.45
118.003
119.442
118.568
117.036
118.221
118.972
119.449
119.543
121.099
120.888
123.445
124.465
127.346
124.394
124.777
125.083
124.78
125.546
125.759
126.548
127.893
130.598
131.803
130.246
126.669
126.462
127.189
126.774
124.203
121.934
122.319
123.682
123.215
121.88
121.423
123.263
123.564
122.968
122.282
122.326
121.71
121.69
120.444
121.149
120.961
117.753
117.03
117.968
116.007
114.568
113.452
112.314
111.132
111.613
113.311
113.763
115.05
114.859
112.992
111.345
111.176
110.087
109.601
110.149
111.063
110.748
112.288
114.03
113.863
112.937
112.628
115.296
115.713
116.745
116.957
116.37
117.357
115.482
116.959
116.108
114.547
112.112
111.797
108.471
109.58
109.488
109.787
111.664
110.411
110.047
109.85
109.412
110.291
107.674
109.118
109.495
107.514
107.437
107.8
106.877
107.785
110.197
109.858
112.631
113.758
114.925
114.211
115.908
116.941
115.461
116.604
114.246
114.144
114.565
114.567
116.086
118.252
116.096
115.175
115.158
115.58
117.299
116.459
114.025
116.025
115.172
112.936
114.827
116.396
115.707
114.727
115.975
114.788
115.05
114.033
112.231
110.85
109.931
109.694
111.433
110.145
109.955
110.393
110.674
111.101
112.386
112.18
111.42
111.895
113.872
113.506
113.68
110.815
111.882
112.022
112.072
112.099
111.499
109.655
110.747
111.27
111.609
108.687
110.236
111.623
111.024
111.557
112.837
111.789
110.703
109.726
108.869
109.161
108.721
110.507
108.792
109.208
110.887
112.22
112.3
112.212
111.192
110.833
110.49
111.05
111.453
113.111
113.313
113.292
113.532
111.576
112.844
115.618
116.458
117.323
118.252
116.473
115.787
114.858
112.616
111.682
112.017
113.033
115.897
116.665
116.876
116.523
115.938
112.985
113.809
112.434
112.98
112.615
111.694
112.605
111.923
112.592
113.872
114.983
115.444
117.848
120.095
121.711
121.242
119.558
119.363
118.481
118.77
118.017
117.466
116.955
118.873
120.421
120.215
117.592
117.817
117.948
115.148
115.666
115.401
117.443
118.261
117.365
116.462
118.291
117.289
118.493
119.239
117.191
117.217
115.532
116.646
114.173
115.089
114.517
116.39
114.115
115.55
116.968
116.296
115.827
115.415
112.325
113.985
112.58
109.239
109.013
107.856
108.843
109.733
109.223
110.577
110.859
111.702
110.88
108.504
109.756
109.535
106.859
106.799
105.339
104.379
102.731
105.174
106.514
108.315
107.9
107.805
107.654
107.862
109.754
107.472
107.289
106.097
104.401
105.769
103.267
102.574
102.706
103.763
102.691
101.125
101.189
101.562
103.652
105.006
105.444
106.743
106.406
106.154
105.8
104.319
104.097
104.528
104.199
105.12
103.843
103.441
101.454
101.02
99.7955
101.601
102.796
101.696
104.491
106.328
105.809
107.939
106.488
103.254
102.824
104.243
101.89
103.081
103.027
105.774
104.056
106.002
106.533
106.948
108.589
108.612
108.942
109.222
109.595
108.698
107.833
107.092
105.628
105.673
107.537
107.603
108.799
108.51
109.305
109.164
107.127
108.334
107.589
107.741
108.013
109.873
110.284
108.556
107.193
109.208
109.104
109.398
107.57
108.512
106.448
105.637
106.212
109.049
109.139
109.987
108.273
108.801
109.518
108.519
110.92
111.466
110.914
109.001
110.481
110.838
111.359
111.271
112.535
112.327
113.232
112.357
112.622
112.804
112.81
115.435
116.032
114.676
116.728
119.045
118.743
117.767
115.187
116.104
117.602
118.315
117.358
118.493
120.412
117.972
116.742
115.94
116.37
118.874
119.759
120.277
120.258
120.289
