99.281
96.4083
97.8259
97.5194
96.9028
99.6482
102.472
101.085
100.27
102.093
103.748
103.494
103.885
103.007
100.818
101.281
102.492
101.189
103.339
104.649
105.496
106.211
105.509
105.313
102.845
102.203
104.15
104.491
103.943
103.991
104.113
105.646
104.524
104.259
102.684
103.085
103.184
104.718
106.019
105.761
104.867
103.286
104.385
105.843
104.749
104.172
103.804
103.252
102.34
102.71
101.518
100.091
99.4114
99.7694
100.443
98.5922
100.505
100.617
100.054
99.8264
99.6889
99.1788
97.5231
98.8763
97.946
98.5097
97.279
96.9467
95.6854
96.5536
97.617
96.5655
95.732
96.9866
99.4669
96.6364
97.2655
98.8152
99.9227
100.416
100.184
100.837
101.956
103.086
104.085
102.029
101.511
101.291
100.082
99.2355
100.235
100.282
101.754
100.936
100.841
99.8647
97.9585
97.7425
96.5828
94.5658
95.749
96.4942
95.6839
96.8299
98.08
98.8633
98.2466
98.2852
98.11
97.5531
96.2315
96.2729
94.7267
91.8417
89.9995
90.1144
87.3697
85.4043
86.9075
87.2892
88.3242
87.8735
88.8354
89.7915
90.3941
91.2365
92.4202
93.8562
92.4174
92.1934
92.6513
92.7546
93.5127
92.8875
92.3461
91.313
90.5582
91.0382
91.3775
91.1319
91.0116
93.0062
93.2556
94.615
94.5663
93.4828
92.0695
93.0393
89.4838
88.591
89.4085
90.2709
90.1483
90.3728
88.8711
88.0458
86.2081
85.9594
84.4222
83.6058
83.3505
83.157
83.4091
84.2072
81.7137
82.3493
82.5459
82.1656
83.3008
81.4498
80.7209
80.7926
81.1756
82.4223
82.6725
81.4257
80.1095
79.254
78.1803
78.3919
79.2298
78.5355
79.5414
81.1984
81.6136
80.5457
82.792
82.7594
82.8133
83.181
82.6334
82.0904
82.0139
83.1496
82.4542
82.7479
83.7833
84.0765
83.0345
83.0724
84.0741
81.9764
80.1342
79.2535
77.5683
78.541
78.5187
78.2168
78.5943
79.7769
81.2555
80.6684
80.5748
82.1288
80.7215
81.8002
80.5256
80.6908
80.6791
82.8743
82.5653
83.0831
81.4534
83.7989
84.2023
83.8869
82.9393
81.8188
81.9169
80.4412
81.5291
82.8954
82.0919
82.8232
83.5673
83.189
82.197
83.427
83.6612
83.0592
82.0679
80.3027
82.0483
81.1111
80.1052
78.8759
79.0912
79.5712
80.0081
79.4204
79.923
79.6808
78.5624
77.9445
78.9102
77.0979
77.1834
77.2102
76.9253
76.332
75.4069
76.1627
75.87
76.9051
77.2857
77.1905
77.1739
77.5203
76.73
76.743
77.0754
77.9054
80.3525
80.337
79.4498
80.9085
82.2011
80.9232
80.6857
79.9547
80.0021
79.5808
79.8974
78.9304
79.9372
80.9476
82.0464
81.2761
80.809
81.0158
80.5721
82.3634
80.8176
78.6485
78.6172
76.7489
78.5695
77.2547
76.6454
76.6397
75.4204
74.9315
73.5807
74.3737
72.9224
74.102
74.6426
74.4272
73.4682
73.4589
74.0408
72.887
72.6902
72.3843
71.1625
71.3704
71.6847
72.2278
72.2848
70.7481
71.6337
70.425
70.7668
69.8721
70.1213
69.3118
70.3377
70.7844
69.8138
69.9076
71.0793
71.3256
71.6725
72.25
73.6131
73.5789
73.1448
71.3617
72.103
72.6438
71.5251
70.5711
70.3197
71.6884
72.0361
73.8035
76.2288
73.6426
72.7804
72.311
70.3663
71.5122
71.812
70.7592
73.1037
73.9082
73.879
73.4495
71.4951
71.7543
70.9211
70.038
69.1431
68.8535
70.3269
70.7439
69.8512
70.4903
71.0976
72.4685
73.3146
72.383
73.4287
74.3249
75.8841
76.0475
75.8211
74.8524
74.5688
72.5546
75.6142
76.3465
76.7864
77.0183
77.1084
78.7301
77.9611
79.0055
78.9162
78.8965
78.0889
78.7501
78.2216
77.5141
76.6833
76.0207
75.7404
75.698
76.902
79.2795
79.1446
78.2891
79.6707
80.7313
81.8183
82.6016
82.7779
83.8076
81.463
81.1691
78.9964
77.4063
78.0411
78.8311
75.772
75.1075
73.9928
73.1062
73.8425
74.2926
74.4219
75.217
74.2884
74.1808
71.7796
71.8467
72.0465
73.1127
72.429
72.0517
72.8545
72.4858
72.07
71.2474
70.1062
68.1567
67.2269
66.7394
67.4606
67.9862
70.2343
69.2475
70.0904
69.9147
70.4393
69.2498
69.7177
69.3782
69.339
68.4763
68.4576
68.713
69.2206
67.3692
67.7994
67.669
66.5564
64.9721
64.2421
63.7557
62.6963
62.8172
62.2982
63.0259
63.2868
64.612
65.2762
65.3648
65.4105
65.5664
65.8783
64.4789
63.9602
65.0286
63.4832
61.7001
61.932
61.8934
61.6774
60.9617
61.4066
60.9503
60.4243
61.1769
61.9772
61.0991
60.5633
59.9121
59.5823
58.5332
57.8684
57.9054
57.659
57.7438
57.943
57.7841
57.6862
57.2574
57.5229
58.4158
57.8523
56.3354
55.2819
55.4961
55.9803
56.6299
56.2221
56.7451
56.8761
56.1169
56.0072
56.4705
56.6565
55.4335
56.088
55.7424
55.6338
55.0553
53.6646
53.6154
54.4074
54.5785
52.8209
52.9446
52.2189
51.5334
52.0686
51.9753
52.5985
52.7834
52.4906
53.1257
52.391
52.1679
52.431
52.635
52.8508
53.2609
52.5709
52.1208
52.1639
51.6742
50.8077
50.4061
50.571
50.0899
50.0249
50.4925
50.2971
49.6187
49.4898
50.1932
49.5391
50.803
51.555
52.0429
52.1869
52.0871
53.0508
53.0958
53.3864
54.1737
53.4036
53.0198
53.4009
53.6799
53.6537
53.4029
54.6427
53.9329
53.1975
52.9377
52.8087
52.7185
51.1309
51.6275
51.9338
52.4958
52.673
53.0442
52.7946
52.9246
51.5449
52.6101
51.3828
50.9994
49.9881
49.7714
50.0078
50.0733
50.1421
50.0972
51.0991
50.6258
49.4937
48.1966
48.3432
48.225
48.9648
48.4411
