100.9
100.439
99.721
100.66
101.416
100.439
100.079
99.2553
100.827
100.332
101.013
103.365
104.471
104.463
103.558
101.318
101.938
102.993
102.093
102.142
104.392
102.275
100.973
100.879
100.465
97.4217
97.0468
97.6368
97.8799
97.5046
96.9806
96.5084
94.8162
94.3971
93.4744
93.6836
94.151
95.0141
94.6108
95.0839
94.1496
94.9615
94.5374
93.9049
94.2309
94.0698
95.0792
96.1027
95.9601
95.9367
94.4509
94.4412
95.063
96.693
96.1932
96.9504
95.6728
97.3366
96.6425
97.92
100.054
101.902
100.91
100.754
101.087
101.571
104.363
102.813
102.487
102.812
103.519
105.429
106.179
104.069
103.28
104.361
106.452
105.86
106.326
107.797
107.768
106.276
108.038
109.217
110.151
112.841
112.948
113.331
114.192
115.1
113.899
113.769
111.162
111.361
111.898
110.018
110.657
109.332
108.461
111.307
110.284
110.935
111.984
112.259
112.198
111.01
110.811
109.515
111.122
111.625
110.602
109.926
108.786
109.287
106.705
111.169
111.387
111.586
112.819
112.695
111.921
112.645
109.739
109.495
112.579
114.326
114.232
115.304
118.219
118.82
119.724
119.404
119.327
119.947
121.471
119.635
120.917
121.676
121.771
121.549
121.882
121.924
120.182
121.446
119.538
119.464
120.272
120.817
121.616
122.394
121.618
123.232
124.906
124.418
125.336
127.656
127.96
129.361
131.286
131.975
129.862
130.183
128.84
129.473
130.62
130.058
129.084
126.981
129.492
129.402
131.624
130.72
130.958
132.343
130.329
130.96
134.61
135.175
133.336
132.262
131.932
131.854
132.35
131.947
132.164
129.418
129.418
130.461
129.648
130.219
129.662
129.93
128.363
128.769
128.124
127.054
127.155
129.905
130.748
131.727
132.562
133.521
132.889
129.723
127.346
125.668
125.829
128.388
129.219
129.328
127.853
125.735
124.909
127.318
126.507
127.399
128.503
126.871
122.821
122.683
124.484
126.869
126.879
128.312
127.285
126.776
124.838
122.495
124.04
125.484
128.605
127.821
128.996
127.985
130.208
131.119
131.14
130.916
130.216
132.138
133.073
135.6
134.191
131.323
127.672
130.417
132.111
133.515
131.725
132.005
136.365
137.218
136.022
136.237
137.005
137.973
135.445
133.933
132.626
132.265
131.321
132.896
136.997
136.799
135.906
135.613
138.363
138.9
137.822
137.556
137.828
140.249
140.5
141.215
137.488
137.133
135.826
134.529
132.041
131.774
132.532
129.978
129.59
128.711
129.144
126.598
125.335
127.415
127.087
125.602
122.387
120.653
121.191
119.484
115.322
116.414
117.37
115.511
114.895
113.326
113.385
115.446
114.167
114.399
117.924
117.167
116.052
117.921
118.287
120.044
124.239
124.038
125.756
126.074
125.261
125.555
128.752
129.913
130.806
130.102
128.698
125.589
126.358
127.57
127.009
127.133
125.743
127.313
124.407
126.819
129.797
131.711
129.279
130.538
131.865
134.897
139.04
142.6
140.749
142.139
143.139
141.374
139.944
137.998
140.094
141.354
143.725
142.839
146.008
147.157
146.86
145.723
148.149
147.885
147.502
145.947
144.02
142.521
140.735
141.882
142.541
142.123
139.433
139.186
140.068
139.857
139.894
139.574
137.931
136.992
135.694
135.517
134.112
131.636
134.162
133.255
135.493
134.347
133.734
132.495
133.408
134.934
134.309
135.122
136.805
139.725
140.556
139.466
138.591
137.617
136.82
139.716
140.079
139.838
138.691
136.778
138.792
137.341
138.573
136.013
134.026
134.765
134.297
136.904
135.309
134.795
134.318
134.045
135.854
136.95
138.979
142.466
144.502
144.501
147.869
148.691
150.932
150.384
150.301
149.286
148.393
150.823
151.183
151.996
148.417
146.422
143.949
141.014
139.371
140.998
141.168
141.525
143.675
143.173
144.637
145.192
142.314
138.88
140.521
140.448
142.986
140.952
142.221
140.622
138.576
139.373
138.931
137.415
138.688
137.939
136.101
134.279
134.546
137.386
140.176
138.816
137.918
134.591
132.02
133.315
131.087
132.179
134.767
134.518
131.141
129.607
129.86
131.513
130.482
130.117
129.48
129.261
126.918
127.885
126.229
125.656
123.036
125.73
126.321
126.736
124.719
125.303
126.034
125.523
126.026
126.849
129.93
128.559
128.465
125.733
127.815
128.845
126.867
126.918
127.695
128.789
128.392
129.146
130.636
133.542
133.158
133.308
134.969
134.507
131.139
131.869
134.841
134.793
134.722
133.589
132.593
132.462
131.647
131.762
129.607
131.307
133.143
133.804
132.985
135.879
133.859
135.914
136.526
136.165
134.795
135.488
137.029
137.559
139.955
138.9
138.615
140.882
145.903
143.605
143.725
143.058
139.915
138.022
138.227
137.843
138.61
136.885
140.043
138.142
136.893
136.681
137.635
137.067
136.879
136.663
136.684
136.126
138.753
139.144
138.466
137.085
135.145
133.883
134.633
135.205
134.021
134.361
134.876
135.332
136.916
133.436
135.88
137.154
137.447
137.777
137.812
134.161
135.105
134.691
134.299
135.046
136.533
137.022
136.658
137.244
135.203
133.946
132.613
133.789
134.606
134.868
136.595
134.023
133.233
137.037
136.929
139.688
138.488
139.807
141.617
142.5
142.648
143.659
144.361
141.954
