99.5775
97.9279
99.3761
99.5021
99.2476
98.3633
98.4812
98.5818
98.1507
100.675
98.6834
100.346
101.188
102.206
101.924
103.828
102.511
104.5
104.729
105.473
105.323
107.122
104.931
103.141
103.609
104.173
103
102.568
102.134
101.808
100.675
101.604
103.295
101.002
102.719
102.479
102.057
101.004
100.249
99.5071
98.3207
97.4664
97.3326
97.9525
99.7102
98.3135
101.095
100.728
100.081
98.0021
97.7624
96.5183
97.9765
97.8914
97.82
96.5974
94.8791
96.1446
97.1692
96.9556
98.2864
96.8343
96.2584
96.9207
97.7469
98.3651
100.403
100.013
99.5232
98.9936
100.111
98.5939
98.8041
98.3345
98.1673
100.11
100.731
104.945
104.398
103.544
105.556
106.198
106.622
106.056
106.091
106.722
104.226
104.824
103.52
101.345
99.2336
96.9399
97.9962
96.4979
98.4085
98.8291
99.3539
97.4836
95.1823
95.7411
96.1687
97.1975
96.9328
98.3882
99.704
102.64
102.597
101.965
102.148
103.396
104.711
104.14
102.291
103.608
104.826
104.703
104.477
104.71
104.949
106.238
105.707
105.09
105.775
105.789
104.075
105.824
105.542
104.798
104.987
104.102
105.012
104.311
105.9
106.198
108.149
110.195
112.756
113.547
114.427
114.324
112.813
114.563
115.112
116.124
113.052
112.854
114.125
114.842
112.79
112.226
112.058
112.221
112.031
112.338
112.392
114.143
113.892
115.35
117.854
117.727
118.16
117.109
118.35
115.725
115.804
113.364
115.648
117.656
113.993
114.008
114.413
111.503
111.108
112.97
114.556
116.027
116.628
114.568
113.476
113.127
117.08
117.019
116.008
115.972
115.512
114.146
114.373
115.814
114.573
114.498
114.485
116.241
115.632
117.598
120.429
120.935
119.771
118.633
120.341
122.33
123.758
126.059
123.263
123.203
122.895
122.811
121.717
121.21
121.074
117.298
116.562
117.247
116.362
117.03
117.138
115.941
114.295
114.627
114.518
115.109
117.651
116.775
114.546
114.986
114.089
113.73
113.766
113.977
115.793
118.093
118.027
117.297
117.592
117.367
118.707
121.328
121.543
122.92
121.11
124.203
126.513
127.638
129.16
131.291
132.061
134.252
133.619
134.651
133.954
134.882
137.174
137.94
137.081
134.649
134.234
133.081
134.667
135.996
133.307
133.956
132.14
130.465
130.235
129.838
130.747
133.371
132.171
131.097
130.788
131.531
131.652
133.286
134.772
133.238
131.985
128.748
129.55
126.938
126.914
124.454
123.342
124.401
124.328
124.584
122.908
120.738
122.218
119.756
120.261
118.969
118.481
115.202
115.574
114.165
115.651
114.233
114.15
115.168
113.959
116.542
116.763
116.768
119.684
118.511
115.92
115.094
118.227
115.154
116.712
116.915
117.336
119.02
121.398
120.655
121.381
120.494
120.285
121.113
116.339
115.178
112.118
110.34
109.904
108.835
109.86
110.021
109.346
110.265
111.019
110.756
111.02
107.644
106.753
108.129
108.888
107.275
106.779
106.528
104.922
102.411
101.387
101.273
101.226
101.453
101.908
99.844
99.0284
98.7363
98.2302
98.4333
98.7946
98.7769
97.2328
97.7032
95.7141
97.6754
98.0766
97.1256
98.4552
98.9325
97.8257
97.3116
99.2117
100.069
101.227
101.886
99.5676
101.142
100.177
100.365
99.4791
98.5718
98.6878
98.1476
98.3719
96.1112
96.5374
97.743
100.101
100.815
101.106
104.066
103.72
104.889
109.157
108.349
107.842
108.385
112.4
111.086
110.379
110.431
112.034
111.82
111.962
112.599
113.664
113.227
110.719
109.221
109.959
110.254
110.165
112.688
110.892
110.149
108.693
106.267
104.982
105.481
103.719
104.139
103.265
103.2
101.713
102.978
105.781
107.344
109.022
109.87
110.797
110.078
108.573
107.808
107.939
108.764
108.701
108.64
110.495
110.108
111.235
110.575
109.55
110.045
108.439
109.784
111.019
112.004
108.325
107.02
109.288
109.223
109.679
109.244
109.476
110.837
111.106
111.574
113.021
112.792
113.835
113.427
114.945
113.365
113.816
112.966
112.757
112.732
111.281
112.36
113.743
113.996
114.682
114.783
114.845
114.606
114.424
116.185
116.198
115.808
116.168
116.616
117.911
117.514
116.494
113.54
115.167
115.587
114.852
115.054
112.85
113.14
112.913
115.119
115.45
115.345
113.713
113.336
115.681
116.482
117.153
115.759
116.143
116.323
116.402
112.374
112.779
111.11
114.034
112.093
113.18
111.633
112.413
112.939
113.828
111.021
111.117
110.162
110.213
109.183
109.479
108.592
107.079
107.066
108.114
110.02
109.031
109.706
108.824
104.924
105.734
107.875
105.994
107.967
107.098
105.283
104.363
103.436
104.542
104.533
106.196
106.985
104.28
103.429
103.394
103.56
103.249
103.369
101.78
101.692
102.877
102.687
102.018
102.475
103.528
107.359
108.46
107.748
109.873
110.289
108.239
107.538
107.571
107.505
109.084
108.321
109.043
107.679
107.781
108.935
112.073
111.602
112.179
111.597
114.693
113.689
113.75
111.226
111.124
113.338
115.95
119.519
120.095
121.344
118.557
115.582
115.204
115.58
115.968
115.779
116.622
116.085
115.078
116.369
117.085
117.133
116.445
116.137
113.878
111.755
111.586
110.183
108.886
106.217
105.457
105.932
104.399
103.871
103.948
104.496
