100.852
101.763
100.084
100.365
99.9618
99.0586
99.11
98.9635
97.1738
98.0541
98.7336
97.3371
98.0805
98.9118
98.9669
98.3507
98.1155
98.8342
98.6714
97.9948
96.4424
96.8213
97.2423
97.6146
98.9834
99.5663
99.2747
98.5911
100.267
101.74
101.218
101.06
100.38
98.9426
97.836
97.7268
97.708
95.4003
94.3756
95.2514
94.2274
94.8169
94.6396
94.4644
94.575
92.3805
93.6652
94.1135
94.0581
93.4248
93.9765
93.9081
93.1815
92.43
92.3794
91.8685
91.255
91.6646
90.3381
93.8955
92.1225
92.9239
93.8082
95.3815
95.4599
95.3861
95.2104
97.2653
100.545
101.024
100.658
102.165
99.989
99.4938
97.2605
98.7883
98.0148
96.4986
98.5826
98.1868
98.9871
97.8556
97.6851
98.9046
101.397
100.886
98.443
97.4952
96.4874
96.6556
98.9235
99.6791
96.9803
96.4156
95.707
95.327
94.9833
93.2446
94.3798
94.0081
93.6567
93.7792
94.1764
94.0982
93.0905
94.0171
92.7297
93.8174
91.9816
93.7471
93.1937
93.6354
94.6933
93.5132
96.5032
97.7873
98.8995
100.252
99.84
97.7537
98.7719
95.6177
94.5923
96.1674
96.8635
97.1755
95.5248
95.2934
93.3593
93.5679
93.0846
91.3575
90.4981
89.2832
87.424
87.587
87.3041
86.85
87.1031
87.4115
86.5503
87.2776
87.3757
86.812
86.2394
86.6247
87.0477
87.8187
88.449
87.4826
87.8096
87.1473
87.2386
87.456
88.6251
86.8843
87.1017
86.9933
87.0398
87.3148
87.6576
88.2246
87.7705
88.4562
89.1867
88.1842
87.9049
88.708
89.0125
88.9692
90.532
92.4143
92.3287
93.5361
95.0787
94.3317
95.56
95.2544
94.4747
93.3052
94.013
92.9217
92.5685
94.8659
96.067
98.0861
96.0329
96.3502
94.4384
95.3165
94.1065
95.6291
95.8031
96.151
94.988
95.1572
94.2744
93.9433
92.2004
93.2915
93.7819
93.4445
91.2886
91.4907
89.9582
87.5914
86.888
88.5606
89.4448
89.0762
87.802
86.6764
86.1294
86.8482
87.3715
86.6928
84.3701
87.1658
87.7482
87.0449
84.2834
83.9272
84.8141
83.6364
84.3029
84.5636
83.7619
82.3859
84.1232
83.9564
82.5208
83.3145
84.5135
84.1458
82.0781
80.1465
79.3468
79.5966
81.3564
80.889
82.1278
84.4025
85.1675
84.4921
84.0108
83.5168
84.0755
84.5991
82.9087
82.0959
83.584
83.8929
84.0433
85.7107
84.2414
85.0462
86.7757
86.244
86.4918
87.4696
89.2428
89.3375
90.5804
91.7659
92.1128
91.4529
92.5101
92.1629
90.855
91.3007
91.7746
91.4299
92.7362
91.341
91.3542
91.6886
90.1073
89.0816
88.9911
90.3127
91.5213
90.1533
91.7473
90.7365
91.156
92.2439
91.9055
92.9987
93.752
95.0261
96.2079
94.3516
92.8228
93.7748
96.2706
96.1071
94.8969
93.4084
94.3202
92.2906
92.3882
92.0308
93.2445
92.7495
93.467
95.2407
93.3575
93.5552
92.3231
92.0323
93.1013
93.7429
91.7821
91.8798
90.4411
92.2037
94.2153
94.5908
95.5704
94.5807
94.1916
94.8969
95.2835
95.2794
94.7061
94.2491
94.2061
91.299
90.3689
91.2296
90.6814
88.3994
89.0843
87.9182
88.848
88.1655
88.0687
87.7707
88.6475
89.7329
87.7604
87.7599
87.2423
86.1929
85.061
85.9112
84.8552
85.184
85.2863
84.1046
85.1919
85.2217
84.4317
83.8158
84.4374
82.1307
81.9445
80.7344
80.1834
80.1681
81.3369
80.3149
79.6051
79.1398
79.6819
80.8101
81.7784
81.2905
81.329
80.2901
81.7553
82.296
81.9056
82.2806
82.5075
83.2145
82.0417
80.955
81.3215
81.9724
81.512
84.1822
84.1792
84.8088
85.2647
86.4365
87.8313
87.6069
85.6934
83.7113
84.9812
85.2475
85.7778
84.6517
85.7566
86.2556
88.1983
87.1728
86.9839
85.1193
86.4344
86.422
85.2028
84.0976
84.1323
83.6927
83.9429
83.0876
81.4777
81.6136
82.2597
82.9481
84.3702
84.7879
83.4066
80.3821
80.5255
80.41
82.0732
80.956
80.4896
79.6213
79.8211
80.7941
80.6839
82.1023
82.752
84.23
84.5882
83.9768
84.7215
85.5855
85.1532
86.746
87.0969
86.1917
85.8507
83.8317
83.6829
83.145
82.9134
82.4904
84.911
85.4087
84.6121
85.7336
87.9484
87.7097
87.5629
88.0652
88.7542
87.2721
87.3253
86.8288
86.9105
83.2485
84.0383
82.683
81.2904
79.8041
81.1565
81.1907
80.9333
79.5541
78.7266
79.4777
79.0591
80.0269
77.3125
77.9375
78.6305
77.648
76.6719
77.243
76.5286
76.5602
77.4466
76.1928
77.0253
77.0408
77.1657
76.3772
76.4538
76.327
75.9111
74.1918
75.183
76.0535
74.2253
73.6758
75.2024
76.3093
77.0285
76.688
76.5264
76.6431
77.5899
78.2171
78.0462
78.2626
77.7005
76.7049
75.6587
76.8132
78.1245
78.5693
78.674
78.6151
77.7943
77.9436
77.8867
77.9571
78.148
77.0237
75.7035
75.8612
74.8856
76.2938
76.9368
78.7693
78.9623
78.9304
77.425
76.7747
77.1808
76.3087
75.963
75.7182
73.2876
73.2147
71.9292
72.7596
72.8564
71.8604
71.8497
71.5502
73.3556
72.387
72.2512
72.7333
73.0661
73.7189
73.8922
73.4044
74.4373
74.2479
73.5485
73.1091
71.4629
72.3558
70.843
70.2552
69.2508
69.2024
68.9575
68.5795
68.4435
67.7893
67.8193
66.157
64.9953
66.482
66.469
66.7416
66.8928
68.5278
68.7978
69.2227
70.1892
71.0082
71.8747
71.6597
71.2171
71.2991
71.0035
69.96
68.5453
70.4441
69.6202
70.3732
69.1394
69.4018
69.687
69.2937
69.845
69.0711
68.0227
68.7354
67.7744
67.0072
67.026
67.4759
68.3926
68.6334
68.8641
69.7219
70.7886
71.9399
70.9717
69.7777
