99.9741
101.284
100.151
99.8133
100.489
101.776
102.217
102.832
101.301
100.412
99.6158
99.6723
100.019
100.211
98.7248
98.8649
99.9855
99.6739
99.155
99.7627
98.6426
99.3525
99.0964
98.0873
100.165
102.062
104.028
103.555
105.478
106.217
106.597
104.92
105.107
104.792
104.718
106.147
107.208
108.517
109.813
108.579
109.484
107.037
107.875
108.522
109.566
107.309
107.146
108.704
109.615
110.06
110.314
109.545
109.262
109.69
110.801
108.455
109.026
110.569
110.828
112.101
112.251
112.449
112.073
111.542
112.58
110.842
111.471
110.204
109.927
109.975
109.651
108.769
109.583
109.644
108.608
107.635
107.162
106.63
107.805
108.668
109.693
107.778
106.673
104.922
103.861
105.452
106.73
107.844
109.306
108.624
108.415
108.516
109.946
110.949
110.24
111.794
113.512
110.317
111.498
109.697
110.444
105.882
105.303
105.349
103.402
103.149
103.59
103.015
103.463
103.795
101.652
102.408
102.275
103.631
103.833
105.174
102.75
104.714
104.178
105.673
106.818
105.308
104.785
104.104
102.59
101.086
101.578
99.7643
100.626
100.398
99.0647
99.0353
99.8946
100.877
102.516
102.244
102.951
103.05
102.95
99.2035
96.2862
96.7192
94.899
94.8256
95.7347
97.3767
97.6417
97.3545
96.882
94.7702
94.5833
94.247
94.4544
95.884
96.2243
95.2939
97.2562
97.1315
98.2059
99.2949
100.238
98.9295
99.3968
99.7325
98.7708
98.855
99.1143
99.0735
97.8429
98.7564
97.9353
98.0012
99.3826
100.036
101.568
103.274
104.088
104.896
105.47
104.72
104.437
104.015
105.099
103.5
103.791
103.349
103.591
103.485
104.708
104.091
103.47
103.731
103.397
103.885
103.293
101.823
104.663
105.786
104.343
105.417
104.573
105.137
105.324
103.839
104.148
104.903
104.067
102.553
102.305
103.093
102.841
104.424
103.946
103.309
102.306
101.395
102.729
102.068
102.933
101.527
101.826
101.674
101.305
102.025
104.084
105.513
105.922
105.252
106.795
107.314
107.123
108.853
107.151
107.799
107.758
106.786
107.037
105.976
106.285
108.886
108.597
111.495
111.972
112.188
113.386
113.061
113.633
114.66
115.41
115.312
113.251
110.162
109.782
107.914
109.156
107.357
108.59
107.825
107.462
107.51
105.167
105.261
105.576
105.471
104.866
105.551
104.426
103.923
103.391
103.022
101.279
101.669
101.052
101.799
102.373
101.404
103.225
103.839
102.321
104.528
104.988
104.989
102.643
102.175
100.234
98.4845
98.9301
101.302
100.913
100.337
102.765
101.879
100.366
101.457
103.509
100.248
101.019
99.4483
99.8689
101.313
100.439
100.269
101.871
103.599
101.682
100.808
101.058
100.744
100.589
99.2254
97.3973
94.6997
93.7194
95.0575
96.9084
97.0148
95.4567
97.0602
98.7018
99.9041
99.7927
96.8992
98.3316
97.2636
99.0301
97.4106
97.6889
98.7276
98.3542
98.6785
99.7963
100.589
100.39
99.9744
100.76
103.109
101.015
103.735
105.006
106.724
106.805
105.954
106.409
105.984
107.451
105.692
107.41
107.786
105.46
104.576
105.026
106.631
107.045
105.311
105.448
105.257
103.783
104.686
105.586
106.388
109.29
108.926
111.079
108.57
106.598
108.093
108.895
110.457
108.406
107.026
107.951
109.269
110.655
110.622
111.63
113.005
111.651
112.335
108.901
109.773
110.975
111.707
110.467
110.188
109.074
110.554
114.114
113.138
114.096
111.993
109.66
109.31
110.28
109.84
110.537
109.195
110.476
108.66
108.523
108.38
107.399
109.911
109.188
108.469
110.203
110.748
112.022
111.45
111.18
112.965
113.426
111.58
113.467
108.86
110.105
112.367
112.45
111.96
114.204
115.047
114.328
114.122
116.752
118.483
115.975
118.09
120.778
119.069
120.097
119.879
118.129
119.258
118.832
115.365
114.957
112.858
113.64
114.006
113.888
115.014
113.536
114.383
114.79
117.012
116.837
116.576
115.027
113.136
111.835
111.648
112.833
113.489
111.486
112.336
113.077
112.026
114.167
111.989
114.163
116.579
119.09
120.84
121.666
122.58
125.725
127.049
126.042
127.451
128.785
128.982
130.009
130.059
128.666
127.281
126.2
125.618
125.767
125.556
127.701
128.583
127.417
125.689
125.71
124.333
124.116
122.707
118.932
118.2
117.66
117.917
117.199
118.846
119.083
117.197
117.532
117.105
115.999
116.985
117.607
117.837
118.773
116.792
115.639
117.34
117.524
116.722
115.263
113.238
113.902
112.026
112.345
111.301
110.523
109.935
111.827
110.875
112.315
110.554
110.082
109.366
108.04
108.799
108.967
112.933
112.512
111.988
109.01
107.496
109.816
110.549
107.9
107.533
105.565
106.887
108.374
107.159
108.301
106.834
108.421
108.5
107.612
108.009
107.422
107.617
107.119
106.023
104.682
105.903
104.141
104.428
105.376
105.33
104.453
105.666
105.987
104.587
102.424
103.825
102.016
102.729
101.842
102.591
104.637
104.185
105.564
105.457
108.249
109.652
110.494
109.505
111.572
112.561
110.812
109.79
109.713
108.092
108.073
108.643
109.266
110.547
109.283
109.437
109.692
111.153
112.869
115.539
116.341
115.893
114.886
115.185
117.091
115.465
116.293
116.436
116.418
115.559
116.357
118.435
120.458
117.35
