100.748
100.457
101.017
102.894
100.852
100.074
99.3395
99.6305
99.9234
101.536
102.864
102.076
103.089
103.051
104.803
104.005
106.588
105.989
105.928
107.531
108.654
106.964
108.079
107.265
108.521
109.199
108.179
109.471
110.083
109.353
110.489
111.117
113.004
109.252
111.264
110.395
109.825
107.496
106.318
106.332
105.822
106.559
107.113
106.776
109.64
107.583
110.587
112.524
112.896
116.099
114.664
113.035
113.823
114.641
115.657
115.752
117.411
119.438
117.726
117.291
115.939
115.815
117.31
118.079
115.431
115.939
114.952
118.177
118.398
119.572
118.074
120.774
123.095
122.854
120.646
118.184
119.937
117.758
118.322
118.813
116.351
114.964
115.012
116.469
116.569
118.603
117.543
117.846
117.657
117.157
116.935
116.526
116.143
116.246
114.054
112.136
111.295
110.27
109.254
110.889
108.007
106.251
107.068
107.509
106.672
104.876
103.086
105.136
105.335
106.599
109.079
108.968
108.909
107.836
106.456
107.597
108.688
110.311
107.021
106.555
108.049
105.133
104.242
105.414
104.867
102.859
101.732
102.204
102.968
103.791
105.185
105.639
107.269
107.989
108.069
107.145
107.844
109.383
107.894
108.554
109.609
107.27
104.473
103.127
102.04
101.85
102.719
104.575
105.34
105.337
104.859
108.329
109.818
109.33
110.013
109.823
110.906
110.256
109.626
111.583
112.355
112.069
110.892
112.473
112.291
110.967
111.948
109.793
109.892
109.091
112.148
113.318
112.187
111.65
111.213
111.194
112.729
108.699
107.164
106.654
105.78
107.406
107.544
107.487
107.134
107.905
108.22
106.85
108.134
108.987
111.02
109.866
112.118
110.702
109.621
107.977
108.235
107.902
106.628
104.46
104.523
104.109
104.911
106.602
105.764
107.337
107.505
106.807
108.297
107.743
107.774
107.641
108.43
106.278
103.493
104.161
101.974
101.877
103.078
103.018
103.136
102.552
105.419
103.466
99.2422
98.2005
98.742
99.4154
97.5542
99.112
99.9979
99.2634
101.245
101.9
102.93
103.756
103.59
103.172
102.761
101.927
100.275
100.702
100.251
100.84
99.3885
98.567
97.133
96.2269
95.8417
97.0346
96.5936
95.688
95.4269
98.0895
100.09
99.2891
98.7209
98.7248
95.7268
96.6459
95.3924
93.9126
94.4378
92.0328
90.8848
92.5093
92.0428
89.9195
91.932
92.3576
91.0915
92.4169
90.9548
92.7612
92.181
93.8614
94.4187
94.6957
94.902
95.1975
94.7997
94.4906
95.5529
95.4667
94.4104
93.5565
92.2064
91.6475
93.0209
93.9718
93.6359
93.3128
92.1934
92.0692
93.2106
95.3815
94.9014
95.6356
95.0659
96.6767
96.9663
94.7711
95.4105
94.554
94.6486
93.9177
94.7908
94.133
95.8573
93.1549
92.347
93.1784
91.3993
90.9617
91.093
90.924
91.5013
92.0453
92.1986
90.6973
91.6431
90.886
89.9228
88.3421
88.6166
89.4965
89.3636
91.0053
90.6883
91.3934
92.4818
91.8113
93.6917
93.5639
94.0992
94.6404
93.7442
93.48
92.5018
93.8922
94.0941
93.9873
92.8268
93.7456
95.5462
94.5011
93.867
95.1314
95.8293
96.4241
94.6145
93.3562
92.1592
94.0253
94.031
91.2214
89.4149
90.7844
90.9777
91.8326
93.1812
93.2421
93.9527
92.4431
94.1213
94.6383
94.4286
93.2438
93.4597
93.2942
93.2294
92.6087
91.1275
91.4478
91.6518
91.269
91.9424
90.0891
87.7986
87.5317
86.8613
86.6836
87.5277
86.8093
88.6281
88.4283
86.4862
86.8332
86.8174
86.5046
88.1724
87.7145
89.4479
89.1856
91.3608
91.1937
91.6853
92.838
94.1992
93.8246
94.8432
94.7238
96.2192
95.5711
94.099
95.5249
97.0152
94.4504
94.7626
92.7862
95.3645
95.3441
95.1053
96.2924
92.9285
92.0576
92.4251
91.6375
90.2552
91.5539
91.1447
93.1408
90.0843
89.0676
90.3275
89.0049
88.084
88.0689
86.8622
87.4865
89.1834
90.2837
89.6379
88.2524
89.2243
90.0448
91.1534
90.0695
88.5971
88.8719
87.5973
85.7825
87.3538
87.2889
88.1318
89.1804
87.2944
87.5228
88.4617
90.768
90.29
91.2731
92.4578
92.5709
92.4899
93.6998
93.6756
94.0663
94.6246
93.9611
92.8322
91.4757
91.1743
92.2886
91.3834
91.6816
92.9686
93.4376
93.5104
93.7129
94.7489
95.5391
96.8366
96.4393
95.7877
96.2441
96.0809
95.774
95.247
97.1523
99.2545
99.7231
99.9467
99.7826
99.3358
99.334
98.5697
99.6818
97.877
97.6907
98.4689
99.1031
99.9016
100.322
102.24
101.485
103.143
102.709
104.587
103.864
105.07
105.886
106.304
106.435
106.914
105.481
105.769
107.672
107.868
106.178
106.21
102.349
102.4
101.353
100.811
102.297
99.657
97.4644
96.9701
94.0916
95.7431
97.5946
97.6557
100.583
101.225
102.834
102.225
101.62
101.11
101.518
101.699
102.355
102.934
101.752
101.601
98.7467
98.634
100.257
100.484
100.17
101.665
101.605
103.15
103.59
102.219
103.363
102.184
100.681
100.221
100.909
102.949
101.957
101.595
98.9431
99.4801
98.3511
100.161
100.163
100.469
101.586
101.232
102.001
101.867
101.627
100.45
101.679
102.412
103.615
104.549
104.84
106.899
106.156
104.577
104.378
105.378
107.212
109.953
109.608
108.812
109.009
106.872
107.642
108.447
107.994
107.76
109.242
108.511
108.798
106.266
105.151
105.524
106.564
107.008
106.371
105.292
106.733
108.139
108.199
110.724
112.092
