98.4148
98.7327
99.7603
100.443
98.4392
98.1502
98.4688
97.9475
98.448
98.5146
96.8939
95.9163
96.0153
96.3941
96.5089
96.3631
95.2379
96.458
94.9231
93.3117
92.6567
91.3872
90.1217
89.9085
89.2522
88.2013
89.8576
89.5149
89.9564
88.9174
87.811
86.8959
87.5052
86.227
87.259
88.312
87.7096
88.366
88.8594
89.3199
89.6844
89.7224
89.1043
89.2592
88.5527
89.4876
88.2414
87.3026
87.7063
86.2688
86.2322
86.6982
87.219
88.2994
89.5022
89.2601
89.4236
92.6165
92.9717
92.3035
91.3272
90.7666
91.2319
92.0686
93.0357
92.2112
91.8847
90.5336
92.4698
93.6099
94.319
95.5994
97.6819
97.7648
97.4924
98.9031
97.93
102.452
102.813
103.223
105.723
104.192
105.59
106.428
107.186
107.82
105.81
105.061
105.878
105.415
106.989
106.758
106.142
106.59
107.18
105.943
104.394
104.718
104.76
105.789
106.575
106.665
107.812
107.648
106.188
105.215
106.367
106.084
102.37
101.141
101.907
102.549
102.761
104.017
103.901
103.161
105.323
104.71
103.38
105.253
104.903
103.358
103.242
106.143
107.843
108.108
109.133
107.107
107.299
108.549
108.843
109.474
108.504
108.527
108.51
105.91
107.514
109.296
107.329
108.206
108.385
106.483
104.571
104.087
104.684
104.055
104.142
105.901
105.11
105.583
105.196
105.038
104.578
103.675
102.071
101.161
102.359
101.512
101.736
102.172
100.897
101.888
99.5012
99.1494
97.0933
97.6979
96.0484
96.9709
98.2538
98.3362
97.346
95.8136
96.884
94.3583
92.5398
91.2634
92.1341
93.7872
93.8757
95.6742
96.8763
97.1002
98.2275
99.8626
102.56
101.507
100.92
101.532
101.458
102.116
102.007
101.752
101.739
102.264
102.477
102.054
100.689
100.598
100.756
101.345
101.2
101.298
103.762
104.891
107.343
108.059
109.065
108.424
105.499
104.265
104.076
103.148
103.2
102.483
101.305
102.877
102.379
102.842
102.46
101.606
101.447
102.206
101.714
102.43
100.937
100.396
98.7367
98.6141
98.8193
97.9093
98.3458
97.3377
97.1904
97.8327
98.3247
97.7113
98.1202
96.9019
96.1851
96.5794
97.9129
98.8173
98.1437
99.0751
98.3744
96.8893
97.7358
97.1895
96.5672
95.681
93.9915
95.0301
95.5888
94.7417
95.8657
96.2314
95.9134
96.038
95.0712
94.6979
94.9489
95.0582
95.2718
93.3746
93.8902
93.355
95.2169
95.2373
93.6908
94.6937
92.5214
91.7075
91.3007
93.5959
92.1739
91.4112
92.368
93.6626
93.0566
92.1723
94.157
94.8314
94.2965
95.1829
95.3165
97.2453
98.7088
98.0172
96.8098
97.3686
98.6695
96.4662
95.1782
94.2298
95.2018
94.564
94.7088
95.7328
94.1456
94.2825
94.3414
94.4801
95.3933
95.3931
94.58
94.9254
96.4392
96.5831
95.7759
94.741
93.2496
92.8985
93.5017
93.6537
92.9813
91.9905
91.9087
92.875
92.322
91.6252
89.8933
87.2511
86.4612
87.0013
85.8963
88.5699
88.2339
87.0936
84.6094
82.5281
79.5478
77.8925
76.3198
75.3684
74.3416
73.554
74.6441
73.9038
73.3544
72.0938
73.0786
71.4347
71.7272
72.2001
71.6049
73.8931
74.2622
74.582
76.8372
77.0854
77.2344
77.4815
76.3741
75.0383
74.455
73.2782
71.1545
69.9241
71.1794
71.5755
71.305
71.8768
71.9427
72.4211
72.5052
71.5989
71.226
69.5482
70.0065
69.9514
70.654
70.8279
69.5388
69.1803
69.7729
69.1221
70.0725
69.08
68.948
67.282
66.7862
68.1149
68.991
71.0781
69.2759
70.2352
69.1899
68.6458
68.4381
68.7066
70.8245
70.9846
70.1803
69.6205
69.3918
69.0385
69.5246
68.8927
68.84
69.4261
67.5005
66.2969
65.8801
66.0958
66.3865
66.825
67.0441
66.7654
65.8302
66.9683
66.4419
66.8482
65.8976
67.9915
68.4465
68.7057
68.2416
69.3584
68.8997
69.1823
70.0824
70.6527
71.4855
72.0866
72.2291
71.9393
73.1696
72.9378
72.8842
72.2081
73.3162
73.0825
72.2911
71.4512
71.9442
72.7007
73.3778
73.7572
73.4805
74.5147
74.42
72.3468
72.8188
73.0866
73.1645
74.2593
75.8271
75.3038
74.821
74.5661
74.3408
74.1106
75.3058
76.8377
76.6166
76.4381
74.1148
73.1959
73.5207
72.7674
71.5954
71.7425
70.5973
69.7668
69.7673
70.6045
69.8537
69.0064
70.922
69.9314
70.3883
70.5096
70.4348
70.8808
71.0704
71.7071
70.7606
69.2475
71.2376
70.5347
70.0064
70.0125
72.3856
71.254
71.4775
71.4597
71.4486
70.6783
70.4683
70.3587
70.7644
72.1992
70.4514
70.8342
70.9303
71.225
72.2482
72.5129
72.0319
70.9332
71.9995
71.9661
72.8033
74.5042
74.6997
75.8409
74.5652
74.7936
75.2813
76.8094
76.2532
74.9998
75.0884
74.3794
74.7741
74.901
75.1842
74.3678
74.9397
74.5912
75.8205
75.5684
73.7994
74.4428
75.5092
75.4145
75.4763
74.13
74.8778
75.2913
75.2935
75.0732
76.1914
75.1751
76.6489
74.3052
75.4815
76.3616
75.4115
77.02
77.1742
77.4447
78.7131
79.5808
77.402
77.7809
79.5425
78.9856
79.8552
78.0819
77.1246
79.2252
78.841
79.5484
81.1911
80.0821
78.2403
77.4442
74.594
73.7028
73.5293
74.3436
75.249
74.9192
73.5062
73.2181
71.9751
72.2833
72.2265
73.7307
74.9831
76.5005
77.4304
77.2752
76.8298
77.2038
77.7365
73.9661
72.944
71.7231
71.682
70.5166
71.6208
72.5259
72.4692
72.7827
73.382
75.102
74.6373
73.8037
73.528
73.4156
73.1233
72.683
73.8134
74.3278
74.5605
76.2733
76.5642
75.7298
