101.174
101.339
100.47
100.841
99.9479
101.706
102.692
103.049
102.364
103.332
103.269
103.577
101.763
101.289
100.767
100.928
102.669
102.775
102.836
101.21
103.13
102.153
101.36
102.037
101.038
99.7027
100.282
102.15
100.004
99.9645
99.441
98.5231
99.6104
100.494
101.533
102.043
102.701
101.286
102.605
102.119
99.8912
100.676
98.6536
98.4835
97.014
95.6688
96.2754
97.3478
97.7275
100.362
100.078
99.9833
99.7396
99.7223
100.575
101.463
101.169
100.061
100.894
99.4018
97.3478
96.15
96.2935
97.4176
96.0963
97.3814
97.1372
95.4319
95.4573
94.7563
94.0212
94.5765
95.3478
95.9941
98.2649
100.314
99.9609
99.0711
100.343
101.174
102.273
103.065
103.237
103.328
103.958
102.802
102.504
103.876
102.555
103.626
103.163
102.274
103.9
105.375
103.859
104.696
104.101
107.005
106.978
109.418
111.138
113.846
113.511
113.036
114.737
113.679
113.573
115.864
113.524
111.471
110.922
111.53
113.008
112.38
109.922
109.51
107.82
109.905
110.881
112.01
112.54
114.261
115.868
113.958
113.474
112.845
111.835
111.156
108.075
108.76
107.793
106.349
105.927
103.929
102.281
101.713
102.663
103.389
102.064
101.149
100.935
100.282
100.233
101.308
101.619
99.8451
99.4369
100.598
102.205
102.848
102.627
101.292
100.735
100.446
101.963
102.318
103.55
100.767
98.3099
97.0839
97.9055
101.179
100.115
102.678
104.489
104.189
104.456
101.999
100.641
101.144
102.693
103.096
104.556
105.524
105.074
103.055
102.046
100.549
102.029
104.038
105.972
104.354
103.575
103.508
102.076
101.502
100.999
101.864
103.46
104.61
103.447
103.062
104.299
105.132
104.915
106.311
104.448
103.484
103.181
103.422
104.516
104.737
101.972
100.813
100.433
102.039
102.34
104.347
104.875
103.788
104.661
104.916
104.943
102.998
103.025
104.907
104.574
103.436
102.586
101.543
99.2662
99.2006
99.9965
98.5256
97.1562
96.7147
98.8282
99.5615
99.7088
101.718
102.484
100.926
101.777
102.495
101.653
103.131
101.566
98.8649
98.3893
97.5753
98.4559
98.6347
99.3734
101.275
102.365
100.393
100.957
101.107
100.722
99.0604
99.2746
97.2962
96.5169
96.8205
96.2058
95.6939
97.7145
97.6197
97.717
99.4764
100.147
98.1657
98.4525
98.2619
97.677
97.2491
96.9297
96.1732
95.7099
96.8878
96.1204
93.4675
92.7903
90.9193
91.0542
90.248
90.8662
91.2292
89.1135
91.726
93.9524
93.594
94.7006
94.4301
94.9519
97.263
95.7371
96.1868
97.7247
98.6025
100.369
98.8137
99.292
98.532
97.1561
97.3001
97.183
97.3732
97.0105
98.1386
98.6052
98.4505
97.2251
96.1667
95.8283
96.3446
94.7886
92.5634
93.5111
91.9791
90.8761
91.1494
90.5606
90.669
89.5657
88.514
91.0105
91.3846
90.1515
91.5266
91.3397
91.2682
89.8434
89.0177
88.1355
86.7488
88.4638
87.1353
86.9194
86.5684
86.0713
85.8785
86.8499
86.0397
85.145
85.384
86.0865
87.9105
89.851
90.1638
87.5443
87.1046
86.557
86.3496
86.3965
86.5291
87.1319
86.9904
87.0486
85.4627
87.214
85.5734
87.5492
88.6693
87.7192
85.4787
85.2532
85.5085
86.6391
86.4041
85.3422
87.1455
87.2153
85.8659
85.8513
85.5755
86.4922
87.2603
85.4769
86.6208
87.362
85.4904
85.3811
83.5122
84.4691
84.1077
84.3465
83.0938
83.5825
82.5777
80.8594
80.6644
81.5444
80.8186
81.1534
81.1188
79.8119
81.8365
80.7734
79.3977
80.5844
81.5598
80.2041
79.5382
81.2909
80.9861
80.8003
78.08
76.9775
78.6681
78.0255
77.0273
77.403
78.4218
79.5937
80.2558
79.2953
79.5943
79.3737
78.9964
79.3534
80.0417
78.964
79.2605
78.8492
80.4278
80.9972
79.0367
79.2362
79.3553
81.957
80.6953
80.4408
80.0585
80.1406
76.3716
75.8811
75.9175
76.07
76.5536
77.8006
79.0834
79.7052
80.8941
80.5104
80.8836
80.3864
79.2574
78.5745
77.7699
77.0904
77.3109
77.482
75.2046
75.7171
76.7954
75.6568
75.1482
74.6656
75.3203
74.3013
75.2368
73.8741
72.8038
73.4666
72.9495
72.4845
72.9475
73.6956
72.935
72.0941
71.3543
71.2823
70.2872
70.7807
71.1504
71.32
71.5067
72.9955
73.8315
73.4225
75.5844
76.8235
76.4437
76.4516
74.9728
74.6957
74.5888
74.5921
74.3198
74.644
73.6636
72.7345
73.029
73.3619
75.0719
74.1227
75.9082
76.6984
76.7124
78.3756
78.67
79.1715
78.1778
79.7754
80.0728
80.0579
79.0977
79.5436
78.8416
78.1292
79.3401
77.1803
77.3543
77.2199
77.0669
77.0482
78.4192
79.6417
78.9182
81.116
81.9434
81.2965
80.4978
79.8079
79.4792
79.5337
78.7742
80.4077
80.2743
80.9611
80.006
79.5544
80.6711
81.2875
80.8869
81.5967
80.0718
79.7212
79.205
79.6442
78.6954
76.5128
76.5859
76.1984
76.2154
75.7251
75.7685
75.9393
76.3029
77.6968
76.9524
75.6154
74.9035
74.478
74.2476
73.9633
72.5093
71.4078
70.8851
71.0391
71.5351
72.255
70.8123
72.3014
71.5186
69.9672
69.1332
69.3831
69.7379
69.9037
69.5646
68.742
71.3888
71.9303
71.8632
70.9699
71.1746
70.2761
69.5667
68.939
68.4746
68.964
70.2745
70.5802
71.3208
70.3245
70.9679
70.2329
72.2025
72.8296
74.0051
74.8803
74.4082
75.9659
75.6553
75.1999
75.7098
75.7734
75.6716
74.9635
76.5673
76.7445
76.2839
76.5435
75.497
74.0415
75.6214
75.6138
75.8945
