99.3455
98.7622
98.8077
98.3064
98.8844
97.1082
95.8778
94.1494
94.2007
95.363
96.3728
96.4483
95.205
96.0035
97.7981
95.2882
98.2598
98.5994
99.3695
98.3802
98.3232
97.4376
97.3609
98.1641
100.533
100.515
102.237
102.345
102.897
104.718
103.977
105.241
103.649
105.32
104.008
102.687
102.38
100.924
101.936
103.396
101.825
103.725
105.277
103.675
104.479
106.339
106.837
106.173
107.688
107.477
107.899
106.764
105.811
104.741
104.78
103.188
102.925
104.349
103.17
100.134
97.989
99.2152
100.288
100.004
99.4801
97.8586
99.2466
99.0762
99.0952
99.6758
100.667
99.1908
100.43
99.3231
99.3937
99.8767
102.338
101.597
101.318
101.826
99.6227
98.8783
99.3927
100.554
99.6442
98.047
97.5744
98.0431
98.6821
98.0301
97.3773
96.983
97.544
97.9235
98.2002
97.7335
97.022
99.6558
100.578
98.4221
98.3513
98.3832
97.8739
98.9663
102.058
102.458
101.025
101.289
100.798
101.202
101.177
100.665
102.551
103.144
103.858
105.017
106.322
106.299
106.808
105.056
104.661
106.142
103.911
101.624
101.814
101.164
99.9659
99.8573
98.3527
97.8221
99.6956
97.9392
96.7206
99.2885
98.1102
96.3046
97.2557
96.6037
96.2778
95.6475
92.9115
93.0855
94.3507
93.5404
92.9188
93.5254
92.2066
93.4867
94.6648
94.9759
95.2958
95.9634
92.9582
91.67
93.254
95.3634
94.0154
93.146
94.576
96.2066
94.6322
94.6969
96.9656
97.2406
94.5912
93.5228
94.5203
94.1489
93.5804
93.5576
94.2266
94.6062
95.8633
96.6255
95.5445
95.4425
98.1847
98.4397
97.0699
96.4613
97.5706
98.0925
98.4046
100.392
99.9969
99.2039
101.521
101.986
101.099
101.031
100.344
101.308
103.355
103.944
103.627
103.318
104.539
107.584
106.4
106.943
107.178
107.496
107.993
107.376
110.578
110.385
109.826
107.929
107.088
107.459
108.56
108.43
109.068
108.621
109.016
108.59
106.417
107.597
106.189
105.5
105.925
104.612
104.81
105.028
106.15
106.089
108.831
109.348
108.689
109.054
110.474
108.905
108.95
109.035
111.718
112.479
113.998
112.671
112.363
114.576
115.045
116.68
118
117.15
117.934
118.473
118.116
116.872
116.598
116.354
114.096
114.133
114.527
113.221
114.135
114.83
116.274
116.763
115.531
116.808
119.353
120.227
122.382
123.66
121.924
120.931
122.177
121.536
119.216
118.857
118.338
118.454
119.935
121.216
119.009
118.309
117.555
116.526
118.514
122
119.786
119.959
118.7
116.298
116.856
116.311
114.943
113.086
113.911
112.022
111.296
110.404
110.306
109.837
109.258
110.244
109.996
108.932
110.163
108.323
107.519
110.322
110.743
113.469
114.979
115.688
115.975
116.353
116.828
115.584
116.719
116.435
112.827
111.005
111.665
110.295
109.528
107.184
107.811
107.648
109.385
108.134
108.849
107.591
107.417
106.313
108.75
109.132
110.608
111.73
110.112
108.11
107.926
106.698
107.993
108.079
105.223
105.421
104.974
106.038
105.327
104.167
102.865
101.538
100.51
103.75
104.377
106.599
108.166
108.565
107.041
107.964
107.031
105.594
105.244
104.53
103.256
103.553
101.956
102.24
100.215
98.7846
96.5089
95.1728
96.2076
96.201
94.2724
93.1245
93.6319
94.7314
95.185
94.4493
94.1039
93.5552
94.8364
93.7444
92.6794
92.3631
91.0084
90.519
91.7902
91.7289
89.6739
89.2798
89.8769
90.2564
90.1628
89.0656
88.8439
89.7563
91.5181
92.1961
90.8341
91.8755
92.1281
91.5963
92.0913
92.6922
93.5425
92.774
93.5123
93.5446
93.4451
94.3979
94.0112
93.8231
93.3859
92.2532
91.9338
92.1932
90.3843
88.8603
89.6267
90.3156
91.1583
90.9228
90.7485
91.5222
91.5309
91.1352
91.3197
90.3421
90.4221
91.6634
93.3177
94.2558
95.0817
94.2193
95.1192
94.2246
94.2503
92.7399
92.4727
92.8326
93.0399
93.0702
95.7253
94.7473
94.9486
96.2934
94.539
94.533
92.5931
92.4307
92.3936
93.498
91.5843
93.3855
92.6374
91.4134
90.6725
90.3118
89.8279
88.7348
89.4754
89.0771
88.5429
88.9428
90.149
90.2885
91.1009
89.9366
90.778
89.3804
87.4698
86.1592
86.6445
87.3592
87.5174
89.0689
88.4153
87.6164
87.0085
86.753
87.5953
87.2278
85.4633
86.7765
87.5185
85.8488
85.0766
85.421
86.2423
85.9482
85.804
85.2808
85.6696
86.4721
88.5134
89.0749
89.2971
90.8572
90.619
90.3653
91.603
91.8836
92.173
92.0595
92.6952
91.0878
91.7272
92.1997
90.8569
88.5746
89.5725
90.4151
90.6973
92.2063
90.9722
91.2379
91.6938
93.248
93.4089
93.327
93.6511
92.9794
91.9716
91.1452
88.3012
87.6266
89.6474
92.7371
91.1914
91.9712
92.373
95.3532
97.0592
98.4381
101.504
100.891
100.32
100.168
98.3705
96.7563
97.9105
99.0609
99.5609
96.7296
97.9358
101.073
99.3088
99.7113
99.2211
96.7163
94.4511
94.159
94.498
95.9585
94.6006
93.6868
92.5537
92.6268
92.039
93.1441
93.5636
94.7643
94.0162
96.3338
95.6891
96.2562
95.5912
97.3904
98.0397
97.7368
98.1224
99.2
99.8677
98.654
97.3543
98.3604
97.4789
100.076
101.377
100.314
99.6004
98.9263
95.8589
95.4971
93.0661
93.7027
94.8999
94.9312
97.3662
96.2353
95.1212
96.981
95.854
96.3092
94.4402
95.2999
95.0752
95.3522
95.9591
95.9252
97.8151
97.8234
95.8144
96.9264
97.5638
97.1017
