98.6679
100.365
101.974
103.421
105.259
105.068
105.016
107.055
109.722
110.555
110.158
111.364
111.966
114.774
115.998
114.332
114.57
113.997
116.533
116.093
115.133
116.268
118.875
119.997
117.167
118.978
118.641
117.065
115.641
115.533
115.926
116.743
116.322
116.647
118.196
120.296
118.955
117.375
121.34
122.648
123.766
124.477
124.379
125.084
123.091
122.18
121.486
121.738
121.716
122.065
123.1
124.457
123.296
123.483
121.045
121.328
118.619
116.089
114.478
115.922
115.679
116.812
116.715
118.548
117.84
117.287
115.555
114.048
113.971
115.373
114.08
113.936
116.075
118.648
121.375
119.68
118.726
120.495
119.921
118.799
117.908
118.113
118.781
119.89
121.408
124.443
123.228
123.879
122.322
116.873
115.877
117.713
117.629
118.57
119.63
120.718
120.28
120.73
120.535
120.804
122.965
124.486
125.631
128.215
129.568
128.992
127.252
127.758
131.376
130.482
131.317
129.613
127.407
126.254
127.678
124.902
124.489
124.679
124.637
123.089
123.998
124.445
122.354
126.067
124.915
123.917
123.217
123.728
122.862
123.084
124.67
126.131
124.676
124.304
125.485
127.006
126.004
125.705
126.327
128.009
126.869
126.955
125.636
125.423
125.499
124.111
123.899
121.761
119.852
120.15
120.482
121.487
123.779
126.355
125.321
127.497
126.933
123.126
122.329
122.054
120.502
120.839
120.991
120.391
119.805
120.111
117.959
119.492
118.649
118.848
122.944
121.214
120.919
121.125
119.685
119.194
117.649
119.148
120.104
120.071
120.87
121.739
123.254
120.715
121.44
120.812
120.872
121.746
123.663
123.752
124.691
125.312
125.496
125.001
124.957
124.61
128.846
127.676
129.001
128.925
127.889
125.588
124.407
122.316
122.777
121.217
119.252
119.082
115.383
114.512
112.533
113.698
111.731
112.272
110.207
109.387
112.24
111.508
111.875
112.103
110.781
111.624
109.82
113.032
111.44
113.457
114.634
114.935
116.941
115.912
116.099
117.034
114.954
113.241
114.076
115.417
114.513
114.821
116.114
116.57
117.924
116.862
118.848
117.691
117.686
117.936
118.6
117.2
113.899
111.59
111.196
110.102
112.349
116.282
114.998
113.151
111.6
112.451
113.452
112.264
112.246
113.575
114.958
112.068
111.387
112.618
114.935
113.733
112.894
113.842
114.102
114.815
113.557
113.419
113.319
112.769
111.077
110.534
109.81
110.612
111.64
111.308
110.286
110.437
109.698
111.451
113.005
111.759
109.858
110.339
108.62
108.1
108.793
109.145
107.854
107.436
106.616
108.429
108.044
107.16
107.954
108.354
108.459
107.716
108.076
107.273
104.459
105.298
104.943
102.913
101.287
102.062
101.767
100.699
99.2973
98.4074
98.5843
97.8774
97.5571
96.1893
95.5514
94.794
94.5999
94.6812
94.37
94.9673
92.1931
91.3973
91.0214
91.0379
89.857
90.801
92.4182
92.0867
94.6317
97.2607
95.7463
94.5443
95.3733
97.6006
96.6105
96.4016
96.1991
94.7045
93.2163
94.2738
91.7856
92.7827
92.1536
91.3918
91.0654
89.1249
87.8036
85.5324
84.9909
86.2026
84.9071
85.8523
83.8874
83.256
83.4786
81.6252
82.6222
83.7801
83.9099
84.1084
85.6084
85.2982
86.2151
84.4843
86.4018
85.8357
86.0675
84.7092
83.929
83.9631
83.0892
84.2475
84.3502
84.5437
83.7697
83.8502
83.6073
84.112
83.1287
83.0599
82.6233
84.266
83.8842
85.3581
83.8861
82.9866
83.05
82.8665
83.0793
84.2825
84.9636
83.9422
85.0769
84.8263
85.1089
83.9559
83.7195
83.5726
82.8381
82.4824
81.708
82.0703
81.2771
80.9771
80.5306
80.5137
81.5273
82.0448
80.4442
80.5278
80.4658
81.3461
79.6184
78.6122
77.6541
76.2854
75.9971
76.6179
77.5452
76.2464
76.2185
76.2564
75.2674
72.7136
73.0119
73.4065
73.8439
74.2737
73.4981
73.1613
73.4542
71.9785
71.1026
72.1187
71.6955
72.6846
72.4135
71.7081
72.0806
72.8614
73.331
74.8603
75.5103
74.8381
73.6176
73.4412
73.6582
74.388
74.0257
75.243
74.0475
71.1868
72.2862
72.6118
72.0154
73.4487
73.325
73.7431
73.4116
74.1692
72.4182
72.3176
72.181
72.3139
72.0601
72.0432
72.6963
74.1189
73.3634
73.4882
74.2281
74.8761
75.0306
74.5465
74.6412
74.1583
74.206
73.828
74.2969
74.5229
74.7373
71.7911
72.271
71.2
72.1868
70.9873
70.0243
71.2685
72.2503
71.5479
70.999
70.6196
68.7666
68.0576
68.354
70.1074
70.6363
70.8043
70.7049
71.5325
70.4264
69.6747
70.2426
68.7853
68.869
67.3318
66.8943
68.2992
68.8487
69.3304
68.5968
68.3938
68.5046
68.4673
67.3122
67.8249
67.6485
68.9348
69.2927
69.7047
71.061
72.4679
74.2053
73.8491
73.9753
74.0812
74.0755
74.0514
74.2633
74.5604
75.2586
76.4564
77.2018
76.9264
76.4017
78.8502
79.4524
79.1065
78.1652
78.3979
77.1349
77.3094
76.8062
78.4155
78.0565
78.8058
79.3901
78.5883
77.7658
76.7074
76.6942
75.8181
77.24
77.9452
78.1843
78.7124
78.3564
79.8968
79.835
79.0788
78.8981
78.4548
77.5571
76.9467
76.1862
78.1509
79.2436
78.7045
76.0014
77.1862
77.0037
77.9098
75.9264
75.7331
77.1568
77.1791
76.5427
76.0292
76.421
76.7403
78.4457
78.2079
79.2021
78.9597
79.865
77.8748
78.4926
77.8902
77.6456
79.7117
77.8578
78.2051
78.888
79.1658
