99.9307
102.229
104.62
104.307
104.601
105.041
107.363
108.624
110.312
108.942
109.501
108.812
108.531
108.253
108.3
105.542
104.579
104.903
106.671
108.228
107.437
108.405
107.461
107.044
106.564
108.489
110.535
110.367
112.921
113.629
114.574
116.513
114.171
112.92
110.654
108.614
108.232
108.007
106.432
108.027
106.195
108.038
106.533
105.421
106.654
106.398
106.666
107.478
107.339
108.128
105.781
104.2
106.093
104.902
105.604
106.561
107.682
108.148
107.34
106.372
104.733
104.202
104.701
104.835
103.873
103.662
103.192
103.818
104.218
102.588
104.039
102.745
102.986
103.642
103.189
101.615
100.053
98.5397
98.7065
97.3216
100.428
99.3906
102.066
102.013
102.904
102.853
103.883
101.528
100.681
101.966
100.772
97.5061
98.8452
98.4904
98.381
99.5825
99.7772
99.0087
96.8122
95.9341
95.7011
95.7083
95.7912
93.9819
91.7878
91.2119
91.7137
91.9163
91.1913
91.21
91.0455
91.6583
91.504
88.9859
88.7702
87.533
85.3466
85.6187
86.2785
85.1878
85.5124
84.7965
84.5837
84.2699
84.8777
84.0934
84.5162
83.6884
83.2709
81.8743
81.0798
81.2056
81.4252
81.6828
79.036
79.4275
78.8465
78.6781
78.8449
77.4162
75.8538
76.367
77.0563
77.7467
76.9805
78.6257
77.4411
77.6018
77.607
75.9279
75.5817
75.223
76.1148
74.9351
74.9874
74.4502
73.3051
72.1787
72.8193
74.0207
73.8515
73.5317
72.6388
72.5748
74.2015
73.5663
71.126
72.9089
72.9809
71.78
72.8191
73.7096
72.2375
71.4949
70.602
72.4685
73.4442
73.3904
73.1833
73.522
73.1619
73.7386
73.8747
73.197
73.1464
72.797
71.3847
71.0083
71.2189
69.5372
69.2696
67.6053
67.2082
66.5657
66.1118
65.2871
65.5004
65.167
65.3628
66.3951
66.2591
66.7387
65.6458
65.3571
65.947
66.1695
65.6964
65.0072
65.416
66.1041
66.3702
65.9696
66.7552
66.6156
65.8534
67.3508
67.2987
67.2778
67.04
66.9643
65.6434
66.1378
64.9616
65.2018
65.186
65.2683
64.8888
64.7149
63.5035
64.1739
64.2292
65.1361
64.1132
64.9888
64.798
65.5893
66.4436
67.0393
65.8742
65.3376
65.5021
64.8023
63.9686
64.4188
64.6131
64.6892
64.4758
64.729
65.5396
66.7836
65.2669
63.9025
64.4402
64.3337
63.8902
64.0721
64.4736
64.3939
64.6182
63.947
63.6823
64.4452
64.4514
63.0946
63.0873
63.589
63.4331
63.6661
64.0179
62.5661
61.6713
61.666
63.1803
63.3265
62.8561
62.9701
63.2496
62.4353
62.2543
62.0958
62.2073
63.0366
63.845
64.2077
64.4121
63.6171
63.1009
63.4731
62.86
63.5309
64.1747
65.1981
65.0235
64.7652
65.2889
64.6953
63.857
64.6676
64.6048
64.3064
64.9011
64.6675
64.4868
64.5504
64.911
63.3916
63.0681
62.6073
62.1308
61.7671
61.6746
61.6866
61.5887
61.7375
62.4465
62.3043
62.3509
62.6529
62.3163
63.7348
63.2652
62.6342
61.9889
62.4559
62.702
63.3142
63.2603
61.8143
61.8569
62.6609
63.0078
62.6838
63.0111
63.4508
63.3346
62.6339
62.7994
63.999
64.0499
64.5344
64.1556
64.1772
63.8171
63.2421
63.4554
63.5955
63.1217
63.2756
63.1816
63.9857
64.2236
64.5828
64.6361
66.1298
66.4094
67.3604
67.7128
67.4972
67.2067
68.1335
67.54
68.1592
67.6886
66.7874
67.4226
66.8319
66.5487
66.9108
66.5654
67.0878
67.2241
66.9147
65.2912
66.5715
66.9387
67.706
66.1468
66.2243
65.9136
66.9901
66.0579
67.8596
67.7706
67.0542
68.7792
68.7348
69.5104
69.5952
68.2967
69.4834
70.0594
68.3563
68.4413
66.693
65.9237
65.436
64.8745
63.391
64.1752
65.382
65.6927
66.8125
66.8918
66.9734
65.9213
66.8572
66.1939
66.4868
65.5584
66.2733
67.1609
67.9527
68.8227
67.8649
68.0764
68.3474
67.705
67.0617
66.645
65.8882
66.3409
67.3299
66.8106
68.1256
69.8514
69.3449
67.5397
68.2229
67.1183
66.9616
64.9536
64.4882
64.2759
64.4761
65.5428
64.7523
64.0694
64.7484
65.3162
63.4746
63.7248
64.192
64.6748
64.1857
63.2833
63.2959
62.6315
62.6874
62.364
62.4672
62.2289
62.457
61.9068
62.2458
62.0314
62.8462
63.3198
62.9873
62.3467
61.7507
61.2962
60.4668
61.8889
61.078
61.2242
61.3985
61.5737
60.7642
61.3704
60.3058
60.164
61.3473
61.268
61.2062
62.0722
62.3219
63.0963
63.3573
63.8598
63.825
63.915
63.7768
63.6244
64.1205
63.6062
63.7744
63.4847
63.2714
62.6733
62.1198
63.5865
63.8583
65.5932
65.3532
65.6457
67.1869
67.2504
66.0207
66.5733
66.6682
67.0998
66.9209
66.7717
69.2354
68.0769
68.4187
68.3618
68.2451
68.8859
68.75
67.4835
67.7528
68.2208
68.7029
69.4823
71.0873
71.2408
72.341
73.3027
74
74.4764
74.903
75.6999
75.9855
77.5967
77.5352
77.7597
78.4856
77.796
77.1657
78.1689
77.8841
77.8049
76.2053
76.127
75.889
76.5931
75.6362
75.8565
77.4742
77.5834
74.8594
74.1734
74.306
74.0511
74.6624
75.3468
74.2943
75.2978
75.3956
75.573
75.8697
75.6395
77.2954
76.5481
77.1483
78.0731
78.1098
78.8483
78.2919
78.6534
79.7095
80.0973
79.3172
80.0028
80.0078
80.9853
81.5165
81.0084
81.2821
81.4858
81.0109
80.7579
80.3346
79.9367
81.3653
83.7343
82.585
81.4214
81.8453
80.8896
82.0204
81.8812
80.9362
81.0171
81.6553
80.111
79.9302
79.0355
79.0086
78.7892
79.8247
78.5193
78.9528
78.2449
77.5286
77.1991
78.5156
78.8957
78.4894
