103.144
103.45
105.793
104.693
102.463
104.584
102.423
102.905
104.572
103.421
102.897
104.206
104.064
104.856
106.408
106.202
106.214
104.431
103.524
103.13
104.998
105.883
105.397
104.555
102.324
101.496
101.278
101.634
103.863
105.092
104.494
102.972
103.31
104.561
104.922
103.929
106.331
105.187
104.302
103.653
104.28
105.192
107.155
106.919
107.47
104.761
107.053
107.031
108.489
107.132
108.269
107.389
107.099
109.165
106.916
107.602
107.417
106.312
105.275
104.83
104.085
102.778
101.978
103.195
101.302
100.626
99.898
100.23
103.063
101.913
100.517
100.421
99.7205
102.51
102.32
102.679
103.905
105.045
106.28
107.328
106.183
107.292
107.778
105.756
106.098
106.309
107.047
104.686
107.038
106.771
104.08
104.514
106.813
108.391
108.437
108.819
108.534
108.62
108.569
106.507
104.374
104.371
103.285
102.559
102.04
102.744
105.654
106.813
107.833
107.189
107.274
107.224
108.306
107.123
107.067
106.816
105.911
105.413
107.171
111.145
110.802
114.368
115.004
113.706
112.595
111.237
111.767
111.287
113.36
116.316
114.72
115.677
113.473
115.055
116.549
115.147
111.773
112.624
114.109
113.929
114.287
112.982
113.974
114.147
115.778
115.442
119.073
120.903
118.427
117.354
117.231
115.134
113.416
111.752
111.713
111.913
112.505
115.767
115.158
117.07
116.349
118.968
120.172
119.342
119.457
119.122
118.894
116.638
116.361
114.626
115.558
116.231
115.272
112.335
113
116.897
117.581
119.126
118.903
116.538
116.624
117.632
117.751
116.5
117.249
114.607
116.079
116.814
116.02
115.811
117.158
118.32
117.647
118.133
117.913
118.693
118.343
119.43
115.726
115.155
116.271
116.425
117.645
118.345
117.242
116.258
117.552
118.66
118.991
117.41
115.881
116.489
118.478
119.822
119.098
118.912
120.178
120.871
118.715
116.653
113.446
110.352
111.247
108.911
106.034
107.728
108.723
110.242
110.549
112.794
112.036
113.095
116.103
116.057
117.022
116.939
114.975
113.778
113.119
115.582
114.517
114.701
116.959
118.578
120.642
120.457
121.638
122.889
122.826
123.84
121.87
120.631
122.308
120.559
119.812
119.417
117.538
116.147
117.629
118.753
116.57
119.955
118.032
117.357
118.267
117.343
115.228
115.793
117.797
117.48
117.28
118.13
117.83
118.05
116.432
115.622
115.522
116.99
114.479
116.011
114.539
114.292
115.823
117.411
116.656
115.122
112.287
111.465
113.086
109.79
111.569
113.187
111.506
107.939
106.936
106.323
105.158
103.375
104.683
104.994
103.601
103.725
104.75
103.987
104.132
103.429
102.351
103.277
102.709
102.058
101.235
99.0084
100.063
100.87
100.61
101.609
101.369
104.253
106.874
107.104
108.603
110.244
108.855
109.81
108.299
108.166
110.034
109.845
111.314
112.426
110.619
108.569
106.722
106.312
105.906
106.851
109.338
108.73
105.278
105.827
106.366
106.407
107.051
107.96
109.948
110.459
109.926
107.741
109.092
109.053
110.137
108.702
108.387
109.351
109.442
109.824
111.235
113.811
113.902
112.058
111.495
110.731
109.424
112.839
114.123
113.146
113.386
110.177
110.045
112.177
109.757
108.958
108.169
105.901
106.371
106.552
106.815
105.103
105.499
104.118
106.56
107.509
107.923
109.51
109.702
108.333
108.826
109.753
109.668
109.653
108.11
107.485
109.402
111.772
112.198
110.746
111.742
111.898
112.064
113.601
113.396
111.827
110.137
111.159
111.374
109.648
110.264
108.145
107.924
108.257
108.127
109.07
108.049
107.76
108.984
108.358
108.924
108.583
109.368
108.007
108.96
109.207
107.191
107.909
109.352
108.096
107.373
110.17
108.665
107.494
107.829
110.55
107.848
109.228
112.217
113.477
112.966
112.852
112.888
111.714
111.663
111.605
112.592
113.978
113.577
113.819
113.821
111.599
110.316
111.79
112.488
113.48
113.661
115.136
114.792
113.32
115.691
116.123
113.637
112.615
114.704
114.533
116.04
114.621
112.09
112.066
114.32
115.378
114.081
112.202
112.55
113.081
112.784
112.932
112.261
111.194
109.775
111.406
109.695
110.76
110.082
110.126
108.212
109.198
109.002
110.395
108.233
107.78
107.061
106.684
107.249
106.395
106.247
104.215
104.063
105.78
106.51
106.124
107.543
108.283
107.373
108.735
107.509
105.548
103.965
104.007
106.048
106.043
106.357
106.243
106.406
106.004
103.956
101.838
101.203
98.6344
98.3919
99.6978
100.027
102.751
102.001
100.365
99.2092
99.0772
98.059
97.7136
96.0506
95.9924
95.819
95.4702
97
97.2682
96.1613
94.8504
93.9818
94.2029
96.7279
97.7999
97.8647
98.2872
97.2978
97.4753
97.8844
98.257
97.9886
98.8301
96.9494
96.2663
99.1839
102.008
100.783
100.807
100.037
99.9281
99.6725
99.9577
99.4901
101.429
101.238
101.488
98.3108
96.0741
96.6445
96.5165
94.339
94.1802
91.8365
91.3464
91.3015
89.2553
89.6182
87.769
89.3375
90.3627
91.173
90.1651
92.1149
91.5361
95.4904
97.231
96.2585
95.3943
96.5101
95.3624
94.0951
93.0568
93.6161
92.409
93.3454
95.0885
95.9572
96.8276
96.3961
96.5966
94.9398
93.209
92.2065
90.2203
89.8967
88.4673
