101.121
101.778
100.825
101.025
100.48
101.22
99.9152
98.5837
98.8664
98.1449
99.5116
98.4145
98.9249
97.1106
97.9999
99.3284
99.5019
98.7666
100.138
98.0716
98.7579
97.9855
96.7913
98.3631
97.8426
96.4172
95.8988
96.151
96.3593
96.7086
97.5328
97.8511
95.37
94.7994
94.4491
94.169
94.9929
95.251
97.8637
100.068
99.6101
101.751
102.948
100.727
99.8175
98.2785
97.8605
99.4612
100.518
98.9252
98.0888
97.0159
97.4989
95.7098
94.9971
95.0833
94.7399
93.8473
94.4619
94.2512
94.2064
96.3069
95.9824
95.6921
96.6352
97.357
94.9252
92.8421
93.0515
91.0494
90.8366
89.9372
90.3782
92.831
95.045
95.0694
94.1018
94.0461
93.9894
94.9526
93.6908
92.2086
92.5088
94.6059
95.9771
95.7743
96.2954
96.6601
97.7402
96.1147
96.092
97.6255
97.5976
99.0883
97.5044
97.6184
98.3957
98.532
99.4898
97.9606
97.3259
95.8752
97.2929
96.4471
94.9404
95.5148
97.4003
98.1645
97.1104
95.5489
96.1621
97.5342
98.0397
98.3093
97.2245
99.0627
97.8059
96.7042
99.2068
99.7264
101.825
103.923
103.331
104.455
103.245
102.417
102.803
104.07
104.245
103.669
107.333
107.014
105.484
105.68
103.77
105.483
105.967
111.219
109.921
108.425
107.395
105.873
107.028
107.623
109.699
108.219
110.012
110.632
109.377
108.667
107.17
108.03
106.306
106.248
105.439
104.475
104.849
105.455
104.456
103.192
104.837
106
106.629
107.134
108.116
108.613
109.337
110.163
109.817
109.663
108.08
109.517
109.198
109.234
106.904
106.282
106.678
105.987
105.64
107.628
108.625
108.266
108.649
108.325
109.256
109.598
107.588
109.317
105.986
106.531
105.191
104.566
104.687
105.351
105.1
106.239
106.683
103.668
104.951
105.314
105.597
106.187
106.079
105.773
106.036
107.206
106.016
106.814
108.245
109.722
109.392
108.038
107.686
106.788
108.629
106.173
105.674
107.157
106.332
104.914
105.414
105.95
104.74
106.396
108.5
107.822
105.26
105.368
103.395
102.423
102.192
101.12
102.419
103.671
102.471
102.358
104.154
104.235
106.334
105.6
103.401
103.412
100.235
99.9783
100.58
98.307
97.1046
97.3403
96.167
97.5719
97.4392
99.2968
98.0618
97.0638
99.0355
96.6975
96.7043
96.3359
96.4444
97.7561
98.7933
98.7769
97.1965
98.9508
96.4426
94.3711
95.6038
95.1908
94.2806
96.1376
95.3616
94.525
92.6504
92.8071
93.2652
93.5
93.3504
93.191
93.9093
92.2693
92.6878
95.8237
94.9934
95.3062
95.8335
95.9731
96.6914
95.488
94.5436
95.8821
97.4942
97.3101
98.2817
98.8924
98.8397
95.9283
95.1443
97.0852
98.4955
98.172
97.6886
97.8596
97.6387
98.7998
98.359
100.891
101.389
99.7775
97.3079
97.2327
95.8561
97.2078
98.982
98.3239
98.8992
98.9146
97.8484
95.7484
95.3367
95.1099
95.0101
94.2177
97.1231
98.8633
100.144
100.221
99.4542
99.6961
99.8304
101.149
100.04
100.749
100.005
101.597
97.7222
96.3878
95.7151
95.0637
96.2101
97.6572
97.0088
97.9524
97.8397
98.3436
96.7213
98.1178
99.7323
101.53
103.319
100.793
100.373
101.431
103.382
102.857
103.665
102.971
103.764
104.106
103.68
104.421
106.315
110.908
108.895
108.12
109.185
109.276
106.332
106.754
106.973
105.632
105.874
104.12
105.985
106.6
105.77
104.05
102.209
101.542
102.84
103.416
102.822
103.773
104.992
105.141
104.134
102.667
101.088
101.602
103.475
104.364
105.871
107.39
108.283
107.354
108.114
105.844
104.957
103.04
102.749
103.671
105.05
103.095
102.995
102.513
103.154
103.781
103.309
104.807
104.595
104.726
105.956
105.931
105.637
106.631
107.898
109.742
108.121
108.665
108.502
109.336
110.231
110.513
110.22
110.174
110.382
112.751
112.685
110.205
110.972
108.746
107.28
107.08
107.023
108.211
106.593
106.35
108.009
107.363
107.886
107.918
108.977
109.151
111.865
111.698
111.23
110.889
110.781
111.357
110.447
112.989
112.971
109.738
109.482
108.283
107.887
106.061
105.957
105.756
104.826
104.92
105.72
105.918
105.566
106.081
105.41
106.601
106.809
106.749
106.595
106.206
105.356
104.287
103.615
104.269
105.59
104.616
103.816
103.091
103.027
101.734
102.53
102.868
105.514
107.013
106.319
108.551
108.225
109.651
109.008
110.307
109.499
109.936
111.46
109.937
109.331
112.516
111.007
110.208
109.171
107.606
105.523
104.864
104.891
104.312
103.758
104.653
103.239
103.957
104.117
102.373
102.095
103.155
102.165
101.415
102.798
103.728
104.665
104.773
104.418
103.337
101.254
100.249
100.753
99.7394
103.783
105.142
104.41
105.265
104.516
103.804
104.046
103.653
105.347
105.619
106.159
109.884
109.725
109.337
111.359
112.386
112.26
113.739
118.347
117.687
116.481
115.139
113.373
113.719
114.009
112.999
114.486
113.442
112.227
110.915
112.304
112.249
112.901
115.993
114.91
115.12
113.274
115.149
112.701
115.328
117.167
115.629
115.214
113.502
113.293
112.607
110.686
110.578
110.733
111.602
112.15
112.909
111.311
111.353
113.026
110.384
111.811
110.805
110.275
109.465
110.903
110.786
110.66
110.73
110.317
110.907
109.642
110.672
110.813
111.364
109.652
109.595
110.25
110.299
109.256
111.85
