98.7967
99.2789
101.497
101.709
100.776
102.598
100.753
100.528
100.54
101.714
100.32
101.944
100.792
100.765
100.461
100.376
100.734
101.232
102.079
103.166
105.882
104.997
106.052
105.899
108.151
108.459
107.793
105.378
106.73
102.865
102.676
103.693
103.456
101.563
100.653
100.503
100.905
101.948
103.093
101.659
103.614
102.888
102.385
103.348
102.943
102.934
104.288
104.226
105.806
104.701
105.884
106.91
108.084
106.649
105.697
105.635
103.874
103.711
104.883
105.897
105.348
106.479
105.42
102.475
100.269
101.412
102.08
103.482
104.176
105.567
104.862
104.042
104.602
103.481
103.129
104.25
104.646
104.884
101.402
101.972
102.214
101.319
102.275
103.02
101.752
101.098
101.374
103.163
99.8907
98.1179
100.267
101.061
100.586
101.508
99.9673
102.259
104.031
102.374
101.684
102.179
104.478
102.35
101.306
101.306
101.684
103.983
105.224
105.31
105.84
103.482
104.743
105.062
104.387
106.049
104.161
106.337
106.777
107.43
108.261
108.948
109.515
110.249
112.202
113.489
114.199
113.88
114.986
114.118
115.948
113.864
116.743
116.027
115.197
115.194
113.763
113.189
112.492
112.961
114.086
113.846
114.457
115.559
114.539
115.485
112.671
113.641
113.432
111.906
109.011
109.19
110.135
111.152
107.07
104.486
103.471
103.394
102.446
104.368
102.404
105.152
102.012
100.959
100.938
99.395
100.084
103.33
103.848
106.155
104.597
106.842
104.491
103.537
102.721
103.26
103.596
104.668
104.653
105.306
105.26
105.298
107.405
108.454
108.413
108.403
111.499
109.541
111.843
113.42
116.25
114.019
113.919
117.168
117.462
117.999
117.714
118.487
120.467
119.431
117.169
115.001
116.417
115.641
115.101
114.211
113.875
112.313
115.34
116.293
117.472
118.709
118.153
119.992
120.184
123.02
121.712
122.152
123.083
123.107
125.437
123.942
126.014
127.278
127.578
130.605
129.319
129.47
131.147
130.383
129.679
129.858
128.994
126.974
125.045
126.27
124.139
124.08
121.772
119.091
121.002
121.381
121.337
122.079
119.718
117.599
119.225
119.166
120.242
121.444
121.708
122.286
121.323
121.458
122.106
121.671
124.649
124.071
122.945
122.058
120.427
120.759
117.558
117.059
116.777
115.076
114.131
113.54
112.755
112.299
111.081
110.002
109.095
108.667
108.897
108.16
107.583
106.255
110.033
112.595
111.13
111.625
111.451
109.001
109.169
106.942
107.509
108.708
106.055
107.991
107.926
108.817
106.438
107.301
108.117
109.294
108.311
108.434
108.111
108.181
107.286
105.707
106.711
104.052
106.063
105.418
104.765
104.954
105.073
105.757
104.75
106.57
106.436
105.533
106.076
103.16
103.3
103.826
103.667
103.134
103.219
103.203
101.13
102.507
102.802
103.748
105.06
104.812
104.35
103.72
103.77
103.357
101.793
101.783
99.7358
99.8408
99.0774
96.0495
94.844
93.9623
95.7065
96.9086
97.6307
96.6523
98.2746
99.035
98.2041
99.756
99.3776
99.0771
99.6747
100.929
101.16
100.406
100.764
99.4166
98.2291
97.6785
99.608
99.0035
100.684
101.155
101.332
101.637
101.376
100.864
100.472
99.2818
98.1071
98.0705
97.1059
96.108
95.738
95.013
95.2382
95.3762
94.3423
96.3596
95.2713
95.5086
94.6025
94.0533
92.8552
92.3962
95.0387
93.0443
92.3975
93.119
94.6018
94.3791
92.7832
93.3031
93.4842
92.4058
91.1427
89.0502
88.4706
89.4453
89.6889
87.1845
86.7374
86.1912
85.6281
84.0239
85.9591
85.0161
84.4214
85.4509
84.7686
84.9166
86.8598
86.1733
87.8555
90.2642
90.567
90.6362
89.4613
89.0517
91.4681
91.814
93.5097
93.5537
93.0683
93.201
92.8671
93.3588
91.8672
90.3385
91.9713
91.7129
91.6546
89.2496
88.5522
87.0975
88.6524
87.8288
88.7281
88.9034
88.4213
88.1504
88.9457
87.6797
89.8541
89.0505
88.6799
87.5512
90.4669
92.8432
92.698
92.1136
92.1022
93.5932
92.5675
94.7605
96.674
95.9755
97.3995
98.8349
98.2749
98.861
100.455
99.1748
96.0157
94.8863
95.3589
93.7259
93.7303
95.86
96.6317
97.1587
98.0403
99.8084
97.4355
97.3244
98.5303
99.3809
98.5874
98.9544
98.2551
98.5585
99.0356
99.5168
98.3426
98.5251
98.7442
98.8613
97.5858
98.7249
97.5951
94.9389
94.3495
94.019
94.2616
94.6219
95.16
95.3955
94.009
93.511
93.1058
94.2842
92.1009
92.1696
92.3745
91.4426
91.5696
91.8348
92.8529
91.1511
91.9099
90.9426
89.0503
90.1369
90.3203
89.9371
88.7191
89.0872
90.0049
91.6698
92.9093
91.5867
91.7129
91.9288
92.2737
93.713
92.3875
92.5832
93.139
90.8554
89.8714
88.75
89.7726
90.5351
90.3356
89.9142
88.7853
89.1123
88.1905
86.8084
87.4995
87.5671
88.8661
89.8725
91.3956
92.2867
92.5341
90.4245
89.9468
87.8554
86.5477
86.5629
85.2004
84.5249
84.2498
85.0077
85.5254
85.4491
84.1961
84.6058
83.6567
82.6684
81.3691
80.5154
80.7149
80.0009
81.7853
82.9669
81.9774
82.3807
82.8269
83.4302
84.1287
85.6721
84.6625
85.3412
85.712
86.912
85.6704
87.0193
87.9145
88.5242
86.8247
85.5552
84.4573
85.1924
85.8378
88.0695
85.3157
85.5857
85.7094
85.1957
86.8625
86.6556
86.2408
85.2331
86.8752
86.819
85.5252
86.26
88.2197
90.5687
90.9431
89.1906
