101.654
100.633
101.999
100.213
101.156
101.021
101.472
99.7807
99.5764
100.758
100.817
101.223
101.983
103.079
101.712
102.53
100.928
100.101
98.8543
98.3174
96.1211
95.7541
94.9175
94.6375
94.4641
95.724
95.478
92.6895
92.7448
93.3002
93.189
92.8958
94.0494
94.4086
94.5785
93.9442
95.0787
95.718
95.126
94.56
93.2503
93.6229
94.573
94.0871
94.4792
95.1238
97.0487
95.3922
96.7894
98.4212
100.265
101.142
100.672
100.774
100.105
99.1919
100.54
98.896
97.5028
96.7808
97.7915
97.3866
97.856
96.9595
97.7921
95.1804
94.2251
93.279
92.9153
92.8415
94.7172
93.8498
94.8889
93.4247
93.7648
91.569
91.7039
89.8799
90.9906
92.3372
93.0002
94.5634
95.4629
93.6246
92.3242
92.4727
92.055
91.5138
91.6729
93.4536
93.4104
92.1177
91.7136
91.3528
90.2868
89.4372
87.6833
86.6783
86.7702
87.2999
88.6946
90.2212
90.3468
89.502
89.7177
92.4307
93.4475
93.4278
92.6545
92.2023
94.151
93.9461
93.3159
92.6179
92.7135
93.7118
93.0861
91.3128
91.8077
91.9069
91.9409
91.2682
90.3613
90.0482
91.6285
90.6758
90.7986
90.3561
90.6121
89.7461
90.0902
89.8367
90.1647
92.1383
90.9183
89.5883
91.0414
91.9548
92.9086
92.0026
91.2897
90.7221
91.7143
92.1994
93.0042
94.037
95.4794
95.009
97.0316
95.9027
96.3804
97.9379
99.7556
99.3767
99.6142
97.786
97.2202
99.9136
101.112
102.707
103.751
102.645
101.489
102.364
101.568
100.119
97.5577
96.9464
98.0747
97.6737
97.9141
99.2039
97.5901
96.8449
98.9868
98.1953
96.9235
96.4642
98.2143
97.8021
95.4638
96.3995
95.3968
96.1537
96.2107
95.9286
96.6607
95.9147
95.4708
92.3733
91.4819
92.2585
90.8839
90.3082
89.8738
89.1127
90.1919
91.762
91.9579
90.373
91.9657
89.5229
90.6848
92.6406
93.4889
93.4399
92.1746
90.697
91.6654
92.1464
92.5583
93.9428
92.7311
92.1446
94.4588
95.0022
94.5834
94.0355
91.5633
91.0586
90.5262
89.4396
90.559
89.5615
90.4969
89.7043
90.3051
92.6261
90.2389
89.1779
90.2229
90.6789
91.896
92.3951
92.8417
94.724
95.5191
97.8462
97.4473
96.9457
95.4012
93.2843
95.2438
95.2599
94.2929
95.4275
94.6604
93.0695
94.4455
95.8309
94.3669
96.6074
97.8695
99.5586
98.0779
99.6467
100.712
100.476
100.909
99.8185
98.1437
95.4487
97.3539
98.2792
96.4164
96.4198
97.396
96.539
98.7568
98.6668
97.8403
97.0667
95.6079
96.1608
94.7629
95.3559
93.7514
94.5026
92.9133
93.1936
93.6424
93.0974
93.9866
94.4636
95.6119
94.2864
95.1325
95.3637
95.4537
95.3615
95.2382
95.4015
95.1718
95.0457
94.3251
92.6338
92.4934
91.0591
92.409
93.1535
93.5193
94.354
94.2565
94.5354
93.8429
94.6329
92.6878
93.5211
95.1369
95.1094
92.817
93.2562
92.5671
94.3721
92.719
93.1009
94.926
93.0283
92.9339
93.0843
93.3097
95.3123
93.2064
94.0826
92.2716
93.0188
92.6343
93.5726
92.8546
93.7375
93.9005
94.3838
94.8568
96.2734
96.8097
97.1271
98.1198
96.6006
99.8657
100.302
100.69
100.107
101.029
103.979
103.107
104.106
103.577
103.991
103.051
102.28
100.382
100.197
99.785
98.9943
99.7808
102.704
101.977
101.129
103.432
104.547
102.437
102.569
102.523
102.311
104.77
102.902
101.368
100.404
100.903
101.513
101.347
101.445
100.44
101.12
100.715
101.244
102.364
101.952
99.4073
100.075
102.017
101.191
101.596
101.698
100.942
102.293
103.205
103.829
104.647
103.414
103.828
103.399
105.121
103.579
102.482
103.701
101.127
100.849
98.6174
98.9416
97.9584
96.8218
98.2958
99.1864
100.167
99.2089
100.816
100.041
100.304
99.0792
97.1975
96.6913
95.8847
93.4316
93.6695
94.7536
94.1364
94.5594
94.5331
93.5006
93.0102
92.8957
92.9423
90.8766
89.9068
89.2388
89.4076
90.6894
90.8358
90.0685
91.296
90.5542
92.5016
94.2196
95.8433
96.4143
95.819
97.7525
98.1867
98.8388
99.0564
98.6269
100.346
100.828
99.0432
98.1104
96.8396
96.7841
97.7044
98.3986
99.9128
102.246
101.326
100.957
101.246
99.4211
99.3688
99.538
101.725
101.18
99.8087
98.4545
97.2656
96.4168
94.1392
94.6582
95.3203
95.2765
95.2526
94.8921
96.7913
98.5627
95.8893
95.1105
95.1347
93.0079
90.2612
90.8202
90.5093
91.9263
91.7396
91.9795
91.8278
91.9842
93.7987
94.7063
93.8743
93.1654
93.6617
92.9208
92.2895
91.0215
91.4669
92.6465
93.8646
94.0286
94.964
95.5625
93.5578
93.1365
94.6278
95.5935
97.3986
98.0208
98.3472
98.2659
99.7228
98.673
96.733
95.3528
95.7259
95.7511
96.9392
95.6185
96.3682
96.1624
95.9964
93.9427
94.786
93.9316
94.986
92.7631
90.6022
90.8417
90.6299
88.9502
89.9273
90.6666
89.6548
88.762
87.2202
87.1479
87.6925
87.3887
87.561
88.5808
87.9578
90.058
89.7029
89.7012
89.7454
90.9397
91.3124
92.4207
93.3649
93.2417
92.6967
93.0821
92.5257
93.8244
93.2029
94.3073
91.8355
92.2457
91.2172
90.5743
90.6284
91.2127
89.7821
88.0855
88.5156
88.0893
90.0288
90.7724
92.4166
92.4014
92.7939
91.3855
92.9858
90.143
91.7121
93.4144
91.5678
91.8038
92.8736
92.5868
89.6803
90.1021
89.5814
89.3039
89.731
90.6326
91.1383
89.7347
89.4507
88.6662
87.7937
86.9143
87.1224
87.7613
89.2112
89.2402
87.9028
88.99
91.2503
91.0863
91.3685
91.0454
92.4353
94.102
