100.393
101.209
101.934
102.496
103.252
103.999
105.402
104.991
104.997
107.076
104.974
106.324
106.255
106.437
106.807
103.542
103.711
102.78
101.017
101.949
102.452
103.372
101.173
100.438
99.6394
99.481
99.6325
99.9209
99.0473
99.7519
99.5938
98.5221
97.3514
96.5126
94.4266
94.4478
95.9726
95.7674
95.6841
96.2139
95.959
96.1261
96.3928
97.4232
96.9133
97.009
97.9763
100.044
97.7501
98.9248
98.9452
101.004
100.724
101.052
100.344
98.4584
98.0191
99.4555
100.624
103.472
101.854
100.782
101.534
104.563
104.22
105.773
102.675
102.198
102.412
102.307
103.318
104.158
101.549
102.644
101.882
102.269
101.415
101.718
102.886
102.39
101.023
101.519
100.395
101.585
101.893
102.663
104.2
106.719
104.951
107.941
107.655
107.594
107.15
106.833
106.933
104.496
105.993
107.191
106.067
105.112
106.277
106.572
105.733
104.505
104.651
104.11
103.896
103.009
100.698
100.661
98.6965
99.4292
97.8683
98.0651
99.9892
99.6317
99.4187
100.412
99.7136
98.6348
97.6843
98.8547
99.762
102.145
103.028
102.909
103.806
105.378
106.102
104.702
104.087
102.075
103.361
102.669
103.446
104.827
105.554
106.631
107.982
106.196
106.098
106.537
105.026
106.695
106.193
107.194
109.381
110.378
111.487
115.022
115.506
117.297
117.274
115.57
115.563
113.506
114.842
114.661
115.061
114.417
112.748
113.333
114.513
113.822
113.661
114.898
116.499
116.228
116.017
119.619
120.993
120.867
121.742
120.008
118.618
116.669
115.462
117.432
117.736
118.825
118.61
119.424
117.987
119.967
119.869
120.992
119.414
119.076
119.597
121.923
121.554
123.293
124.814
123.439
123.683
120.59
121.682
121.267
118.509
118.246
118.565
116.285
114.745
112.741
110.371
109.505
111.945
111.871
113.562
113.076
114.273
113.769
113.903
114.023
114.369
113.265
113.955
113.613
115.995
116.028
117.47
117.33
116.828
117.76
119.503
121.038
123.51
122.018
121.719
123.124
124.374
125.559
128.825
130.588
130.425
131.044
130.02
129.709
130.13
129.416
129.895
129.129
129.191
131.025
129.603
131.411
131.773
129.59
129.876
131.102
131.676
133.887
135.094
135.136
136.277
133.395
132.867
133.513
133.712
133.703
134.105
135.702
136.144
136.713
135.205
136.583
137.307
135.345
136.061
136.089
133.193
131.911
131.786
131.507
131.409
130.735
133.738
134.115
136.617
138.739
137.773
136.391
135.722
137.466
136.31
136.583
138.523
138.076
137.003
136.565
136.636
133.678
133.278
133.783
136.894
132.839
132.194
133.677
136.78
136.943
136.046
136.264
133.919
134.064
133.462
134.637
136.209
134.741
131.744
130.771
131.15
131.485
132.516
132.601
130.079
134.167
134.454
135.68
134.43
135.459
136.277
133.292
132.645
129.896
129.252
131.527
132.147
134.018
134.344
136.936
134.974
133.105
132.551
133.188
131.615
132.757
133.128
131.213
130.02
129.185
129.048
128.634
127.099
128.654
127.668
126.603
128.568
127.822
126.309
130.057
128.683
127.887
127.196
128.976
130.636
128.603
128.453
128.814
131.624
129.063
130.497
129.067
130.217
128.967
128.155
128.955
129.496
127.912
131.005
133.705
134.394
137.153
139.478
139.163
138.926
136.896
138.983
138.175
136.214
133.994
132.924
132.97
132.358
133.046
133.513
134.131
131.345
132.57
130.954
133.375
132.672
131.281
130.855
132.836
135.954
134.683
135.312
136.591
135.412
131.566
133.48
134.39
135.659
136.133
136.329
135.639
134.199
136.05
138.988
138.664
136.177
136.19
136.589
135.169
130.865
129.489
128.89
131.826
129.563
129.584
129.186
130.566
129.926
130.177
131.688
128.482
126.572
124.712
123.999
122.501
120.525
120.085
121.75
120.072
122.781
120.899
122.382
122.01
123.045
120.492
120.232
120.484
120.862
120.723
120.715
122.375
121.649
117.996
119.446
122.074
123.311
123.225
124.087
123.683
124.004
125.803
124.938
125.857
127.543
128.067
126.992
123.771
124.842
121.282
119.241
117.712
117.266
116.545
114.811
116.756
115.975
114.407
113.745
114.269
114.67
114.481
114.352
113.612
112.856
111.972
111.337
112.628
112.018
111.16
110.141
110.082
110.047
110.811
111.683
110.754
110.482
109.082
109.668
110.513
110.665
113.007
113.505
111.704
112.499
111.311
112.72
112.939
114.65
115.449
115.598
119.244
118.657
119.334
119.88
120.343
118.039
118.139
116.279
117.839
117.294
118.62
117.566
115.433
115.212
112.657
111.566
113.988
114.636
116.539
119.019
117.623
117.011
116.463
116.076
115.624
115.466
116.274
116.041
116.337
117.893
118.995
121.188
121.253
121.276
119.564
122.095
122.73
122.515
122.956
123.197
124.075
126.231
126.542
130.041
128.349
128.538
129.125
126.935
126.072
126.682
127.588
128.51
129.255
128.44
129.965
128.311
127.826
127.283
126.473
125.111
123.569
126.141
128.414
128.067
127.98
126.603
127.623
126.889
125.875
127.642
128.025
127.452
129.173
128.294
127.99
125.946
126.287
127.445
128.251
129.923
131.904
132.62
130.875
130.796
128.806
126.751
124.324
125.083
126.456
125.528
126.212
126.352
126.864
126.317
126.116
