101.01
102.217
101.759
101.582
104.241
104.047
103.906
102.125
101.447
101.104
101.948
100.625
99.6197
98.6958
98.7393
99.17
100.634
102.854
102.145
103.955
105.312
103.492
103.609
104.496
103.993
105.701
104.949
104.321
104.351
103.416
102.659
102.98
103.951
102.554
101.577
100.427
99.6511
100.895
102.712
101.712
101.531
100.698
99.9276
98.8564
98.8826
99.5002
100.614
101.522
102.902
102.209
101.093
102.491
101.954
104.091
104.281
102.704
100.177
100.485
100.914
98.0349
99.3738
97.4715
96.8235
96.5222
96.8741
94.106
92.7597
92.704
92.0153
90.3642
88.8437
88.7975
88.9139
89.5476
88.5767
90.5962
92.4126
91.6244
91.1598
90.066
91.386
92.2307
89.5323
87.9974
88.5234
89.0812
90.5447
91.4502
88.0866
85.4437
87.0814
87.4612
85.1385
83.7947
83.1243
82.18
83.1474
82.4569
84.7338
84.5502
85.6783
84.1947
84.4817
84.2747
84.5791
84.107
83.2036
81.8735
80.58
80.4432
79.7736
79.3704
79.9111
79.6139
79.4704
80.3014
78.9796
78.0844
78.503
78.3234
78.1957
78.1074
79.1812
80.1138
79.876
78.4661
79.126
77.6092
77.6036
77.8716
78.8497
78.2169
75.8889
75.0622
74.9661
74.0366
72.6445
72.879
71.8981
72.111
72.2676
73.052
72.974
73.7636
74.114
74.4926
75.5711
73.9227
73.9276
73.2519
72.6902
73.377
72.4418
71.9724
70.9964
71.1628
71.5416
70.2982
68.0975
68.5454
67.9682
67.9296
66.6901
64.9647
64.158
63.4266
63.2825
64.2808
63.1949
63.0868
63.3257
63.3336
62.8542
64.1078
63.9355
63.2594
63.7347
63.2867
63.037
63.0212
63.7062
63.8032
64.2598
65.3708
64.9945
65.3432
65.545
64.8387
63.6727
63.5514
63.9773
63.1713
62.641
62.0637
61.9462
62.1324
60.1096
61.4648
61.5487
61.0847
60.3972
60.8039
61.2811
60.9298
61.4842
61.5464
61.5666
61.1637
61.8804
62.0482
62.5135
62.0786
62.2108
61.8569
61.1933
61.7513
62.5499
62.7502
63.0233
62.1485
61.5748
61.9429
62.2256
62.6726
61.7059
60.6444
61.4031
60.7744
60.1737
60.358
59.9305
58.8339
58.0869
60.0137
60.5022
60.4248
60.8014
60.9844
61.931
62.0568
61.2063
61.6517
61.4128
60.1898
60.0311
60.716
60.9158
58.6165
57.7246
56.9733
57.9077
57.4775
56.9841
58.663
57.6403
58.0473
58.2981
58.5166
57.856
57.4991
56.7186
57.3667
55.9484
56.0556
56.9757
56.1364
56.5858
56.7027
56.4444
57.2622
56.3478
56.7135
57.5224
57.0353
55.9909
55.7074
55.2755
55.2552
55.2775
55.4147
53.6373
53.2819
53.1596
52.7115
53.3616
54.0609
54.3106
54.4211
53.9597
53.5422
53.8133
53.6692
53.5249
53.9991
54.192
54.5877
53.9235
52.3151
52.0121
52.343
52.1632
52.4581
52.9286
53.2681
52.691
52.3418
51.9262
51.9058
51.5182
50.8417
50.3225
50.3558
50.5494
51.4433
50.3001
50.4035
51.0798
50.6545
50.1758
51.1451
51.4566
51.9329
51.7973
51.9542
50.7795
50.7072
49.9857
49.8815
49.6348
49.5069
49.4395
49.504
49.7797
49.6341
48.633
48.2269
48.1598
47.7618
47.6429
48.0517
47.5395
47.882
47.3516
47.1136
46.4995
46.5386
47.3477
46.8794
47.4858
47.1109
47.9756
48.8963
48.4439
48.5023
48.544
47.7906
47.6692
48.3514
48.9411
48.7334
49.6376
49.9659
49.126
49.6474
50.3275
49.7088
49.8423
49.3337
49.3596
49.4301
49.5856
49.8925
49.3773
49.2294
50.2311
49.1369
49.3212
50.0025
50.0584
49.6582
49.39
48.5826
48.2768
47.948
48.8205
48.7547
48.3329
49.0199
49.0458
49.0075
48.9181
49.0926
48.6991
49.2635
49.4184
49.3698
50.0768
49.8508
49.3666
48.9122
48.9809
49.3871
50.1107
50.6972
51.406
51.1642
51.5341
51.558
51.5157
52.0882
51.7361
51.0425
51.1318
51.5472
51.4238
50.982
50.935
50.8134
51.5058
51.421
50.5062
50.9065
50.733
52.2247
51.8294
51.6437
52.6236
53.1872
53.299
53.0055
51.9664
51.4042
50.8129
51.2332
50.2811
50.2673
49.7331
49.7152
49.8707
48.9798
49.1339
49.253
48.6373
48.7124
48.9227
48.8226
49.2738
49.6048
49.0453
49.588
50.6044
50.1161
50.4362
50.0374
50.2493
51.1867
50.3695
50.3794
49.8081
48.9145
48.8171
47.3907
47.5807
46.823
46.1409
46.1773
46.1083
46.8083
47.1749
47.8314
49.0168
49.0709
48.1367
48.9751
49.3836
49.0818
48.8475
49.0352
48.2833
48.2047
47.0455
47.6155
47.6442
46.6787
46.0998
45.0323
45.1224
44.9444
45.2247
44.5796
44.6591
45.5688
45.6502
45.8024
47.0171
46.552
46.0193
46.1784
46.5302
45.1204
44.8848
45.1869
44.9324
45.2636
45.8664
46.0344
45.7295
45.3899
45.5748
45.422
45.6584
45.4069
45.55
45.5241
45.4079
44.7321
45.7672
45.3955
44.5796
44.5007
44.4522
44.0677
44.0684
44.3663
43.8591
43.4185
43.6037
43.5896
43.6006
44.0504
44.4915
44.0463
43.9549
42.9768
42.8529
43.3481
42.2242
42.1635
42.3669
42.1988
41.4407
41.5169
42.1363
41.5066
42.2874
42.2587
42.3673
41.9603
41.6445
41.3316
40.4804
41.3016
41.0989
41.6458
40.6555
41.1562
40.4096
39.5716
39.949
39.6756
39.8451
39.5574
39.5029
38.9272
38.7487
39.527
39.7616
39.7919
40.4549
40.7582
40.1192
39.9445
39.8967
40.1266
39.596
39.0958
39.6164
38.5473
38.2138
37.6473
37.7877
37.2554
37.0735
37.9617
38.0058
38.8758
39.0778
40.6421
40.9396
41.0052
41.2746
41.3171
40.7751
39.8405
39.9773
39.9878
39.6783
39.2744
39.6819
39.5732
