100.936
103.997
103.491
103.285
102.823
105.168
107.952
108.303
108.899
110.403
107.962
109.851
108.86
106.847
105.338
106.652
105.171
106.728
106.546
108.288
105.651
106.845
107.259
106.477
105.421
106.647
104.425
103.72
105.015
103.841
103.754
103.497
100.67
102.508
99.6848
98.7024
98.4506
98.1333
99.3664
100.028
100.054
101.923
101.417
102.609
102.542
103.018
103.617
101.105
101.054
101.115
99.9911
102.447
103.588
102.033
101.161
99.9807
100.403
100.517
101.15
101.403
100.701
100.597
99.3991
98.6715
99.8679
99.2356
99.3122
99.6531
100.521
98.0714
96.9276
98.1667
96.5134
97.4154
96.4111
96.98
97.1487
97.9665
97.6634
97.4089
98.2926
96.1454
96.3389
95.4668
94.5645
94.5499
95.6594
94.5894
94.9509
96.772
97.0044
96.4791
96.0147
94.8756
95.1325
95.6366
93.2162
92.7854
94.5322
94.0829
93.4724
93.1575
93.3279
94.6873
95.7
95.8504
96.2055
96.3071
95.3452
96.1613
94.5409
93.9984
95.7369
94.3606
94.3684
94.6037
92.4926
92.8907
92.8612
93.85
94.1015
92.8475
91.784
90.4351
91.4741
90.7549
89.3295
87.2734
85.9626
85.8323
85.3478
84.3485
84.5694
83.9787
83.7546
83.5521
82.2439
83.0056
81.394
82.9279
82.5213
80.846
79.6612
80.0284
79.2171
79.7905
78.4484
78.1159
77.8843
78.2772
77.7705
77.1675
76.8634
75.571
78.9671
78.8343
79.476
79.0039
78.7933
79.2467
77.4901
77.5833
76.9358
76.03
76.2042
78.0047
77.8919
79.497
79.5074
79.0944
78.0216
77.6984
78.1078
78.0199
77.1683
77.6068
77.062
77.4354
78.2568
78.0385
78.985
77.3325
77.384
78.622
80.0669
80.0511
80.4621
80.2061
81.1262
81.2921
82.5473
82.0113
81.1403
80.815
80.2532
79.652
80.737
79.6094
81.4494
80.2168
81.1056
82.2051
82.6286
81.3539
80.241
80.706
80.3962
81.979
82.6181
82.7792
82.5622
81.951
80.4994
81.9815
80.9855
80.6866
80.3004
81.4311
81.8835
82.9158
82.5524
81.6402
81.2175
81.8565
82.2761
82.6931
82.9791
83.119
81.2655
80.7671
81.1661
81.3394
82.2975
82.1397
81.7338
81.1759
82.9189
82.0706
81.3656
83.0434
83.4679
83.4629
82.4083
83.1945
83.1952
83.0277
81.0632
81.3405
80.6911
82.0893
80.4635
80.4407
82.632
81.8285
82.123
81.0155
82.3545
79.9782
78.0523
79.103
78.6068
78.0117
77.0787
77.6943
78.1758
78.3342
77.5215
77.463
76.1656
75.7513
76.5905
76.1261
76.7708
76.0998
75.5083
74.6866
75.6823
76.3471
76.7307
75.6987
73.5578
72.9796
73.0347
73.4589
73.5647
75.2794
73.4336
74.1746
72.4612
71.2424
70.7399
71.744
72.3629
71.9471
72.1795
71.0913
70.5223
70.0362
71.1719
72.2044
70.3498
71.9998
70.933
70.0312
71.377
71.2544
71.2162
71.5167
70.4227
70.6616
72.5066
72.7938
72.2882
73.9493
75.9884
76.7155
76.6055
75.3145
74.4774
74.564
73.7958
74.7468
75.4315
73.508
74.4635
73.3324
73.9566
73.9076
75.2897
75.2017
75.0602
75.8325
78.1449
78.4216
79.4254
80.2493
79.5517
80.7583
79.7347
78.8113
79.7501
80.7213
79.3272
79.611
80.6983
80.8393
79.6415
79.069
80.3811
78.7758
79.6521
78.9982
79.0279
78.7695
79.4336
78.25
78.6757
78.391
78.8236
79.925
81.4415
81.6842
83.1732
81.8678
82.5204
81.0608
81.1815
82.0167
81.9282
80.8353
80.7725
79.8627
79.1696
81.0316
81.1776
80.5016
80.0982
79.4973
81.5935
79.8899
80.2185
79.1445
78.056
78.2671
78.8362
79.5725
80.6905
80.5042
80.6543
82.5492
84.5051
84.2109
84.025
80.5078
82.2356
82.9625
83.4268
84.4875
85.5027
86.0969
86.6044
87.821
85.5267
85.6087
86.3682
85.3661
87.6371
87.5222
88.303
88.7111
86.8806
88.3776
87.0486
87.4035
87.2399
86.73
87.2074
84.7909
84.0101
85.8829
85.413
84.9452
85.6931
88.2492
88.8753
90.3285
88.6481
89.1075
88.0855
87.4066
87.7477
86.3415
86.5372
85.1099
85.2836
84.7104
84.0029
84.7905
86.3967
86.1267
88.0144
88.3716
88.6718
88.8831
88.4906
88.8914
89.2933
89.353
90.5445
89.9199
89.7485
89.7399
91.3621
89.0455
89.519
88.7783
89.3989
89.257
87.9429
85.7358
86.3421
87.1791
89.1169
90.6022
89.2329
88.0634
87.9601
89.949
89.1967
87.1933
88.4699
88.8892
91.4038
92.4137
93.0338
92.7191
92.764
92.8175
93.2227
91.8348
92.0588
93.2914
92.4828
93.8293
95.2902
95.4805
95.8039
96.5087
94.8865
95.2253
95.4894
95.1303
94.7036
95.7808
95.6472
96.2272
97.1616
94.9304
95.8879
93.2551
93.3357
94.2822
94.2871
96.0939
96.419
95.6234
96.3434
94.1611
96.625
97.2573
96.4642
95.9033
96.0271
96.7248
96.2583
95.5189
95.6324
94.7557
93.0972
92.0721
92.8844
93.8186
92.9748
91.9844
91.7778
93.915
93.4452
95.8469
95.9808
96.0625
97.1552
96.5853
96.482
96.7173
96.1148
96.7118
95.21
96.6986
96.8368
99.1298
100.397
99.8281
99.4794
100.85
101.086
102.317
101.58
102.143
100.366
99.3171
99.8357
100.432
101.395
100.214
100.594
101.505
101.808
101.427
102.786
104.861
105.92
103.37
103.203
99.4126
99.5256
98.9767
99.6884
98.9879
99.1641
101.78
101.929
103.031
102.511
101.293
100.683
103.08
102.886
102.906
101.678
102.008
101.817
102.104
103.472
102.424
101.11
101.239
101.441
102.409
101.35
101.596
100.447
99.898
98.8081
99.7031
98.8121
97.8437
98.0694
98.7796
100.985
100.496
