99.546
98.6208
95.2807
94.1465
95.0615
95.0696
93.9913
94.5267
94.1381
95.0117
96.3079
93.1559
92.1351
93.2119
90.7835
89.1909
90.092
90.2279
91.4406
91.5744
93.179
92.4897
93.882
93.8521
94.1048
93.218
90.8485
89.1688
88.0725
88.1494
87.2928
88.4802
89.2692
89.5159
88.4527
88.8929
88.7838
89.3275
87.7699
87.8038
87.8874
86.2918
84.951
86.0595
84.801
84.6774
83.8181
82.9202
82.1507
81.2674
83.2389
83.8573
83.1636
84.4718
84.8126
84.3257
85.5287
86.2418
87.4893
85.7818
85.5695
84.4265
85.4509
85.6795
86.3244
89.282
89.624
88.3835
89.1687
89.0028
89.931
86.4221
87.9266
88.5874
88.2967
89.5058
89.2137
88.9661
89.369
88.6055
87.6429
88.676
89.4176
88.034
88.784
87.9091
87.3786
88.3924
87.6213
88.2379
89.6652
88.4712
90.6406
90.986
92.6451
91.1938
91.9479
93.8489
93.0786
91.5061
91.072
88.619
88.4881
88.6803
90.9655
92.275
93.3359
94.8657
95.9591
97.5381
96.7807
96.9918
98.7849
98.3618
97.8386
97.1729
99.6478
96.9674
98.2152
97.2155
97.485
97.1557
97.3112
95.6062
93.6437
95.6018
93.7314
93.8857
93.9697
95.4226
95.5844
93.5533
94.5174
96.0483
95.5817
94.7941
93.264
95.6353
94.6862
95.1702
91.9064
90.9735
91.9385
91.4241
90.8917
90.2045
90.6169
90.4172
90.3388
89.7522
87.1135
87.5093
87.4006
88.2103
90.1849
90.8645
90.4042
90.6322
91.2095
89.5973
90.5071
91.6659
89.6644
89.7652
89.9318
90.9628
91.2421
93.217
93.7106
92.5362
89.8943
90.1996
90.2836
90.2334
90.0429
90.3999
88.5833
89.7607
89.4042
89.4946
88.809
87.249
88.3327
87.5136
88.2346
87.363
87.2234
86.6586
87.4654
88.2578
87.6645
89.1931
89.6157
89.9277
89.7345
90.4057
89.8912
89.2307
89.646
90.2538
89.8282
90.9111
90.5393
89.9356
91.2274
90.9161
91.6999
92.4286
94.5044
94.7726
95.3569
93.9809
93.4981
94.1405
93.8339
95.1255
94.5322
91.7185
92.0028
91.5848
92.4156
92.4415
90.3662
91.2138
91.2635
90.9256
92.9851
93.7533
94.034
94.9299
93.952
92.8644
92.7356
93.9177
96.3444
97.977
97.786
96.4238
96.1638
95.4913
95.1604
92.5959
93.5123
93.4894
93.9758
93.4617
93.0212
91.3899
91.6101
91.0671
94.8559
94.0916
91.6845
93.2744
94.7551
96.4605
96.5833
97.9719
97.0428
95.7652
94.7233
95.5774
94.4834
95.3492
93.5666
94.3159
93.6893
93.6535
93.4481
95.0431
94.7224
95.0279
93.1088
91.3744
91.6654
92.1998
90.5683
89.0278
88.1738
89.319
89.1539
88.2691
89.1885
89.2509
89.6738
89.8327
89.6925
90.1919
89.8829
91.0213
91.7537
91.066
91.6151
93.6598
94.698
94.6128
95.6262
95.438
95.5223
97.7034
96.8642
97.8971
97.1266
98.785
98.1402
97.5683
97.0166
94.9519
92.8332
93.0804
92.4699
94.0977
91.5723
92.0468
93.2582
93.4828
92.9559
93.3402
94.0841
94.5384
95.8513
97.6974
98.5076
99.4919
101.227
100.821
100.526
100.69
102.27
101.453
101.293
98.5036
98.9313
99.1018
99.6283
99.6133
99.172
100.278
98.7477
97.9416
99.3502
98.1808
98.8853
98.4034
98.8107
101.211
100.989
97.2816
96.5382
97.6465
97.3007
99.075
98.8334
98.1058
100.525
102.079
103.832
104.185
105.285
105.6
105.652
106.955
104.667
103.005
102.377
100.689
99.4079
98.0117
97.3322
98.8696
96.6135
95.1996
95.6696
94.214
93.079
93.3104
93.478
93.1342
94.0561
92.4258
91.7576
92.0412
89.6911
91.0949
92.7776
94.0516
94.682
94.2696
94.5339
92.7678
94.004
92.8152
90.6526
89.4762
89.4125
91.2566
92.5927
92.5974
93.6543
95.114
93.3866
95.4382
95.7519
97.521
97.2044
96.2607
94.9275
95.1731
94.1275
95.0907
95.7147
97.482
99.8812
98.6187
100.612
99.9262
99.6669
100.342
100.268
103.461
101.623
100.428
99.7061
101.034
100.433
97.6054
97.9693
97.2167
97.0972
95.8158
95.5299
97.6081
97.7249
98.1855
98.0782
98.1379
98.7676
98.8892
100.91
101.611
101.047
101.335
99.6479
99.3155
99.6724
99.5537
100.304
100.93
100.645
101.391
100.184
101.553
100.532
101.738
101.174
99.454
101.19
104.076
104.197
103.293
102.519
102.795
103.171
104.498
105.608
107.456
105.44
108.361
109.033
107.903
111.243
112.016
112.723
112.255
113.272
111.566
112.831
111.551
110.876
109.079
109.563
108.277
107.995
109.235
109.631
110.538
110.68
107.771
106.221
105.44
103.502
103.767
104.194
105.877
107.402
107.009
107.735
109.036
109.66
108.231
106.419
106.169
104.868
102.888
104.104
106.019
106.689
104.777
103.385
104.661
105.387
105.811
103.392
104.669
105.913
106.544
106.835
107.655
105.749
105.412
107.194
102.796
101.639
98.9901
99.4803
99.4721
102.873
103.211
102.868
100.909
98.4041
98.2243
98.6592
98.274
100.62
100.128
98.357
99.0264
98.323
99.1098
98.9033
99.3093
98.8794
96.3985
95.9255
94.3769
95.6202
96.0431
94.0926
94.4363
95.049
94.2604
94.6263
94.9612
93.3703
91.283
91.1163
92.0016
92.1842
91.5282
92.9316
93.2275
94.7514
94.634
93.9436
94.0323
92.1031
92.8533
93.9994
93.4069
93.5207
92.7572
92.5057
93.0941
93.0852
94.0307
94.4469
93.5836
91.4624
91.8471
91.9912
91.6451
92.7971
92.7387
92.4288
90.977
90.6978
88.8695
89.8229
89.9735
90.0016
91.5076
91.8406
92.0657
92.7419
91.0396
91.8913
92.2212
91.4768
91.3705
