101.656
100.692
100.945
99.4186
99.3163
99.2085
97.2035
96.2083
94.8213
97.0192
97.4528
96.4823
94.3984
92.8807
91.5488
90.8196
90.417
89.7667
89.9126
91.8538
91.8789
93.7173
94.7792
96.797
96.7963
97.4071
97.4612
97.2854
100.038
99.3369
101.045
98.8011
97.3316
99.6527
102.185
101.85
99.8436
99.0591
98.1621
98.4943
97.972
99.0289
99.4682
101.46
101.139
101.915
100.694
102.583
99.6771
100.316
100.549
99.9157
100.492
99.1106
98.0094
98.0358
96.7551
96.6751
96.9811
98.2743
98.3946
98.3079
98.9682
99.6737
100.257
98.5957
98.1401
97.1127
96.1257
96.8046
98.5769
98.9139
98.1132
98.0142
99.8025
100.986
100.42
100.952
99.1095
101.833
100.316
101.877
101.896
101.543
101.57
102.416
102.343
102.902
99.8195
99.0452
98.7226
97.2236
97.798
99.6262
98.6694
98.2617
98.4697
97.0224
95.7297
93.8132
94.3933
93.2512
91.8402
91.8293
93.7959
93.2578
93.4793
92.7196
91.9517
90.8646
88.5308
88.819
89.4785
92.2044
92.7028
93.5838
90.8912
91.0879
91.6689
92.5978
92.5711
92.7934
93.7323
92.0186
93.0186
93.4896
92.6458
92.183
92.4043
93.8238
94.6581
94.091
95.0457
93.5401
92.8181
93.3261
90.9177
91.5753
90.5452
88.6213
91.9416
92.6427
92.5897
93.315
94.9555
95.262
94.4558
94.5765
93.8694
91.539
91.7757
91.6587
91.391
93.0588
92.6568
91.553
90.3784
91.128
91.8637
92.5031
93.0773
92.2639
91.0236
90.6686
92.3548
93.6276
94.3099
95.4743
95.9713
95.7232
97.2992
97.3154
95.3477
96.5004
96.1419
97.1875
95.9739
96.1521
94.0954
93.8904
94.8028
94.3823
92.9233
93.8498
94.1969
95.7355
97.0488
97.795
97.826
99.6789
98.8743
99.7035
98.5402
100.302
101.033
102.835
101.118
101.503
100.986
102.204
104.576
104.628
106.01
105.204
103.576
100.664
102.45
100.376
99.944
100.794
103.1
103.247
103.112
104.895
103.577
104.334
105.348
104.382
107.247
108.874
111.241
111.359
112.911
113.194
112.952
112.249
113.328
111.658
110.293
109.474
109.613
109.496
108.985
113.412
114.95
115.566
115.733
113.971
114.744
113.052
112.492
112.477
109.936
109.613
108.715
109.438
107.961
107.608
106.411
107.595
105.626
103.786
104.705
104.503
104.859
104.03
103.593
101.803
103.079
101.767
102.447
102.363
102.229
100.817
100.915
101.438
101.374
103.647
102.801
101.081
101.593
103.621
103.42
103.524
103.83
103.195
101.983
101.882
103.75
104.776
104.618
102.952
103.384
102.682
103.071
99.3548
98.9084
99.0335
98.0424
97.1626
99.7768
97.3173
99.3603
100.529
101.89
99.0549
97.7287
95.4597
94.5595
93.2433
94.0283
94.1157
94.3884
94.4448
95.1088
94.4339
94.0037
94.9594
96.0306
95.8477
94.3425
93.6711
93.5013
91.5392
91.4936
91.9373
91.3428
90.2891
90.0458
91.4665
91.0457
91.0622
90.9235
91.1988
93.0506
92.4182
91.4777
93.3007
94.1229
93.6332
93.8831
94.5052
94.703
94.5042
95.9484
94.6899
95.029
96.7142
97.2096
96.1429
96.23
95.3394
94.4574
94.5118
96.057
95.7565
93.2322
93.1215
92.326
90.7522
90.9346
89.7939
90.4763
90.63
90.8577
91.3796
91.7005
91.6307
92.3908
94.7664
94.9395
94.0212
93.0033
92.7381
91.9106
91.5305
91.4456
90.5296
90.7575
91.3002
91.8389
90.327
88.806
89.824
90.9352
91.0297
89.1479
90.0555
92.1892
92.7093
93.314
90.5091
89.1844
88.3115
88.7533
88.4615
88.4667
89.5541
90.8498
89.9955
88.8433
89.5841
88.237
88.4282
89.9889
87.9508
86.6845
85.9766
86.0256
87.8075
86.9629
87.3007
85.5739
85.9227
86.1636
86.4708
87.2244
85.9984
86.5948
86.5649
88.9451
87.5716
86.9223
87.6129
87.1943
87.4721
89.8992
89.845
92.9985
93.9607
93.4565
95.3121
95.1261
96.3038
95.3746
95.738
94.279
93.169
93.318
94.0027
94.2463
95.2798
95.0884
95.5612
96.1449
96.0451
97.7469
99.8301
101.548
100.369
100.568
98.6115
99.7802
96.7865
98.531
98.959
99.2821
96.7612
98.398
96.5242
94.8579
93.6663
92.9069
89.9828
90.5846
89.7899
89.095
87.8195
87.5241
90.1413
90.8189
91.6369
92.6348
93.1578
94.2084
94.1911
92.879
90.0894
88.4823
87.7037
87.5526
89.417
89.3411
89.7786
90.4484
89.5269
89.4998
90.3097
92.5613
92.7858
93.9506
95.2923
95.1791
97.014
96.1885
96.485
97.9534
98.573
99.1152
101.862
99.5958
98.6154
100.796
101.56
102.687
102.615
100.936
101.121
101.677
103.234
103.54
103.415
102.304
102.712
105.062
103.653
100.905
98.96
97.4963
100.513
100.031
99.7463
97.9201
98.9147
98.8473
100.02
99.8515
99.7809
98.3328
96.3338
94.5418
94.9099
95.3211
96.8933
97.0959
96.7281
96.3522
97.8182
100.063
99.1254
99.0017
100.22
100.05
101.219
101.228
99.8086
99.4308
98.2029
96.6171
93.912
91.2954
91.4407
90.1752
90.136
88.9873
88.6174
88.2549
88.9139
88.8369
87.639
87.5914
89.9192
88.2706
87.8509
87.8772
88.4091
87.0235
86.9566
87.5964
88.6382
87.355
88.4315
88.1874
89.8398
91.8689
91.2516
90.4269
91.9867
90.7901
89.5845
87.9589
87.7604
88.6137
89.1731
88.2523
87.3534
86.5332
88.6208
90.1362
88.9311
86.9586
87.5537
87.9846
89.4958
89.8983
89.9385
91.4511
91.1573
90.7753
90.6926
90.9395
91.7614
91.2955
93.0514
95.4212
96.7467
97.1009
98.824
99.6986
101.008
