101.502
104.376
104.646
106.031
105.366
104.713
103.805
104.979
105.804
105.786
106.476
104.967
104.593
102.294
102.034
100.954
101.224
100.909
99.5714
97.298
95.3901
94.8094
93.8486
94.3982
94.6708
92.9889
92.8434
93.3066
93.8828
93.3907
91.821
92.9835
94.3019
96.2113
96.0662
95.8782
96.3159
95.03
94.2985
94.6205
95.5666
94.3686
94.5978
95.7432
96.0456
95.9989
96.8138
96.6944
98.8357
100.092
98.9296
98.962
99.6272
97.6576
96.7997
97.7204
96.7663
95.0579
93.8095
95.1153
94.7237
93.5228
92.2835
93.0917
93.1485
91.4703
90.972
91.8782
91.1339
90.9061
91.3044
93.3412
94.657
94.2381
93.395
94.2421
94.6064
93.2269
92.1107
93.0524
92.9569
92.1104
93.4622
94.0542
94.1489
96.3352
95.4499
96.2341
97.3109
96.9567
97.1452
95.5722
94.8316
95.896
95.3564
95.6944
96.5928
96.4459
97.4704
95.3007
94.7719
95.5302
93.4116
93.5714
92.067
93.1709
95.0171
94.9503
93.4495
91.2096
91.9578
91.428
89.9089
88.8333
89.5793
91.5558
90.2552
91.769
90.4234
89.193
89.8351
90.7243
91.7141
90.2425
91.6964
91.3491
90.1484
89.6359
91.2515
91.8324
92.7215
93.2774
93.8208
92.7382
93.8475
93.4138
95.0901
95.9947
97.6666
98.499
97.5319
96.778
97.3197
98.4558
98.485
98.4028
95.173
95.9972
94.4641
93.5394
93.8236
94.6711
95.441
95.1532
95.4567
95.1022
94.8861
94.9406
94.6939
93.7361
94.3998
95.1721
95.6062
96.4994
92.6782
92.6458
92.412
91.1755
91.6579
92.3506
92.5764
91.7495
91.2204
92.4802
93.2405
93.3204
93.3182
94.0601
95.1923
95.019
95.2692
93.121
95.0835
96.0257
94.4217
93.8797
93.106
92.4975
92.5617
89.6308
89.7742
89.1624
91.6922
92.1323
91.0742
91.7712
91.9566
90.1127
91.9632
92.8065
92.8798
94.0004
93.9946
91.2241
93.8069
92.5849
93.0971
91.9308
92.2335
91.3313
90.6196
89.5101
89.562
90.2685
90.3349
88.7824
89.9718
89.9994
90.12
90.2463
90.9114
90.8879
90.163
90.6543
88.3074
88.5896
89.079
88.8823
89.0384
89.3098
89.3164
89.5251
90.123
91.3014
90.7291
88.8221
88.2676
88.3068
88.6906
88.5028
88.8508
87.2452
88.405
88.397
90.1239
88.8642
88.0977
88.4508
89.5002
88.7921
88.1031
90.2205
89.4475
89.0406
87.9574
88.743
88.3092
88.5118
88.184
87.4894
87.4187
85.5351
84.5035
85.197
84.9456
85.4475
87.3705
86.3781
85.1592
84.2029
84.8765
85.6745
84.1768
86.2553
85.7846
85.3669
85.9248
83.4851
85.2594
86.995
85.8524
85.5856
85.9014
86.4807
85.0126
85.8176
86.4093
88.2975
89.6164
90.6736
91.0071
92.2058
91.8502
92.9143
92.583
93.1093
92.5069
92.1292
90.2899
90.0486
90.6059
90.1093
90.0662
90.175
92.771
92.7717
91.8704
91.3436
91.2069
89.9568
89.8892
89.5869
88.9176
90.0865
89.5721
90.2367
88.8706
89.7067
91.4266
92.815
94.5588
95.2392
95.1747
95.3901
94.0315
94.1335
93.1439
92.9646
93.1928
93.1609
93.0421
92.1016
90.6016
88.3195
87.3822
87.6096
88.1509
89.4598
90.9842
91.7318
89.7601
90.3064
88.0192
87.6411
86.6745
87.0197
87.3683
87.0251
87.1528
88.8245
90.0035
91.9498
95.1364
96.649
97.5504
98.1206
100.023
99.2938
99.847
100.372
99.8627
99.6928
101.92
100.449
100.525
101.584
102.112
104.245
103.348
101.674
101.816
102.289
100.403
101.203
103.062
101.698
103.002
102.597
101.825
99.0838
98.5729
97.8064
96.696
96.2758
95.1026
95.3365
96.9086
95.2482
94.2725
92.0688
92.6783
94.4509
94.7166
96.8346
99.0938
98.0809
96.4476
94.6548
94.0593
93.0894
93.4892
92.9079
91.8563
90.9893
90.437
90.1423
91.185
89.1321
86.7246
85.2387
85.5261
86.9686
85.6452
85.5465
84.5735
85.8618
85.4049
87.4673
85.8422
87.0041
86.8339
86.4833
85.924
85.8673
85.6402
87.4419
87.6954
86.703
87.146
86.2071
87.3734
88.0028
87.2345
85.7001
86.8539
86.5436
86.6103
85.7513
87.4179
85.4251
85.613
85.75
83.3009
83.1227
82.6965
81.7376
80.8174
81.231
81.404
83.0257
83.5728
83.6236
83.0782
82.3141
84.1058
85.7517
84.5832
84.6071
84.3061
85.2071
86.1795
85.2244
85.559
85.8335
85.0664
83.5781
82.8593
82.674
83.0361
84.4174
84.9036
84.8983
83.6777
84.3692
82.6615
84.6234
83.9707
83.4445
82.7894
82.5714
84.5811
84.8937
84.7547
84.3379
84.585
84.3543
85.9174
84.5289
85.9843
85.2432
83.5508
84.3992
85.4058
85.8533
86.4836
88.7701
90.5126
90.3752
92.3338
93.2063
94.7061
94.1914
93.2552
93.8629
92.847
90.788
90.8609
91.4509
92.4321
92.857
93.3914
94.6895
92.1843
92.4574
92.4435
91.7879
91.8523
91.0305
92.2422
92.7114
94.4911
96.9515
95.6343
96.2172
94.0889
94.5025
93.961
94.7687
94.7195
93.226
94.1333
94.3123
95.315
95.8795
96.8654
96.0946
97.1299
98.4682
99.4212
98.3105
97.0388
96.9341
96.4833
98.2416
98.0832
99.2769
98.1671
98.1858
99.137
98.7447
97.4275
97.4157
97.0279
96.9597
99.3884
98.3415
97.9897
98.4236
98.9041
98.7325
98.6326
97.0943
97.3662
96.7091
96.9185
97.0166
96.9073
96.7649
97.9708
99.6137
98.497
97.3431
96.9014
96.7912
99.371
97.9177
96.8053
95.969
96.8926
95.4228
94.2774
94.3827
93.4527
94.0673
93.493
93.6842
93.1852
93.7839
95.3763
94.3543
95.844
96.6277
97.5691
97.4217
97.9197
99.4742
100.825
99.3317
101.316
101.652
