100.618
97.6813
97.1821
97.2877
96.9587
95.8177
93.6831
91.7297
92.7185
91.8091
92.7266
94.1217
93.7335
95.151
95.1643
95.1379
94.383
94.3507
94.8761
94.3118
94.5283
93.9192
94.1053
91.9261
90.8685
90.1788
90.4526
90.5246
91.0641
90.9637
91.5069
90.0397
90.1286
89.7831
89.2629
89.1614
87.9599
89.1488
88.6267
89.0095
89.4194
90.1942
90.9506
91.2198
92.899
91.1066
90.1741
93.9307
94.9795
94.0607
92.6991
93.0296
93.1517
93.7193
94.6009
94.3293
93.7895
93.8883
94.0208
93.6127
92.4701
91.1005
91.0741
89.1334
88.0133
86.7406
85.2958
86.9572
86.4947
84.4263
82.5377
82.7936
82.4581
82.008
81.1666
81.782
81.3507
80.2879
80.1516
80.2527
79.6111
80.3864
81.5267
80.8266
80.8087
80.623
79.4856
77.8594
76.0875
76.1013
76.6354
77.1218
77.1005
77.2447
77.6176
76.4929
73.9246
74.0148
74.4533
74.9024
74.6357
73.5597
73.9659
72.4207
71.9448
70.9594
71.9855
71.24
71.0396
69.1477
68.3204
68.1305
67.8648
67.2258
67.486
67.1854
65.8117
65.6072
64.3461
64.854
66.3055
65.4943
64.5681
62.6649
63.5665
62.2267
61.0472
60.8071
60.5508
60.7375
61.1891
61.7466
62.7063
62.4828
61.3128
61.0386
60.7337
61.2988
60.695
61.3307
59.6441
59.4521
60.0632
61.3323
62.318
62.3045
61.568
62.2622
62.1329
60.8495
59.7779
60.2001
60.0456
60.9152
60.3985
59.2301
58.7319
59.8548
59.8245
59.7177
57.7934
57.3269
56.6062
56.6887
57.9263
57.4074
58.0397
58.2239
58.2612
57.3832
56.1933
56.2835
55.1112
55.7698
57.947
57.8159
57.1743
57.1151
57.5997
57.9405
57.0801
57.0594
55.7369
55.1147
55.8384
56.0058
56.24
56.7372
57.612
57.1753
56.8096
56.8477
56.6703
56.624
55.8326
55.0722
55.4064
55.45
55.1152
55.7461
55.3171
55.0582
54.9726
54.9439
54.7904
54.8068
56.4583
55.8806
55.6685
53.7024
53.7254
55.4649
55.2531
53.9881
53.9864
54.4024
54.2187
53.9734
54.595
54.4819
55.3978
55.8621
55.9169
55.8186
55.391
56.0404
55.8025
55.8453
56.4595
56.7252
56.8032
58.2553
57.7873
58.1424
57.776
57.208
57.3882
57.7257
56.9498
58.1135
58.215
58.0899
57.5479
57.2057
58.0444
58.1838
57.4451
57.0968
57.2187
56.4749
56.297
56.9249
57.3443
56.2281
56.2424
55.6438
55.5482
55.2201
55.9565
55.6415
55.3145
55.217
55.904
55.8037
55.3289
55.2613
56.2772
55.6352
55.814
56.8274
56.5552
56.6123
56.7864
54.9292
54.6164
55.7626
55.4389
55.4107
55.5593
54.9604
54.87
54.6341
54.5248
55.2873
53.4987
54.2811
55.1157
54.5788
53.7033
53.8621
53.6123
53.2742
53.7235
53.2135
52.7952
53.0257
53.7891
52.7321
54.1569
54.0659
54.4207
52.9897
52.0919
52.339
53.0521
53.2243
54.1935
54.6699
54.7122
55.2985
54.9798
55.0223
54.88
55.0099
55.26
55.9591
57.1892
56.9519
57.1059
57.0829
57.0412
58.3358
57.181
57.8567
58.5231
58.619
58.7508
59.2719
57.5448
56.8023
57.2575
57.5563
58.6739
58.6787
58.9288
59.1169
59.0699
60.1318
59.9796
60.5521
60.3212
62.0918
61.6422
60.9521
60.813
62.2366
63.0031
62.4368
61.9774
62.6826
63.3301
63.5621
64.0757
63.4578
62.6724
62.1631
62.4669
62.245
62.7968
64.2651
65.0277
63.7512
63.186
63.4007
64.1234
63.603
63.3902
64.2742
63.5952
63.4765
61.4918
60.1708
59.4583
59.1599
58.1102
58.8275
58.8513
58.5426
59.1737
58.1792
57.7394
58.2519
57.8369
56.637
55.9706
55.9283
54.5446
54.0827
53.2908
54.8822
53.1461
52.8378
52.7354
52.6323
52.1454
52.1724
52.4809
53.3312
53.0059
52.6972
53.2494
53.7827
53.8885
54.1579
54.1272
55.607
54.3102
54.442
55.0582
55.2135
55.4865
55.482
57.0541
56.7172
58.5246
58.9465
59.456
59.9149
59.1363
59.04
59.8692
60.7623
60.5491
60.8977
61.0332
60.4464
63.0012
63.4248
64.1214
64.3579
63.0299
63.1777
63.3814
62.4623
63.1579
62.9266
62.9784
63.1166
63.01
64.1315
63.6894
62.7621
62.7532
61.3125
59.3911
59.0301
59.731
60.5478
61.3607
60.7598
60.3299
60.7053
60.4386
60.8451
60.3186
60.154
59.5251
60.1191
60.2411
59.8727
59.601
60.3482
62.1527
61.8819
62.0543
62.7591
61.9839
61.6591
61.488
62.151
63.2405
64.0352
63.0625
62.2795
62.3924
62.2117
62.2927
62.0825
61.4977
62.0498
63.0291
65.4757
66.3713
67.0637
68.3684
67.5923
68.7813
68.7225
69.8122
70.0121
71.2131
71.5951
69.9875
69.9374
69.4734
71.0694
71.9109
73.2316
72.8579
74.0748
73.6574
73.3683
73.8338
74.9142
74.9379
74.3473
76.0096
75.5807
77.403
77.2386
77.3125
77.5024
76.089
74.8956
74.1583
73.9065
74.5998
75.4201
75.1758
73.596
73.3
73.6785
74.1486
71.9084
72.0929
72.016
71.2344
70.6167
69.7244
70.9231
70.8896
71.5045
72.0494
70.2747
71.0421
70.841
69.6244
69.522
70.4504
70.7403
71.7924
71.3899
71.1761
72.0755
71.3818
71.1494
70.9539
71.8882
72.1318
71.0614
71.4771
71.3192
73.8912
74.8305
73.5925
72.5583
72.5518
72.6977
72.4628
72.4289
71.4284
71.3578
72.244
71.4073
72.9271
72.7842
72.0904
71.5962
71.5501
70.4132
72.108
72.5519
72.6112
73.7208
73.444
73.9735
74.9179
75.4636
75.7461
75.9806
76.9847
77.1034
77.8953
77.6609
77.7683
78.2077
78.8463
77.9903
77.9897
77.2364
77.6821
78.8081
77.7205
78.7173
79.4573
79.4016
78.7942
77.8279
77.7091
76.8779
