99.3802
97.2251
97.3439
97.5916
99.1406
98.5387
98.088
98.3023
97.989
100.72
102.258
103.796
102.909
103.572
103.414
105.513
106.209
105.146
103.744
101.565
101.202
99.9705
101.426
101.889
101.869
101.328
98.1434
98.6442
98.0935
100.299
100.678
100.609
100.486
100.924
101.254
102.093
101.998
99.3413
98.5201
98.8606
99.2403
98.5535
95.9436
96.503
97.658
96.6958
97.8077
97.5994
98.8758
98.4363
98.5762
100.183
98.9325
98.4644
96.8605
98.5518
98.1573
96.3751
97.3168
97.3002
97.9064
99.3098
101.504
101.054
100.848
100.039
99.2439
99.2998
99.5019
99.967
101.03
99.5815
99.6977
99.4941
97.5774
97.4913
98.2504
99.0477
97.3965
97.1843
96.4455
96.7848
99.1212
98.0093
95.7604
96.1891
96.8356
96.9103
97.5517
98.5042
100.344
100.763
102.043
101.139
103.273
104.888
106.057
107.998
109.834
109.926
111.385
111.743
111.632
113.304
113.933
116.307
116.859
115.618
116.028
117.651
116.986
116.269
115.893
116.11
116.39
118.539
118.92
117.959
118.227
117.945
116.438
117.34
117.316
116.982
115.792
115.528
114.679
117.022
118.09
118.678
119.506
122.231
122.396
123.624
125.253
126.271
126.979
129.015
130.041
131.054
128.908
130.045
128.833
128.855
128.889
130.285
129.996
129.871
131.229
130.864
130.722
129.382
130.854
133.045
134.122
133.172
135.316
134.919
131.96
132.921
133.951
134.325
134.015
133.083
134.487
137
136.995
136.598
134.799
134.801
133.931
132.603
131.957
129.107
127.331
125.904
125.491
124.827
125.814
126.518
124.804
126.487
127.436
128.067
126.527
127.235
125.1
124.358
127.408
126.258
128.296
131.298
132.256
130.863
132.276
129.756
131.1
131.319
133.665
134.419
130.666
127.927
129.017
131.529
131.409
126.73
126.549
126.299
130.314
129.609
128.699
127.101
129.409
128.539
128.574
128.792
130.256
128.017
125.899
126.238
126.203
125.183
126.314
123.169
123.604
121.999
121.375
121.145
124.328
126.907
125.871
125.243
124.321
123.811
125.019
124.242
125.608
124.401
124.048
124.094
123.511
121.472
120.296
120.082
122.123
122.337
122.87
122.621
122.022
120.139
121.387
120.159
117.592
119.095
118.636
119.261
118.391
117.977
118.47
117.85
115.441
116.106
114.306
114.722
113.645
115.179
115.914
116.023
115.154
118.371
117.584
115.005
116.244
114.186
113.585
110.653
111.303
112.921
114.257
113.623
113.853
115.175
113.943
113.251
112.702
111.842
109.784
109.91
112.594
111.558
111.021
111.073
112.838
114.139
111.477
110.267
111.593
111.81
110.826
110.174
108.463
107.444
107.646
107.346
108.024
108.889
109.473
110.365
110.059
108.147
106.812
105.718
106.599
108.902
108.95
110.374
109.655
107.057
108.364
107.063
106.483
107.434
106.865
106.905
105.363
105.007
104.531
103.394
103.425
105.198
104.968
104.539
106.339
106.069
106.716
107.248
108.971
109.94
111.08
108.593
110.667
109.519
109.842
111.641
112.803
113.18
113.287
112.783
112.893
112.503
111.384
109.706
110.427
108.085
110.793
110.938
110.842
112.45
114.566
115.021
114.764
113.918
113.82
113.494
114.497
115.221
115.489
114.704
113.506
113.431
111.899
114.008
112.982
114.486
113.984
114.27
114.216
113.458
111.488
110.722
111.952
110.352
112.504
112.342
111.468
110.161
109.182
109.402
108.434
106.809
106.8
107.696
109.325
108.74
108.777
109.344
110.424
111.991
114.404
114.398
113.753
114.123
112.163
108.893
106.321
106.54
104.703
105.391
106.529
105.658
104.069
103.923
103.953
105.597
104.233
104.308
106.19
104.649
107.209
107.87
108.939
109.19
108.625
110.076
109.562
108.135
110.668
110.977
111.711
111.841
110.427
107.633
106.136
105.944
106.447
107.692
108.57
109.855
110.767
110.037
111.706
114.409
114.811
113.544
115.991
117.382
116.95
115.803
115.858
114.648
115.099
114.072
114.746
116.186
117.434
117.88
118.759
120.182
120.87
121.646
123.709
122.45
120.72
121.497
120.474
120.225
120.878
122.092
120.593
120.988
121.119
121.298
120.658
118.83
118.349
118.129
117.764
116.673
114.963
117.686
119.058
119.823
117.012
117.247
114.658
114.366
115.055
113.463
115.345
114.354
116.202
116.671
116.319
119.55
118.05
120.661
122.121
123.078
122.975
123.897
124.162
121.021
120.396
121.973
121.281
119.866
119.799
119.89
119.05
122.234
123.874
120.775
121.381
123.772
122.063
120.467
119.563
118.028
118.352
116.749
118.78
119.177
118.891
119.659
116.675
118.09
120.102
121.278
122.3
123.478
123.915
122.04
121.134
121.488
118.995
120.223
120.527
120.827
121.759
121.219
122.113
124.162
124.013
124.048
125.954
128.588
129.72
129.903
127.486
130.274
130.464
130.576
131.314
134.475
136.992
136.421
137.886
137.474
136.183
137.178
137.077
139.389
138.31
134.665
133.698
133.944
137.262
138.248
139.763
141.182
139.967
142.483
143.627
142.466
143.893
142.773
143.893
144.605
142.367
142.863
141.484
143.647
142.564
142.743
141.381
137.823
139.142
139.171
138.971
137.878
137.053
138.552
137.096
140.009
140.618
141.691
141.336
141.693
141.393
141.188
