101.174
100.44
100.786
101.405
101.297
102.81
103.85
104.201
106.851
109.084
109.827
109.502
109.066
111.93
112.073
110.72
112.637
112.903
113.048
112.901
113.235
113.21
113.206
113
114.231
116.292
119.686
119.038
118.837
118.188
118.76
119.959
120.009
120.877
120.637
119.411
120.5
121.359
119.786
121.936
122.138
120.594
117.833
118.117
120.262
118.936
119.148
119.747
118.378
119.617
119.206
117.323
115.096
114.15
112.414
110.859
107.706
108.514
108.739
109.243
110.208
108.911
107.712
106.316
105.856
106.758
105.808
102.844
102.341
103.179
102.182
103.885
104.046
104.536
107.033
107.46
110.023
107.662
108.865
108.234
106.899
106.264
104.569
104.713
105.344
106.477
103.651
105.076
104.911
105.126
103.976
105.712
105.64
103.396
103.455
102.935
101.704
101.588
101.596
101.299
99.7417
101.166
102.015
103.943
104.718
104.793
105.582
106.157
107.01
108.591
110.516
109.696
111.094
112.562
113.059
115.069
117.046
116.285
115.256
116.719
115.591
114.653
113.76
114.743
115.478
114.843
116.758
115.671
115.56
116.454
114.879
115.751
115.706
115.798
116.84
116.75
119.04
118.006
116.481
117.402
119.749
116.924
116.671
119.229
115.972
114.664
114.226
116.699
117.01
114.938
114.406
114.088
112.851
111.146
109.531
112.046
113.654
114.456
112.829
113.801
111.885
115.229
116.027
117.779
116.992
116.236
115.144
113.557
113.23
114.367
112.528
110.792
109.08
108.685
105.949
103.798
106.553
106.493
110.284
111.049
108.801
107.943
108.925
109.561
108.114
108.86
110.743
113.7
114.538
113.24
113.818
112.479
109.636
108.73
106.991
108.476
109.437
110.236
109.94
112.093
110.181
109.887
110.151
111.058
111.505
110.191
110.152
110.096
113.615
115.484
115.497
113.181
114.461
115.938
116.494
117.811
117.029
117.075
118.572
118.652
120.355
119.853
119.933
121.251
119.271
119.492
121.139
122.393
122.742
124.994
125.241
126.119
128.307
127.027
126.132
125.981
125.759
125.727
127.347
125.131
125.352
124.596
120.85
118.416
118.263
114.945
116.342
118.187
117.591
119.268
120.383
119.9
119.999
120.033
119.25
120.617
123.516
117.97
120.067
118.351
118.482
119.046
118.908
119.423
120.343
120.233
118.12
117.082
116.962
118.309
116.232
118.478
117.204
117.126
116.9
113.648
116.289
115.462
118.451
118.201
117.289
114.7
114.841
115.809
114.141
114.49
114.706
114.325
117.382
116.055
114.973
116.577
117.8
120.633
118.345
118.72
119.651
118.35
117.434
115.167
116.723
118.227
117.59
117.963
120.526
118.443
120.115
116.926
114.644
115.213
114.839
115.859
116.555
116.885
118.575
117.809
117.487
120.236
119.915
115.313
115.121
115.834
117.14
120.193
121.025
120.174
119.715
120.116
119.624
117.847
120.315
122.131
122.298
124.868
124.404
125.647
127.845
127.003
128.396
126.98
129.004
127.621
127.314
129.303
128.449
127.618
127.742
126.968
125.972
124.559
126.905
127.028
126.887
125.519
122.07
121.557
124.859
124.195
123.657
124.294
127.107
126.022
126.928
128.526
131.455
129.814
127.06
130.089
129.49
132.464
131.89
130.834
129.887
130.498
131.385
128.989
128.857
130.148
131.537
131.596
133.372
130.747
130.333
127.728
128.481
123.758
124.185
126.496
125.212
123.549
122.797
123.547
124.839
126.015
126.696
126.919
125.586
126.104
126.163
126.034
126.824
130.353
133.155
131.275
132.902
136.6
135.194
134.897
134.85
135.214
134.086
133.412
129.986
130.288
132.235
135.131
137.201
138.958
140.021
138.085
139.565
138.606
135.989
137.4
137.374
134.5
132.268
134.14
133.884
135.36
132.125
128.843
129.23
129.57
128.827
130.256
131.713
134.261
135.059
136.386
132.902
132.991
131.92
128.629
128.375
125.094
126.498
130.207
128.578
126.914
130.201
129.786
125.025
124.219
122.286
121.197
120.836
120.644
120.482
121.863
124.824
125.837
128.356
125.59
125.667
127.302
126.861
124.805
122.995
122.831
121.869
121.24
121.865
121.368
121.554
121.997
120.193
119.595
121.025
121.982
121.983
121.645
122.996
122.241
123.294
124.675
121.623
122.184
122.862
119.606
120.101
124.403
123.628
123.043
121.088
121.66
118.81
118.517
118.581
118.761
119.444
120.464
120.418
120.295
117.915
119.219
121.297
122.382
122.409
123.264
124.746
124.312
123.372
123.884
122.122
127.315
125.866
123.407
123.598
123.836
124.422
127.113
129.405
131.423
133.349
136.615
136.493
134.562
134.242
137.493
141.2
140.765
138.235
136.603
137.499
139.433
137.952
139.006
137.371
136.545
135.717
135.506
136.427
137.707
139.631
139.285
138.666
136.765
137.459
139.918
139.238
138.556
138.835
138.527
137.809
138.753
136.186
135.69
136.806
138.864
139.364
137.722
139.909
136.665
138.866
138.53
136.769
136.83
138.335
138.215
138.909
137.202
134.332
132.806
130.398
130.59
128.551
126.948
126.518
127.135
125.666
128.238
126.686
127.768
126.728
126.911
128.876
129.167
129.656
129.848
131.796
134.839
135.607
138.924
140.656
142.964
142.929
143.098
142.316
141.171
