99.0899
97.3627
96.2277
98.2393
99.2794
96.9237
95.7059
94.4322
91.79
92.2939
93.056
95.6307
95.2901
95.844
96.7537
97.1346
96.4283
93.577
94.7327
93.5059
93.1556
92.4085
92.5091
91.5511
91.2899
92.6554
91.201
92.0369
91.8876
94.3242
93.2383
92.7896
93.3553
94.1772
94.894
93.2759
95.0194
96.3755
97.9101
97.0414
95.7383
95.2287
94.1604
95.5258
95.5487
94.3706
94.0812
93.113
94.61
93.1229
93.2352
92.6179
92.5295
92.0288
90.2291
90.6039
91.4626
92.3728
93.2324
91.8417
88.6959
88.5118
86.2115
85.7099
84.9983
84.2966
84.1428
85.0093
85.6074
83.9401
81.7987
82.5548
83.9432
82.3584
82.4452
81.0389
79.9384
81.8084
82.059
83.3318
82.3458
80.9351
78.9512
78.0652
78.6278
78.3972
77.4389
77.8343
77.5618
77.9062
77.6363
77.9951
77.1704
76.9708
76.2132
76.4264
75.0589
76.4122
77.1081
76.5803
75.8199
74.3085
74.5254
74.7352
73.6965
72.7898
73.1291
72.8998
72.8979
72.4631
71.4453
71.1454
72.3916
72.4771
72.3363
71.856
70.6034
71.7371
70.5606
69.5759
70.5562
72.0274
71.7954
71.7915
71.2593
71.2788
71.0848
71.801
72.0131
71.1295
69.6326
69.5768
70.2539
69.2943
69.2154
67.9786
68.6504
69.3153
69.0093
69.2572
70.5151
70.0652
69.7983
70.8701
70.1402
70.2445
70.392
69.0473
70.493
70.6596
68.3804
69.3005
71.1064
70.1985
71.1325
71.4243
72.126
72.8113
73.4086
72.9218
73.7401
73.8225
71.975
72.9692
73.7335
74.2674
73.9895
73.9431
73.9811
72.6965
73.6925
74.4559
75.7615
76.7749
77.0556
76.5757
76.1957
78.9201
78.5914
78.9659
78.2183
80.1778
80.9602
79.9727
78.9099
79.827
79.5824
80.7443
83.1012
83.1912
85.0031
83.985
83.1043
83.0812
82.9248
81.5714
81.4724
80.5099
80.6768
78.9653
79.2349
77.3773
76.5897
76.2931
75.4235
74.7136
74.3075
73.4324
73.0146
74.4617
74.2774
73.1701
72.7799
72.709
72.3701
73.1297
72.4839
72.9376
73.0533
74.3733
74.2893
73.8107
73.4324
75.4925
76.7325
77.8113
76.738
76.3146
76.8356
77.5133
77.6289
79.3028
78.4888
78.0844
79.4814
79.4629
80.634
80.1488
79.9051
80.8515
80.2709
80.9216
80.0262
80.5471
80.8389
81.2846
80.6189
81.2738
80.7166
78.9571
79.7957
78.3346
78.1339
78.0142
79.1183
80.5577
81.5217
81.0226
80.8849
80.9776
80.9098
80.7045
80.7605
80.4331
80.9412
80.5722
80.7768
80.3556
80.7333
83.3758
84.156
84.1461
84.481
82.4987
80.759
81.4996
82.6416
82.1206
80.8443
79.5647
79.6312
79.334
78.5282
79.0199
80.0161
79.0809
79.8582
79.7582
80.2426
81.4406
79.4141
80.6843
79.2222
81.3377
80.8086
82.1748
82.6275
82.8864
81.7829
83.0325
83.8957
85.8958
84.954
84.4414
82.736
82.5374
81.6945
81.3131
82.7687
83.1995
81.3275
81.5148
79.3833
80.6383
81.4074
81.3948
80.6107
81.6134
81.2688
80.4126
81.2843
81.3459
82.2605
82.6073
79.3801
80.1212
79.939
80.0233
78.2014
77.1206
77.4196
76.6185
78.0332
78.9425
80.1084
79.5511
80.7782
79.6306
80.2442
79.4542
79.642
80.8208
81.1192
81.6855
81.558
82.1152
84.3381
86.7972
88.6122
89.2842
90.2868
89.7973
90.7422
90.7285
91.204
90.3378
90.7836
90.7847
91.363
93.0201
91.5617
91.5601
90.8548
92.4077
92.2826
91.5803
89.557
89.2647
89.7365
91.0447
92.736
94.2002
96.445
99.7425
99.959
100.333
99.635
98.9126
98.5589
99.2601
99.1224
99.2655
100.403
98.9592
98.982
100.359
102.239
103.404
102.786
101.186
102.185
103.323
102.655
99.528
100.044
99.3961
99.8973
101.412
104.083
103.22
102.457
105.216
104.163
103.62
105.283
103.901
103.092
104.54
104.922
103.137
106.631
106.544
104.835
106.494
106.473
107.545
107.397
107.636
108.196
110.287
110.083
109.374
108.385
109.261
110.617
111.01
110.607
111.493
114.141
113.623
113.848
112.238
113.966
111.76
109.977
111.029
112.33
110.831
110.837
107.583
107.527
109.285
110.1
111.668
113.491
113.982
112.846
113.407
112.961
112.788
113.407
109.931
108.226
111.127
108.642
109.723
107.593
108.651
107.724
106.836
105.743
107.421
105.431
106.077
108.56
105.356
102.634
100.945
99.8123
101.168
102.348
101.572
99.9173
100.115
97.7654
97.7018
97.3829
98.0157
97.3538
97.0193
95.9808
96.3245
98.941
97.6236
99.8884
100.667
98.7938
98.8229
99.4458
100.166
98.1478
98.2163
100.352
98.5115
98.1702
99.2476
98.4382
98.5711
99.2251
97.2168
98.0134
99.5117
100.427
101.136
102.465
103.333
104.028
104.603
107.177
105.939
105.437
105.175
103.965
101.704
103.088
103.275
102.456
102.777
105.697
107.1
107.057
107.079
109.141
109.286
107.305
109.078
107.923
107.646
108.339
108.678
110.535
112.636
111.513
112.481
116.891
115.939
115.672
117.428
117.973
117.704
117.566
118.353
114.871
115.326
118.91
122.31
123.733
122.752
121.28
120.37
119.491
121.242
121.718
121.087
118.579
119.02
118.54
118.758
120.195
120.433
121.357
120.959
122.89
120.799
123.837
125.206
125.996
128.663
130.299
129.402
129.448
128.387
126.85
125.4
126.928
126.924
126.245
126.74
125.859
125.901
125.072
120.766
121.249
120.347
120.276
121.363
123.818
121.858
121.479
123.207
122.492
121.858
118.563
118.843
118.868
117.937
116.67
117.114
117.227
114.613
