98.7104
97.2593
99.8079
101.024
100.584
102.257
101.176
101.158
102.866
102.302
104.512
105.73
105.08
105.528
107.526
106.511
105.276
108.345
109.656
111.379
112.739
113.437
114.645
113.838
114.484
111.975
110.314
110.906
111.179
111.922
112.317
111.993
113.627
112.574
112.978
113.736
114.135
112.423
109.555
110.179
111.207
112.473
111.274
112.428
113.488
111.743
112.602
114.194
116.575
117.809
119.957
119.797
119.7
118.755
119.008
118.436
118.239
116.867
114.72
114.223
114.751
116.738
115.743
116.766
117.872
115.432
114.199
113.61
113.792
115.675
115.209
115.161
114.82
117.672
116.965
115.325
114.287
114.573
113.157
114.014
116.355
118.281
116.805
119.427
119.715
118.623
120.156
118.229
119.069
118.869
117.263
115.843
117.141
117.131
115.414
117.957
115.093
114.138
115.604
115.926
115.506
118.063
117.468
117.092
115.133
113.892
112.514
113.097
113.309
113.496
112.119
110.288
109.193
110.204
109.854
110.169
108.821
110.567
112.78
113.366
111.396
112.858
111.965
111.705
113.612
113.927
113.029
113.573
114.334
114.507
115.546
113.225
113.953
111.291
108.9
107.07
106.614
105.099
104.096
104.495
105.055
106.322
106.132
107.541
110.323
107.809
109.249
111.218
111.66
113.264
113.286
115.382
114.913
114.047
112.185
111.697
111.019
110.681
108.666
110.106
109.987
110.53
110.038
109.977
108.984
109.818
111.994
113.869
112.617
111.438
110.197
109.764
106.844
107.383
107.275
107.723
106.869
106.146
107.361
107.042
104.701
105.801
107.421
108.828
107.004
107.407
108.302
108.503
108.281
107.391
105.688
104.999
108.051
106.842
105.879
106.791
106.966
105.406
105.666
103.957
104.7
105.252
105.663
102.53
102.188
101.432
101.134
102.663
101.053
102.59
104.38
104.562
101.892
100.806
102.501
102.868
104.512
105.604
107.702
105.801
107.422
107.657
108.468
108.673
107.272
107.528
107.079
106.86
105.767
107.267
107.3
108.316
108.769
109.938
107.372
109.351
107.92
108.687
109.091
107.004
105.636
103.762
102.815
101.971
97.6713
98.3368
99.1393
96.6466
96.4461
96.0938
95.774
95.1926
96.3477
95.7197
93.9154
95.6718
98.083
97.2274
96.9214
96.8351
97.4358
97.4453
95.7379
93.7593
94.8011
93.766
93.826
92.9345
93.0279
94.0799
93.1669
91.8381
90.9706
91.7652
91.6696
92.9349
93.3029
94.6491
97.2328
96.979
98.0835
96.3554
96.721
96.7009
96.7494
96.9165
97.0809
97.8042
98.6468
98.4282
98.6086
100.333
101.227
101.249
99.8156
99.7014
99.0101
99.1975
98.3416
97.8953
97.3719
99.145
101.413
104.856
102.377
103.942
102.74
101.991
101.728
100.647
101.921
100.279
100.001
99.9622
100.924
101.242
103.971
103.876
103.254
104.082
103.858
102.402
102.773
101.627
101.078
102.135
103.481
103.374
101.723
99.3756
99.9008
97.5258
98.5581
96.8819
95.3132
96.0615
97.3553
95.7762
93.8878
92.7292
91.5736
92.6632
94.0879
94.2609
95.8728
96.7526
96.692
96.3496
96.1239
95.2475
94.2004
96.6004
97.4153
98.1064
97.0942
96.9483
96.1968
97.1922
97.8716
98.3024
97.179
97.026
97.869
99.0104
99.9444
99.0544
96.9868
98.6169
98.1037
98.7445
99.5801
98.7627
96.0354
96.2039
95.0881
96.2352
96.8945
95.3068
94.8292
94.0252
95.1537
95.2346
94.5045
94.8525
96.0804
96.085
95.9803
94.4112
96.046
96.9901
97.0383
96.8489
97.3883
99.319
99.5114
97.5594
97.5971
97.5844
99.5699
97.7673
96.4185
97.0301
97.8534
99.2265
103.556
102.392
102.728
101.242
102.551
106.366
106.522
106.651
108.468
107.054
106.256
106.25
105.567
107.287
105.813
105.379
105.25
105.339
105.261
106.018
107.241
108.699
109.661
111.001
112.608
111.46
111.434
113.289
111.854
111.262
112.854
112.341
112.726
115.877
118.086
117.454
116.905
120.577
119
116.192
116.995
115.076
112.743
112.39
110.061
108.3
107.738
109.317
108.924
107.576
106.322
105.053
107.933
109.506
108.499
105.282
104.848
104.812
101.653
101.57
99.9472
101.439
101.141
102.457
101.102
100.783
99.3606
100.591
98.6878
97.1299
95.5443
97.2717
95.9359
94.4244
93.6272
91.1675
91.3424
89.0547
89.0612
91.721
92.698
93.5198
91.4942
92.7166
92.997
92.5587
92.7877
92.1498
90.9639
89.7485
90.58
89.7826
88.8811
88.5974
87.6902
87.6821
87.7762
87.8837
87.5036
88.7053
89.022
90.4853
88.8821
86.1089
87.2668
85.9765
85.8691
86.1809
86.0391
85.6183
84.9881
85.2252
86.6758
87.3139
88.1518
86.9881
87.8684
89.1207
88.4378
88.9189
88.6839
88.94
88.9883
89.7754
88.834
91.2837
90.6414
89.9594
89.4407
91.0308
90.7728
91.218
90.1821
90.6835
92.2123
93.5892
94.3405
94.3105
95.06
94.893
95.5699
93.6994
93.7842
93.6737
91.9721
91.2648
92.0562
91.5162
91.7472
89.8952
89.488
91.186
91.3751
90.8548
90.4887
89.3318
89.3878
88.8689
88.2666
87.7745
87.5104
87.7939
88.6112
88.0254
85.9432
87.1201
87.1943
85.9333
86.5492
87.0069
89.1262
87.453
85.8554
86.0358
85.9409
85.5995
86.69
87.1356
87.366
88.7792
87.7014
88.6508
90.2412
89.4666
90.2413
89.3654
90.4378
90.6014
91.5414
92.8654
92.7196
92.9581
92.9418
91.229
89.6453
88.0414
