100.475
100.26
99.5165
98.7831
99.9476
100.009
102.627
102.975
104.711
106.534
104.354
104.856
104.242
104.636
104.038
106.168
105.664
105.046
104.039
103.494
104.595
104.234
103.464
104.124
105.664
105.883
105.069
104.615
107.124
106.784
105.7
105.979
104.868
105.897
106.337
105.256
103.709
103.587
105.65
105.796
105.328
106.046
108.933
108.851
112.799
112.118
112.57
112.506
112.637
113.09
110.934
111.495
112.652
111.431
112.751
114.603
113.686
114.69
113.414
110.472
108.627
108.272
108.245
106.735
106.472
106.898
106.683
107.549
106.612
104.188
101.711
100.468
97.115
94.995
95.3234
95.749
97.9549
98.5433
98.222
99.527
97.1283
97.6249
98.6903
100.217
101.222
99.2772
99.2682
97.2061
96.8898
96.8628
94.7506
95.8532
97.2713
97.4458
96.8905
96.7483
98.4079
97.763
96.6687
96.7109
96.1358
97.1881
96.3317
95.976
95.6365
95.9214
95.8088
95.7462
96.9819
98.6087
97.304
98.7298
99.3996
100.148
99.2281
99.5526
96.836
96.2908
94.5634
94.8237
92.9989
94.4426
94.1993
95.825
94.2501
92.3475
92.4108
92.1872
93.793
94.1904
97.8078
97.732
97.2732
98.0092
99.1011
100.975
101.54
103.809
103.386
103.508
104.685
103.234
104.329
104.748
104.806
104.637
104.617
105.762
106.856
107.1
105.74
105.744
104.249
104.461
102.571
104.267
104.223
104.967
105.153
105.361
105.394
104.283
106.871
107.923
108.532
107.705
107.271
106.955
107.256
105.723
105.513
103.857
104.662
103.538
105.062
103.69
105.305
105.23
104.11
103.926
104.5
105.193
105.384
104.61
105.021
105.534
105.067
106.935
107.442
108.852
108.082
109.131
108.429
108.948
109.589
110.47
112.782
112.51
111.461
113.357
111.28
112.536
112.589
112.139
113
113.779
113.081
113.237
111.948
114.806
113.546
113.47
112.908
112.293
113.512
116.283
119.729
120.997
120.477
122.125
121.704
121.273
126.051
123.988
126.383
125.812
124.63
123.823
122.646
122.969
125.687
128.308
128.46
128.928
133.411
135.526
137.534
135.819
135.769
135.006
135.801
134.014
135.223
135.196
132.645
130.658
131.468
132.937
130.755
130.994
134.69
134.508
131.686
132.42
134.87
136.267
137.182
136.645
135.33
133.195
131.597
133.195
132.612
132.097
132.579
132.128
133.602
133.693
135.125
134.775
136.954
138.58
138.228
138.099
139.504
138.706
140.078
142.335
143.195
141.21
140.817
141.596
142.587
146.4
145.857
146.338
146.699
147.668
145.466
146.199
150.298
149.479
147.981
148.011
150.324
153.216
155.029
155.174
159.289
159.753
160.802
160.673
160.048
161.067
160.708
160.773
159.17
160.09
158.609
158.133
156.005
154.128
151.007
150.209
153.95
152.455
148.303
150.12
151.65
152.544
152.556
154.222
154.455
154.06
153.528
155.055
151.787
148.936
149.908
148.858
149.381
149.704
150.57
148.716
147.683
147.629
148.299
149.255
149.051
150.224
146.395
145.088
144.998
144.684
142.636
140.665
143.134
139.387
139.811
137.453
136.114
137.039
136.736
136.709
136.977
136.965
136.47
135.268
133.416
135.32
135.537
133.436
134.079
135.02
135.545
136.374
136.19
136.191
138.131
140.148
139.652
141.963
144.739
145.442
149.036
147.792
148.195
148.927
147.199
147.691
148.347
147.801
151.359
150.793
155.329
154.945
157.024
153.331
151.852
148.766
148.881
150.09
153.835
153.663
154.27
156.274
154.408
156.555
156.174
155.044
155.696
160.1
157.422
159.644
157.379
156.066
155.267
154.459
156.59
158.14
160.139
161.097
160.084
159.386
160.256
157.903
160.555
161.761
159.141
159.72
157.539
150.654
149.912
151.104
152.138
152.925
151.641
153.706
154.38
154.04
156.788
156.154
152.215
152.66
149.727
151.149
151.992
151.076
151.755
152.257
155.202
155.688
157.259
159.029
159.644
160.772
161.523
165.302
167.588
167.847
168.467
169.434
169.2
170.753
170.154
173.252
171.129
171.05
168.978
167.957
171.111
169.558
169.17
170.111
172.68
172.674
174.866
175.715
178.492
176.84
178.699
179.489
177.046
173.311
172.616
174.124
172.226
171.948
173.996
173.291
173.011
177.895
177.383
176.66
175.811
174.396
173.732
175.354
176.712
174.139
175.78
177.141
174.122
178.216
177.877
175.375
176.934
180.013
180.337
182.807
181.632
183.182
186.888
184.316
184.727
184.424
186.622
185.636
186.003
185.054
184.788
183.367
181.974
179.764
185.418
185.779
185.124
186.158
183.644
183.949
183.845
184.93
185.161
188.556
191.48
190.975
192.846
195.183
190.386
186.049
186.462
187.06
183.999
183.457
180.507
179.951
180.223
176.958
176.304
178.713
176.078
178.052
178.015
176.524
176.381
176.36
176.724
177.366
181.862
179.859
178.724
177.926
175.998
174.35
176.329
177.93
176.141
179.36
179.499
178.699
179.159
174.7
175.556
175.891
179.511
181.87
179.279
175.927
174.596
177.186
178.14
180.113
181.228
182.205
176.564
177.208
178.473
177.777
178.618
175.322
178.069
174.253
173.016
176.113
175.915
176.66
180.381
177.225
175.089
178.373
180.176
178.395
179.05
179.877
179.398
182.083
184.268
187.578
186.59
186.807
