100.936
100.171
100.87
101.027
101.43
99.3168
99.8166
101.211
100.537
100.308
102.095
102.622
102.178
100.758
101.018
101.185
99.3264
100.927
101.153
104.604
103.407
102.388
100.594
99.7053
99.1203
98.9201
98.0278
96.1536
93.8943
95.4167
93.8417
94.0982
96.3221
97.5574
99.722
101.251
99.0381
99.1353
98.1856
98.9162
98.8496
95.6844
96.1021
98.1288
99.7531
98.5774
102.759
103.18
104.151
104.885
105.005
104.639
102.187
100.348
99.8881
100.51
103.653
107.778
106.684
106.258
107.817
109.887
107.569
108.682
108.09
107.663
106.993
104.923
105.392
105.011
106.66
107.569
108.251
108.409
109.732
110.389
108.194
110.572
111.847
109.894
109.777
110.369
111.99
110.942
110.664
112.313
111.2
111.795
111.133
111.099
112.531
110.91
112.669
111.334
107.755
108.412
106.428
105.668
104.904
104.87
105.421
106.191
106.988
106.337
106.404
106.242
105.21
106.838
108.414
110.558
108.211
108.493
109.526
107.694
109.175
110.735
110.015
110.062
109.452
108.481
111.723
111.421
109.884
110.571
108.584
109.673
108.914
107.464
106.545
108.272
108.538
109.41
106.701
108.386
109.622
108.503
108.292
108.156
107.348
105.554
104.108
106.223
107.993
108.759
110.561
112.753
114.356
117.607
118.328
118.69
119.195
118.852
116.885
114.546
115.972
114.943
115.049
114.54
112.405
110.25
109.7
110.527
108.741
107.741
106.736
107.79
108.95
110.052
108.9
108.46
111.83
111.223
110.55
111.964
111.523
112.445
112.445
113.371
113.906
113.708
115.024
118.633
118.806
118.431
116.173
115.257
114.521
114.091
113.137
113.43
112.715
113.455
112.134
113.25
112.223
111.719
112.947
112.57
111.568
111.64
110.371
108.66
108.68
109.456
111.33
109.125
110.872
113.197
115.11
113.209
115.487
114.917
115.819
115.03
113.291
114.305
112.583
113.781
115.146
115.597
117.685
113.403
112.976
113.083
114.191
114.86
114.572
112.832
115.368
113.287
111.993
110.132
107.944
108.251
107.001
107.007
107.696
108.162
108.337
107.168
107.05
108.243
109.293
110.575
112.875
113.252
114.261
112.626
111.888
109.471
109.091
108.461
109.57
109.139
107.915
108.299
109.358
108.503
106.864
106.523
105.802
105.028
104.363
105.248
104.186
102.656
104.29
107.606
107.114
106.723
108.846
107.526
107.199
106.937
106.876
109.093
109.736
110.373
108.494
109.326
106.764
107.897
108.29
108.823
109.797
109.048
110.177
113.099
113.607
117.568
116.913
116.481
116.89
118.268
121.381
122.664
123.182
124.208
123.997
122.502
124.219
125.739
124.39
125.908
125.049
124.561
125.592
124.65
122.649
125.058
122.992
121.319
122.869
125.441
123.981
121.742
122.403
122.432
119.077
119.992
121.561
121.641
120.993
119.164
118.568
117.939
117.498
116.25
114.067
114.903
114.296
115.399
112.124
111.407
112.608
110.641
110.477
110.069
111.033
111.502
113.916
116.432
115.988
116.788
115.924
115.777
115.383
116.401
117.76
118.297
120.583
120.797
120.55
120.865
123.052
121.651
121.909
124.02
123.295
122.392
120.903
120.225
119.066
120.478
121.505
123.874
124.553
123.46
125.882
126.866
126.381
124.147
123.068
123.074
122.387
121.593
121.693
122.605
123.499
124.387
126.661
125.58
124.113
123.014
122.83
125.038
127.811
126.568
127.577
128.448
129.019
127.832
128.574
129.596
130.545
129.241
130.547
131.89
132.27
131.029
131.081
129.588
133.678
137.476
136.142
133.734
132.429
132.219
133.116
132.66
132.997
132.909
130.884
131.994
133.682
132.798
131.694
130.185
129.699
130.758
131.372
130.086
130.125
127.441
128.603
128.131
128.99
126.326
124.897
123.882
125.798
124.698
122.659
122.496
123.019
125.738
126.392
124.306
121.501
120.543
122.168
119.446
121.173
122.277
120.777
120.915
121.228
122.619
120.209
120.897
119.378
120.331
119.384
119.019
117.246
114.865
114.166
113.331
111.687
111.634
112.469
111.906
112.609
112.975
115.151
115.957
115.455
114.02
116.072
113.942
116.086
116.499
117.827
115.244
116.767
116.503
115.954
115.563
113.978
114.241
115.211
114.123
110.921
108.913
106.961
106.523
106.038
103.877
104.886
103.272
102.833
103.614
105.828
104.687
104.678
103.114
103.017
102.436
101.14
99.969
98.6018
99.1663
97.4511
98.8343
100.367
100.853
100.849
101.796
100.596
98.952
96.4167
95.6933
94.9831
94.2838
93.8277
94.8986
95.8811
94.5052
94.0077
93.4817
93.6805
94.984
95.7005
95.1688
96.3782
94.669
94.8306
97.4531
99.0929
97.9228
98.5881
97.6809
96.1483
96.2378
96.7897
96.3362
97.1134
96.3172
95.9743
95.6444
97.2102
97.0765
98.3964
99.5668
97.5308
98.6932
98.6298
98.3807
99.7487
100.836
103.117
103.837
104.665
105.353
103.754
102.044
98.4164
98.1453
99.0011
98.155
100.056
101.423
101.94
101.337
101.848
99.3767
99.817
100.034
100.605
100.876
101.956
101.386
99.9076
98.607
98.4638
98.7981
99.2347
100.328
99.6023
99.8217
98.0724
97.8413
97.8211
98.426
97.979
98.4917
97.6974
98.238
99.6614
99.6462
98.7852
98.3342
99.582
101.157
101.387
100.211
100.953
103.02
105.177
105.396
