99.7858
100.062
100.736
101.067
101.75
100.923
100.114
100.952
99.5026
97.3434
100.233
99.6131
100.267
100.493
100.419
101.054
100.597
101.614
101.046
97.5141
98.3644
96.9174
95.0294
95.7452
95.2187
95.2205
96.259
95.3328
94.2606
94.1253
94.1567
90.9601
90.9809
90.6749
91.1234
91.3943
91.2366
92.5983
93.238
93.1526
91.7104
89.1336
89.6087
89.4026
88.1202
87.8824
88.575
89.406
90.313
89.983
90.1548
90.2944
91.2657
88.9308
88.1865
86.3169
87.1124
87.667
88.2277
88.853
87.3818
88.9566
89.7245
89.3372
89.5397
89.7036
88.9472
86.0962
84.4364
87.1433
85.3547
84.0949
84.8032
83.753
82.8929
81.6001
81.7638
81.9446
82.7677
83.1475
82.9459
82.6123
84.0051
83.5346
84.4096
84.6144
84.2224
85.4435
85.7669
85.7092
88.4929
89.0049
89.7376
91.9836
90.171
88.7303
88.8211
89.1157
89.4544
89.9425
91.6563
91.2543
91.1011
91.0371
91.5254
90.9124
90.5123
91.9914
91.5179
89.4122
88.4403
88.9981
87.7109
86.7639
87.4812
87.7975
89.203
88.1093
90.2067
89.6132
89.0816
89.7458
88.8938
88.3873
86.5243
87.1243
85.5868
83.316
84.2627
83.2818
82.7037
83.5338
85.5748
85.7354
84.2687
83.3637
82.7189
82.5061
80.5121
80.9753
79.8004
80.1618
81.5917
81.3922
81.8357
81.282
81.5049
82.8446
81.0356
80.1691
80.9433
81.8377
82.4796
81.4708
83.1776
82.9901
83.3612
84.7805
84.4271
83.3748
82.7724
82.2726
81.3098
79.6361
79.1141
79.1562
79.1985
79.2215
78.2624
80.1377
79.1439
77.7544
79.151
78.371
77.4816
78.1394
77.082
77.3071
78.2756
77.8405
78.1883
77.7244
76.784
75.8941
77.7226
78.0553
78.2383
77.2858
77.6276
78.116
79.6826
80.0797
80.2969
78.0607
78.3867
78.7712
77.6266
76.7866
76.3173
75.831
76.3374
76.911
76.8434
75.8775
76.8344
78.5444
77.4005
78.9459
79.345
79.1945
79.4995
79.3542
77.7542
77.8411
75.3122
76.293
77.0938
77.4199
77.0651
77.7854
77.8482
77.7144
74.7744
74.8003
75.7593
76.1063
76.1516
77.5702
76.4334
78.4779
77.7786
75.9886
75.6342
74.2139
74.812
74.9987
73.3598
71.9076
72.8461
72.1217
72.5661
73.0455
73.8514
73.4648
75.0879
73.7845
74.5894
75.4161
76.7181
75.9086
75.1246
77.0327
77.93
76.4007
75.4838
73.2591
71.4063
71.7284
72.811
74.3976
74.167
73.2676
73.7463
74.2649
73.1788
71.865
72.2956
71.9251
71.6541
70.4932
69.1742
68.9132
68.5438
68.598
68.3595
68.3477
69.2965
69.8123
70.1645
69.6482
70.4956
69.9866
69.7158
69.6029
68.8133
68.2975
68.2614
68.3122
66.6291
67.5662
67.6287
66.7528
67.0394
66.5985
66.1211
66.8065
64.5162
62.9723
63.2072
63.1408
63.9667
64.0948
64.3143
65.413
66.6347
66.9104
68.3216
67.2068
66.7033
66.5746
65.3944
65.322
66.3132
66.6141
66.9222
66.7814
67.0847
67.7299
66.0892
67.2477
66.4258
66.526
67.6348
67.8294
67.8992
67.2478
67.7508
68.4749
66.631
67.5494
67.6467
66.3083
65.9554
65.0191
64.205
64.9491
64.1505
63.3888
63.7884
64.2291
63.9845
63.7883
64.7805
64.8963
64.6424
63.1987
63.0355
63.6827
63.7437
64.1299
64.9389
65.2039
63.851
63.8425
63.4919
63.977
62.4615
60.8702
60.7543
61.2232
62.1765
62.2111
62.4932
62.9565
63.8218
64.6408
63.6596
62.3985
63.0988
63.0591
62.6831
63.0962
62.5682
61.6005
61.9467
62.3561
61.7194
61.3215
61.3802
61.4891
61.9086
63.6451
63.4652
63.3911
63.867
63.5384
63.6905
64.192
64.8586
65.2652
65.7896
66.4906
67.2835
67.6691
68.3933
66.7416
64.5464
64.696
65.7503
65.989
66.0168
65.549
65.897
66.9256
67.6115
69.3171
70.0272
69.736
70.007
69.1019
70.0748
71.0352
70.8147
72.4243
72.4424
71.5901
72.6315
73.7221
72.5789
73.1962
73.6917
73.0145
72.3759
72.8855
72.3249
74.6827
75.0912
73.7471
72.5352
71.5165
71.7806
71.7093
72.6196
73.6798
74.3707
75.1519
76.3268
78.2342
77.8895
78.156
77.0154
77.8603
77.848
78.0019
79.4311
79.4063
79.4917
79.9611
80.5315
78.5621
80.0893
83.5411
82.214
81.8575
82.2323
82.2906
81.9142
81.1277
81.2524
82.4152
82.592
82.6109
82.2158
84.1716
85.3875
85.9512
86.927
87.721
87.3559
87.8899
86.6387
85.6152
86.1434
85.4829
85.9146
85.8355
86.6243
85.7566
87.9449
87.1524
88.0029
87.9262
87.9993
88.609
89.256
88.5224
89.1049
87.9344
87.6257
86.1683
87.2132
86.8509
85.8307
85.7904
83.2114
83.6706
84.0549
84.3277
84.439
86.014
87.7629
89.5217
90.9601
92.4354
94.8372
93.4652
92.1144
91.3702
91.7299
91.6236
92.7669
92.4278
93.506
94.5043
93.9739
94.5732
93.8733
91.7968
92.9475
91.9086
91.6934
92.6908
90.6204
92.3262
91.9785
92.9435
92.5181
92.7679
91.3468
91.6116
91.7202
88.793
86.1607
84.5501
86.1847
85.0625
84.9257
85.9749
86.5088
87.1384
86.9298
85.9004
85.6886
85.9166
84.0428
82.9763
84.4961
85.8187
84.517
84.9498
85.3116
85.8675
84.1813
83.1378
81.359
79.4075
77.9815
79.2872
80.7252
81.6611
81.7734
81.597
81.1179
84.9296
83.9854
83.0654
84.1444
84.1351
83.8901
82.2686
81.3682
80.6384
79.2226
80.5089
81.1513
80.8684
82.4969
81.3675
81.3746
82.1035
82.0475
81.3985
80.4029
81.2332
80.6934
80.6622
80.6527
79.6099
79.8526
81.7079
82.5274
83.472
83.8004
82.0125
83.7706
83.4674
84.6278
84.2958
86.0745
84.4546
