101.123
102.962
99.8401
99.1829
100.881
99.7857
98.583
99.0224
96.0313
96.2777
95.9845
97.8083
99.6167
99.3338
98.3949
99.656
101.488
101.596
102.243
103.091
104.113
102.971
104.189
103.109
101.346
99.721
99.7802
97.9217
98.6142
98.4412
98.6801
94.8912
94.6779
94.7222
94.5361
94.7911
94.8022
93.2167
91.405
90.9268
89.724
89.0819
90.5119
92.7419
92.4733
94.6158
93.6127
94.4559
92.1119
90.0892
90.8734
90.1854
89.6865
89.462
87.0322
86.6778
87.0638
86.7352
87.608
88.2934
89.8914
90.0171
89.4159
90.598
93.5241
94.4338
94.8079
95.9428
95.5186
92.6746
92.3329
91.8268
92.519
91.5993
90.5546
91.9904
90.4699
89.9674
91.0145
90.7182
91.4929
92.8628
91.0505
90.3746
91.8407
90.4949
87.9732
87.2083
87.3771
85.76
84.1421
84.1503
84.9029
85.6705
86.3857
87.0102
88.9747
88.6437
88.9213
88.1663
86.2998
86.3697
86.565
87.5056
88.2235
89.0155
89.0422
87.5416
87.1067
86.4513
88.4439
88.0151
84.9968
84.7261
84.972
87.321
87.2337
86.5613
89.0895
87.7635
88.6079
88.9743
88.8091
87.8714
87.4458
86.1474
85.4956
83.5292
82.3335
82.1607
82.622
82.948
82.882
82.5571
81.9351
81.3536
83.1843
84.3783
84.2846
83.6746
83.0083
84.5297
85.746
85.4234
84.6147
86.122
88.0818
89.4306
89.1026
89.539
87.756
86.0166
86.3586
86.7363
86.1912
86.2773
85.2131
84.7072
85.4905
82.8529
81.755
82.2491
82.6782
83.313
83.0797
80.1243
80.3493
81.3219
81.8311
81.3975
82.2061
83.9362
84.6041
82.3148
81.0924
80.4061
80.6248
80.2266
80.6173
81.2476
81.0625
80.6812
79.9907
79.3473
79.9528
80.4234
80.3282
81.0454
81.1748
82.0272
83.0776
84.5643
86.4445
87.2247
87.6356
87.6918
86.6179
86.9081
87.7649
87.7884
86.3889
85.5962
87.1154
88.3347
88.62
88.9736
88.126
89.11
87.8279
90.0694
89.6415
90.6073
89.5718
90.3047
89.9332
89.5634
90.6644
90.8491
91.6404
90.4028
90.1671
88.78
89.2437
91.0248
90.6468
90.1615
90.3749
89.8118
91.8133
93.6794
93.8878
92.8703
92.7061
92.1579
90.5184
90.7654
90.6068
90.3219
92.9327
92.712
93.157
93.1411
92.488
90.9758
89.9094
91.0564
91.6799
89.9639
89.7309
88.0232
86.8009
86.0484
86.6585
88.087
87.9847
88.2885
88.0147
88.8412
88.0491
87.5884
87.6496
86.8228
86.4291
87.3768
86.1047
84.786
81.8816
81.9671
82.9828
82.9096
83.3419
85.4098
85.7716
87.3279
86.1109
86.836
88.1087
89.4927
91.2988
90.8841
90.6774
88.9576
89.8392
91.3605
91.2152
91.2653
91.9471
91.1306
90.2543
88.8061
90.4515
92.4752
91.4735
90.7007
92.143
91.2476
91.5997
92.9486
92.8536
92.0031
90.6591
91.3152
90.0037
89.7824
90.5279
89.638
90.6767
91.7516
91.6538
92.3268
91.5402
90.3604
90.8511
90.9715
89.3573
88.7466
87.6813
87.6951
88.9024
88.2644
88.3713
87.1073
88.2752
88.8283
89.0056
89.4515
87.8579
86.2874
86.5389
85.1485
84.9413
83.4316
83.6757
82.5383
82.3679
81.5166
81.3222
81.2871
79.6701
80.0022
79.9307
79.6288
79.0613
79.9918
79.1762
79.1103
78.3266
78.5553
78.8837
79.5625
78.7467
79.0336
80.9577
81.379
81.211
82.0573
81.5536
81.887
82.1902
82.0716
82.0297
82.3019
82.2456
81.4166
81.0145
81.5067
82.3195
82.6551
82.1668
83.4718
82.4216
82.8195
82.0241
81.7433
81.9386
83.1433
84.6662
83.121
81.7338
81.4103
81.7014
82.9021
83.3275
84.397
84.4298
83.831
83.0277
82.4077
82.3614
82.2632
84.2071
85.9868
86.0669
87.0302
84.5059
85.4785
84.4077
85.3373
85.5375
86.6259
86.1313
86.7573
85.8152
87.5824
89.248
90.0036
91.9715
91.0597
90.8739
88.9659
89.3281
89.0199
87.9766
89.3207
88.9059
90.3326
88.8884
88.9943
90.1768
93.1915
93.0187
92.3228
92.0146
91.4768
91.2211
90.7399
93.6467
92.7938
93.5329
95.0079
97.8508
97.3475
96.404
96.1717
94.1061
94.7363
94.5924
94.7226
93.8217
93.197
93.5738
93.4974
92.7662
93.447
92.6577
92.0569
91.2421
90.2261
90.1191
89.6562
88.9838
90.8752
90.7692
91.9333
91.0541
91.3855
93.2565
92.463
90.8747
90.2054
92.6063
94.0883
95.2002
97.0685
96.2476
95.2907
96.1502
96.0319
96.2189
96.9528
96.4252
97.2061
98.0275
99.0659
100.207
99.761
98.8891
100.637
101.773
103.005
103.799
102.984
102.223
102.458
103.853
108.405
107.078
104.811
103.889
101.227
103.306
103.954
103.251
103.685
103.764
105.317
103.379
102.681
102.741
100.917
101.577
99.7505
98.9377
96.9102
97.6787
98.0068
99.3109
99.9478
98.1573
97.5253
99.1628
98.3493
98.069
96.7373
94.0699
93.7805
93.0807
91.247
91.7284
92.0519
90.6651
90.2525
88.4605
86.9845
88.5356
88.4066
88.3875
87.4769
86.4043
85.878
87.2911
88.977
87.9313
88.4556
88.6516
90.0513
89.8764
90.8507
92.9351
92.7569
91.2911
91.0067
91.3083
90.0777
91.5569
92.06
90.6309
92.8155
94.4664
94.4443
93.4951
95.2798
94.7976
94.5533
93.678
94.9578
95.1144
94.4306
95.7269
94.1025
92.5606
93.733
94.9782
95.9778
98.9769
99.4289
98.3083
101.609
102.42
103.071
103.537
102.477
103.188
106.071
108.516
107.362
108.292
106.228
105.542
105.135
104.546
106.458
105.438
105.268
106.139
106.912
108.171
106.094
108.056
107.971
105.959
106.265
105.891
104.589
104.542
104.504
103.059
102.717
100.996
101.279
