99.5918
100.251
102.033
102.636
100.719
100.832
99.768
98.8552
97.9778
98.4414
98.6454
99.7724
100.717
100.311
101.122
100.311
99.0737
99.7841
98.1694
97.5197
94.5596
92.2848
92.8612
92.976
92.7732
94.1211
93.841
95.3654
94.5083
93.0144
91.3967
92.7485
90.4723
91.9187
92.6697
92.8974
93.8852
94.8403
95.3676
94.7453
94.6056
94.82
93.0308
92.2255
92.1197
92.577
92.2614
90.9293
90.1972
90.3964
90.1396
88.3482
90.5149
91.1547
88.3291
86.554
86.2943
85.6963
85.9474
85.937
86.819
85.8355
87.7689
86.8497
86.8078
88.3718
88.2677
89.4397
90.4005
89.8541
88.8377
89.021
88.3193
87.4306
85.6719
88.223
87.3281
87.6642
86.6576
87.3273
86.7181
86.1467
84.7398
84.8629
84.3329
86.5238
86.2799
86.1049
87.5242
86.4255
87.4936
88.2879
88.0488
89.2611
89.8248
89.1221
89.9122
89.3127
89.9832
90.9494
92.2505
91.1484
92.4456
91.4817
93.1067
93.684
90.7652
90.6995
89.4011
88.0628
88.5227
89.0294
90.3734
89.8039
90.7305
92.4252
87.2493
87.38
87.9894
89.3266
88.7606
89.2302
91.138
90.1998
90.429
90.9179
91.4484
91.1608
91.5358
91.891
92.5664
93.2466
93.6508
92.8709
93.6474
95.739
94.833
93.207
91.969
91.2278
92.2535
94.3148
94.7794
94.0308
92.678
92.6842
93.9983
94.4828
93.0476
91.3219
91.2421
90.4892
90.3859
90.6552
90.4158
92.1624
91.247
88.8182
89.4983
89.1677
89.8115
89.6376
88.4
90.6934
89.3743
91.3325
90.5516
89.6922
88.026
88.5689
88.9425
89.9752
90.8141
90.4525
89.824
90.3946
91.3939
90.7011
88.35
88.6486
89.1488
92.1472
92.2992
92.7763
93.3466
93.1681
93.5851
94.9218
95.9198
95.59
96.5098
97.2336
97.0927
96.9142
98.7835
100.001
102.786
104.051
104.212
104.036
104.446
102.328
103.551
102.548
103.417
101.126
100.093
99.855
100.591
100.383
97.1741
96.8771
98.4282
99.4505
100.199
98.5715
97.9039
99.2403
97.6413
96.3084
96.646
96.3412
94.6712
95.3057
94.1919
94.2236
93.9909
93.1289
92.7582
93.4742
92.7055
92.7177
91.1385
92.1066
92.8205
92.6392
90.8314
89.7327
86.3672
85.8931
85.9265
85.6168
86.5999
87.0126
83.9503
84.4942
84.8615
84.7364
81.9643
84.5173
83.9148
83.7102
85.2606
85.2187
87.819
88.3582
89.833
90.3396
91.7373
91.8368
90.7818
91.1305
91.2096
92.622
92.5577
92.3528
91.6406
92.1597
93.5413
93.103
93.1633
93.3988
95.9751
97.4229
96.9971
96.953
97.1591
98.0216
99.1505
97.2974
96.7153
94.218
93.4281
93.12
94.3036
95.1174
94.8309
95.4757
94.9099
94.9714
96.811
95.7029
94.8781
93.6108
94.1662
94.1045
93.5539
95.9117
95.9069
97.5452
95.213
94.4909
92.7459
92.3381
92.5382
92.0868
93.7057
93.5629
93.2597
92.5643
92.4099
91.7978
91.0341
91.849
92.7612
92.6815
92.8027
92.5712
90.9648
89.6467
89.62
89.1939
88.4376
89.4409
89.5342
89.3316
89.7732
87.72
88.3954
86.371
84.5023
84.0892
81.0425
80.2965
78.7848
78.4032
77.5128
77.8687
77.7508
77.7593
77.9901
78.9305
78.6453
79.1986
79.2925
80.6928
79.5312
78.1294
78.5718
79.2954
78.2232
78.6487
79.33
79.5107
80.8784
80.1866
79.2853
78.9054
78.4082
77.8028
77.4187
78.9548
80.029
80.556
81.6167
81.4475
81.2736
80.2628
79.6264
81.4008
80.7971
80.104
81.0044
80.0187
77.9671
75.7693
75.316
74.0994
74.9779
73.9851
73.1463
71.8226
71.0584
69.3146
68.1266
66.2328
67.2377
67.8536
67.1575
67.8701
69.198
69.118
72.0657
72.023
73.0595
73.6184
72.7813
73.0298
72.3961
71.6067
71.622
72.3015
71.1804
72.1901
72.8786
71.1851
69.9358
70.8199
71.2254
71.8023
72.18
72.7089
72.9575
72.0087
73.08
72.0647
71.6337
72.791
72.0505
72.5273
71.659
73.1206
73.8583
73.1941
71.8798
71.0682
71.6825
70.5069
70.9185
71.7353
72.0015
72.4276
72.0318
72.345
72.6973
71.714
71.6277
74.0131
74.1106
73.3409
72.7841
72.5256
71.667
71.7049
73.8172
74.9597
75.3726
73.5888
73.1005
71.4448
70.0671
68.4463
70.2996
68.9977
68.8239
68.2676
66.2728
66.8566
66.9382
66.1797
66.5901
66.1281
66.3648
66.4283
66.8948
65.4531
65.9493
66.5796
67.0546
65.9067
64.5699
64.4666
64.3602
63.1851
62.3535
62.0224
61.3651
62.261
62.7385
63.4612
63.5113
65.0572
63.8069
64.1599
63.8129
65.0255
64.024
65.7058
65.3815
66.2702
65.7566
66.6283
66.7346
66.2134
66.2909
66.7715
66.0751
67.5087
67.1148
66.5729
67.5189
68.2662
68.2872
66.8448
65.3876
65.4784
67.3164
66.87
67.7393
66.8611
66.8248
67.0807
68.0904
67.1587
66.9696
65.9553
65.2177
62.5707
62.5053
62.8459
64.1014
62.94
62.953
61.8568
61.6289
62.873
63.0288
62.9454
62.2648
61.488
61.705
59.6728
59.2167
57.6974
58.1198
58.749
58.8361
58.2327
58.3562
57.6704
57.2116
57.4749
57.7399
57.201
56.3306
57.3781
57.129
56.6565
57.5315
56.4104
55.4013
55.4441
53.4795
54.4768
54.3687
54.2198
54.2852
55.8615
56.3937
56.5934
57.1199
57.4558
56.5755
56.7926
56.2767
56.0663
55.9953
57.043
55.443
56.3223
55.4633
54.6026
54.991
54.602
54.1866
54.7777
54.7061
55.1568
55.2247
54.6743
54.417
53.0378
54.2906
54.6105
54.3171
55.0687
53.9147
53.9443
53.078
52.7511
53.3478
52.5722
54.0208
53.8642
53.5805
53.1775
51.7485
51.834
51.6919
51.0806
