99.6753
99.1903
99.055
97.6084
98.3134
99.2258
98.2503
96.2886
97.431
95.5707
96.7338
99.6056
99.6113
99.7717
97.4849
96.0746
96.1887
96.5106
97.21
97.8297
99.0834
99.5923
99.4113
95.7938
94.4401
93.072
92.467
93.2569
92.4712
94.1944
94.7381
95.0801
94.9162
95.5234
97.3498
97.0132
97.5803
98.5821
98.3741
98.9098
99.6324
98.3359
98.2551
96.9758
98.0855
96.1336
98.3697
96.4714
97.0318
98.4201
99.5873
98.5859
99.4401
99.3051
98.1116
96.8717
96.5034
95.7096
96.8399
98.732
97.401
95.5987
95.3964
96.8258
96.8303
94.9545
94.1763
93.9256
94.0154
93.8775
93.9988
95.6531
95.4647
93.7993
92.4007
92.0215
91.5963
89.5129
88.8188
88.2074
88.4767
87.7462
90.781
90.8224
90.9716
89.7418
92.9352
94.0578
92.5464
93.3632
93.7626
93.8896
93.1439
94.3362
95.8076
97.5882
97.5299
100.575
99.438
100.644
100.159
101.919
101.894
102.665
101.706
101.289
99.1076
98.0459
99.0486
100.735
101.081
102.796
103.91
102.125
103.855
104.446
104.429
105.576
106.134
106.007
104.687
104.231
104.182
102.518
100.449
99.064
98.496
98.2728
98.6162
97.4144
98.1442
96.5759
94.414
93.8016
93.6832
93.2387
93.7608
92.4678
91.8387
92.3308
94.8724
95.8557
95.7673
93.7598
92.9472
91.4417
91.8856
91.5246
90.5157
90.2779
91.348
90.2126
89.7385
89.5266
89.1424
89.2601
88.4929
88.2489
87.79
87.339
86.711
84.6658
83.3718
84.666
83.4433
83.8693
83.5119
82.307
81.3768
81.514
81.101
82.0223
82.1767
82.515
83.4205
84.8301
84.7114
83.5666
84.9236
87.1915
86.5815
85.2642
83.9301
83.0171
81.9575
81.3267
81.6803
81.3753
81.6153
81.2943
80.6583
80.0268
82.2355
82.0468
83.3387
83.4659
84.0024
82.4707
83.1978
83.2229
85.2933
85.9472
86.1825
84.9619
84.6611
83.3254
83.3118
85.7808
85.2386
84.7773
84.076
83.8109
84.1785
84.0744
83.5437
83.2385
84.7877
86.0513
87.2548
87.3429
86.9575
88.5242
87.3841
87.6176
88.548
89.1594
89.4928
90.3251
91.6574
91.5834
93.3397
92.599
92.5147
92.6022
92.6848
92.938
93.7286
94.6908
93.8114
93.8855
94.7508
94.8313
96.4067
95.9332
97.6137
97.8755
95.6326
94.9286
96.3656
96.9831
98.4265
97.0712
95.8974
96.5122
96.5298
95.9522
97.228
97.0774
95.2064
95.5395
95.9639
95.6058
95.1793
94.5416
94.4899
94.7567
93.6745
95.6811
94.7102
95.1154
98.2825
99.1923
99.3492
101.039
99.1647
97.4806
94.2671
94.667
94.2171
93.9771
95.4736
95.6394
95.9958
95.3707
98.0868
98.7017
100.164
98.3779
100.677
101.804
101.427
100.626
101.401
102.293
102.399
102.828
103.79
105.122
105.778
105.946
106.035
106.622
108.023
107.189
105.629
106.362
109.86
110.512
113.487
113.746
115.244
116.96
119.566
117.14
118.098
116.622
116.133
117.907
117.436
116.818
115.478
116.183
114.19
113.722
112.979
113.774
111.414
108.771
108.283
109.36
112.567
111.436
111.962
110.714
112.092
112.255
114.402
113.817
111.812
112.437
110.865
111.848
110.842
109.468
108.521
105.564
106.146
104.804
106.039
106.868
106.678
107.514
107.879
106.66
105.504
105.283
104.202
103.99
103.606
103.583
103.48
103.203
101.972
101.647
101.578
102.081
102.987
100.163
101.005
100.688
101.48
102.108
101.669
100.245
100.512
98.7062
98.0405
97.8107
97.7566
98.326
98.3066
99.8258
102.175
100.97
101.773
99.644
100.353
101.792
103.207
101.855
101.695
100.881
101.66
103.679
103.975
104.402
103.513
104.919
106.99
107.513
106.619
107.473
106.936
107.759
108.818
107.362
106.274
105.408
104.664
103.374
102.542
102.113
102.85
104.542
103.336
101.925
101.207
102.082
104.556
105.693
106.417
105.782
105.402
104.056
105.123
103.326
103.237
105.889
104.325
104.599
107.841
106.735
105.836
106.177
106.215
104.863
106.22
104.298
104.915
106.037
104.427
104.231
104.371
104.662
105.715
104.75
103.535
104.588
104.847
105.371
105.403
106.365
107.381
107.388
106.325
107.428
111.206
109.592
111.653
111.278
110.922
110.988
111.523
110.196
109.795
107.728
105.746
104.653
104.471
105.774
104.984
106.979
105.561
107.16
107.084
104.967
104.74
105.155
106.342
107.86
110.053
107.748
109.364
109.938
111.2
110.401
110.076
109.574
107.622
106.127
107.358
107.86
109.234
105.604
106.051
105.197
105.54
105.496
105.682
104.868
105.972
106.298
106.795
107.108
106.882
107.844
104.998
106.011
106.242
106.63
105.047
104.35
102.719
100.037
100.543
102.761
103.062
102.655
105.539
105.165
104.505
102.72
100.704
100.05
101.747
100.967
101.396
101.563
101.793
102.363
103.702
103.928
105.488
105.944
106.673
104.813
105.613
104.516
105.597
105.448
105.539
105.864
107.157
106.609
107.122
108.527
109.164
109.121
106.348
107.337
107.269
107.098
108.453
109.505
110.24
110.225
111.177
112.378
112.286
112.864
114.515
118.044
115.371
116.358
114.978
116.116
114.49
114.821
115.892
114.812
115.782
115.692
116.074
118.176
118.511
117.038
117.915
118.7
118.171
118.111
120.729
118.351
119.726
116.688
117.142
115.52
116.63
115.979
117.324
118.888
119.188
121.204
120.405
120.973
120.104
117.915
118.224
118.242
121.926
120.75
