100.226
102.554
103.584
104.083
103.975
103.051
100.97
101.011
99.033
97.772
97.7642
98.0297
99.5206
99.8251
101.214
100.732
99.8916
99.2488
99.7361
98.0459
98.8439
99.533
102.414
100.952
103.134
101.008
101.444
101.207
99.0091
97.9512
100.682
100.717
100.674
97.7527
99.146
97.641
97.6013
96.1972
97.2139
97.1816
97.2667
96.1471
98.3666
96.8148
96.5905
97.4865
97.2715
95.9244
93.3971
93.3887
91.9241
90.444
89.2981
89.1161
89.579
90.8685
91.7342
91.9441
90.9711
89.8155
88.9077
89.6084
89.4873
88.0608
86.3608
88.3432
88.4554
87.5879
86.8042
86.3534
86.4809
86.5362
86.974
86.1484
87.4816
90.0908
89.7339
89.5865
90.657
91.3404
89.9226
89.5142
87.9269
87.4296
87.456
86.9275
85.3292
85.7807
84.8099
84.9019
82.768
82.8956
83.2001
83.3349
84.9137
83.1738
83.6339
83.5691
83.021
82.4386
83.4497
83.719
83.8238
83.0831
81.7749
80.3301
81.7882
81.6611
82.1938
83.9777
81.2938
79.5709
80.1664
80.2407
80.0938
82.1141
83.1136
81.0596
81.3156
80.0496
80.8587
78.6898
78.3532
76.1429
76.5711
75.9989
76.283
76.6856
77.1685
78.7322
77.0244
78.1227
76.8265
76.0868
76.4635
77.4117
77.5957
75.2296
76.6545
76.0178
74.7798
76.7328
75.1038
74.2323
74.899
74.5263
74.6725
74.2565
74.7391
75.5984
75.8837
75.9294
75.8853
75.5994
75.3673
75.4618
75.8925
73.6569
72.784
72.5591
73.1583
73.4714
73.9519
72.8314
70.8688
71.9108
72.1607
72.7603
72.6262
73.4413
73.4266
74.5317
73.6632
75.5593
74.6403
73.7714
75.1274
74.8984
75.4452
75.5821
75.8509
77.2302
77.2946
78.3925
78.7431
77.3777
76.3978
75.1267
75.1913
75.8844
76.3047
75.795
76.3913
76.2294
77.7117
78.517
77.9085
76.6137
75.963
74.2902
75.7622
75.7161
75.8352
73.6534
73.1504
73.6254
72.817
71.3935
72.2067
70.665
69.6139
69.8847
69.7086
68.8969
69.1502
67.8091
68.8152
69.9301
70.2812
70.1659
73.6642
72.7468
73.8671
73.7116
72.2489
72.3459
72.2839
72.8415
73.5231
73.9106
73.3316
74.3116
73.5576
74.7438
73.8172
73.4608
74.0492
74.056
74.7311
74.4442
75.2432
74.8138
75.5693
75.0108
75.5638
75.6562
75.138
74.6438
74.3334
73.6837
74.1858
73.806
73.9516
75.2551
75.4931
76.3774
78.9716
78.2719
77.4648
76.5604
75.3391
74.939
74.7383
74.2917
75.0692
74.4077
74.0992
72.8005
75.1869
76.758
75.3982
74.5663
76.0482
76.4009
77.3853
78.1604
79.2884
78.1639
77.3214
77.6612
76.9632
77.7287
78.3618
79.7672
79.7666
80.9535
80.7738
81.4397
81.3222
80.7518
80.1946
79.6037
79.9779
79.2991
78.6605
76.6868
76.9827
78.1269
77.9662
77.6775
78.1112
76.2746
75.2379
74.6576
75.1715
77.1655
75.482
74.7849
75.1441
75.4262
75.5794
74.8227
73.9204
75.0913
75.8285
74.5621
75.4914
73.7298
73.492
73.0917
73.2035
74.0119
73.3062
71.8979
71.5914
70.6579
71.1183
70.1193
71.0797
70.7861
70.0923
70.646
71.952
72.5268
73.6163
72.9707
72.1849
71.5407
71.7419
72.552
71.6132
72.4138
72.0985
72.9768
73.219
73.2259
73.7597
73.0418
74.1777
74.3329
74.0977
74.5475
75.575
75.3628
76.005
74.1701
76.1709
74.7358
75.438
73.5792
74.0533
73.4437
72.0963
73.0843
73.6789
72.6202
72.6592
73.2431
74.3219
73.9471
72.6142
72.7639
71.9363
73.1939
73.7639
74.6372
74.6688
74.4977
76.2255
75.5281
76.2846
75.7951
77.2992
78.5694
79.5138
78.9139
78.9359
78.9156
79.0715
78.4217
79.0145
77.3669
76.8423
77.2992
77.1741
78.4864
78.9108
78.1539
79.1459
79.2795
78.8607
78.3
78.3912
79.2718
77.3063
77.2013
77.6103
77.8387
77.5251
79.3589
77.5791
77.6066
77.1203
77.9606
76.1058
77.2877
78.3304
78.7476
78.9017
79.0224
79.4391
79.562
80.1401
80.5046
81.0318
80.6747
81.7717
82.791
84.3222
83.7414
84.2257
85.4209
84.0404
84.6707
83.9787
83.1442
83.0559
84.0214
85.0518
84.0409
84.369
84.9465
83.9183
83.6622
82.9462
81.1397
80.9264
80.533
80.6333
79.3519
79.8635
79.7975
79.3874
79.7795
80.1487
80.754
79.4932
77.8223
77.2934
76.2049
75.3271
74.1714
74.8461
75.1746
74.3092
74.2707
73.6091
73.4863
73.552
74.9064
76.3272
75.1693
74.1255
74.0725
73.0875
73.8365
74.9069
74.3471
73.6802
73.7529
73.2444
72.8154
73.2296
73.7121
73.367
73.5692
72.3106
73.7735
72.5565
72.653
73.0378
73.7606
72.8404
71.4868
71.5139
69.8967
70.111
69.9113
72.3429
71.5573
71.9781
72.1377
71.8915
70.7816
70.8613
69.8252
71.5699
70.1582
68.9317
68.2822
68.1644
68.5846
69.2653
69.8667
71.3673
71.1138
71.2884
70.8572
71.3635
72.437
73.1025
72.4071
71.7773
71.1441
70.4334
70.7693
71.2759
72.368
70.4887
69.5081
69.0384
67.1886
66.5501
66.4568
66.2261
65.3054
65.0651
64.1337
65.7072
64.9043
65.3978
65.9639
66.1875
67.4286
67.0245
67.7152
67.3494
68.0024
67.3453
67.9406
66.8163
66.3129
67.0301
66.29
66.7513
66.8636
68.8315
69.8655
70.1097
69.9852
70.178
70.7083
69.9585
71.1389
71.2561
71.5336
72.1711
71.7825
72.684
74.2396
73.9534
74.8937
75.5684
75.2098
75.9915
76.1381
77.3212
76.8584
76.0679
77.5371
77.9387
77.1921
75.937
76.0033
75.7887
76.0943
75.6268
76.7913
76.6346
76.9677
76.2319
74.1269
73.9331
73.2696
73.3958
73.1125
74.0452
74.0765
72.2246
72.3081
