99.732
98.2259
97.6307
98.6841
99.0599
97.8017
97.3271
96.8608
98.5323
98.8863
98.9991
98.7825
101.072
102.42
103.857
102.648
106.799
109.68
108.08
108.059
108.175
105.654
108.172
107.061
108.026
107.8
108.96
106.863
107.905
105.945
104.44
102.687
101.462
102.449
104.026
107.33
109.391
109.818
109.491
108.821
111.75
110.568
111.747
111.257
111.77
111.813
111.489
110.685
110.747
110.07
110.329
110.311
111.523
110.554
112.064
111.09
112.616
110.291
109.666
110.179
109.38
108.237
108.98
111.339
110.282
111.391
113.324
112.916
112.516
111.809
112.668
111.632
110.084
108.002
106.751
108.34
108.416
105.946
104.25
104.914
106.368
106.294
104.53
104.458
106.165
106.609
107.505
108.065
107.794
105.738
104.624
104.106
103.521
101.995
102.511
104.05
104.354
103.701
103.479
104.73
102.325
101.986
101.101
102.775
102.988
102.226
103.649
105.939
105.404
104.666
103.557
107.182
108.71
110.396
109.462
107.258
106.924
105.965
106.614
104.122
102.581
103.025
105.294
105.274
106.049
108.17
107.524
110.024
108.683
108.858
107.201
107.944
107.502
106.379
103.265
101.41
101.318
101.101
97.2996
97.2574
95.8772
97.6351
97.8655
95.7659
95.829
97.3244
97.0745
99.2798
99.7309
98.6266
99.6068
98.8809
98.7751
100.717
102.415
103.727
102.065
101.855
101.685
102.168
101.537
102.077
102.241
99.672
97.7718
96.5
98.7327
96.6891
97.5132
97.2797
97.392
98.179
99.0058
95.8457
94.8754
92.9275
91.6525
92.1999
91.2223
90.4812
90.3269
90.6536
91.3067
90.6732
92.678
93.5444
93.6021
93.3388
92.4053
91.3667
90.391
90.9319
89.4204
89.3748
87.702
88.5751
88.8308
88.2998
88.1326
86.7903
84.0437
84.0809
84.5397
85.4775
85.5155
86.1806
86.2106
85.9645
85.0545
86.2123
86.6567
87.3599
87.2177
86.1276
87.1088
86.7212
87.057
89.6045
90.1549
90.0217
90.4262
89.4436
90.759
89.967
88.6259
89.418
88.7273
87.7885
88.3354
88.1656
88.8037
87.1617
87.3524
86.5105
87.4133
87.0501
86.4954
85.0724
83.4495
81.7696
81.4237
81.0131
80.2658
80.5789
80.2938
78.8932
78.9532
80.1095
80.4364
80.9067
80.473
79.5839
79.8589
78.8715
78.9045
80.0755
81.3215
81.8376
81.1169
81.3328
81.4955
81.1259
81.1973
80.18
80.2091
78.3857
79.5529
79.4357
79.7637
78.7606
77.8541
76.104
73.6755
73.7938
75.0943
75.2899
75.307
74.679
75.5803
74.0927
74.2773
74.3837
74.6638
75.6303
74.9607
74.0319
76.8076
77.5213
77.1402
76.3295
76.132
75.6902
77.1689
78.2478
77.8196
77.409
79.7317
79.7003
78.533
77.5089
77.8202
77.4609
78.4713
78.0461
79.941
77.0415
77.3764
77.8785
77.1629
77.6446
77.2568
76.4066
76.0497
76.033
75.621
76.6795
75.748
76.2876
76.4792
76.5943
77.0979
76.7385
76.3173
76.733
78.2244
78.7189
78.4952
77.9254
78.4575
78.7417
80.6943
80.7304
80.7654
83.434
83.9446
83.6616
84.756
83.2737
81.8484
81.368
80.7908
80.3612
82.2791
82.7795
83.6849
83.4271
83.9674
84.0067
84.6173
84.6796
84.5189
84.2331
83.3866
85.0118
83.2477
83.331
84.6053
84.5153
84.6903
86.3761
85.8653
85.5978
85.6636
86.7707
87.2001
88.4814
87.9559
87.3169
87.3081
87.8281
88.7111
87.4723
86.8705
85.2627
86.7448
89.1896
89.7648
89.301
89.293
90.5725
90.1059
90.5233
89.2022
89.6805
88.9238
90.5434
91.6703
92.3032
93.0886
94.5657
94.1722
94.3327
95.0056
94.1231
93.6865
93.7953
92.8503
92.478
93.1221
95.269
97.0221
95.3394
96.875
98.0526
97.0505
98.3496
96.4172
97.195
98.1775
98.2609
98.2018
98.5574
98.3793
99.5733
98.2541
100.055
99.9052
100.152
100.7
99.3865
99.9726
100.143
97.3846
100.279
98.6168
97.5344
97.308
98.5329
96.5556
96.6105
98.4259
98.435
100.174
100.006
98.4352
96.5101
96.7799
97.3725
99.6436
100.758
97.7215
97.4203
95.9613
93.7548
94.3063
94.5784
94.0465
94.3537
91.9504
91.648
89.9892
90.4449
89.6837
86.8483
86.186
85.8362
87.8101
88.9064
88.5979
88.9571
87.4392
88.0787
87.9686
87.4126
87.365
87.8222
86.8178
85.3504
86.5848
86.2759
83.5084
83.8011
83.4217
83.8573
81.9792
82.3064
82.1161
82.8056
81.9482
81.367
79.9407
77.7321
75.6831
75.509
75.8991
74.926
75.1399
75.5158
76.2983
77.0489
77.0854
77.9632
76.4124
78.5062
77.101
79.3369
79.6496
79.8853
80.8757
81.3265
82.183
82.0235
81.5761
80.6319
79.9271
80.8412
82.2668
81.7212
80.793
81.0492
80.1709
79.4787
78.1853
77.7567
78.9967
78.2918
79.5475
79.6653
79.3949
79.4929
77.9516
77.153
74.7666
73.9853
74.6429
75.1105
74.4501
75.1232
73.7989
73.5274
73.771
73.7067
72.9014
74.2636
75.2003
77.4133
78.2751
78.0058
78.6366
76.269
76.2246
75.8199
76.113
74.8048
74.0967
74.9241
75.6408
77.1256
77.2883
78.1622
77.5901
77.6266
78.7829
79.1781
78.4211
79.6867
79.6111
79.5164
78.2414
78.2428
77.8814
76.851
76.3817
76.0364
75.391
74.0901
73.6335
74.6322
74.1966
75.6534
75.5333
75.6598
74.5902
74.4552
75.3217
76.3281
76.265
77.2316
77.4139
78.4145
79.4665
79.6703
80.3746
80.3771
80.2483
79.0679
79.0109
79.3517
77.9555
75.302
74.2671
75.0851
75.0085
73.2471
72.6731
72.8529
71.8154
72.8002
73.633
72.6999
