98.8081
98.4526
96.5905
96.3039
96.8548
99.0337
97.0395
95.0737
93.6577
92.873
94.9167
95.4001
95.5448
94.9898
94.5689
96.0551
97.9404
96.1052
96.7616
98.4315
99.2023
98.8399
96.8998
95.8916
98.1998
98.4905
99.4185
100.127
99.6243
97.9749
97.9312
97.7566
96.1595
97.4277
97.1904
98.1476
99.2252
100.239
100.91
101.824
103.367
101.051
101.662
102.244
99.5806
101.054
100.413
99.2617
98.5301
98.7144
96.9556
96.3955
95.6461
95.0958
95.3744
95.8282
95.4829
94.586
97.5607
100.109
100.904
102.444
98.1766
98.6486
97.9877
97.9961
95.0074
96.2172
95.9232
96.5919
98.3951
97.622
97.062
97.1192
95.9919
93.235
94.1307
93.5686
93.6415
93.8659
94.478
94.5333
94.1971
93.9443
97.4118
96.3239
97.0503
96.6783
98.718
98.7436
98.4025
97.807
96.4266
96.2048
94.7385
95.1186
93.8314
94.6506
94.8737
97.2096
96.8405
97.1217
98.2124
97.3405
96.5997
98.5132
98.3771
100.66
99.3219
99.532
98.3604
100.311
99.5736
98.7719
99.1755
97.9056
101.191
100.882
102.649
102.743
103.712
102.2
104.61
104.22
104.376
104.423
103.96
105.432
107.338
106.218
108.086
107.402
107.977
105.799
106.63
108.978
107.674
106.375
106.389
107.488
108.429
108.321
109.732
108.444
108.512
107.991
110.883
110.727
113.356
116.193
118.95
116.303
115.389
114.911
116.263
117.251
117.968
117.323
115.334
114.874
117.27
117.659
117.254
115.222
113.612
115.227
116.616
118.095
119.763
118.907
120.521
120.041
121.119
122.216
122.341
122.872
120.03
120.024
120.913
121.584
118.557
118.033
115.84
117.185
119.413
119.663
118.466
116.219
116.1
117.102
115.725
114.979
115.279
116.241
117.622
117.072
117.684
118.974
118.362
117.269
116.867
113.948
114.434
113.557
113.707
112.556
112.226
111.811
113.458
114.244
111.702
113.124
112.889
113.17
113.107
112.424
111.48
113.801
113.151
111.246
112.709
112.467
113.225
112.465
114.87
113.373
114.649
115.578
117.704
116.88
115.792
115.678
116.167
117.462
121.192
120.352
122.811
119.527
120.75
121.748
122.701
122.751
120.282
119.904
117.874
119.043
119.443
120.015
120.11
121.281
119.679
118.433
117.67
116.603
114.358
114.264
113.77
114.289
114.756
116.473
115.167
118.265
119.513
119.673
116.842
116.486
115.71
116.28
118.463
118.315
121.246
120.961
118.135
118.375
117.083
119.807
119.477
116.128
117.675
121.677
121.996
124.077
122.263
118.448
117.305
118.229
115.945
116.033
115.525
115.592
119.345
120.442
119.995
122.597
122.71
123.368
124.335
123.866
122.841
122.672
123.403
123.824
126.64
126.64
126.836
125.872
125.261
126.788
128.566
129.346
128.713
126.424
125.927
127.49
128.244
129.441
129.328
128.5
126.622
125.908
127.895
128.615
128.305
131.132
131.57
130.664
133.271
135.434
134.982
132.966
134.405
134.2
137.138
136.431
138.992
136.859
138.828
144.738
144.774
143.798
146.516
146.855
143.655
143.829
142.34
144.369
141.771
144.359
145.087
147.972
149.896
147.584
147.821
149.793
151.283
152.96
153.516
153.018
152.249
152.986
151.677
152.301
150.278
148.03
151.09
150.094
151.645
153.227
155.999
154.894
156.258
157.775
160.165
160.401
163.138
157.297
155.749
152.684
153.126
151.489
155.454
154.989
155.7
156.036
158.805
158.274
160.037
156.855
156.058
156.424
153.632
151.421
153.252
152.942
153.119
153.653
154.799
153.994
155.533
155.128
154.045
154.472
154.957
157.06
155.689
152.794
155.473
156.474
160.075
159.893
157.701
157.084
154.304
156.19
156.285
161.613
160.342
163.66
167.291
167.152
166.592
166.232
167.474
166.17
167.596
168.821
167.476
164.448
164.601
163.979
163.903
162.834
161.27
162.462
162.006
160.127
161.288
161.641
159.992
158.227
156.676
157.931
160.289
160.491
160.6
159.054
155.964
158.624
158.656
164.015
165.646
165.419
166.621
167.037
165.667
166.715
165.734
165.345
164.95
163.715
164.814
162.343
164.587
164.255
160.446
158.947
157.543
159.814
159.387
158.268
162.134
163.443
158.822
158.569
159.571
159.378
155.943
157.458
154.807
155.11
155.005
154.308
154.755
155.428
152.928
154.552
157.395
155.582
155.293
155.065
155.28
155.558
158.3
158.908
157.544
158.514
158.089
156.605
156.734
154.684
153.645
153.223
154.362
153.134
153.901
156.512
156.894
157.181
156.097
155.843
154.825
156.481
152.705
153.206
154.978
158.655
158.646
160.448
157.331
159.738
158.93
159.915
159.841
163.413
162.366
163.556
163.368
168.904
164.388
165.907
167.843
168.729
167.896
168.121
166.89
165.172
161.625
162.195
164.831
160.351
160.415
156.342
153.925
153.94
155.453
156.678
153.662
154.588
154.182
152.907
153.236
154.421
156.23
159.378
159.071
157.024
161.008
161.54
161.258
163.929
162.457
163.757
165.196
162.862
161.1
162.22
162.324
162.736
167.148
165.438
164.301
170.354
168.693
168.461
168.287
170.259
167.529
169.735
169.64
173.913
169.983
170.422
166.659
170.328
170.113
166.765
167.665
166.599
164.763
165.651
163.728
168.784
170.952
168.167
169.549
172.267
173.832
174.328
177.166
179.675
