97.3795
98.6862
100.369
102.055
102.082
101.957
100.402
99.6476
101.576
99.8476
99.6362
98.3182
97.3037
97.014
98.276
98.2572
99.9735
101.371
101.531
103.085
102.153
102.101
100.89
101.97
102.484
102.265
102.107
102.907
102.123
101.529
101.205
101.169
101.786
102.96
102.567
101.962
102.596
104.306
106.607
109.033
105.743
107.769
109.019
106.951
105.44
107.354
107.992
111.067
112.134
111.64
111.109
108.975
106.586
109.171
105.527
105.579
105.611
106.749
104.783
103.304
102.569
103.216
104.862
104.728
104.326
104.153
107.154
108.27
108.331
108.892
106.607
106.506
107.084
107.22
106.757
106.956
105.556
106.517
106.903
110.08
110.999
111.284
110.848
113.442
115.051
115.406
113.91
112.168
109.39
110.019
108.79
108.754
108.844
108.189
109.636
108.163
108.848
110.571
108.226
107.568
108.315
105.225
105.655
106.383
106.383
105.823
104.985
105.01
104.368
105.535
105.25
108.517
107.951
107.48
105.297
102.269
101.657
101.335
101.041
101.042
100.139
100.145
100.322
99.1059
99.7294
99.5545
99.0978
98.5788
97.7469
96.7751
96.3453
96.6217
97.7091
97.8652
97.4803
99.3641
99.3379
98.9322
99.2898
98.9316
99.0267
100.249
98.0818
98.1162
99.6037
100.072
100.107
99.7599
101.834
104.312
103.632
103.445
104.251
105.905
106.657
105.996
106.768
106.86
110.047
111.032
108.794
110.289
110.594
112.555
112.442
110.919
111.072
110.044
112.076
110.819
109.951
112.978
115.406
114.21
115.096
114.507
114.073
115.291
114.258
114.63
112.947
113.373
111.137
111.714
113.025
111.576
111.147
113.009
113.218
111.392
113.049
113.138
116.534
118.654
118.295
118.876
120.44
119.982
120.082
124.435
125.211
125.605
126.916
126.828
127.835
127.277
128.542
123.122
122.718
124.461
125.547
125.262
126.63
127.689
126.838
127.77
129.072
127.236
125.761
126.857
126.198
127.896
130.191
131.705
131.225
131.409
131.487
131.332
132.049
131.51
131.592
130.846
127.471
126.747
128.789
126.253
126.539
125.016
125.301
125.209
127.455
125.72
125.168
126.589
126.968
127.457
125.768
128.962
130.468
131.693
133.983
132.372
134.322
133.745
132.106
133.406
137.691
136.408
134.793
136.549
134.091
132.541
133.581
133.99
134.538
134.012
133.808
133.101
137.817
139.257
139.31
136.629
138.39
140.835
141.51
139.96
139.961
141.899
143.797
143.972
145.242
144.508
145.58
146.021
144.842
144.088
147.469
145.925
141.612
140.435
141.915
143.177
144.753
146.406
146.91
147.967
149.558
151.69
152.333
154
155.15
155.73
153.055
152.917
154.956
154.404
152.805
153.28
155.176
155.699
157.444
158.992
161.06
161.851
162.494
162.359
161.042
161.867
165.047
168.938
167.119
166.938
166.897
164.203
162.646
161.483
165.288
164.689
163.98
161.288
161.19
162.114
165.312
163.645
166.122
163.891
166.531
163.382
166.773
168.068
168.073
166.76
166.148
164.89
166.225
165.125
165.461
170.485
168.806
166.517
166.505
165.527
165.22
166.499
167.217
164.76
165.853
163.486
164.078
165.125
165.342
163.783
164.251
165.18
163.065
160.617
157.374
157.342
155.43
158.965
154.295
155.46
154.825
155.09
154.769
151.93
153.788
154.54
155.528
150.567
147.99
147.413
146.197
147.052
148.819
150.219
152.639
155.728
156.736
156.055
156.36
156.052
156.254
155.435
152.597
155.973
157.468
158.987
157.147
155.286
157.028
155.2
154.903
154.325
154.004
153.831
155.783
154.429
156.741
156.73
158.535
157.491
159.827
159.326
157.959
159.294
159.178
162.302
162.539
163.252
165.304
165.528
165.812
166.76
166.64
171.368
167.063
163.357
163.534
161.321
157.543
159.312
160.289
163.333
161.238
159.226
157.479
156.709
156.137
152.837
152.263
151.368
151.877
151.569
149.575
148.634
148.846
152.36
155.255
158.076
159.378
156.814
156.032
150.984
148.4
152.149
150
146.317
145.024
141.62
142.998
139.986
137.528
137.558
137.575
134.979
135.798
135.274
134.664
130.147
130.982
128.078
130.916
130.495
130.696
133.084
132.303
133.084
130.703
132.141
132.882
133.617
136.326
135.553
136.207
137.919
138.744
136.984
135.736
136.425
137.108
136.487
135.276
138.346
136.624
136.334
135.521
135.814
136.332
135.838
133.161
132.899
131.426
130.259
130.092
127.458
127.057
125.45
124.723
127.461
129.268
126.845
127.319
126.795
126.657
126.952
125.627
122.845
122.507
124.256
123.875
124.296
125.824
126.751
125.918
129.566
128.807
128.204
128.33
127.729
128.032
126.549
126.561
126.305
127.679
128.376
129.569
131.94
132.649
134.506
132.461
132.563
134.374
135.332
136.549
136.671
136.945
137.889
137.744
135.86
133.522
133.356
135.511
136.452
136.899
136.478
137.804
138.671
136.141
137.474
138.533
136.529
139.287
140.697
143.474
143.442
140.45
139.581
139.859
140.713
140.006
141.881
142.438
139.797
141.931
141.287
140.696
138.516
141.226
140.252
138.061
138.47
138.795
139.845
138.868
140.57
141.972
144.021
144.842
142.802
142.363
141.577
143.124
141.35
140.381
140.976
141.998
144.98
143.335
144.816
