100.917
101.501
100.731
100.833
102.452
102.117
102.014
102.028
102.878
102.128
102.503
102.761
103.225
103.313
101.597
102.501
103.7
103.92
103.841
102.231
102.116
103.866
101.234
103.053
104.074
102.744
101.424
102.108
103.493
103.09
102.002
102.842
101.661
103.341
103.536
103.644
106.461
106.912
108.59
107.234
105.595
104.831
106.713
104.879
104.623
103.89
104.863
108.814
109.279
108.807
109.308
107.729
106.273
106.004
106.93
107.159
106.158
102.064
101.425
99.6668
97.7053
99.5399
99.0607
100.431
99.4159
100.805
97.7458
98.0023
97.2095
96.643
96.3585
96.6487
95.0927
93.9308
96.837
96.1067
98.4093
100.013
100.617
98.4778
100.06
98.2104
99.6547
99.373
100.662
100.987
100.636
98.8474
101.942
99.4838
100.419
100.47
100.373
99.7839
99.4283
101.681
100.653
101.237
102.532
101.416
100.873
100.573
100.644
99.0752
99.5037
97.5495
98.3774
98.4721
100.264
99.9801
100.001
101.284
99.2882
98.1981
98.088
98.9106
100.167
96.888
98.0705
99.4236
100.055
97.444
97.4694
96.2618
96.1949
95.9173
95.0766
95.5218
94.2619
94.6832
95.6469
95.6849
96.3056
94.8481
96.9839
99.9834
101.12
102.779
103.169
103.616
103.202
102.691
102.316
101.83
103.475
101.61
100.631
99.3189
96.8566
96.046
93.7473
94.0094
93.3307
92.7448
92.2619
92.3726
92.5085
93.3103
93.0934
93.9576
92.9601
92.2646
93.2943
93.218
93.1207
90.7655
92.193
91.4166
91.1406
91.7542
91.584
92.2098
93.4894
94.3594
92.631
93.5637
92.4135
91.2913
91.3808
91.3647
91.8557
91.419
90.8199
90.8979
89.5492
89.0708
88.5032
87.4578
87.9091
88.2
87.1243
88.1332
88.6092
87.1264
88.0048
88.4977
88.6727
89.9715
88.6302
89.4711
89.9251
90.35
91.3153
92.4967
91.9581
93.4219
94.2317
96.0096
96.8061
98.9555
99.7657
97.8892
98.0093
98.2868
97.7556
97.7621
99.4987
96.8292
97.1558
95.5977
93.6628
94.0753
95.8872
97.3628
97.1619
95.8311
97.0991
95.3359
94.9157
97.3772
96.9849
98.0245
97.5823
97.0879
96.7496
96.4486
97.0389
96.9192
95.3952
94.8021
94.2166
93.447
92.5926
92.1961
92.3613
91.0025
91.4429
90.6008
91.6837
92.2266
93.2193
93.9196
94.1755
93.2605
93.5436
93.0526
94.6738
94.0222
94.0409
95.1511
93.4882
93.8932
95.3036
95.0368
95.7029
96.1686
95.6994
97.3522
97.1482
96.9269
97.2318
98.5111
99.3479
100.198
101.387
100.916
100.527
99.7648
98.6831
99.6122
100.857
100.505
101.617
99.646
99.0342
97.7204
98.7885
101.954
101.209
99.6164
100.852
99.7864
99.8935
99.7343
100.09
100.712
100.64
101.353
102.529
102.209
104.749
105.639
107.284
106.502
105.731
106.741
104.488
105.412
107.036
107.432
104.357
104.442
104.854
105.705
105.714
103.446
102.037
101.519
103.859
105.426
106.01
107.164
105.891
105.891
106.44
105.622
106.687
107.708
108.33
108.686
108.849
110.679
107.885
107.43
109.67
111.177
110.344
110.61
109.119
107.765
107.58
107.69
105.954
105.183
104.067
104.592
106.582
107.14
105.996
106.275
104.045
104.4
105.246
103.975
102.937
104.658
105.813
105.352
104.384
102.343
103.974
103.571
104.007
103.376
103.071
102.884
103.778
99.5929
99.2574
99.5418
100.982
102.664
102.001
101.756
103.009
105.596
104.113
104.568
106.508
108.298
105.595
103.756
104.18
105.102
105.474
105.473
107.553
105.55
105.611
104.587
103.99
104.411
104.905
102.58
101.35
101.135
99.4477
99.4764
102.044
103.586
104.502
102.528
101.183
99.4174
101.39
101.298
101.692
102.198
101.662
102.376
101.278
100.609
103.221
103.003
102.351
104.863
102.66
102.573
101.503
101.288
100.329
98.4767
98.6337
99.7928
102.89
100.71
100.583
98.9085
99.9736
101.546
101.751
101.754
102.102
100.958
101.457
101.881
101.19
101.826
99.8003
103.005
104.192
102.512
100.129
101.017
101.387
102.719
100.901
101.088
102.791
102.764
101.41
101.97
101.336
100.146
100.738
102.732
101.634
98.9776
98.535
98.4884
99.2016
97.7322
97.5889
96.4079
94.2593
93.2147
92.0722
92.5221
93.8221
92.9327
92.3049
91.9044
90.6028
90.8552
90.3871
89.3251
89.2618
91.4966
90.162
89.6919
89.1239
88.3947
86.6973
86.8935
85.485
86.7534
86.2277
87.1788
86.4447
84.4181
83.8235
83.9882
84.6214
84.3793
83.058
80.4055
79.3554
79.5076
81.0157
81.267
82.5699
83.0052
84.0698
83.5225
85.507
84.9968
85.1008
85.4677
85.3603
84.5013
84.9045
86.7831
86.5843
87.6492
87.0071
86.421
86.579
87.7679
86.2163
85.1229
82.2039
82.5333
83.0467
82.605
83.0248
80.7234
80.6744
79.9476
79.814
78.8972
78.529
80.4547
80.7954
80.0828
80.5101
81.1735
80.9259
82.4053
82.8443
83.71
83.7492
83.4588
83.7723
84.6567
83.4933
82.615
83.8237
84.1365
81.3622
82.6683
82.115
83.6536
84.7636
84.8294
83.3389
82.6754
83.4312
83.5321
82.5487
81.5376
81.9629
81.2622
81.2787
81.0661
81.9587
81.841
81.5296
81.5276
81.1946
81.1746
80.3196
80.9597
80.1748
79.5388
81.8207
79.0677
78.7426
78.4798
78.9666
79.0728
79.8345
78.9328
79.2234
79.7857
80.4126
79.5197
78.9185
79.342
79.3189
80.536
77.9127
76.3349
75.0749
76.1106
75.7378
76.6588
74.789
74.2915
74.5647
73.2764
