100.632
103.079
102.19
100.546
101.376
100.228
99.5748
98.3146
98.7101
98.4884
98.892
99.2033
98.6083
97.2388
96.8323
97.8927
99.4053
99.795
100.743
101.407
102.549
102.104
102.953
102.792
103.549
104.319
105.703
106.161
104.857
104.683
103.516
104.578
102.987
101.695
104.256
103.107
101.622
101.96
102.357
102.202
101.984
99.7309
101.442
102.194
100.883
99.958
98.731
99.7315
99.3597
99.7547
100.256
99.6772
99.3423
100.612
99.1952
97.8787
98.2513
97.1126
95.2567
95.1074
94.2795
94.8221
95.9769
97.6572
98.0207
96.9916
97.3198
98.0261
97.8353
95.8481
96.1446
96.0759
97.1848
97.0276
96.2406
94.5738
97.4023
97.3868
97.6948
98.7844
98.3309
98.8498
99.2083
99.9821
98.1235
100.389
100.297
98.7989
97.6329
96.8393
98.485
96.4914
98.1968
96.9171
93.5913
93.0123
92.3469
92.2871
93.039
94.3836
93.8914
93.2587
93.6966
94.6497
95.4454
94.8116
95.2015
97.6434
98.351
95.5033
94.1116
95.5802
98.573
97.8982
98.3486
97.5092
99.4018
98.8449
100.086
100.23
100.859
102.564
102.804
101.175
100.97
103.982
105.859
105.524
103.84
104.818
107.654
109.357
109.769
111.256
112.447
110.445
106.707
106.828
105.885
105.469
106.101
104.454
102.706
102.141
99.9568
100.662
100.438
97.6543
98.9499
98.8879
100.109
100.821
101.168
100.704
101.372
101.476
100.891
98.6554
98.1414
97.0163
97.3528
97.297
97.4926
96.4399
98.0155
97.1346
94.8562
94.0401
95.9662
98.2941
97.317
98.6521
96.5001
96.2148
95.3482
94.2875
94.9259
94.5479
94.6778
93.9094
91.7753
91.5509
91.9342
92.2753
91.6097
93.3971
93.3941
93.4779
94.8999
95.9718
95.3712
94.3584
93.6546
93.7502
93.9113
93.0858
91.9669
93.1367
91.7273
92.5467
91.7495
91.8869
92.4228
95.2385
94.3729
95.4432
95.3318
94.5729
94.2963
96.2076
95.0336
94.3198
95.7023
95.1167
96.5938
99.5171
99.8208
99.9813
98.3959
99.6511
100.89
101.898
101.35
100.117
99.7602
98.4298
98.6858
97.8069
96.3749
96.0994
96.3382
95.5334
97.0243
96.2708
94.9464
94.9211
94.887
93.9641
92.8899
94.7037
95.3736
94.943
95.3515
95.8375
96.8498
96.5868
96.4176
97.0494
96.8011
98.3896
97.5808
95.2904
94.8506
95.1134
96.56
98.2334
96.9283
95.5674
96.3825
97.0217
96.1928
96.9971
98.8041
99.7231
101.305
100.958
101.57
101.318
103.287
103.64
105.793
105.477
104.677
103.836
102.436
101.156
99.0191
99.8169
99.0231
96.864
97.7691
96.4605
94.7635
93.5879
94.409
93.1896
93.147
92.793
93.9327
94.534
93.0747
93.5463
93.6358
93.4133
93.657
93.7829
94.3729
95.8351
94.2112
92.6659
92.4671
92.017
91.6921
90.8445
89.4773
90.0469
87.8245
87.9522
89.1225
87.8485
89.7386
88.1468
88.0362
86.6485
86.2581
87.5426
88.9309
88.6398
87.8296
88.4509
87.4845
85.4178
85.4294
84.7689
83.3921
82.3876
80.8064
80.042
80.8977
81.191
82.2046
82.687
82.2857
82.3632
81.8607
81.0629
80.2892
80.4189
80.242
81.6583
82.07
80.1469
80.5159
81.1129
80.4636
82.0588
83.6137
83.9004
84.724
84.8179
85.6097
86.4319
85.8747
86.0662
86.1734
86.3536
86.2696
84.8893
86.1812
84.4963
84.1291
83.7042
82.9368
82.5801
81.8321
84.561
86.0638
87.2156
87.2446
88.1712
88.7647
91.4669
91.3666
92.3496
94.1602
95.441
96.6246
97.5378
94.8258
94.3962
97.2368
96.5919
94.8635
95.7762
96.5173
95.9177
95.3325
94.5494
95.0816
95.3522
94.6371
95.5389
94.0432
94.6716
91.9598
89.6888
90.099
89.0089
89.1495
89.8362
90.8855
91.1567
91.0214
89.7586
91.933
91.7124
90.9054
91.3161
91.2773
91.0929
92.2884
92.5076
92.1002
92.2719
90.9171
93.5386
94.3404
94.2872
92.8792
93.9525
94.9209
95.6325
93.5136
93.7892
94.4642
95.0799
96.0349
94.3688
91.1869
91.0385
89.6185
89.1008
89.9267
89.6815
91.2948
90.7995
90.5545
90.7172
90.1087
89.1893
88.6064
90.1338
89.1082
90.385
89.5707
88.567
87.9665
90.4691
89.5102
88.8727
88.0866
87.6993
86.5885
87.4281
85.7931
86.1442
86.6278
88.5896
86.9225
86.1292
85.2626
85.6606
85.6021
86.0648
85.5813
84.0467
83.4943
84.7371
84.4181
84.5069
82.2796
83.1768
83.131
83.7504
83.7324
83.0345
81.7934
82.7972
80.8099
81.9496
80.8918
78.9093
79.7795
79.6861
78.7827
78.0734
77.6626
77.5099
77.5591
78.5118
78.1513
77.7791
77.1599
77.537
78.9851
79.9248
79.1823
77.2763
76.7562
76.2484
75.7666
76.8866
79.7089
79.665
79.2494
79.0789
80.5164
80.0566
82.1642
81.4928
82.5815
83.4643
83.1075
83.2535
82.9283
83.6279
83.3608
81.9305
81.1224
80.9581
81.4977
82.5456
82.1784
82.9672
81.1468
81.5529
80.6699
79.8102
81.6043
82.1144
83.796
83.2822
83.5948
84.489
84.72
83.041
83.5124
82.9152
82.1421
81.9445
83.9089
83.7633
83.8661
85.0207
87.6479
87.9761
86.921
86.9433
87.6628
85.409
86.7328
85.4392
84.0273
84.155
81.6777
81.1021
80.4381
80.1613
81.8801
82.3542
84.1851
82.3759
83.9581
84.7607
83.5933
84.108
83.0916
82.9361
82.0544
82.0283
83.3418
82.55
82.4564
84.5443
83.7466
85.0717
86.4882
87.4629
87.9357
87.808
86.4846
85.5943
85.3229
83.7068
82.1266
80.0655
80.6763
81.8405
84.613
84.4706
82.7283
81.5485
81.0991
82.223
82.2391
82.142
83.5349
85.3564
85.3949
85.9059
