100.585
100.83
97.6146
98.9545
99.5286
98.1882
98.0036
97.5464
98.7658
97.6594
97.7624
96.934
97.3605
97.6447
96.4968
96.371
96.789
97.6233
98.7918
99.4604
101.318
99.3472
100.112
99.1186
99.8362
98.5808
99.5602
100.048
99.3762
100.875
103.272
102.112
99.6481
100.135
101.7
102.401
102.741
103.64
103.995
102.82
100.925
101.119
101.913
99.3791
97.2353
98.7396
97.7261
97.6118
98.3967
97.7174
96.6972
97.7557
98.181
98.7863
98.2944
96.5581
96.0817
96.5535
97.986
98.9597
98.9403
99.9932
100.235
102.109
98.9668
98.8687
99.0628
101.239
101.127
100.215
99.7178
100.664
101.416
102.258
103.123
102.189
102.222
104.348
103.826
104.01
103.677
104.466
104.547
105.912
105.679
107.019
107.116
106.081
105.395
108.482
108.419
106.932
106.999
107.543
107.695
108.582
110.914
110.252
110.172
107.793
107.73
107.314
107.005
109.757
107.282
106.949
107.015
107.829
107.926
106.392
107.025
106.804
108.559
108.566
108.289
108.644
107.416
110.296
109.209
109.539
110.168
110.821
108.842
107.669
107.168
106.858
107.388
107.638
106.2
106.034
105.441
106.048
107.228
106.38
106.623
108.812
108.437
108.851
107.407
106.44
104.798
106.729
106.963
108.381
107.309
106.845
107.904
107.148
107.819
106.916
107.992
110.815
112.006
113.2
111.981
112.574
111.047
111.353
110.647
109.886
109.961
108.417
109.753
112.7
110.606
109.473
109.977
108.499
111.647
112.45
111.404
111.407
110.894
110.97
109.801
108.365
109.268
106.369
107.505
109.172
110.555
108.008
108.07
108.309
107.038
106.922
107.302
109.368
105.942
106.321
109.446
114.079
112.411
112.96
111.826
112.56
112.51
111.123
112.936
112.107
111.824
111.614
111.533
111.914
112.562
111.226
112.46
114.834
117.713
115.745
117.675
117.401
115.963
115.995
117.507
117.275
118.035
116.239
114.868
117.15
115.379
115.576
114.222
113.877
112.755
112.553
113.37
113.705
111.2
110.036
108.487
108.527
107.047
107.883
109.175
106.737
105.041
103.403
102.909
99.3409
97.4842
95.627
95.3431
96.3622
97.4899
98.9026
97.7107
97.8601
98.9972
98.3268
98.7725
99.5564
98.7701
96.2275
97.676
98.3133
97.6669
97.6989
95.7225
95.5212
94.77
94.0681
94.8671
97.4034
97.1105
96.6186
97.5322
96.7407
94.7666
95.8296
95.1747
95.2221
93.5725
94.505
95.0058
93.7622
95.9421
94.7802
93.8406
92.5075
90.648
91.0301
91.2621
90.8712
90.8732
93.1268
94.7834
96.472
95.1823
94.7809
94.1211
94.1724
94.3235
93.1941
93.988
92.3062
93.0135
94.1473
92.901
92.0372
92.7563
94.1892
93.5522
94.0097
94.2852
94.0765
94.4532
96.2088
95.7869
94.1525
93.1551
92.3733
90.1861
90.0894
90.6761
91.1126
91.6373
92.5695
91.4607
91.7973
91.5104
91.2395
92.7355
92.6779
91.7037
91.5439
91.1696
91.829
91.3701
90.6273
90.3772
91.2713
91.1754
92.4032
91.5607
92.3798
90.1484
90.8811
90.6544
88.1414
86.0603
85.6887
87.7449
87.65
88.0625
88.1933
87.4854
88.273
86.8806
86.9674
86.3759
86.7292
86.6964
87.0073
87.4799
89.0395
88.24
87.4774
87.4358
86.2245
83.8132
84.1025
84.981
85.8556
85.6513
85.7994
85.0157
85.1201
86.7447
87.6031
87.2216
86.724
87.7655
87.9104
88.5849
89.4144
92.4803
92.5443
91.5987
93.1258
92.4149
91.7013
90.3183
90.2401
90.9756
90.1841
92.2927
94.2518
95.2533
96.226
95.4628
95.6168
97.8881
98.9255
97.8541
97.3546
96.99
96.3578
97.1066
95.6329
95.741
94.8496
94.9276
96.8063
98.3008
98.2484
99.6083
99.4257
99.8243
101.456
102.553
101.836
105.128
104.699
104.929
103.244
101.397
102.161
102.913
102.852
103.046
101.831
101.686
101.188
98.4833
100.381
100.856
100.527
100.837
101.626
101.791
101.538
100.24
99.8313
98.8136
97.1657
98.8602
98.9292
101.442
102.975
102.736
101.792
101.989
101.649
101.418
101.06
101.305
97.2881
95.363
95.153
95.0656
94.0713
94.1849
94.4398
98.3608
97.692
97.7128
98.0915
99.5079
99.4817
99.0432
98.307
97.369
98.5728
99.7291
101.115
101.12
100.798
101.929
100.553
102.78
103.504
105.553
104.673
106.623
106.043
104.183
102.47
100.173
99.9884
101.759
103.099
103.83
103.843
102.36
101.379
98.1666
97.5102
98.414
97.3051
96.5906
97.0236
96.9683
95.4339
96.4877
100.217
97.9807
96.9115
96.4692
95.9385
96.6278
97.464
95.7201
96.2372
96.3745
96.9289
97.6152
98.3934
97.8326
98.6719
99.0693
98.9185
102.366
103.532
103.607
102.449
102.492
102.694
101.899
103.143
103.753
104.938
106.123
104.085
101.899
101.214
101.332
101.75
101.558
100.399
101.002
102.025
102.162
100.877
102.217
103.855
107.495
107.417
110.231
111.761
112.194
113.369
115.963
114.055
108.914
108.711
109.279
109.689
111.408
111.126
112.03
110.625
111.906
111.524
111.555
112.6
113.325
112.099
110.477
107.886
106.44
105.436
105.781
108.677
107.63
107.395
107.603
108.921
109.82
110.034
110.764
111.468
111.132
109.759
111.211
110.523
111.276
112.572
112.269
111.076
110.336
110.166
108.289
107.125
106.168
108.006
109.081
106.762
108.006
108.131
108.394
107.773
109.638
110.808
110.311
111.034
111.084
110.112
111.924
113.372
