100.719
99.935
102.997
102.866
101.43
100.222
98.895
99.3148
98.3357
98.2141
96.6305
96.174
94.5969
92.6403
92.7331
91.3675
94.0285
93.549
94.4505
95.0195
94.2571
94.8614
96.084
95.3352
94.7019
93.3663
93.8949
94.4767
95.227
95.3118
95.7205
95.4252
95.2633
95.2162
95.8779
93.9736
93.1902
94.8169
95.8262
96.8149
94.2233
93.7226
95.619
95.3697
95.595
94.2206
95.5012
95.5799
94.346
94.7138
94.3107
96.2907
96.4508
98.5041
98.6495
101.53
102.833
103.914
104.141
104.572
105.857
106.423
106.684
107
105.62
104.49
103.691
104.565
102.98
101.902
101.021
101.375
101.728
103.696
103.785
102.106
100.504
101.784
100.329
98.5665
97.8246
96.2762
96.8897
96.8867
97.3114
97.4053
95.9374
98.0849
102.07
100.869
98.8917
98.5085
100.24
99.9716
99.6549
101.353
103.428
103.167
100.794
98.9877
100.284
99.8134
99.0229
97.9222
99.0768
98.9349
97.7506
98.7042
99.9545
100.963
101.917
99.9667
100.861
101.647
102.355
104.517
105.488
104.947
106.595
107.079
106.967
108.75
109.673
111.071
109.43
109.942
111.08
109.183
109.019
109.123
108.228
108.52
108.446
109.107
109.364
106.311
106.491
105.246
105.175
104.136
104.488
105.116
107.386
106.354
106.934
109.586
111.898
110.174
112.979
113.153
111.767
111.438
110.666
109.19
107.792
106.502
105.445
107.071
106.678
104.205
104.917
104.979
103.491
102.621
101.888
100.164
98.4395
100.416
100.318
99.8983
100.077
100.209
99.9447
102.287
101.49
99.8475
98.227
99.093
99.1485
98.9599
101.612
101.132
100.377
98.645
97.9331
98.5284
100.261
99.5733
97.7073
98.7221
97.1037
98.2223
96.6181
97.0172
96.8558
93.8897
93.8341
92.3971
94.4414
94.8458
96.695
98.3096
97.7391
96.0931
96.3115
96.6323
95.3112
94.7932
95.6525
98.4563
97.6888
97.4788
98.6774
99.9714
97.0379
96.7318
95.9172
93.1982
92.9276
95.1735
93.7305
93.8119
91.565
92.2664
93.3342
91.0944
92.1963
91.3415
89.8494
90.5665
90.5537
90.5828
88.9823
88.1719
88.7517
88.5749
90.0063
89.7654
88.4983
88.0571
86.1345
86.8004
86.9495
85.9696
85.552
85.2003
85.3675
84.8101
82.7563
83.0891
82.6436
82.7059
82.8175
83.1715
83.5156
84.2498
86.3822
86.883
87.3293
87.3069
85.9623
87.3013
86.849
86.3792
87.2864
88.328
89.9662
90.5758
90.7056
90.3439
89.2615
88.4631
88.8979
88.0943
86.8274
86.6171
85.9844
85.6018
86.2689
86.3754
87.0814
87.1838
88.7006
86.3588
86.4725
87.7976
90.1108
89.2908
91.55
89.8038
88.9991
90.4281
90.2106
90.0462
88.0137
88.6523
90.2303
88.9494
88.8313
88.6564
87.9189
88.6569
89.4919
88.8251
86.4445
85.664
87.1261
88.0109
87.9456
87.0631
86.9196
88.2779
87.4322
87.6657
88.3565
87.9799
87.268
87.3146
85.6969
83.7723
84.3169
83.7432
84.0494
85.7532
86.3814
87.1723
88.3781
88.9755
87.2667
87.0087
87.6344
87.7715
87.1232
88.0052
87.5141
87.1209
85.2499
84.2135
86.6507
86.9228
86.9135
85.8597
86.1613
87.364
87.9304
87.3891
88.7683
86.8425
86.8537
87.9175
88.7034
88.0133
88.212
89.3412
88.8525
89.1852
91.2197
91.3022
92.5697
91.7394
93.5799
94.6376
93.9884
92.2661
92.4557
91.745
89.8926
88.4466
87.453
86.6959
85.3242
84.8314
85.21
84.402
84.6906
83.2917
83.6574
83.357
84.2288
84.7875
84.4437
84.5506
84.8782
85.9779
86.3699
87.0095
86.6358
87.4679
87.7003
88.6999
88.4932
88.0132
88.7176
89.7358
88.344
88.5745
87.3976
88.323
88.5466
87.9079
88.4403
88.8256
87.9121
88.6906
88.1763
85.7011
84.7611
85.296
86.5547
87.0642
87.1022
87.404
87.1897
86.3483
87.6645
88.5294
87.4451
86.1293
86.0191
85.3872
84.6746
84.4719
87.3444
86.8787
86.5671
88.072
87.2233
87.0283
86.054
84.9457
84.5237
86.0555
85.4704
85.5551
86.7446
84.974
86.0023
85.9628
86.1308
86.3154
86.8929
86.1161
85.719
86.0358
85.7693
86.8917
86.3
85.9117
85.4405
84.1982
84.4351
86.4971
85.4522
85.0745
85.6075
86.855
86.9649
86.2801
86.809
86.0704
84.4307
85.7283
85.9355
84.9301
85.8537
84.9586
83.1043
81.5952
81.9962
82.2282
82.9124
83.6059
83.3009
83.5486
80.9416
79.2385
79.2808
79.7321
79.6448
81.1467
81.7519
80.5618
81.0915
81.7522
82.1585
81.0418
81.97
82.5825
83.104
84.2622
82.8376
82.7114
81.9383
80.1285
78.8241
79.262
79.9699
79.53
78.4129
76.5834
77.3349
77.1149
77.0713
77.6662
75.4847
75.2804
77.3326
78.6672
77.7523
77.1441
78.0381
77.1371
76.7685
75.7837
75.7355
74.9468
75.1287
75.5247
75.7066
76.8862
78.0223
78.9537
79.3695
78.936
79.6762
78.745
77.6159
77.9592
78.3152
78.1541
78.4212
79.5313
78.6602
76.797
77.1333
77.5161
76.8277
78.314
79.1835
78.7284
79.3062
80.1781
81.5372
79.8795
80.5964
80.6119
80.1016
80.9793
82.3546
83.3449
83.3845
84.3411
85.6208
85.5147
85.0808
86.5533
86.0683
85.6723
85.0937
83.9177
84.1199
85.3843
84.1973
82.4651
80.5905
81.098
79.8438
79.5973
77.5847
78.029
78.5543
77.0135
77.541
78.438
78.5523
77.384
77.3424
78.38
78.4614
78.981
79.0816
79.98
80.2798
82.116
82.6109
83.1771
84.1011
83.715
84.2984
83.7626
84.5155
83.5684
84.1427
85.3568
85.6666
85.3541
85.7408
85.4588
84.7819
86.1805
