99.5678
99.7434
99.0193
99.8334
101.069
101.111
101.145
99.3383
98.2865
99.7025
103.197
102.134
100.076
101.776
101.936
103.642
102.523
102.847
102.934
102.735
103.984
102.95
100.543
100.332
99.9575
98.8499
98.0277
96.7593
97.1461
97.6306
96.1982
96.5491
98.2505
97.0334
95.7978
97.4566
99.6407
101.023
99.1694
101.161
100.634
99.5925
100.449
99.8611
100.752
102.346
101.824
101.306
97.6607
96.6365
95.6788
96.5158
97.6572
98.4042
96.7525
97.0818
98.2936
100.395
100.909
100.126
100.741
101.818
100.749
100.624
98.5028
99.5367
100.377
101.604
102.094
101.569
102.318
101.792
101.412
102.794
101.922
102.587
102.373
102.461
100.2
99.3742
100.247
100.896
103.389
103.887
102.491
100.946
102.59
101.029
103.875
103.429
101.103
100.906
100.215
100.991
99.7279
99.3825
98.9519
98.7073
98.1535
98.5651
99.8954
99.9662
101.612
100.46
98.6062
97.0218
97.4724
97.7829
98.6796
98.6475
98.9427
99.7831
98.1884
100.269
99.539
98.1853
98.8483
98.5503
98.182
100.983
102.771
103.89
103.34
101.674
103.758
102.36
104.04
100.938
100.662
101.875
100.363
101.409
100.716
101.137
100.768
100.421
99.4193
100.528
100.854
99.1211
97.0155
96.9984
97.7349
97.5535
95.477
94.5522
95.7629
97.4818
95.9676
95.9304
94.4842
94.4518
94.1241
94.3893
93.9637
94.9022
92.9307
92.7289
92.5716
91.8846
92.2435
92.611
92.8915
93.324
91.1127
91.428
91.7745
91.2203
92.6805
93.2681
93.3365
92.4857
92.3555
94.2639
95.6516
95.0953
94.9694
96.8435
97.2784
95.4462
95.2638
95.9367
98.2737
98.3655
97.5553
97.8723
97.3105
95.6401
95.0167
96.1106
96.3567
96.4476
95.2702
96.5511
94.3545
96.2766
98.7083
97.816
98.4516
99.4682
99.5101
97.6582
97.7907
97.3177
97.4416
96.5565
99.2605
99.5497
99.9059
98.8053
98.3669
98.927
99.4436
100.636
100.296
100.177
98.6454
96.869
96.0025
94.5309
92.6164
91.9785
92.7552
93.0576
91.7381
90.4911
89.5411
90.4507
89.1355
90.476
90.5163
94.1761
94.525
96.0691
97.2745
98.6167
98.296
97.2411
97.224
97.2384
96.2853
96.2826
98.4091
97.4656
97.8386
99.5975
98.9339
99.1168
101.63
102.164
101.708
101.44
102.48
103.072
102.308
103.392
103.272
103.277
105.174
104.937
104.509
106.21
104.923
103.788
105.04
105.922
107.703
107.325
107.105
108.093
106.452
105.921
104.919
104.657
103.402
102.724
104.542
104.42
104.613
101.526
101.48
100.682
102.433
101.724
101.194
101.878
100.201
99.7812
99.26
98.7066
98.536
98.411
96.9366
98.0639
99.7566
101.24
100.861
101.171
99.9329
99.5843
99.4359
99.4873
98.7569
100.215
99.5339
100.306
98.9191
98.8294
99.5417
99.2177
100.723
101.503
98.6927
100.318
100.93
99.905
100.076
99.5943
99.1476
98.4212
100.368
100.735
101.246
99.7129
97.8675
97.7839
98.1863
99.1266
100.608
101.026
102.166
103.466
103.367
102.212
100.762
100.398
99.6067
98.5733
98.4334
97.9845
96.1991
96.012
96.2503
96.3123
96.7051
97.5999
98.6227
101.733
100.531
99.9579
99.6454
98.228
97.1971
96.574
96.2166
96.3965
96.2032
95.6088
93.8868
92.1152
92.6191
92.8268
92.8415
94.4387
93.8826
94.2884
94.1577
96.5134
96.1112
96.9081
97.9806
98.3274
98.5888
98.0293
97.7258
100.316
99.9632
99.7941
99.8018
101.423
100.041
99.428
98.9601
97.8807
96.5404
96.3684
95.4968
96.8431
95.2238
95.0113
94.6725
94.5609
95.8409
97.7024
97.3894
96.4537
95.4409
94.5489
93.9255
92.606
91.6789
91.5851
92.8314
93.3754
93.0651
93.9994
92.8483
93.1574
91.3026
91.0452
91.0196
89.6927
89.5148
87.3593
87.2117
88.6112
88.295
88.5063
86.7611
87.6885
85.4378
85.6596
89.0813
88.2237
88.001
88.3536
86.5804
87.1916
86.4845
87.6068
88.5521
87.4803
86.6852
85.2787
87.8333
86.7057
88.945
89.2252
91.1273
90.46
91.3653
91.8012
94.4619
95.3501
94.3427
90.631
89.0432
89.4052
88.0248
86.5758
86.7639
85.0445
83.795
84.537
85.4215
85.6969
85.3081
82.6649
82.4469
82.0144
83.3931
83.1433
82.5768
81.8582
81.5253
80.8633
82.2282
82.4639
80.2883
81.337
82.7699
83.1016
85.463
85.3809
85.4602
86.899
86.9527
87.9329
88.0136
87.9205
88.3269
89.2404
87.5953
87.2551
87.2349
87.3589
87.2418
87.6337
88.2782
89.3862
90.9654
91.4918
92.2232
93.5245
94.3798
94.1029
92.931
95.7891
98.1602
98.9299
99.3567
98.7305
96.8315
98.3932
98.462
96.3133
96.3687
96.91
96.2993
96.594
96.6792
96.4428
95.6177
94.0927
93.1511
93.1174
92.8927
93.1418
92.4937
91.6843
92.8574
90.8239
88.3955
87.2493
88.7911
88.6836
87.6588
89.3694
87.168
86.1939
85.406
83.3211
83.2191
84.7592
85.8576
87.0142
86.6667
89.6852
90.3265
91.4616
90.3068
89.134
87.6053
87.7335
87.6348
86.6461
86.0274
86.9272
87.0527
86.3855
84.9669
86.3455
85.8298
86.6489
87.889
87.1845
86.166
85.6173
87.7024
89.2214
89.5988
89.1962
89.6888
89.0505
88.2119
89.8004
91.018
92.5779
91.682
91.3465
92.4132
91.8628
89.2597
89.0916
88.8429
87.8899
87.2634
86.9257
86.4842
86.571
86.1159
84.4774
84.8558
83.8538
83.5925
83.6978
84.9105
85.9255
85.6357
86.4605
85.8095
86.5788
87.5933
87.1632
87.2869
86.3787
86.5025
88.7754
89.3032
89.8786
