97.3277
96.8518
95.0493
94.9429
93.7167
92.5633
93.2834
93.9115
92.718
93.7643
94.7754
92.4253
92.8712
95.0788
94.1541
91.676
90.5229
89.9898
90.0938
89.0872
91.2021
91.3174
90.999
89.9369
91.6322
90.4571
89.1219
89.3774
88.7197
89.6313
89.6133
91.6827
90.9994
92.3139
91.6861
93.5376
93.465
92.857
90.9673
90.9976
90.4186
90.7452
90.5215
91.2516
91.3644
89.4897
92.1556
90.6709
90.6708
90.4649
90.6504
89.6913
90.2319
92.017
90.8835
91.6419
91.7847
93.3721
92.2158
91.0446
90.1129
89.6089
88.2694
88.3673
89.7805
91.7503
92.4314
93.0904
92.9987
93.4465
92.6977
91.673
91.7123
91.7173
90.043
90.4363
93.2262
95.7688
95.0607
95.0111
94.3461
95.5809
96.2923
96.2159
95.3263
93.9845
93.1423
93.2213
96.2517
96.2684
96.8741
96.9218
95.0431
96.3933
95.1215
94.4765
95.0338
94.6715
94.7466
92.7235
91.391
91.7403
91.8248
93.7988
94.7131
94.5841
93.5153
94.8435
92.2557
92.6947
94.4947
94.3095
95.3097
96.1939
96.0653
97.075
98.8367
99.0376
98.5609
98.9536
98.5078
100.17
100.18
101.497
102.171
101.621
101.688
101.217
103.307
104.982
104.322
104.534
105.394
103.84
103.747
101.456
101.049
101.349
101.553
104.776
106.218
108.45
107.385
106.783
108.657
107.333
108.829
109.498
109.873
109.991
107.902
106.465
104.732
105.695
105.941
104.598
104.969
106.712
106.491
106.846
105.654
105.75
105.989
107.915
107.77
107.119
107.145
106.046
106.403
105.301
105.649
105.829
104.595
103.747
104.132
105.287
104.536
105.366
106.339
106.339
104.984
105.788
103.694
101.946
102.072
103.42
104.301
106.203
106.568
105.316
105.179
105.8
106.377
106.623
109.207
108.71
110.61
110.237
112.561
112.72
111.434
112.869
112.767
114.985
114.234
116.327
115.39
114.977
116.794
117.428
116.951
117.666
115.891
115.454
113.122
109.392
110.958
109.662
109.39
106.962
106.383
107.261
106.204
104.818
104.526
104.69
102.975
103.43
103.376
106.55
107.07
106.507
106.479
108.178
107.493
108.273
109.27
109.891
111.863
111.07
110.068
109.156
108.632
108.19
107.624
106.838
109.57
112.155
111.325
110.923
112.404
113.561
114.525
113.871
115.074
113.346
113.745
110.742
112.646
109.518
110.889
110.817
111.178
112.031
108.832
108.927
108.894
109.903
110.12
111.09
109.254
109.333
109.409
107.629
107.196
105.681
104.015
103.921
104.126
103.749
102.472
102.576
103.852
102.97
103.296
101.645
101.194
103.669
101.088
102.182
101.571
102.708
104.556
103.44
102.632
101.322
104.512
104.651
105.191
105.65
106.273
107.514
108.073
108.322
106.76
104.299
103.479
104.734
105.465
107.199
107.418
105.78
106.6
103.969
103.282
103.243
105.087
105.823
104.348
103.31
104.068
103.924
104.42
104.132
103.986
104.406
105.015
105.289
104.464
103.917
101.301
100.701
99.9827
99.0664
98.4886
98.4227
97.0814
97.3708
96.4175
97.7838
96.8063
96.4033
95.4202
96.1446
94.827
93.5918
95.4818
95.7314
94.6116
96.2779
95.9467
94.6962
94.5742
94.8381
96.6787
94.0035
93.2152
93.9602
94.3145
95.4342
93.7127
94.8452
94.8742
96.6995
96.772
97.4027
96.0594
94.8647
93.1557
92.779
93.3895
92.7219
92.9805
92.5076
92.3646
92.7986
92.7749
93.6471
93.194
93.6943
94.7616
95.2961
97.2516
97.8672
99.3536
98.4
98.5658
95.125
93.369
93.9686
96.3826
95.4716
96.3566
96.8153
98.5538
97.4617
95.3539
96.3923
94.9194
94.0899
94.8442
95.9372
94.9
96.0228
95.7204
95.0593
92.6467
92.2883
91.0343
91.5123
91.6316
89.1621
90.2506
91.228
89.8527
90.9
91.9254
92.9108
93.8297
93.7451
96.3816
97.6261
95.7453
94.7633
94.786
95.528
95.6602
95.426
96.7682
98.1582
100.193
100.636
99.4858
98.243
98.716
97.2586
97.045
98.1986
96.751
95.3432
93.8014
92.5658
93.9954
95.101
95.9164
94.8774
95.8769
95.5048
96.2168
96.0034
95.0419
94.8152
92.6086
92.6154
92.2759
94.1636
96.6108
98.5091
97.9369
97.4159
98.9912
99.6523
99.2092
98.0595
97.4223
96.9354
96.7051
97.3424
99.4736
101.087
100.872
100.309
100.849
102.137
103.087
104.434
104.255
103.344
102.667
101.84
101.024
101.156
100.743
101.249
101.431
101.717
100.437
98.6601
97.714
98.0156
98.5561
99.8243
100.528
102.112
101.88
100.864
101.467
99.681
99.1079
99.1586
100.164
98.7648
98.2563
101.513
100.909
102.143
102.838
101.772
100.962
101.451
99.7437
98.2766
98.0349
99.6053
100.865
100.783
100.231
100.565
100.788
101.459
100.57
100.043
100.746
99.1604
96.457
95.694
94.8209
95.5017
94.315
95.2781
92.87
93.1726
92.7529
92.9632
93.5504
92.5961
94.3476
95.6886
96.4163
95.1459
95.2707
93.9536
96.1484
95.8194
94.6633
93.543
95.2757
95.8444
96.0846
94.8333
96.1078
95.5985
94.8808
95.753
95.2892
95.8707
96.011
94.7318
94.0756
93.5295
92.7904
90.3432
90.4782
90.3067
90.4783
90.618
89.8849
88.1573
88.2863
88.645
86.9491
86.5899
86.7941
86.9526
86.4327
85.1596
86.6677
86.6865
87.3129
88.1979
88.4278
89.3504
89.0372
87.7335
88.8916
88.8585
89.0252
87.5784
85.4387
84.6423
84.2815
84.4618
85.3003
85.4079
85.0173
86.5086
88.1388
88.0362
87.191
89.1217
