101.707
100.445
99.6749
100.311
101.325
102.819
102.684
103.204
101.797
100.82
100.543
100.984
100.719
99.4004
98.5128
98.7871
96.5948
97.9903
97.666
94.6375
95.172
93.3508
92.9791
92.3323
91.7433
90.052
91.5691
92.2707
91.1233
90.2726
89.6499
90.2183
89.2752
91.2985
92.8429
92.5043
91.3213
92.2835
90.6839
90.356
91.3351
91.0479
90.5519
89.1835
90.9752
90.3496
89.4972
88.3452
88.7268
88.0114
88.1977
88.2242
88.501
90.3668
91.9379
87.4739
89.1003
91.7986
93.0605
90.499
90.5802
92.2639
91.6941
91.2206
89.6973
89.0733
89.7938
91.7648
93.8163
92.9237
92.8025
91.808
91.2604
92.2454
93.9216
93.3099
93.2546
94.252
92.9838
93.3552
93.2333
91.4113
90.1306
89.9476
90.093
90.1881
91.1779
93.5955
95.3719
94.3564
94.7441
93.9386
93.6358
92.4162
91.3177
92.4097
93.0789
93.5998
94.8281
93.9108
94.4443
95.3558
95.4531
95.2216
94.4827
94.2867
96.3479
95.615
93.8155
94.4043
94.5505
93.6094
93.2989
92.729
93.4466
93.1905
94.8567
97.6934
98.4905
98.4623
96.6149
98.3671
98.4265
100.583
101.38
102.869
103.431
102.719
99.3832
100.497
101.32
102.465
100.193
101.456
102.097
101.934
103.049
103.076
103.208
104.954
107.158
106.821
103.746
105.709
106.814
108.996
108.621
108.729
106.683
109
107.428
104.22
103.641
102.707
103.28
101.766
102.662
105.328
105.315
104.732
103.928
102.982
103.412
101.635
99.8709
99.7027
98.6025
98.3811
95.9111
95.1241
92.7863
92.3088
92.3277
92.2506
92.8843
95.3776
95.4555
95.2669
93.6968
94.587
94.6455
94.3764
92.6957
93.1567
90.7992
91.1224
92.4761
92.6669
91.804
92.5518
91.6874
92.8875
93.6796
94.9192
93.8225
94.7913
96.3405
95.7184
96.5032
97.1186
96.9697
96.0973
95.0147
95.9239
99.4953
98.4649
98.0783
96.6615
96.4808
97.7751
95.781
97.8165
95.5896
95.4927
93.9392
94.0014
93.8022
93.8932
92.715
91.6183
91.081
89.086
88.1442
88.3561
87.4061
86.4472
86.9543
86.4799
85.4459
86.0655
86.4396
84.5884
85.2673
85.1642
84.9165
85.1452
85.8502
86.3096
84.68
83.211
83.1399
82.0488
80.3338
80.4798
81.3533
82.5075
82.3902
81.3836
80.0191
79.6644
79.8264
79.1503
79.2361
78.4353
77.3842
76.9497
75.8816
76.3732
77.6669
77.205
77.6877
77.3858
78.9479
79.5036
80.0613
80.1506
80.4566
80.1666
81.3141
82.0106
82.951
84.8987
84.9263
84.6604
85.0584
85.9687
86.0572
85.5809
86.7682
85.9412
85.2416
85.2063
82.7535
83.2765
82.7098
81.5876
82.4767
84.1106
84.581
83.2775
84.3679
86.0387
85.0273
86.593
87.0026
85.6079
86.42
87.1548
85.37
85.2193
85.0426
85.6201
85.0317
84.6053
86.2788
86.4532
85.8185
85.2328
87.5202
85.5006
84.2207
82.916
83.1918
86.5518
87.5231
86.3892
86.6427
86.6714
88.5849
89.3303
88.4286
86.6761
87.6275
87.0485
88.2825
88.2211
89.1633
89.1362
91.303
91.8
91.531
91.7793
92.0753
90.9593
90.1453
88.601
90.8445
90.6773
91.0261
91.7635
90.3663
89.1891
90.0282
90.2088
91.3404
89.7302
89.9834
90.8419
92.6329
92.0531
92.5295
92.4459
91.9365
93.5677
92.976
92.642
92.586
91.3762
92.0871
91.7154
91.128
91.211
90.6307
89.7024
91.1379
92.1503
92.7838
92.0132
91.2661
93.4335
95.8009
96.9874
96.6066
97.6851
99.4072
100.055
99.2068
98.7658
99.8132
99.5147
99.5555
98.8122
98.3867
99.1894
98.1912
96.0354
96.5856
97.1273
96.1194
97.1754
95.3351
96.5332
96.0787
98.2563
99.3005
98.8325
99.3211
98.833
97.4451
94.7046
94.9357
93.681
91.6985
91.057
94.3402
96.1926
98.1247
95.3022
97.1898
98.455
97.6737
98.7984
97.8503
97.0352
96.4894
97.3117
97.8762
98.5332
98.7649
99.9323
100.681
103.096
102.723
102.708
102.214
101.796
101.299
102.523
101.322
99.0582
100.501
99.359
101.291
102.07
102.696
100.468
100.561
100.279
99.3898
99.1013
97.652
97.7631
98.3367
97.3592
96.6544
98.7054
97.4868
98.2223
97.4433
99.1464
101.033
101.924
100.146
100.892
102.552
100.321
101.754
102.553
101.418
101.612
102.098
102.767
101.69
101.623
101.697
102.653
105.052
105.643
103.908
105.265
104.385
105.173
104.749
105.235
106.098
105.547
103.892
106.152
104.97
105.708
108.355
106.687
103.581
101.846
102.086
99.5781
98.6968
99.2392
100.224
100.484
100.485
98.5839
97.7773
97.2364
97.6508
95.906
94.936
96.572
98.6017
97.8437
95.6436
96.0325
98.3419
96.7547
96.4536
96.276
96.5534
95.9781
98.6334
99.7248
98.2426
97.8512
98.7365
99.7813
99.7171
100.19
103.097
100.053
98.1611
98.7442
97.0548
97.3993
98.57
96.5566
98.4674
99.4226
98.7453
99.2074
98.9657
99.2216
98.3639
98.4561
99.1343
100.517
99.6703
100.494
98.4496
97.3953
96.0638
94.6061
94.9058
94.2649
94.9344
94.2471
93.7146
95.5375
94.4259
93.7776
94.0367
92.2264
91.9964
91.8324
91.4191
90.3266
90.774
92.2134
91.2058
90.7404
91.0601
91.501
91.6555
91.94
90.5061
91.0837
93.6045
94.5401
94.3366
93.1675
91.6166
91.4303
92.4517
94.0778
91.449
90.2983
89.7978
90.421
90.5503
89.4573
88.3751
86.9551
87.1022
87.2043
86.6802
87.5007
87.6808
88.5983
87.4802
87.3222
87.8236
88.4867
88.7118
88.1083
88.3622
90.8698
90.7804
90.818
89.8479
89.6427
88.0322
88.858
