100.066
99.886
99.2652
97.44
99.0174
99.9706
97.9177
97.9123
98.9928
97.5588
95.6023
93.6282
93.9376
94.653
95.5323
94.1642
94.4836
93.3024
94.5962
93.2504
92.7497
92.6781
93.5301
93.0918
94.1968
93.9929
92.7287
92.6335
93.8989
94.1882
95.2353
94.0715
93.3884
92.5591
89.692
88.3346
90.2162
90.6423
89.7655
89.1643
88.1504
89.8258
90.645
90.0833
91.0371
91.2017
89.9707
90.4905
90.9038
89.1885
90.5679
90.5896
91.5821
91.3024
89.2508
89.3827
90.5481
89.4702
88.407
87.1775
87.2604
87.1949
87.1584
86.6349
85.9573
85.4082
86.3305
83.3829
84.5275
84.9789
85.1847
83.2547
83.875
84.2945
84.2845
84.9545
86.8437
88.9866
87.7051
87.2044
88.1374
86.6783
85.7019
85.4261
85.5195
85.1964
84.5483
84.7358
85.5737
86.9544
86.7245
87.9243
88.3236
88.6011
91.1043
92.1216
90.699
89.548
90.6031
92.4073
91.071
90.3894
90.2641
89.8868
87.4423
87.4581
86.7866
86.091
85.3823
86.293
86.1431
85.8349
86.671
89.0282
90.1526
91.4241
92.2028
92.1049
91.7478
92.5022
90.8344
89.9538
88.7176
89.0478
88.6763
87.7292
88.5745
88.8926
87.2896
87.9609
87.405
87.039
86.6416
86.4797
86.3561
87.8369
87.6813
89.7775
88.2792
89.7038
89.6619
89.9341
92.2123
93.2851
93.9773
95.2753
95.7436
93.8253
92.0427
93.445
93.1704
92.2268
91.4717
91.9007
93.0117
94.1726
94.5806
94.226
94.9225
93.5781
93.1964
94.1768
93.7238
94.559
95.8935
96.7633
96.7828
95.3761
95.6684
94.7229
94.9019
95.3286
95.3071
94.0729
94.4208
94.0079
93.7569
93.5351
94.0677
94.7535
95.3484
94.0515
94.8352
95.0355
95.8837
97.3449
98.2499
99.0504
98.8109
97.4062
96.6271
94.0441
95.2594
95.2036
95.8492
96.6613
97.0277
96.2208
96.2546
96.0787
96
97.6675
97.5976
96.6298
96.7891
96.2015
95.0988
93.9951
93.4733
94.7043
95.514
95.0849
94.3204
92.655
91.9882
90.3004
89.3856
89.9977
91.1554
89.191
91.0441
88.9657
88.8278
87.3974
87.4953
85.0723
84.7037
83.7206
85.9862
85.8541
85.0594
84.1229
83.2186
83.029
82.572
83.6057
82.3254
81.9511
81.6068
82.7497
82.6781
82.418
83.3235
82.409
83.9008
83.4745
83.4143
83.4932
86.3876
86.6411
84.8027
84.9649
83.9426
83.0704
84.1842
82.9993
84.0225
84.7928
84.6686
84.6087
84.2703
83.7116
84.5537
83.4349
84.7185
83.773
83.816
84.1314
83.6285
84.2616
84.6752
85.4866
85.9103
86.5679
86.3778
85.2519
86.1494
86.9421
85.7273
85.3929
85.0657
84.7433
84.9424
86.1066
86.5586
86.9302
86.5873
87.6408
86.5819
85.5137
87.454
89.4228
90.5048
92.0714
92.3108
91.564
91.5242
93.3793
93.1845
92.4021
92.5216
91.7981
91.9012
92.1424
93.1792
94.0854
94.7118
94.2859
92.513
91.846
92.6117
91.8457
91.4126
90.5759
90.3545
88.5722
90.5663
89.1531
90.0782
88.6785
87.1878
88.4039
87.256
87.8075
87.6543
88.2315
86.9397
87.5075
88.2451
88.547
87.1837
87.6409
87.059
86.4575
85.5337
85.8919
85.7349
85.3725
86.8356
86.7751
87.4892
88.3038
89.4593
87.6103
88.7543
90.1658
89.6214
89.3104
88.7683
87.066
85.8352
85.811
84.1051
84.8896
86.0574
86.9455
87.7363
88.6359
90.2866
92.4061
92.8268
91.6651
89.9253
92.4635
91.4451
91.1248
92.5365
91.8209
91.3818
91.7975
92.8383
93.6133
93.5389
94.0475
91.7792
94.5878
95.9326
96.016
95.1612
93.3887
92.6851
94.1643
95.7429
95.7497
94.6671
92.3883
93.5109
94.7271
94.6683
94.9766
92.2318
92.5163
93.731
94.3941
95.482
96.9222
98.9041
99.8366
101.163
101.324
99.831
101.969
101.102
97.3549
96.471
95.8083
94.6018
95.961
96.2428
95.9518
97.0847
98.8527
96.4254
98.0761
97.9552
98.2729
98.0786
99.6058
100.006
103.209
102.554
103.933
102.086
104.839
105.429
105.965
107.538
108.691
109.301
107.124
109.621
109.171
110.089
109.021
107.947
107.605
109.332
109.162
108.551
108.316
108.834
108.254
111.588
109.619
110.302
110.886
111.013
109.593
111.152
109.857
110.864
110.813
110.743
110.699
112.117
111.526
111.397
113.27
113.479
114.501
112.79
112.376
112.618
113.204
111.676
110.941
111.521
107.49
107.227
107.236
107.908
108.751
110.109
110.917
110.452
110.681
110.501
111.039
110.332
112.302
113.583
112.559
114.768
118.095
118.749
117.284
116.778
117.91
119.121
118.934
118.527
119.569
120.104
120.819
123.489
126.486
128.638
125.948
127.123
124.897
123.001
122.63
123.575
125.951
125.244
124.926
121.887
123.544
120.827
121.605
119.609
118.114
118.979
120.766
120.367
119.897
120.734
121.225
121.361
118.992
120.379
117.581
118.472
118.207
115.01
113.004
112.293
111.754
113.902
113.705
112.378
112.681
111.845
115.987
117.102
115.887
116.514
119.104
118.621
120.427
118.459
116.072
112.608
108.659
106.143
104.862
102.789
104.932
107.051
110.588
111.718
113.415
110.289
108.683
108.273
105.194
104.724
106.822
106.941
106.892
106.044
106.516
108.15
109.469
110.377
107.069
109.552
112.002
110.985
111.472
110.668
109.722
107.96
110.9
111.354
112.634
113.98
113.327
109.781
107.629
106.151
105.454
105.052
104.205
104.262
102.972
105.048
104.315
102.493
102.879
105.255
103.505
102.496
101.591
100.441
101.09
101.197
102.893
102.567
105.466
