100.241
100.193
101.121
101.538
99.3272
99.7438
99.1623
97.9468
99.1635
98.4339
100.517
101.806
102.44
102.095
104.675
105.691
104.457
103.729
104.761
105.115
105.884
105.09
106.317
106.526
108.604
109.18
112.144
113.987
114.214
114.604
115.498
113.602
112.37
113.032
112.159
114.614
113.3
113.383
115.874
116.569
116.18
116.713
116.572
119.757
117.375
118.432
118.31
116.009
116.743
117.709
119.661
121.612
120.899
117.641
121.05
121.246
121.275
124.387
125.748
125.914
125.794
124.999
125.678
125.668
127.177
128.841
127.187
129.287
126.004
125.449
126.855
126.35
126.57
123.651
124.645
123.564
125.311
124.982
124.348
121.513
121.997
119.792
122.174
123.009
124.713
123.605
124.395
123.831
123.945
125.477
121.254
119.398
115.488
115.265
115.868
114.785
116.545
117.705
118.15
118.289
119.02
118.575
117.259
114.932
114.609
114.083
112.96
113.668
110.527
108.247
109.448
109.795
109.4
111.033
109.317
108.897
108.872
108.096
107.792
107.644
107.65
108.977
109.007
109.148
108.004
108.322
107.714
108.836
105.791
104.873
106.212
105.31
105.765
105.055
104.394
103.356
104.43
104.093
104.982
103.159
105.668
105.256
107.156
107.437
109.205
109.354
109.347
110.536
110.512
107.65
108.688
107.339
107.667
110.279
110.252
111.472
108.159
106.058
106.156
108.451
108.508
108.783
110.749
112.195
109.535
108.049
109.96
111.204
111.786
112.265
109.454
107.963
107.105
107.601
107.728
106.493
107.467
105.366
105.207
103.184
103.203
104.294
105.568
107.482
107.282
107.382
107.184
108.407
108.332
107.024
104.832
106.337
106.206
104.397
104.765
103.434
103.023
101.241
100.905
100.829
103.133
103.11
101.532
100.199
100.228
102.412
100.188
99.8613
100.834
102.14
104.919
104.306
105.392
107.606
108.717
109.131
106.993
108.45
108.187
106.394
106.878
107.136
109.227
109.782
109.367
107.895
107.363
107.836
106.557
104.657
107.871
105.382
103.731
101.962
101.399
100.802
101.419
102.267
101.514
101.721
101.751
104.075
103.513
101.31
101.014
99.641
99.4077
99.2389
101.19
100.137
101.666
101.575
99.8108
99.4336
96.9421
96.649
94.0241
94.4607
95.6319
95.0602
95.4769
95.6839
97.6582
97.2766
96.3947
96.3204
96.8814
96.4593
96.3093
97.5925
96.7304
94.809
94.3766
94.5247
95.677
94.9523
95.8225
92.9314
94.8571
95.576
97.7828
98.6257
98.9465
98.735
98.7876
98.0729
98.9093
99.8752
99.4159
98.2659
100.51
99.5298
99.7366
99.4212
101.1
102.16
101.648
100.949
100.84
98.5314
96.8024
96.3293
95.25
96.0294
99.3623
100.015
98.6579
96.1522
96.702
98.8831
100.023
100.706
98.9482
98.977
99.5479
98.8834
98.7222
98.6912
101.271
101.923
101.455
101.503
104.062
106.05
106.639
106.704
108.706
108.394
108.704
107.648
105.657
103.491
103.563
101.267
100.632
101.57
101.768
101.456
98.2819
97.4028
97.777
96.6743
97.3774
95.5433
94.5739
93.5453
94.3271
93.7327
90.7616
89.5428
89.9996
89.9257
91.4028
91.6833
92.5937
92.5902
95.7733
94.5583
92.9547
95.0293
94.2493
96.0046
94.6897
91.8468
92.817
91.3647
90.7475
90.8775
89.9147
90.7116
90.8336
91.8055
92.3695
91.4316
91.8089
93.3585
92.3337
92.3753
92.0345
93.9536
91.2318
92.1631
93.62
95.4162
96.5294
96.605
98.7323
100.452
101.075
102.356
100.417
102.266
102.258
103.371
103.176
102.48
102.894
102.838
102.75
102.82
102.043
102.499
104.134
105.342
106.592
105.322
105.784
108.132
107.126
107.438
108.756
109.584
110.031
108.409
108.501
109.538
111.012
110.378
109.756
108.135
107.055
108.217
108.202
106.482
106.715
106.161
107.02
107
107.11
107.169
104.946
105.382
104.902
105.357
104.063
101.687
100.755
101.062
99.6758
99.3112
99.453
99.292
99.7911
97.4492
99.26
97.9454
95.4596
94.6111
92.8996
93.7065
94.627
94.9437
95.668
97.5473
97.0638
97.855
96.9972
95.3321
92.8257
93.3643
93.6755
93.2519
91.3908
91.5417
90.9618
92.173
92.1233
92.0641
92.878
93.814
93.2826
92.1088
92.233
90.9757
92.6464
94.5127
97.8121
97.5357
96.8204
96.862
98.2131
96.8036
95.0362
96.0348
95.3025
94.1511
94.8505
96.1344
97.1456
96.6579
95.9588
96.7419
97.4437
98.8169
98.5034
98.3635
96.042
95.0999
95.321
95.1373
95.9806
93.9979
92.2933
92.5106
90.9553
90.8798
89.1448
87.892
87.9627
90.4651
88.256
89.0639
89.0737
91.0589
91.3498
92.1434
92.3647
89.7111
88.9787
88.0928
88.6508
88.5684
89.457
88.4104
88.6647
90.2371
89.919
89.6509
91.6205
90.6087
91.1296
92.3997
93.9341
94.6277
95.0229
94.6079
91.6398
91.5045
90.1753
89.3824
92.0652
92.4241
91.8431
92.2249
92.9402
91.4897
92.2347
93.7302
94.2825
92.7329
93.2991
92.8523
94.1291
92.9752
93.0125
95.8875
94.6086
93.2043
91.9836
91.8278
89.3545
89.7988
89.4872
89.4167
91.6935
90.4609
90.2285
90.4831
87.8864
89.351
89.1035
89.8539
91.1085
90.6639
88.9847
89.3764
89.9915
87.5031
86.6454
87.7888
88.9235
87.2035
86.0407
86.5074
85.4402
85.7799
85.5813
86.2277
85.9085
86.3403
87.3153
87.5283
87.6062
87.0881
88.1485
87.9771
88.9962
88.179
88.9296
89.7704
