99.7081
98.6397
98.9268
100.544
103.032
101.733
102.348
104.398
104.834
104.608
104.251
102.393
102.781
101.779
102.961
102.061
101.149
101.001
100.576
100.982
98.6968
98.9581
100.62
99.9757
100.055
101.252
99.6445
99.1994
99.6213
98.9582
97.5285
96.8802
98.157
99.9027
99.6546
99.2304
99.1276
100.193
98.9673
99.6576
100.893
102.484
101.045
100.355
101.2
102.699
102.709
102.257
103.628
101.615
102.85
103.435
102.851
103.038
102.98
106.183
105.592
106.934
107.607
105.08
104.371
103.713
103.587
103.285
104.955
105.149
104.013
105.177
107.142
107.811
108.927
110.204
111.157
112.15
111.773
112.436
115.464
117.027
116.689
117.98
119.318
120.682
120.569
120.812
121.776
123.38
122.528
122.465
122.639
123.535
123.151
123.484
123.979
124.262
124.951
125.301
126.811
125.798
126.825
126.916
127.948
125.119
126.999
127.286
127.387
124.77
128.072
129.852
131.969
136.013
134.727
135.852
134.085
135.668
133.941
135.387
135.821
138.232
137.756
137.327
139.172
141.048
142.955
141.584
143.893
140.839
139.166
140.377
142.992
146.329
145.401
148.301
146.599
147.176
146.245
149.556
151.895
149.959
148.535
147.501
147.937
146.628
147.011
148.582
150.879
152.681
153.927
155.671
155.306
156.921
157.987
159.084
159.26
159.676
160.363
159.602
162.921
165.977
168.28
164.549
164.447
161.907
167.463
166.8
168.975
168.407
166.003
166.011
164.968
164.713
165.92
165.895
161.565
159.883
158.001
158.597
160.009
161.139
164.562
168.285
166.781
166.917
164.576
166.959
169.487
171.74
171.869
174.058
169.784
168.761
166.457
164.333
166.267
168.53
168.16
167.768
165.729
166.122
169.152
166.986
165.227
166.213
169.047
172.867
171.668
172.762
173.354
171.486
170.749
169.716
171.03
171.502
169.702
170.706
171.426
171.902
172.31
171.035
175.955
178.371
175.433
173.148
170.052
173.35
170.77
172.828
174.933
179.174
181.162
176.673
176.898
173.945
173.102
170.714
172.844
178.969
178.133
177.043
179.063
177.234
175.725
174.008
175.735
175.037
174.205
174.435
174.588
172.158
174.62
179.5
181.439
182.7
184.413
185.528
181.406
182.938
183.159
185.785
188.321
185.488
184.787
186.631
185.463
186.915
186.458
185.244
186.116
187.798
186.723
189.956
191.112
187.915
189.059
189.902
189.882
192.268
192.083
193.907
193.793
194.611
192.546
190.277
193.307
193.199
192.197
193.855
197.984
198.697
203.612
202.546
201.462
202.247
205.274
201.825
204.104
204.1
205.8
207.436
212.839
213.299
215.208
213.68
216.35
222.019
220.68
220.216
221.339
224.099
224.529
223.269
217.121
218.936
220.527
219.049
218.155
213.809
217.742
215.235
209.202
206.197
207.775
209.06
205.923
204.797
204.731
210.106
212.077
215.121
210.601
207.818
208.422
207.299
201.511
201.076
204.856
202.311
201.027
201.124
200.385
205.501
207.79
207.739
208.88
211.873
215.266
215.407
213.505
216.338
211.32
210.038
206.032
208.002
209.723
206.206
202.542
201.709
194.631
197.622
198.027
193.537
191.535
190.864
193.261
192.764
195.299
191.43
192.487
190.451
186.118
185.657
184.805
184.028
182.542
183.634
185.734
180.256
181.529
178.693
173.848
175.577
173.836
173.998
175.391
176.462
178.364
177.004
175.454
170.902
168.428
164.187
162.802
160.415
161.899
163.945
166.887
166.647
168.703
171.011
170.481
168.934
165.465
163.908
164.37
166.402
164.974
166.14
167.125
166.5
163.19
161.641
157.941
161.297
159.093
157.017
157.84
158.166
159.268
159.624
158.499
158.828
158.294
159.424
157.293
155.567
157.001
160.193
163.462
161.929
161.164
158.921
158.839
158.128
158.859
161.834
164.386
163.117
164.445
168.59
168.056
169.24
168.822
170.846
170.494
170.587
173.397
173.925
174.404
175.212
178.383
178.603
174.19
173.024
174.061
174.783
177.063
178.394
182.147
181.265
179.616
179.868
178.778
176.522
179.047
179.813
179.303
176.212
173.146
176.432
176.079
178.084
176.261
175.926
174.406
178.456
177.563
177.949
179.967
181.765
186.463
189.551
190.343
187.888
188.272
187.968
186.773
185.28
183.41
187.276
183.319
186.491
184.897
185.269
181.557
180.798
182.907
181.561
182.51
184.117
184.181
181.934
182.161
180.68
185.491
182.325
183.933
183.989
184.174
188.629
187.679
182.164
183.072
180.172
179.343
179.607
181.689
185.419
183.821
184.402
182.781
183.296
179.932
179.976
179.157
176.629
178.413
180.088
180.711
181.857
182.288
179.509
183.901
184.363
182.627
178.013
178.565
179.678
176.119
178.455
181.134
182.062
178.313
178.023
178.58
177.428
173.777
173.926
175.253
179.99
180.784
181.91
177.749
177.525
179.181
178.997
174.973
173.182
173.206
172.112
171.779
170.923
171.117
172.131
169.376
165.894
167.073
164.862
162.537
163.858
164.321
164.35
164.201
168.163
169.091
169.38
169.73
167.732
170.188
169.82
171.664
173.577
175.018
173.185
174.013
174.298
174.153
172.312
173.548
171.56
174.031
175.897
173.88
176.545
175.709
178.097
177.284
175.807
176.189
176.816
177.298
176.649
