99.3755
99.8392
101.451
101.674
101.775
100.299
100.305
100.994
99.858
99.4974
101.408
101.139
101.447
101.348
102.655
104.019
105.436
105.249
103.613
105.991
107.296
108.518
107.772
105.354
106.457
107.925
107.159
107.997
107.006
106.545
104.723
103.497
104.613
104.647
106.06
102.854
101.451
103.014
104.813
103.52
103.185
103.18
103.051
105.131
103.924
101.619
102.188
101.333
101.325
100.155
99.3365
99.9742
101.079
100.775
100.253
99.2853
99.5862
99.5704
100.652
97.9793
95.1689
94.0646
96.1081
97.1003
97.525
95.798
97.4756
98.0618
98.9888
98.842
100.437
98.2347
98.4975
98.6668
98.6471
99.8894
100.276
99.9197
98.304
98.43
97.929
98.4427
98.6651
98.2678
96.9382
98.6632
97.7291
98.046
97.482
96.3329
98.0744
97.0128
98.3399
97.5257
96.8338
97.5659
97.5112
96.5606
93.6462
93.0883
93.5508
92.6804
92.4991
89.7129
89.4627
89.7484
89.5118
89.7443
90.2983
91.2039
92.8481
89.8558
89.7811
89.2876
89.4266
87.6139
87.3759
88.3275
88.8624
87.7629
89.583
88.7408
89.472
88.3812
89.694
89.3482
88.1167
88.005
88.0541
87.7687
86.1085
85.3323
84.6784
84.0957
84.3243
84.2323
84.8315
84.9251
85.288
84.7235
86.0794
84.9213
85.4438
84.5029
86.2925
85.7384
84.4123
84.4565
83.5891
82.5831
83.8013
85.44
85.1535
85.5459
87.836
87.5621
87.0937
87.0575
86.6778
88.4872
90.8665
91.4451
91.8898
91.2182
92.8293
93.0882
94.4913
96.752
95.8712
96.0226
95.3129
95.9918
94.7253
93.847
94.0467
95.296
95.6224
96.7452
96.9536
96.5743
95.8603
97.0551
97.0795
96.5611
94.778
96.1588
94.7731
96.5247
96.2223
97.1571
97.2974
100.09
97.9009
98.0568
99.3808
100.228
99.4313
98.4954
99.0966
99.094
99.6818
101.61
101.132
100.749
98.6993
100.011
99.8351
99.9129
99.4649
98.882
99.6102
102.505
103.087
103.371
103.913
104.612
104.539
104.939
105.37
104.988
103.107
104.251
105.502
106.617
108.634
107.589
108.89
107.265
107.812
108.01
108.924
105.749
106.254
107.651
109.282
108.405
107.579
108.187
108.22
107.198
105.963
105.724
105.559
104.936
107.057
107.192
105.463
106.027
107.234
106.178
106.668
107.129
104.704
106.579
105.24
104.447
102.871
102.263
101.608
100.817
101.952
102.113
101.692
100.581
100.852
101.195
100.95
101.317
101.697
102.15
102.292
101.747
102.253
103.979
106.486
105.986
106.309
104.612
102.929
104.319
102.957
103.696
103.821
105.17
105.372
104.365
105.667
105.098
104.656
103.968
105.426
105.937
106.013
105.152
104.172
102.877
105.024
104.144
103.652
102.976
105.381
103.547
105.846
102.469
105.252
104.508
106.193
106.614
105.936
107.454
109.116
107.715
110.008
110
111.494
113.583
112.773
114.702
115.029
115.843
117.439
112.868
110.216
109.242
109.579
109.189
107.088
105.025
106.789
104.87
103.348
104.008
104.015
100.89
100.713
102.054
101.049
102.012
102.395
99.7806
98.6169
100.409
100.937
100.452
100.825
101.199
101.327
100.143
99.2048
99.7185
96.7821
98.8101
98.7244
100.763
102.005
100.819
101.921
100.178
102.112
102.391
104.509
105.183
105.123
103.83
102.368
102.184
104.018
103.515
102.896
103.259
102.763
103.509
104.202
104.445
104.641
102.281
101.984
100.453
101.866
100.578
100.48
100.939
98.4076
98.9564
99.5325
98.56
99.6905
103.218
103.24
104.793
105.405
105.432
106.513
106.585
105.23
104.718
105.131
104.783
103.585
100.995
103.752
102.765
104.001
103.614
106.148
105.908
107.599
107.134
108.267
105.853
106.062
105.171
107.211
107.382
108.073
108.808
109.664
109.672
110.524
109.688
111.826
110.524
110.826
113.099
112.325
112.461
110.797
110.861
112.512
111.302
113.54
111.426
112.125
111.845
109.25
109.538
110.443
111.601
111.01
111.435
107.245
107.461
106.292
105.838
105.523
107.808
108.591
109.329
108.745
110.199
107.307
105.792
105.331
103.354
106.066
104.708
102.841
104.46
105.786
107.098
106.439
108.163
106.956
105.723
106.644
106.649
108.622
110.164
109.621
108.669
109.829
108.71
107.816
107.36
108.507
109.081
109.32
108.299
107.779
106.618
107.085
107.613
108.048
108.653
108.321
108.86
109.303
107.037
106.175
106.595
106.084
107.465
108.712
109.375
109.83
110.128
111.207
111.818
111.163
110.188
107.92
107.096
108.094
108.67
107.614
107.998
106.384
104.164
105.333
104.923
105.172
104.106
102.473
101.98
101.609
103.254
102.878
104.31
106.446
105.622
104.522
102.417
105.437
107.367
109.958
107.792
108.072
110.773
111.831
111.275
112.247
111.892
110.882
110.956
111.891
111.592
112.133
111.922
112.282
112.729
113.662
114.429
114.418
112.876
111.813
112.746
113.521
114.53
113.79
113.929
113.884
114.096
111.842
110.022
109.28
110.155
107.976
108.528
109.755
112.551
110.48
107.667
108.949
108.518
108.537
106.172
103.794
104.502
104.791
101.984
100.194
99.6985
99.4795
100.149
99.8781
98.8023
99.8025
99.2986
98.6159
98.9931
97.7071
97.3211
96.599
94.2787
92.1076
93.0775
91.1827
90.9723
93.0968
94.5002
94.2474
92.7091
93.9251
95.3709
93.8857
94.8155
94.7192
93.5676
92.5623
94.3926
