99.027
100.076
100.862
99.6263
99.4147
97.4362
96.5181
97.5243
96.5993
97.7618
98.6932
101.164
100.184
97.1872
97.4444
95.793
95.7131
94.3071
93.826
94.8991
94.9875
96.629
97.0555
99.4696
100.302
102.908
102.562
102.889
102.877
104.804
106.976
106.519
107.789
106.503
108.022
108.918
106.253
106.88
107.636
106.039
107.374
107.511
105.697
105.65
104.241
102.572
104.617
106.521
104.54
104.079
103.456
105.006
104.906
104.765
102.937
100.15
99.4185
99.6717
100.525
99.6646
100.765
99.3657
99.0564
96.8915
96.1166
92.807
93.8182
95.3719
92.2827
92.3895
93.3898
93.0742
91.21
88.7181
88.5382
88.1442
88.4476
88.0382
88.4146
89.4085
88.7434
88.393
87.3656
89.0154
88.3907
86.3669
87.0024
87.6537
89.3025
89.2238
90.1786
91.7176
92.7163
93.1012
93.8504
90.3384
89.8611
89.5905
88.292
89.2277
89.8474
90.9701
90.5575
91.2235
92.5776
92.1661
92.2748
91.8037
91.7609
93.2494
94.2957
95.6466
93.4502
95.1739
95.7686
95.6305
99.1569
97.4402
93.7756
94.2263
92.3367
91.7154
90.143
90.6076
88.7753
88.3949
86.5927
87.2402
87.1767
86.6782
85.9811
85.3088
85.3775
84.6323
83.8615
81.5619
80.4081
81.3747
81.0525
79.0738
77.4632
76.9499
78.3764
79.4248
79.7333
81.1018
80.9528
81.4286
81.546
81.4361
81.7485
80.0857
81.6057
83.0519
84.437
85.6449
85.7662
85.6268
85.827
85.8341
83.5047
81.9738
82.2539
81.7188
80.0006
77.6123
78.8833
77.36
75.7494
75.6171
75.5274
74.2409
73.5422
73.6112
73.5713
72.7527
72.9405
72.5879
73.5629
73.1192
74.4143
75.4121
74.3967
73.1982
73.6877
73.4812
73.1909
73.8944
73.7458
73.7013
73.6306
73.3867
72.5072
73.2188
73.1311
73.0423
74.2188
74.8414
74.892
73.8281
73.0318
71.9858
72.2591
70.8512
70.4756
69.9537
69.3421
69.336
69.0217
67.0207
67.5937
67.9813
68.5417
68.7636
68.6333
68.9615
67.8857
67.3909
67.6301
69.5817
69.9778
70.1909
69.1001
68.6789
68.1762
68.2056
68.2511
67.6493
67.4419
66.8107
67.5439
68.8965
69.2473
69.8955
70.3939
70.8328
70.3383
71.1405
71.634
71.7855
71.6265
72.2139
72.4231
71.7184
73.0918
71.0326
73.513
72.4603
71.0087
72.4511
71.8784
71.1934
70.3302
69.4089
69.9451
70.2082
68.7908
69.0907
68.9184
69.9899
70.3609
71.1402
70.8734
69.6787
69.3759
69.4652
68.6184
67.9194
68.5692
68.3762
69.5069
70.1425
70.311
70.6442
70.5473
69.5774
68.7542
69.6755
69.3657
69.2123
67.9867
69.8488
69.9959
70.4969
68.9594
67.6918
67.3345
67.3697
66.6794
66.1849
67.8131
66.4145
64.9488
65.2669
63.5978
62.5109
63.0477
63.4042
63.5463
63.4654
64.0966
62.7392
63.0126
62.0591
62.2278
62.0191
61.4472
61.0485
60.6846
59.5286
60.3098
60.3609
60.0601
60.0935
59.9661
60.6742
61.1039
61.1272
61.1282
60.6397
60.6472
62.0067
61.6447
61.0101
61.0436
60.2158
59.6396
58.6745
58.4178
56.0129
56.6325
57.4522
55.7981
56.1447
57.0475
57.0225
58.7034
59.4851
58.7909
59.0011
58.4268
58.6633
58.4687
58.7744
57.8272
56.9923
56.8976
56.2234
56.0842
55.0476
54.0179
54.1833
55.2041
54.4645
53.769
54.022
52.971
53.3443
53.3085
52.8766
52.815
52.978
53.1775
54.565
54.5472
54.1189
53.9456
53.3575
53.5193
52.9579
52.086
52.2914
51.9241
52.7008
52.9292
53.1127
53.5473
53.2471
53.9128
53.9963
54.2286
53.8215
54.7219
54.3223
55.0775
56.0212
56.2643
54.8802
53.908
53.3014
53.3916
53.2839
53.1469
53.7005
52.471
51.6941
51.1445
50.8881
50.5749
50.1299
50.4067
49.3009
48.779
48.9072
49.8154
50.0614
50.1528
49.7548
49.927
48.6602
48.765
48.9321
49.3644
49.9973
49.9173
49.7508
49.3041
49.2333
49.3175
50.4849
50.0003
49.5278
49.5811
49.2572
48.5329
48.6454
49.2807
48.7073
48.6745
48.6529
48.8169
48.6698
48.3012
49.2045
48.6691
49.1035
48.3004
47.4106
48.5031
48.6826
49.5335
49.7425
49.4466
49.9772
48.7951
48.6934
48.3315
47.7146
48.3443
47.6936
47.0476
47.1902
46.9711
47.3957
47.0137
46.7232
46.0678
46.0327
47.2979
47.5044
46.6655
47.2277
45.5428
45.369
45.1601
44.9884
45.4473
44.7557
44.2733
45.8441
45.8912
45.1391
45.0855
44.2679
44.2869
44.5066
44.1677
45.0484
45.0219
45.6933
45.2616
45.6144
45.9326
46.1307
46.6334
46.0672
45.4948
45.9974
45.8343
44.7889
44.4159
44.2528
44.5309
44.1821
45.0528
45.1476
45.3955
45.8341
45.0578
45.4214
45.0805
45.5648
46.2988
46.9779
46.6468
46.6915
46.5398
47.2712
46.6073
47.7117
47.4546
47.1316
47.0563
48.4638
47.9241
47.6152
47.6047
47.7366
47.8743
47.5905
47.457
46.7126
47.2929
48.1957
48.628
49.1546
49.4502
48.5957
47.6076
47.4891
48.753
47.8201
46.2075
45.1603
44.4273
44.4883
44.9537
44.8933
44.9873
44.6527
44.7244
44.6737
44.2666
44.4465
43.3293
43.9548
43.595
43.6516
44.2686
43.0463
42.5128
42.4121
41.34
41.7903
41.5094
41.6205
41.7626
41.5681
41.349
40.6998
40.9728
40.836
41.0288
41.3469
40.7197
41.5051
40.7129
40.4239
41.1534
41.6682
41.7582
41.1274
41.3105
41.5263
41.4429
42.2
42.14
42.5537
42.8525
42.9784
43.2155
43.9927
42.7745
41.8032
42.0998
41.8983
42.2388
42.3911
42.5603
42.6967
43.2073
43.6256
43.8379
43.4926
43.5668
43.6572
44.1489
44.4594
44.209
43.8699
