100.042
98.0587
98.1493
96.676
95.7589
93.9908
92.4699
92.7122
94.5314
95.2228
95.0103
96.9463
97.4984
98.4417
101.458
99.9323
98.7949
97.8344
97.9652
96.5921
100.067
99.6915
99.0862
100.077
99.0927
95.7825
95.1819
93.925
95.0694
93.1627
92.3689
91.2377
90.6906
89.6822
91.0885
90.8066
91.4442
90.0669
89.3426
92.4719
91.5522
91.6383
91.6061
91.3921
91.8235
91.9324
92.6978
92.6907
91.7957
93.9794
95.1453
94.2429
92.8044
91.9282
91.6858
90.5539
92.5097
93.6529
92.9876
93.2933
93.5779
92.5345
92.1613
92.6501
91.2083
91.8422
91.317
91.471
91.1673
90.4642
91.1904
92.3377
93.3994
94.6329
94.3791
95.0725
94.3616
93.6669
95.4507
96.665
96.7675
96.4723
96.8815
96.2598
96.3437
96.4105
97.3352
97.3617
96.5503
98.1236
96.443
96.6878
95.2361
94.1409
93.0992
94.4111
96.44
97.2058
97.8347
97.9823
97.4532
100.012
98.464
96.8693
98.42
97.7542
96.6573
98.0177
97.4815
98.0006
99.0713
100.178
99.1977
98.8016
100.241
102.573
102.663
101.713
100.956
100.891
102.635
102.655
102.791
104.182
104.376
101.259
101.453
99.9057
100.063
101.178
100.548
99.1232
95.8226
96.6797
94.4242
95.5866
96.4879
96.1099
94.8661
94.4517
92.2188
92.0198
91.9161
91.9699
93.6951
92.6573
92.7043
93.0251
95.6429
93.4843
91.4695
91.3519
88.8049
90.4134
90.8121
91.5522
93.2119
94.7954
94.2471
94.5626
93.0401
93.2851
95.349
95.3003
95.1216
93.2743
93.4434
92.8728
93.3217
93.3827
92.3962
90.794
89.7476
92.7061
90.9497
89.1066
88.7061
87.715
87.8633
88.7929
89.7332
89.6288
88.4494
86.7603
84.9997
85.3128
85.9769
86.0785
84.9489
85.8885
85.975
88.2692
87.0023
87.5478
90.185
90.2564
88.51
88.0307
88.3109
88.5203
89.4963
90.4289
88.2181
87.3854
88.6288
89.4818
88.8072
89.1157
86.8563
87.3692
85.9126
87.0871
88.6361
88.3094
90.2889
90.0468
89.0643
90.0141
90.9539
91.6117
90.6276
88.9167
89.7569
88.7811
90.1888
90.0892
89.8419
89.7652
87.3692
88.6713
89.4744
90.0395
90.0501
90.4824
89.2618
90.2973
90.0254
87.2877
87.4538
85.64
83.9983
81.6196
83.3082
83.7837
82.8427
82.7252
82.8086
84.2573
84.6522
84.4097
83.2288
83.1537
82.0884
80.6651
81.0273
82.4818
82.9805
81.4565
81.2881
82.5988
81.7917
80.8065
79.3965
79.9984
80.1268
78.3718
78.8008
79.185
79.0321
77.6516
77.3912
78.1922
79.1119
79.6923
79.4646
80.9708
79.17
80.0097
78.8873
78.7753
77.8524
79.0392
78.5828
79.0473
78.7423
79.0605
77.341
74.5331
72.7475
73.1295
71.7956
73.4605
73.5435
73.5166
73.2681
72.2478
71.7895
73.1477
72.1588
72.5844
72.6213
71.3172
73.0116
71.8848
71.6384
72.7585
73.2507
72.5754
71.2291
71.3131
71.9018
72.3578
71.0488
70.8786
71.3014
69.6996
69.3646
69.0595
68.9152
68.7885
69.35
69.2926
69.9775
70.0379
69.9411
70.5691
70.4325
71.0214
69.8199
70.4054
70.2063
69.6613
70.4803
69.1408
69.141
70.7607
70.4793
71.5694
72.0611
72.1943
72.0439
72.124
72.3969
72.8511
73.7003
73.5412
73.0992
73.3656
73.6207
73.9358
72.4006
72.05
73.1493
74.1399
73.5001
72.0687
72.2555
73.1591
73.3061
73.932
73.8701
74.1181
73.4971
71.8248
71.0678
72.321
73.219
74.7042
75.3795
74.1565
74.8814
76.2322
74.9887
75.2517
76.9827
78.5782
78.7725
80.1505
78.9503
79.5592
81.0262
80.0813
78.5638
79.5365
79.1363
80.1448
81.7682
83.6731
84.4629
85.7755
85.8631
87.6941
88.7075
87.5389
86.6202
85.7343
85.7877
85.9169
86.9492
86.8614
88.8152
87.354
89.5489
88.4934
87.1369
87.9495
87.3706
88.9184
89.1905
88.5686
88.5448
86.1558
86.8424
86.1692
84.2246
84.2504
84.5511
84.0983
84.2016
83.9105
85.2199
86.7565
87.7242
87.8246
89.1086
89.0399
87.7204
87.7181
88.245
87.0322
89.1122
89.0883
89.3333
89.2359
88.419
89.3476
88.7089
87.5559
86.5669
86.3204
86.2119
86.7246
87.9939
89.0837
87.0206
86.8732
87.0091
85.0839
86.9347
87.5757
87.9749
87.7125
87.1405
88.5812
86.635
87.7729
87.4787
88.27
87.485
86.7394
86.5835
87.4286
88.0915
89.4086
89.1629
89.5284
91.1613
92.7083
93.1505
91.7367
92.4867
91.3288
92.7941
91.9231
92.2655
92.5836
92.2314
92.7565
91.7256
92.5454
92.6253
91.6695
90.8853
91.9002
93.2566
95.2263
95.4172
97.3932
96.9535
97.148
98.1511
100.143
101.676
104.106
104.852
104.554
102.572
102.992
103.065
102.508
102.623
101.145
101.423
105.913
107.408
109.553
110.96
110.899
112.605
112.837
113.277
113.002
112.832
115.115
113.511
114.698
115.841
117.712
117.948
119.264
120.29
118.955
120.591
121.076
120.745
121.733
119.982
119.55
120.827
119.421
120.685
119.243
120.033
120.954
121.713
120.349
121.184
123.081
123.48
124.806
123.858
124.469
124.449
124.798
127.356
126.674
126.384
125.287
124.594
128.266
127.765
126.261
126.531
124.224
125.051
125.762
125.453
128.001
128.4
128.759
127.541
126.877
125.3
127.602
126.139
125.877
126.446
125.515
125.766
125.501
124.564
125.11
126.287
126.923
124.756
121.712
122.632
122.54
122.326
122.395
121.129
120.35
118.116
117.68
115.527
113.201
113.383
114.391
114.331
114.338
114.626
114.026
115.622
116.07
116.208
114.759
113.218
113.447
113.729
115.132
