100.694
100.161
99.3524
97.7473
97.8187
98.8466
99.7262
97.1933
96.9529
95.2781
95.3699
95.2638
94.5538
93.3905
95.2063
96.2225
96.3403
95.4575
96.3159
96.6746
95.8053
95.0139
92.8915
92.8938
90.0694
90.3933
90.2969
91.5084
93.0609
93.3702
92.4074
89.322
87.2743
84.4578
81.8403
81.4475
81.8974
81.1131
82.7658
83.6
81.0311
81.3376
80.6553
79.8513
79.5085
78.1326
78.3334
79.1451
79.1524
78.9201
80.6313
80.8634
82.6539
82.7637
83.0733
82.2237
83.2411
85.3425
86.9185
86.9305
85.6722
85.1527
84.6397
85.208
85.6117
85.7074
88.1149
87.795
89.0446
89.8988
89.2717
87.3213
88.6725
87.6296
88.2322
88.4661
86.6683
87.109
87.0346
85.0594
83.6372
84.7141
82.7701
81.184
82.0613
81.43
81.3507
81.2369
79.6682
78.9869
80.8137
80.5289
80.1984
82.3374
84.848
84.8519
83.8801
83.1725
83.141
83.7576
81.2478
82.6091
84.9031
85.3102
85.1693
85.0968
86.1851
85.0149
86.0302
85.178
85.3912
84.7273
84.5478
83.6261
82.3657
81.6668
80.7488
80.5197
81.7959
81.9176
82.8764
81.414
82.7154
81.7591
80.8199
80.7018
81.1067
81.8716
81.2579
80.4897
81.2059
81.1502
79.6582
78.7481
78.2207
78.6047
78.9939
79.8945
80.7902
81.0955
79.699
78.2646
77.621
79.3037
79.2029
79.7904
78.9197
78.6674
80.4922
81.1639
79.5029
80.1996
81.3987
80.8816
80.7649
80.4698
79.4338
78.9048
79.1005
78.481
77.7834
76.2145
74.8541
75.3165
75.5411
75.0942
74.9946
73.6341
73.6378
73.099
73.1035
72.3027
74.5764
74.9559
75.2084
74.8426
75.4271
74.883
75.1518
75.4902
75.3551
74.7369
73.4447
72.9981
73.2781
72.1884
72.3337
73.5904
73.2223
74.0353
73.5869
73.5772
73.9477
74.3658
73.6934
74.264
74.0942
74.0201
73.8632
74.3376
75.7986
75.58
77.2137
78.3045
77.9
78.1413
78.1483
78.5831
79.5729
79.9901
80.6876
79.7465
80.8325
80.9028
79.7896
79.9789
81.6265
81.3672
81.5539
80.7343
80.7478
81.3776
81.7436
81.3188
78.7546
77.1884
77.1947
77.8495
78.7608
79.0719
77.8633
77.4153
78.8638
77.647
77.9349
78.931
78.6788
80.7624
81.3158
80.9992
79.4239
77.8992
79.282
79.3451
80.357
80.5793
81.7583
80.6485
82.4914
81.6425
80.9436
81.0355
80.9214
80.9027
81.7165
81.7572
81.2143
79.8607
80.0732
78.5255
79.1184
78.5502
79.0696
80.0391
80.8472
80.7995
80.295
78.2309
78.4948
79.1258
78.5548
79.6216
80.0638
78.8504
79.5687
80.9787
81.5264
80.7891
78.156
76.8464
75.7405
75.6955
74.8082
74.5144
73.8353
72.2943
71.3123
71.0385
71.3896
71.5612
70.5694
70.5245
69.3164
68.9972
69.0403
67.4548
66.945
68.3543
67.8171
67.7896
68.6748
68.933
69.4987
68.4601
67.0624
66.8086
65.7097
67.0972
67.7233
68.4263
68.7493
69.421
68.8544
69.4994
69.0657
68.4365
69.9285
68.5529
69.7101
69.4123
68.3416
67.8576
67.287
66.6061
66.6966
66.8647
68.7102
68.0361
67.2271
67.3408
65.8881
65.919
66.9915
66.9762
66.5917
66.249
65.4822
66.6645
67.7807
66.233
65.1424
64.0826
65.3346
65.3413
64.6918
64.6059
63.5435
63.6842
63.3355
62.7219
62.9567
62.984
63.5111
63.8475
63.0965
63.2078
63.0402
63.8353
63.9257
64.1286
65.5603
66.7314
67.6897
68.5374
69.5205
68.8807
68.5684
69.0469
68.7153
70.0348
69.0317
68.5298
70.9206
71.4885
71.9854
72.6611
74.4873
74.9845
74.8645
75.8527
75.5231
75.3918
74.9037
74.9684
75.1355
75.9206
75.1465
76.4445
76.8679
78.4213
80.5331
80.8846
79.8132
80.2346
80.7903
80.671
80.3372
79.9493
79.2649
79.5579
78.2308
78.6607
79.6987
79.8887
80.4363
81.3273
78.9807
79.744
78.6826
77.5618
76.8005
76.0691
76.69
76.2048
75.7037
77.1648
77.8409
78.4974
77.7043
77.6024
77.2012
78.0016
77.6161
78.9409
79.2511
80.1007
80.5092
81.1921
82.051
81.111
82.2678
82.0339
81.406
79.8916
80.1084
79.7597
77.71
77.1412
78.8906
79.1518
79.034
78.5191
79.264
79.2812
80.1919
79.5174
79.7849
80.1523
81.1269
79.7425
80.4948
79.2736
78.6167
79.8048
79.8628
78.5442
77.0562
78.7983
79.6283
79.5466
77.7236
79.2693
79.644
79.1561
78.954
76.9203
75.8802
76.1016
76.4012
74.8705
73.9502
74.5282
75.3057
75.6495
75.2226
74.8476
74.9367
76.0127
76.1582
75.1486
75.032
77.7483
78.0985
78.8244
78.7765
81.3242
81.9699
82.9922
80.3264
79.9202
80.0275
78.5095
79.6412
78.8544
80.0627
81.2622
81.0427
82.0286
81.6989
79.9183
82.0614
84.3313
85.2181
86.8683
87.5083
87.0768
87.9697
89.3868
89.0265
89.8295
91.5456
90.309
90.9296
93.0708
93.1276
94.4644
95.2262
95.355
95.7384
96.1406
94.86
97.1366
97.5532
98.3367
98.4175
98.6599
98.1448
98.2327
96.3586
96.9517
98.0368
98.3549
98.6149
101.151
102.676
103.284
103.669
104.056
102.948
101.866
100.556
100.551
100.487
100.702
101.941
101.22
101.915
101.512
100.771
101.944
102.444
101.183
98.9627
98.0343
101.057
97.9191
97.7906
96.5606
95.38
94.9131
93.4985
91.9701
90.135
88.5647
87.3498
88.4897
89.7006
90.8662
92.8971
94.0491
93.809
91.4165
88.9598
88.6356
88.8231
88.4511
88.0971
89.798
88.4544
89.1893
90.0698
89.6295
90.4268
88.3594
87.6474
88.3123
87.3323
86.9528
86.5877
86.913
86.9992
86.4344
85.8798
86.4878
87.0747
86.1202
87.4821
88.2661
89.6913
89.056
