98.8429
100.61
100.172
98.3146
97.9539
96.6303
98.4336
97.5745
97.2317
97.8565
96.4526
96.1917
96.2049
97.3549
98.1398
96.77
95.4303
95.0339
93.8009
92.6157
91.9168
93.1999
94.8805
96.9995
96.3354
98.3021
100.288
98.5309
97.694
96.1639
95.5068
95.6188
95.9778
96.3127
96.7998
97.0449
96.9874
98.107
97.4131
95.8979
97.8781
98.658
99.6974
97.6123
97.3251
97.0243
99.0634
100.062
99.2716
97.9621
97.7875
96.584
97.0518
97.2639
100.017
100.725
99.514
99.8479
100.207
99.6509
98.1937
99.3014
98.6613
98.9496
100.266
99.1578
98.5907
98.0152
98.9502
98.7991
98.8488
98.445
99.2514
97.4884
96.4291
97.8303
97.0304
94.5836
96.3772
96.8483
96.3401
96.2405
96.8447
97.8818
98.038
99.483
99.1667
101.167
101.034
102.702
105.044
105.333
106.39
105.203
105.553
106.164
105.807
103.783
104.526
103.262
102.434
102.301
101.772
102.685
103.88
100.032
99.9078
99.1567
99.5917
101.977
103.032
101.18
101.172
100.928
101.212
100.832
101.876
103.045
102.545
103.409
106.11
104.978
101.886
100.756
101.692
102.411
100.319
99.7548
100.301
99.6241
100.384
100.593
100.135
96.7826
98.6145
98.0401
97.9326
98.9679
97.4311
94.9221
93.9349
93.6698
93.4369
96.3618
98.3867
97.0508
96.9054
96.4274
95.875
95.724
95.3462
95.7728
94.0882
93.6811
91.6162
92.8814
91.7049
90.9223
90.0914
88.1135
86.6488
85.755
87.2472
85.2204
85.334
85.6635
84.3537
85.6426
86.2655
87.5447
87.9278
87.8795
88.0784
90.5535
91.3174
90.3727
90.0454
90.5901
90.8977
89.7874
90.7935
89.242
90.54
90.1662
90.3192
91.9871
91.2512
91.1194
88.2115
86.3742
87.0727
87.1118
87.1637
87.8134
88.7266
89.2008
88.9156
89.6501
90.7655
88.1483
88.1563
87.368
86.5052
86.9876
86.6393
87.7096
89.6186
90.1589
88.7851
88.9515
89.2902
88.2736
88.5109
88.4101
88.7694
86.0558
86.1438
84.8957
85.0677
86.0499
86.7829
88.5942
87.4313
87.3617
86.6479
85.4356
85.4435
86.8577
87.2382
87.3639
87.9452
88.197
88.0049
86.6052
85.9097
87.1094
86.1804
87.9102
87.3047
89.3126
90.1304
89.8069
90.6303
89.2092
90.2159
91.9741
92.4671
93.9968
96.1716
97.5499
97.4007
99.97
99.5392
100.775
99.7785
101.229
103.43
105.859
107.178
108.435
110.303
111.772
110.542
110.377
111.693
108.694
109.725
109.302
109.296
109.552
106.267
105.772
107.095
108.18
105.977
106.575
105.216
101.749
103.579
103.11
103.32
105.32
104.435
105.949
106.309
107.699
106.048
102.609
104.105
105.666
107.237
108.677
109.213
108.422
106.772
107.412
106.734
107.144
106.474
106.719
107.755
109.8
109.749
109.52
110.167
110.324
110.688
111.143
109.78
110.532
110.168
110.528
111.413
112.786
113.311
112.348
112.753
114.343
113.181
110.877
110.746
110.65
110.75
112.099
112.957
111.638
112.65
110.986
111.357
108.705
109.641
109.215
109.143
108.45
108.131
108.657
108.484
107.571
107.623
107.136
110.369
110.738
110.982
111.477
112.192
112.988
111.747
109.832
108.78
112.122
112.434
111.946
111.276
110.583
110.737
111.074
112.167
111.205
109.608
110.636
110.875
112.289
112.641
114.986
113.071
114.536
115.707
117.734
117.697
117.076
118.979
121.11
118.715
119.275
118.064
119.414
120.235
120.672
120.421
119.532
120.154
120.041
118.538
116.92
118.506
119.356
121.375
121.622
120.265
118.403
118.554
119.069
117.754
116.944
118.308
114.63
115.338
111.156
108.814
109.074
106.961
107.125
107.008
106.508
108.045
107.794
108.167
108.27
110.072
111.794
111.726
111.628
110.936
110.712
108.751
108.738
109.76
110.245
110.062
111.903
112.168
112.371
110.519
111.556
113.022
113.911
113.942
114.337
116.266
113.856
114.788
114.934
113.954
111.656
110.826
111.349
109.484
107.952
107.716
106.691
105.155
105.297
103.219
101.792
102.432
102.161
103.665
104.893
104.653
107.119
105.641
105.53
106.624
106.392
106.341
108.743
107.58
110.451
109.295
111.486
107.768
105.43
104.847
104.36
103.927
103.414
105.929
106.795
102.866
102.767
101.056
100.734
101.505
98.9999
98.8312
97.919
97.2113
98.792
100.284
99.913
98.6815
98.9548
100.536
98.1998
97.7511
97.1884
97.9493
97.3487
98.5232
100.554
101.093
101.591
103.069
103.065
101.391
102.465
102.806
102.499
102.515
103.064
102.007
101.788
101.852
99.5406
97.9944
96.8372
97.006
94.3861
94.7561
94.8953
94.5638
96.1424
98.0597
100.203
99.62
98.1377
98.8977
98.5035
98.0559
98.3581
96.2759
95.8762
96.5755
96.8485
98.0193
97.5683
97.6775
96.2672
97.9369
99.8292
99.7336
100.708
99.2852
99.5766
97.2742
98.9446
98.9832
97.5918
96.5096
98.6408
99.0508
98.7297
97.2729
97.692
95.6057
94.8912
95.488
94.2489
93.6248
92.9067
90.9479
91.6034
91.6325
91.5861
90.5883
89.6158
88.3297
87.8372
88.6859
89.6557
90.843
90.2436
89.503
88.568
87.8281
87.6026
87.1724
88.1146
88.716
88.9106
87.6848
86.8177
86.6188
85.7086
85.7873
86.4618
84.8787
84.1931
84.6408
85.6301
86.9909
87.9645
88.4962
89.7794
89.6908
89.3648
90.2176
89.3983
89.1144
90.2977
91.7098
90.5257
89.8075
90.2048
89.839
88.5118
89.9209
90.2603
89.9832
88.2375
