102.34
106.302
103.384
104.103
103.273
103.697
100.632
99.3066
98.726
100.467
99.3387
97.553
98.3581
99.2079
97.8632
97.7951
96.8497
98.0358
99.3504
100.47
98.9477
98.9768
98.1921
97.819
97.0964
95.1855
96.5313
95.1784
91.839
91.1452
88.9049
86.4109
86.8763
84.7598
84.9751
83.7215
82.5598
83.0875
82.4053
82.5037
81.5381
82.2835
82.9579
84.4106
83.7757
84.6267
85.825
83.8553
81.6795
80.7471
81.8643
80.4187
80.1647
80.6548
80.8016
79.6743
79.3353
78.9277
78.0817
78.3288
78.2728
78.6812
78.7227
80.1713
81.0495
81.3512
81.8162
82.4075
80.5875
81.8086
79.9109
80.9277
82.2576
80.9606
81.4837
81.5749
81.6988
83.2734
81.6171
82.1084
83.0811
83.5984
84.1132
84.5073
85.8361
86.6618
85.1437
85.8976
86.4462
86.5474
86.2858
85.8408
85.8725
86.4049
85.2169
84.9147
83.0947
82.5687
82.3967
84.1908
84.5534
83.8102
83.4405
84.8588
84.7654
82.5605
82.247
82.9505
82.7113
82.8391
82.1741
82.4026
82.2263
83.5124
83.5984
84.3793
83.7605
83.1786
82.2372
80.7783
81.5518
79.4361
79.4316
77.6199
78.1585
80.1617
79.5398
79.9122
79.831
79.3129
79.5765
78.6246
78.2085
79.111
79.4451
80.5107
79.6155
79.4691
78.1792
79.3626
79.1411
79.5408
79.9935
80.066
79.5983
80.1638
80.2916
80.7547
80.8038
80.6521
80.8604
80.7184
81.6416
80.7527
79.8791
80.3244
81.2459
82.3495
83.7773
85.2979
85.3266
86.1124
85.4745
87.0879
85.8551
85.6043
86.8245
85.8506
86.6498
86.8996
87.2296
86.6415
87.382
87.5036
87.8952
88.724
90.8366
91.105
90.4551
90.7255
91.6695
93.7942
93.6737
94.5842
93.8583
95.4525
95.631
94.3189
94.8692
94.6737
95.2772
95.6088
96.8131
96.6468
96.363
95.2367
96.0471
96.7624
98.5779
97.4167
97.7887
97.4587
96.4375
94.7107
93.8883
95.8546
95.0228
95.3476
97.5396
97.3736
98.3121
97.9072
95.9801
95.4994
96.8145
95.4677
96.5881
97.4495
98.7446
99.7552
98.1606
98.9311
99.4765
101.016
99.6688
100.343
98.7649
101.519
103.454
103.571
102.708
101.613
102.273
102.603
101.822
103.091
105.372
105.905
106.788
107.77
109.463
106.023
107.034
107.342
106.82
105.1
101.826
100.702
99.9425
98.8841
100.333
100.195
100.251
100.643
100.076
98.7656
100.792
101.057
102.464
102.608
105.493
106.205
107.178
106.394
105.366
107.664
108.057
109.015
111.212
108.506
106.887
108.382
108.876
111.269
112.635
110.437
109.86
109.584
110.438
113.066
113.253
113.93
114.839
113.305
115.428
116.995
114.762
114.917
114.394
115.637
113.026
115.545
115.868
116.192
117.258
115.692
116.662
119.016
120.906
124.523
122.821
125.159
128.213
130.583
129.775
130.111
131.085
134.958
134.233
136.437
134.354
134.625
138.848
139.147
139.121
141.792
139.393
142.076
142.353
145.242
142.46
143.635
144.596
147.224
148.046
148.1
149.999
149.396
149.723
149.316
151.921
151.745
150.287
148.817
146.169
147.454
144.695
142.463
143.275
141.714
145.018
143.808
143.695
143.083
143.687
143.928
146.242
144.023
149.282
151.167
149.61
150.887
152.347
147.777
143.809
144.036
142.559
143.785
142.223
146.199
146.012
146.531
148.796
150.325
147.466
146.562
144.331
142.966
143.132
143.119
143.036
142.145
139.707
140.008
138.706
137.885
135.905
135.608
132.322
130.977
131.555
132.147
133.166
133.192
135.405
136.557
135.511
137.313
139.695
142.284
142.311
142.39
143.824
142.648
144.173
147.86
148.416
147.667
149.258
150.686
152.886
151.383
153.74
153.065
154.523
155.434
154.941
152.373
152.448
154.721
152.416
154.776
153.441
155.18
157.058
158.378
158.085
158.004
158.082
161.345
161.82
163.533
162.957
165.053
165.925
166.783
168.757
170.369
170.333
168.335
167.895
169.032
172.4
173.082
172.061
170.827
166.081
167.755
166.72
164.76
165.477
164.616
166.539
167.258
164.954
164.08
159.926
161.328
163.228
161.536
158.674
157.887
158.43
159.555
162.476
162.224
163.186
161.754
162.12
160.591
162.072
164.45
167.89
166.419
169.071
168.974
171.546
175.155
175.816
176.397
175.392
174.98
175.22
173.06
176.293
177.462
172.834
167.438
168.414
168.673
168.523
170.343
174.437
168.251
168.594
169.614
173.817
170.704
172.453
172.311
176.253
178.12
176.128
174.065
174.594
174.692
170.822
170.437
168.371
170.112
171.368
174.084
169.83
168.809
168.487
171.181
167.529
167.518
164.869
164.892
164.103
162.759
162.673
166.45
167.039
164.745
165.455
165.907
168.856
170.437
170.445
171.956
173.127
174.298
174.73
173.605
175.808
171.878
173.443
172.257
172.408
172.89
171.609
171.683
172.064
171.947
172.228
172.308
170.094
169.023
167.218
167.72
165.587
167.018
167.151
164.506
166.495
170.275
169.274
169.447
167.099
163.549
164.612
163.669
168.235
170.58
168.618
166.941
166.246
170.399
170.864
170.483
171.934
171.094
174.036
173.752
177.066
176.834
175.381
176.404
178.43
177.178
177.272
175.977
175.2
173.26
177.473
178.717
182.734
183.806
183.476
184.994
184.808
184.344
184.229
185.282
182.851
185.678
185.044
184.981
186.911
186.078
188.095
187.145
189.283
184.121
183.424
179.894
177.325
179.081
