100.183
102.295
102.909
102.84
101.655
101.508
101.476
101.504
100.066
100.926
100.512
100.591
97.2017
96.6189
96.8671
96.0505
98.5445
97.8935
97.7523
100.372
100.953
97.8365
96.3422
96.2844
97.1456
98.2753
96.9196
96.8264
97.9917
97.5216
98.8787
98.8027
99.5749
100.023
101.294
103.397
105.072
106.674
106.418
105.129
106.254
107.308
110.213
110.176
110.824
109.796
111.375
112.261
112.578
113.541
113.787
112.057
110.993
109.993
108.726
110.457
110.163
112.834
114.013
114.697
113.853
115.975
113.592
114.627
113.78
112.6
109.948
110.246
110.568
108.308
106.963
106.761
106.855
106.248
104.473
107.384
108.076
109.82
111.182
110.634
112.088
113.126
112.187
113.971
114.936
113.874
113.208
112.545
115.987
117.803
117.414
118.825
117.138
115.899
115.095
113.709
113.029
113.066
115.604
115.575
116.715
116.284
117.214
117.059
120.391
121.79
121.37
121.204
121.111
121.558
120.957
119.241
118.852
121.312
123.144
123.201
124.377
124.266
127.026
127.375
127.45
126.583
126.383
125.015
123.803
122.882
124.353
124.497
124.944
126.699
127.194
128.78
128.837
129.253
131.039
132.137
131.644
132.448
131.674
131.989
130.745
130.187
131.574
132.976
135.59
130.842
132.075
131.263
132.599
131.255
130.589
131.093
129.904
131.003
132.749
133.302
128.151
126.354
128.049
128.611
127.243
129.366
130.086
129.442
127.676
126.389
128.821
125.624
122.451
121.611
123.358
122.716
122.116
121.89
123.947
125.085
128.114
130.519
131.404
129.941
131.338
131.029
129.199
128.757
129.138
128.21
127.01
128.296
128.512
129.887
129.643
127.819
129.089
130.751
132.519
132.265
131.719
129.958
129.277
130.242
126.941
126.919
128.802
127.804
129.346
126.899
124.208
122.789
123.195
120.563
121.873
120.957
120.457
119.598
121.445
121.475
121.68
122.768
121.721
120.681
121.542
121.065
119.281
118.947
120.011
118.802
119.056
118.052
117.345
117.084
118.47
116.729
118.809
118.348
116.063
114.611
116.311
114.261
115.991
115.418
113.889
115.184
117.155
115.235
116.456
114.559
112.39
111.334
112
110.537
110.04
110.247
112
111.602
116.03
115.158
113.459
113.643
113.09
114.134
114.8
115.605
115.745
115.629
115.079
113.912
112.677
112.461
113.774
114.439
114.229
117.134
114.58
116.739
116.504
115.708
114.203
114.447
113.688
114.341
113.443
115.177
116.31
116.785
115.629
115.731
117.995
119.239
119.436
116.612
116.701
116.252
115.301
114.959
114.672
114.213
115.398
115.649
116.441
115.561
114.733
114.31
116.575
118.536
119.711
120.605
120.966
121.851
118.834
120.092
117.028
116.374
116.888
118.307
118.59
117.742
117.77
117.954
119.674
118.755
117.976
117.311
121.106
120.74
121.011
121.653
121.76
122.936
121.105
120.006
118.824
122.162
122.755
123.595
124.616
125.188
125.379
128.454
127.517
127.72
132.333
131.965
131.269
131.307
134.282
134.431
133.426
130.499
130.217
131.153
132.555
133.134
132.973
132.732
134.888
133.818
133.597
132.361
131.387
132.604
137.092
137.154
138.184
139.682
141.912
142.141
139.706
137.408
140.097
138.626
140.475
142.314
142.5
139.355
141.128
136.729
140.707
144.134
144.479
145.137
139.114
137.73
135.688
134.656
134.52
135.764
135.308
135.278
133.593
133.513
135.591
136.846
138.021
137.962
140.687
140.922
140.195
139.109
141.367
142.465
141.755
138.25
139.813
140.212
140.883
141.531
142.02
140.111
140.266
140.724
140.143
140.186
142.233
144.128
143.749
144.673
145.137
147.495
150.122
149.685
148.751
150.907
149.138
148.996
151.296
150.293
148.001
149.584
147.979
144.205
144.586
143.892
144.985
146.012
144.791
142.819
139.995
138.209
140.621
142.397
140.641
139.611
135.58
134.54
133.167
132.78
133.164
131.396
128.67
130.837
129.916
128.523
127.956
129.184
128.367
129.926
129.928
130.555
131.087
129.055
127.245
129.023
130.209
130.037
130.743
129.089
130.082
131.263
131.15
130.524
130.724
132.929
133.773
132.4
131.167
132.974
134.159
133.881
131.773
133.467
137.502
138.374
137.824
135.332
135.345
132.733
134.054
137.287
135.963
135.463
135.211
135.681
137.056
137.276
133.475
134.2
134.71
134.152
138.354
138.002
138.667
138.687
136.394
135.883
133.594
136.671
135.308
134.236
135.427
136.039
134.788
135.718
136.8
131.439
129.38
129.292
129.117
126.46
125.651
125.463
123.229
121.649
121.356
123.9
122.962
120.5
119.295
114.686
113.599
111.778
112.496
112.154
111.417
112.124
111.768
112.701
115.679
115.496
116.476
116.079
113.924
111.89
112.709
113.159
116.794
116.183
116.269
115.549
118.836
120.92
123.274
124.32
125.743
124.196
127.716
127.493
128.437
127.105
127.308
132.035
129.989
129.954
132.624
134.212
133.109
135.627
135.583
134.532
134.725
134.005
135.08
133.286
131.553
130.844
131.462
135.206
136.15
136.348
138.57
136.541
136.176
134.517
132.518
130.819
131.055
131.9
131.821
131.701
134.124
134.615
137.31
136.841
136.809
139.125
136.818
138.188
140.612
144.485
140.982
142.081
