99.9841
101.285
102.347
102.037
104.429
102.874
101.478
102.366
102.104
101.941
103.868
102.16
102.761
101.593
102.042
102.641
103.789
102.171
102.77
103.835
104.882
105.97
108.454
107.947
106.674
105.531
106.035
106.821
103.948
105.522
105.338
106.759
105.673
106.668
105.71
106.745
105.964
106.686
109.421
110.387
108.71
108.077
107.093
108.717
107.401
108.118
107.35
109.431
107.186
106.285
106.592
105.337
103.323
103.917
104.859
105.672
106.674
104.769
103.027
105.264
105.042
102.775
104.692
103.611
105.236
104.159
101.981
103.041
101.822
101.489
104.434
103.888
105.555
107.024
107.361
106.41
105.494
105.694
106.277
106.908
104.417
104.477
103.705
104.698
103.066
101.511
105.047
105.449
102.582
101.382
101.844
100.599
99.4581
99.6622
99.603
101.323
104.211
102.664
101.87
101.246
101.42
101.902
100.332
100.612
99.9704
100.561
98.6823
96.6773
97.7134
96.3629
97.8818
95.7904
95.1285
92.7226
90.7882
90.4172
90.6011
87.8692
87.6179
89.4465
89.7009
88.6845
88.8714
89.7233
91.1866
89.5628
89.8444
91.0188
89.7897
89.9085
90.3201
89.4823
91.5319
92.1489
91.6576
91.0853
93.1611
92.4952
92.0478
91.8079
93.3023
93.7089
94.5117
93.9246
91.715
94.4685
94.395
94.5533
95.8743
95.1218
95.7404
98.1027
99.5141
96.963
99.0532
99.612
101.944
100.704
100.971
100.789
100.192
101.692
99.3756
99.4742
98.3744
99.5737
99.8687
100.591
100.566
100.015
99.8184
98.178
97.7993
100.205
101.833
101.11
100.415
100.718
99.9723
98.294
99.0824
100.571
101.546
103.333
103.693
103.313
106.687
105.828
104.857
103.621
104.37
104.57
105.258
105.727
106.116
106.168
107.839
107.639
106.826
106.617
105.756
105.942
106.298
105.585
105.077
103.386
106.549
107.515
106.775
107.415
108.422
107.137
109.553
112.42
111.092
111.356
112.679
112.038
109.132
108.58
110.144
112.147
111.84
113.557
113.745
113.208
114.366
114.266
115.555
117.833
117.578
116.758
113.932
113.886
110.417
109.538
108.849
108.168
106.279
106.8
107.289
103.298
102.952
104.441
106.57
107.639
106.271
106.689
106.402
107.835
107.578
108.313
107.729
108.435
105.628
105.284
106.247
105.536
105.403
106.339
108.869
109.251
109.268
106.913
110.032
110.841
112.996
110.713
110.416
109.976
111.012
113.058
113.844
109.811
106.886
107.322
102.344
102.396
101.172
103.227
101.711
100.682
98.625
97.5311
97.087
97.263
95.9774
97.1789
98.7928
97.651
97.5196
98.728
98.7778
98.2743
98.8029
99.6801
97.7835
98.2079
97.255
99.6922
100.28
99.4223
98.7952
97.0482
96.4492
97.7561
97.0926
95.9432
97.4772
98.0478
98.0824
101.129
100.661
102.358
102.082
102.432
103.723
103.922
105.335
106.39
105.127
106.432
106.57
108.039
108.958
110.326
109.53
111.478
111.361
113.12
113.781
113.432
115.488
116.466
117.621
119.711
121.542
120.788
118.62
118.775
117.866
119.02
117.48
115.147
116.035
117.234
118.461
118.936
119.046
119.309
118.133
115.52
117.382
116.192
116.815
118.271
120.275
117.218
115.542
114.963
114.24
112.556
111.053
111.835
113.506
112.211
111.315
112.158
113.32
114.746
112.933
112.482
111.474
111.682
111.693
111.602
112.163
112.681
113.474
110.898
109.952
112.611
110.835
109.953
109.272
110.149
109.145
107.469
108.549
109.662
107.162
108.835
109.724
108.358
107.887
107.222
108.117
107.149
108.105
107.539
108.62
110.132
110.65
108.423
108.483
109.325
107.443
109.593
109.298
109.638
109.162
110.843
110.113
110.756
113.289
113.896
113.59
112.632
110.398
109.29
108.787
109.479
108.003
105.886
105.618
105.656
106.014
106.954
110.455
109.474
108.366
109.146
110.749
111.317
111.057
109.647
108.215
110.075
108.83
109.363
109.442
111.61
111.15
111.67
110.642
111.077
111.819
113.057
111.588
110.055
110.346
108.741
108.524
110.104
110.765
109.656
110.098
109.603
110.038
110.908
113.721
114.64
116.374
114.528
115.432
115.982
115.018
114.669
115.527
113.807
115.897
115.32
115.819
115.299
114.82
117.042
116.592
114.376
115.336
115.789
115.822
116.434
119.571
121.349
121.94
121.56
122.058
123.135
126.727
122.714
122.872
122.972
123.237
122.401
123.226
123.554
124.811
125.095
125.568
124.915
126.547
123.447
123.928
124.805
125.674
128.589
126.363
128.556
128.599
131.165
131.345
133.628
130.241
129.209
128.946
127.408
128.127
126.583
125.921
123.587
124.42
123.21
125.512
125.544
125.725
125.849
126.275
126.557
128.956
129.327
129.119
129.414
128.6
126.932
128.145
131.44
133.254
134.086
133.938
132.935
129.563
129.22
130.734
128.839
129.989
129.514
130.45
129.812
130.133
131.126
131.182
131.908
133.585
133.661
135.919
137.488
135.656
137.57
136.849
135.305
133.604
132.833
132.018
132.086
133.485
130.848
128.935
129.758
127.983
129.827
128.887
129.203
129.383
126.831
128.281
128.549
130.2
129.968
129.461
128.232
127.033
129.219
127.725
127.521
125.166
125.348
126.461
123.63
123.71
125.732
124.386
125.457
124.346
126.242
126.3
129.111
127.067
127.708
125.832
124.962
