100.436
102.119
103.444
104.907
104.393
103.602
102.821
102.084
101.512
101.39
100.596
101.252
99.9614
99.6659
99.6051
99.4345
99.7028
99.7901
98.2236
98.3382
98.7562
98.5718
98.288
99.0894
98.4742
98.6592
100.161
99.9903
101.922
99.51
99.4762
101.19
100.236
100.561
100.089
101.988
102.531
102.916
103.015
101.795
102.01
100.565
100.721
98.9547
99.3053
97.1509
95.148
94.1544
96.5646
96.2716
95.1649
96.2974
96.0021
94.7851
93.9046
93.3836
92.8483
89.2932
90.6717
91.3387
92.341
93.201
92.2292
91.7915
91.9887
91.7952
91.4388
93.172
93.1404
92.3883
93.9469
94.4969
94.9451
94.2906
94.5238
92.5887
92.8133
93.1804
93.3676
92.5521
95.7138
96.4448
96.0914
96.6773
96.2221
97.422
95.3544
96.7133
99.599
101.23
100.014
100.777
99.3156
102.201
101.802
101.586
99.5191
100.132
98.9748
98.2284
97.0445
95.762
95.4576
98.2581
98.0404
95.3184
95.3732
95.2948
95.7185
94.9908
94.7164
94.9473
93.1177
92.1058
92.7
93.8897
95.4044
94.6349
95.3116
93.3371
93.6878
95.6903
97.1679
99.2265
98.5425
98.7604
101.071
102.347
102.125
103.829
101.741
102.126
102.59
102.487
103.056
105.1
104.687
105.049
106.466
105.854
105.845
104.258
104.479
106.249
106.635
105.875
104.341
104.719
105.547
107.966
107.102
108.268
110.256
107.583
110.177
108.316
108.105
106.944
104.633
104.773
103.147
101.505
101.493
100.328
99.3961
98.3057
100.615
99.1378
101.262
101.955
102.06
101.238
100.782
98.7561
97.6814
96.6474
97.2475
97.3862
96.601
94.4072
92.902
92.7345
93.0273
92.3739
91.358
90.7811
89.5844
90.1009
88.9768
87.8828
87.2643
86.8002
89.7404
91.4549
91.1093
90.6259
90.841
88.8961
88.7411
86.9382
86.7782
87.9723
87.8126
86.9034
88.1814
87.1144
84.638
83.865
83.2443
81.7984
82.5793
82.7633
83.0049
84.1942
84.6579
82.5355
83.0553
83.6541
84.6177
83.6696
84.7682
84.6988
85.0436
84.7707
84.5997
85.3535
86.3218
85.8653
84.6733
85.9723
87.0529
87.386
88.0832
88.9075
89.4928
87.9849
88.0979
88.0484
89.303
89.2103
88.3693
89.4261
90.2209
89.969
88.5382
89.5066
88.8724
89.7755
89.7535
89.3428
89.1989
89.3496
89.3026
90.5035
92.2476
92.0095
90.4736
89.0339
91.2874
90.1233
91.0788
91.1652
92.1675
91.9976
91.2747
91.7831
92.0409
93.4723
92.6351
92.7569
94.1409
95.6223
96.851
96.3806
96.6979
97.4165
96.0793
95.8205
96.2555
94.9016
94.6815
95.2439
94.8916
94.4163
93.4584
95.6649
97.1225
96.1586
97.2419
99.5856
98.3235
99.2586
96.6335
99.134
98.6324
99.5346
99.9917
100.601
100.507
101.149
101.6
103.179
103.808
104.46
104.822
102.321
101.546
100.287
100.54
100.735
101.232
101.146
102.072
99.9313
99.4301
98.8637
100.384
98.7857
99.3907
99.3143
98.3564
97.0424
97.1902
95.6195
94.7532
95.3367
96.4617
97.8864
96.7037
96.2811
97.2495
95.9386
95.6313
95.2728
96.6702
95.5888
96.2815
94.028
93.9118
97.1859
94.7419
94.612
96.1646
95.0879
95.3365
94.631
95.334
97.0486
95.0193
94.6606
93.6958
95.8028
95.5165
96.7644
95.4232
96.7733
95.8087
96.1195
96.366
95.3967
96.299
95.4976
94.9114
94.7566
94.6276
95.7596
93.2591
94.1418
93.6276
90.9477
92.3206
92.2895
91.2058
93.0423
93.2202
94.6107
97.3527
96.6816
95.9169
98.1127
98.8686
99.3747
101.478
102.058
100.433
100.025
101.129
100.511
99.5921
97.3841
98.8106
100.146
102.437
102.2
103.922
105.599
105.051
105.976
105.408
107.76
109.543
112.837
114.925
116.024
117.025
117.449
116.319
114.456
111.381
109.956
109.478
109.066
109.683
110.057
110.357
108.535
109.546
106.308
106.692
107.274
107.195
107.92
106.16
106.874
105.56
107.666
107.462
106.779
108.131
108.704
107.705
106.693
105.877
105.967
103.966
105.635
103.686
103.628
104.251
103.151
103.145
105.278
104.816
105.595
106.402
105.045
104.563
103.239
100.785
98.8788
99.8879
101.204
101.634
99.6397
98.4964
97.8329
97.7162
95.8075
95.2148
94.9282
95.4155
95.8967
96.3502
95.7714
94.2536
95.1439
95.6943
96.5714
98.1857
95.5379
96.5012
94.9467
93.8902
95.0337
95.7068
96.0084
96.309
95.8106
98.5221
96.1747
97.041
96.6123
99.8977
100.899
101.209
101.65
102.475
104.393
104.947
104.654
105.276
106.035
106.397
106.641
107.015
107.56
106.977
105.966
105.215
105.414
104.148
105.123
104.385
104.133
105.33
103.746
103.175
104.172
105.611
103.183
103.058
101.565
103.615
103.795
102.346
104.705
105.452
105.607
106.677
104.571
105.681
103.734
102.878
103.143
103.734
99.9378
102.02
102.643
101.203
100.283
99.6424
99.6709
100.012
99.4109
101.007
101.587
101.663
101.306
102.458
102.18
102.845
103.479
105.071
103.507
103.195
103.432
104.535
105.5
105.094
104.769
105.943
103.079
101.666
102.469
102.995
103.013
102.311
102.991
102.935
102.069
101.759
102.425
100.884
100.42
99.8989
99.7361
100.197
101.019
100.698
101.018
100.221
99.7654
100.249
102.652
98.847
98.385
97.4296
97.4923
94.7371
96.4475
95.5746
97.0961
96.8123
96.5476
98.1857
98.4964
98.2367
99.4756
100.176
99.1272
100.933
100.366
100.708
103.34
100.821
101.923
103.757
105.868
103.521
104.416
