98.966
97.8652
97.6442
98.0352
98.1561
98.3347
98.7759
99.8947
100.388
99.0356
99.1443
99.6572
99.0497
99.4738
97.9908
96.0281
97.7652
96.8386
95.0418
95.3211
93.2236
94.0802
95.1667
94.755
95.8899
95.283
95.2789
94.8049
94.9946
94.7634
95.1448
96.1408
97.3811
100.325
98.8207
96.0523
96.3449
96.6505
96.6185
97.1542
95.9308
96.5206
97.19
98.7132
99.4641
102.56
101.876
98.488
98.3148
99.523
98.292
98.2652
99.4828
100.466
101.611
101.513
101.576
101.399
100.475
100.366
101.967
101.55
100.266
102.435
104.823
105.047
103.738
102.737
100.941
101.448
100.482
101.908
100.31
98.2188
97.7593
96.193
96.2429
96.1598
97.6144
96.7465
99.2865
97.1606
96.694
95.8626
96.4949
96.0207
96.5573
96.5071
97.6255
96.5187
95.0475
92.6434
94.0932
92.03
91.4749
91.9036
94.108
94.5767
94.0518
92.0893
91.456
92.8808
94.0266
92.7756
94.1805
96.5816
96.9369
97.6774
98.2632
100.656
102.413
102.47
101.245
102.129
102.506
105.485
107.085
106.973
105.655
106.427
107.902
108.827
108.95
108.121
110.91
112.533
111.691
108.983
108.924
107.337
107.412
105.92
106.993
104.861
102.335
101.617
102.349
102.013
100.971
100.351
100.623
100.671
100.457
101.59
101.039
100.851
99.0221
98.6064
99.2732
99.1737
100.602
101.463
103.979
103.058
103.197
105.915
103.86
104.613
105.367
106.942
106.274
107.418
107.262
107.589
108.426
105.779
107.241
107.463
106.192
106.754
105.352
107.101
105.956
106.291
105.09
107.975
108.545
110.601
112.417
113.377
113.115
113.086
113.24
113.297
114.515
113.908
114.459
113.775
113.389
111.854
112.023
112.565
113.184
111.527
110.214
107.624
104.811
105.353
105.439
104.939
103.581
103.445
104.896
102.769
101.631
103.394
102.817
99.8083
101.94
102.957
102.374
101.602
103.68
103.179
103.067
102.843
102.837
101.015
101.786
102.028
101.405
101.927
103.259
103.414
102.154
103.673
102.089
102.195
101.127
100.075
100.531
100.197
100.167
100.363
100.849
100.575
99.9127
101.568
101.888
101.781
101.946
102.913
102.143
102.388
101.254
102.56
102.982
103.951
103.258
105.129
105.474
105.24
107.288
107.918
108.549
106.574
108.147
108.896
107.274
108.713
110.775
110.465
110.36
109.992
109.524
109.604
110.045
109.334
107.501
108.604
109.756
110.202
111.112
111.955
110.718
110.727
111.69
113.413
112.845
114.337
115.005
115.289
113.837
115.575
117.25
118.926
119.097
119.743
119.726
119.024
119.651
119.842
118.858
119.398
117.515
118.672
120.006
120.978
121.273
119.452
118.434
118.331
116.781
115.889
114.001
112.268
111.433
112.017
110.733
111.232
111.361
110.238
110.416
109.026
108.795
111.242
109.897
110.608
111.146
112.524
111.543
111.584
112.752
111.017
112.819
112.754
114.78
115.446
114.214
112.543
113.564
111.712
114.266
114.791
115.685
116.59
117.551
118.068
116.585
118.633
119.457
118.654
120.582
121.099
122.846
119.64
119.543
117.499
117.555
116.538
119.087
119.429
118.516
120.652
123.294
122.091
123.543
126.913
131.556
131.143
131.79
131.231
133.34
133.024
132.002
133.917
131.442
134.542
134.883
134.537
133.672
133.568
134.036
135.25
136
136.164
137.223
140.584
140.029
142.168
141.597
140.833
141.447
139.178
139.884
141.561
143.428
145.341
146.754
145.931
145.891
146.588
146.752
146.821
146.064
143.848
144.367
144.105
144.541
140.747
137.813
140.397
140.247
139.754
140.032
140.473
141.297
140.944
141.255
142.6
144.138
144.706
144.663
145.997
145.416
145.585
144.2
143.443
145.685
146.254
149.297
147.951
149.225
146.179
145.761
143.556
145.372
147.224
148.6
146.109
144.216
145.95
148.012
147.125
149.173
147.798
146.132
144.374
144.627
146.325
146.112
146.623
145.297
145.384
142.733
143.666
144.318
145.72
147.496
145.78
144.742
147.031
145.832
146.205
147.65
149.23
149.256
149.973
150.951
153.411
154.133
154.108
153.759
155.934
154.533
152.372
157.25
157.286
159.238
159.917
162.562
159.28
159.246
158.684
157.723
155.788
152.618
153.892
154.536
154.415
152.771
153.319
154.546
153.776
153.208
152.267
153.249
151.783
155.63
153.984
156.459
156.919
157.682
159.165
161.004
161.214
156.738
160.865
163.97
169.183
165.645
161.684
161.616
160.414
157.759
157.98
155.961
158.192
157.454
154.671
154.436
155.139
156.761
155.868
158.875
159.696
161.847
162.538
162.026
164.022
163.572
164.431
167.236
166.066
167.668
168.586
169.899
170.374
172.274
170.862
173.076
174.976
180.028
184.821
183.68
180.174
177.713
175.558
174.091
172.54
173.188
173.802
177.323
176.419
172.651
168.901
171.797
169.526
169.332
169.877
169.474
170.846
169.343
170.361
173.397
173.591
177.828
176.35
174.994
173.322
174.985
170.4
170.839
172.323
172.052
168.44
170.079
171.018
168.2
167.231
165.8
166.967
164.729
163.411
166.902
166.349
166.507
166.982
167.785
162.573
161.405
158.473
156.85
155.584
154.159
152.026
153.244
154.503
157.739
155.228
154.85
154.258
157.459
160.406
157.317
157.945
155.944
153.008
150.44
150.759
