97.9952
97.2901
96.7251
96.8068
94.1603
95.5867
96.6261
97.8116
97.4192
95.9804
97.7278
97.6803
96.659
95.9104
94.9619
94.9349
94.5326
95.0826
94.5154
94.4496
94.614
93.0919
92.5206
92.5421
93.6084
93.4759
92.0616
90.634
89.4585
90.5326
88.7965
87.2233
85.5334
86.4718
85.9725
87.5023
86.6565
85.5722
85.3459
86.1493
85.5611
85.7628
85.9944
87.0717
87.7862
88.0502
86.214
86.5012
85.0746
85.7198
84.8005
84.6261
84.6842
83.7268
82.9368
81.8281
82.4629
84.3987
87.6726
83.751
84.8163
84.33
83.0137
82.514
82.3461
81.4307
81.7989
83.3155
84.6264
84.972
84.3995
84.0001
82.7305
83.4451
83.1132
83.5626
83.1227
84.0409
83.7612
84.4808
84.0288
85.4027
85.482
85.933
86.2473
87.6137
86.8314
87.3961
86.5456
84.4306
84.6438
84.1767
83.4022
83.7464
83.9256
84.6816
85.0118
84.4212
84.1698
83.5117
83.9905
83.415
83.7017
84.272
83.6623
83.2026
84.7848
84.1865
84.5749
84.726
85.1666
84.166
83.4132
81.5681
81.3718
79.6645
79.644
80.9453
78.4988
76.433
77.0719
75.7527
75.6363
77.4628
76.8673
76.6554
76.2644
75.6529
76.0617
75.4553
72.6732
72.1283
73.4947
73.3643
74.1308
73.6592
74.367
74.4072
73.6001
74.6159
73.6213
72.8891
72.4523
71.6569
73.2834
74.3713
73.6111
73.9513
72.9805
72.8369
73.4293
73.1808
72.0468
71.7584
70.6163
69.9413
67.7194
69.6033
69.8097
70.3846
70.0005
70.1127
69.9216
71.1363
70.3815
70.8084
69.5805
69.5991
69.1227
67.8461
67.5369
68.3692
68.1907
68.557
68.8279
68.0406
68.6341
68.3703
67.8812
69.0325
69.7949
68.6144
67.4173
68.2445
68.0341
67.9997
66.5187
66.1817
65.2424
66.0568
65.8386
65.3073
65.5845
66.9921
65.2596
65.3065
65.1827
64.1905
64.0659
64.2621
63.4517
64.2738
64.3999
64.909
64.2496
64.8886
65.4462
65.6301
65.9529
65.9446
66.3674
66.5136
65.411
65.1059
65.5686
65.564
65.1792
64.5544
64.9814
64.2436
65.6356
65.5325
66.188
67.6553
69.0607
69.7616
70.4854
70.6952
70.4621
70.0673
70.4169
69.9024
69.5587
69.7413
69.4839
70.9842
71.2523
72.2451
72.2737
72.7491
73.7296
73.3001
73.0475
72.9958
74.023
74.809
74.8172
75.5338
75.2517
74.3139
74.4026
75.4221
74.8527
74.1704
73.55
73.7347
73.1984
71.7951
71.5227
71.72
69.5543
69.3754
68.5976
69.1653
68.8595
68.619
67.3076
68.0498
66.4453
65.0018
64.85
64.7977
65.2353
65.9698
65.171
65.115
64.4725
63.6239
63.5884
62.8189
63.5458
63.4607
63.2764
63.9119
63.7825
62.6769
61.6427
61.7044
62.045
64.2157
64.9112
63.3407
61.296
61.1603
61.5109
61.6827
61.9025
62.7263
63.6972
64.0132
64.9558
63.6625
62.9403
62.2895
62.0307
61.6048
60.7997
61.2577
61.9247
62.5347
62.0093
61.2452
61.7439
60.2215
60.1486
59.5117
59.9022
59.7274
61.078
61.5786
61.1855
59.6581
58.9524
58.9661
58.3499
58.9505
58.549
57.3604
57.0352
57.3291
57.7655
57.8149
56.9909
56.385
55.7936
55.806
56.6054
56.7308
57.3125
57.243
55.9587
56.1254
56.4913
56.7116
56.4104
56.7964
56.8703
57.2962
57.0423
56.7066
56.2969
55.7883
55.5524
55.2196
56.3088
56.9823
57.104
55.9518
55.5085
55.2158
54.1598
55.3266
55.3879
55.5412
55.4191
55.8858
54.8522
55.0222
54.3025
54.0541
54.6504
55.9885
57.345
58.3765
58.6659
58.1182
57.6971
57.1307
57.1928
56.4137
57.8699
57.4454
58.5147
58.4818
57.8193
58.5276
57.9849
57.563
58.2636
56.4676
55.5587
56.5956
56.0365
54.7785
54.7376
54.5158
55.072
54.5382
54.6022
55.1393
55.0278
55.2547
55.3213
55.1175
54.8842
54.4156
55.0428
54.7214
54.5303
54.6428
55.4611
55.7814
55.96
56.4143
56.4159
56.4539
56.0044
55.6708
55.5139
54.7333
53.6306
52.8617
53.5708
54.2092
55.7084
55.0724
55.8724
55.4401
56.7927
57.4154
58.468
58.4029
58.4739
58.264
58.527
59.4338
58.7375
58.923
59.1247
58.6531
59.6558
59.6722
59.4476
59.6107
59.0364
58.964
58.7901
57.5578
58.4832
59.1401
58.2778
56.8965
56.7225
56.4661
55.8431
54.9416
53.8258
54.3384
54.5518
55.3053
56.4094
56.4496
57.7222
58.5747
58.5279
58.8375
57.6163
57.0873
57.7549
58.5052
59.6758
59.0465
59.931
60.0328
59.2191
59.4487
59.6589
58.8943
59.0241
58.9679
58.5115
57.6502
57.7993
56.7854
57.1689
57.1106
57.8213
57.7383
58.2086
57.9284
58.529
58.7155
57.7754
56.5928
56.3409
56.7806
57.5102
56.8543
57.5138
57.6172
57.4205
57.8245
58.2341
59.0339
59.0995
59.223
59.3303
59.3619
58.9645
59.2096
59.6876
58.6206
58.0276
58.2255
58.5014
59.5742
59.4802
60.6995
60.7206
59.7425
59.9948
59.2182
59.2551
58.9679
59.3819
59.8527
58.3318
59.6794
58.016
57.9459
57.1422
57.1368
58.2661
58.2432
58.9349
59.0021
57.6447
57.8403
56.8619
56.2214
55.8773
57.1528
57.445
56.4043
56.7186
55.2733
55.5001
55.4922
54.8574
53.1129
52.3904
51.7651
51.7064
52.5294
51.1839
50.7864
51.3622
50.0541
49.5783
49.511
49.6915
49.4494
48.6498
48.2592
47.5293
47.088
46.8957
46.5108
46.5152
48.0366
47.3803
47.6103
47.3407
47.3691
46.9147
45.3424
45.0989
46.3752
46.6766
47.0481
47.5195
48.0625
48.6538
48.0439
48.5385
48.622
49.355
48.638
48.7751
48.475
48.3574
47.8017
47.9003
49.0936
48.6324
48.2871
47.8336
48.1935
48.3687
48.8212
