99.4325
100.962
99.5158
100.93
101.132
102.329
101.692
101.198
101.598
103.152
102.463
102.425
101.385
100.544
101.811
101.551
101.195
101.464
101.669
102.888
102.508
102.176
103.158
102.134
101.806
102.162
103.696
103.952
103.942
103.003
100.283
99.8535
98.1789
97.3442
96.3254
97.1805
95.8782
96.7353
97.0456
96.81
96.6928
95.118
94.821
95.3903
94.8754
93.335
92.381
94.4708
94.5722
93.9703
93.2597
93.9578
94.9562
95.6592
95.5949
97.9157
95.4637
93.8704
93.3714
90.1609
91.3225
92.4869
92.9459
91.4145
91.9069
92.319
92.3207
93.6994
93.8442
91.7613
90.884
91.935
91.6032
93.9372
95.7632
94.4941
95.3642
96.3324
97.221
96.9438
97.3696
97.4018
98.4607
97.8556
96.4737
97.0024
98.8458
98.6129
98.4745
98.8307
100.119
101.169
100.733
100.529
102.501
104.8
104.976
103.989
105.641
104.749
105.45
105.149
105.176
104.988
105.354
105.543
106.244
105.24
105.353
106.915
107.47
107.718
107.833
106.336
106.572
105.665
104.54
105.681
103.41
104.386
104.244
102.399
102.598
103.169
104.65
105.077
106.901
106.504
105.086
105.252
105.141
106.045
104.96
104.828
103.701
104.486
106.523
107.458
108.435
110.001
110.972
110.789
110.225
108.18
108.845
107.294
107.577
107.662
106.65
104.883
104.938
103.959
105.431
106.368
109.036
109.49
109.667
109.601
108.881
109.075
108.918
110.576
110.421
111.498
113.401
113.118
111.857
111.881
112.724
113.442
109.763
107.339
108.068
107.728
107.876
109.428
108.804
110.809
114.501
116.548
114.415
111.726
109.307
109.22
109.917
110.46
108.197
109.141
107.828
107.297
109.285
108.436
108.817
109.471
110.753
108.183
108.749
109.845
110.01
108.015
109.428
111.178
112.084
111.321
111.189
110.095
112.623
114.317
116.342
115.856
117.945
118.122
115.93
118.091
118.658
120.381
123.998
125.857
126.707
126.784
128.091
127.774
127.325
129.24
130.384
131.984
132.248
132.817
132.19
131.163
133.898
133.15
132.117
133.689
135.539
135.301
134.696
135.235
134.286
134.431
134.454
133.792
132.211
135.671
135.242
135.311
137.156
135.697
136.084
135.459
135.149
133.166
135.028
135.279
137.285
138.995
139.369
138.834
138.14
135.638
137.164
136.742
135.668
136.226
135.68
135.195
136.006
138.499
142.938
141.921
139.889
138.97
136.857
137.437
138.044
135.966
134.022
131.219
133.423
134.961
137.185
138.566
136.586
135.151
137.305
138.76
141.793
140.731
141.258
142.466
140.836
140.849
135.474
137.091
136.598
141.557
138.261
140.703
142.424
142.153
143.318
141.729
141.884
143.214
143.715
141.72
140.931
141.415
140.779
141.147
141.303
140.411
138.515
137.539
135.914
137.639
139.493
137.993
138.557
141.379
142.399
144.123
145.416
147.397
148.227
148.655
150.735
149.802
153.333
156.462
155.263
155.318
149.917
148.149
145.673
142.321
143.677
147.804
146.774
144.54
144.791
142.617
141.909
140.254
144.161
146.646
146.671
146.372
145.778
146.287
146.247
145.003
143.501
143.229
141.577
143.148
142.996
144.608
142.945
136.873
137.209
135.761
136.042
138.981
136.728
132.619
133.187
132.957
133.831
135.551
134.15
136.592
137.099
139.509
139.751
139.34
140.517
140.106
139.323
142.121
141.523
142.142
141.456
142.2
140.759
139.283
139.428
139.855
138.898
139.548
136.799
135.951
136.151
141.472
140.835
139.598
142.969
139.83
137.816
135.585
136.002
136.839
136.647
135.885
135.879
136.796
137.122
139.327
144.095
145.677
145.917
145.893
146.443
144.768
145.953
149.221
152.16
151.433
151.944
151.609
149.678
148.997
150.023
150.462
149.954
153.663
154.24
155.384
153.792
153.646
152.004
153.65
152.914
153.049
146.842
142.484
143.252
144.547
145.177
149.037
149.054
148.527
148.51
151.042
149.196
153.342
155.175
156.947
157.322
158.008
154.462
155.056
155.727
155.592
151.466
153.875
154.015
155.307
153.508
152.623
152.684
151.851
148.165
148.103
148.276
149.571
147.265
145.423
146.202
148.804
147.837
150.207
148.381
146.07
143.749
144.363
143.591
145.425
145.251
144.448
139.947
139.709
141.354
142.908
145.344
146.56
145.778
144.463
143.501
145.23
144.939
144.742
144.342
145.203
145.216
142.864
142.569
141.757
143.665
141.724
141.208
140.291
141.94
143.003
144.355
145.567
144.001
145.252
147.542
149.169
151.984
151.824
152.937
152.62
153.855
153.421
152.291
153.769
152.772
153.433
152.801
151.813
150.983
151.968
152.347
149.374
149.186
152.763
150.356
150.214
147.911
148.66
147.26
147.445
147.627
148.272
151.262
156.086
159.073
160.51
161.011
160.924
159.658
159.923
160.32
158.354
158.064
160.353
162.262
163.993
165.52
169.171
168.295
168.258
170.475
168.338
167.57
168.486
166.966
166.054
167.86
166.323
166.806
168.148
170.557
170.47
170.651
170.115
168.211
168.916
169.274
168.263
169.865
167.735
166.143
161.89
162.26
164.825
166.041
164.885
164.004
167.243
167.218
162.302
161.315
163.193
161.294
158.115
157.379
157.346
157.632
159.371
156.99
156.007
157.135
156.524
159.137
157.035
157.721
156.012
