101.231
100.554
101.108
99.5844
102.432
101.148
102.637
101.405
101.565
101.112
101.049
101.952
103.035
103.68
103.826
104.902
105.201
106.488
107.906
108.612
107.149
108.527
107.071
105.382
105.351
103.892
105.086
106.372
106.723
106.94
106.104
106.162
105.154
103.691
103.364
103.742
103.058
104.731
104.747
106.807
108.478
109.431
107.888
108.229
108.858
109.462
107.914
106.615
108.815
109.363
110.26
110.159
108.483
108.173
107.266
104.168
104.357
105.392
105.153
105.123
105.459
107.964
106.683
106.721
105.931
107.209
106.921
106.66
108.008
108.76
107.466
106.574
104.287
103.087
103.681
105.641
106.142
105.696
106.092
104.718
104.389
102.814
105.269
106.852
105.716
105.711
105.266
100.991
99.3197
98.7259
99.066
99.9056
101.909
102.729
99.7503
100.316
99.3138
99.9502
100.364
101.036
100.681
99.4776
100.569
101.008
100.993
101.696
101.951
101.711
101.211
101.916
103.56
102.235
102.683
101.817
101.156
100.763
101.13
102.332
102.124
100.091
100.335
103.219
104.359
101.816
103.017
102.049
100.404
100.913
102.226
103.149
103.752
103.008
104.249
101.809
100.7
99.8956
98.5655
98.0145
97.4423
96.1927
95.9889
96.7507
98.0161
100.046
100.635
102.728
100.513
101.902
104.336
104.637
104.378
105.823
105.334
104.008
106.169
105.002
105.445
105.236
105.687
106.436
105.831
105.182
106.732
108.132
107.696
106.846
106.118
106.765
106.538
104.292
102.572
101.581
102.709
102.99
101.32
100.111
97.1245
96.8247
96.4528
96.0639
96.1087
95.1166
96.1602
95.435
95.4468
93.1806
94.1885
93.6705
93.6237
93.2572
92.0145
92.2228
91.2676
91.1318
90.5237
90.6132
90.7156
90.1207
89.9734
89.8964
88.6915
88.8355
88.5534
89.4586
87.3267
87.0794
86.8643
84.3804
84.7532
85.9789
86.8911
88.294
87.0923
85.8241
85.7371
84.2724
83.2785
83.3713
82.4371
81.4651
81.2414
82.2094
81.4488
80.7106
79.8245
81.6317
81.3471
81.4695
82.4162
83.1648
82.6269
81.4985
81.0445
81.4804
82.2921
83.9309
82.4941
81.1777
80.3282
80.4966
81.4937
81.8099
82.2931
81.8148
81.8457
82.7727
83.7128
82.9297
83.4102
84.2908
83.6102
85.4388
86.1992
85.909
85.3016
86.735
86.7857
87.6315
86.897
86.6609
86.8025
86.3706
87.1478
88.2479
86.5285
85.3537
85.1062
89.0105
87.9843
88.8113
90.7892
89.411
90.813
90.578
91.4499
91.0711
92.2632
92.1733
92.72
94.44
93.3991
94.053
93.7037
94.1386
92.4951
94.6361
96.1263
98.7176
99.8421
101.726
102.198
103.297
104.444
102.635
103.257
103.968
105.875
107.343
104.917
105.807
105.764
107.334
107.554
108.562
109.365
109.304
113.237
112.942
112.465
110.268
111.531
111.91
111.401
107.378
105.676
105.435
106.043
105.032
105.797
106.847
107.544
109.986
108.221
108.618
107.562
108.265
109.828
107.191
106.368
106.498
106.791
104.068
102.061
100.283
101.3
101.467
101.155
100.9
100.687
100.784
101.28
105.661
106.181
108.397
109.95
110.218
109.518
110.469
110.543
109.517
111.448
109.339
110.264
111.209
109.619
111.98
110.524
110.334
108.145
107.956
108.383
108.723
108.073
105.422
103.64
101.134
104.358
104.615
103.416
102.293
101.687
103.849
102.953
106.471
107.295
107.773
107.381
108.342
108.05
105.361
105.314
105.413
105.507
106.63
105.331
106.934
104.313
103.598
101.724
102.446
102.806
103.308
102.135
100.731
100.916
100.088
96.0383
95.8433
96.2956
98.434
96.3505
96.7456
96.316
95.7459
95.6281
96.8007
97.2811
97.5687
98.0112
99.0297
98.2898
99.2139
99.0987
99.932
99.3451
98.7658
99.7215
101.72
100.73
102.298
103.6
106.119
107.374
109.741
109.265
110.074
111.351
111.859
110.818
109.434
109.019
109.199
109.241
110.246
110.809
111.994
112.934
114.239
114.472
115.319
114.244
113.491
112.01
114.277
111.596
112.005
113.549
114.021
113.401
112.946
113.248
111.625
112.756
112.564
114.986
115.18
115.842
116.323
114.126
116.045
114.854
114.716
117.607
115.537
114.339
113.134
112.58
111.945
111.492
109.868
111.661
111.881
115.356
115.622
114.378
114.785
114.322
115.039
112.179
113.731
114.776
114.348
112.77
113.358
114.489
115.987
116.114
115.503
116.727
116.121
115.83
113.957
114.397
113.301
111.417
111.031
110.069
109.269
110.621
114.218
113.833
113.285
113.214
111.054
110.315
110.799
109.495
109.38
110.204
110.501
110.014
108.959
106.981
106.441
108.247
107.238
108.426
109.007
108.684
106.886
107.42
104.721
105.374
104.825
103.012
103.488
102.91
103.78
103.927
102.114
96.1811
97.039
97.4674
98.1191
99.6913
100.677
101.006
101.432
99.7459
101.306
102.914
99.9297
98.6641
98.8618
99.78
98.332
96.886
96.7492
97.6979
96.087
93.721
94.9442
97.0057
97.0653
97.0481
96.3132
96.387
96.3999
95.4226
96.4805
96.1991
98.4163
99.3972
98.1927
98.5378
98.3541
99.7398
102.025
103.057
106.868
104.093
102.276
103.893
103.241
104.795
106.24
107.68
107.334
109.648
113.389
114.472
113.032
113.801
113.552
113.576
114.804
114.3
113.074
112.437
115.179
115.47
115.003
114.05
111.781
112.147
113.414
114.446
112.812
111.387
113.356
