101.436
101.99
103.298
103.581
104.245
105.774
106.78
107.607
107.554
106.333
105.719
103.777
106.312
104.652
105.153
106.576
107.968
108.587
109.816
109.394
107.922
108.109
107.296
106.574
107.045
108.072
108.435
107.64
108.246
107.742
107.67
109.814
110.931
111.205
113.001
112.583
112.693
113.099
111.749
110.435
112.028
110.177
109.597
110.281
110.201
109.701
110.638
110.671
110.347
109.844
110.954
114.481
114.923
113.37
111.957
116.05
116.027
120.167
123.244
120.743
119.972
122.913
123.183
123.367
124.934
123.859
122.288
122.698
121.708
126.107
127.084
125.582
124.429
125.023
125.303
123.181
122.61
121.876
122.81
122.632
124.541
124.209
123.476
122.883
122.247
119.561
118.187
119.354
120.724
119.491
120.393
120.758
120.141
119.347
120.886
119.969
117.568
117.711
116.118
117.309
118.1
119.578
120.619
121.034
122.111
121.473
122.027
122.795
121.576
121.077
122.934
123.157
123.424
124.018
123.796
125.168
125.362
124.57
124.662
126.138
127.986
125.685
126.811
128.343
129.454
129.982
130.685
130.205
131.13
130.488
130.266
130.284
129.473
131.899
132.467
131.612
128.769
131.235
130.158
129.223
129.688
131.948
130.553
133.23
134.291
132.813
129.993
129.726
130.177
129.856
129.546
129.544
127.244
128.271
128.596
129.148
126.867
127.448
125.36
127.204
126.776
127.718
128.232
128.006
127.927
128.38
129.865
130.672
128.187
129.682
130.075
131.304
132.066
131.912
131.984
131.687
131.41
131.454
130.8
130.12
130.158
129.013
127.325
126.397
129.767
130.525
128.642
126.67
127.281
130.434
130.122
130.809
133.321
133.569
135.788
135.473
136.233
134.626
134.551
136.116
137.112
137.088
136.076
137.109
134.762
132.475
133.404
133.081
133.731
131.065
129.568
130.782
131.992
132.851
130.044
130.971
131.658
131.772
133.719
136.272
134.222
133.795
134.966
136.482
136.942
136.048
136.843
138.007
137.496
136.838
137.535
136.514
135.898
132.548
133.54
133.077
133.971
132.11
131.517
133.895
132.887
133.214
135.492
136.275
134.014
135.283
134.479
135.155
134.973
136.117
135.876
137.477
135.399
132.905
134.157
133.204
132.979
131.506
132.229
129.575
131.671
130.533
128.614
127.339
126.23
125.851
123.781
120.97
121.1
122.165
123.398
124.225
124.437
124.039
124.204
124.589
124.852
125.025
123.854
122.086
124.052
123.768
124.943
125.523
127.553
125.593
126.199
124.94
125.079
122.379
124.642
123.297
126.42
124.471
128.546
125.53
124.476
125.356
126.059
124.399
126.902
127.085
128.531
126.708
127.611
123.427
126.162
126.119
124.221
123.107
123.712
122.66
124.511
122.733
122.365
123.494
126.604
126.131
124.439
123.424
120.788
122.408
124.961
124.063
122.436
122.152
119.882
121.672
119.528
118.359
123.636
125.18
125.961
123.133
120.428
119.486
119.863
120.689
119.774
117.525
117.185
113.293
111.532
111.276
112.689
110.553
110.682
111.508
113.545
113.099
112.336
113.505
112.619
112.438
111.283
109.896
109.176
109.995
109.457
111.206
112.305
113.943
109.983
111.252
109.857
108.186
107.565
107.83
107.927
106.315
106.045
107.207
109.772
108.946
111.875
111.295
113.048
113.339
112.175
111.839
112.604
112.525
113.165
112.585
110.8
112.244
114.436
112.754
110.902
111.779
113.758
115.05
115.449
116.191
115.175
113.36
111.729
111.903
112.603
112.64
112.718
114.819
115.982
118.036
120.519
119.59
120.32
122.187
121.368
122.763
126.665
125.57
127.811
129.128
128.222
127.818
126.511
126.527
126.485
129.469
126.798
126.889
126.708
126.344
124.292
122.729
123.826
121.581
120.672
118.503
120.63
118.924
118.941
121.44
120.812
120.432
119.564
119.606
120.216
119.572
120.749
120.254
121.132
120.946
120.967
119.545
118.921
118.118
116.842
117.054
116.051
116.733
116.937
114.241
115.572
115.129
115.861
115.508
115.037
115.261
114.662
115.849
112.448
111.388
111.772
109.641
108.625
110.137
110.75
111.915
112.059
113.497
113.142
112.486
110.763
107.965
109.139
109.23
108.158
109.486
110.571
113.657
114.184
112.84
112.854
112.953
113.609
111.244
112.907
113.098
114.186
112.605
112.95
110.086
109.649
109.69
109.919
109.906
110.921
109.02
107.163
108.853
105.251
104.679
104.312
105.936
104.58
105.433
105.806
104.594
102.664
104.41
103.147
104.418
105.991
107.799
107.683
107.772
108.541
109.77
108.389
108.222
107.409
106.622
108.305
108.189
109.435
110.023
111.082
111.567
110.875
109.702
110.02
109.159
111.549
111.563
112.982
113.1
113.008
111.836
110.171
110.954
110.449
111.068
113.333
116.359
113.865
112.79
114.07
113.089
115.385
114.876
116.367
117.134
115.426
114.718
112.316
110.781
110.663
108.38
109.015
106.869
105.506
105.426
107.114
108.554
108.881
109.064
112.645
110.388
111.078
110.763
111.276
110.836
110.211
112.18
111.143
111.893
111.799
112.587
113.196
113.932
112.801
112.317
111.725
111.973
110.003
110.72
112.595
110.537
109.395
110.866
112.807
112.447
113.299
112.107
112.007
112.717
114.275
114.089
