98.1703
97.3297
97.3676
98.7998
98.3534
96.2295
95.4688
93.6535
92.7363
93.5929
94.7701
92.5348
92.4668
93.9861
92.5775
94.3258
93.8496
92.6483
93.3573
91.1427
91.4304
90.4098
89.2755
90.2565
90.0119
91.5291
93.1357
91.8543
93.0286
92.5885
92.2543
91.5216
90.4913
90.7028
89.0995
88.7332
89.9897
90.3895
90.2781
91.0298
90.8422
90.3545
92.1789
90.735
90.7
91.3562
90.3254
89.0479
89.1868
89.8967
88.9552
90.8629
91.1701
92.2123
92.074
92.5346
90.4557
91.9328
92.8717
93.6493
94.7444
93.847
95.0034
94.5579
93.2766
93.146
92.4394
91.776
91.1453
90.1044
90.6414
91.9479
93.0929
94.6079
96.1485
96.4691
98.031
99.545
99.1756
98.9684
98.6027
98.0876
98.08
98.2204
95.2335
95.7986
94.6591
93.6539
93.6282
92.7539
95.4359
95.4834
94.9552
93.8313
93.8482
95.1392
94.1144
93.9319
94.0621
91.0279
89.3422
88.3791
85.6975
85.0627
84.3866
85.6049
86.2537
86.7497
86.696
86.3553
87.2749
86.1382
88.2997
88.6678
89.4081
91.4939
90.2103
89.4351
87.8716
87.8063
88.6556
87.6871
87.0576
87.5616
85.2091
83.3344
84.9641
84.2013
84.2159
85.588
84.6773
86.2677
86.635
86.0032
83.9203
85.3085
84.52
84.1346
83.7361
84.3382
85.0203
86.0421
86.1888
87.989
86.5873
86.7441
86.9157
85.9931
83.8749
83.4923
84.9086
85.5921
86.718
85.8257
86.4061
85.5512
86.2671
86.6621
87.057
85.9863
84.4641
86.142
83.3214
83.8935
85.4708
85.1519
84.557
85.6124
86.5487
85.9075
84.6318
85.5927
86.1316
86.2771
87.5791
87.8487
88.0987
88.3839
87.284
86.9938
87.238
87.4213
88.1721
85.8227
84.0355
82.704
81.864
81.6795
79.5559
78.8838
78.7654
78.4735
77.3065
78.5132
77.7069
77.7542
78.7036
78.1544
77.0011
76.857
76.4206
75.5951
75.0647
73.9596
72.8306
72.451
72.5959
71.383
72.3919
72.6946
73.4257
74.2753
74.0054
75.0733
75.4156
74.7735
75.3667
75.7597
75.5704
74.3139
75.4954
73.7282
72.6527
71.2195
71.4723
71.6677
71.0358
70.3281
70.1296
71.0335
71.1425
70.3349
70.7406
70.4641
71.224
70.666
71.0177
70.8668
71.9317
71.9178
71.9644
72.9281
72.7777
72.966
72.4787
73.9441
74.1525
74.1543
73.8683
74.19
74.163
72.919
72.5143
71.1604
71.2601
71.3935
72.1604
72.8584
72.1514
73.0262
73.5921
74.7441
73.0656
72.4006
72.1581
70.6881
71.0423
70.8103
70.7397
70.7517
71.5602
72.0096
71.731
72.5368
71.8114
70.2628
69.7508
70.3924
71.9538
72.8627
72.6911
73.1034
75.0113
74.1126
73.829
72.6998
74.2225
72.7757
74.0532
73.1815
73.751
74.9499
74.1876
73.7817
73.097
71.8316
71.7166
72.8661
74.5224
73.1274
72.146
72.2887
72.0619
71.0831
72.8405
72.588
73.9008
74.5662
73.2259
71.4301
71.9474
72.6421
73.8078
73.3626
73.3211
74.724
74.3194
74.4446
75.6306
76.4728
77.0843
79.0447
79.554
80.0474
81.2717
81.3681
82.3143
84.6653
83.3977
84.4816
83.7431
83.8466
83.7819
82.7909
82.7366
81.9582
82.2331
80.888
81.9124
82.4669
82.512
82.5572
83.752
83.0584
82.1777
81.539
82.0753
82.8162
84.7437
82.8677
82.3133
81.804
81.9846
79.7361
79.2936
79.8397
80.2332
81.539
82.2234
83.037
83.2693
83.6243
83.2762
83.1974
83.3515
85.152
85.4106
86.4136
86.8014
87.468
88.66
89.2869
90.4116
90.558
92.4352
92.4922
90.5503
90.3835
92.3922
91.5049
92.6269
93.9338
93.1908
92.7681
95.282
95.59
95.8789
96.3142
94.4856
94.0845
93.3092
93.9862
96.8548
96.2409
97.3695
98.0875
97.5389
99.0726
99.3792
99.1344
100.559
102.457
101.164
101.135
101.179
100.136
100.393
99.782
98.1904
98.2528
97.9592
96.2405
94.8514
95.7778
94.084
94.5812
94.1047
92.8252
92.9398
93.3021
89.496
89.8286
91.9162
90.7325
87.856
88.2604
87.1089
84.8608
86.8983
88.028
85.442
84.2954
85.2777
86.2108
85.9476
85.1026
85.1567
85.5616
85.0406
85.3814
85.3972
85.5956
84.8191
84.449
86.4831
86.4149
87.7659
87.5069
87.7009
89.3362
88.5916
88.9487
89.9627
91.9675
91.8087
91.1437
91.9697
94.3203
92.2424
93.3705
92.1966
91.7128
92.3175
91.5034
91.4787
90.757
91.2337
91.7044
90.8423
88.3412
88.1361
86.5482
86.348
86.9627
88.2406
87.5208
87.0693
84.7968
84.5022
85.3457
85.3294
84.8904
83.6801
84.5114
84.0737
83.5163
84.2924
84.6075
83.9652
86.6891
86.5783
85.3916
86.6019
85.2938
87.2823
87.4935
85.91
86.6537
84.8733
84.4267
83.8983
83.5907
82.219
82.2004
81.8835
81.0407
80.377
80.1189
79.1846
82.7265
82.5961
80.6454
80.5006
80.9269
79.7321
78.9394
79.1163
80.2347
81.6874
80.9353
81.4484
81.9226
84.4334
84.4063
85.0893
84.8242
85.9031
86.2961
85.6313
85.1757
84.5932
84.6835
84.6762
85.1577
84.1741
82.8118
83.2622
85.3833
86.353
88.0454
87.8739
87.1945
87.4336
86.8299
86.5274
86.3294
87.6913
87.8922
89.249
88.4115
87.896
87.3508
85.6907
87.0281
86.4325
85.8498
85.4537
83.8573
85.63
84.8579
85.1709
82.3748
82.5149
81.1364
79.8712
79.9563
79.9575
78.9469
79.2824
78.0902
78.1372
78.7534
77.4328
77.7786
77.3389
78.1029
78.3514
77.7254
76.4014
77.8889
78.5917
79.0685
78.9394
77.725
78.758
80.4467
80.944
82.1464
80.6947
82.3704
81.2338
81.6484
81.2765
79.9894
79.0461
78.2989
78.1784
80.0069
80.1362
81.6879
