100.935
100.428
99.2539
99.4446
98.7897
97.476
96.6559
96.7651
96.2823
97.2617
96.5087
95.5997
95.815
94.6054
94.6192
94.7016
94.6885
92.9916
92.824
92.0227
93.4594
93.4452
91.8344
90.7324
90.4323
90.2335
91.1529
89.7943
90.5428
90.6914
90.8339
91.188
91.4545
90.4419
91.8428
91.8692
92.8164
92.7814
91.3089
91.208
91.3457
90.9438
89.3042
87.2576
88.2788
88.1904
88.256
88.1872
88.5882
86.6882
87.9954
87.1266
85.2288
83.6459
82.7387
81.5115
81.2731
80.1681
81.5865
81.7828
82.2365
81.4838
81.6842
82.9359
82.494
81.9773
78.8367
79.7916
79.5003
79.3702
78.8053
77.5401
77.9822
79.8675
78.7019
78.7486
78.0294
77.9856
76.9039
75.716
75.5212
74.2165
75.0503
75.116
74.5727
73.6853
74.3556
73.5759
75.7258
76.0312
76.6143
75.9762
74.5725
74.9249
74.8039
74.348
74.0903
73.2022
74.6641
73.8948
74.1661
75.4773
74.6831
74.0583
72.4184
72.6696
70.9357
71.3359
71.2543
70.6016
71.7558
72.9801
71.8042
71.8958
71.8232
71.7703
69.9022
69.6186
68.94
68.6197
68.497
67.6535
67.1031
67.0769
68.278
67.9671
66.9272
67.5333
68.1017
68.3676
68.939
68.5481
70.5939
70.4348
69.138
68.3661
69.7075
70.3525
71.0986
69.7697
69.4825
69.7171
70.31
71.0629
71.0584
70.7564
70.6161
70.7108
71.1051
72.9586
71.9409
72.0578
72.5918
70.1288
69.9174
69.0409
70.093
70.4524
71.2256
70.4643
70.2099
69.5704
69.1008
70.1961
69.5714
69.9222
69.972
70.3108
69.3021
68.3358
68.7271
69.0563
69.6761
68.4973
68.8516
70.5623
69.5218
68.7223
69.6595
69.8825
70.0038
68.3814
68.7505
66.3845
66.7012
66.9008
66.9018
67.5735
67.1822
66.7812
66.1941
65.9652
65.2202
64.7749
64.9928
64.1361
64.4029
63.818
64.2257
65.2126
65.1817
66.8413
67.4127
68.2056
68.7557
69.8284
68.8541
67.8041
68.1945
68.1736
68.2323
68.2504
68.1286
68.8984
68.5778
68.5439
70.187
70.2325
70.2176
69.8175
69.9519
69.7893
69.495
70.272
68.39
68.8009
69.1326
70.5411
69.7421
69.1753
68.3473
68.8817
69.1754
69.5857
69.3613
69.1153
69.865
70.4969
71.2144
71.0521
71.5457
71.9017
71.6185
72.8523
71.2119
71.2718
70.0898
71.3208
70.666
70.7289
73.5133
75.2289
75.1983
76.1419
74.7175
74.8541
74.9016
74.7737
75.3916
74.514
76.0042
76.1867
74.039
74.9669
73.6422
71.4066
70.5863
71.3289
71.6171
72.8712
72.4722
73.2368
72.2635
73.9459
71.6145
71.1741
70.8035
71.1521
71.5592
72.7639
74.06
73.544
74.6724
73.2216
73.7552
73.4519
73.6318
74.8247
74.2423
74.3903
74.253
74.6041
74.7146
74.2657
73.9117
72.666
72.7013
69.4644
68.9957
69.3295
69.3176
69.2284
69.4466
68.1318
67.6991
68.9686
67.6821
69.1684
69.7122
69.5571
69.274
69.7206
69.3422
69.8316
70.7884
71.2722
72.1685
73.3119
72.2716
71.4209
70.4145
69.111
68.251
67.9099
66.9498
66.5346
68.3825
69.1136
69.447
67.9538
66.6473
67.6684
68.4842
66.0745
66.7259
66.3374
65.2685
66.5787
65.7701
65.6882
65.9991
65.371
63.7581
63.7873
64.2191
63.2022
64.1665
64.0733
64.6613
65.2832
65.5805
66.7781
67.0975
67.1782
67.4588
66.7445
66.2449
64.558
65.6668
64.5783
63.9038
63.5317
62.5626
62.7488
62.6495
61.5525
61.2724
61.3048
60.6557
60.5339
59.678
58.6126
59.0309
57.8764
58.5024
58.3915
59.2857
59.9039
59.5224
58.9939
59.5202
59.4674
60.074
60.3747
60.1072
59.6924
59.6952
59.8294
60.4392
60.8486
60.6561
60.2431
61.6598
62.4493
62.3738
61.1539
61.4691
60.4815
60.5039
58.5796
58.6211
59.1591
58.1988
59.8364
60.1563
60.5732
60.2706
58.5813
59.962
60.2555
60.9474
60.4688
59.3784
60.5649
62.3415
62.3437
60.9127
61.3507
63.393
63.8671
63.835
63.2868
63.9627
63.0058
64.0905
65.5692
65.9315
66.4574
66.6149
66.6051
66.9985
66.6277
67.7846
67.7799
67.6772
68.6552
68.765
67.8133
67.5247
66.6744
67.102
66.3452
66.0714
63.8708
64.8499
64.8418
63.6103
62.6235
63.043
62.8118
63.2853
61.4976
60.6073
61.4717
61.7113
62.5101
61.5884
61.7104
62.2874
63.9843
62.199
61.5611
59.8906
60.9824
59.4881
60.4764
59.3824
60.185
58.6833
59.5556
58.5997
58.8112
58.8079
58.6335
58.5128
57.7927
58.5869
57.8087
57.4129
57.1689
57.6668
58.1471
58.8737
58.2827
58.2281
57.7247
55.8927
55.1413
53.9627
54.2377
54.8857
54.4295
52.4478
52.0817
52.1044
51.4712
51.1168
50.6544
50.7089
51.3766
51.3621
50.6556
48.9996
49.1263
48.3696
48.0916
48.0836
47.4494
48.4257
48.227
47.8028
47.5212
48.0383
48.6943
47.4937
47.8255
47.528
48.3319
47.9396
48.0646
47.5424
46.7031
45.8222
46.0536
45.4207
45.9044
45.5184
46.8437
47.2215
46.6568
46.3834
45.8785
45.7132
44.9601
45.2628
45.5418
46.2835
46.497
46.6018
46.2827
45.6083
46.1579
46.3351
46.6769
46.3419
45.3291
44.1292
44.4053
45.2454
44.9759
45.015
45.0533
44.5092
44.6483
44.5495
45.2498
45.1448
45.5318
45.4594
45.1563
45.7262
46.0503
46.405
45.5859
45.6128
46.0015
46.0308
45.5265
45.1986
45.55
45.0589
45.4434
44.7859
44.2276
45.0067
45.5784
45.641
45.8983
45.8189
46.1288
46.3666
45.7996
46.1015
44.7375
45.5558
46.0775
46.6396
46.6915
47.1357
47.3374
47.2792
46.5462
45.6252
46.3396
47.015
47.9498
47.9663
47.0838
46.1306
47.3156
