98.6132
97.6805
96.7698
96.9616
96.3146
99.1274
100.426
101.03
101.016
100.828
101.946
100.889
102.405
102.363
100.89
99.2417
99.7152
99.7239
99.7805
97.3676
98.4283
97.9058
96.7325
96.5631
97.6433
98.6307
100.185
99.5152
98.7451
99.9725
99.7896
100.731
102.823
103.117
103.798
103.692
101.21
101.439
99.3084
101.516
100.372
100.379
102.257
101.383
102.7
102.653
103.385
103.114
105.963
105.903
107.24
108.989
109.841
109.705
109.462
109.996
110.661
111.295
114.074
115.163
114.224
113.975
111.293
108.038
108.997
108.99
108.304
108.026
107.248
108.548
108.904
109.154
107.146
109.786
110.275
110.969
110.699
110.429
111.018
112.128
113.789
113.132
111.035
111.725
110.628
108.513
108.889
108.368
108.505
110.287
112.041
113.369
112.33
113.826
113.597
113.419
112.107
110.404
112.413
111.915
110.435
112.359
112.511
110.982
113.049
114.13
114.796
116.137
117.897
118.906
117.536
118.55
115.89
116.234
114.242
113.693
115.216
113.317
114.625
115.371
115.093
114.686
116.719
115.442
117.875
113.849
113.039
112.504
112.482
112.393
110.941
109.207
107.509
107.654
105.707
103.875
103.935
101.561
100.511
101.35
103.173
103.291
104.591
105.093
105.76
106.197
105.009
107.684
109.079
109.563
108.564
106.383
105.321
104.802
103.646
102.836
101.18
100.975
99.3815
99.2512
100.776
100.935
100.803
99.253
102.02
104.523
104.185
106.213
107.738
109.556
110.231
109.68
111.231
113.058
113.605
116.168
116.277
116.756
118.182
118.956
116.953
117.54
116
117.186
117.564
116.463
116.16
114.782
114.534
116.222
115.766
116.195
116.054
117.312
115.773
116.126
117.22
113.629
111.56
110.091
109.894
108.113
110.235
110.152
110.967
112.01
115.755
117.588
121.252
119.913
118.286
118.755
119.653
120.955
118.641
117.43
118.128
116.414
116.086
115.087
112.48
111.881
113.678
113.504
112.705
112.113
110.702
112.059
111.394
111.331
110.987
111.527
112.216
110.851
109.933
109.788
109.812
112.207
113.309
111.943
112.932
110.921
112.618
112.09
115.39
114.678
113.471
112.956
112.414
113.199
113.023
115.202
113.033
112.008
113.746
115.139
116.196
115.342
112.394
110.876
110.337
109.912
112.053
110.388
112.568
113.896
115.806
116.089
114.906
115.784
116.636
118.49
116.962
118.377
116.19
116.859
118.072
119.011
118.198
120.157
120.371
120.464
121.221
119.872
122.3
122.293
121.811
122.144
120.766
121.242
119.185
118.768
117.536
119.103
117.981
114.963
112.54
112.691
114.517
116.293
119.057
119.964
119.375
120.523
122.662
119.565
119.857
118.288
118.477
117.425
116.083
115.277
116.833
114.315
114.338
110.71
110.437
109.905
107.249
106.219
104.396
105.877
104.626
102.67
102.942
100.916
100.456
102.897
100.915
102.834
102.823
101.61
100.13
97.9923
96.9166
97.4811
97.2961
97.8349
97.38
96.6638
96.1564
95.3819
93.7538
92.416
91.7093
89.8238
90.7333
92.1524
94.2884
94.5932
94.5457
95.9098
94.3852
97.2736
96.9624
95.8294
96.1061
95.6044
95.8423
95.294
95.4657
94.5481
94.481
95.9087
95.5964
95.3599
95.7742
94.6727
93.0526
94.885
94.3338
94.8619
92.5427
91.9867
90.8846
91.1748
91.6377
92.3002
94.7492
94.5659
93.7424
94.2684
95.0002
94.3876
94.8939
93.6694
93.081
92.4543
92.7576
92.5832
94.7106
91.7583
93.0076
93.8484
95.6225
95.6874
94.7092
94.2869
95.3519
93.5117
96.78
96.8746
95.2466
94.2463
95.3246
96.7934
98.439
98.9954
98.0063
99.02
99.3928
99.6475
100.172
99.0672
97.8652
98.4981
98.8096
97.9523
97.8091
98.8614
99.3401
101.173
100.24
100.492
102.004
100.439
100.747
101.18
101.753
101.452
103.098
101.633
99.7207
99.786
100.196
100.165
99.6392
100.046
99.2211
99.6778
101.113
100.804
100.254
100.826
98.8526
99.2913
98.1168
97.1997
98.0449
98.3479
98.2788
98.898
98.9322
98.6242
98.0171
98.9095
100.086
100.595
100.935
101.241
100.791
100.121
100.993
103.385
103.546
104.752
107.313
107.025
106.628
106.786
107.489
105.168
103.265
105.17
103.663
103.902
103.794
103.202
103.271
102.578
103.958
103.145
101.012
99.5467
98.3802
100.165
101.152
102.181
103.052
101.447
99.482
97.7786
98.1895
98.0507
101.178
99.5109
97.9835
94.3704
92.8651
90.1131
88.2253
89.1981
90.2218
89.7194
90.4612
90.8657
90.8739
91.9388
92.087
92.2156
92.2186
91.7811
90.6639
90.6907
89.0798
91.1788
93.2327
93.6561
93.5445
93.4889
93.6662
95.2158
95.9298
98.0701
99.5735
99.0853
101.345
103.598
105.164
106.513
108.379
106.233
107.612
107.549
106.012
104.695
104.885
103.889
103.623
106.218
105.993
107.269
106.974
107.726
108.651
111.659
113.004
114.675
113.861
114.859
112.619
110.155
110.049
108.44
107.586
108.597
109.215
109.736
109.745
109.436
108.827
108.604
109.42
110.476
110.83
112.482
111.151
111.948
112.606
114.961
115.863
112.787
113.138
112.83
113.919
114.366
115.246
114.642
115.465
114.192
115.17
116.358
115.759
115.211
113.861
116.767
117.276
116.222
114.521
115.406
113.648
113.868
113.332
112.987
115.324
116.195
118.378
117.347
117.787
117.481
