98.197
96.5365
95.8367
96.9716
97.2403
98.1222
98.1004
94.7055
94.6288
94.5234
93.9925
92.7085
92.8795
92.198
91.7666
94.7411
95.44
97.0169
96.4581
96.5889
94.8341
95.2428
95.0559
95.8326
96.0584
93.7949
94.2182
94.7484
94.1162
96.4957
98.341
99.4195
100.65
99.8387
99.2883
100.763
100.016
97.5081
97.7039
98.7408
97.459
100.028
99.582
100.942
100.127
100.476
99.8616
99.1587
98.6335
99.0818
100.454
99.9757
99.9982
98.2666
98.7282
100.494
103.611
104.123
106.407
105.236
103.528
103.65
104.382
102.848
101.478
103.014
103.769
103.889
104.569
104.414
103.755
105.873
105.424
107.183
108.692
107.145
108.208
107.954
107.032
107.214
107.246
109.66
111.925
112.113
111.636
113.042
111.132
112.29
110.971
112.445
111.899
112.695
113.325
115.459
114.097
112.87
112.396
111.889
112.696
112.477
110.989
110.516
109.093
106.89
106.876
106.015
106.584
106.883
107.429
107.204
109.682
110.261
112.167
111.736
107.349
105.986
102.811
103.651
104.611
105.025
106.328
105.84
105.236
106.058
104.839
104.717
105.768
104.256
102.337
104.678
103.881
103.726
103.504
104.369
102.75
103.241
103.324
102.527
103.003
103.77
103.589
107.288
103.781
102.448
98.905
99.0892
98.5656
98.7743
99.065
100.022
98.6576
100.002
99.9856
100.913
100.119
99.824
100.055
98.3902
97.4493
99.0652
97.1215
96.8203
96.8253
94.7803
94.9382
92.9893
91.7938
91.9407
90.6689
89.4702
89.8421
88.0617
87.4811
89.575
89.3717
88.219
89.307
89.0829
90.8768
90.7728
90.4812
90.2099
89.2574
88.8836
88.9029
89.1139
88.7339
88.151
88.6145
89.5828
90.4407
90.6467
92.1302
90.7634
91.4445
91.9789
92.0138
93.0525
92.5311
91.8997
91.4511
91.1173
92.6816
92.579
90.3457
90.1482
88.4646
88.6394
89.8383
89.9693
91.0294
90.3576
90.2149
89.0963
88.6788
88.6002
88.6681
88.7889
88.5008
89.3143
89.1145
87.2903
86.2994
86.2677
86.3362
85.7986
85.8822
84.9758
85.9059
85.838
86.382
84.8833
85.2302
84.8299
83.3484
81.0093
81.6102
81.3288
82.6405
82.8289
81.1724
80.9715
81.9436
82.6477
83.9208
82.761
83.4198
82.9
82.9492
84.1396
84.3538
85.4948
85.8879
84.9549
84.8845
84.7073
85.4973
84.1813
84.5139
84.8309
83.6532
83.0334
80.5064
80.9698
81.4126
82.7354
83.2564
84.9033
85.3538
86.307
84.6771
84.8257
85.8311
85.8366
85.6802
87.3511
88.9559
87.4159
86.11
86.3619
84.2803
83.4056
83.4826
82.3951
82.1531
81.2227
82.4225
81.0743
81.5612
81.3735
80.869
80.2625
80.6489
79.5626
80.6816
79.3324
79.7389
79.657
80.1483
79.3165
77.4111
77.5472
77.2512
77.4906
77.8208
78.4507
77.7642
79.9735
78.3115
79.1544
80.0419
80.6051
79.8254
80.3094
79.9477
80.7285
81.103
81.72
79.8815
80.1611
80.7552
79.5372
78.6323
79.0328
80.4336
79.3413
78.3457
79.1105
81.1992
83.6781
83.7875
85.0599
83.6676
84.1192
83.0657
84.0808
84.0426
83.9299
83.7323
84.1301
84.1489
84.3521
83.8496
83.4804
83.5606
85.2061
85.6532
84.8551
84.635
84.7415
83.4784
83.6324
82.8137
81.7472
80.8094
80.7426
81.3495
80.4876
79.0475
79.7574
81.857
81.2204
81.3823
83.3944
82.8531
84.6102
83.3229
82.9163
84.1104
83.3742
84.3689
83.0895
81.8604
81.8038
81.0417
82.1628
81.2071
81.8981
84.524
85.3593
85.5107
87.2425
87.6081
87.0076
87.4454
87.7969
86.7488
86.3695
84.0155
82.346
82.1495
83.4456
84.4595
83.6823
83.3984
83.0143
83.6006
82.8466
81.654
80.7627
79.5965
80.7099
80.0879
79.2707
79.6387
77.5891
78.7284
80.2522
80.2337
79.3727
79.0925
79.6358
80.4141
81.0734
81.7742
81.6663
81.1512
81.8648
80.7576
79.3068
81.4103
80.5151
80.4688
79.9435
79.0134
78.4115
77.9205
81.0164
79.4836
78.5602
79.5989
79.4756
79.5227
79.3669
79.7694
79.1367
78.7797
79.2686
79.8478
80.0648
82.4433
84.0841
84.0281
84.8232
82.9693
82.947
84.2526
85.6077
85.0504
84.6717
84.9885
84.3863
82.3421
81.6176
81.2004
81.046
82.7658
82.0145
81.9834
80.1601
81.0642
80.5934
81.4076
79.9947
79.0417
79.3109
78.4519
79.7149
80.6527
81.0375
80.2112
81.2624
79.2749
80.5739
82.3257
81.829
82.6627
84.7014
86.0986
86.0984
86.3602
84.4904
85.5107
85.2106
84.0291
85.1326
84.2838
83.9242
86.1451
88.2836
89.5341
89.4683
90.442
92.7207
89.8256
89.4301
88.4735
86.5179
86.3709
87.459
85.6874
86.7855
86.3157
84.6811
84.3354
85.4077
86.2498
86.0386
86.8497
86.0436
82.5193
81.0605
82.0849
82.1151
83.3809
83.0062
82.7696
80.6246
83.1091
82.718
82.1339
82.5863
83.6053
82.2508
82.4801
82.1091
82.7824
82.3427
81.0402
81.406
81.4047
83.2315
83.6508
84.0968
82.2883
81.518
81.7022
81.8126
82.0152
82.536
84.3248
86.5336
85.9461
84.0222
84.0504
83.9862
83.8421
83.7065
84
83.6232
83.5657
85.4899
85.9549
87.2636
88.4606
88.9716
88.198
88.7635
88.1659
87.2177
85.9443
83.9934
83.8266
84.5887
84.5058
83.4831
83.0215
84.721
83.7938
83.3453
81.1419
78.6528
78.9908
80.894
82.963
84.1651
83.1534
82.9104
85.0033
84.5133
85.736
83.7476
83.0928
81.6327
81.3745
82.2635
81.4566
82.4854
82.423
82.0802
82.1638
82.9019
81.8799
80.9454
80.4591
80.7584
81.683
82.2169
81.276
81.6163
