100.291
99.9111
100.397
100.24
97.7344
97.3861
98.2378
97.6602
99.2326
99.6934
98.6986
100.989
100.688
100.558
100.528
100.627
99.0269
98.0117
100.889
99.6298
98.9605
96.2867
96.5119
96.1732
95.8216
96.1416
97.1566
98.2467
98.7512
97.5528
98.369
98.921
95.2914
94.8425
94.4662
93.7502
94.5798
94.3523
95.1432
93.5296
93.732
91.5348
89.6982
89.3314
90.8034
89.3366
89.5607
89.2743
89.1554
90.1882
90.3597
89.9397
90.0484
90.347
89.2269
88.6809
87.0726
86.1067
87.743
87.7713
87.052
86.4481
85.2866
87.3657
87.1443
88.2077
87.8134
88.8926
87.0873
86.856
88.8303
91.1248
89.4086
87.3099
86.6793
86.7699
86.2592
87.1412
84.946
85.2179
86.0719
87.5209
88.736
90.7009
90.1028
88.1267
88.7415
90.3134
90.8006
90.3245
90.1448
89.6707
89.3542
89.4708
87.453
88.8457
89.3673
88.5475
90.2751
88.0217
87.9525
89.4863
88.8201
89.6259
91.0935
91.4439
92.1937
91.1945
90.8177
89.8917
88.8453
89.4156
89.2445
89.0231
88.1736
89.5141
89.2207
88.3459
87.1656
88.8829
88.5218
87.649
87.5242
89.6243
89.9124
89.7611
90.6696
90.817
89.7517
91.2713
91.0778
91.431
91.4858
92.1383
91.1094
93.1536
92.7513
91.5554
93.6603
94.4016
97.1582
96.6103
96.5338
94.8844
94.1173
94.3285
92.858
93.4494
93.9203
93.0193
93.7102
92.9729
96.0418
94.6144
96.7261
95.3719
91.8704
90.9631
89.5625
90.3788
91.9834
92.3225
94.0619
94.662
95.3638
96.7104
97.0089
98.6303
97.8882
98.1914
94.5827
93.2111
93.1255
92.7594
91.2212
92.43
92.5741
91.8049
94.3989
96.2843
95.0476
95.3202
97.1284
97.9385
96.8121
97.0053
96.3382
95.2802
95.2435
96.2142
95.0291
96.9371
96.6536
94.913
95.8326
93.9654
94.5244
95.252
93.3618
96.191
95.253
95.3458
93.0789
92.5907
92.466
92.449
91.8566
93.1844
92.3579
93.2756
91.6422
92.898
91.5084
91.2629
90.5107
89.1184
87.9857
89.5791
89.0891
89.7482
87.1208
87.2057
88.6239
86.5583
86.1456
85.7464
85.8255
84.2951
84.9665
83.244
85.0274
85.2241
84.2257
84.3901
85.7264
84.1992
84.543
84.2594
84.2864
85.2372
87.1075
86.6751
85.6755
84.6782
84.4419
82.9634
84.3077
84.7546
84.1222
83.9404
85.3787
83.6163
83.0956
82.9392
82.4336
82.2223
82.0876
82.9221
83.4695
81.0175
81.0807
82.0616
82.7992
83.0629
83.7729
84.6077
86.7871
86.5127
86.6651
85.7408
85.248
84.0258
84.8165
85.7744
86.3735
85.6585
86.5091
86.9977
86.5817
87.5637
86.4301
84.1613
80.9983
82.3339
82.4792
80.9575
80.6468
80.4613
79.4287
79.6868
79.7891
80.5252
80.6855
82.2201
82.0947
81.6863
82.801
82.8301
83.3764
82.9589
84.2611
85.7225
85.0923
85.6013
86.8219
87.8675
87.8426
87.2445
87.3325
87.2531
86.5092
84.8948
85.3574
86.9137
86.9546
86.5583
86.779
88.1496
88.8502
90.1708
90.1012
91.9948
92.0168
92.3283
90.1553
88.5061
89.9024
91.5504
91.2097
92.042
91.5044
90.6078
92.5499
94.0654
94.92
94.1537
92.2802
92.5048
91.0723
89.9388
90.1607
87.7091
89.3771
89.9107
91.6288
90.702
89.0955
89.2771
89.5601
90.8769
89.4556
91.7975
89.5589
88.4165
87.8627
87.9433
87.7615
88.083
87.1965
86.5372
90.0906
87.8284
88.2058
87.1757
86.2914
85.8921
85.4592
87.4081
88.1405
88.5193
87.7481
88.0149
90.4321
93.0672
93.02
92.5835
93.7223
95.7468
95.8409
96.324
94.8235
95.6459
95.0944
95.1855
96.077
95.401
96.696
95.5545
95.8259
96.5842
96.3975
97.6251
97.4419
97.75
98.178
97.5594
99.0047
98.7943
99.9102
100.374
102.172
105.213
105.602
108.128
107.034
106.247
107.196
106.032
104.934
104.157
103.321
100.924
101.177
103.58
104.114
105.417
107.001
106.788
108.097
107.945
109.74
109.581
109.9
108.93
108.624
108.486
107.784
107.482
106.676
108.02
106.847
106.813
105.378
105.264
105.166
102.184
102.046
102.513
102.591
104.646
103.739
103.62
103.681
104.043
101.776
100.619
100.394
97.0621
97.2002
95.7326
94.5863
93.0758
92.9365
92.0957
92.7891
95.2574
93.2954
90.6718
91.2883
91.2763
91.2816
90.7766
92.2434
90.8899
92.5549
91.5064
91.3474
92.0255
93.2666
94.2027
95.8232
94.2931
94.9892
93.8895
95.4063
93.8949
95.2668
94.8465
95.3633
94.7073
93.7615
94.06
95.337
97.9978
98.5587
97.0981
96.8381
95.8105
96.1619
96.3608
95.1458
93.0437
91.5416
93.6524
94.0986
95.4974
92.9338
92.5967
93.064
92.4223
92.3943
92.21
94.2571
93.1102
93.5463
93.3397
92.4288
93.4729
93.2253
91.8487
92.987
92.9914
94.4093
95.3562
97.7285
97.922
98.3171
96.6
96.071
95.6738
94.0013
93.7969
91.8852
92.0346
90.8766
91.1448
89.3835
86.8633
86.7264
86.2948
85.9007
84.199
83.7616
85.0622
85.6068
85.9227
86.6143
87.6492
87.0824
87.6116
87.5378
87.1866
88.3657
88.0828
89.8875
90.3614
89.16
89.4762
90.6558
92.0687
92.4163
93.569
94.5224
93.6578
94.718
97.9736
98.5369
100.282
102.591
102.306
102.22
99.8705
98.937
100.657
99.7631
98.9092
98.5873
97.85
98.5566
99.5241
99.3
100.196
98.5808
95.772
96.4845
97.613
98.2277
96.991
96.2063
94.4072
93.1098
92.8257
92.4114
92.9329
93.2217
91.6391
93.6464
93.2309
90.8608
91.2214
91.0287
92.103
91.4471
92.1815
94.4662
95.7873
95.4389
95.7271
95.4718
96.478
