97.3408
96.6732
96.4664
93.6913
92.6189
92.0597
92.88
92.2432
92.2993
92.4277
90.5677
90.582
91.2189
91.5681
92.5723
91.8917
92.6642
92.6635
94.0393
93.835
91.9535
91.5277
90.3962
90.8337
90.1999
89.6236
89.4629
88.9002
88.5791
88.7619
87.9494
87.4643
87.0773
85.1864
85.3737
85.3413
84.855
82.3349
82.9768
83.0914
84.3217
84.6299
84.9802
86.5082
85.5202
86.1264
85.6757
87.5715
88.8798
91.1749
92.3033
92.107
91.464
90.6638
89.1769
89.1351
88.9089
89.5158
91.0165
91.1193
91.2395
90.5288
91.0169
90.2636
88.3834
88.1526
86.7123
86.6468
86.1111
86.2744
85.6578
84.8293
82.9665
81.3142
82.1266
81.405
79.5547
78.7682
77.7459
78.2855
79.8681
79.4846
80.7454
82.1743
81.4561
81.2168
79.8802
78.6068
77.8503
78.0665
80.4643
79.7265
79.6455
80.3938
80.7915
81.4487
82.0502
81.4047
80.7153
80.0458
80.1529
80.2636
81.4842
80.7972
79.5281
79.7188
79.5106
79.4223
81.4229
82.9472
83.7233
84.2721
83.7362
84.8701
87.2243
86.1146
86.738
86.7251
87.0813
86.8289
87.7359
90.0234
91.0073
91.5357
92.2841
93.6864
95.5191
94.9388
95.0822
96.0708
97.3842
97.298
95.3654
94.0801
93.8827
94.0549
93.6221
93.2367
94.0057
93.0505
93.19
91.4829
91.2627
92.3091
93.7035
93.9686
95.1381
96.4375
97.8835
97.32
97.4087
97.8437
97.9018
98.9916
98.1918
99.1504
99.1801
99.2597
100.421
99.1776
98.2435
97.1662
99.7612
100.293
102.23
101.912
104.311
103.415
105.046
104.312
104.9
104.466
105.116
104.771
103.971
103.438
104.068
102.17
100.114
100.501
98.8054
99.8105
99.6128
102.628
100.389
97.8507
100.825
99.8254
101.165
99.6206
101.267
102.433
102.69
103.712
102.096
102.007
101.561
100.949
101.905
102.816
103.885
106.065
104.461
107.789
106.538
104.358
105.622
104.168
105.396
106.567
107.587
108.33
109.61
109.174
108.568
107.719
107.275
106.748
104.026
105.292
104.25
105.233
105.262
105.628
105.928
108.02
108.64
111.259
111.137
112.423
113.88
113.827
111.328
109.375
108.166
109.272
107.85
108.722
108.903
109.538
108.694
110.167
108.592
107.865
109.825
107.763
108.021
109.103
109.001
109.916
109.91
108.571
109.416
108.832
110.805
111.927
113.53
113.493
112.943
112.431
110.772
111.659
111.144
112.148
112.479
113.836
113.888
114.688
116.243
116.259
117.971
118.673
114.064
113.791
110.857
114.085
114.547
117.056
115.334
116.825
116.441
115.903
115.402
113.836
114.665
112.753
113.663
113.789
111.304
109.688
109.203
107.264
106.795
106.169
106.38
106.392
105.08
103.66
104.639
104.067
102.828
102.288
101.46
102.898
103.992
105.63
105.526
104.493
105.042
105.339
106.193
109.301
109.188
109.669
109.898
111.619
114.135
113.652
113.095
114.018
113.076
115.262
116.044
117.61
116.81
115.075
118.579
115.138
115.647
117.277
116.38
116.654
115.121
115.541
114.403
113.857
115.863
115.749
115.391
116.024
114.275
114.73
113.445
113.467
112.813
115.336
112.932
111.849
109.609
108.106
105.023
102.371
100.481
100.671
98.0474
97.1641
98.5258
98.0264
95.8654
96.1114
96.4405
95.1435
95.9142
98.4442
100.225
101.137
100.123
102.433
100.301
100.502
100.611
100.083
101.051
99.9879
99.8888
97.5568
97.204
99.5972
100.014
101.056
102.12
102.283
100.628
100.943
100.049
100.354
98.8602
98.33
99.4759
100.256
101.951
102.72
102.37
102.015
102.537
102.063
102.89
103.725
104.216
103.739
104.91
105.438
102.304
101.752
101.754
104.121
102.884
103.471
102.758
104.604
104.763
106.102
104.336
105.327
104.114
102.601
100.99
101.051
99.0758
101.358
100.766
98.6072
98.6594
101.018
101.049
100.792
100.81
100.711
103.498
103.445
102.018
100.649
100.74
98.9741
97.8567
98.1706
99.6042
100.795
100.653
99.508
99.557
101.161
102.621
102.573
100.076
101.033
100.385
99.8248
97.7624
98.9581
98.1407
96.4908
96.3425
95.4977
97.1557
98.2371
98.3201
95.0685
95.3824
95.9746
97.5232
97.9155
98.2719
98.901
98.1882
97.3516
98.3282
99.8624
99.7031
100.182
99.7438
98.4369
100.259
99.1364
99.9517
96.9693
95.9948
94.583
95.5118
94.9
94.8137
93.5041
93.8973
96.4236
94.0673
94.721
95.932
95.6567
95.9342
97.0934
95.9321
96.9046
98.5725
99.9105
100.913
100.529
102.417
102.598
103.971
104.362
101.027
101.423
101.472
100.996
100.924
101.574
100.723
101.095
100.012
100.048
98.0649
96.6672
99.3328
100.961
99.5614
100.496
100.914
101.05
100.648
101.697
103.038
103.727
106.491
104.472
105.498
105.663
105.737
103.648
103.46
99.6261
100.377
100.718
104.418
104.589
104.187
104.297
104.836
104.054
103.535
100.899
102.314
104.237
104.416
103.193
102.757
100.224
98.9418
97.6759
97.6767
98.1456
97.24
97.6319
95.8262
95.008
94.6119
93.4369
90.2809
92.5951
93.2664
92.2856
91.1028
91.168
91.8446
91.25
90.4517
88.9197
86.6648
87.4429
86.4967
86.5936
85.2215
83.2785
83.9399
84.0464
83.6579
82.6668
82.1637
82.3895
79.9584
78.7346
79.6955
80.4203
80.5663
81.9302
81.424
82.9019
83.1859
83.0987
83.6309
85.0625
83.74
84.1968
84.0336
84.5649
84.1473
82.9445
80.5761
80.7012
79.2126
76.8453
