100.409
100.027
102.063
103.116
101.068
100.849
100.649
100.477
98.7372
98.4893
98.4236
98.5468
98.2026
98.5503
97.7527
98.1554
97.3284
97.6982
95.7779
96.0301
97.4138
97.2333
96.0054
95.5726
94.4835
93.7311
92.4884
90.9871
91.6343
92.3468
91.4351
90.7638
92.3447
91.8246
93.2167
93.4111
93.667
91.9807
91.8655
89.7463
88.7544
88.275
87.8621
89.4339
91.1719
89.8739
91.1681
90.5346
89.6091
89.8979
91.1236
91.7772
91.6621
90.9865
91.2574
95.6666
96.6813
99.0447
99.9089
101.463
102.035
102.513
103.493
103.343
103.324
105.085
105.124
105.454
106.693
107.987
107.254
107.55
106.86
106.896
107.682
108.477
108.337
108.763
110.277
108.408
109.597
108.966
109.492
110.842
110.045
108.835
108.772
109.565
111.939
111.476
111.922
111.207
111.363
113.741
112.284
110.549
110.113
108.796
108.516
108.358
106.546
108.46
109.044
110.937
113.3
113.717
112.54
113.637
113.32
110.712
109.959
110.917
110.843
108.827
106.846
108.776
110.034
110.318
111.054
109.996
111.713
112.707
112.261
111.367
111.709
112.363
111.986
112.314
110.459
108.766
108.016
107.256
106.297
106.277
106.825
108.048
105.786
105.979
104.485
104.701
105.657
106.862
104.916
105.801
106.137
105.929
106.474
106.183
106.375
104.516
103.475
102.262
103.535
105.055
103.169
102.354
100.721
100.863
101.383
101.962
102.383
102.08
103.258
102.722
101.541
100.003
103.102
100.681
99.2418
101.073
100.971
99.9154
100.9
99.1005
97.2055
97.1208
96.556
97.4685
97.7759
96.5816
96.5836
95.1423
95.0456
93.8133
95.0869
95.4822
96.2205
94.3792
93.7752
94.4911
95.5995
96.0123
96.9726
98.1999
97.2518
96.9019
99.5576
100.447
99.7216
99.3584
100.06
99.7102
100.949
101.639
102.525
102.06
100.659
100.681
100.994
101.094
100.562
101.018
100.116
101.044
99.2165
96.9626
95.5096
95.0348
94.4286
95.0549
95.7072
95.6162
97.3393
98.2835
95.6463
96.0309
95.3439
96.6769
93.4834
93.7288
92.526
91.7416
92.3499
91.9443
90.5893
91.663
90.7683
90.3585
90.9192
91.148
92.2808
92.1315
91.6027
92.0738
93.7779
93.067
93.1653
92.7099
92.4198
93.631
95.174
96.9759
96.2027
98.1229
100.748
102.517
103.339
104.017
104.277
103.571
104.935
106.878
109.006
108.232
107.225
106.222
106.153
105.249
106.2
107.135
105.792
105.452
102.985
104.179
102.858
102.324
104.141
103.446
103.955
102.468
103.337
103.435
103.258
105.193
106.391
107.957
107.693
105.985
107.413
108.835
110.652
108.867
110.207
110.664
110.029
109.986
108.921
110.357
109.206
108.792
110.256
110.751
112.578
111.141
111.467
111.219
111.824
113.263
111.711
111.118
111.094
111.172
109.729
107.764
105.09
105.029
104.525
104.771
103.171
101.7
101.13
99.9441
99.3556
97.7647
98.8662
98.9749
97.3962
97.1087
95.995
96.5016
96.2938
95.7817
97.0344
98.3519
97.458
96.8181
96.8052
96.5816
94.6669
94.1802
95.2916
94.4939
91.9828
89.0028
89.2623
90.4128
89.6792
88.9788
88.1839
89.1919
89.3864
88.5743
88.9072
87.5939
88.7419
89.4922
88.1761
88.6597
89.2997
87.8397
86.6209
87.5354
89.0864
87.638
87.2396
86.7576
86.8585
85.1335
84.8401
85.532
86.5703
86.275
85.1994
84.7664
83.0115
82.1933
81.8573
83.9493
82.1834
82.3893
84.3994
83.5968
82.5125
82.0175
82.0763
81.3187
81.3446
78.4424
78.8569
77.189
77.7052
78.3349
77.613
76.6769
75.4279
74.8709
74.901
74.993
74.8713
74.0509
75.2965
75.8719
75.8899
75.2273
76.5523
76.0006
74.7306
75.245
74.9152
75.0723
74.2397
76.0447
74.8643
74.976
75.4424
76.4287
76.2634
76.8438
77.1707
77.7494
76.8171
79.0458
80.1535
79.1935
80.1376
79.6265
81.9044
80.5518
82.5074
82.6179
82.179
82.4678
81.266
80.9097
79.3859
78.9646
80.863
81.3618
80.4141
80.7465
80.0487
80.9948
81.7735
82.0082
81.7379
82.3357
80.6076
81.6956
81.0011
80.5065
80.2383
80.3001
79.1688
79.0376
78.4555
78.3616
79.1437
79.3204
78.9813
79.0976
78.7064
77.4572
76.6191
74.8112
76.4291
76.8385
76.0266
76.3756
77.7328
76.9307
76.4661
77.3754
76.3194
76.3185
76.3609
75.8626
75.4184
75.9903
76.9007
75.1158
74.9442
73.3257
73.1395
72.4217
71.0244
71.0775
72.4641
72.0038
71.5835
71.3744
70.7714
71.6313
70.5026
70.8215
69.6185
68.9732
70.4615
70.8221
71.8411
70.8914
71.5893
71.4087
70.6605
69.8204
69.8631
70.1226
69.5607
70.0617
70.3746
69.4135
70.6024
71.4075
71.1984
69.999
70.9141
71.8347
70.8801
70.4873
69.7386
70.0388
69.3133
68.5888
70.3588
70.1446
71.0592
69.1945
67.7026
67.0041
69.9506
70.7439
72.3775
70.949
70.7446
71.7906
72.8952
73.9298
74.1557
72.6325
71.978
71.681
73.4847
73.2283
72.818
72.081
71.8103
70.7789
69.0517
67.5998
67.3643
66.537
66.0554
67.6952
67.3436
66.7006
66.2393
67.2085
67.9178
67.3307
67.6456
67.2769
67.4033
67.434
67.8315
68.7334
68.1142
67.7971
66.319
67.4638
66.6532
66.8835
64.8
64.0091
64.7088
63.9906
63.1849
63.7289
64.0026
64.0442
64.8428
63.5713
64.8531
63.7851
62.8645
62.9709
62.2551
62.5289
63.8339
64.7853
65.3107
65.9363
66.9853
67.1189
67.3542
67.775
67.9215
68.2804
68.7801
68.6772
68.779
70.5115
