97.1738
94.1195
93.8464
93.9182
92.6508
94.0285
94.6447
93.6865
93.9714
93.6244
92.2154
92.4589
93.1417
93.2364
91.1235
88.5616
88.6359
90.8232
91.0816
92.0464
92.5451
91.6066
91.633
91.5033
92.8641
91.9415
91.9861
91.4334
91.0638
89.7685
89.1203
88.9536
87.1519
88.3785
87.6121
88.8279
89.0711
89.8131
90.6719
90.7304
90.7737
91.5068
91.7006
91.3051
90.2802
90.3872
88.9571
88.9087
89.0886
90.0714
89.0283
88.0908
86.7859
87.4841
89.5469
89.6819
89.0696
89.7484
88.2707
89.0571
92.4534
90.718
91.1662
91.8452
90.6247
90.4705
90.9187
91.0179
92.14
91.9511
91.8233
90.1871
88.9396
87.6122
88.8668
87.8049
87.338
87.1478
88.3168
88.1868
88.1351
88.0529
86.6847
85.1285
84.7873
85.5622
83.8363
84.6102
85.9466
84.292
84.8932
86.0388
85.1207
83.9627
85.4125
85.928
87.6309
85.1063
85.0849
85.1278
85.754
86.9157
85.404
86.8766
88.1607
88.133
88.4595
87.9654
88.436
89.7828
89.1304
87.862
85.7794
84.4486
84.2467
81.8128
82.3828
80.9049
80.023
80.4916
79.5502
81.1586
81.8719
82.5718
81.9572
82.9913
83.1694
83.0674
83.0392
84.1407
83.0364
83.7394
83.9258
83.2807
81.3
81.8134
81.7744
82.0304
81.7338
79.0975
79.1628
78.4568
76.5757
77.4871
75.5983
75.9652
76.1689
74.2583
73.5804
73.2803
73.7429
73.8727
72.2228
71.6514
71.1224
71.7238
71.0358
70.9473
71.1339
71.9879
73.0483
73.2368
73.4273
73.7904
74.4256
75.4079
75.2046
75.186
74.7251
75.4692
74.7529
74.0397
75.1812
75.8243
75.2793
74.9816
75.4141
76.0056
74.3907
75.9137
74.3724
75.7281
75.3457
76.0943
76.9844
77.3493
78.9006
77.3383
77.7168
77.4909
76.4411
76.2363
75.8069
75.6952
76.4513
76.6821
76.4434
75.9993
76.041
75.7418
75.6792
74.9352
74.7449
73.8195
73.9105
76.3514
76.8641
77.7784
76.6506
77.3503
77.92
76.8106
76.2296
76.138
76.3239
76.1205
73.4609
73.97
73.0557
73.1665
73.1811
73.6174
73.3572
74.2527
73.211
73.0025
73.5641
74.6029
73.7183
73.3283
72.2708
71.5996
72.7625
74.8429
73.6996
72.312
71.125
70.7028
70.3884
70.8954
71.9832
72.0934
72.0495
72.0836
73.1156
72.2342
72.4121
73.5746
72.5293
72.5104
73.4385
73.7638
73.973
73.227
71.7343
73.5279
74.1548
74.7419
76.2056
77.4586
76.7392
76.3588
77.3889
79.1021
79.7251
82.0996
83.1233
81.7909
83.9313
83.7482
85.0549
84.9807
83.3354
83.007
81.8222
82.8394
83.4036
83.945
83.825
84.2826
84.8666
84.4677
83.3598
83.6844
85.4441
86.3733
87.003
88.3381
88.1016
87.7217
87.688
85.4233
85.4466
85.6818
85.7023
83.9965
85.8128
85.3263
86.9241
89.2805
87.717
87.443
89.7634
88.6625
88.0273
87.7095
87.3818
86.0884
87.7977
88.3777
88.0522
88.9727
90.1087
91.0687
89.6838
90.2935
92.0953
91.028
91.6785
91.4113
90.3205
90.4656
89.5468
89.2839
89.2474
88.7426
88.8504
90.496
90.77
90.1706
89.3098
90.4117
88.2685
88.3474
90.7052
92.0315
92.6049
94.0865
93.9774
94.311
96.5804
96.1993
95.1448
93.9936
93.505
94.6848
93.6938
91.1304
90.4829
91.5272
92.1787
93.2928
92.545
90.9813
90.8477
91.778
92.7959
92.8453
93.4688
90.2022
90.4978
91.4088
93.4105
92.7014
92.37
90.1661
91.7425
91.8786
91.3995
92.8475
91.28
91.5003
88.3896
87.9816
87.8734
88.146
89.7371
89.9037
89.325
90.3069
90.7695
89.6782
89.6051
91.2483
91.6331
91.8686
92.8202
92.4166
93.034
92.8654
94.9456
94.7799
95.5151
96.0026
96.4482
94.8362
93.5836
94.8776
93.4085
91.9659
92.1077
95.3748
95.7001
98.253
99.4111
101.142
102.733
101.643
102.035
101.651
101.644
103.917
105.139
106.671
105.39
104.489
102.474
101.81
100.263
100.66
100.857
100.579
100.816
100.486
100.225
101.881
103.039
101.39
100.273
99.5641
99.2067
97.5988
98.6539
98.7203
96.5654
98.3559
96.4544
98.4937
98.4302
98.1685
97.7489
96.965
98.1625
95.1672
92.6815
92.236
91.0969
90.2941
90.1275
90.0393
89.7671
87.1009
89.528
90.9125
91.3901
91.1547
91.8161
89.8716
88.8569
90.1492
89.8493
91.865
91.15
92.165
93.0314
93.9965
93.3516
90.7284
90.1926
90.2782
91.3733
92.6584
92.4395
94.8172
95.8916
97.7481
98.6034
98.7587
98.7174
95.963
95.5962
96.2335
97.0475
98.4578
97.5901
98.7462
97.414
98.7398
97.138
96.5471
98.6694
98.5233
98.7383
96.0478
96.4913
96.3714
96.0642
95.028
92.5833
92.5124
92.9703
94.9578
94.982
96.4906
93.4069
93.9941
94.2341
92.7905
92.9432
91.7413
91.0183
92.3072
92.8333
89.7698
89.3119
89.4119
87.898
88.4662
88.4297
88.6916
88.3386
87.7287
87.0091
87.0698
86.3057
88.02
87.2103
86.2172
86.9957
86.5391
87.8088
88.4967
89.831
88.3545
90.0511
90.9596
94.2829
92.9318
90.853
91.688
93.1361
93.0625
92.369
91.1181
90.9771
92.6665
93.2663
92.7772
93.4147
90.9579
87.5625
88.0141
87.2324
87.7563
88.7196
89.5998
90.3837
89.0091
90.7123
90.454
91.6812
93.7647
91.5399
90.5414
91.9744
91.2747
89.3495
88.427
88.0522
86.5541
86.5983
88.3386
87.7747
86.5981
85.8816
84.8463
84.4891
86.5267
85.7336
85.4001
85.8995
86.513
85.6159
85.3807
84.24
84.6662
84.4241
82.6997
84.0931
83.4752
83.5922
84.1134
83.8104
84.5865
84.3953
84.8503
84.6924
83.6498
83.1361
84.5526
