100.033
99.1207
98.4902
100.432
100.62
99.5081
99.7867
102.371
101.07
101.87
97.7348
98.1731
98.2822
99.2593
96.202
95.5817
95.5908
95.5672
97.8653
97.1072
97.1648
99.5256
99.1146
98.9228
98.9523
100.314
100.578
100.866
99.7588
98.935
98.5797
100.468
100.243
98.0706
98.9072
97.9228
98.4503
98.6356
99.1359
100.008
99.5239
98.8696
99.7127
100.691
103.777
103.219
102.907
104.049
105.674
107.754
107.068
110.629
109.048
107.592
105.522
106.653
105.47
105.558
106.116
106.639
105.759
103.545
106.664
107.307
106.425
103.967
105.144
104.681
103.042
99.7953
97.8443
97.3358
97.0279
97.357
96.4495
99.2044
99.2455
100.871
101.865
101.252
99.8494
100.017
99.6028
99.5441
98.7152
98.9294
101.131
98.7027
100.355
102.281
102.771
102.18
100.557
101.576
104.115
104.715
103.262
101.413
101.994
102.511
101.281
104.034
104.062
103.674
105.041
106.695
104.824
101.979
103.563
104.594
105.283
102.665
103.863
103.562
102.708
102.433
104.711
104.148
104.61
104.6
102.861
103.632
101.739
99.8208
99.5636
100.959
99.2738
99.0687
98.4575
98.4978
99.4159
101.365
101.925
103.495
101.324
100.691
101.101
101.397
102.537
101.889
101.078
101.873
102.03
100.819
99.3911
97.4352
96.4422
95.3904
95.9338
95.8692
96.762
97.4164
95.5024
95.7255
95.4435
94.725
94.3739
93.5888
90.3808
92.0067
92.8498
93.4302
91.2648
90.428
90.4455
90.5846
88.4293
88.7937
86.9104
85.9535
85.2529
84.8684
85.0559
83.2162
83.0136
83.3696
82.6679
81.9178
81.1066
82.2954
83.6504
82.638
83.5078
82.8913
83.6943
83.2384
84.3456
83.7487
84.3123
83.4611
81.5349
81.0427
80.2889
79.5339
78.327
80.0574
80.9451
79.9726
79.6508
80.9294
79.8938
80.6622
82.3965
83.0985
83.5962
84.8809
84.678
85.3555
85.3299
86.2245
84.5986
82.3938
83.0593
83.4274
83.1375
83.2135
83.2079
84.0238
85.1957
85.4581
86.6305
85.9082
84.9449
84.1707
86.6116
87.8826
86.6801
86.3352
85.6255
85.7126
86.0149
85.2938
86.2935
89.3742
87.331
86.3631
89.1164
89.0605
89.4062
88.984
88.6446
88.0419
86.2198
85.3462
86.2584
86.8894
87.5223
86.2375
86.4553
85.818
87.2332
86.8236
86.9828
86.5481
87.1642
87.782
88.9578
89.693
88.5889
88.0158
87.0995
86.8955
86.9204
86.5245
85.5436
85.6959
85.0672
84.2528
83.434
82.4117
81.9285
81.4072
81.2937
80.3348
79.4201
79.5087
80.766
79.6379
79.5956
79.3575
78.8045
77.5973
78.4778
78.1589
77.9442
77.9465
79.0847
76.2994
76.8758
74.1823
74.2206
74.1381
73.65
73.6774
72.6674
71.0956
71.8539
72.5996
72.9811
72.4348
73.0709
72.5524
73.1232
73.3835
72.9894
73.1482
72.3633
71.5443
70.9397
71.3592
71.3006
71.8132
71.8132
72.7226
74.2587
74.3419
74.2688
74.2647
73.2314
72.9633
72.9528
72.382
71.5775
71.8536
71.5738
73.2659
73.5811
74.377
74.9119
74.1668
74.0454
73.0789
72.6379
72.067
71.7173
71.1217
69.7332
69.0594
70.2572
70.6563
70.2851
71.1029
70.2243
69.6265
69.2761
68.4902
70.0053
70.8086
71.3846
71.0968
70.7268
70.9323
71.743
72.2194
73.4293
74.0555
72.7914
73.605
74.6354
75.4604
75.3222
74.4716
75.0183
74.6571
73.985
73.8511
74.9301
75.7156
74.8896
74.8411
75.5174
74.6663
74.1823
74.3113
74.4949
75.0971
76.1506
76.5716
75.8745
76.4244
76.1871
76.5406
75.6562
76.5614
76.473
75.464
76.3284
76.6926
76.656
78.2232
77.9709
79.8096
78.6403
78.7176
77.3203
78.123
77.7669
77.8146
78.2544
77.499
74.9345
75.2047
75.7997
75.1966
75.3063
74.4707
74.1588
73.864
74.1904
73.1682
72.3908
74.3546
76.5116
76.754
77.3304
77.391
76.3469
74.7822
75.7202
76.3089
74.8801
74.4339
73.4783
73.2473
73.5473
71.942
71.6673
72.2461
72.0765
71.2651
71.0728
72.3723
71.9437
69.4909
69.2577
68.8564
68.2899
68.6695
66.9982
66.5867
66.5901
65.5204
65.109
64.2221
63.6809
63.7404
64.8219
67.1712
65.7082
66.3486
66.5367
67.0501
67.1997
67.9231
67.3537
66.7035
67.3433
68.2257
67.3797
66.3826
65.9441
66.5004
67.7725
67.6328
66.4547
66.6554
66.4073
66.975
68.1141
68.6055
69.8464
69.864
69.7417
68.8286
68.4119
67.7205
67.7479
66.4293
68.764
67.618
67.6592
67.3954
69.0619
69.8016
68.3712
69.017
68.9249
67.929
67.2429
66.0022
65.3409
64.4896
64.06
64.5829
63.9193
63.4307
63.4493
64.7662
63.9782
65.1609
65.0387
65.2996
65.9065
66.1976
66.6142
65.6456
63.7579
63.9415
64.6396
65.4408
65.473
65.496
64.7058
65.1342
65.9975
64.8154
63.7913
65.5913
66.3749
66.7757
66.7858
65.2023
65.7501
65.1612
63.9427
63.6492
64.2623
63.4958
64.1483
64.3249
63.2928
63.731
62.0258
61.1707
60.2082
60.1967
59.7003
59.7942
60.4912
59.822
59.6487
58.8547
58.9351
59.2623
59.063
59.9387
59.3187
58.8195
59.1254
59.9018
60.4492
60.5578
60.8995
61.1825
60.0339
58.9968
58.2762
58.0425
58.5018
57.8491
57.48
56.2687
57.5216
57.7535
57.2797
57.5524
57.6108
58.1383
58.1106
58.0709
59.7209
59.9382
59.4267
58.4714
57.3106
57.4753
59.108
58.989
59.6157
61.0084
60.5079
59.989
60.3645
58.0594
59.3455
59.141
59.6552
59.2451
58.5034
59.0678
58.4573
57.949
58.8474
60.1817
60.6441
59.9805
60.6085
60.3223
58.909
61.0469
