100.307
100.77
100.308
99.2969
98.5028
97.8102
97.2864
96.2879
93.9584
92.9003
92.2432
92.4126
89.7049
88.6685
89.0222
89.4426
89.725
87.9609
89.4916
90.513
88.7424
88.1514
86.4621
86.0615
85.6572
87.0739
87.4155
88.4389
89.3585
86.6488
86.753
85.8567
85.81
86.0449
84.6358
82.8732
82.6751
83.2341
84.6577
85.2205
85.169
83.5453
83.3078
83.8117
85.0135
84.9146
84.3769
82.573
82.2093
82.6724
83.427
82.6263
82.5948
80.6728
81.1883
81.8831
81.6611
83.2108
82.882
82.7368
84.1138
85.4349
84.7284
84.5226
84.5586
85.9463
85.1213
84.4344
84.3819
85.1258
84.9568
84.7885
83.8822
83.2218
83.161
83.4497
82.8568
82.9106
81.5091
81.0107
80.9212
81.816
82.7118
82.8691
82.3692
81.9783
79.8089
80.3814
80.9958
80.3185
80.2029
80.9821
80.0166
80.3935
80.9084
81.8324
81.0219
81.4486
80.1704
80.1906
82.6337
81.2109
82.3668
83.6057
83.9247
84.9861
85.7618
85.9818
85.8948
86.73
87.5963
87.844
87.7838
87.9673
87.364
88.1207
88.3337
86.9534
86.02
82.8372
82.0433
84.24
84.8932
86.4843
88.087
88.3603
87.1505
87.9294
89.3402
88.9718
87.796
86.9512
87.8533
87.8775
88.652
90.559
91.3896
91.1589
91.9502
90.4188
90.313
90.3232
89.6777
90.2934
89.3163
90.2895
89.0682
89.431
88.309
87.4832
88.5521
91.4093
93.4182
93.4683
94.9871
93.0769
92.9281
90.5804
90.1028
92.5093
91.8568
91.8242
92.7337
90.7927
90.7402
90.3142
89.4669
88.9351
89.7275
90.6839
88.9978
87.221
87.8792
88.5192
87.7961
87.6814
87.8908
86.1767
85.7726
86.8642
86.6838
87.3304
88.8504
88.1767
86.1658
86.8237
88.5257
90.0422
89.5562
91.5667
91.5685
94.1317
93.4065
92.0995
90.8877
93.1446
92.4243
92.1114
93.3628
91.3662
90.4959
89.3244
89.5512
88.7416
90.4374
90.5914
91.1476
91.3539
91.5579
91.6124
90.4547
91.3196
91.0218
90.9081
94.6462
97.3507
97.3157
100.252
98.855
99.0054
96.4311
95.2864
95.3691
96.057
95.5449
96.6928
97.0812
96.1381
95.3458
96.2163
96.199
92.5292
93.6465
93.978
94.6573
92.0656
92.5181
91.3899
92.4385
91.8528
92.3314
92.15
91.949
92.0431
92.4033
92.5512
91.6735
91.6884
92.2428
90.7545
90.4261
92.2335
92.4478
92.8492
93.1402
94.1518
95.6836
96.4713
95.9334
94.3982
95.4345
96.7699
96.9206
95.3456
95.2798
94.0465
94.7913
92.7299
91.0827
93.0129
92.7329
93.977
92.2703
92.6857
91.1809
89.4614
88.9134
90.6821
91.2147
91.3598
90.7125
91.6989
91.7994
91.2351
91.4469
92.6245
93.2809
93.1886
94.9622
94.5002
94.5294
95.5973
95.4632
95.3948
95.3766
95.8132
96.8209
98.3751
96.2492
97.3339
95.7507
94.3494
95.9214
94.3516
95.2064
94.9807
95.6416
97.1881
97.4111
97.0738
97.4131
95.722
94.4579
95.0271
96.9597
94.2775
93.2363
93.2798
93.445
97.4681
97.8683
99.0578
100.773
101.844
102.795
103.202
103.483
104.893
105.628
104.418
105.348
107.169
106.419
105.378
105.37
105.584
104.608
104.79
104.078
105.323
106.958
108.572
108.064
107.015
106.695
106.749
107.334
106.601
105.897
106.825
106.355
106.121
107.748
109.202
108.733
106.344
107.686
108.175
107.69
107.433
104.911
106.834
106.178
105.008
105.086
105.487
107.153
106.365
110.046
109.716
112.278
112.86
110.673
110.625
110.128
109.222
111.454
111.211
112.327
112.725
112.937
113.716
113.605
113.179
111.893
113.407
115.836
115.553
117.198
115.108
118.036
120.012
120.657
121.466
123.618
126.489
126.427
126.254
126.405
125.742
125.182
127.647
124.741
125.282
125.693
126.169
124.236
125.22
126.198
126.999
126.533
124.699
121.832
121.88
118.499
118.701
122.14
118.557
120.122
120.795
120.722
122.029
124.306
123.833
121.614
121.154
121.25
121.31
123.361
122.122
120.163
118.289
120.284
119.677
115.859
115.679
118.384
117.71
117.444
117.856
117.423
118.239
117.202
115.903
116.101
118.513
118.281
118.285
118.242
117.338
115.921
117.7
117.112
117.761
117.176
120.046
120.43
121.585
123.813
123.556
124.9
123.196
123.634
123.449
123.385
124.806
122.283
120.951
121.938
121.226
118.642
117.654
118.404
115.376
114.591
113.738
116.348
117.615
116.444
116.514
117.334
116.303
113.802
111.48
111.454
112.172
114.054
113.782
116.039
117.338
116.659
117.324
118.564
118.564
119.006
119.152
118.504
117.237
121.303
121.107
118.746
116.912
118.632
118.999
118.019
116.693
115.615
116.44
113.92
113.161
113.956
113.841
115.049
112.674
114.972
116.994
116.043
117.889
118.093
120.114
120.059
118.978
117.719
116.037
114.776
115.366
115.209
117.36
117.705
118.259
116.081
117.204
117.425
115.243
115.306
117.706
117.75
115.303
115.354
113.385
112.525
113.33
113.174
113.903
112.951
112.355
112.327
109.409
109.375
109.256
107.716
109.223
108.768
108.545
110.154
112.093
111.455
112.831
114.131
117.32
116.527
115.995
114.152
115.493
117
121.024
125.021
125.319
124.85
125.986
126.436
126.045
127.995
127.533
130.068
133.184
132.502
132.126
133.743
132.235
131.826
136.572
138.076
136.37
137.009
139.247
137.118
138.992
136.928
136.266
133.951
129.801
130.04
132.209
133.147
131.086
132.226
133.766
133.544
134.859
