98.8193
97.3074
94.5652
95.8397
94.5561
95.9086
93.8041
94.9539
94.5917
95.8473
94.8612
94.446
92.1573
91.69
91.6205
91.6238
91.3376
90.1537
91.1906
91.0681
89.4391
88.4033
87.9614
86.2636
86.2427
86.9232
84.56
85.3204
85.9352
86.2983
87.1527
87.9979
86.585
85.6389
86.2442
85.4024
87.8558
90.7554
91.4895
91.4024
91.7447
94.3443
93.0052
92.5726
92.9924
92.5628
93.2161
92.2402
93.3533
92.046
91.0487
93.4212
91.6538
92.387
92.0716
91.6031
92.6258
91.9711
91.8324
92.1008
93.2387
91.4259
90.8541
91.5496
91.901
91.8043
90.3009
91.511
93.4433
95.0337
95.9742
96.5936
95.7584
94.4182
94.4124
94.758
94.8178
94.8361
94.6937
94.6562
93.8103
94.9915
94.7866
96.6629
95.401
97.4586
97.2029
96.8325
97.6237
97.5499
97.8949
98.4565
98.6766
99.0562
99.005
97.9111
98.1309
96.4561
96.253
95.8491
95.6672
96.7028
99.0965
97.9153
99.2648
98.4327
97.4069
97.3955
99.2959
100.598
101.92
102.583
102.245
101.734
103.471
103.73
104.293
105.735
106.561
107.471
108.51
110.051
110.715
111.258
114.729
114.421
111.981
112.924
110.998
111.589
112.602
110.126
111.274
110.82
111.696
112.843
115.377
116.332
115.971
116.702
119.163
120.143
116.863
119.154
121.206
121.335
122.045
122.037
122.137
123.505
124.762
126.916
123.583
125
125.78
126.482
125.65
126.894
124.075
122.35
123.691
122.741
120.762
120.428
119.07
117.706
117.617
116.09
116.913
117.16
116.231
113.886
115.305
116.281
117.735
118.599
114.962
115.325
113.958
112.174
112.206
111.399
109.842
108.603
108.684
109.504
107.533
108.461
109.433
109.909
108.614
109.805
110.788
111.554
109.958
110.764
108.771
109.571
110.376
109.889
109.266
107.798
109.269
108.64
108.466
105.593
105.534
105.527
105.096
104.765
102.296
102.138
102.724
104.371
105.405
104.765
105.172
105.106
107.654
107.586
107.024
107.14
106.72
107.069
107.723
107.461
108.316
108.993
108.143
108.604
109.888
111.584
110.293
110.451
109.428
107.97
110.31
109.573
109.57
107.776
106.017
104.417
105.139
106.866
105.349
105.48
106.273
104.845
105.033
103.552
102.964
101.99
100.845
99.3062
99.6946
100.317
100.591
101.46
101.799
104.348
104.044
102.215
100.415
102.231
101.471
100.949
101.601
102.322
102.968
103.411
102.523
103.592
102.167
101.69
103.573
103.136
102.344
101.216
102.937
103.346
102.877
102.395
102.015
104.335
103.703
104.439
103.087
104.278
105.869
107.866
108.376
107.871
107.337
109.659
111.026
112.526
113.952
114.072
114.449
113.906
113.908
113.807
114.957
112.434
111.389
108.881
107.716
108.346
109.576
111.458
112.223
112.691
112.464
114.081
116.784
118.141
118.365
121.445
121.501
120.819
121.047
121.434
122.006
122.026
121.252
123.178
124.188
124.295
125.778
125.077
125.109
123.618
124.604
123.154
123.722
121.9
122.321
122.338
120.552
119.607
119.149
119.265
118.807
117.853
118.501
121.705
123.278
122.96
123.214
120.89
122.493
123.582
122.697
123.405
125.12
125.813
129.166
129.45
132.701
134.661
134.613
133.865
133.141
135.971
135.624
132.135
131.379
133.527
132.113
130.454
130.231
129.611
129.119
128.868
127.626
130.955
129.248
130.338
129.501
128.014
128.046
126.568
125.996
126.017
124.971
124.093
125.722
126.538
128.351
128.623
130.961
133.342
134.984
137.052
135.974
134.356
134.218
134.837
134.569
135.219
137.034
134.074
137.57
137.339
139.719
139.473
138.514
143.237
143.217
141.956
141.929
144.041
143.362
146.161
146.705
143.475
145.584
144.146
145.294
146.709
144.393
143.128
141.941
141.671
142.462
142.085
142.27
144.685
144.16
144.609
143.648
143.944
145.563
144.466
144.036
142.827
143.994
144.848
146.739
148.562
147.165
149.02
149.644
152.075
152.733
152.28
150.682
148.581
149.7
151.885
147.022
146.03
147.282
146.266
148.663
146.727
145.445
145.502
146.108
144.723
140.533
139.117
140.331
140.13
140.537
140.703
139.644
135.317
135.292
133.148
135.296
136.484
135.554
136.84
137.337
137.71
139.486
140.116
136.943
137.42
136.76
133.541
133.029
133.545
132.408
131.441
128.407
130.389
131.838
132.112
132.11
130.66
131.625
131.719
134.878
134.616
133.645
131.647
130.547
129.296
125.87
121.324
123.013
122.589
125.671
126.748
129.197
131.71
132.872
133.508
131.392
129.701
130.273
127.958
130.118
131.149
132.15
133.106
131.793
131.37
127.341
129.81
126.331
126.284
125.255
126.189
126.475
127.29
128.269
126.593
125.409
125.853
127.475
127.288
124.54
122.873
123.515
124.201
123.208
123.572
123.322
123.624
122.738
120.651
120.419
119.833
119.395
117.994
119.883
119.892
120.219
119.691
119.923
117.97
116.446
118.833
119.642
121.964
123.726
123.98
129.525
129.114
128.46
130.626
131.622
133.971
133.465
130.42
129.986
130.324
132.424
128.631
128.366
128.64
127.928
124.514
123.684
125.998
126.452
125.91
125.757
125.282
122.928
123.559
123.898
124.064
125.419
125.926
126.723
130.205
131.651
131.857
130.449
131.239
129.885
127.461
126.867
128.758
128.663
125.96
