100.774
99.6427
100.28
99.4965
99.6616
102.005
102.089
101.226
100.521
99.9447
100.188
100.284
100.773
96.3046
95.3739
95.0373
95.0559
93.1609
94.113
92.655
92.299
93.581
94.9597
93.9305
94.6357
94.3229
92.8466
91.4948
91.8901
91.5984
89.8699
91.7339
91.7864
92.8763
92.9336
94.196
94.1368
94.5573
95.4291
95.8616
95.9652
95.0182
96.4918
94.6839
96.8864
97.0259
98.5969
99.6657
99.4013
98.092
97.8467
97.6362
97.9703
97.9362
97.5343
96.51
95.6113
95.2785
94.6936
93.5663
93.2036
93.0794
91.5342
92.8067
94.3045
94.3795
92.7466
91.4821
90.6625
92.4629
93.7188
92.7566
93.6625
93.8179
94.4957
95.6592
95.5269
93.8587
93.9548
94.2307
92.2706
93.6874
94.4276
95.0439
96.1936
95.1501
96.4975
95.6345
96.2921
97.6105
97.1688
99.1043
98.2702
98.0972
94.4978
95.8626
96.0175
94.5367
95.1936
94.0758
94.0434
93.7973
93.7967
95.5484
95.4696
95.2012
94.6356
94.4909
91.6239
92.0508
93.225
93.6186
93.9513
92.4457
92.751
93.047
91.8088
90.1832
91.27
92.1462
89.557
90.8349
90.5467
92.5707
92.9732
92.0352
92.7651
93.3048
93.1085
94.1538
95.8575
97.6055
98.0786
99.9449
101.827
100.891
100.844
101.085
103.812
106.727
106.969
108.863
108.999
107.694
108.978
110.771
110.416
111.243
110.851
110.304
110.103
109.691
110.442
109.925
109.759
109.715
108.288
107.628
108.056
108.232
107.148
105.306
108.084
110.07
109.372
108.417
109.11
108.727
108.746
109.859
110.446
111.833
112.657
113.621
110.934
112.016
111.05
112.815
113.473
115.138
114.341
116.533
114.778
114.577
113.92
115.19
114.498
115.537
115.105
116.811
117.689
116.972
113.251
111.479
110.389
105.716
104.963
103.488
104.493
102.333
101.876
100.714
101.017
102.962
102.094
101.525
100.325
98.9566
96.3032
95.5281
98.0811
98.3042
97.4923
96.5079
96.9463
95.4074
95.416
97.12
96.8397
96.5467
96.3138
94.5055
95.1774
93.9622
93.3856
93.4923
92.5326
91.7528
91.1688
91.4439
94.2981
94.7401
94.951
93.5494
94.0108
92.194
93.9475
94.7333
93.7521
95.7428
95.8988
95.3001
95.7872
97.7262
97.2796
98.5016
97.903
95.4522
96.0614
96.676
95.0427
94.7294
92.8332
92.1719
93.4891
89.7763
89.7328
89.1682
88.6034
88.2473
89.7171
90.5097
90.5609
90.4064
90.943
91.3086
94.3398
97.6144
98.6564
99.3129
98.2232
96.6982
99.4843
100.559
102.497
103.061
103.32
104.326
105.6
106.884
105.642
104.733
106.305
106.666
105.75
104.021
102.086
102.79
103.115
101.526
98.9251
100.667
99.242
98.5641
96.9975
96.061
96.4364
98.5549
98.1059
98.4928
97.7757
96.6151
96.3449
95.3317
95.6859
96.452
97.4526
96.7852
98.261
96.9363
97.7448
97.4516
96.4879
94.7785
94.0544
93.3606
94.5275
96.665
96.4111
96.0842
94.7335
93.4151
94.1219
93.4215
94.168
94.0108
94.7501
94.5795
94.6142
95.7075
96.7441
96.6084
97.3226
96.1271
96.014
95.9126
94.4772
94.1151
95.6916
96.4646
96.4365
96.9228
97.029
97.0202
96.7149
97.4736
98.2133
98.5611
96.8026
97.0691
96.3276
97.4823
98.3525
100.344
100.635
99.6147
97.4776
100.339
99.5217
98.1132
98.6212
99.7506
98.0253
99.7568
100.776
99.8208
99.3664
98.4081
98.7534
97.343
97.4783
97.8445
97.6991
97.8634
98.0413
98.4719
98.8388
98.0784
99.3452
99.4658
97.9526
97.9467
99.2347
99.5584
101.213
100.333
98.7937
96.4881
94.9785
97.0279
96.9121
95.9907
95.0602
96.4276
96.3607
93.9005
92.9026
93.6101
93.8399
92.9318
94.4573
95.3453
94.2301
94.4152
93.7153
93.3353
94.4318
93.7763
92.8239
93.6713
93.9608
93.6101
92.1915
92.6396
92.6696
90.8592
90.6346
91.1962
92.2365
92.253
89.9078
88.4443
88.2386
88.0578
89.6515
88.4895
86.1215
86.2529
86.5019
87.89
87.67
88.1811
87.584
86.8271
86.905
86.8587
86.0468
84.8274
84.7928
85.2628
86.3509
86.1073
85.253
85.6759
84.9571
85.2534
85.7499
84.3178
84.6154
84.1204
84.7183
84.8466
86.7956
86.8333
87.988
89.513
89.6576
88.4275
88.3458
86.5589
86.672
86.9936
88.1213
86.1476
87.982
88.9225
89.6651
89.3743
89.2948
88.3509
89.21
87.7168
87.8736
87.2608
86.3358
87.4643
86.4673
87.3631
87.3842
87.6583
88.1299
87.5689
87.0992
87.7652
89.1586
90.5735
92.1994
90.4262
92.4547
92.6427
91.4069
92.0081
91.7606
91.8261
91.663
88.7331
90.5047
90.5192
89.1528
88.7448
88.9364
88.7482
88.9416
88.7996
86.9799
85.6297
85.2928
86.218
84.9914
83.5236
83.3618
83.1514
82.8069
83.7205
83.5943
85.3964
86.539
86.2137
85.816
86.7819
87.5599
88.2694
88.6246
86.9967
87.4946
86.1295
85.5105
84.3533
85.4588
85.5867
84.3757
85.0295
82.295
82.632
82.7126
82.7995
83.7145
83.5738
84.8312
83.3542
83.7309
85.3597
86.6338
87.0924
87.1561
87.8899
89.6643
87.8901
86.7586
85.8771
88.2223
87.0274
87.5335
86.9262
85.6536
85.5702
86.7224
85.1309
84.0316
84.1097
84.0462
84.3012
84.1718
85.0136
85.2618
85.3596
85.4293
84.3682
84.1024
82.5388
82.5489
83.0304
83.4825
82.4516
83.2607
83.0141
83.5491
82.4038
84.219
82.119
82.0115
81.0015
81.0485
81.0155
81.9396
81.4499
80.7651
81.3496
80.072
79.87
79.22
79.0302
77.841
77.258
79.104
78.4674
78.1745
78.4273
78.0782
77.9547
