100.288
101.414
99.8264
101.982
100.899
101.392
104.1
103.303
104.979
104.302
104.979
103.752
104.719
105.661
106.612
105.773
105.941
105.405
103.792
102.891
104.718
106.3
104.967
104.301
104.112
104.49
104.441
106.949
107.217
107.976
108.925
109.659
110.555
111.962
113.071
114.937
114.2
115.247
114.172
113.226
112.219
110.589
112.078
112.875
111.374
111.6
112.153
111.077
109.092
110.948
108.55
107.302
109.238
110.379
110.759
110.753
110.749
111.85
110.483
108.183
110.1
111.761
113.038
113.77
114.075
115.902
115.832
113.908
115.668
117.499
117.989
117.808
119.179
122.513
123.417
123.041
124.808
127.056
125.341
125.835
123.356
122.359
121.173
122.908
122.626
121.825
121.305
122.7
124.46
123.449
122.265
121.587
121.178
122.071
122.555
124.128
123.663
123.565
126.365
125.281
124.334
124.864
125.703
126.345
127.715
127.655
126.704
125.726
127.344
123.559
125.105
122.812
123.605
121.297
121.705
123.386
124.402
123.905
125.203
120.46
119.868
117.276
117.467
115.249
114.909
117.775
117.721
117.591
119.54
117.995
116.103
115.289
114.488
112.566
110.617
109.454
108.594
109.127
107.635
106.26
107.038
106.645
108.936
107.712
110.493
108.612
109.422
111.852
110.858
111.051
112.376
113
112.901
113.781
116.107
115.964
114.774
114.739
115.184
114.94
114.273
113.281
113.221
113.516
113.636
112.506
112.708
112.619
113.863
110.698
109.359
111.88
111.134
112.46
112.68
114.401
115.624
116.807
116.715
115.622
115.803
116.977
118.16
117.007
114.436
114.071
114.753
113.5
113.516
115.719
115.824
117.1
119.896
119.313
119.484
119.323
114.782
116.32
116.158
115.638
113.109
114.602
113.652
114.583
116.021
113.86
114.495
113.45
114.139
113.058
114.087
112.656
110.358
113.41
113.019
113.847
116.162
116.001
117.743
119.957
119.448
118.398
118.799
116.823
117.994
118.212
118.248
117.294
116.435
117.32
117.358
117.33
118.773
121.338
122.827
120.947
121.099
120.253
121.621
120.294
121.11
121.095
119.62
116.559
114.972
118.327
117.464
117.517
117.103
117.457
114.819
115.738
116.607
115.428
111.992
110.483
113.852
114.314
115.08
117.604
117.792
116.957
116.025
113.136
113.972
115.528
116.117
117.605
116.554
118.893
120.562
118.835
119.002
119.521
118.392
117.512
116.945
116.844
118.508
117.174
116.441
118.28
118.976
119.359
118.85
119.23
117.697
118.771
119.736
121.92
122.504
121.899
121.385
123.019
123.856
121.187
123.478
125.195
123.977
122.993
123.762
123.363
124.432
124.762
122.38
124.362
126.289
124.102
125.47
125.861
127.671
127.428
127.857
129.234
128.023
128.222
128.277
131.187
132.236
132.582
133.443
134.535
134.15
135.515
132.848
132.481
133.934
130.244
131.036
132.054
134.354
134.325
131.948
132.289
131.923
132.604
130.59
131.621
133.793
135.27
135.94
137.499
136.211
137.472
138.643
139.674
139.259
139.937
141.092
144.831
144.534
144.874
140.661
137.546
135.367
134.533
133.649
135.25
134.673
133.732
134.133
134.581
136.456
135.673
133.238
132.887
132.936
133.076
130.532
131.342
134.266
133.219
133.263
130.956
131.017
132.276
133.308
133.89
134.654
133.173
133.901
132.226
129.206
127.151
127.104
126.601
125.638
127.23
129.285
126.746
127.39
127.98
129.67
129.83
128.011
128.317
131.257
129.554
129.222
128.896
127.687
125.689
124.648
124.13
124.57
122.336
124.288
120.671
120.545
119.711
118.268
119.739
120.478
119.01
120.905
119.96
119.528
119.073
119.003
119.464
117.391
118.807
118.196
116.214
115.663
114.922
115.419
119.523
120.462
118.936
120.183
116.385
117.102
116.138
117.557
115.829
117.317
118.476
117.031
118.263
117.446
116.46
115.578
117.126
117.089
115.755
116.447
118.109
116.541
119.578
121.103
120.614
118.165
118.154
121.368
119.373
119.643
119.339
118.114
116.265
116.526
117.105
117.96
116.43
119.258
118.998
118.959
118.107
117.223
118.202
120.366
120.655
121.25
121.993
120.799
119.559
121.283
121.045
120.447
121.519
119.825
118.28
119.707
119.873
122.369
122.283
118.386
119.331
119.377
121.41
119.616
120.631
121.728
120.43
119.259
119.126
118.801
117.589
118.424
121.014
121.219
120.89
122.477
123.763
122.095
122.145
122.305
121.871
122.807
125.135
125.137
123.819
127.053
125.687
124.215
123.809
121.736
121.25
118.43
117.658
119.991
120.446
120.073
121.175
123.757
126.731
128.823
128.89
129.529
125.227
126.269
126.058
127.783
128.535
128.947
128.723
127.83
129.921
130.945
129.623
129.251
130.06
131.546
130.136
132.084
131.176
133.232
131.378
130.835
132.274
132.116
129.268
128.826
129.059
128.594
128.566
129.04
128.929
129.358
128.504
129.265
130.351
131.718
131.082
131.568
131.954
135.168
132.444
131.232
130.574
131.325
130.101
130.588
130.931
132.24
131.013
129.86
128.956
125.621
125.438
127.644
126.789
128.917
130.931
132.088
130.954
131.499
132.989
131.842
134.168
134.371
134.653
136.257
135.341
134.282
133.361
133.796
133.256
134.765
136.463
