98.8204
99.3555
99.31
97.8969
99.846
95.9494
98.3762
98.1519
99.2892
98.9332
100.165
98.4442
97.4826
97.1475
97.2779
98.0152
96.9029
95.9321
93.9408
92.8448
93.5109
96.4325
95.9672
96.1956
93.4524
92.3464
91.2363
92.0378
93.4595
94.096
91.8779
92.2221
93.1919
92.3152
92.1653
90.8952
91.5213
89.8634
90.7351
89.6034
90.4888
90.6208
87.1511
85.5521
86.7272
87.9312
88.722
90.1555
90.2708
88.2365
87.847
89.0052
90.3797
87.6038
86.6239
89.4557
88.6458
89.3588
89.9497
89.9376
91.4081
90.6809
90.2288
89.9771
89.6702
89.7016
90.6233
90.904
91.7505
92.2786
92.0553
91.0501
89.5075
89.4112
89.2782
89.3111
87.4062
86.3304
86.4099
86.3922
85.4941
85.7835
85.629
84.5553
84.4739
82.1753
81.952
80.7897
79.3384
80.0261
79.5138
79.8204
81.0418
80.3881
80.8353
79.7211
80.5683
79.8412
80.0219
79.1023
78.2209
77.6443
74.9614
76.7272
77.9252
77.8211
76.2447
75.2535
75.0681
74.3345
74.3435
74.6638
74.3072
75.5042
75.7356
75.6279
74.35
74.0321
74.6237
74.8655
73.3834
72.5434
71.8177
70.5982
69.8672
68.9148
69.798
70.036
70.566
71.9088
71.9859
72.4976
72.6794
74.2484
74.8223
74.9022
76.4298
75.8503
74.5292
75.0162
74.397
74.5649
74.6133
74.2283
73.1277
71.9825
72.1061
69.9342
70.0263
70.2364
72.5812
72.3761
73.1016
73.3032
73.639
73.7706
74.4631
75.105
75.572
77.005
77.4341
77.0125
79.0744
79.712
80.1955
80.668
78.8527
79.1945
79.0001
78.1118
78.7338
79.9547
78.2883
77.3103
77.3547
77.5887
77.6941
79.8415
79.4762
81.4556
80.9521
82.2939
81.725
82.2627
81.9119
82.6751
80.1854
80.1356
79.0221
79.7315
78.9952
80.6807
81.4868
82.6971
82.0331
81.5499
80.7498
81.2554
81.1733
79.1659
80.3588
80.807
79.9204
78.1273
77.0719
75.1868
74.917
74.5507
72.8026
72.8729
73.7264
75.1322
75.9352
77.2101
78.5765
78.9145
78.8858
80.2963
81.3474
81.7001
81.6736
81.0045
81.6408
80.5631
81.0048
80.2671
80.4836
81.5103
82.1167
83.7313
85.295
84.6668
85.4784
85.4599
86.0099
88.0576
87.3244
87.4575
86.2194
85.8378
86.1434
85.5458
83.7761
83.5451
84.9774
85.9407
86.664
87.5027
87.1312
87.1404
85.3792
83.1484
82.8882
83.7798
85.2835
85.3712
85.4913
86.3934
85.6012
84.3332
84.1314
81.1053
79.6752
79.845
79.8979
81.3875
84.7089
85.6035
85.8083
86.0354
85.6636
86.3999
87.216
87.3432
86.1143
86.1076
87.4967
87.4506
88.8981
90.1134
88.2989
89.4887
91.1684
90.738
92.1475
93.1179
94.4024
93.503
93.0285
92.6109
92.488
92.1335
93.707
93.5589
94.2327
95.6997
97.0911
97.8419
96.706
96.4944
97.7524
99.6685
99.1925
100.569
100.269
100.636
101.331
100.952
101.84
100.812
102.85
102.804
102.595
102.997
100.968
101.245
103.591
106.066
105.644
106.481
105.785
105.163
104.941
103.544
106.014
106.612
106.673
103.827
104.174
105.477
104.803
105.931
107.673
106.574
106.631
108.087
109.407
107.482
107.821
108.162
102.889
104.387
103.878
104.6
103.165
102.026
100.99
98.3072
96.8368
97.2805
97.8918
97.0393
95.9988
97.1572
98.7295
100.229
100.785
97.9941
98.5768
98.6565
98.0868
97.0045
95.9612
94.8395
95.9432
97.0267
95.7153
98.4996
98.3028
99.5685
100.61
100.953
101.925
101.885
102.911
100.623
100.882
101.28
100.579
99.9416
100.074
99.2112
98.7582
99.6091
98.1035
96.7631
96.7679
99.3415
99.0924
98.7732
98.0174
96.6556
96.9141
97.4024
97.8586
94.8361
92.6336
92.324
92.8636
93.6119
93.8321
92.614
93.2388
91.7734
92.3207
93.6476
95.1031
95.1352
93.2763
93.5648
93.1663
92.7005
92.0889
91.5486
90.2745
89.3965
88.883
88.6396
85.9394
85.4799
85.1313
85.9883
85.9255
86.6053
87.2972
87.6111
87.5887
86.2168
86.1213
86.056
86.3158
86.2115
84.2669
84.3773
85.0185
83.1978
82.1933
81.6353
81.6636
83.241
84.1566
86.0143
86.3848
86.2684
84.7237
83.7621
83.528
82.7297
82.6362
81.8293
82.2609
82.982
82.5315
81.3256
81.7983
80.2351
79.6054
76.1991
74.8844
75.7683
76.7197
76.3868
77.6197
76.9402
77.9147
79.566
80.1068
77.7226
80.0167
80.0237
82.7098
81.42
82.1656
81.5179
81.2038
81.9609
81.7031
82.3854
81.2252
80.3176
80.8135
81.0818
80.3421
79.6264
80.3171
81.2086
80.3347
79.9766
80.5034
79.9332
78.9141
78.9341
80.0003
80.5201
79.6992
78.7732
79.5069
78.3536
78.3243
76.6423
77.3784
79.5282
79.354
79.071
80.342
80.9732
81.8421
82.1806
83.2987
83.5031
81.5482
80.6065
79.9684
78.0587
77.4004
78.7366
78.614
76.4444
75.9526
76.1869
76.5872
77.2768
76.4551
76.6153
75.9505
76.1181
74.754
75.724
75.6028
75.5082
75.9276
75.0614
76.8493
75.4906
75.3467
75.7419
75.5387
75.1808
75.6765
75.4927
77.2719
78.9457
79.6788
80.1416
81.0122
80.0076
78.9686
79.0585
78.8226
79.9868
80.0628
78.8429
78.9357
77.8741
77.9714
77.5045
78.279
77.8184
77.3314
76.9848
77.2324
76.4826
76.451
74.5303
75.1958
77.0514
76.4611
76.6359
76.0873
75.7783
74.9663
74.7814
75.8018
75.743
76.1328
77.0414
77.6823
75.9128
76.0251
76.4942
77.2327
76.0374
74.9588
74.5496
75.9999
75.7656
76.4219
75.8746
76.2161
77.8465
77.9878
77.9401
78.1529
76.9149
76.8141
77.6337
78.6718
78.0098
78.0799
77.8215
