99.0445
98.8569
96.1094
93.8075
92.7374
93.9668
93.5102
92.5216
94.3598
93.6469
91.4226
91.5365
91.8236
91.0089
92.3482
92.5399
95.6264
96.1595
95.4392
95.8968
97.2212
98.6796
96.1301
94.8426
96.2269
97.2542
96.6118
97.7484
97.5612
98.497
99.4696
99.6156
101.093
95.7369
95.9011
97.2217
96.6731
96.0223
94.7496
94.2913
94.5863
95.0367
94.6386
96.145
95.4053
94.6071
96.085
96.3746
96.1115
96.573
98.5684
98.3543
96.4619
98.2554
96.4036
96.395
97.3749
97.7655
98.2218
97.7996
97.9031
96.1169
96.6441
95.7544
94.8489
96.153
99.3539
97.6871
97.4813
97.3418
98.843
100.665
99.6814
100.473
100.759
99.0298
100.677
101.294
101.193
99.2322
102.182
102.075
103.541
104.178
104.672
104.179
102.407
101.454
101.124
100.996
99.735
99.0797
99.8395
100.193
99.967
99.1872
99.6811
101.378
101.455
101.566
100.75
100.383
98.5046
98.2338
96.7772
93.7723
94.0514
93.4296
95.4767
96.8281
95.9814
95.1457
96.0532
97.1284
98.3171
96.595
96.3481
96.8611
96.5959
94.0008
95.8139
94.8029
94.0682
95.4833
97.5033
98.0239
98.0402
98.7997
98.9026
96.4805
95.4885
94.807
92.3282
92.5953
94.8206
95.5111
94.5084
92.2696
91.9829
92.8396
92.7018
90.0106
92.9486
94.7911
93.9645
93.6539
95.1348
93.9894
93.6008
93.982
93.9656
93.8437
93.1909
92.4409
91.1872
92.3152
90.7458
90.9942
89.7595
89.0301
91.166
90.8867
88.6291
89.4547
89.4103
89.4693
88.3513
90.1382
91.0446
91.6236
92.4494
93.508
94.0047
95.1671
95.5314
95.4082
96.0393
95.3072
96.109
95.9325
96.1672
95.4031
96.4336
94.8681
97.1024
98.0761
95.719
97.4872
96.6759
98.894
97.6348
97.5168
98.3159
100.144
100.272
102.307
103.446
102.443
101.659
100.95
102.236
102.457
103.054
103.437
103.865
103.615
103.705
104.423
103.561
103.366
103.19
102.835
102.577
101.254
100.7
99.2938
99.5339
98.6696
96.9838
95.601
94.862
94.8237
95.6252
95.2842
93.6416
95.8523
95.1183
95.7496
95.0289
95.6143
97.0308
97.8985
98.2662
98.0472
98.5545
97.5287
96.4786
96.8548
95.6837
96.735
94.7959
96.8195
97.0772
96.0642
93.7895
93.7818
95.4163
96.3718
94.6606
96.4955
97.684
97.1858
94.0389
93.649
95.2753
95.811
93.4807
93.1285
94.4702
93.2354
92.3311
92.3644
93.2283
95.4406
95.046
94.463
96.7611
96.7135
96.8567
94.7339
92.051
93.087
96.5267
96.0425
97.4589
98.0937
98.8977
100.206
99.0415
99.5663
101.54
101.357
103.422
105.382
106.196
107.209
105.676
105.922
103.73
103.429
106.297
102.668
102.367
103.237
103.587
104.339
104.644
106.042
106.022
104.003
106.108
107.831
106.982
106.984
109.368
108.556
107.863
107.838
105.457
105.843
105.698
108.105
104.92
104.975
103.95
103.228
103.401
102.689
99.6661
98.5021
98.2024
98.9756
98.0047
98.6113
99.8007
100.773
100.729
103.081
103.215
102.34
104.394
101.246
100.368
98.9547
98.9693
99.828
100.856
100.38
98.6696
97.7725
98.4855
99.5636
99.7959
99.5649
98.0527
98.6779
96.1564
95.956
95.5432
95.0965
93.542
93.6847
92.7605
91.509
91.2224
90.4762
90.1015
89.9697
89.8098
88.7528
87.603
86.6031
88.8277
86.8653
87.6608
86.0253
86.3946
85.6312
86.438
86.5692
86.0555
87.3967
88.0499
87.1491
87.5106
87.9398
88.082
89.142
89.3018
88.5328
88.8628
90.6694
89.4565
90.1742
89.7684
90.6983
90.2247
90.4356
89.937
88.9589
88.5921
86.173
85.3707
85.8274
87.609
87.2815
86.2637
85.3698
83.6978
83.7242
84.9274
84.5696
84.7493
83.9201
83.8174
83.3628
83.67
85.104
85.7187
86.1461
86.7151
85.5181
86.8343
87.261
86.719
87.1309
87.0813
86.7487
85.7289
83.5041
82.2602
80.7462
81.0878
81.9369
81.8217
81.1745
81.8986
83.793
83.9404
83.726
85.6328
83.7259
84.1973
85.4978
84.3399
84.2912
85.978
84.8752
85.6434
85.7792
84.2103
82.8314
82.2439
82.5123
81.0041
80.8331
80.6092
82.0844
83.5128
82.267
84.518
84.3499
82.8382
82.8435
84.2508
83.5633
82.9228
83.8239
83.1078
83.4393
82.6009
80.2079
77.7071
75.8378
74.4689
74.5063
73.7104
73.7883
73.4306
72.4115
72.4636
71.5059
70.5406
69.7397
72.1995
71.4736
71.5388
71.2153
70.3522
69.9584
69.7825
70.2104
70.0561
70.4172
70.7341
71.514
70.7763
71.8499
71.8186
71.7305
70.5648
71.7731
70.6679
70.3433
69.6296
70.1674
70.3812
69.4906
70.5162
71.1114
70.5545
71.1657
70.7904
70.4679
70.7903
70.7755
69.7514
68.9042
68.87
69.4503
71.214
70.7814
71.7555
72.5461
73.3893
72.3635
73.9938
73.1889
73.0459
72.3428
73.0934
72.4953
72.9696
75.0931
76.6401
77.1035
78.4092
78.0886
78.6742
77.9778
79.4521
78.8732
79.9362
79.5487
81.2738
81.6086
82.2822
83.0557
84.8692
83.9084
83.9876
85.3521
83.2857
82.2857
81.4059
81.0824
80.53
80.7951
81.2765
82.383
81.9041
80.7927
80.4696
79.5348
80.7971
80.7564
80.4907
80.3332
80.5088
80.9468
82.4639
81.4348
79.7424
80.4345
80.5322
79.303
80.8904
81.2046
81.134
81.611
81.2846
81.2478
80.7881
82.2538
80.5288
80.8977
80.5958
81.5974
80.6739
81.3383
81.2073
81.9468
81.9696
80.6651
80.7162
81.2789
81.3456
80.5801
80.7943
81.3753
81.9682
81.6368
81.845
82.1287
80.9812
80.1526
79.7906
78.8581
79.9305
80.9905
