100.048
99.2324
99.5606
99.7972
101.235
98.9067
98.5979
97.9824
95.7597
96.1432
96.5932
97.2475
97.7569
99.1182
98.1628
97.0509
99.5635
100.143
99.5451
98.015
98.5513
96.9364
99.7719
100.516
101.262
99.6277
98.2759
98.3554
98.0729
99.7576
100.3
100.34
99.7804
99.3093
98.6231
99.2643
100.66
100.739
101.442
102.253
102.496
103.273
102.87
103.305
103.101
102.886
104.487
104.416
104.029
103.773
102.861
103.587
102.383
105.362
105.431
105.277
104.153
103.404
104.034
104.869
104.781
105.478
105.453
106.315
106.221
107.763
107.039
107.09
108.906
108.142
110.554
110.559
111.2
110.112
109.986
109.979
107.787
108.155
109.289
107.175
106.293
105.241
106.856
108.114
111.105
112.112
112.12
111.121
111.677
112.648
111.171
111.868
111.948
106.729
105.553
106.536
104.92
102.837
101.177
99.6232
99.713
99.623
100.889
102.912
103.326
101.941
100.979
100.94
99.3272
101.091
103.486
104.625
103.457
103.036
103.156
102.275
100.55
100.045
100.016
98.4764
97.062
98.2249
100.331
99.3946
99.9844
100.173
98.7697
100.134
98.0612
98.0656
96.371
97.5325
96.8196
97.1627
96.0553
96.0076
96.64
95.653
96.0261
95.6963
96.3866
97.3811
98.092
97.787
98.9902
100.737
101.438
102.892
101.405
100.756
102.692
101.873
102.228
98.522
97.8054
96.7236
97.3834
96.1658
96.6587
98.6363
100.623
102.15
101.752
100.654
102.755
103.673
104.36
106.183
105.775
106.203
106.751
109.208
107.984
109.706
109.234
106.859
106.694
107.696
109.472
110.194
110.394
108.786
112.175
111.159
110.534
112.76
113.717
115.457
114.137
113.558
113.989
112.418
112.366
112.614
110.108
109.831
109.204
109.969
110.515
108.837
110.039
109.611
108.845
106.23
105.894
106.253
105.277
104.356
103.136
104.386
104.643
106.528
103.982
103.893
102.281
102.324
100.442
100.735
99.6246
97.1544
97.2676
97.3855
95.3576
96.8745
96.1617
95.3855
95.6926
97.4766
98.9432
98.3342
101.438
101.101
99.09
99.1751
99.8307
98.38
96.0583
98.6619
99.5111
100.541
100.966
100.758
100.684
99.9183
100.906
100.31
96.7934
95.8488
96.0735
96.2366
94.9841
93.7661
95.188
94.0452
92.059
92.8576
93.7354
94.666
93.265
93.0258
93.0261
91.882
92.2734
93.1142
91.2731
92.7433
93.8675
93.368
93.2273
91.7502
88.7933
89.1351
89.3928
93.0111
93.9291
94.1357
95.321
95.3373
94.4771
94.7661
94.8266
94.8401
94.7418
94.9363
95.1381
95.8788
95.0666
94.0673
94.8696
93.4444
94.3607
95.0309
97.6114
97.7823
99.4232
100.721
101.461
101.958
102.314
101.019
101.522
99.9001
100.994
101.855
101.255
102.08
102.755
104.472
103.891
103.159
101.724
104.055
103.279
104.105
103.027
104.506
104.029
103.71
104.161
104.618
103.998
101.855
101.989
99.2716
100.288
99.5521
96.4455
96.4701
95.4865
96.6546
96.6218
95.0324
95.8774
96.5657
96.5613
96.1434
97.3066
99.2579
99.7752
100.323
100.608
101.545
101.66
101.234
102.496
101.232
101.675
104.959
104.446
104.865
106.095
107.796
105.319
105.079
103.735
102.639
102.63
102.604
103.335
103.554
103.706
102.275
103.339
104.888
105.293
105.973
109.064
107.553
108.275
107.826
108.308
106.075
106.823
106.401
105.665
106.161
107.792
109.394
110.559
114.125
113.506
114.628
112.54
112.592
114.31
115.993
117.57
118.716
116.928
119.022
119.856
120.331
119.447
121.923
120.783
118.468
119.839
119.397
122.85
119.245
118.379
120.357
120.523
120.529
119.958
118.669
119.122
118.281
118.258
118.483
118.735
121.588
119.297
121.806
121.48
120.84
118.68
119.384
120.917
121.53
122.965
120.923
119.51
119.593
118.239
118.115
121.496
121.599
121.942
122.221
123.45
123.603
126.763
128.243
125.514
125.963
122.334
124.084
123.515
123.644
125.829
125.351
125.059
128.275
130.109
130.572
131.9
132.901
129.171
129.363
129.824
129.469
133.843
133.135
132.238
134.842
135.394
137.373
138.476
138.268
138.675
138.983
138.151
137.563
137.627
137.142
138.627
138.044
136.602
138.146
140.776
142.023
145.947
148.565
151.207
150.776
152.746
151.046
152.802
152.153
150.791
151.842
151.617
152.109
154.761
153.133
157.314
157.064
157.102
156.088
160.216
158.9
158.918
162.012
164.845
164.432
162.154
163.193
165.162
165.481
163.852
163.418
162.838
161.528
163.441
160.061
157.989
159.969
159.776
159.15
158.339
155.774
153.725
155.746
158.516
159.406
158.519
158.447
161.859
159.904
162.773
169.298
168.81
170.158
171.797
169.319
169.538
170.063
168.208
171.579
171.36
172.251
170.799
171.452
167.33
168.06
169.685
171.319
170.445
176.585
176.682
174.063
175.784
177.551
178.526
179.287
174.176
169.783
170.26
169.377
169.573
169.079
169.082
167.831
171.136
171.478
169.005
170.257
173.595
174.131
172.916
172.064
168.249
166.977
166.252
162.969
163.683
163.9
164.325
164.486
167.996
168.608
170.972
171.827
171.823
170.353
168.178
169.682
170.799
171.098
171.11
174.122
174.011
175.779
173.107
172.362
171.148
174.563
173.84
173.412
172.939
169.12
168.813
168.508
167.731
166.63
162.653
161.459
162.209
164.095
