99.4376
96.4143
94.6673
93.2354
93.5416
92.8752
93.7388
95.0816
96.1758
94.4254
95.617
95.0095
94.2338
94.3724
96.4709
95.3992
96.4569
96.098
96.2709
95.0715
94.8872
96.1801
96.0609
94.5204
92.8915
93.7177
95.332
94.7968
95.1385
94.0977
92.8052
91.0841
92.6495
92.0878
93.7977
91.9144
93.3212
93.0783
93.5499
92.3457
94.6019
94.9713
94.3623
93.8672
94.0625
93.5132
92.0299
90.0248
90.6573
91.1181
91.8199
90.9104
91.3748
92.6442
94.0321
96.0203
96.1569
95.735
95.4269
95.1547
96.088
95.5649
94.6823
93.7471
93.7363
93.9876
93.4337
94.8123
97.3582
98.1639
99.0181
99.258
98.9372
101.628
100.828
98.2415
98.8278
98.25
97.2133
96.4737
98.7596
98.5306
97.2367
96.811
98.0274
97.0358
97.292
98.187
100.263
101.863
102.823
103.053
103.168
105.034
102.019
98.9192
98.4741
97.8291
96.5937
95.704
96.0312
96.6597
95.6184
95.9198
96.9414
97.3066
99.1155
100.267
98.7196
98.9313
97.9578
95.9411
95.1983
95.3049
93.4192
93.6695
92.8785
91.1983
91.2997
92.4495
93.4895
92.1298
92.7166
93.4755
92.8457
92.4837
95.5538
95.8223
95.9891
98.6071
97.8697
97.1387
97.3252
97.886
97.9136
97.9533
96.2222
93.8623
93.5821
92.9651
94.1316
95.438
93.6006
93.9806
92.1317
90.4099
91.8986
91.1693
92.8867
92.5846
93.4124
91.8952
90.258
88.1068
87.1431
87.5164
88.7058
87.4321
90.4501
91.3274
89.8824
89.5311
89.9312
90.6807
91.7787
91.3673
91.7734
93.4919
94.567
93.3604
91.4301
90.1395
90.4229
91.6522
91.2414
91.5592
93.7068
93.3833
92.6957
91.6523
91.1093
88.4974
88.6414
89.7929
90.3941
91.0841
90.9233
89.3645
88.4395
87.4233
87.4536
87.0096
86.2643
86.7361
87.7193
84.7573
87.0222
88.2778
89.5486
86.9009
87.4017
86.6338
86.3816
83.472
83.4759
81.6886
82.7696
82.6814
82.3602
82.7173
81.2678
81.0662
81.7391
80.9041
81.1443
82.2143
82.6649
82.8496
82.9696
82.6384
83.7165
86.1398
86.633
86.1412
85.4813
85.4741
83.9184
84.2811
83.3079
82.4137
81.7193
81.5104
81.6838
81.7444
82.5018
81.986
80.3794
80.0601
80.0533
79.4869
79.0702
78.719
80.5856
79.3712
79.5984
80.2002
80.8329
78.5901
78.8352
79.3807
78.6528
78.6375
77.5331
78.5366
77.6098
79.1371
78.5639
79.175
78.4501
75.7828
75.9255
75.7591
76.1201
76.0741
76.1601
76.3238
77.6895
76.6073
75.3491
73.6173
73.6914
72.0624
70.8307
71.4193
72.2005
71.2344
71.0306
71.8088
72.0031
72.2755
71.6479
71.3566
71.6658
70.9824
69.2884
68.55
69.6231
71.1898
70.8853
69.5417
69.115
69.394
68.3378
68.3727
67.2458
66.6301
65.7866
64.7742
64.2158
63.0973
65.1332
63.3425
63.9563
64.0652
64.8702
65.3527
65.5733
65.6845
65.8445
64.0701
64.6211
64.0315
64.0213
64.6839
64.1121
63.7458
62.4241
62.1726
62.2838
62.8819
63.1986
63.7166
64.6377
65.5675
64.8655
64.8625
64.137
64.4623
65.0328
64.7969
65.1467
66.269
65.9526
65.6656
65.5338
66.2841
66.0477
67.3548
68.1271
68.137
68.101
68.2429
68.7459
68.8799
68.4089
68.0886
68.6632
69.2615
71.2304
69.5774
69.6867
69.38
70.4983
70.5886
70.7265
71.3014
72.3734
73.3172
71.178
71.6118
73.3206
73.6103
73.8559
73.0602
72.3085
71.3486
70.6925
71.4852
71.5527
73.5779
74.6734
74.7959
74.3451
75.1379
74.8591
74.6373
74.1466
75.2229
75.6862
75.6469
73.9522
74.7852
74.093
74.3191
73.9523
74.9976
75.1942
75.1711
74.4114
74.7089
74.1534
73.6384
74.43
74.796
74.6519
74.8071
75.632
75.92
76.2829
76.5459
75.204
75.0109
74.4264
74.5412
74.7017
75.2612
76.4745
76.9767
78.2236
75.8677
75.5857
75.0859
75.0119
75.5172
75.0845
74.602
73.3243
72.4555
71.8273
71.3576
71.9158
71.5415
72.5631
72.2277
71.5504
72.0681
71.5384
71.729
72.0307
73.6221
75.1254
75.9279
77.0807
76.1952
75.8017
76.7975
77.7215
77.5061
77.2027
77.0956
74.8876
74.3876
73.73
74.5857
75.431
74.9739
75.1838
75.7485
73.4541
72.2591
73.3543
73.5912
73.4551
74.7179
76.528
78.2822
78.8684
81.0231
81.1918
80.1609
79.6288
79.304
80.0438
78.8228
77.9152
79.3897
80.3647
80.8533
81.7739
81.398
81.5502
81.5398
80.9358
80.7474
81.9197
78.6569
77.5188
78.2075
77.0914
78.01
78.2083
77.9087
77.206
77.0802
77.5977
75.995
77.552
78.9622
78.1138
77.2086
75.2349
75.706
75.1913
76.5855
77.0584
77.5026
79.7472
79.4973
80.4787
79.1891
80.1263
79.3437
78.2893
78.0707
77.1662
75.7842
78.1964
77.2373
75.2901
75.1776
74.9353
75.1691
76.7193
77.269
78.3359
78.929
78.9987
78.0043
75.7623
73.9687
73.1244
72.7305
72.6846
72.1925
72.989
72.7306
73.1481
74.496
74.6205
74.3477
74.7044
74.6301
74.3094
75.8566
75.4793
74.3274
76.1639
74.0085
74.5608
75.0846
73.8345
73.7541
73.8372
72.6945
72.2475
71.1421
71.9508
73.4842
72.4924
73.4384
74.6824
77.2374
76.7109
75.1693
74.4599
72.1702
71.5549
71.391
73.157
72.5767
71.5332
70.2591
68.6937
69.5306
69.2132
70.4122
69.8529
69.717
70.3538
70.4216
70.6074
69.7713
69.7201
68.7221
69.0723
68.5986
68.38
67.3946
69.4609
70.1584
69.0988
68.0179
68.4757
68.3098
67.3063
68.1127
69.7723
70.4346
70.3401
69.0854
71.3465
72.4555
72.0785
71.2628
71.6605
70.5048
71.8388
71.859
70.2286
70.0874
