99.7271
100.715
100.569
101.076
100.883
100.464
99.9895
99.2229
101.548
100.642
100.888
101.203
98.6293
99.3299
101.775
102.042
100.076
99.9259
98.5328
97.1726
94.8266
93.6547
93.749
92.3053
94.2144
96.4882
95.7077
94.716
94.5773
95.1013
92.807
94.1126
92.8978
92.2971
92.2059
92.3734
91.6
91.6702
92.5972
92.3734
90.1185
88.9481
89.8735
87.102
85.8181
84.571
83.5323
82.6815
82.7412
81.2325
81.4387
82.8401
83.7426
84.2266
86.3213
87.0546
87.3952
88.9396
91.8788
91.571
90.8125
90.8463
91.2246
90.763
88.2968
88.7365
88.8453
88.2722
89.2632
90.6836
90.4778
90.2774
89.4905
88.8458
91.2247
91.3599
93.6796
94.5188
92.9043
93.1757
92.5879
91.4573
91.7883
93.1712
93.6155
93.6306
93.5359
93.6124
92.9066
91.8127
91.0319
89.3082
88.3103
88.546
85.5734
85.1856
85.787
85.7525
87.004
86.3594
84.1346
85.2707
86.5918
86.7077
86.4699
86.3402
84.9378
85.6928
87.0937
87.6473
88.2234
87.5809
89.1068
88.0408
88.5928
91.1613
89.7723
89.3213
88.3022
88.7302
89.9665
89.3234
90.8678
91.4952
89.9747
90.398
90.8256
91.8888
90.6471
88.8137
89.6145
90.7762
91.6179
91.4271
90.1697
92.2773
91.7365
89.5222
90.323
89.3247
87.7703
87.7048
85.8325
85.1115
85.6506
85.1892
84.8933
83.37
82.4364
81.4357
81.4483
82.9236
82.2074
84.0907
84.8792
84.5275
84.2227
85.3912
83.5596
84.1844
83.5446
84.3973
83.6437
82.8751
82.9416
82.4867
82.6807
84.2929
84.1826
83.4471
83.0245
84.0465
84.5549
84.5756
85.5779
86.331
86.7572
86.9377
87.0529
85.1049
84.8374
84.2954
83.2415
80.8731
79.8962
80.3365
81.4504
83.797
85.411
86.1371
86.8328
87.0216
87.0662
86.4245
87.9043
88.4356
88.6663
89.9285
89.7904
90.5417
92.7265
91.6765
91.7919
92.7166
93.455
92.7159
91.7877
92.7298
95.4888
95.0623
93.4477
93.488
91.3589
93.3683
95.2498
94.8095
92.6906
94.0121
92.1954
91.5876
90.7673
90.159
89.8113
89.4554
89.3838
88.6274
88.7417
87.9191
88.4494
87.8416
89.0386
87.3957
88.4657
89.2572
90.631
91.7377
90.3868
91.3307
91.4617
93.1127
93.8349
93.8771
92.8928
92.9452
92.7755
93.261
94.7116
94.3395
94.9712
94.6047
93.3679
94.3862
96.3931
97.1748
98.1637
99.3667
99.6786
98.9495
97.474
96.6876
95.1989
93.3399
93.4878
93.5933
92.6069
91.7278
92.5338
91.7032
91.3385
91.0957
90.9836
89.6371
88.9181
89.5759
90.2994
89.538
88.8781
89.756
90.1294
89.0584
89.2331
87.4846
87.6913
87.0494
85.9282
87.5507
87.8309
86.8817
87.4985
86.4546
84.4254
82.9556
82.5123
83.1196
82.7944
82.5683
80.9763
81.1671
80.9553
80.9837
81.8022
81.3681
80.2018
79.4992
79.9584
78.0387
77.2548
77.4161
78.2954
79.5234
79.3948
80.6201
80.0965
81.8755
81.6482
82.3494
81.6395
81.4248
81.143
81.2273
82.1272
82.5733
82.4768
83.3157
83.4721
82.964
83.8169
84.8924
85.7511
85.0804
84.9503
84.6198
83.9077
82.8835
83.5804
82.728
82.7476
82.8855
85.4761
85.2533
86.4663
87.8814
88.9464
87.4962
87.5642
87.3963
89.7156
89.7602
88.2199
88.9512
88.0014
85.4782
84.2945
83.901
82.7018
80.9756
82.0332
82.4616
84.4677
83.7368
82.3198
83.6222
81.8979
81.4023
81.0123
81.3321
82.0186
82.9901
83.1456
83.1263
83.0419
82.8736
81.066
80.696
80.812
81.7232
81.3793
82.6487
81.8754
80.7613
80.5871
82.1883
82.5457
82.0114
80.7806
81.0687
81.8838
81.8061
82.6806
82.9788
81.2283
81.9504
82.6975
84.0315
84.3886
83.8337
85.7138
82.9781
82.3671
82.8168
81.8066
81.2293
81.3579
79.8998
76.9029
77.7999
77.2757
76.9849
78.3833
80.5284
79.4842
80.0403
79.8798
79.315
79.5944
79.1931
78.2565
79.1691
78.9483
77.8035
77.1967
78.6172
79.321
78.6049
78.8987
78.3506
77.8564
79.2461
79.5114
78.3293
77.3321
77.2909
77.4088
77.9642
76.924
77.2216
78.3056
78.9234
78.1141
78.5488
77.7831
77.1612
78.7171
79.3362
79.9836
82.3902
83.1049
84.3029
82.1809
81.9597
83.8693
84.2136
82.3042
80.8308
79.7946
79.3323
79.7811
80.3851
80.6715
80.8374
81.4652
81.1518
83.0049
84.0448
84.6286
82.1623
81.2835
83.2003
83.0278
82.2464
81.4378
84.1484
83.1961
82.6233
81.8257
81.9473
81.9667
81.4323
80.5879
80.859
80.8766
81.3728
82.3032
81.6365
82.157
81.1464
80.7852
80.7905
80.3326
81.9262
80.0935
78.1557
77.3994
77.6102
78.3911
77.4231
76.7773
75.0991
74.3817
74.1697
74.3947
73.2575
72.198
71.7531
72.0423
72.4918
73.7132
74.546
74.0143
74.0789
74.6382
75.2697
75.8792
75.7708
75.3401
76.8028
75.8155
76.122
74.9776
75.5982
75.6561
76.3818
76.2941
77.0265
79.7395
81.1983
80.2525
81.1663
81.057
81.4237
82.6192
83.7814
84.4753
84.2653
85.2453
83.8164
82.6951
81.7513
81.3298
82.5341
82.87
86.3491
86.5439
85.3967
83.8077
84.6867
85.6864
85.6253
86.5011
87.7072
87.271
87.4354
88.0236
87.3583
87.3395
87.422
87.5366
87.8138
87.3607
86.5757
85.9177
85.3404
83.9578
84.6237
86.7789
86.6617
87.8649
87.2668
89.3189
89.829
89.3203
87.9275
88.0321
87.6559
85.7604
84.8474
85.9755
87.3428
87.2012
87.2849
87.2059
88.3974
90.5411
91.9947
91.6227
92.0117
90.7804
90.8702
91.1281
92.6155
92.5015
93.0705
94.7949
96.152
98.9511
100.379
100.36
98.2173
97.5098
97.298
