97.212
96.1737
96.9937
97.0398
97.8591
99.4869
98.9481
98
100.19
99.6445
100.967
99.8014
99.4249
99.3833
98.0732
97.9509
95.8697
96.8686
98.6332
98.4435
98.7784
99.7033
100.324
99.6789
101.532
101.59
100.525
99.4284
99.8675
98.4546
97.0141
98.1934
99.3218
100.087
100.766
99.6222
99.0586
100.347
99.1817
99.7615
101.171
100.6
100.761
100.009
101.423
101.65
102.964
102.417
101.727
103.773
103.968
103.306
104.661
104.749
105.932
107.236
107.673
108.828
109.775
112.627
112.628
113.517
112.501
113.296
113.721
114.366
115.499
114.05
113.488
110.185
108.258
109.579
105.727
107.983
108.847
109.479
110.36
109.699
109.17
109.935
111.088
110.567
109.25
110.681
112.535
112.617
113.811
113.585
112.389
111.067
112.597
113.955
114.163
111.783
112.022
112.316
110.456
108.729
109.707
110.966
111.868
110.766
110.762
111.284
111.193
110.414
109.856
112.291
116.356
117.979
117.723
118.5
118.546
120.849
121.275
122.544
121.086
121.136
119.54
119.431
120.42
122.445
122.616
120.126
116.572
116.049
116.897
114.891
114.086
116.348
113.819
113.008
113.729
109.333
107.679
106.093
104.347
102.393
100.069
99.1553
99.0613
97.6239
96.9642
95.4232
95.2905
95.9901
96.2017
95.6708
93.4808
92.0022
92.7111
92.2989
92.1883
92.5414
92.6322
92.8482
93.4651
92.3019
91.346
90.8991
89.8789
87.4475
88.3117
87.8756
88.6304
87.9341
86.3635
87.7431
87.6596
86.7884
87.4021
85.4479
83.9789
82.6058
83.1034
84.6041
85.4473
83.715
82.5405
82.8866
84.2703
84.8357
85.7548
85.9006
85.2944
82.654
82.4775
81.1724
81.602
80.9252
80.4541
79.949
80.0115
79.2804
79.1092
77.9522
77.6106
76.5105
75.5813
76.2218
76.1741
76.9301
76.5188
76.3696
76.2763
75.2606
74.7198
73.7267
75.0384
75.8798
74.5985
75.1203
74.9053
73.1156
73.5766
72.5676
71.3607
70.8039
71.6558
73.1717
73.076
71.7509
70.7764
72.0797
73.0543
73.1732
73.8529
73.09
71.2528
70.377
70.768
69.7494
70.2689
69.6475
70.0636
71.5654
70.0909
69.37
70.0443
71.0858
72.0227
72.6973
71.7991
71.2251
69.791
68.8728
68.7286
67.9816
68.7748
69.682
69.7904
70.1076
69.8526
70.8925
69.1717
69.4625
68.9176
69.2549
70.3078
68.947
69.2018
69.189
70.1348
69.1823
70.2203
69.8383
69.1653
69.1797
68.9408
69.1305
68.2383
67.3957
67.8526
67.9762
67.0652
67.6114
67.6706
67.6011
66.2409
67.6291
67.6537
68.452
69.6138
68.6677
69.4089
70.0098
70.0194
69.8452
70.894
70.6953
69.6798
68.7462
69.2548
68.4545
68.2453
67.1466
67.5049
68.2994
67.0804
66.7649
65.2887
64.7406
64.2504
65.6226
65.2113
64.2711
63.9919
63.6285
64.9041
65.9407
64.5974
65.7632
65.7672
66.5922
67.4652
68.1598
69.4498
69.2107
67.0299
65.5886
64.7908
65.126
64.9063
65.018
64.8159
65.0887
65.3095
65.7498
65.3583
66.9816
67.359
67.0049
66.8213
65.9479
65.8497
66.551
66.2494
68.1613
68.7273
68.1773
67.8073
68.2488
68.2959
68.5177
66.1867
66.0833
66.1791
66.0599
65.7122
65.9472
65.6447
65.617
64.6677
63.7949
62.9088
63.5987
63.4008
63.8495
63.7585
65.3647
66.1446
66.0375
66.9825
67.0868
66.4274
66.4806
66.3662
65.3865
64.7348
66.3178
66.8617
66.9348
67.6232
68.7132
68.8666
71.3894
71.2612
72.2618
72.1099
70.3182
70.1099
71.4221
70.5975
72.1472
71.1225
70.815
71.5216
71.9094
73.2046
73.9447
73.2536
72.0714
72.0828
71.8105
71.1903
70.4442
72.4431
74.1901
74.18
74.1566
74.1037
73.2342
72.1873
72.6755
71.8932
72.5286
72.0508
73.1625
72.1674
71.9783
72.638
71.1167
71.4327
72.1603
71.1434
70.3591
70.3048
70.0902
70.8538
71.5915
73.4216
73.0998
73.4277
73.5204
74.6338
73.2733
73.3936
73.0686
73.0791
73.2862
74.4996
74.7447
75.5378
74.9141
76.2018
77.9547
77.5022
76.6444
77.5113
76.5024
76.0726
76.3109
76.1496
75.3229
75.0613
75.2555
75.9963
77.1539
77.533
77.4526
78.2442
78.9408
78.9103
79.4131
79.1343
78.3263
78.9093
81.2029
80.6906
80.9021
81.5626
81.7221
79.5692
77.6567
77.9772
77.7733
76.5378
75.4887
74.8278
75.087
74.6179
74.67
74.4617
74.4479
74.2511
73.8637
73.3686
74.2084
71.9099
71.958
70.7047
71.4457
71.0676
70.8992
70.7583
70.9154
69.494
67.6878
66.3642
66.7549
66.9923
66.5144
66.3591
67.4738
67.0731
66.7241
66.044
65.3334
65.4975
65.5472
66.7757
66.6416
67.4062
67.2852
68.0563
68.0196
68.6755
69.125
70.3258
68.2055
68.6488
69.1311
68.3659
66.5986
67.2857
67.4971
67.6561
67.9477
67.8215
68.8376
67.2737
66.3271
66.7546
67.1519
66.7732
67.2604
67.2894
67.017
67.4849
66.7984
66.7077
66.1984
66.356
66.471
66.2579
66.3923
65.9854
65.7713
64.8142
65.1691
63.8116
64.5015
64.8377
63.3174
62.5613
62.4774
61.7611
61.8499
62.45
61.873
62.3868
63.3394
63.9458
64.7886
65.0822
64.6298
64.2966
63.5595
63.53
63.7373
63.9372
64.0913
65.4472
64.6519
64.7561
65.4671
63.9849
66.2291
66.3281
66.1207
66.1404
65.6454
66.0711
64.3348
64.3977
65.8983
66.055
65.5511
65.9034
66.0745
65.0406
63.7955
62.7203
62.404
62.5667
62.5715
63.544
62.639
62.2765
62.2049
62.5605
62.9268
62.5
62.7752
62.7619
62.8992
62.2894
61.4614
60.6871
60.8322
