102.671
100.669
99.2165
99.3834
101.378
101.786
100.433
100.966
100.553
100.032
99.585
96.296
96.2652
95.4479
93.7502
95.2042
95.5267
94.7339
94.5544
92.6778
92.5635
92.6344
94.1586
93.3665
92.4688
94.1042
93.6059
92.2841
91.4264
90.1315
90.4463
92.6119
92.6033
92.0546
92.987
94.3099
93.8315
96.1233
97.7224
95.6524
96.228
94.1503
94.7404
95.5711
96.713
96.4922
98.2462
100.19
100.81
99.0439
100.189
100.624
101.376
102.316
104.24
104.901
106.071
103.927
104.004
102.085
100.691
102.567
102.302
102.112
100.267
101.576
102.807
102.559
99.5202
98.8918
98.9215
97.4465
96.0847
96.3169
96.9166
95.4712
98.01
96.7496
97.3774
96.2141
96.9281
97.0717
95.5391
93.7278
90.6682
92.278
92.9305
92.3019
92.01
92.6664
91.1013
92.2704
91.556
90.3243
90.9788
90.8902
92.4796
92.9382
94.6848
96.1928
98.0571
99.6977
101.586
102.031
101.726
102.133
103.322
101.126
100.88
101.261
100.705
100.86
102.44
100.995
103.919
106.075
107.086
107.504
109.783
109.785
110.513
111.379
113.135
115.916
115.545
115.675
115.006
110.516
111.117
112.365
111.172
112.284
112.192
114.57
111.014
109.416
108.475
109.027
108.855
110.307
109.443
108.18
109.329
110.559
110.03
108.417
107.722
108.821
109.185
108.8
109.158
110.994
111.156
113.004
112.096
114.063
113.738
113.565
114.381
114.014
116.309
116.683
117.753
118.265
117.195
115.904
116.867
113.974
113.84
113.981
116.013
117.839
119.981
121.027
120.636
120.754
119.916
118.82
117.947
120.887
122.576
122.087
121.424
121.35
123.874
124.305
123.706
125.193
124.481
122.175
122.413
121.287
120.89
122.573
120.496
119.622
118.907
117.449
117.24
118.206
119.389
119.602
118.428
115.6
114.877
116.432
116.794
116.444
115.687
116.634
118.272
117.297
116.451
115.462
116.233
117.947
116.939
115.958
114.209
114.981
115.231
113.557
115.829
117.081
116.199
116.206
117.207
116.712
117.114
117.772
119.848
119.042
119.669
118.148
119.556
117.957
121.731
123.077
124.631
125.849
123.283
122.132
123.91
122.241
123.793
125.939
124.474
124.302
123.628
122.975
120.854
123.263
122.939
118.493
115.457
113.395
114.241
114.259
113.713
111.825
113.334
111.681
111.41
108.374
108.608
106.356
108.054
104.135
105.149
103.833
103.602
105.322
106.113
105.491
103.826
102.626
101.631
101.247
103.222
103.849
102.223
101.781
103.174
104.554
104.615
103.846
104.102
104.418
106.155
107.755
107.2
106.721
105.167
107.027
107.579
107.877
108.025
110.06
112.208
113.755
114.772
112.294
113.262
114.338
114.6
114.162
114.92
114.196
115.243
114.051
112.63
112.568
111.607
110.412
113.321
112.016
111.872
112.103
116.265
117.416
116.891
117.206
118.052
120.895
118.348
118.273
116.209
115.331
114.778
113.477
111.023
107.911
106.219
105.979
105.148
103.132
104.521
102.631
101.16
98.1277
99.8577
100.119
101.272
103.125
105.094
102.192
99.9256
99.8446
98.954
99.4091
100.323
101.682
104.118
104.275
104.198
105.843
103.807
102.614
103.269
102.545
103.213
100.922
99.9112
96.8917
95.4524
98.058
99.2656
98.2542
99.1105
99.6078
97.6665
98.269
98.8287
98.019
96.0743
97.4259
96.5681
99.0593
99.2392
98.0974
99.0561
98.929
99.393
97.3981
97.8735
98.363
99.0307
99.7495
98.7478
98.1951
99.2898
97.753
98.1184
98.2888
97.9092
99.2434
100.237
99.3249
99.2729
99.3144
101.243
99.5939
100.667
100.391
99.8559
97.7217
95.4578
95.4896
95.3974
94.893
96.1258
94.4862
93.6336
95.7663
95.1474
93.2886
91.6591
91.0906
91.3805
91.8371
94.4596
95.2372
93.5163
93.1326
92.7835
92.9235
92.8971
92.8933
92.8624
90.8656
91.9504
92.115
92.0037
92.5324
91.4921
91.0542
90.5807
90.5264
89.4041
89.2583
88.5699
87.9636
88.7169
89.7129
90.6827
91.7903
90.2422
92.2495
91.4581
91.1461
92.8959
94.3101
95.707
95.0124
94.6963
96.4055
96.4464
96.7958
98.7023
99.4366
101.583
102.564
99.9403
100.651
100.249
99.7654
99.4491
98.1529
98.9444
99.0073
99.3628
98.7159
97.8186
97.052
96.0461
94.1306
92.5575
92.3502
92.231
92.3977
94.6223
93.9176
94.7874
95.1782
96.9088
97.6517
97.04
96.6561
97.3202
97.6884
97.7639
97.8561
96.5593
97.1527
95.4731
93.7239
93.6238
92.7303
91.6923
92.282
94.8769
95.7423
94.7912
95.5924
95.1205
96.5132
96.2381
96.5251
97.9884
99.0321
97.9275
97.3647
96.9474
96.6364
95.1247
96.7257
97.7809
98.4631
98.4373
97.4869
96.7744
97.4738
95.5323
95.5049
95.9686
96.3869
98.2942
100.339
101.536
102.119
101.863
102.131
102.744
102.262
102.306
99.7859
98.0348
99.5873
98.9059
98.8599
101.107
102.32
104.157
106.794
105.088
106.49
106.752
106.007
106.099
106.832
104.998
104.367
105.437
107.271
106.262
106.732
104.679
105.301
105.431
105.888
105.847
106.115
106.506
104.518
106.778
107.708
110.104
109.081
107.02
107.928
108.287
108.772
109.085
108.988
110.709
110.158
111.224
111.055
109.968
110.904
109.012
108.414
109.547
108.03
107.799
106.103
104.921
105.12
106.956
106.646
107.714
106.248
105.748
106.625
107.256
105.5
106.397
106.807
106.982
108.191
