100.192
101.379
101.363
101.642
101.761
101.956
102.037
101.731
103.222
103.832
104.67
103.568
103.346
102.759
101.631
100.847
99.0042
98.766
98.2556
97.4143
98.457
98.8773
97.5492
97.5764
96.2919
95.8486
96.7685
95.6016
96.5225
96.0169
96.3208
94.9435
93.9089
95.0342
95.084
94.717
96.0521
96.5374
98.9677
99.35
98.6028
100.618
100.954
102.063
102.595
103.38
104.317
104.319
104.234
103.331
103.068
102.128
103.596
103.744
102.446
103.089
104.942
106.795
108.151
108.384
109.488
109.779
110.857
110.806
111.425
112.144
110.597
111.281
111.383
109.483
109.11
109.946
109.634
106.525
107.312
107.315
107.233
104.864
104.666
99.5521
97.4838
97.5342
98.6811
97.616
99.9726
100.558
102.648
102.267
102.732
100.983
100.758
101.843
102.035
101.9
100.936
101.906
103.468
102.808
103.838
104.941
104.014
101.736
99.3952
97.4974
96.697
95.526
96.5736
95.5345
94.2299
91.4904
93.9266
95.4712
96.4301
97.1266
97.3035
97.0673
96.9229
95.8146
95.3144
95.5361
94.872
94.1363
93.2453
93.7325
93.9731
95.0963
94.0026
93.327
92.3778
94.3087
93.1652
92.9158
92.2171
90.8644
90.7139
90.3386
92.2932
93.2929
93.2817
95.1326
95.4862
95.3494
97.3933
98.1231
97.9518
98.0578
97.832
98.1053
99.0725
99.8401
102.73
101.645
102.79
99.1954
98.0791
97.0806
98.5358
100.958
99.7656
99.2994
96.7408
96.5592
94.7222
92.7917
93.6399
95.9732
97.1449
98.9681
100.058
98.8483
98.2738
98.5114
99.9541
99.7878
99.5113
100.653
100.202
100.741
102.334
101.919
100.876
98.7793
99.6351
101.391
102.774
101.582
100.205
99.894
98.315
100.281
102.72
102.961
103.504
103.195
103.431
104.586
105.785
104.086
104.62
103.728
104.015
103.799
103.48
103.714
105.98
104.266
105.773
106.092
105.218
102.553
103.026
103.658
105.058
102.498
102.248
103.058
101.226
101.252
102.55
105.879
105.818
106.002
106.385
104.906
104.573
104.75
105.187
103.36
103.076
104.275
103.269
103.44
104.088
103.172
104.37
103.166
104.203
105.802
103.946
105.397
104.7
107.064
106.362
107.103
108.297
106.172
106.889
107.999
111.84
113.787
115.589
114.5
113.661
112.71
113.674
113.637
115.664
116.209
116.369
114.968
115.361
113.312
112.459
112.484
111.965
111.944
112.737
112.488
114.215
114.671
116.293
118.581
120.698
122.244
120.355
117.582
119.67
123.592
126.492
124.126
124.128
124.034
123.003
126.142
129.313
128.099
127.164
125.715
126.84
126.379
123.652
121.438
122.753
120.794
119.247
117.077
116.059
116.201
118.195
118.041
115.741
117.271
118.324
118.605
117.949
116.8
119.664
120.35
122.513
121.294
122.381
119.961
118.29
117.721
116.702
116.249
115.964
115.927
116.899
116.827
119.38
119.28
117.255
117.613
116.834
116.351
117.222
116.968
116.191
117.914
119.131
117.978
115.421
118.244
116.433
115.307
118.167
117.785
118.739
121.037
120.636
120.678
119.351
119.114
120.852
118.022
118.002
118.074
116.426
114.336
112.926
113.497
113.479
113.853
113.792
114.762
115.969
114.245
112.381
111.259
110.344
108.378
110.545
112.215
111.279
111.145
109.189
110.653
108.556
108.524
107.645
106.766
105.899
105.368
106.391
104.41
101.378
101.43
101.98
103.121
102.682
102.042
102.631
101.004
99.7236
98.4515
97.1939
94.7897
92.1216
93.2569
93.9335
94.343
95.2698
95.4442
94.9295
95.8928
97.0338
95.1701
95.5429
97.0547
98.4817
98.3366
99.3927
100.087
100.793
102.694
100.746
101.105
100.825
100.111
98.9733
100.311
100.121
99.4638
99.2619
99.2213
99.2588
99.9322
101.74
101.127
102.456
104.442
102.443
101.332
99.491
98.936
96.7324
96.2117
96.8025
97.1415
96.9887
97.445
98.7589
96.2275
97.1216
98.1855
96.6771
96.2956
96.0561
95.752
95.5789
95.508
93.6978
91.7403
93.7826
93.4868
92.999
95.1129
93.9367
95.0202
96.6834
98.2916
98.4009
98.6959
98.5792
96.6411
96.9875
97.0939
96.8671
97.7548
98.1599
100.303
100.449
101.524
103.141
105.712
105.319
104.313
102.785
104.315
104.775
104.716
104.431
102.502
102.047
103.236
102.792
101.737
101.911
100.334
100.979
102.208
101.518
101.743
100.919
102.044
101.901
102.424
104.605
103.616
104.243
105.176
106.482
106.885
107.333
108.424
107.167
107.673
107.829
109.65
108.456
107.077
105.516
105.332
105.216
103.766
104.625
103.829
102.968
103.149
102.295
101.295
103.572
103.46
102.592
102.807
100.357
99.4048
99.8913
101.46
100.941
102.474
102.194
102.234
101.723
100.207
98.6231
98.1159
98.463
96.5434
97.6907
95.9089
95.1458
94.6368
94.364
95.3982
96.597
94.9769
93.6001
94.7914
93.7978
92.296
92.4371
92.8623
92.5829
91.4152
91.0209
92.1223
94.2734
94.7642
91.6233
90.4047
91.1865
89.7814
90.228
88.8544
90.9283
89.4911
87.135
86.9748
88.5602
87.652
86.3223
86.7423
86.2515
85.8047
85.069
85.0744
84.3337
84.9265
83.6211
83.3016
84.0707
83.3737
81.1397
79.8139
80.876
81.7636
83.8046
83.9732
84.3536
85.0898
86.4399
87.2379
86.1319
86.9276
85.5017
85.3775
86.5608
85.5851
82.5157
80.8058
79.8798
79.9573
78.861
78.6949
78.1415
78.864
79.8936
81.0731
