99.6652
98.94
98.5539
97.3475
99.4693
101.489
101.044
101.805
101.087
99.9083
101.504
101.886
100.076
99.9158
100.07
101.214
100.427
100.42
99.7509
100.814
103.204
102.628
104.138
101.004
102.504
100.204
99.3175
100.418
100.11
100.592
101.702
101.568
102.041
101.047
100.635
100.873
100.245
100.241
101.087
99.5746
99.4444
100.935
102.717
102.82
101.816
99.8694
101.651
102.566
103.517
104.016
107.278
109.306
112.92
113.793
112.425
112.622
114.146
114.995
112.488
111.474
113.583
110.795
111.261
110.414
109.351
108.577
107.302
110.012
110.774
109.764
109.486
109.33
111.139
111.673
110.591
111.815
112.9
112.437
111.611
113.219
113.345
114.453
112.809
112.748
111.821
111.409
113.685
116.104
116.851
117.502
117.462
118.282
116.705
118.818
119.698
118.782
118.503
122.149
123.82
125.816
127.428
126.629
125.535
123.028
123.073
123.412
125.523
126.614
126.052
128.755
128.298
128.708
129.238
128.723
129.838
129.623
130.073
129.287
128.499
128.092
128.641
127.529
126.694
125.224
123.214
121.942
119.603
118.103
117.257
112.932
112.351
110.599
107.652
105.784
105.335
108.254
106.627
106.601
106.332
107.452
107.825
108.347
107.844
108.852
109.258
108.371
105.536
103.585
103.843
103.745
103.811
103.427
103.516
105.367
105.019
104.453
101.793
100.892
100.96
99.7116
97.9917
100.272
101.283
101.515
100.182
97.2363
97.9247
97.8685
96.5033
96.9297
95.4492
95.013
95.1405
93.7894
93.1915
92.7566
93.6059
94.6665
96.3141
95.3873
94.994
95.9635
95.0679
96.3604
97.1411
97.3519
96.3975
95.821
94.8918
95.1578
92.5911
93.007
93.3269
94.4986
95.629
96.8492
98.8697
101.455
102.201
100.757
99.9095
100.494
100.434
100.652
99.8336
99.8079
100.669
100.918
101.36
100.452
99.4018
97.8038
96.4984
97.3682
97.8841
97.4847
98.6697
100.946
101.199
102.788
104.029
103.509
104.543
105.05
105.49
106.45
105.932
106.745
107.409
107.307
107.255
108.65
107.332
108.438
110.471
111.481
111.123
110.598
109.798
110.013
110.127
109.813
107.792
109.996
112.605
112.51
112.478
111.935
111.943
112.119
110.895
111.69
111.558
111.567
111.992
113.406
111.314
111.742
111.822
112.454
110.363
110.82
111.823
112.448
112.582
113.448
115.102
113.946
112.991
112.34
112.386
111.48
108.171
108.922
108.239
108.17
107.162
108.166
108.025
108.476
108.956
107.965
106.124
106.264
105.254
107.018
108.037
107.731
107.56
108.13
109.248
110.939
110.876
110.072
109.564
109.041
108.833
111.138
111.831
109.698
108.388
108.248
108.019
108.146
108.466
111.787
113.147
113.523
114.858
115.635
114.598
116.558
118.245
118.758
116.241
115.711
116.976
117.335
118.463
118.251
118.383
117.677
119.108
117.996
120.137
121.152
119.382
121.601
120.619
119.366
119.983
120.431
122.141
120.999
123.193
123.464
125.008
124.072
122.593
123.449
122.881
121.308
121.929
122.978
123.658
122.503
124.041
124.476
126.435
126.88
128.022
126.893
127.302
126.509
124.952
126.098
125.317
129.212
129.159
128.051
128.708
129.966
126.308
123.466
124.98
121.232
119.262
119.285
119.422
120.66
119.539
121.219
121.527
123.898
122.463
125.545
127.21
127.927
128.613
130.976
129.271
128.373
127.122
124.851
126.668
127.339
128.634
129.215
130.552
135.422
133.533
134.301
133.801
133.753
134.1
135.705
133.884
132.805
130.665
131.397
133.188
132.959
136.199
136.139
135.161
137.022
135.2
133.604
132.087
131.311
130.114
131.441
133.174
135.34
133.355
131.307
133.047
134.82
136.092
135.03
136.295
133.28
134.223
133.007
132.425
134.952
131.953
131.793
133.767
131.749
132.466
130.495
129.759
131.118
131.795
134.58
133.409
131.121
130.714
130.634
124.909
123.465
125.252
124.889
123.628
123.837
126.358
125.243
124.355
124.574
126.048
127.986
127.241
126.517
124.756
124.425
125.167
124.783
122.132
123.632
123.427
127.17
124.305
123.752
126.732
126.547
126.205
124.357
123.493
121.963
120.92
120.005
119.283
118.317
116.781
118.799
121.422
119.366
114.794
113.703
112.181
113.501
112.678
112.665
112.878
111.449
113.494
115.707
115.108
116.108
116.345
116.698
116.943
117.098
118.857
123.847
122.929
123.655
123.982
123.709
119.464
121.341
123.756
121.833
122.365
123.196
122.984
125.5
123.235
123.689
123.764
123.027
124.188
124.622
125.496
126.209
125.49
126.059
128.418
130.942
130.015
126.686
127.211
125.837
126.009
125.2
124.694
124.808
127.21
126.776
125.109
127.455
126.541
124.379
124.649
126.022
124.042
121.406
120.394
121.415
118.657
118.539
118.516
119.613
117.981
117.63
117.396
117.801
118.277
117.614
118.872
119.567
119.248
118.178
116.748
115.633
116.683
118.369
117.695
118.054
117.688
117.912
117.742
119.143
118.885
120.869
120.957
119.895
117.081
115.723
115.381
117.314
115.707
116.683
117.844
120.438
120.574
120.497
120.882
122.807
121.868
123.306
122.782
121.262
121.903
121.908
122.056
123.156
125.267
126.142
123.897
122.693
122.748
120.676
119.767
120.458
119.953
119.332
116.908
114.378
