99.8676
99.9079
98.8905
99.2273
100.204
101.815
103.004
103.465
104.302
103.949
101.286
101.153
99.1646
99.8879
99.5686
98.6591
98.6478
100.754
103.273
104.075
102.341
101.705
102.64
103.093
102.395
101.02
102.123
100.731
102.341
100.795
99.7732
99.6473
101.155
101.811
101.55
102.323
102.239
100.468
100.549
99.1925
97.8475
97.7347
97.9375
97.4265
98.676
98.5486
100.287
102.844
104.67
105.439
105.79
105.881
106.17
108.157
107.381
107.317
106.763
107.701
109.087
111.124
110.175
109.931
109.869
110.275
110.782
109.992
109.155
109.857
111.598
114.558
113.075
114.417
113.796
114.826
116.128
114.719
115.699
116.877
115.587
114.894
114.041
114.409
113.973
114.135
117.516
117.507
116.978
116.393
117.414
115.282
115.912
113.749
113.609
115.008
115.789
114.021
113.302
113.107
114.376
114.688
112.77
114.554
115.529
113.33
114.451
116.019
114.043
114.132
114.51
114.727
114.789
114.998
113.953
112.987
112.36
111.67
113.222
110.899
109.833
109.724
110.469
112.119
111.671
112.676
111.594
111.754
112.827
112.206
113.352
112.334
111.979
111.79
112.383
111.813
112.613
113.091
113.804
112.158
110.067
109.06
108.94
110.794
110.784
109.044
108.348
109.193
108.406
108.332
109.52
110.46
108.597
108.995
109.761
108.866
110.314
113.079
115.352
114.576
116.396
114.888
116.411
116.148
117.845
118.773
119.699
121.366
121.697
120.835
122.923
125.31
124.769
124.604
121.919
121.561
120.63
119.667
119.725
121.648
117.656
117.179
117.908
112.952
111.121
110.918
112.049
111.194
114.923
113.884
113.151
110.46
108.442
109.733
110.763
110.947
111.424
111.633
110.876
109.812
108.298
110.029
113.085
109.879
108.371
108.975
110.547
108.807
108.143
108.571
106.907
107.64
112.238
113.891
113.789
112.502
111.725
111.128
113.391
113.43
114.19
112.757
110.699
108.031
110.026
109.9
110.188
110.652
109.739
107.953
107.138
106.283
106.382
107.912
107.865
107.687
107.515
107.179
108.092
109.877
110.658
109.988
110.767
111.432
114.266
115.854
113.67
113.06
113.997
114.945
117.005
116.221
115.828
115.875
116.829
115.545
115.152
115.679
119.921
121.613
125.005
126.153
125.609
124.953
122.964
121.611
121.425
119.143
116.913
116.22
117.127
116.786
118.166
117.054
116.069
114.568
113.668
115.843
116.056
115.091
115.415
116.964
117.985
117.783
118.862
116.636
116.699
114.84
112.331
112.934
113.951
114.08
113.463
112.747
113.818
114.209
117.015
115.312
115.36
112.896
109.669
108.941
109.536
108.662
109.857
109.908
108.295
105.406
105.378
104.648
104.798
103.223
103.956
104.492
105.767
106.769
107.097
106.774
106.573
106.741
105.431
106.489
108.444
109.73
109.521
108.51
105.912
105.621
106.391
105.324
105.601
103.948
102.883
102.851
102.904
104.083
105.419
107.677
107.605
105.666
105.53
104.586
102.57
102.821
103.682
106.768
103.671
101.928
101.718
102.202
103.031
102.198
100.375
101.401
102.477
100.887
102.507
103.69
102.489
103.32
104.299
104.815
105.195
101.679
100.59
102.068
101.077
102.431
103.454
102.998
103.537
104.166
104.178
101.69
101.291
100.8
102.461
102.223
100.833
101.216
102.123
104.403
104.944
105.664
105.997
104.653
104.061
103.474
103.87
103.541
102.349
99.4239
98.6748
100.938
101.837
101.957
102.197
97.7641
96.4924
95.7482
94.8945
92.9003
96.0766
96.3772
96.5322
97.8655
98.1519
98.2878
98.0098
98.5537
98.0646
98.136
100.443
100.393
101.326
101.445
101.908
102.566
103.214
99.5453
100.738
100.58
99.4176
98.3686
99.6025
98.896
99.4641
97.6067
97.6957
97.73
101.786
103.335
101.383
101.796
100.952
102.648
102.597
102.676
103.804
102.099
100.607
100.806
100.938
100.854
99.3102
100.837
100.219
99.765
98.468
99.1369
98.8174
97.9432
97.5883
96.7633
96.992
96.0852
96.4187
97.7331
94.559
95.0492
94.4368
91.3227
91.1818
91.9204
91.2809
91.6712
92.0936
91.2091
91.1305
91.1043
91.7114
92.8488
91.4705
91.2904
92.7044
94.8476
93.9641
94.5623
95.7781
95.2387
95.4469
97.6555
96.4042
95.6351
97.3199
97.9704
96.7361
97.3933
98.4231
96.8499
97.2587
97.4509
95.5966
95.6232
99.3314
99.3803
99.3907
99.709
98.4596
97.544
95.5061
94.3098
94.3389
94.0924
94.3825
94.3972
94.8184
91.9668
92.0918
92.8283
92.8904
92.7683
92.302
91.7318
92.3763
91.4328
89.3974
88.5322
88.6889
90.7178
90.2919
89.4603
89.5609
89.8698
90.942
91.592
91.6716
91.9356
90.7863
91.4769
92.947
89.4119
88.2652
86.9498
86.2419
86.0068
86.2961
89.2104
90.5539
91.6805
88.4714
87.2637
85.6035
87.8244
88.5557
88.9735
88.6853
89.3969
89.1092
88.0607
88.142
88.9859
89.3511
90.4313
91.395
91.6294
92.0586
92.7255
92.8468
93.6553
91.8737
93.3368
93.6937
92.1394
91.4894
93.0054
94.1231
97.0692
95.1269
93.5942
94.5472
95.5943
96.4433
93.7502
92.2377
93.903
95.7426
97.7131
100.142
100.361
102.461
102.572
101.734
101.444
101.379
100.012
101.254
102.177
103.105
102.307
100.748
101.363
100.561
100.816
100.152
100.458
99.5805
100.218
99.6403
98.1558
99.8888
99.0827
