99.636
99.7859
100.962
101.443
101.1
101.441
102.841
104.961
103.94
104.268
103.348
102.613
101.081
100.888
100.576
99.9452
98.5699
99.7625
101.099
101.176
99.7331
98.0369
98.1955
99.796
101.798
104.201
104.443
105.914
105.803
106.319
105.651
106.116
107.536
108.445
108.066
109.527
107.642
106.171
106.563
107.504
104.46
106.634
107.887
107.737
106.228
107.672
107.975
109.548
110.781
111.408
110.279
110.559
110.74
112.947
111.236
110.489
112.212
113.426
113.39
115.144
113.43
113.345
111.433
110.962
111.114
112.834
112.139
112.593
113.347
111.99
112.24
112.433
112.912
112.562
113.072
112.86
113.04
112.482
113.804
112.968
115.847
116.111
116.433
113.814
111.629
110.524
112.965
111.467
111.537
112.935
112.692
111.856
110.882
110.871
110.247
110.786
108.028
107.095
108.294
109.054
109.221
109.226
111.083
108.418
108.083
107.795
107.607
109.459
106.43
104.471
104.048
104.381
105.675
104.24
103.83
101.891
102.903
101.717
100.601
99.8367
100.763
99.2651
98.3308
96.6386
97.0932
96.9964
98.3934
99.8903
97.1961
95.5981
95.9806
96.7096
94.7992
94.0473
93.241
93.304
93.7168
95.3146
96.0526
98.0528
96.83
98.1203
98.6688
99.2902
98.8315
98.7097
96.5003
96.9324
96.2925
96.3133
97.7953
97.3489
98.3107
97.5771
99.5702
100.85
100.371
99.427
98.2147
98.6671
97.9825
96.5338
94.2399
94.4634
96.0729
96.4446
96.0297
94.4389
95.7967
95.8092
95.4844
97.2564
97.8871
98.6793
95.483
95.3441
94.5373
92.502
94.1526
93.4566
93.5849
95.1561
96.28
97.3101
97.6541
97.3638
95.9259
96.9889
98.0769
97.4326
98.5241
98.7988
98.2967
98.1574
96.354
96.0154
94.2906
93.9295
92.598
93.2362
94.2421
95.2546
93.293
91.9878
91.4953
93.4392
93.1581
92.8144
93.3404
91.6943
93.7328
92.9843
92.5526
93.3204
92.1246
91.284
90.1906
88.276
88.1657
87.8601
87.4223
86.6642
85.9209
86.7397
85.3432
84.7778
82.5388
82.7522
81.3777
81.3367
81.8422
82.8423
83.3427
81.9311
82.869
82.854
81.133
82.7937
82.0026
82.5237
83.0089
81.8143
82.1902
82.323
81.8037
83.5887
82.8273
82.4441
84.5264
82.6028
81.8168
82.1627
82.3727
83.1004
81.0412
80.6752
81.7781
82.0353
83.5757
82.2624
83.3277
81.8796
80.9103
82.4678
82.5715
83.5797
84.3458
84.339
84.3391
85.0848
84.5208
82.6722
82.5629
80.974
81.6738
80.0423
80.5173
80.0162
82.2122
80.9026
81.5548
81.1425
81.8657
80.2028
80.2869
79.9015
79.3891
77.8462
78.6033
78.9965
78.7729
78.7469
79.811
79.7605
79.2925
79.2191
79.0937
81.8316
81.0706
81.5356
83.6047
84.7698
83.4545
82.1367
83.3959
83.5055
82.1676
81.9791
81.7159
81.3128
81.7009
81.1956
81.7664
81.6145
80.9318
81.1918
82.6008
82.5325
81.5213
81.194
81.0994
81.7902
82.9124
85.7258
85.6076
87.0473
86.129
86.283
86.6722
86.9159
86.3748
87.1393
87.7006
89.0253
89.0446
90.6164
93.0568
93.8863
95.3388
98.8025
100.493
98.3011
98.4043
97.6047
97.1123
98.2448
97.7069
96.6381
93.2398
93.858
92.1379
91.6238
91.8772
91.4059
92.5014
93.6623
95.7234
96.5139
97.4386
100.191
101.724
101.29
104.017
103.076
103.573
105.156
106.059
108.629
108.771
111.204
113.727
116.328
115.94
115.08
116.177
117.216
118.51
116.787
115.838
115.049
113.337
111.513
113.023
112.298
111.579
108.526
111.117
110.16
110.157
108.316
109.429
112.972
113.359
111.983
113.309
113.012
114.585
116.559
115.762
117.479
115.568
112.874
111.632
111.326
112.149
110.246
111.028
111.866
113.397
114.915
114.438
113.584
115.11
116.335
113.738
111.762
112.844
112.742
111.818
111.308
111.104
113.155
112.344
110.403
110.159
111.366
109.127
108.738
110.16
108.378
107.296
106.855
104.177
102.598
102.637
103.563
103.291
104.035
105.119
106.907
106.981
105.527
104.544
102.872
104.266
104.751
106.217
104.854
103.583
102.918
102.048
101.744
102.231
100.829
102.855
105.665
107.386
107.735
109.986
108.132
109.086
109.45
107.032
106.811
106.424
107.061
108.267
107.959
107.047
108.76
109.168
107.886
106.558
106.919
105.488
103.643
103.858
103.549
103.415
102.819
103.084
102.384
101.533
100.779
100.484
101.152
100.518
102.115
102.741
100.321
103.533
102.213
102.581
100.191
100.475
99.9536
99.0083
99.4725
99.2875
98.2095
97.563
95.6746
96.0447
94.6683
96.377
96.607
96.616
94.8947
95.5052
96.1429
95.9222
96.2
95.5121
98.3347
100.286
100.868
102.839
103.298
102.511
102.483
102.198
101.075
103.048
103.385
101.892
102.069
103.379
106.155
105.883
105.263
104.517
102.517
101.572
99.5972
100.265
101.152
103.595
106.497
105.464
105.981
105.128
105.458
105.813
106.223
105.794
106.426
107.922
108.235
104.837
105.286
104.695
104.551
106.617
106.989
106.719
108.627
109.084
111.162
110.157
111.036
113.932
112.688
111.504
112.084
111.748
112.854
111.009
112.041
109.843
110.867
109.985
110.056
107.873
107.599
106.088
107.537
106.681
107.616
108.151
109.137
107.895
108.998
107.617
106.42
106.363
107.056
107.838
109.775
111.138
115.583
115.981
115.657
116.773
117.095
117.662
117.879
117.671
117.787
118.212
120.039
