99.6193
101.029
101.133
101.297
100.831
101.938
105.03
104.844
105.156
106.457
108.457
109.545
107.932
105.734
108.839
110.424
108.648
106.497
106.441
106.982
110.875
111.364
109.475
109.779
110.9
110.035
110.6
108.752
108.413
106.705
104.689
102.806
103.549
103.731
103.531
102.302
102.377
104.593
104.438
102.698
103.696
104.956
105.178
105.025
106.032
107.004
105.996
106.751
107.183
107.409
107.506
108.362
108.144
107.57
107.57
109.37
108.824
107.522
104.484
104.084
103.463
105.959
106.249
106.03
107.681
108.589
109.821
109.944
107.906
106.675
107.655
106.773
107.239
107.534
106.817
109.192
109.821
109.278
111.088
111.315
111.617
112.933
114.154
112.189
113.676
112.488
112.366
112.579
112.69
114.688
114.6
113.344
115.475
117.037
117.472
116.257
115.006
113.415
113.208
112.513
111.594
111.511
111.441
112.334
113.544
113.471
114.13
113.902
116.966
116.452
114.887
115.815
114.967
119.849
119.784
120.133
120.679
119.74
121.837
121.774
120.965
119.628
119.632
117.558
121.056
121.265
122.572
121.739
124.204
124.583
124.855
124.573
124.608
124.46
126.253
129.381
128.982
127.94
128.714
129.646
131.076
128.334
131.025
131.196
131.803
130.388
132.058
132.64
132.634
130.115
130.838
128.985
129.168
127.936
128.367
127.079
126.682
125.387
126.985
126.255
126.206
125.862
126.69
126.965
126.773
129.308
128.889
126.954
129.461
130.578
128.652
126.967
125.304
123.921
123.937
123.261
123.315
121.734
121.855
119.984
119.831
120.693
122.461
120.682
119.467
119.668
119.644
120.719
121.49
120.887
121.295
119.472
120.733
117.992
118.407
118.679
116.067
114.894
114.437
114.148
113.345
113.709
113.121
111.021
108.349
110.039
111.494
111.551
111.44
113.317
112.037
114.315
116.112
117.563
118.389
118.501
120.41
119.69
119.869
120.36
120.54
120.226
118.853
118.156
117.964
117.737
120.059
118.21
118.131
117.117
116.137
118.198
117.893
119.335
119.275
118
117.565
118.517
119.863
117.699
117.652
114.328
113.874
110.762
112.268
110.989
111.181
111.04
110.662
110.297
110.241
110.747
110.064
109.341
109.983
108.34
107.527
108.977
107.428
109.537
109.322
109.73
110.314
109.394
107.659
105.243
102.617
103.007
101.324
100.917
100.277
101.876
100.297
102.538
101.66
99.6555
98.3666
97.6725
95.9081
97.4402
96.051
96.839
96.6625
96.0217
96.3047
95.6849
96.5371
95.2869
96.096
93.9794
94.2685
95.4892
95.7993
93.8758
92.4462
92.6271
92.2235
91.3516
89.0908
90.8141
91.2175
91.5341
92.4083
94.0307
93.2062
94.1526
94.433
95.744
96.1196
94.6474
93.1834
93.0261
93.1612
93.9929
92.8173
93.0582
93.5936
93.683
94.0451
93.7624
94.3238
95.9199
96.5385
96.9549
98.0664
98.9236
99.617
99.7132
100.518
99.7727
100.974
99.6506
99.7117
97.7924
99.5503
99.2917
101.326
99.6039
103.014
103.556
102.434
102.247
100.604
99.1265
95.1211
92.8965
93.6945
92.6884
91.6732
90.8348
92.281
92.5978
93.0739
91.5478
89.4911
87.7385
88.1253
88.3767
88.0432
89.1329
86.0458
84.4213
84.0337
82.336
83.6183
82.8128
82.8413
81.9055
83.3129
84.0213
84.9828
83.787
83.5807
84.0876
85.2878
83.682
83.4403
83.76
84.5876
84.1165
84.0484
83.574
83.5154
85.816
86.2478
84.5289
83.1304
82.4016
83.0006
83.5811
84.1477
84.6237
84.215
83.8548
84.122
82.8046
83.5411
85.0529
83.9575
84.5232
84.2634
84.302
84.0429
83.6696
83.8558
85.1882
85.2159
83.5642
82.9247
82.6134
81.1277
81.0405
81.3017
79.3211
78.4532
78.3802
79.3091
79.3019
78.7379
79.6823
78.7539
80.8607
82.6781
81.0038
78.3373
75.9793
74.7893
75.493
75.814
74.7875
76.8186
75.7362
75.0221
74.2449
75.2557
75.6237
74.5385
74.5171
73.0951
71.2257
72.421
72.8664
72.7225
71.4671
69.9312
70.471
70.1692
70.0458
70.6015
69.1126
68.3054
66.9821
64.9471
64.0483
65.0794
65.3952
67.2187
67.2355
66.1539
65.3824
65.0916
63.7395
63.4085
62.515
63.0254
64.1064
63.6241
64.2207
63.0333
62.1061
63.4161
63.5084
64.6473
63.9574
63.7755
64.0428
64.0277
64.5983
64.5868
64.784
64.487
63.6881
63.129
63.5407
63.6331
63.9182
63.4078
63.4686
64.46
64.3737
63.925
65.0899
64.9852
64.99
65.4393
65.2573
64.6682
65.3385
64.5156
65.5747
65.4541
67.2628
66.0752
65.018
65.6767
66.4666
68.2489
67.8536
67.2315
68.3284
68.4825
68.4926
68.7413
68.3272
68.7816
69.9875
69.3668
67.1207
67.2031
66.6262
65.7888
65.2319
65.9352
65.7896
66.3186
67.661
67.1332
66.7077
66.4549
66.9801
66.6116
65.4186
66.5394
66.1111
65.6914
65.3778
63.6724
63.9057
63.2822
63.0095
62.217
61.9917
62.6483
61.4405
62.449
61.5241
62.2544
60.8617
58.561
59.2648
60.29
61.1298
61.8112
63.1141
62.4748
62.3584
62.583
62.5566
62.0916
62.4765
61.7051
61.1365
60.6101
62.2155
62.416
63.5772
62.2169
62.0274
61.2114
60.3341
61.0288
60.6731
60.6447
60.622
57.9961
57.2233
57.9272
58.7877
59.4285
59.7827
58.9463
59.2
60.0783
59.1485
59.0631
58.4952
56.9718
56.5216
56.8319
56.6996
56.4929
54.7059
54.1614
53.8446
53.7116
52.5638
52.838
52.713
53.1341
53.3417
