97.7193
98.2355
97.8574
96.6767
97.0024
96.3544
97.9903
98.9477
98.2926
98.4369
100.537
99.3435
99.4133
98.887
100.827
102.577
102.168
102.443
104.239
107.272
107.452
108.96
110.16
110.982
110.468
108.841
109.297
108.469
110.374
110.967
110.933
109.621
107.477
109.409
109.171
108.349
108.011
106.461
106.397
102.687
104.252
104.865
105.848
105.855
103.923
107.05
106.743
105.868
105.689
107.569
108.222
108.107
108.294
109.094
110.083
109.15
109.261
110.058
108.204
108.26
108.283
106.486
105.039
102.673
102.842
102.242
102.168
101.558
102.958
102.92
102.444
100.485
101.357
101.275
102.754
104.511
103.12
100.662
99.6683
98.8024
97.5004
99.7011
98.7991
98.6916
98.607
98.7668
99.7307
100.609
100.507
98.6543
96.4389
98.0751
99.362
100.366
100.242
99.9781
102.017
102.51
103.033
104.719
104.681
106.648
106.15
106.272
107.885
106.994
105.973
106.102
106.17
107.127
105.511
106.081
106.202
106.75
106.438
106.025
106.186
103.491
101.399
100.621
100.026
101.379
99.6753
101.335
102.702
102.554
101.318
99.1482
99.5729
96.5057
96.0639
96.7988
95.5872
95.7347
94.4911
93.7907
92.1852
93.76
94.6809
93.2789
93.8527
93.5024
92.5816
90.5141
91.187
90.0887
87.4894
85.6062
85.6215
86.1415
86.5781
85.1794
84.4828
84.8669
86.612
88.8422
90.2006
89.3524
87.5977
87.5158
87.9444
89.3555
88.6835
90.8983
89.5374
89.8164
91.7496
92.5319
92.3837
93.1973
90.9813
89.4011
88.2899
85.9784
86.8154
86.3376
87.4336
87.116
87.4303
87.7862
88.1989
85.8979
86.5843
86.4372
86.9824
86.6125
87.6674
87.8354
87.3433
88.3179
87.4177
85.9903
86.2307
86.1791
85.5056
86.8697
86.1036
86.3418
86.4714
87.8964
86.9484
85.5022
84.023
85.2989
85.5498
85.9345
86.415
85.6096
84.3929
85.8692
87.9334
87.8543
86.9225
87.3283
88.1534
88.1932
86.7792
88.6351
89.1588
89.8069
90.5592
92.1183
91.7915
92.3375
93.1868
91.1917
93.4527
91.8976
90.2469
91.4592
91.5424
92.4557
93.1801
92.9018
92.809
92.9175
93.3082
93.5901
94.5
94.3924
94.8778
96.1395
95.1233
96.307
97.4631
97.407
97.4787
97.8341
98.9299
98.8375
101.274
102.861
102.021
102.864
104.037
105.056
105.656
104.62
103.991
104.155
106.131
106.262
105.425
103.645
103.946
104.622
107.183
106.347
106.676
105.768
106.139
105.534
104.709
106.881
107.516
108.532
110.947
112.99
118.242
119.046
118.106
119.113
121.226
123.338
122.961
121.223
121.824
123.302
120.522
117.013
114.906
113.216
112.921
111.961
111.848
111.641
111
114.135
113.759
114.25
113.345
112.627
112.78
113.248
114.649
116.274
115.653
115.244
116.592
115.394
114.543
113.015
112.784
111.609
112.398
112.62
114
115.852
115.155
112.792
113.579
113.768
112.657
113.638
112.58
111.272
113.225
110.501
109.306
110.724
111.869
113.665
115.337
114.996
115.279
114.165
113.688
112.91
112.64
111.299
112.396
116.016
117.997
117.905
119.2
120.702
120.977
120.549
120.826
121.375
121.147
118.878
116.975
114.907
116.513
115.802
117.491
118.45
118.305
118.481
119.285
120.432
124.305
123.663
126.363
126.416
127.756
129.043
128.389
129.482
127.035
129.664
129.766
129.856
128.327
128.361
130.23
133.104
134.678
135.06
136.313
137.455
137.447
138.303
137.101
134.177
132.725
131.432
133.34
132.93
129.43
131.611
130.185
132.111
134.419
132.758
132.411
132.713
133.702
135.933
136.403
138.789
138.776
140.258
139.544
137.688
140.502
139.143
139.533
138.097
136.208
133.867
128.729
130.556
129.372
129.359
129.661
130.518
126.56
125.879
127.8
126.891
126.07
125.657
124.946
125.538
125.708
124.926
126.409
126.427
128.468
129.64
130.501
128.476
129.238
130.737
131.099
131.756
128.871
129.305
129.46
126.795
128.981
126.145
124.687
128.333
128.967
129.462
129.02
129.759
130.389
131.765
127.879
128.166
127.584
129.267
133.098
133.216
133.009
131.666
134.053
135.278
137.572
136.201
133.63
132.331
136.207
135.605
138.302
139.357
135.39
137.384
136.05
139.005
136.951
136.545
136.429
141.677
141.929
140.326
140.846
140.705
143.916
144.922
147.352
145.89
145.246
144.585
142.946
142.588
138.796
138.373
139.596
140.447
138.977
141.857
143.122
144.537
144.282
145.929
145.9
144.783
145.123
142.413
141.534
143.619
141.483
140.857
141.791
139.168
140.066
141.252
141.156
139.211
140.394
142.526
142.549
140.333
141.475
140.899
141.579
142.342
140.203
139.154
138.823
137.469
140.913
135.115
135.152
135.602
135.003
132.335
128.743
128.802
130.699
128.859
126.778
128.112
130.029
129.296
128.331
123.776
123.08
123.967
122.486
119.95
120.675
116.495
114.28
114.525
112.432
112.689
113.891
117.37
120.718
120.872
122.006
122.777
122.642
123.118
122.026
123.922
124.811
125.263
127.796
128.445
127.123
130.395
130.326
128.801
128.546
130.384
127.484
124.684
125.714
126.439
124.075
124.653
125.265
125.121
130.151
129.539
129.803
128.191
127.08
125.817
126.336
126.325
128.264
126.716
128.518
127.159
127.14
128.789
126.275
125.213
124.122
127.146
127.82
128.544
