100.668
100.232
100.465
99.5636
98.6107
97.2626
96.9558
97.4287
97.5937
99.2085
99.8053
99.73
100.776
100.615
98.2468
100.396
100.305
97.935
97.5104
96.8828
95.4958
96.1664
94.888
95.9434
95.9935
96.4931
97.1788
98.1027
96.7157
96.3913
95.0969
93.4456
93.6308
95.922
92.9427
95.1041
94.2884
93.1558
92.802
93.4879
93.4695
93.3657
95.8258
95.0739
94.7548
92.4191
89.7602
88.1428
88.6973
88.1523
88.7492
87.0382
86.2975
86.4874
87.8482
88.1275
88.3505
88.3804
88.7379
87.3391
86.6724
86.5903
85.2531
84.5152
84.6173
84.715
83.8145
82.557
83.6453
84.9012
84.8621
86.1361
86.0979
86.0536
86.0957
85.62
86.2184
84.5382
83.539
85.2627
83.8417
83.0178
83.4964
83.0434
83.5104
80.8718
83.6616
84.9104
84.615
84.4648
86.2368
85.6078
86.6375
86.8081
86.9001
86.9027
87.9219
89.5084
89.027
88.3014
89.2443
89.5238
88.8302
89.0798
89.3114
89.7585
90.3445
89.1867
89.2756
88.3424
88.3204
88.6665
89.0495
89.5459
89.8591
89.6858
88.8852
89.6028
90.1258
91.2838
92.0386
93.8501
93.616
94.4406
93.0953
91.8513
91.9005
91.1531
90.3392
89.4221
88.7673
87.4234
86.5417
86.9717
86.792
86.976
86.7759
87.627
87.6977
86.8664
86.9591
87.2082
88.5515
90.2181
91.2977
90.8383
89.8657
89.235
87.7892
87.1743
86.9823
88.4887
88.6526
88.4625
87.3236
88.7876
88.5298
88.8057
89.0946
90.0267
89.7399
88.8429
91.0774
91.3409
92.8704
94.2769
94.1498
92.9641
93.317
93.7891
94.5491
93.5525
94.5546
94.8308
93.852
92.0595
90.534
90.7262
91.1232
92.6099
93.1882
92.4236
91.7924
91.5109
90.2291
90.5864
90.1532
89.7228
90.0093
90.0776
89.8374
88.9898
88.9884
88.8533
89.4544
88.505
89.6334
91.121
88.2721
89.0887
88.4683
89.7502
89.7874
88.5221
88.0968
89.1016
87.4734
87.0434
87.7735
87.1965
86.3867
88.1821
90.0001
90.5036
90.2852
89.9998
90.1609
91.4228
91.8693
93.6091
92.9131
93.3981
92.9659
93.5358
94.1096
92.6132
91.746
92.9153
94.0957
93.3229
95.3632
95.2361
96.4517
97.0404
98.3938
98.1068
95.7581
93.8666
94.5461
95.6761
95.3535
96.6402
95.8664
95.1838
97.1201
97.5802
96.549
96.2891
95.7292
95.3768
96.136
97.3901
97.2395
98.9247
98.7136
96.878
97.1528
98.3236
97.98
99.7695
102.426
103.031
104.053
103.521
103.816
101.195
101.31
101.107
100.054
101.491
100.043
100.323
100.524
100.104
100.973
100.71
102.919
101.595
103.761
105.319
103.214
102.861
102.439
101.93
101.397
101.503
102.794
102.126
101.555
103.596
102.045
101.095
98.8439
99.6629
98.0553
98.8427
97.2002
98.7803
99.8967
100.516
102.522
104.003
103.533
102.925
104.164
103.443
102.365
102.303
102.324
101.802
103.164
104.667
103.003
104.089
104.787
104.02
104.5
107.107
105.014
105.342
105.495
106.926
105.111
104.455
106.37
108.606
109.824
109.687
109.631
110.728
110.816
110.222
108.434
108.747
108.638
106.037
108.29
107.842
107.587
108.104
108.614
109.198
106.927
107.901
109.565
108.677
108.885
107.713
108.774
109.821
111.956
110.291
109.735
110.582
111.737
111.757
111.988
112.69
113.982
114.345
113.642
111.575
110.929
111.506
111.637
111.24
110.519
110.195
111.133
112.066
112.032
112.487
115.59
116.409
117.945
120.11
120.968
121.289
122.601
125.392
126.684
127.924
127.114
127.182
126.572
126.035
124.849
123.692
123.225
123.636
123.606
124.349
122.797
124.536
121.986
121.305
121.261
122.56
124.649
123.859
123.222
123.656
120.305
122.057
121.504
125.358
122.795
123.582
122.366
122.783
123.549
123.23
122.488
121.654
121.484
120.91
121.719
121.144
121.07
124.429
126.607
125.419
126.29
125.231
124.146
124.02
123.559
124.918
123.74
127.536
126.961
126.39
123.723
125.411
124.295
125.765
123.219
122.833
124.979
127.615
127.848
129.262
129.168
129.598
129.287
129.888
127.835
127.364
125.904
128.931
127.499
128.657
131.265
129.424
130.068
131.862
131.509
131.527
132.613
134.303
136.96
137.952
138.309
141.326
140.564
139.258
139.802
143.396
145.304
146.156
147.734
148.445
149.556
148.396
146.388
148.875
149.147
150.746
149.791
149.389
148.757
148.491
144.489
144.289
143.255
143.947
148.547
147.744
150.539
150.428
152.429
150.865
150.887
151.63
153.939
151.79
152.392
152.911
151.507
153.801
155.482
154.174
152.062
152.676
152.068
150.418
151.849
149.894
151.944
154.579
151.071
149.221
148.877
149.162
148.268
149.272
150.123
149.89
149.154
149.629
147.232
143.871
143.502
142.227
138.379
139.423
139.875
137.875
137.855
139.961
139.284
138.837
140.219
139.376
140.795
139.076
137.8
140.09
137.271
137.729
134.419
136.63
136.448
136.031
137.696
136.061
139.634
137.029
138.397
138.135
137.674
135.139
134.047
134.613
132.656
132.182
133.607
134.18
133.696
131.194
130.108
130.349
129.849
128.239
127.378
127.116
126.058
127.335
124.771
120.9
119.644
120.222
120.022
120.611
118.561
116.281
116.752
115.741
115.141
116.879
116.878
119.487
119.549
118.534
117.328
118.376
118.438
118.697
117.845
117.551
116.459
115.73
113.264
111.526
112.691
114.475
112.152
110.494
111.675
112.519
