100.05
102.585
102.318
103.312
104.177
103.964
101.889
103.523
101.387
101.696
102.053
102.908
104.028
104.388
105.661
105.514
103.754
102.932
102.873
103.262
104.213
105.259
102.95
103.453
103.128
102.827
101.891
102.875
103.154
101.607
101.3
100.317
99.6916
97.9124
97.5459
98.223
97.6927
99.5384
100.569
100.705
101.372
101.289
100.44
101.404
102.959
100.874
100.484
101.116
102.567
103.817
103.474
103.648
103.258
103.126
102.05
101.709
102.577
103.299
101.609
101.003
100.439
102.144
101.409
99.501
97.7855
100.795
101.694
101.001
102.347
102.545
105.473
103.083
102.22
103.574
104.343
107.032
108.306
107.763
107.94
107.333
106.773
106.166
105.327
104.084
104.039
103.983
103.7
102.812
104.9
105.545
106.547
106.311
103.665
106.372
106.248
107.956
108.769
108.267
109.313
109.293
111.947
113.515
111.285
110.211
107.223
109.174
110.161
107.251
104.955
105.31
106.546
105.289
103.074
104.464
105.621
106.874
107.622
105.961
104.46
105.7
104.259
106.869
104.38
104.594
104.766
107.155
108.628
109.824
110.154
110.97
111.097
112.164
111.053
109.21
106.722
107.083
107.008
107.029
107.165
106.71
103.399
103.126
100.983
99.8163
98.6919
98.8923
98.7121
98.5302
99.1055
100.096
100.311
99.1199
96.1647
96.0623
93.6391
93.1481
92.0589
91.3378
89.6318
90.2644
89.6608
88.3374
88.5481
86.2102
85.9456
85.8201
83.3452
83.7729
83.137
85.0652
85.4698
86.1523
85.7587
85.1531
85.0988
86.4422
85.3934
86.5154
86.5334
86.4412
85.8883
87.5295
87.0311
88.0571
87.1813
87.4269
88.9566
89.9773
88.0131
87.2902
88.5384
88.9963
90.2639
89.3869
90.1386
89.7347
91.0449
91.9149
92.2172
92.3532
93.2193
92.7194
92.3288
92.2889
91.5317
92.5925
93.9507
92.8387
90.9276
91.0883
90.7737
91.362
91.3811
90.1012
91.7804
91.8847
91.1938
91.5594
91.2109
91.9153
90.6522
92.5791
91.9511
93.7502
94.3297
92.6795
92.9695
91.1988
89.043
89.039
88.1753
88.2851
89.1426
89.4281
88.55
90.489
90.0521
89.8923
87.3292
87.0612
86.8607
86.3832
86.4643
86.8024
87.1698
86.7814
85.0601
84.0343
83.136
83.1599
84.5837
85.7451
86.1753
87.7468
86.9787
87.2454
87.8514
86.9553
85.5349
84.9319
83.8001
83.5362
81.9416
80.526
80.7824
80.6477
81.5956
81.0632
81.7514
82.2133
83.3401
83.2064
83.1072
83.2556
85.6254
84.7346
83.6114
83.469
83.4184
85.109
85.698
84.8171
84.743
85.2246
85.2476
85.1374
83.9674
84.1051
82.7974
82.4474
83.2996
84.6156
85.3258
85.7045
86.234
87.3618
86.6225
87.9906
87.0966
86.5838
87.1977
85.4049
86.0513
84.6049
82.8844
81.825
81.8346
82.227
82.7976
82.3663
82.8643
83.1922
83.8296
83.4579
83.3089
82.2486
83.2789
83.308
82.3031
82.3883
82.8819
83.2241
83.0482
83.7618
84.1367
82.1908
80.7517
79.7581
79.9635
79.3022
79.6272
81.3466
82.5306
81.4179
81.4411
81.8056
82.6986
82.8539
80.3408
80.4823
80.635
80.3423
82.1286
81.0748
80.6751
80.3746
80.2849
80.5256
81.2281
83.0806
84.2525
84.76
84.5976
82.9284
84.1881
84.7464
84.7338
86.6237
88.5686
88.6624
90.3412
91.5995
91.9198
92.8423
92.0325
92.3146
94.0003
94.4055
96.3393
94.1594
94.7623
93.7053
93.6055
92.9602
93.773
93.4061
93.7877
93.3215
94.5901
93.9987
92.3386
94.2071
92.8592
94.6932
95.1429
92.8716
93.342
93.5518
91.6019
91.1013
91.2237
93.791
95.8275
95.494
94.4376
93.1467
92.7237
92.0851
91.2062
90.1047
88.7112
87.1621
86.4771
86.8659
85.9448
87.0237
85.5765
83.9978
85.0607
85.6999
87.4091
88.8817
88.7447
88.4641
88.0598
87.0909
88.1198
88.1017
88.7618
87.3456
87.9567
88.6094
89.8962
89.6206
89.7054
88.9918
88.7405
88.7249
87.6952
86.9148
89.489
90.7411
89.9754
87.6552
86.1918
85.3079
85.4256
84.1245
85.0515
83.5894
84.7913
83.9071
83.1415
83.6395
83.3115
82.66
83.7887
84.1965
84.0882
83.7604
83.8252
86.4756
87.5505
87.9184
85.9035
87.0065
87.077
85.5087
84.8066
84.9879
85.213
84.3723
84.0671
82.2671
81.8706
80.2728
79.3875
79.8785
80.4281
81.8276
81.3299
82.0766
81.2236
78.6698
77.8775
77.542
77.4344
77.9998
78.339
78.2534
76.0206
76.0238
77.1805
77.37
75.4854
76.4919
75.4852
75.9545
74.8602
75.2805
75.1846
75.6891
74.6156
74.6437
74.7112
75.4812
74.7092
73.6701
72.5421
73.1229
73.0133
73.3099
73.1695
73.0684
72.6702
72.1775
72.9032
72.1852
72.6049
72.6509
74.5709
74.4996
75.1737
74.8344
74.7502
76.5769
75.7779
74.8818
75.4744
74.3587
74.7506
74.7796
74.2255
77.4614
77.7333
78.445
78.6305
78.1269
76.5879
76.6456
74.5664
76.4005
75.7304
75.0945
75.5802
74.5903
72.4392
72.0634
72.0737
70.3372
68.8598
68.1
67.1923
66.4747
67.4215
67.9265
67.0075
67.6117
66.5232
67.1317
67.2442
66.0584
65.754
65.7727
67.0016
67.9107
68.4065
67.3525
68.0111
68.7586
71.8542
71.8187
73.4185
74.2376
74.0335
74.0632
73.2785
73.0838
73.6887
72.7181
72.1796
73.1277
71.5934
72.3832
73.1054
73.1483
73.1126
71.7082
70.7805
71.0721
70.0338
70.3222
72.0348
73.8423
72.9753
71.797
72.186
71.7697
70.0119
69.6603
69.2111
70.8702
70.3612
69.6275
69.3308
68.8694
67.8797
67.7128
68.1021
67.7561
