100.646
103.039
101.726
103.465
104.638
105.325
106.179
105.146
105.971
105.386
103.678
103.444
102.862
103.525
102.914
104.163
104.201
105.764
103.944
104.969
105.82
106.645
107.617
108.875
107.89
106.921
106.571
104.585
103.777
104.225
103.42
105.071
103.642
102.825
102.315
101.949
101.623
101.875
102.281
101.618
99.8459
98.7395
99.8504
101.344
101.943
101.852
102.155
102.091
103.069
103.522
102.36
103.102
100.996
101.541
100.164
100.185
102.216
103.729
103.014
100.543
101.995
100.969
101.223
100.971
103.494
103.02
103.001
102.349
103.216
106.071
104.873
104.068
103.406
103.731
104.362
103.07
105.704
105.499
104.832
104.876
103.935
104.751
106.137
107.13
106.366
106.077
104.098
105.81
104.849
105.426
105.434
105.607
102.378
103.97
106.093
103.684
105.096
104.46
103.818
103.412
103.727
104.574
104.961
106.61
106.926
105.047
104.999
103.551
104.764
104.292
103.401
103.532
105.245
106.716
107.725
105.637
106.17
107.523
105.243
106.039
105.828
104.463
105.232
106.482
104.565
103.517
102.24
104.141
103.366
104.632
105.167
105.858
107.501
107.156
103.957
103.573
105.896
103.563
104.414
103.603
101.605
100.05
102.274
102.981
102.427
103.041
104.34
105.824
105.243
106.888
104.112
104.83
103.932
104.773
105.58
103.841
102.613
104.022
103.992
106.881
108.195
110.615
110.005
109.971
110.087
110.907
109.864
108.695
107.434
107.569
109.208
110.391
110.696
109.677
110.122
110.898
111.235
111.811
111.184
109.334
110.903
113.157
113.078
112.438
110.212
111.785
113.733
113.051
113.622
114.153
113.362
116.009
116.138
113.421
111.454
111.948
112.667
113.146
112.89
113.097
112.046
113.432
112.652
113.299
114.776
117.553
118.177
119.18
119.16
118.828
117.236
115.091
116.5
116.611
112.975
115.01
111.614
112.79
111.739
109.832
110.143
109.508
108.611
107.178
106.973
106.017
106.99
107.635
107.06
106.492
105.645
105.433
106.229
108.319
107.621
107.032
108.976
111.511
111.377
112.624
111.158
110.997
110.321
111.003
110.628
109.429
112.54
111.952
111.542
112.539
112.06
112.7
112.55
115.35
114.852
116.279
116.348
117.245
115.357
116.08
113.412
112.369
112.033
111.587
111.985
113.114
113.388
116.061
115.52
114.899
115.303
114.529
111.238
111.549
112.208
112.043
114.755
112.912
111.929
113.575
111.267
109.572
107.901
107.576
107.752
108.097
108.776
108.66
109.306
109.055
109.074
108.14
107.833
108.369
109.654
108.112
109.231
108.298
108.772
108.717
106.634
107.602
107.623
107.108
109.328
109.457
110.008
109.156
105.939
105.935
107.045
108.937
109.49
110.941
110.244
112.755
115.599
115.677
114.224
114.394
113.078
114.39
114.981
115.768
113.29
111.847
110.842
107.286
108.901
109.335
107.148
106.496
106.77
105.731
105.979
105.302
105.359
104.603
107.925
110.903
108.312
109.436
109.488
109.236
109.376
109.701
108.037
108.217
109.527
107.672
108.7
107.589
107.221
109.602
111.43
111.095
111.712
109.374
110.356
109.644
110.302
109.741
108.747
109.285
111.099
109.203
110.106
112.218
110.941
110.853
110.506
108.83
107.325
106.425
105.656
105.217
104.604
103.657
104.323
103.519
104.143
106.045
104.733
103.838
103.594
106.893
106.892
109.25
107.868
109.03
107.068
106.751
105.652
105.555
104.749
102.138
102.925
102.67
104.488
106.375
108.123
108.396
105.797
106.319
107.164
108.304
106.772
106.041
107.391
104.957
106.758
109.712
109.206
110.332
110.918
109.928
110.748
110.481
109.699
111.049
111.995
110.776
110.423
109.402
107.954
108.41
109.942
108.562
108.306
108.118
107.567
109.571
109.937
109.162
108.7
108.558
106.574
104.22
105.701
105.104
104.241
105.324
102.698
101.404
101.926
101.506
100.717
98.2618
99.0126
100.679
98.8152
98.0631
97.8479
96.6217
99.0833
99.3254
98.1579
98.3544
100.331
99.7555
99.9932
100.318
101.377
100.087
101.721
104.548
103.318
106.316
105.641
106.447
106.526
107.707
107.236
107.716
108.933
110.444
110.925
109.465
109.069
109.68
110.671
110.492
110.356
110.983
111.668
110.624
109.667
112.075
110.294
110.437
109.892
110.89
112.182
111.445
110.762
109.455
110.043
110.625
109.49
109.969
107.798
107.8
109.595
108.939
108.026
107.328
108.696
109.819
108.89
107.691
106.838
106.691
107.986
107.542
108.324
109.549
107.814
105.678
104.68
104.976
105.152
108.216
107.674
105.494
103.753
102.918
102.336
102.374
102.351
103.174
102.35
102.089
102.036
99.2849
98.8821
94.2331
93.8689
93.5705
93.536
94.0138
91.8824
92.2053
92.8513
93.3778
92.9678
90.9517
90.8528
92.2542
93.0758
93.3782
93.4153
93.5485
94.6441
95.9179
92.6597
95.1088
95.8517
93.9611
92.1706
90.99
90.9532
90.6533
89.6547
90.7619
89.1703
89.6157
89.7604
87.9716
87.9586
87.6087
88.6932
89.5866
89.5512
91.4904
91.9593
91.9055
92.6547
90.297
89.3668
89.1681
86.9765
86.6128
86.504
86.9653
86.8279
88.4162
88.3577
88.9199
90.9663
91.2024
91.4449
92.082
92.9319
92.8005
91.5767
95.2348
98.7124
98.4924
98.0491
95.7174
