101.447
100.381
99.6275
102.169
101.247
101.834
103.825
104.463
105.399
104.629
106.177
106.062
106.385
107.55
107.798
108.632
108.265
108.182
108.915
109.473
112.769
111.972
112.705
115.515
114.589
114.037
114.61
112.862
112.297
113.588
114.108
113.32
113.79
113.46
112.948
112.892
114.476
112.612
111.625
110.676
113.009
115.01
115.495
115.382
110.516
110.376
107.531
106.198
107.782
107.28
106.929
107.204
105.878
108.008
105.861
105.004
103.576
101.985
102.054
102.307
102.203
102.332
105.261
106.151
105.74
106.485
107.865
107.605
105.978
103.978
102.135
103.618
102.6
103.651
102.647
102.13
102.077
100.279
101.724
103.255
103.963
104.455
104.62
105.064
102.928
102.826
102.053
103.923
105.633
106.01
105.166
105.261
103.653
102.774
103.474
103.07
102.929
103.314
106.04
104.9
102.603
103.122
103
103.826
104.985
103.652
103.549
106.01
107.489
108.975
110.205
109.882
112.548
112.478
113.095
112.129
111.171
110.102
108.809
108.813
109.798
106.16
108.353
110.191
110.979
111.048
112.336
111.546
111.34
112.139
111.613
112.097
110.186
109.368
111.375
111.775
112.569
111.043
110.859
109.608
108.011
109.042
106.869
106.64
107.652
105.875
107.36
107.669
107.565
107.652
107.976
107.169
107.199
106.96
105.798
105.868
103.916
102.814
102.575
103.81
104.343
104.556
102.999
101.796
100.582
97.7918
97.5964
97.4411
98.3639
99.0914
98.9771
99.1285
96.7066
96.1297
96.6868
96.7621
98.4181
97.7652
100.227
100.556
101.319
98.6718
99.5059
100.086
99.681
100.1
100.932
100.728
101.417
103.06
103.004
100.898
102.302
99.1285
98.718
98.3151
100.488
101.314
101.69
102.03
100.483
100.875
101.609
101.975
101.72
101.21
100.714
100.822
100.874
102.075
101.772
99.4525
97.36
96.2067
98.2657
98.6544
99.7019
99.9953
100.344
100.283
101.199
100.577
100.596
101.17
101.682
99.8806
99.8359
98.9414
99.9613
101.018
101.006
103.037
102.757
102.373
101.75
102.712
101.513
101.109
100.249
100.414
100.092
98.2468
98.5631
96.6605
96.2325
95.8213
93.9873
91.6957
91.6306
93.2213
93.1167
92.0148
92.796
91.9854
91.3591
90.091
90.2681
89.8567
89.7396
87.2649
85.8441
85.4285
86.3867
87.4565
86.3661
87.9421
87.6405
86.8958
86.7191
86.4778
87.1243
86.7219
86.9285
87.9239
87.0574
86.3166
85.1431
84.9366
82.0165
81.3859
81.8472
81.8488
80.0573
80.2635
82.1831
83.2717
83.0875
83.2594
83.9186
82.5138
82.7161
83.7484
81.5766
81.0987
81.719
82.1362
81.1522
80.7123
81.0933
80.5708
80.5177
80.3085
80.8957
81.4327
81.3742
80.8997
81.5394
78.8492
79.5476
79.7187
79.6718
79.4044
79.1843
79.1905
78.6219
77.9557
79.0209
77.8865
76.1482
75.1081
74.2884
72.0689
70.1316
71.1011
70.8993
70.9007
71.022
70.8941
68.3568
67.6874
67.7208
67.3929
68.4349
67.8342
67.7809
67.2235
65.9606
64.7856
65.2328
65.019
63.8064
63.351
63.2045
63.0245
64.5862
64.4109
64.3016
62.9647
62.3942
63.4185
63.006
62.3076
61.6281
61.073
61.3034
60.3145
60.1869
61.1685
61.9521
60.9032
61.1723
61.0321
60.488
59.9075
58.9847
58.9722
60.3045
60.6773
60.8291
61.4682
62.0413
60.4461
61.2085
61.8811
63.8718
64.7797
65.6344
64.2803
65.6539
67.49
66.6266
66.845
66.8053
67.0892
68.4678
67.8392
67.2887
66.5492
66.9019
68.3036
67.7949
67.0446
66.0517
65.8116
65.2872
66.3625
65.7071
64.4392
64.4938
64.6384
65.6647
66.4781
66.8581
67.1608
65.7267
65.1084
65.272
66.3259
66.8725
66.6026
67.6316
66.2847
66.2013
67.0183
66.1643
66.5225
67.4654
66.9542
64.8679
64.6833
64.7897
66.0648
64.0377
63.4103
63.8282
64.0137
63.0747
63.0764
64.9386
64.2625
63.0421
61.7367
60.8244
59.9795
59.7115
60.5099
59.3005
59.9638
59.7359
60.9279
60.0839
60.0567
59.0313
58.2718
58.67
57.9322
58.2379
56.9451
57.3679
56.3937
56.9921
57.6167
57.0864
56.7256
56.8053
57.5828
57.246
55.7922
56.805
58.2143
59.3674
59.7537
59.5437
59.7656
59.7336
59.7236
59.8861
60.1325
60.8132
63.4341
64.2126
64.3404
63.5863
65.3887
65.0068
65.1589
66.2355
66.1748
67.5688
68.4441
68.653
67.9606
69.0745
68.2601
69.4044
69.3707
69.4918
70.3801
68.6928
66.9921
66.969
66.6999
67.3062
68.646
68.872
67.4388
66.9482
65.8586
67.719
68.8313
69.1674
69.4446
68.7346
70.1203
70.6016
70.3229
69.2552
70.3743
71.3513
70.6524
68.6378
68.784
68.9966
70.4485
70.919
70.2392
69.305
69.3441
69.657
68.9729
69.8373
69.6808
69.5685
68.4508
68.377
67.1545
65.6883
66.1036
65.6618
67.2196
68.5544
68.5658
67.9009
69.2556
69.0639
68.9249
68.1752
67.326
67.5102
66.3171
68.4289
69.0687
68.75
67.9982
67.3021
67.2798
68.1405
68.2987
67.8976
68.6543
68.2374
68.8172
69.776
69.5325
70.5024
69.7717
70.0086
69.3976
69.3821
68.7042
69.3262
70.0177
69.7051
68.963
68.0071
67.5438
69.0346
70.3947
70.4928
70.9486
70.3432
70.8253
71.0555
74.6933
73.6464
74.4898
74.5373
75.4155
74.9856
73.9123
74.4829
75.3496
75.1352
75.3524
76.3034
75.5872
75.8758
74.6527
75.4312
75.4932
74.9097
76.8016
77.1488
75.9992
75.9385
75.3089
73.6733
75.737
75.6431
75.6314
