100.312
98.1473
97.2846
98.2316
99.35
100.835
100.028
99.9341
96.7894
97.1796
98.4001
98.0704
100.036
99.9005
99.8723
96.4939
96.2569
98.6114
98.2085
98.0615
100.093
101.197
100.678
101.888
100.46
100.596
97.5392
100.606
100.906
103.034
101.866
100.623
102.302
102.446
104.163
103.726
104.135
103.903
102.789
101.929
101.539
101.214
102.262
101.853
103.76
102.385
101.375
100.244
102.536
102.193
101.61
102.239
101.157
97.9171
97.0923
95.9299
94.0721
93.6508
93.7165
94.8575
95.85
95.0217
93.3464
93.1356
94.5237
93.6426
95.1997
94.1031
93.2334
92.8489
94.6
93.7398
93.5931
93.6777
94.6827
96.0805
94.7764
93.5812
94.5483
96.3867
97.9988
95.7865
95.7059
94.9163
93.8662
94.1073
94.1851
93.4942
93.1746
92.5217
94.1195
94.8697
94.5673
95.4144
93.1275
92.7924
94.1693
93.8557
93.663
93.7956
93.0633
91.1055
90.8652
92.102
92.2172
93.1069
91.7127
90.9018
89.7902
89.0928
89.7339
89.7587
89.5729
89.9282
90.7673
90.6947
91.1509
93.3239
95.2192
95.3115
94.444
92.7899
91.9452
90.5116
91.6106
90.815
90.8156
90.7173
92.2506
92.4242
91.6027
92.7577
91.6906
91.3028
88.6249
87.3501
87.7338
86.1195
85.9498
85.5712
85.4017
85.7798
84.7497
86.4126
86.6951
90.3164
89.8646
89.9897
90.4329
90.9709
90.4436
91.4826
90.7016
89.6023
88.7237
89.2381
88.2344
87.5051
88.1403
89.0067
89.7136
88.7899
88.0209
88.8578
88.3622
90.7321
89.4904
89.8265
90.0019
89.46
91.439
90.4267
91.0341
91.7306
90.5532
90.4472
89.2587
87.4265
86.4546
86.2082
86.3067
84.2068
83.956
84.5877
82.8877
83.7456
81.5518
84.3381
84.4991
84.3155
84.3138
84.2692
83.9821
85.1413
84.0191
84.0905
85.2496
83.9285
82.5112
83.6043
80.8536
79.6567
79.1501
79.2231
80.1767
78.6534
79.108
79.0544
79.722
78.7461
79.5574
79.1573
78.9585
78.7184
77.5692
79.2498
77.6288
78.8366
79.226
79.4364
78.8429
76.8047
77.9351
77.0515
78.2758
77.1853
76.2801
74.2805
75.3246
76.117
76.5112
77.1617
77.6663
76.0516
76.5047
76.03
76.6105
76.9184
77.5531
76.6692
76.1808
75.9771
74.2254
73.4705
72.8981
73.895
72.5727
73.4887
72.9614
73.981
72.0883
72.5013
73.0652
73.208
73.1934
74.1003
74.6186
75.6778
76.0549
75.2701
74.7852
76.2756
75.6144
76.7666
77.8747
78.619
76.882
77.6284
75.4591
74.1258
74.2193
74.9091
74.8275
74.5608
73.1847
73.1305
72.7675
72.3533
71.9845
71.2003
71.6994
73.0151
72.4658
71.4601
70.2307
71.6141
70.1755
71.8519
71.4941
70.2829
69.7914
69.7001
69.826
69.9896
69.5413
70.8255
69.6677
69.6714
70.7738
72.3825
74.0655
75.0361
74.6305
77.1855
78.2216
78.4771
79.1838
79.6665
80.3282
80.1897
80.7357
81.3957
81.6184
80.7766
79.2965
80.2833
79.5419
79.9002
79.4141
80.7536
81.3818
81.7194
81.8872
83.2342
82.6137
82.5061
81.7602
82.1564
80.6231
81.6126
79.9845
81.0319
79.9445
78.355
80.3416
82.181
83.6212
81.9472
80.5866
81.3494
81.1492
81.2633
79.6858
80.8585
78.6522
79.1365
81.3636
80.5266
80.6847
80.8307
80.2286
79.7652
79.1069
78.3714
78.8223
77.3643
76.436
76.6541
75.7762
76.1753
76.8512
75.0498
76.142
76.1642
73.7548
73.165
72.6045
73.0638
74.2594
73.9552
73.0935
73.0726
73.1266
71.2434
73.7116
73.9095
73.4176
73.8007
73.8779
74.1299
74.0649
73.2553
71.2457
70.2416
70.6954
68.8203
68.8218
68.5486
67.4466
69.2133
68.2034
68.5735
68.9379
67.8843
67.8986
66.9722
65.6207
65.3092
63.2773
63.3885
62.8167
63.5401
62.872
63.7772
63.5592
62.137
61.7326
62.4051
63.1233
63.5589
62.2545
61.9633
61.6281
62.1112
62.5077
61.9273
61.2614
61.625
61.5428
60.8974
61.445
60.7804
60.648
60.0849
58.8108
58.685
58.1565
57.9212
57.331
57.54
57.5464
57.4615
57.9794
59.2605
59.9467
59.747
59.8048
58.436
57.5625
56.8492
57.7665
58.0521
57.6692
57.476
55.8789
56.0647
57.4048
58.0438
59.4877
59.0929
59.5605
60.0495
59.9595
59.869
59.1144
57.9835
58.1521
57.7699
57.0512
57.8554
57.5102
56.5166
56.306
56.2654
57.3184
56.8398
56.6749
57.2414
58.3705
57.7753
57.8902
57.8251
57.8178
56.7618
57.6347
57.779
57.7509
58.1823
57.7919
58.2767
59.5275
59.1539
58.8279
58.8425
58.0533
57.7477
58.8585
57.6866
57.6833
57.0585
56.7355
55.8766
55.7668
55.7472
55.8752
54.9931
54.0006
53.2893
54.3644
53.758
52.6852
51.5379
52.5411
53.1897
53.4843
54.2204
55.5805
54.0217
54.2958
54.4623
55.2598
56.4622
56.3967
56.1274
57.0015
57.6263
58.3594
58.3086
58.4893
58.1145
58.5463
58.1384
58.0194
57.8444
59.051
58.5946
57.8567
59.6643
60.1366
60.5136
60.1608
59.4265
58.4304
59.4113
60.09
58.7842
58.2638
58.2139
56.8698
56.7284
56.9456
56.8916
56.6952
56.6205
56.3156
55.8443
54.6062
53.9205
53.189
53.3966
53.9802
55.5486
55.1409
56.4419
56.5367
57.3504
57.4108
56.3964
55.7536
56.3006
57.3881
56.6767
56.1939
56.276
55.8923
55.7894
55.6697
56.8453
57.4487
59.5764
59.6076
60.1463
60.2569
59.941
59.9822
60.5104
60.7908
59.7366
61.2345
61.2957
61.0115
61.3314
61.5907
61.2618
60.6555
60.5479
61.014
61.2962
60.0102
59.2857
59.0523
59.0713
59.1287
58.4391
58.9167
59.0204
58.6041
59.3485
58.8653
58.8775
