100.834
100.002
101.652
101.916
102.569
102.415
101.54
97.7753
97.4337
95.9958
96.9381
98.36
100.286
100.185
99.6451
99.3322
98.232
99.98
98.6879
99.3394
98.9351
99.8871
98.7577
100.121
100.047
97.6461
98.8939
98.8858
98.8102
102.371
101.571
101.601
100.579
100.886
102.936
105.966
107.411
107.791
108.622
104.489
104.747
104.442
100.184
100.171
101.545
100.07
101.13
100.64
99.5499
99.822
98.9798
99.1991
97.8684
97.5107
98.9502
98.4806
98.9685
96.8927
97.3178
97.9747
97.1246
95.5756
95.1835
94.8118
94.9201
94.1811
93.6165
93.3564
94.4509
94.6643
96.2037
95.8196
95.7048
97.5692
96.8195
97.6231
97.13
95.0302
95.7967
96.5291
94.8704
95.1756
94.3177
94.3747
95.6354
94.3871
94.2341
94.6842
94.8439
96.9117
98.4251
99.2131
99.6302
96.7842
97.3898
97.3091
96.4755
95.043
95.4516
96.086
96.3778
95.2228
95.6647
96.0213
94.5295
93.7421
95.1282
93.4111
92.1239
92.8626
95.032
93.6796
94.18
94.9472
95.5004
97.3975
95.3848
95.3441
94.3579
97.8819
96.7973
98.26
98.3052
98.8935
100.631
101.695
103.445
102.914
103.252
103.786
102.992
105.163
105.806
104.123
103.038
101.213
101.962
102.748
104.033
100.694
99.6187
99.3299
100.434
102.447
103.7
103.876
103.034
104.085
103.992
104.479
105.182
105.835
106.316
108.247
108.196
109.227
108.811
108.678
109.633
109.578
111.903
112.188
113.104
112.23
112.176
111.14
111.327
110.409
112.15
113.778
114.471
117.244
117.101
117.65
119.668
120.357
118.95
118.601
117.216
117.324
119.261
120.512
118.95
116.881
114.629
114.266
114.143
114.61
115.331
113.912
114.521
111.411
113.193
113.249
112.834
113.694
114.576
113.074
111.551
112.997
113.691
116.237
118.102
117.711
119.383
119.098
117.781
117.562
120.061
123.632
124.266
126.163
124.392
123.622
122.708
121.629
122.717
122.936
120.692
119.052
118.074
115.656
118.25
119.493
118.954
118.079
116.115
114.465
115.568
116.346
116.399
115.232
114.395
112.579
108.832
109.192
108.931
107.181
109.072
108.063
110.043
110.031
111.83
113.803
112.93
113.025
114.812
113.127
114.722
115.851
113.918
113.347
113.662
113.195
112.078
110.346
110.441
109.897
108.657
108.879
108.786
110.308
110.168
112.916
113.904
114.543
112.945
112.523
112.283
113.287
115.419
115.682
114.094
114.906
115.304
114.364
115.429
117.773
116.662
118.375
118.326
118.478
119.712
120.815
121.723
119.058
119.279
118.524
116.485
115.744
115.631
115.79
113.387
114.396
117.035
118.567
119.235
121.213
117.566
120.828
120.32
119.99
120.41
118.689
118.985
119.809
120.456
123.022
120.216
119.504
119.952
120.792
122.615
122.867
122.787
121.913
125.958
126.783
129.017
128.758
129.089
130.543
132.364
131.281
130.955
129.427
129.254
127.564
126.312
124.778
123.976
123.209
122.306
123.858
125.317
122.126
121.35
119.413
121.142
119.952
119.554
120.924
120.778
121.125
122.081
120.268
122.408
121.238
119.759
119.112
119.796
120.074
119.431
123.779
122.007
122.042
121.221
122.195
120.957
118.486
117.418
117.977
118.058
118.242
118.657
120.614
122.705
121.419
118.307
117.697
118.543
120.28
121.013
120.757
126.129
124.821
125.265
125.135
127.373
127.81
127.191
126.66
126.423
126.098
122.808
124.224
126.743
126.857
125.453
126.929
129.475
129.639
129.586
129.214
129.287
130.557
128.07
128.672
129.049
131.347
133.007
131.341
130.064
129.435
130.847
131.782
131.946
132.024
132.416
131.745
131.521
131.883
130.864
133.966
131.272
132.551
136.134
137.438
137.533
137.083
135.037
134.146
133.62
135.921
136.458
134.587
136.27
136.049
135.413
132.717
134.188
134.766
134.973
133.794
129.85
131.88
132.741
135.363
136.055
136.283
137.174
136.755
133.941
134.681
135.609
132.718
129.44
130.357
129.18
126.19
126.405
129.048
129.06
129.047
129.551
129.301
129.492
130.338
128.94
129.241
128.455
128.766
130.555
132.023
131.318
130.445
130.741
130.467
128.625
129.645
127.516
128.694
129.163
128.125
130.542
130.49
128.7
125.5
125.111
122.16
120.513
119.894
120.964
121.677
119.205
119.765
119.742
119.297
120.625
122.682
123.346
124.833
124.941
122.368
122.746
122.334
122.584
119.891
118.322
118.408
115.856
116.541
117.193
119.618
120.771
119.077
119.688
122.792
123.341
123.209
122.441
124.768
124.864
126.338
126.658
126.598
126.174
124.982
125.158
125.441
125.419
124.427
123.291
123.867
124.259
124.556
124.383
124.949
126.963
123.777
124.922
125.33
124.738
124.989
121.213
118.929
119.272
119.281
119.322
118.289
118.592
117.956
117.736
116.386
115.741
114.816
117.134
117.626
121.373
120.175
120.291
120.11
117.985
117.74
119.256
119.076
119.781
119.486
119.107
118.701
116.668
116.675
116.177
114.306
113.437
115.634
113.703
114.041
115.693
120.048
120.792
122.732
125.049
126.03
122.938
122.909
123.513
123.023
122.268
123.699
125.878
125.467
126.563
126.893
127.258
126.637
126.539
125.477
125.261
128.599
130.239
132.356
132.327
132.827
133.279
134.005
132.987
131.422
131.65
131.8
