100.677
102.583
103.127
104.87
103.817
103.952
103.153
104.585
107.583
107.368
107.009
105.905
108.176
106.797
108.547
107.702
106.518
106.927
106.203
104.326
103.205
101.857
99.2721
97.929
97.8478
97.5697
94.8639
95.8829
95.7516
95.0099
93.3581
94.0469
95.0441
94.1614
94.7732
93.5884
94.6009
94.6184
93.2516
94.4219
95.1757
93.6849
94.3378
94.4318
94.2179
93.9458
91.9309
91.2607
91.564
90.8966
89.9162
89.6417
87.8275
86.4963
86.3582
86.7061
87.3423
89.0193
87.4795
87.6008
87.8917
87.7903
86.2146
87.4613
88.5224
88.0492
88.1062
88.9845
88.3743
90.461
90.536
88.8013
89.1836
89.4816
89.2902
89.2092
87.2352
86.7428
87.1738
87.6725
87.6889
86.2363
88.4472
88.1115
89.239
89.3209
88.4559
87.9947
87.706
87.1359
87.4236
88.3056
87.7803
85.9851
85.8921
85.8855
83.8018
84.3518
85.3302
83.2082
83.1381
83.4765
83.1002
81.6192
81.4488
81.8811
82.7362
82.2967
81.7869
79.5872
79.9024
77.4436
77.372
77.4305
78.1968
76.5774
75.9479
76.9889
76.7494
78.2863
79.8917
78.9144
79.2643
79.636
78.9757
78.1023
76.3716
76.4967
74.5449
74.3979
74.2953
74.6811
73.44
73.3842
73.2678
72.2948
72.7477
72.315
73.5
71.9325
70.0638
70.5235
70.2079
71.0516
71.385
70.0976
69.8021
69.609
70.3692
70.202
70.3301
70.7675
69.0121
69.9907
71.7239
72.2154
72.6744
72.8363
73.4773
73.6805
73.1825
72.7013
71.5373
73.759
74.1119
74.4526
73.15
72.8866
70.9545
70.8724
71.2382
72.4536
72.469
73.2666
73.4217
72.7386
72.0843
72.637
71.828
71.6475
71.1112
70.9498
70.1672
70.8365
70.2771
71.1415
69.939
69.897
70.3646
70.2431
69.3835
69.1477
68.9264
69.0719
70.615
71.2774
71.8835
73.5585
72.4891
72.4574
71.4201
72.0569
71.5542
71.6072
72.2904
71.1717
69.9211
71.1391
70.9391
71.0894
72.0629
71.7705
70.855
71.2348
71.9248
72.8883
71.9865
72.6095
71.9142
70.1707
71.1704
69.7393
70.9288
72.5842
72.2035
71.1484
70.6822
69.1045
70.2266
70.2946
70.3689
70.4498
71.3776
70.6501
70.9089
70.3861
71.4165
72.0264
71.7366
73.9155
72.5042
71.4711
71.0902
69.431
69.9495
68.8506
68.6847
69.6592
69.9852
68.8527
68.6247
67.8973
68.7147
68.1954
68.4442
67.9711
67.0986
66.663
66.5353
66.3424
67.0091
66.7146
65.8145
67.5339
67.9248
68.6951
68.0605
68.6274
70.0685
68.6145
69.287
69.8897
70.2547
70.2492
70.1628
71.19
71.6913
73.3728
74.4999
75.3409
75.0956
75.2286
74.3652
74.8241
75.5198
74.3321
74.4362
74.3297
74.456
74.5704
75.068
74.7333
74.9591
73.9914
73.5836
74.1807
73.7004
74.5269
74.3883
74.6163
74.4899
73.8943
75.7713
76.2259
76.1813
76.0817
77.2729
77.1253
78.0275
77.9065
78.5034
77.812
77.738
76.876
76.396
76.3983
76.7633
78.1597
75.5893
75.5884
76.7628
74.2973
73.4208
72.019
70.0823
70.4481
72.1082
73.0875
73.3534
73.941
74.025
74.8403
74.704
72.4423
74.9275
75.896
75.4251
77.5473
76.3246
74.7817
75.4606
73.2473
73.5194
72.967
73.4456
73.8586
73.1353
72.8076
73.7439
73.3263
74.2908
73.3057
73.2315
72.8795
73.3621
73.6499
73.5594
74.0082
73.5
73.0891
73.4052
71.1333
71.5142
71.629
71.5058
72.8975
72.7994
71.5724
72.163
72.5492
72.5707
73.2733
74.0086
73.2329
73.4224
74.8434
74.4049
75.7408
75.375
74.4015
74.2023
73.9143
73.0006
74.5228
75.1947
74.2403
74.3862
75.5133
75.4624
74.0195
73.2249
72.9991
72.7359
74.6154
74.796
75.7152
75.6083
75.6321
74.6658
75.7559
76.5621
77.2901
76.9636
76.0857
76.8334
75.8636
75.7361
76.1572
77.1037
76.6931
76.399
76.1969
75.0679
74.8207
74.8741
74.7245
73.7945
74.8489
75.3574
75.648
75.0388
75.9828
74.7339
74.7805
74.441
75.3901
74.1701
72.2651
73.2864
73.1263
71.5891
71.3014
69.9611
69.7227
68.2583
67.107
67.5784
66.232
65.4766
66.7508
67.2923
67.9817
67.242
66.1466
66.3457
67.1529
66.9551
66.9484
66.757
67.7102
67.5084
67.124
67.1452
68.0041
68.3618
66.9344
67.1891
67.5727
67.8057
67.7027
69.0614
67.9317
67.59
68.2442
69.0261
68.2458
67.51
66.9911
66.0875
66.9531
66.1923
66.1422
65.7354
65.868
64.8533
63.6777
64.1331
65.3012
63.44
63.6985
62.6198
62.374
62.1445
62.0623
62.628
63.1189
64.5572
65.8133
66.2118
66.4648
65.3434
66.3274
66.7781
65.3194
65.6945
66.0418
66.9224
66.8328
67.0436
65.8503
65.9336
65.8035
65.1932
65.0857
63.8405
64.1867
61.6437
61.1248
60.0552
60.1857
60.2541
60.9262
62.3607
62.8562
61.7638
61.7394
61.4422
60.2942
62.4424
62.5628
62.7553
61.7955
61.0325
61.9824
62.2834
62.5508
62.0788
62.2036
61.6359
59.8402
59.3242
58.8356
58.3564
58.3789
58.0486
57.5031
57.1273
57.038
56.5127
55.895
56.3373
55.4479
55.68
56.1038
56.0376
56.4734
56.773
56.3591
56.8806
55.9606
56.09
55.6058
54.4929
55.3561
56.1227
56.8325
57.1238
57.4364
57.982
57.5662
57.0752
56.9936
55.7497
56.068
55.7418
55.281
54.255
54.9458
53.6357
53.137
53.924
54.2186
54.7609
55.5254
54.9382
55.0967
55.0696
55.5382
56.4292
57.4464
55.8022
56.725
55.8111
55.5515
55.0274
54.4022
53.3739
53.2402
52.9223
53.2272
52.2272
51.419
51.2822
52.1644
51.8288
51.7157
51.8609
51.7614
52.3282
52.0777
