98.9587
99.6996
98.7082
96.2116
95.1107
96.0661
97.8363
95.9639
97.3156
98.5872
98.093
97.6942
97.186
97.7306
98.0707
97.1064
96.0538
96.2011
97.2546
96.6978
97.7598
95.7056
95.176
95.2748
94.5458
94.2002
95.9448
94.7343
96.6272
97.4061
97.9692
99.0049
97.7854
99.3745
100.385
100.251
101.201
101.295
100.659
100.99
102.548
102.138
99.8925
97.7537
98.2872
97.3866
99.7249
99.3124
99.3895
99.6167
99.642
99.6905
100.634
101.035
101.071
100.711
101.24
101.736
103.745
105.717
106.271
107.926
109.625
109.006
107.176
107.206
108.182
108.957
105.894
106.483
105.253
103.586
103.809
104.518
102.869
100.996
103.017
102.33
103.955
103.326
104.023
103.452
102.987
103.648
104.52
103.257
105.703
104.402
102.395
101.221
99.4199
101.19
102.552
101.699
100.851
101.653
100.917
100.484
100.466
100.494
99.1286
100.148
96.5403
95.7845
94.4375
94.1644
94.4053
97.3951
98.1857
96.0065
95.7634
94.9898
95.4086
96.8365
97.143
96.7196
97.2299
96.8732
97.2868
97.7191
98.7038
99.0419
97.9167
96.0997
95.805
95.6224
95.3002
95.1852
96.0969
96.7175
97.3185
98.694
100.213
98.7497
96.4234
95.7239
96.0976
96.7728
95.3914
94.5653
94.0576
95.7717
95.938
97.4649
100.187
100.726
102.498
101.819
102.365
100.094
99.6402
99.0044
99.7521
100.449
99.3206
101.186
102.97
103.107
103.181
104.654
104.736
104.645
105.171
104.426
105.19
104.888
105.901
106.631
106.949
107.683
104.966
108.147
109.166
110.007
109.79
109.525
110.3
109.771
110.726
112.204
112.04
109.31
107.718
106.338
107.428
108.629
108.531
107.948
106.111
108.882
109.748
109.285
109.341
108.032
107.493
110.564
110.164
111.721
110.494
112.34
110.178
109.548
109.417
110.003
109.905
110.835
110.259
108.336
106.496
106.203
105.54
106.799
107.24
107.449
106.89
103.488
103.815
105.563
103.105
101.025
101.115
100.535
98.5131
98.988
101.567
101.98
102.012
101.628
103.111
103.873
103.868
102.914
103.142
102.731
102.22
101.523
101.225
100.276
99.8799
98.5447
98.8338
98.8621
99.2693
98.7975
101.287
100.661
101.867
103.644
102.608
103.234
103.351
105.391
108.079
109.851
108.3
110.105
108.205
109.331
109.188
106.967
105.859
108.342
108.812
107.685
107.787
109.563
105.973
106.055
106.959
108.462
111.827
111.218
110.067
109.251
111.991
111.588
110.306
110.714
108.287
106.524
108.178
108.381
109.283
108.402
109.632
110.951
109.064
108.216
107.875
110.415
109.29
107.602
107.626
108.492
111.249
110.403
113.296
112.23
111.256
108.763
103.817
101.375
100.735
101.931
101.015
100.652
102.41
102.736
99.908
102.014
101.911
103.335
101.963
101.862
101.856
102.519
104.339
103.201
102.761
101.744
102.107
100.678
101.434
103.64
104.174
105.575
106.857
107.21
108.668
107.725
107.565
105.122
104.868
107.908
109.332
106.423
104.738
104.493
103.975
103.749
103.397
102.426
98.9982
98.4652
98.8292
98.0617
97.7893
98.8912
100.299
101.136
100.159
99.8904
99.3908
97.5181
96.7084
96.7189
96.7932
97.4194
97.3584
97.6815
100.086
101.46
100.715
103.106
102.571
101.882
103.068
102.359
100.437
99.6904
99.6507
100.803
100.501
101.194
100.462
104.369
105.356
107.919
109.182
109.564
108.062
105.953
106.008
105.652
107.152
108.065
107.347
107.608
109.593
112.093
112.848
114.02
114.527
113.419
113.244
112.611
111.977
110.516
110.461
110.353
108.661
109.945
107.988
107.575
106.599
107.987
108.998
108.147
107.974
106.793
107.277
105.243
106.377
106.679
104.977
104.589
104.157
104.448
106.227
106.02
104.858
102.211
101.422
99.7019
98.4041
98.739
98.8773
98.856
97.3753
96.1585
96.0282
95.7434
98.2013
98.6833
99.3564
99.7391
100.6
102.032
102.497
101.346
103.832
101.615
102.076
102.793
102.432
100.674
102.65
104.349
105.491
105.915
106.329
107.109
107.495
108.195
108.041
108.304
109.364
109.009
109.97
109.359
110.757
108.647
106.773
108.86
110.037
112.161
112.802
112.671
111.169
111.041
112.355
112.794
113.433
111.93
110.882
109.199
108.375
110.545
109.1
108.194
108.624
106.502
105.741
105.934
104.145
104.722
105.787
103.826
102.723
102.783
103.194
105.256
104.578
103.489
102.39
103.792
103.075
104.903
104.683
104.716
104.879
108.052
109.399
110.781
110.164
110.048
109.249
110.369
107.979
109.078
109.5
108.938
107.998
106.897
105.873
105.966
107.267
107.661
106.725
107.655
108.898
109.988
110.194
111.289
111.69
111.775
109.237
108.224
107.169
108.128
107.102
108.681
112.148
109.837
109.778
109.136
110.301
110.126
109.779
112.561
113.137
115.592
116.183
116.25
115.795
115.49
116.764
114.178
114.47
112.741
111.025
110.117
108.532
107.838
108.007
107.8
107.222
107.984
108.728
109.235
109.038
107.179
106.79
109.74
109.459
111.336
112.432
112.723
115.148
116.414
116.03
116.531
114.765
115.019
115.114
114.626
115.133
116.053
117.487
119.716
116.828
118.437
119.298
119.054
118.762
119.627
119.428
120.67
119.033
119.801
118.215
118.375
119.103
119.797
122.011
121.569
120.205
118.711
119.998
119.048
