101.09
101.163
100.231
101.037
100.77
102.221
102.418
101.714
103.127
105.396
106.64
107.624
106.274
105.725
106.661
109.082
107.344
107.897
110.887
110.759
112.362
112.229
112.157
111.495
111.444
109.743
109.978
107.631
107.997
105.987
104.536
106.132
104.932
105.766
105.548
106.697
106.111
105.972
105.036
105.429
104.024
103.01
101.368
100.12
101.345
102.036
101.153
102.238
102.249
101.636
101.786
102.809
103.559
105.61
106.009
106.234
107.574
106.824
106.118
106.87
104.812
103.82
103.004
101.657
101.5
102.173
102.996
101.776
100.833
99.5258
99.0514
98.2437
98.3148
98.1256
99.1598
97.683
98.4332
98.7585
100.71
101.045
104.662
102.314
99.4951
100.945
98.3209
98.8141
98.1128
96.7614
97.2802
99.1914
98.4662
96.9833
95.9313
95.6154
95.3157
94.1933
95.5659
95.9527
96.0556
97.1663
97.0798
98.0639
98.2331
98.7436
100.813
100.688
101.637
100.518
102.752
101.549
99.2961
100.154
102.276
104.312
103.286
106.063
106.344
104.265
106.274
107.485
106.435
107.575
107.182
106.227
105.431
106.648
108.35
107.218
105.885
102.873
100.707
100.387
101.054
100.566
100.765
102.268
101.595
101.355
100.517
97.1886
97.2513
98.4013
97.9558
97.7091
97.395
96.7321
94.8687
94.8075
94.3685
94.0205
95.2899
95.473
95.9565
96.759
97.8443
96.6166
95.8981
93.8933
94.6814
96.0148
96.7793
97.0296
98.426
97.5815
96.95
98.5417
100.338
99.4183
99.1113
100.951
99.167
98.3547
96.8118
96.8306
97.1046
95.0838
93.4283
93.5102
93.0006
93.1716
92.8924
92.8885
95.149
97.8502
97.7685
99.7617
96.2029
96.3539
99.1356
98.0775
97.2478
98.7606
97.3211
99.2756
99.504
97.1167
95.5567
96.6437
96.0244
96.5537
97.5618
96.8728
95.377
97.1911
98.0011
99.425
100.015
99.9352
99.4012
101.661
99.1861
98.9742
97.217
97.6024
95.7778
96.4668
94.6571
95.4495
95.6947
97.5385
97.091
95.5114
95.8489
97.6761
100.112
101.67
101.235
100.762
100.297
102.536
101.997
101.618
102.514
103.838
106.149
109.202
110.449
110.624
108.769
109.821
111.515
112.479
112.665
111.822
113.385
109.714
108.882
105.828
105.468
104.491
101.424
101.588
100.862
100.348
99.7273
97.9473
98.3647
96.6807
98.5289
96.9265
97.0382
95.6549
95.0745
95.1173
95.8391
98.2693
99.0298
99.6703
101.158
102.864
102.913
102.332
103.786
102.502
101.768
102.13
102.994
103.466
104.16
104.204
105.768
107.876
109.388
110.605
111.291
110.651
110.359
108.599
110.144
109.041
110.804
113.9
113.125
111.382
113.077
110.667
113.219
112.773
115.158
113.748
115.804
113.548
115.78
115.318
116.388
117.374
118.675
118.072
116.272
116.451
114.606
113.454
112.997
112.243
114.256
110.698
111.768
113.53
113.254
112.691
112.641
111.963
111.132
111.255
110.277
111.312
110.842
112.454
111.085
111.59
111.425
111.489
112.273
111.274
111.08
109.732
109.503
109.648
109.632
112.159
111.803
109.5
110.68
113.457
112.915
114.245
113.745
113.61
114.088
114.68
115.388
116.434
118.244
117.132
114.061
112.928
113.935
114.465
114.28
114.642
112.829
111.968
110.866
109.474
111.138
109.365
109.165
109.003
110.798
109.908
107.202
109.205
108.28
107.371
106.196
106.792
105.575
104.324
102.083
100.283
98.7873
99.4412
99.6399
99.3011
99.0034
98.7663
99.3602
100.13
101.075
100.928
102.243
102.94
102.758
104.134
103.67
105.92
104.501
104.319
104.242
104.33
104.986
103.984
102.429
101.586
99.7236
99.4542
98.6338
100.038
98.8109
98.4348
99.8534
99.2769
99.3916
98.8723
98.622
99.4907
99.972
99.1019
98.5625
98.0141
96.576
97.1835
99.2583
98.1237
97.5035
96.1704
95.2757
93.1268
94.3031
97.0561
96.3183
96.9255
96.3501
98.7246
99.7529
100.6
100.071
99.6785
99.938
98.4199
97.8047
98.1622
97.5593
95.9367
98.1116
100.173
102.917
101.646
103.85
104.557
105.39
106.454
105.253
107.196
109.13
107.043
105.399
104.572
105.42
104.108
102.853
102.242
101.999
101.9
102.378
103.083
100.911
100.475
100.513
99.8569
101.24
102.968
101.601
100.172
101.651
100.83
98.1621
99.5867
98.5745
99.4376
101.715
101.967
101.547
101.64
101.843
100.962
101.848
102.293
102.556
102.262
102.618
102.812
102.969
102.423
100.447
100.689
100.785
100.282
100.687
99.294
99.0876
101.255
102.207
100.873
100.559
101.058
100.318
100.779
101.167
102.695
101.52
102.163
102.535
100.862
104.822
105.092
104.278
103.85
107.116
106.691
105.819
106.168
104.232
101.995
101.02
101.476
100.772
101.566
99.5818
97.8265
95.7479
95.3632
95.6389
94.7442
96.2735
96.186
96.1018
97.0763
97.1267
97.6677
97.6228
98.5532
99.4869
98.1857
97.1849
98.9879
100.312
101.384
103.409
102.796
102.139
103.571
105.541
105.884
106.599
108.733
107.23
105.387
103.966
103.106
104.458
104.198
105.486
104.28
103.76
103.676
104.532
103.732
103.81
105.021
102.507
102.208
101.927
101.116
100.721
101.856
101.488
102.453
102.771
99.8315
100.351
102.77
105.163
106.085
106.959
107.902
106.551
106.837
104.337
104.815
102.711
100.854
100.856
100.202
100.227
100.819
98.5758
97.6568
97.3015
97.3694
