99.3721
99.4951
98.7339
102.252
102.079
101.828
103.759
103.137
104.245
104.699
103.71
101.853
98.6335
98.2957
97.6916
96.3006
96.7618
94.6481
94.6438
92.0085
89.1058
90.4782
90.8855
91.2219
90.7913
91.2586
91.995
91.2343
89.7782
91.4839
92.3991
94.0647
94.1662
95.7692
95.6299
96.5052
98.8622
99.502
99.2391
101.07
103.344
104.36
101.087
100.929
100.989
101.345
102.927
102.846
104.933
106.356
106.079
106.059
104.138
104.873
107.206
109.657
109.405
107.783
106.467
108.428
107.378
109.697
109.443
110
110.329
112.047
111.794
112.155
109.688
109.625
109.853
110.333
111.69
113.149
112.582
115.504
115.726
116.574
117.311
117.09
118.245
117.625
117.185
117.511
115.674
114.868
114.607
115.606
118.928
119.035
121.467
121.482
121.038
118.583
119.687
120.675
115.864
115.843
113.346
114.071
113.178
112.571
111.524
111.764
110.245
110.948
110.027
110.285
110.636
111.3
112.625
114.652
114.644
114.102
115.962
116.049
115.147
115.194
113.258
113.268
113.827
113.21
113.143
113.81
114.873
115.759
116.933
115.814
118.547
119.326
118.574
117.482
118.364
117.691
115.396
115.031
114.397
114.336
113.254
111.178
110.343
111.82
112.837
111.893
110.897
109.636
111.002
111.328
111.061
108.985
107.878
106.419
108.18
108.3
108.647
108.95
109.634
110.559
109.21
112.506
114.154
115.881
116.257
116.419
116.162
115.952
116.058
116.884
116.094
114.019
112.198
112.292
114.32
111.752
112.937
112.707
114.622
111.969
113.446
113.007
113.154
112.535
114.775
115.549
115.727
114.697
115.318
116.346
115.559
118.46
120.65
119.203
117.823
118.03
117.132
116.491
115.336
117.288
118.596
117.954
117.886
117.183
115.102
115.934
114.734
113.262
113.413
113.509
112.349
113.666
115.085
114.415
112.096
110.08
108.495
108.164
107.717
104.951
105.887
108.032
108.379
109.538
107.086
105.586
106.352
105.243
103.451
103.141
103.385
102.534
101.091
102.28
98.9041
99.9306
98.5843
101.302
103.164
103.801
103.412
102.314
102.841
99.5952
99.783
99.0559
98.9462
98.8044
98.8257
96.8027
97.6309
97.6843
99.2662
98.6164
98.0396
97.409
96.2336
97.1721
97.2371
98.3554
99.5801
99.0888
99.2633
98.8127
98.8715
96.108
96.8848
99.0258
99.503
97.5777
96.4267
95.8467
95.7413
96.6239
97.7442
96.5934
95.9064
94.9289
97.5156
96.1931
96.8591
95.8143
95.9515
96.6325
97.0597
97.2117
96.9988
97.0671
97.2787
95.9334
94.428
94.1383
93.0923
95.1593
92.6077
92.0882
92.2083
90.922
91.3185
92.0571
90.8571
89.7775
88.0718
87.1771
84.0108
82.4826
83.3293
82.5983
82.164
83.1935
83.2609
82.3144
81.0329
79.9364
78.7199
80.5298
81.0446
79.3355
78.3896
77.7827
77.776
78.9002
78.5189
78.9395
78.7084
78.8181
78.1357
77.4635
77.6781
79.5564
79.5229
79.001
78.315
78.198
77.9404
77.6018
77.759
76.7904
75.1072
76.1426
77.4076
76.4604
75.1483
74.0127
73.2566
73.5746
73.7551
74.076
74.7493
74.7064
74.7941
73.8232
73.7208
73.2027
73.7254
73.1587
73.8969
73.687
74.4064
74.9444
74.7969
74.0056
72.8332
72.0878
71.6449
72.1278
72.3581
73.4787
74.5162
75.1573
74.2078
72.5231
71.0104
71.2042
72.1217
71.4706
69.9305
70.0576
71.4845
71.1571
72.0882
72.3791
72.8646
73.6164
73.879
74.6978
74.8363
75.6003
74.8762
74.6373
74.3507
73.1565
73.425
74.6265
73.5713
74.0665
71.7566
71.5059
72.173
72.0565
72.358
71.6618
71.0998
70.0843
70.6273
71.9633
71.6291
72.5537
72.0565
71.7005
71.4647
70.9756
69.663
69.7683
70.3754
70.6569
71.5768
71.1226
70.7879
70.0951
70.1107
69.9958
69.9976
69.2052
70.2718
72.2151
70.7298
70.8637
70.5757
70.0213
68.8268
67.3069
66.3006
68.2561
68.4826
69.3945
70.6042
69.8007
69.7525
68.4832
68.7809
68.0204
67.1442
67.7149
67.7676
68.3513
68.2463
68.1857
67.0678
67.6315
67.6794
67.3787
66.9993
66.1203
66.5261
66.7894
67.0443
67.4866
66.7343
65.1446
65.766
65.5391
66.0744
65.9427
66.6961
67.5328
67.5582
68.6024
69.2612
67.4619
67.1974
65.8792
66.7566
66.3782
66.4565
65.2629
65.1807
64.3211
63.6628
63.4835
63.688
64.5608
65.1431
65.3377
64.3929
64.3289
64.0307
64.2894
64.3754
63.8597
64.9577
66.4628
67.7731
68.5157
68.357
68.7186
68.6471
69.1582
69.3212
69.1284
69.4385
68.9504
70.2833
69.0269
68.1569
69.5188
68.5562
67.3269
66.2239
67.7931
67.8803
67.7863
67.4256
67.8038
68.934
68.2483
67.655
66.1925
65.9657
66.1858
67.2628
66.2916
65.6394
65.5192
65.7647
66.0926
66.9605
67.205
65.9136
66.2661
65.8824
68.1669
68.5074
69.0787
69.4119
69.2549
67.8988
67.8562
66.8959
66.2549
65.1906
65.2848
64.3516
65.3529
65.2507
64.9131
63.9972
64.478
65.3818
65.5627
66.2021
63.5082
64.6412
64.3083
64.6276
64.7304
64.396
65.8209
64.2668
65.1093
65.7319
66.4158
67.3973
65.9646
67.575
65.5855
65.2615
65.1483
64.4429
65.146
65.1041
64.6585
63.9247
64.5325
64.3643
62.7389
63.136
63.2993
63.5945
62.707
61.9575
63.0069
62.8406
62.3499
62.3937
62.0093
60.6177
59.8912
60.2333
61.4657
61.5128
62.4467
62.0006
61.4913
60.492
60.2119
61.692
61.6315
62.1313
62.3143
59.432
59.9213
