100.474
98.6426
97.4543
97.2842
98.3566
98.2936
100.174
99.0179
97.1829
97.1789
98.7851
98.3884
98.9999
97.952
97.7254
98.036
96.7934
99.306
99.4407
98.1959
98.1056
96.8464
96.4268
94.4059
95.4958
95.7336
95.7028
95.4123
94.899
95.0497
93.8381
91.4508
90.5265
91.3886
92.1531
93.1149
93.4979
94.9115
96.6054
94.4574
93.1713
92.3238
93.1567
92.3717
92.2783
91.8247
91.3346
91.5954
90.7125
92.4966
89.9504
88.6968
88.803
87.9449
88.4245
89.5331
89.8654
88.3819
88.393
88.2146
88.021
88.2532
87.9359
90.061
89.5649
89.926
91.1114
90.8882
90.6774
92.11
92.4116
93.8622
93.4758
93.1598
90.9066
91.9116
90.5778
90.8238
91.0859
91.4578
91.8636
91.6441
94.1234
95.412
93.1711
94.1759
94.2871
94.108
93.3428
91.5209
91.4976
93.3309
95.7824
94.1467
94.5424
94.2781
95.051
94.3021
95.8945
96.8836
97.5641
98.7782
100.821
100.934
102.798
102.838
104.276
106.678
107.259
106.642
104.605
104.174
102.437
105.559
103.132
103.84
104.734
103.585
105.039
105.756
105.018
103.859
104.159
104.334
102.537
101.813
102.536
102.309
101.451
101.091
99.6373
101.81
101.502
102.555
102.233
101.124
101.653
99.3218
100.567
98.9984
99.7491
98.994
101.08
101.053
101.507
100.776
101.492
101.918
98.6854
100.187
100.369
100.699
99.9473
96.8048
98.373
99.8151
100.156
99.0716
97.8221
97.8851
97.651
98.5275
99.4014
101.026
99.0768
99.9409
101.734
102.472
102.015
101.472
99.8624
97.3379
96.2512
96.2802
97.0195
97.8255
97.6106
98.5069
99.4406
98.924
97.8624
101.747
101.875
101.246
101.756
101.179
100.381
100.995
101.438
101.324
99.0221
98.0553
97.1634
97.4115
100.819
101.771
102.261
102.139
102.985
103.58
104.067
104.137
103.334
103.433
103.302
104.497
106.194
107.292
105.54
104.066
104.246
104.693
106.968
107.849
107.203
106.421
106.753
106.357
109.115
109.268
108.231
109.17
108.658
107.83
107.127
108.381
110.174
109.886
111.174
110.754
112.38
111.548
110.068
110.627
113.402
113.808
113.515
114.218
114.326
111.406
111.543
110.932
113.605
115.98
117.06
117.742
118.33
116.245
115.455
115.753
115.867
116.008
116.195
119.682
119.072
119.197
121.405
122.08
120.399
118.452
116.503
117.312
119.247
117.631
118.205
116.377
117.428
114.083
112.768
111.244
111.592
112.503
112.777
113.656
113.828
117.307
116.22
115.344
116.555
115.09
115.934
115.818
115.492
116.548
117.321
117.503
117.637
117.489
117.164
115.314
116.634
116.525
114.116
112.713
113.479
112.28
113.659
114.526
116.581
115.176
117.523
118.316
119.608
118.269
119.458
121.042
120.297
119.128
119.429
120.167
121.78
124.714
123.587
121.978
120.464
120.32
119.722
120.182
118.069
115.345
116.256
116.301
115.633
114.5
115.034
115.562
117.595
117.124
115.513
114.959
116.24
116.311
115.383
113.309
114.743
116.408
116.677
118.232
115.743
115.779
118.312
118.416
116.174
113.799
113.562
115.849
120.093
119.392
118.012
117.826
119.044
118.418
118.832
117.976
117.547
115.379
114.032
112.82
112.806
113.234
113.458
112.756
111.755
109.931
109.736
110.667
111.635
112.194
111.59
110.803
112.104
111.476
111.539
111.094
108.098
106.008
107.14
109.626
111.74
111.061
110.609
110.304
111.85
110.773
112.158
111.589
109.136
109.366
108.105
108.056
108.881
109.292
108.852
109.864
109.522
108.303
111.123
111.715
110.923
110.716
112.608
114.499
112.48
112.824
113.424
115.703
115.977
114.556
114.498
115.177
113.819
113.725
114.026
112.85
113.442
112.762
112.995
111.824
112.29
109.833
109.537
110.876
111.726
108.866
108.774
109.048
111.486
113.492
114.757
116.492
116.029
117.073
118.02
117.96
118.912
118.932
118.316
117.524
119.122
121.106
118.521
120.318
121.239
120.161
121.363
118.546
119.321
120.711
122.424
120.232
120.218
123.588
124.736
123.697
123.691
124.179
124.919
123.254
123.539
124.48
124.567
125.701
124.383
125.216
124.375
124.152
123.207
125.08
126.97
127.37
124.922
127.048
129.747
131.664
131.459
127.92
125.909
124.271
123.79
125.073
127.655
128.186
129.505
129.74
130.443
130.154
130.777
130.69
131.389
131.639
129.326
128.214
129.094
127.553
130.153
129.992
129.618
130.447
130.83
129.655
130.545
132.226
129.89
131.306
127.179
126.716
125.452
124.981
121.615
121.804
120.192
117.643
118.306
117.23
115.886
114.996
113.893
113.144
113.588
112.502
113.586
112.777
114.035
114.867
113.828
111.227
113.524
114.338
116.107
117.369
116.64
115.11
115.089
115.944
114.804
113.64
115.534
115.317
113.137
112.147
111.135
111.98
113.592
112.256
113.346
114.112
114.249
114.8
114.793
114.953
114.143
115.417
116.54
115.986
118.169
118.944
116.11
112.732
111.923
112.023
113.18
112.737
114.568
114.305
115.613
116.612
115.724
114.376
113.664
110.746
111.248
111.61
112.612
115.296
116.31
114.909
114.792
116.466
113.605
111.079
112.159
111.914
110.944
109.087
107.118
105.321
103.392
102.704
101.81
101.179
99.2692
97.9293
98.3586
100.266
97.5348
100.075
100.363
99.5424
98.464
99.2717
