99.5887
100.054
101.677
100.215
102.373
102.406
101.478
102.816
102.901
103.253
101.397
99.5987
99.5103
101.685
102.954
102.864
101.95
100.683
100.721
100.757
97.4533
94.3876
94.1704
94.6183
92.7269
92.8831
93.6915
93.1826
93.7249
93.4818
92.697
92.611
90.1307
89.6007
89.7369
89.969
89.079
90.4505
91.7933
94.2442
95.8109
95.3547
96.7807
96.4781
99.0582
99.2388
98.9686
96.5228
98.3674
98.4211
99.6165
99.677
100.753
102.453
102.378
102.095
101.852
102.423
101.262
100.094
100.741
98.4355
99.1046
96.6309
96.8753
96.8698
97.3615
96.9886
94.894
93.345
93.6811
94.4099
95.4971
95.1768
96.6216
97.3893
98.4946
99.9502
100.367
98.7739
96.7003
95.2368
96.0346
95.2164
94.9291
94.6494
95.166
94.0621
94.5313
94.2724
93.5127
92.7943
95.6551
94.3413
92.9384
92.6889
91.3497
90.7077
90.1197
89.1165
89.8439
93.5041
93.6304
95.2302
95.0474
93.868
92.1321
92.5629
92.1523
92.2016
92.6278
92.9014
93.941
93.0114
93.064
95.0984
97.0286
97.2639
98.4003
98.3377
97.8131
97.5399
98.7634
97.2133
96.7805
96.5678
97.6778
97.4635
98.3984
96.9274
97.2275
97.7804
100.729
99.3747
99.0226
98.3164
99.1219
99.8578
100.032
99.7447
99.8458
101.66
104.942
105.448
104.971
106.486
107.408
107.081
106.628
107.321
106.817
107.032
105.908
103.899
105.722
104.155
103.141
101.738
103.408
103.173
103.692
102.044
103.354
103.114
103.117
104.193
103.777
103.874
104.84
106.761
105.614
107.744
108.637
107.874
108.689
108.816
108.466
106.178
107.011
108.003
107.766
107.789
104.812
107.132
104.168
103.729
106.998
108.151
108.271
108.213
110.916
110.992
110.055
110.208
110.891
111.093
110.889
109.966
110.637
108.071
107.666
108.747
107.562
108.986
109.533
108.047
111.835
110.925
109.388
110.584
109.957
108.341
105.469
104.913
105.816
104.636
105.112
105.426
107.104
107.382
107.181
107.243
109.532
111.652
110.675
111.232
110.617
111.668
111.25
111.508
112.467
115.383
116.966
115.494
116.202
112.436
112.719
110.81
109.745
110.528
107.749
107.011
106.778
103.832
103.354
103.478
103.736
102.469
100.505
102.16
100.81
101.115
99.9094
99.2292
100.313
99.9702
100.365
100.277
101.315
101.314
102
104.089
102.048
100.553
102.192
103.136
104.897
102.638
102.612
101.965
101.893
101.514
101.643
101.23
102.684
101.695
99.624
101.061
100.737
100.491
102.196
100.57
101.841
101.278
101.379
99.6304
98.4642
97.3208
98.0134
98.9708
99.1586
99.3876
100.31
100.319
100.132
101.767
100.336
99.0785
97.9863
95.6277
96.774
96.6857
95.5745
94.8687
96.8951
97.4178
98.8762
99.8552
99.8568
100.382
100.457
98.6701
98.6951
98.3426
97.7216
97.473
100.031
98.7255
99.0504
99.5302
100.022
101.359
100.576
102.909
104.055
106.83
105.214
105.597
105.111
106.963
106.567
107.351
106.444
105.449
105.747
104.188
106.399
103.607
106.049
107.934
109.992
111.175
111.004
113.323
112.43
114.903
115.661
115.896
115.926
112.972
114.334
114.265
114.785
113.071
111.474
112.031
110.077
109.086
112.11
110.533
106.747
106.835
108.969
110.941
110.054
110.302
109.135
109.318
108.999
108.068
106.838
106.677
108.308
109.258
108.851
105.489
103.752
103.597
103.326
100.958
100.387
99.6869
100.765
100.284
100.737
99.4489
99.12
98.5884
98.9268
99.6118
100.719
100.355
100.532
101.031
100.314
98.7651
99.6428
100.24
101.124
99.345
98.1774
100.322
100.506
102.561
99.1887
99.1825
99.4884
100.325
100.636
99.9502
101.082
99.5851
100.356
99.9641
98.581
99.1836
97.7563
98.2429
100.444
101.571
99.0448
99.4349
100.481
99.7456
99.2916
100.044
98.9972
100.668
99.9134
99.2956
97.5227
98.1184
97.7024
97.1526
97.1937
98.1815
100.33
99.8608
100.539
100.671
101.158
102.415
101.217
103.185
103.259
102.28
103.296
101.879
101.343
101.669
99.0355
97.8939
98.6635
96.4926
96.2714
96.1542
93.8005
93.4388
94.6972
95.435
93.9992
96.2475
94.8811
94.5617
93.6548
94.3436
95.1178
95.1965
94.487
93.8922
92.6221
93.3187
92.9452
93.7842
92.2521
91.8616
92.5028
93.2419
93.8624
93.4553
93.2135
92.4728
92.1372
92.8172
92.4719
90.9603
92.9373
93.0069
95.7625
95.9695
94.8533
96.4929
95.3589
93.6075
93.3439
91.0519
90.0015
91.2916
92.4908
89.6533
89.3288
89.5521
89.1348
87.6597
88.29
87.4728
87.3417
87.2883
86.6183
87.019
85.5713
84.5435
84.2975
83.732
84.0847
83.3794
81.6302
80.3153
79.2927
78.744
78.5434
79.7796
80.0378
79.8457
81.4882
81.1464
79.9791
80.5739
78.896
78.356
79.3789
80.198
80.2417
80.8864
80.614
78.3643
77.9883
79.1356
79.1177
79.9007
80.8745
80.4703
78.5824
78.3085
79.2543
77.6732
77.2639
76.3117
75.1913
74.9799
76.034
74.4746
74.7446
75.8232
74.8344
74.3467
75.3081
75.7586
76.9237
76.921
77.2071
77.7876
78.4561
77.3633
78.2824
77.8256
77.9433
79.081
77.8691
77.8436
77.1478
77.2285
78.3534
78.8254
79.2576
77.8516
78.0771
77.9943
78.6935
80.4401
81.9841
78.9611
78.0095
78.6238
79.177
77.9013
78.2063
77.4136
77.5883
77.1926
77.2634
78.0859
78.914
80.3386
80.3726
80.476
80.9186
81.6165
82.1156
81.5497
