101.083
102.212
102.205
100.777
100.725
102.322
102.643
103.237
102.239
103.257
104.263
105.415
107.174
106.164
106.254
106.728
106.784
109.194
108.667
109.905
109.859
108.927
110.771
110.252
107.917
108.791
108.572
110.714
111.111
110.625
112.515
114.157
115.474
113.441
112.374
114.718
112.549
113.842
115.603
117.032
116.708
115.705
115.122
114.022
114.326
113.312
112.398
111.445
111.932
111.532
110.956
110.208
112.599
116.702
114.673
113.79
113.956
114.962
115.479
118.064
116.969
117.239
120.741
122.795
122.591
121.837
120.573
122.098
122.732
125.638
127.528
125.529
126.008
125.837
128.231
128.779
128.469
125.961
123.17
123.932
122.781
119.721
119.424
123.883
124.911
126.892
129.526
129.593
130.879
127.447
127.544
129.01
131.823
130.711
126.859
126.655
124.226
124.487
122.636
124.778
125.851
126.328
123.804
122.514
121.488
120.877
124.609
124.839
125.944
126.318
125.796
124.04
125.1
125.727
126.193
124.049
124.613
128.692
128.067
126.942
126.186
129.086
128.817
131.159
131.028
132.664
130.714
132.375
133.252
132.789
131.444
128.884
127.972
127.627
128.198
127.291
128.679
130.864
129.558
127.331
125.657
123.717
122.384
121.95
123.242
123.426
121.219
121.08
123.611
126.309
126.996
126.003
122.933
123.221
124.955
124.25
126.821
125.423
126.499
125.713
126.066
126.581
126.164
128.525
126.694
124.928
126.375
124.987
124.908
124.954
124.485
122.391
123.704
122.913
123.228
120.785
119.83
119.998
120.623
118.755
121.948
122.291
123.735
128.021
127.531
127.774
126.747
127.107
128.466
130.144
128.496
129.891
128.439
128.697
128.609
126.556
128.885
125.834
126.443
127.885
129.08
128.462
129.126
126.994
127.184
128.72
127.783
126.323
127.021
124.372
128.191
130.321
130.278
128.324
130.092
130.186
129.447
131.377
132.942
130.706
132.693
134.773
134.345
132.659
134.703
133.623
134.595
136.164
131.845
131.928
132.288
127.38
123.835
122.149
122.156
123.685
122.766
123.301
124.213
124.79
124.294
122.716
122.757
120.557
120.724
121.691
121.952
121.231
122.734
122.938
122.384
122.945
125.011
127.529
125.949
126.955
128.543
125.676
124.983
124.145
128.004
127.768
129.574
129.109
130.525
131.015
131.874
132.046
132.105
132.93
132.095
135.152
132.254
131.281
132.154
129.247
128.726
126.337
127.733
125.715
125.91
122.907
123.052
121.343
121.405
123.868
121.428
117.577
121.039
120.688
120.997
120.541
121.298
122.284
121.628
122.154
126.049
129.785
127.303
126.623
127.565
129.993
130.318
133.046
136.357
134.918
134.11
134.058
133.139
133.566
132.148
132.879
135.296
135.245
133.992
131.301
130.716
130.333
127.902
129.834
130.525
131.459
128.606
130.834
129.583
126.757
127.933
128.792
128.087
127.348
126.537
127.369
126.093
125.097
124.641
125.125
123.073
122.304
123.581
120.309
122.977
120.337
121.256
122.609
123.895
126.358
126.693
125.152
125.809
124.674
125.047
126.968
128.432
130.152
130.808
133.777
130.893
130.353
127.519
128.002
129.202
129.591
130.116
127.629
129.765
130.66
133.108
132.981
133.166
134.48
132.986
135.368
135.42
134.486
134.425
134.117
135.125
133.006
132.413
134.085
134.166
135.45
134.188
132.735
133.206
135.326
133.734
135.33
133.383
132.373
132.078
133.272
134.02
133.524
138.764
137.86
139.147
140.338
139.878
138.774
136.964
135.276
132.865
134.825
135.7
135.019
135.598
136.98
135.42
137.557
140.961
135.489
137.845
135.48
135.079
135.072
132.672
134.465
131.264
127.876
126.61
127.304
128.032
127.826
129.548
129.251
133.945
133.409
133.066
129.449
127.648
129.425
129.094
129.732
127.416
129.85
130.236
127.998
126.854
126.352
125.977
126.533
126.341
128.769
130.129
128.21
128.863
127.302
125.687
125.316
123.17
124.214
123.8
127.287
128.605
127.096
126.154
125.202
125.039
123.117
121.355
121.637
122.568
124.585
122.896
122.004
121.832
123.635
120.031
120.079
120.505
121.646
120.194
119.437
120.276
121.458
123.773
121.4
123.673
124.935
124.86
127.019
127.631
127.92
127.638
125.378
123.449
123.828
121.321
122.832
126.047
127.72
128.801
125.869
128.425
125.348
124.289
125.902
122.145
123.199
120.914
122.613
123.271
122.649
124.146
123.142
123.838
122.562
124.994
127.451
125.738
125.235
126.01
125.864
124.602
125.214
121.977
122.094
123.443
125.433
127.761
126.83
128.361
128.701
128.218
126.47
126.98
127.594
129.499
133.388
134.873
136.397
135.045
136.426
135.579
135.217
137.287
138.861
140.146
140.108
138.848
138.432
136.067
135.773
136.284
135.505
135.274
133.321
134.776
139.141
137.677
139.497
140.112
140.581
140.218
142.482
141.493
142.478
139.069
142.561
145.276
144.224
145.793
141.782
141.049
141.872
140.256
140.39
139.61
140.134
139.851
142.204
140.993
143.046
142.953
142.077
143.194
143.349
144.287
144.312
145.023
144.678
146.514
143.214
141.265
147.067
148.494
151.022
151.816
151.941
155.476
157.939
160.445
161.346
161.917
162.231
162.058
164.002
166.376
167.184
