101.237
99.5769
99.1165
98.9518
96.1303
96.7944
97.6018
95.972
96.3265
97.9542
97.7802
98.6567
100.936
101.073
100.087
99.4893
100.563
99.0408
102.767
102.964
100.796
99.2969
97.843
97.9317
95.2346
94.6662
95.5953
94.9341
95.8218
95.7695
96.0753
96.8239
98.2138
97.7303
96.1538
96.0668
96.7759
97.8626
98.4613
99.7854
100.252
100.823
101.716
99.8993
100.758
102.757
104.002
100.323
99.3663
99.8726
100.407
99.5585
100.767
100.833
101.821
104.071
107.375
107.884
105.826
108.185
107.022
106.579
105.794
105.878
108.057
109.244
107.129
107.728
109.061
110.637
108.638
108.058
110.227
111.555
111.231
111.446
111.562
114.273
113.676
112.932
112.74
113.098
111.581
111.862
110.5
112.915
114.327
114.314
114.859
113.126
112.564
110.932
111.567
112.809
112.769
114.802
112.283
112.144
110.85
112.352
112.087
110.97
111.496
111.475
111.46
111.494
115.126
117.397
116.888
115.924
118.093
115.75
116.022
114.772
114.286
116.248
115.827
116.01
115.795
117.636
118.731
119.02
120.397
120.803
120.383
120.443
120.408
122.772
125.267
127.013
126.298
125.887
128.272
126.935
129.291
130.555
132.168
132.828
133.845
131.46
130.211
129.582
131.509
131.55
131.263
129.344
131.322
133.09
135.527
134.069
133.26
133.066
132.571
134.166
131.236
132.615
133.261
134.283
134.758
137.293
139.732
138.964
137.057
133.967
132.529
132.073
134.678
133.906
136.403
136.71
136.961
136.152
134.707
133.084
132.887
132.549
130.104
130.941
130.153
132.979
133.245
131.411
131.995
132.09
132.772
131.587
131.983
133.167
134.984
136.392
135.775
134.953
135.514
132.895
133.962
135.811
134.888
133.098
134.999
130.816
132.746
131.995
133.755
131.233
130.413
130
130.497
131.406
131.53
131.121
131.477
130.39
129.171
125.92
122.939
120.802
121.36
119.806
120.466
119.513
118.355
120.26
120.661
122.834
123.936
123.715
123.719
123.815
123.199
124.884
123.209
121.473
121.406
119.637
119.842
119.445
120.427
119.235
114.702
113.647
112.892
113.289
114.383
116.334
115.85
115.521
114.916
112.156
113.463
112.938
111.352
110.465
110.154
111.548
111.875
111.725
111.226
109.871
108.948
111.482
112.196
108.226
109.573
110.098
107.456
109.792
107.92
106.862
107.672
106.097
105.051
107.518
105.851
109.239
106.845
106.67
108.098
109.134
110.903
112.406
112.673
110.198
108.199
109.471
107.571
108.729
108.144
105.482
106.169
106.821
108.416
108.641
107.968
109.28
110.324
109.044
111.101
111.215
111.859
113.852
116.939
115.129
115.447
116.136
115.989
118.178
117.287
117.058
116.897
117.658
115.463
113.722
115.201
113.142
113.612
115.029
114.409
116.554
116.935
116.989
116.497
115.635
113.811
114.437
114.717
114.013
115.642
112.394
111.889
113.002
114.136
111.595
111.569
112.419
110.87
110.452
108.324
107.766
108.671
109.03
107.326
107.254
108.515
106.791
105.475
104.805
107.394
107.083
106.313
108.181
109.116
107.368
108.119
110.126
108.541
108.706
108.156
109.487
111.477
111.96
112.353
110.879
110.352
109.623
108.94
109.225
109.25
109.078
107.907
107.824
105.459
104.598
102.115
102.485
104.818
107.201
110.7
110.408
111.425
113.947
115.973
113.344
114.874
115.693
115.77
117.896
117.275
118.646
119.362
117.395
117.186
117.112
116.171
114.972
113.155
116.643
117.207
116.839
119.433
118.851
121.609
119.699
124.521
123.048
120.253
120.704
119.65
118.506
118.381
119.54
119.765
120.512
120.926
124.578
123.673
123.032
125.164
127.039
126.371
128.76
128.191
127.009
125.784
123.378
120.765
123.082
121.732
122.15
123.186
120.333
120.978
122.739
119.565
118.605
117.945
118.603
117.931
118.644
119.39
119.715
117.443
117.928
116.395
114.776
114.41
113.968
111.224
109.222
106.906
105.626
104.966
103.841
103.466
105.279
106.574
107.898
108.179
110.439
110.456
110.368
112.847
112.869
110.452
112.106
111.967
111.768
112.486
112.404
113.428
112.977
112.827
110.533
111.03
112.594
111.866
111.156
109.149
110.416
111.831
110.327
109.635
109.388
108.383
109.248
108.853
107.013
105.31
103.377
102.247
101.572
100.853
100.551
99.1459
98.3511
96.2926
96.1721
95.0146
95.0751
96.0567
98.6192
98.4246
99.9593
101.475
99.7596
100.175
102.138
103.237
103.387
102.939
101.527
104.081
103.716
103.389
103.364
102.424
100.895
100.394
102.589
102.75
103.529
102.108
100.355
99.7698
101.047
101.957
102.051
101.62
103.545
103.421
102.585
102.143
103.566
104.952
103.274
103.508
104.077
102.829
100.241
101.344
101.931
101.639
101.166
101.2
99.8357
98.8551
96.926
95.6729
96.6697
96.3173
97.1712
97.5184
98.9149
99.0762
99.1151
98.53
97.1695
96.6066
95.1274
94.1015
93.8745
94.3727
93.5495
94.3835
96.6473
95.628
96.4786
94.9384
92.7097
91.5624
91.2411
90.0872
90.4598
89.7536
89.0494
88.1339
88.2666
88.8344
87.16
87.1529
86.2036
86.0113
87.2914
85.5498
86.136
85.2745
83.166
81.7028
81.4602
82.1327
80.7925
81.7358
80.9914
81.9653
80.9064
82.3264
80.8473
80.6471
79.9204
78.2861
77.3627
