98.3263
99.6655
100.57
101.391
102.948
102.679
102.198
103.352
102.989
102.346
101.15
100.997
99.4655
98.8089
98.6466
100.353
99.1438
99.8329
99.5058
100.688
102.01
103.416
104.789
102.479
100.559
101.833
100.49
100.614
98.5658
99.8159
100.124
100.418
98.4214
97.9011
97.9161
95.33
95.5985
95.2774
94.8598
95.5588
96.5298
97.1495
96.9143
98.6113
96.5258
97.9646
97.2109
96.3569
97.15
96.4204
97.4838
98.0382
98.0015
98.6026
98.9341
96.1198
96.5357
97.0249
97.1137
98.2745
98.1274
97.3343
97.808
96.2812
97.1403
97.2105
97.3215
95.5542
94.4207
95.2381
94.588
92.9717
91.4174
91.7862
90.2976
90.5283
90.0766
89.964
90.057
91.9519
92.3634
92.287
90.5847
91.958
91.2203
90.4705
91.274
90.049
88.7093
87.8976
87.8787
86.7775
87.1054
87.4995
88.3506
88.2059
88.0435
88.9907
87.4685
87.18
87.3849
89.7002
88.2713
88.0946
88.5097
86.55
85.9624
85.451
86.0717
87.7395
87.2353
87.8602
88.2066
90.9853
90.1223
89.6605
91.6563
91.5382
90.5742
90.7667
89.9476
91.0226
91.4443
90.7966
87.2572
86.9427
88.7775
90.6668
89.286
89.0428
87.5854
88.0022
87.9129
89.7611
88.4847
89.0896
88.2693
87.703
88.851
89.0185
88.7404
86.6605
86.3295
86.6722
86.4788
87.8794
87.8905
86.5015
86.2704
86.5167
86.5788
87.2172
88.7754
88.2532
87.0579
85.5138
84.6701
82.3846
82.4582
81.8768
81.6485
80.9968
81.0263
79.9316
82.3604
84.0317
83.6626
81.3909
82.2582
80.8785
80.8035
81.1365
81.3255
80.9827
82.2267
82.3276
82.5384
84.7284
84.9575
84.0138
83.2507
83.3061
85.4666
86.0295
85.0973
84.7276
85.0775
83.5773
82.3652
81.5525
80.0857
80.8834
80.211
80.0524
78.9563
79.1423
78.3236
78.3073
78.8959
78.7619
80.0444
81.4354
80.2778
80.1974
78.42
79.8876
79.5539
80.1822
81.9444
82.342
81.8351
82.2516
81.9922
82.7705
83.1924
85.2085
85.2284
84.6592
85.9479
85.1293
83.0238
83.2716
83.8672
83.9864
82.0647
81.2671
81.0539
80.4856
79.243
80.9569
80.5337
80.8
80.7808
81.8269
82.9518
83.4273
85.6425
86.2551
87.5113
88.7131
88.3794
90.2888
90.433
91.1532
92.0384
93.9271
94.0834
93.5638
93.6851
93.5251
93.7135
94.1296
94.4472
93.9221
94.7065
95.1105
96.303
96.0984
96.0448
96.6548
97.4815
99.4794
100.212
100.92
100.665
100.805
100.165
100.081
101.089
99.9066
98.0235
98.2775
98.8723
99.7595
100.591
99.5495
99.3609
97.324
98.1492
98.3613
97.6545
98.6693
100.618
100.241
100.524
100.736
99.4666
101.154
101.731
100.815
99.3382
100.847
101.505
101.977
102.65
103.287
102.979
102.084
101.7
99.797
98.7893
97.3516
98.7945
98.5833
98.7442
97.9523
99.2025
97.788
98.6615
98.2114
98.0865
98.8245
98.0263
98.684
98.7631
99.4138
100.013
100.57
100.796
99.3095
100.57
101.77
101.271
102.31
100.268
98.2078
97.8972
99.1394
99.4836
100.513
97.7615
94.0044
93.9535
93.0897
93.7535
94.8699
94.7574
96.8621
97.3214
98.2223
99.1397
99.424
99.46
99.603
99.7071
99.5846
101.054
102.636
103.249
102.431
101.939
101.554
103.865
101.953
103.851
102.89
103.206
105.867
106.968
106.401
106.582
106.992
105.524
105.515
105.886
108.706
109.677
108.16
106.509
105.629
107.504
108.233
109.993
109.785
108.439
109.379
107.789
110.072
108.841
108.824
109.47
108.247
107.075
107.361
108.758
109.322
109.438
109.496
107.831
109.918
111.638
114.517
115.239
115.385
116.355
118.564
117.222
117.881
117.794
119.744
120.671
117.63
113.361
111.733
111.241
110.137
109.725
109.606
109.686
112.319
114.281
113.451
113.355
112.591
111.039
113.443
112.473
114.489
116.341
117.99
118.157
117.012
119.006
119.998
117.433
117.209
119.382
118.995
118.012
115.147
115.891
113.455
112.904
111.5
110.758
109.221
109.507
111.257
111.418
111.33
111.875
110.213
110.64
111.209
111.35
112.812
114.408
113.496
114.425
114.541
114.725
114.321
112.629
113.77
115.441
115.937
115.627
114.591
112.807
112.304
111.827
113.355
115.154
113.153
111.976
111.693
110.377
110.601
109.712
111.524
114.765
114.955
117.529
118.293
119.581
122.591
120.881
123.079
122.644
123.319
123.917
124.283
123.516
123.357
123.825
122.851
123.341
120.959
118.052
117.337
116.33
116.332
113.932
114.925
113.911
113.338
115.553
117.693
117.855
114.65
112.635
112.631
112.643
110.48
108.272
107.272
103.299
103.299
104.335
105.346
105.828
106.108
109.033
108.444
112.179
111.677
112.067
110.928
109.267
111.04
110.861
112.371
111.203
109.91
113.218
111.849
110.695
113.167
116.444
115.34
114.533
113.57
111.732
111.779
112.442
111.31
110.575
110.678
111.214
113.632
116.188
117.503
116.12
116.997
117.438
115.415
118.549
117.672
118.766
117.492
116.383
117.923
116.905
119.802
118.981
120.193
121.004
122.197
122.948
122.427
125.167
124.74
123.956
123.56
127.282
125.773
123.699
127.08
128.551
124.679
124.87
125.358
126.679
128.119
128.428
128.554
129.792
131.983
131.794
130.758
131.475
132.696
131.414
131.978
131.495
129.518
130.045
130.667
128.579
126.574
128.168
129.713
128.169
127.783
127.046
126.224
126.468
122.683
122.982
122.725
