100.213
100.786
98.5055
99.568
100.741
99.5567
100.751
98.6275
96.8382
97.4801
99.5982
100.471
101.539
102.3
99.8493
99.7792
102.001
102.294
101.164
102.361
101.431
102.345
100.947
101.679
101.896
98.1723
97.6492
97.1236
95.8495
95.013
95.4132
96.3427
97.245
97.3621
94.5462
95.0067
96.1607
96.5365
95.8472
95.8245
97.7186
96.4818
95.5069
95.7617
98.0609
101.036
101.317
99.5564
101.073
102.393
102.761
103.744
104.12
101.987
101.851
106.103
103.817
105.271
104.009
103.56
103.866
105.644
107.055
107.421
107.064
108.192
107.234
108.017
107.284
108.272
107.5
107.67
108.692
110.515
112.962
114.136
115.748
116.718
115.389
113.821
117.018
116.856
114.626
116.042
114.19
113.177
115.231
115.925
112.222
113.251
114.43
114.842
115.134
116.187
115.349
117.911
119.37
119.34
122.793
119.494
119.638
120.448
119.909
121.062
120.771
121.963
121.093
121.252
123.201
122.952
123.524
125.119
121.412
123.142
125.424
122.558
120.766
116.753
119.35
120.336
118.17
114.711
113.037
113.974
114.37
112.047
114.621
115.552
114.416
113.472
114.02
113.344
111.763
113.449
112.244
110.667
109.849
108.292
110.047
109.953
110.516
110.281
112.357
111.766
113.526
113.965
114.226
114.636
116.459
117.889
117.085
116.822
114.146
112.539
111.613
113.09
114.055
114.099
113.589
113.763
112.442
113.193
111.865
110.742
110.352
109.041
108.386
105.824
105.878
107.448
107.352
108.313
107.504
107.616
111.106
112.096
113.186
112.525
112.648
113.672
114.508
113.827
111.388
111.772
109.754
109.494
109.518
109.94
109.391
108.454
108.222
108.037
108.261
107.928
107.106
104.926
104.655
104.761
104.665
105.575
105.29
105.112
103.759
102.919
101.479
99.837
101.8
102.483
104.213
106.757
104.617
105.414
105.707
104.81
106.419
104.56
103.787
101.615
102.788
101.488
101.142
100.644
101.98
101.925
100.506
101.786
103.708
102.948
102.767
100.517
99.7505
98.5008
96.6668
96.6531
97.1939
97.1445
96.5818
96.7525
96.9381
97.7067
96.3992
94.9346
95.7212
95.3897
95.8035
94.9196
95.4079
95.7312
94.0821
93.5172
92.9178
92.6533
94.9395
95.4662
95.2604
93.4881
94.7036
94.3041
93.8102
93.7299
94.0026
94.6237
93.46
93.3526
92.0374
93.3367
91.8072
92.7042
93.3559
93.4292
92.7925
93.8592
93.2877
95.2313
96.0246
96.1196
95.5508
95.1485
94.084
95.7747
96.0719
94.9433
91.873
90.5479
91.5723
92.5467
91.7726
91.4075
91.1558
91.6467
90.9031
91.376
92.1082
93.7686
92.519
93.4658
95.0189
96.5692
94.1242
95.037
95.8046
96.0681
95.3608
97.2028
98.0644
98.0271
94.9358
95.538
95.6807
95.9568
97.0723
95.5367
94.3107
93.2922
94.0362
93.6918
94.4112
94.6255
95.0431
95.5995
94.922
96.3912
96.3487
96.7042
98.6796
98.2549
96.5865
97.0663
97.685
99.5111
98.7714
96.6985
95.9375
93.2937
94.8266
94.1048
93.4659
93.4552
93.1052
93.2062
92.0738
93.4664
92.6799
94.6442
96.2578
96.2154
93.929
92.4228
90.839
90.3546
91.9709
92.4763
91.8898
91.3143
90.8883
89.7118
89.5045
88.8685
89.1559
89.5753
88.9782
88.8159
87.585
87.2623
88.7104
89.3025
88.7485
90.67
92.0228
92.4235
90.8115
88.6731
90.0717
89.4649
86.9942
87.3266
86.3443
85.0512
85.1465
86.3855
87.5464
89.2451
89.3513
88.3892
90.4347
92.6481
93.2538
93.9343
93.2657
91.2057
91.637
90.829
91.6144
90.1535
89.6636
88.8528
88.1684
88.8255
87.8461
85.9566
86.5941
86.1395
86.4503
85.7498
84.4573
85.8876
85.2835
84.0363
83.6906
82.5815
82.4058
82.3927
81.72
83.2452
83.0074
83.353
83.6176
82.9566
83.6407
83.251
83.2726
83.2998
83.3096
82.7132
82.0862
81.2966
79.7294
79.6288
78.52
78.6463
81.2931
81.882
82.9578
83.4191
82.8331
81.9632
82.2158
82.266
83.496
83.4156
83.6459
84.8019
84.2076
83.6668
84.3623
85.0072
84.9992
85.1075
83.9378
84.6346
85.5809
86.4958
85.4315
84.8047
84.7317
84.1541
84.9643
86.3064
85.2777
83.9729
84.6803
84.4714
84.5495
85.6141
86.3912
86.0471
84.3204
83.9162
83.2734
85.4176
86.1972
86.2326
85.3586
84.8696
84.9596
84.359
85.3622
85.742
84.8475
84.4743
84.4894
84.4188
83.2292
82.6344
83.151
84.3642
82.806
83.7851
85.2627
86.8625
88.8466
87.5864
86.5254
86.7074
87.7207
85.7455
85.6901
86.728
86.2885
86.0553
85.2614
85.7706
84.2147
85.0346
86.1975
86.5961
85.7207
85.5352
83.6565
83.4564
81.333
81.0088
81.6864
82.2387
82.6162
82.2668
82.4244
83.6821
85.3532
85.5697
85.0814
86.8128
85.5866
85.5609
85.2502
84.6986
83.8912
83.648
84.5064
83.1555
85.6196
86.5381
86.0354
85.5951
86.9396
85.3023
83.3944
84.5303
85.3015
84.8778
85.467
85.3459
85.5486
84.8593
82.9652
82.5958
82.9617
82.2105
80.1746
79.2567
80.2875
79.1191
81.1063
80.2518
79.7789
81.2964
82.6243
83.2391
82.978
86.1562
88.09
87.9367
87.5706
87.0912
88.3025
88.9819
89.6942
89.4418
89.5809
89.6758
88.6931
87.9004
88.1207
88.9782
91.3279
91.3656
94.5285
94.1495
94.2583
94.2123
95.3423
94.9182
94.4541
93.8233
95.1467
94.2943
94.1068
94.6427
94.3149
93.1947
92.8509
92.3127
92.4919
92.5924
95.2145
93.9087
95.4608
95.0199
94.6569
94.1877
