102.01
101.717
100.002
100.826
102.991
104.316
103.97
104.708
105.012
105.008
106.986
106.028
105.779
105.838
104.947
104.245
104.951
106.387
107.323
108.525
108.142
110.008
112.599
110.502
111.054
112.203
113.185
114.986
112.573
114.06
113.956
113.684
115.884
117.492
117.775
115.883
114.958
113.166
113.025
114.15
115.888
117.138
119.059
118.473
118.205
120.396
121.391
123.288
122.282
122.656
121.739
119.733
121.538
121.215
123.707
122.188
122.293
123.184
122.826
123.928
124.784
126.062
124.082
125.601
125.88
126.199
126.09
124.735
127.089
128.222
127.714
127.681
128.399
125.894
126.019
124.473
123.597
121.912
120.325
119.586
117.518
120.489
121.692
120.683
120.396
122.575
120.445
121.327
123.838
125.868
126.473
124.415
124.38
123.1
121.399
121.345
124.408
121.027
119.333
118.274
117.844
114.841
114.139
113.799
113.756
113.838
111.715
110.697
109.924
109.954
109.556
111.003
110.728
108.83
109.272
108.221
108.825
108.988
107.487
108.278
110.424
112.229
115.187
114.755
114.661
113.819
115.246
112.538
114.065
114.007
111.148
110.165
113.859
116.529
117.196
118.49
119.739
119.699
119.82
119.37
118.494
117.001
116.836
118.229
118.086
118.617
120.08
122.227
123.745
121.494
122.696
121.425
118.624
118.368
118.979
121.246
119.992
121.458
122.196
118.888
117.024
117.615
118.865
116.609
117.243
116.239
115.798
115.683
116.419
118.946
121.207
123.857
125.089
126.763
127.998
127.761
125.941
124.633
126.376
124.416
128.14
127.219
126.78
124.775
123.524
125.823
125.856
126.049
125.085
125.644
128.344
128.938
130.901
130.909
129.272
130.672
130.535
132.823
134.33
132.928
138.423
136.097
137.204
136.811
138.749
138.448
138.503
136.293
139.674
141.505
140.03
141.358
140.821
139.572
137.55
134.489
135.664
133.639
131.968
130.162
128.72
128.199
127.959
126.036
127.626
127.353
126.576
127.996
126.98
126.705
126.911
127.686
127.096
125.226
124.962
125.33
125.387
125.342
126.858
125.071
124.346
127.591
127.263
127.94
130.109
131.676
133.035
130.642
132.042
129.667
130.84
131.271
134.082
134.895
132.133
130.765
131.559
132.662
131.921
131.545
132.253
132.309
131.31
133.877
133.657
132.442
131.962
131.967
131.172
130.271
130.25
127.857
127.291
126.05
127.244
124.846
124.184
125.947
127.628
128.491
125.942
125.785
126.488
125.761
125.759
128.807
129.557
129.629
130.002
129.702
127.58
127.467
129.635
128.615
128.141
126.258
126.344
126.403
126.779
125.474
125.159
126.288
126.135
126.504
125.396
126.982
125.883
124.221
121.248
123.473
123.882
124.049
121.685
120.419
118.376
120.844
124.088
124.903
123.459
124.011
125.933
127.79
127.363
129.134
131.079
130.404
131.553
132.546
135.258
137.567
137.378
140.611
142.559
143.994
141.761
143.54
144.747
144.424
145.189
145.387
145.782
144.078
145.638
144.763
147.96
149.951
147.848
149.041
151.435
152.83
149.078
150.309
145.63
144.111
141.684
140.988
140.823
143.34
142.383
142.496
145.417
146.24
149.454
147.987
147.526
148.444
145.19
143.973
140.277
142.354
146.956
147.615
146.36
145.641
150.64
150.178
149.318
149.224
149.576
150.741
149.664
150.459
149.329
148.532
149.003
151.575
152.375
148.566
147.351
146.518
147.155
145.62
147.107
145.048
145.146
145.644
144.141
142.523
143.902
142.958
139.968
137.323
135.849
134.993
132.107
133.988
132.103
131.459
131.937
130.521
130.837
133.287
132.458
133.664
131.743
131.255
132.469
130.482
130.728
131.373
128.911
129.007
127.531
124.697
125.947
124.116
122.79
122.869
121.64
121.138
120.532
117.882
118.518
118.004
118.627
118.892
117.783
120.851
123.093
124.624
124.106
120.364
119.909
121.456
121.202
121.861
121.283
120.619
120.357
122.454
123.906
124.856
124.891
124.702
124.68
123.458
121.667
122.345
122.15
120.225
120.041
120.505
123.101
121.148
119.371
118.516
120.882
122.116
121.201
118.801
115.476
114.425
111.556
113.149
113.004
113.012
113.507
111.184
109.88
113.148
112.609
110.236
109.659
110.247
111.215
109.863
110.493
110.092
110.269
111.116
111.282
109.963
110.249
110.539
110.206
108.64
108.801
109.648
111.204
109.094
107.664
108.347
108.455
106.73
107.5
108.704
107.355
106.595
106.163
105.711
106.334
106.35
107.737
107.954
106.254
103.425
104.001
104.2
105.699
104.925
102.998
102.742
102.158
98.6135
96.102
95.8934
95.3687
94.886
94.3218
95.5563
95.7787
97.906
97.3076
98.3112
96.9114
96.6791
98.1879
98.7133
99.4783
99.9092
98.4436
98.4353
97.7975
100.462
99.4426
97.065
96.8313
96.0571
98.1894
97.6839
97.5688
98.1233
94.5935
95.034
93.7695
92.2876
93.617
95.0295
94.3581
93.6986
94.6607
96.663
97.4234
97.4414
98.8674
97.9056
97.4594
98.7464
100.255
99.7365
100.73
99.788
100.571
101.52
104.287
105.781
105.472
108.523
107.497
106.255
108.075
106.568
105.652
103.432
104.648
104.913
105.071
105.653
104.941
104.29
106.397
107.598
107.092
107.526
104.635
104.592
106.725
107.331
106.996
105.756
