98.9258
99.2287
98.823
100.34
100.885
101.353
100.75
100.151
100.201
98.9262
99.6327
98.8951
98.6615
99.6662
101.859
102.083
102.964
104.205
106.456
106.18
105.18
104.044
105.337
105.753
105.628
107.44
107.064
106.431
104.806
102.841
105.597
106.698
107.202
108.004
107.128
105.743
105.919
103.179
105.152
106.056
106.539
106.905
107.468
107.358
110.53
111.829
112.122
110.637
109.832
110.591
110.371
108.824
109.427
109.998
109.55
108.891
108.026
107.556
107.816
107.086
108.64
110.189
108.591
107.653
108.456
107.556
106.913
108.01
108.968
109.062
108.727
109.31
110.063
110.259
108.987
110.131
110.861
113.357
113.898
112.721
110.781
112.969
114.981
114.093
113.637
110.533
109.563
107.118
106.155
105.455
104.396
104.48
104.328
104.336
104.962
104.283
104.365
103.487
104.6
104.35
102.348
102.901
101.813
100.547
102.193
101.208
100.591
100.271
98.5513
98.3819
98.2832
94.4956
94.2758
96.1814
94.362
94.9508
94.2291
94.434
93.7049
93.7727
94.168
93.8902
93.2334
92.1949
90.8074
92.4456
92.7435
92.4344
93.3014
92.3083
92.547
93.6033
93.1868
89.9056
89.3811
91.1204
92.3957
91.8866
92.5484
91.242
92.6744
89.999
90.8601
89.7039
88.5435
86.5883
88.0968
88.2287
89.3854
89.7025
89.7318
91.5576
92.301
93.0546
92.5139
92.6907
94.3177
93.9395
94.3362
94.5974
94.9795
94.5847
95.1744
95.7374
94.2704
94.4273
96.0334
97.9568
95.0648
93.4278
93.2364
93.0989
91.6789
91.1299
91.7437
91.7959
92.9583
93.4478
90.7595
91.3694
91.0871
90.99
90.6692
91.8788
92.9172
92.4191
92.6835
93.4166
93.4591
92.9604
94.9511
95.237
94.0961
93.7859
94.3487
93.764
96.2615
96.3644
94.2303
94.8752
95.6241
96.7755
97.0586
98.9873
99.2002
100.485
99.1543
99.3812
100.695
98.7131
100.512
100.847
99.1494
101.428
100.392
100.146
101.511
102.801
103.17
103.379
100.472
102.102
101.695
103.513
104.514
104.608
107.716
107.117
108.784
110.348
110.45
109.464
109.288
109.27
111.803
114.319
116.15
116.73
118.757
119.712
118.927
118.105
114.111
115.265
115.031
113.466
113.163
115.442
112.312
113.19
112.007
111.497
112.605
110.847
110.934
111.836
109.552
109.746
110.619
112.52
113.045
114.13
112.204
113.513
113.964
113.647
114.67
114.822
115.221
115.152
117.764
117.624
117.945
117.502
116.295
117.086
117.589
118.457
119.211
121.931
120.882
121.795
121.954
120.779
123.609
119.192
119.241
120.848
120.928
121.64
122.893
124.778
126.129
126.045
127.14
126.456
128.655
128.054
129.617
130.863
131.31
132.757
133.71
133.974
135.267
136.913
134.477
132.785
130.768
133.262
133.513
134.483
133.178
133.464
133.614
133.687
133.789
133.659
132.099
134.492
133.943
135.524
137.09
135.798
134.04
137.753
138.987
139.319
139.425
139.686
142.249
142.738
143.837
147.036
149.321
148.853
150.236
152.255
152.747
153.287
149.988
149.584
150.351
149.016
147.5
143.87
139.598
137.232
136.991
136.295
135.196
132.198
131.005
130.538
129.558
130.698
129.962
129.621
129.007
127.877
126.608
128.185
127.204
124.64
123.095
122.989
118.885
119.798
119.974
120.39
121.323
122.39
120.622
121.414
123.648
122.978
124.908
125.851
124.195
125.066
124.582
122.89
123.445
120.863
117.91
115.702
115.599
114.809
114.624
113.407
113.724
113.228
112.391
112.739
113.666
114.136
114.889
114.792
115.491
113.581
114.872
113.033
111.437
113.74
113.746
113.86
115.63
117.243
116.279
115.395
116.132
118.196
120.171
120.7
117.035
116.344
117.028
116.777
117.392
117.448
118.865
119.175
115.904
114.806
113.271
113.166
110.582
109.223
109.53
107.758
108.687
110.423
111.108
109.478
108.869
107.495
106.832
108.132
106.14
106.587
105.908
106.242
108.176
105.355
105.766
104.788
104.078
102.655
103.114
104.588
105.991
106.895
105.527
104.334
104.249
105.232
104.866
105.607
106.255
106.763
107.564
107.66
108.29
108.51
107.841
106.431
107.154
108.519
109.343
105.839
109.118
110.206
111.065
111.603
112.072
110.301
110.264
110.39
110.467
111.849
113.983
113.036
112.362
111.26
108.329
108.683
106.485
107.705
105.957
106.117
105.373
105.038
102.614
102.409
101.545
101.208
102.096
101.102
102.225
102.355
99.851
99.9328
100.344
99.0968
99.4609
100.782
101.554
102.534
103.552
103.58
102.723
102.516
104.264
102.779
103.465
105.786
103.013
102.499
103.468
102.369
100.758
100.584
102.006
100.794
99.1605
98.6934
98.3311
97.2053
95.8588
94.8474
93.887
94.156
95.89
95.1956
97.4749
99.4239
100.637
99.3175
98.3873
98.9826
100.182
100.342
100.764
101.13
102.449
101.483
102.725
103.052
101.661
101.996
102.791
104.531
105.634
105.803
106.709
106.771
108.312
106.679
105.958
106.57
107.97
109.801
108.581
108.635
109.102
107.173
108.017
108.403
107.97
107.618
108.029
108.432
111.911
113.636
112.502
110.034
110.382
111.63
112.109
111.254
110.505
110.215
109.474
109.321
109.582
108.893
110.648
108.207
109.024
107.248
108.569
106.791
108.076
112.306
112.447
112.464
111.898
111.035
110.612
110.973
