101.881
101.567
102.332
101.724
100.403
100.865
101.078
99.2661
98.3084
98.6429
97.1254
96.4847
96.5918
97.4005
96.1539
93.7362
96.3426
95.6708
96.1989
96.0234
97.3967
98.1731
96.8314
95.6485
96.1426
95.7461
94.9009
95.9786
95.2154
95.4279
94.453
94.011
96.5479
94.7324
95.3861
94.2737
95.8158
94.5469
95.4978
96.5276
96.8785
100.762
102.857
101.229
100.129
98.7155
97.4478
97.0739
99.1972
99.4342
100.562
100.492
101.135
100.865
98.6548
96.7264
98.2185
98.3177
99.0122
100.299
102.178
101.961
102.676
102.454
104.083
102.677
101.729
101.505
101.735
103.813
101.92
104.127
104.694
102.623
100.622
103.445
101.363
103.833
103.236
105.888
104.025
102.983
102.142
102.649
101.251
100.211
100.577
101.069
102.108
102.008
101.875
102.035
101.336
105.427
105.084
103.868
102.412
102.37
103.811
104.256
103.717
105.017
105.468
104.923
106.844
109.212
111.641
113.238
112.441
113.278
116.104
117.515
118.131
119.32
120.208
119.886
119.807
117.412
119.47
119.985
119.299
119.91
120.858
120.257
124.429
124.732
127.62
126.246
126.316
129.03
128.475
129.565
130.634
128.282
127.207
128.189
127.68
128.794
128.784
130.148
128.022
129.858
130.549
128.424
128.424
130.553
127.691
127.51
126.04
127.359
126.84
126.572
123.425
122.674
122.501
120.841
121.762
122.616
120.927
119.916
120.606
121.626
120.405
119.524
122.75
122.951
120.335
119.735
120.02
121.113
121.201
120.117
119.527
120.209
119.558
118.522
117.885
118.643
115.825
116.494
115.556
115.708
113.824
111.353
111.573
111.964
111.538
110.704
113.341
113.735
113.761
112.867
113.349
112.292
112.515
110.728
110.765
111.173
109.049
108.466
109.373
106.898
107.919
108.554
109.275
111.198
113.632
114.36
115.783
113.191
114.2
112.544
111.194
109.591
109.294
108.526
108.95
110.231
111.056
112.58
111.585
110.835
110.213
112.153
113.396
114.712
114.423
113.632
112.303
112.966
110.371
109.298
110.881
109.788
111.429
109.845
110.192
111.82
109.698
108.917
105.861
104.17
104.038
103.374
102.367
103.094
104.289
103.101
103.514
102.699
104.8
105.788
105.584
106.169
105.807
106.39
107.993
107.026
104.807
103.265
104.735
108.169
108.626
106.746
108.249
108.235
107.515
106.83
105.911
106.634
106.661
105.002
104.518
103.956
105.791
107.182
109.121
110.625
109.383
110.645
110.904
110.592
110.564
112.228
112.548
112.774
114.23
115.09
110.855
112.566
112.618
114.572
114.833
114.829
111.918
115.341
116.427
116.534
116.627
116.578
117.779
115.959
115.851
115.034
114.072
111.333
107.977
108.047
108.233
111.788
110.917
110.618
110.859
110.415
111.146
110.582
111.796
112.517
113.571
112.667
113.523
112.653
113.204
114.059
115.17
115.111
113.866
112.089
112.085
114.001
113.664
114.12
113.289
113.497
114.689
114.288
114.753
115.728
116.861
116.925
117.847
117.166
117.253
119.203
121.999
118.527
116.912
118.057
116.565
114.956
112.683
113.151
109.958
108.146
109.222
107.725
105.847
104.352
104.505
104.785
106.223
105.943
106.914
107.178
109.114
108.983
110.492
111.681
112.682
113.156
113.605
111.322
111.015
111.079
108.615
107.633
108.169
109.447
110.666
110.239
110.864
109.688
108.074
107.547
107.938
107.937
108.994
107.126
107.903
108.032
108.306
106.937
107.834
108.604
108.325
108.972
109.73
107.212
110.44
109.922
107.85
107.996
111.103
110.57
111.546
111.262
113.074
114.975
116.683
117.541
116.873
118.982
117.295
116.841
118.277
119.454
118.837
121.102
121.128
122.314
122.345
123.816
122.533
125.331
126.554
127.615
126.594
128.199
131.385
128.175
130.11
130.177
131.07
133.018
131.203
134.111
137.574
137.423
135.587
133.579
130.152
130.84
127.466
128.415
126.973
128.278
128.582
127.163
124.962
126.249
125.999
126.796
129.093
129.688
134.26
135.52
135.536
136.888
139.085
139.359
138.023
139.802
139.734
140.765
141.585
142.659
144.421
142.539
143.156
139.848
138.917
140.45
138.313
134.157
135.863
138.55
136.985
136.687
137.185
137.539
136.619
135.334
135.963
135.576
134.559
134.862
136.451
137.777
139.884
140.009
142.6
138.573
138.806
138.958
138.483
137.931
136.842
135.325
138.058
136.209
137.993
139.508
137.114
134.812
133.175
132.415
133.948
133.458
136.012
135.786
135.269
134.186
134.653
134.132
136.79
138.408
137.062
136.66
140.033
140.496
141.601
141.598
140.032
141.108
139.368
141.765
138.582
136.839
133.248
136.06
136.817
140.344
141.32
139.886
140.067
140.605
138.575
140.309
140.1
138.789
139.675
140.147
141.254
140.95
138.704
139.605
138.809
139.273
139.457
138.881
140.754
143.53
144.668
145.615
143.516
141.561
140.546
144.689
145.28
147.509
148.488
146.719
146.103
147.612
152.91
154.341
156.369
156.2
156.636
156.161
156.007
158.19
159.696
162.302
162.75
165.184
166.26
169.609
171.004
172.055
173.394
173.693
172.974
176.566
180.417
179.967
179.07
181.853
180.397
179.436
177.728
177.852
177.649
181.754
182.498
184.046
180.61
179.329
178.823
177.169
