98.7074
98.4047
98.5687
98.1139
98.9503
99.3552
100.786
98.7037
97.2522
95.4137
96.0649
92.0194
91.695
92.6802
93.4312
94.4992
95.032
97.1657
98.4846
97.3056
98.0257
98.1143
98.9956
100.287
100.939
100.076
98.8058
99.671
99.0675
99.1289
98.5163
99.2778
99.234
98.2958
97.2472
95.4604
94.5247
95.2585
93.7249
92.6924
93.6249
92.726
91.4441
91.4671
91.5262
90.0658
89.9409
89.2746
90.9055
89.6967
91.456
90.1839
90.0664
91.5178
92.9787
93.4417
95.4484
96.557
98.3796
97.3631
96.6181
96.1822
95.9495
95.8802
95.6977
95.252
95.0553
96.0536
98.1401
96.2523
97.1937
96.0532
96.8298
96.494
96.0828
97.9346
96.5689
97.7584
97.4021
97.6393
99.0396
100.33
100.101
102.23
100.607
100.724
98.2581
98.7693
97.63
98.7854
97.2826
98.9143
99.2932
98.6029
98.6621
98.1144
99.2607
99.9524
100.07
99.1705
100.574
99.8891
100.526
101.29
101.042
101.45
101.032
101.261
102.031
102.015
104.072
106.546
104.008
106.254
107.499
108.537
108.071
106.916
107.435
106.94
106.056
103.853
103.609
103.636
102
103.656
103.599
102.841
104.651
106.146
107.569
108.975
109.537
108.78
108.875
108.438
108.656
108.288
107.851
108.817
108.261
109.908
110.454
111.083
111.316
110.589
111.407
112.051
113.415
113.851
112.363
113.011
112.147
113.474
113.693
113.589
114.301
115.28
116.58
114.542
114.061
112.884
113.805
114.194
113.084
112.627
114.234
113.112
113.81
114.721
115.694
116.321
115.118
117.001
117.339
119.765
118.076
116.325
116.132
116.715
115.952
118.352
119.684
120.678
119.274
119.342
118.9
116.784
118.722
119.758
118.7
119.525
122.607
122.753
122.312
123.053
121.164
119.69
120.853
120.282
120.976
123.415
123.581
122.881
123.83
123.544
126.975
127.576
128.736
127.897
127.908
127.75
127.161
124.327
123.399
121.238
119.138
119.635
122.215
119.421
120.899
121.117
119.366
120.501
120.154
118.8
119.365
119.196
119.339
117.374
116.744
118.812
120.382
121.015
120.889
119.454
119.786
117.904
116.15
115.756
117.499
118.792
121.551
119.97
120.542
120.996
122.119
126.682
127.392
126.979
128.55
126.104
126.23
126.402
130.464
130.816
131.502
128.943
133.374
132.099
132.384
128.895
129.863
130.749
132.751
130.669
128.56
128.368
130.457
132.277
133.578
131.035
132.128
133.431
128.85
129.69
130.193
130.728
129.224
127.865
127.619
130.904
130.186
130.141
129.195
129.525
129.647
130.205
129.65
129.39
128.243
129.162
131.809
132.297
133.966
131.39
130.045
127.734
127.954
130.559
128.195
126.563
126.483
129.147
127.563
123.956
125.384
125.897
124.73
123.928
123.551
124.771
123.976
122.681
124.365
123.765
124.361
123.881
125.79
127.272
124.577
123.984
121.077
119.371
115.612
114.2
114.512
114.829
114.86
114.391
114.333
113.908
114.747
110.73
109.528
109.241
109.846
108.283
105.395
106.495
106.519
108.022
110.248
109.345
109.76
111.924
113.322
114.814
114.359
114.208
114.506
114.594
113.671
112.589
111.711
113.301
115.525
114.958
111.046
111.497
112.269
111.661
113.035
112.343
110.174
111.961
113.408
113.519
114.963
113.683
113.522
110.941
112.061
112.868
111.973
111.116
111.876
112.611
111.304
111.45
111.667
112.067
112.478
111.456
109.019
108.655
110.856
109.81
110.064
109.559
107.773
107.868
106.54
104.645
106.669
106.914
108.624
108.131
108.341
105.777
105.93
105.907
105.099
105.422
105.192
105.639
106.083
104.78
103.393
102.235
103.227
103.726
102.917
105.008
105.932
105.74
104.844
104.45
102.689
102.137
101.174
98.851
98.919
98.695
95.5754
94.3625
95.8698
95.2103
94.6359
96.8582
97.7938
97.0953
95.7233
95.1355
98.2409
98.9387
100.8
102.029
100.787
99.4088
99.0091
96.6548
95.7494
96.7658
97.7495
98.7032
97.8639
99.4789
100.628
100.023
100.297
98.7954
99.3721
99.2669
97.26
100.173
97.567
97.8842
97.9746
97.1321
98.9358
101.448
101.993
100.447
99.674
101.548
103.137
103.514
102.16
105.104
104.418
105.669
107.617
107.688
106.881
108.365
108.548
108.518
107.023
107.009
108.773
107.309
106.637
108.931
111.633
111.036
112.082
110.154
110.197
110.919
111.691
110.409
110.554
110.067
111.253
111.668
111.302
110.538
110.421
111.392
112.485
111.559
110.942
112.845
111.921
109.646
108.143
106.53
107.88
108.361
106.558
106.61
104.016
105.063
103.446
101.112
104.252
103.47
103.763
104.505
103.261
104.532
103.691
104.389
101.982
100.65
100.867
100.184
99.0698
99.1957
97.9454
96.5911
96.2753
97.682
98.8865
100.241
100.563
101.284
100.13
98.3241
99.7867
101.247
101.055
98.0428
96.0834
95.1799
91.6662
90.7023
88.0244
87.0324
86.3151
87.4001
88.4296
88.5737
88.0049
89.905
90.6905
88.6037
87.6756
86.064
85.7604
85.469
84.5364
83.1857
83.8505
82.9
83.1304
82.4572
82.3695
83.3077
84.417
86.4986
87.4201
86.9247
85.3365
84.4472
83.3788
84.3185
85.2128
85.6117
85.4195
84.2339
83.3618
82.0963
82.9677
83.4281
84.0206
85.0037
84.6221
84.7929
84.9332
86.2712
86.3113
86.8537
85.6023
86.6549
88.4791
90.5657
87.764
88.6287
