100.514
99.911
99.8932
100.58
101.37
102.125
101.791
102.021
103.011
101.544
101.261
101.515
101.118
99.8688
100.086
97.7411
98.8404
99.1859
98.9047
101.435
103.739
103.982
103.429
103.902
105.209
106.873
108.128
107.356
109.035
110.133
112.793
111.494
111.563
111.908
110.783
111.734
110.881
110.718
112.077
111.694
109.896
106.071
103.643
105.336
106.979
108.483
109.557
109.891
107.606
106.847
108.306
107.7
108.011
109.13
110.398
110.168
110.937
109.498
111.135
107.911
107.553
105.253
105.722
105.894
107.156
109.036
109.67
109.512
112.42
110.904
113.836
114.094
109.187
109.897
109.551
108.758
106.787
106.845
108.466
109.285
108.953
111.666
113.946
115.731
116.235
117.2
117.316
115.473
115.905
115.326
115.838
116.881
117.001
120.093
120.736
123.861
121.527
121.085
123.308
124.423
123.896
122.054
123.804
123.784
124.786
123.463
125.675
126.375
129.014
129.837
129.584
130.098
127.161
131.62
130.851
131.424
132.26
132.91
132.838
135.292
136.126
136.364
136.4
136.673
138.423
139.292
137.283
139.751
141.546
141.635
141.059
142.995
145.492
144.16
144.675
143.66
139.938
141.206
138.936
138.647
139.029
140.545
142.141
141.272
140.136
140.883
142.945
143.455
142.231
143.676
140.128
140.525
140.3
138.901
135.985
135.255
135.475
134.372
136.027
135.958
135.464
137.987
138.276
137.01
141.177
140.648
140.468
139.476
135.212
136.422
137.484
140.055
138.585
137.483
140.735
143.872
146.459
147.092
151.228
155.475
154.225
154.785
156.548
156.766
157.874
159.386
159.685
162.797
159.471
160.337
158.463
156.8
155.688
158.286
158.659
158.096
158.912
162.114
167.397
168.362
167.756
168.121
171.596
172.664
174.082
174.634
174.647
175.426
175.151
175.862
177.054
178.892
179.002
178.758
178.009
179.706
186.395
183.46
183.007
184.763
184.649
183.519
176.36
176.545
176.592
181.098
180.938
182.419
183.828
181.513
179.888
180.207
179.003
177.771
175.627
177.577
176.6
177.543
177.496
175.153
172.412
172.778
170.638
169.037
165.275
166.018
167.242
170.721
173.473
171.916
171.857
171.905
171.357
167.636
164.967
165.168
161.247
163.435
161.929
161.638
163.228
163.453
162.96
161.143
161.427
159.738
157.52
159.516
157.584
156.351
157.245
155.724
155.667
156.23
157.894
158.983
156.272
154.563
156.575
155.299
153.208
151.247
151.939
151.87
151.893
151.532
149.599
149.34
150.931
152.035
152.587
146.844
144.588
144.482
142.913
142.83
144.533
145.057
144.388
144.981
148.972
149.938
150.007
152.141
152.373
151.417
152.519
152.352
154.713
154.027
152.693
151.125
149.519
151.956
151.684
149.718
149.968
148.48
149.067
145.257
144.565
145.961
144.388
141.561
140.876
141.121
141.05
138.213
137.014
135.32
135.107
136.872
135.694
136.99
139.909
140.021
139.581
140.173
139.675
138.945
135.214
135.636
136.685
139.647
137.131
138.974
137.513
139.22
137.815
139.013
137.741
135.739
136.439
133.544
130.804
128.893
127.947
128.604
131.407
128.327
127.552
127.308
127.896
126.238
127.607
129.757
130.175
128.306
126.337
127.267
126.899
129.092
129.363
128.941
129.739
125.673
124.504
122.776
120.131
121.309
122.42
122.695
123.453
123.481
123.357
123.519
122.518
121.247
121.332
121.923
120.084
118.669
117.684
117.245
118.433
119.105
119.398
118.298
118.21
118.891
118.845
119.189
119.648
122.222
123.142
122.795
121.537
121.887
120.605
121.741
124.012
123.013
123.777
124.069
122.531
122.933
123.938
122.832
122.325
122.772
123.263
121.043
120.685
120.344
117.993
118.757
119.746
119.224
119.833
119.734
121.49
123.681
124.29
123.477
124.023
121.528
120.851
118.666
119.459
121.414
122.923
123.412
122.47
119.799
120.154
118.977
117.989
117.876
116.448
116.384
117.044
115.708
116.016
114.786
113.006
111.361
111.317
110.566
112.766
113.094
109.491
107.477
108.454
108.767
109.624
108.935
108.317
109.125
108.155
111.044
112.976
112.913
114.418
116.43
118.939
118.959
121.174
120.007
121.6
123.641
122
123.755
121.2
119.597
120.857
121.127
122.482
123.562
123.31
125.699
126.924
125.751
124.73
124.57
122.598
120.901
119.542
120.455
121.526
120.038
121.402
122.796
122.852
126.119
125.565
124.091
125.274
124.45
125.092
123.955
123.407
120.538
119.832
122.578
123.43
124.94
122.448
121.069
120.393
122.845
120.989
119.434
119.778
118.259
118.004
116.893
117.075
116.914
119.698
122.315
124.65
124.602
126.233
127.525
128.508
131.013
129.682
131.468
131.539
132.83
132.265
130.026
130.646
132.254
134.334
132.069
129.253
127.776
128.476
127.232
126.216
125.054
124.675
127.254
127.71
128.877
129.858
129.549
130.184
129.195
129.76
129.464
129.504
129.766
129.86
129.922
128.33
125.891
126.938
127.801
126.14
125.489
124.802
127.635
128.899
128.437
126.457
125.992
124.876
122.115
120.806
120.983
119.26
117.152
118.074
117.269
119.16
120.305
120.941
120.606
117.616
118.933
117.955
117.843
120.169
121.502
121.297
121.949
121.288
118.943
