101.321
101.288
102.974
102.997
102.894
103.821
103.257
104.738
102.573
99.6528
100.234
102.679
103.849
103.362
103.785
103.864
101.045
100.713
100.958
100.359
101.079
100.221
100.562
100.286
97.9138
98.3406
98.8239
100.566
100.317
99.974
98.7046
99.4659
100.783
98.9092
99.2172
99.7245
97.9645
99.7524
100.543
101.96
102.002
104.557
104.687
103.87
105.092
104.714
106.386
108.56
111.396
113.279
111.945
113.792
114.02
112.628
112.289
113.53
113.161
114.74
113.583
112.117
116.01
115.356
115.018
116.017
115.329
117.363
118.301
118.835
119.914
119.654
118.423
116.634
115.659
117.546
117.075
118.38
117.428
115.844
117.78
117.128
117.168
118.973
118.079
118.191
118.77
120.161
118.594
118.023
120.225
119.294
119.071
116.953
117.702
118.161
119.449
120.304
118.785
120.07
121.628
119.915
121.287
123.22
125.282
123.857
122.207
122.056
124.864
124.934
125.843
128.311
126.512
126.788
127.793
125.303
124.99
122.957
123.505
127.109
124.901
125.208
125.198
125.213
127.626
128.799
131.222
132.775
134.468
135.991
134.843
135.066
135.432
133.15
133.857
130.199
131.207
130.787
133.136
135.905
135.538
133.563
134.923
137.083
137.193
137.491
136.63
138.563
136.647
137.83
136.343
137.238
135.647
132.41
131.543
130.951
128.176
127.7
126.823
125.088
125.159
127.239
124.81
126.417
125.402
123.607
124.857
123.775
125.654
127.183
125.906
123.442
125.664
124.704
125.793
126.336
128.225
129.327
128.764
127.984
129.763
128.611
127.103
127.496
128.094
129.861
128.177
128.291
125.41
128.667
129.539
130.461
130.619
132.236
131.012
136.398
136.985
140.768
140.463
141.079
139.085
141.792
141.417
141.341
139.707
141.258
141.004
142.018
141.991
140.656
142.413
144.625
147.659
146.462
145.065
144.571
142.803
144.222
142.149
140.49
140.579
140.14
138.343
133.766
138.192
136.896
135.514
137.283
136.075
140.277
139.448
136.096
132.764
132.269
131.815
131.68
132.169
131.088
129.001
128.874
127.288
126.456
127.169
129.314
128.26
130.038
128.647
126.313
127.954
128.621
129.333
130.934
132.295
129.162
129.605
128.413
129.475
128.619
128.971
128.948
127.039
126.493
125.782
125.567
124.804
124.605
125.552
125.758
124.135
123.908
123.164
123.946
125.86
126.149
126.039
127.859
128.828
129.303
130.032
130.346
129.417
128.489
126.582
127.927
126.764
124.2
125.169
124.081
123.333
120.823
120.798
122.221
125.981
127.88
128.306
127.091
127.366
125.59
125.68
123.212
122.954
121.015
123.118
123.631
122.596
122.841
124.02
125.753
126.694
125.127
125.893
124.834
125.797
126.117
126.15
127.102
128.781
126.773
125.343
123.677
123.216
123.263
121.107
118.764
122.197
123.326
123.747
122.634
121.529
121.729
121.837
122.303
121.055
120.229
119.316
117.918
119.363
121.367
122.137
122.486
124.442
121.597
122.089
120.104
120.787
121.398
121.442
123.278
123.51
125.211
123.791
123.198
122.483
123.249
123.77
123.078
125.131
127.355
129.913
129.564
129.715
130.376
130.272
131.301
131.207
130.105
132.754
131.659
133.609
131.497
132.493
132.524
131.682
128.74
131.286
132.174
132.048
129.489
129.307
130.956
131.939
132.282
130.616
128.136
128.871
128.581
127.479
125.548
124.866
125.307
122.299
123.669
123.393
123.385
126.077
129.001
130.847
132.185
133.853
132.414
132.264
130.487
132.053
130.983
130.873
130.341
133.187
134.489
135.6
134.229
132.18
132.87
132.177
128.641
127.484
128.323
131.347
129.884
130.05
130.768
131.805
131.035
132.821
131.696
132.408
131.531
129.054
129.054
130.416
128.497
126.224
126.991
125.743
123.719
124.06
125.119
124.56
122.405
124.129
122.36
122.43
122.161
120.123
122.211
120.337
121.062
116.8
116.922
118.227
116.365
118.662
119.027
120.027
119.129
118.416
116.724
114.785
115.428
116.967
118.07
119.833
121.496
121.157
121.818
122.607
123.722
124.959
126.288
127.495
127.405
126.855
123.568
124.116
125.046
123.705
124.7
122.637
122.246
123.321
119.76
120.628
123.213
121.493
123.3
122.296
124.986
125.77
126.576
126.835
124.223
124.874
125.699
126.415
126.644
128.982
125.991
126.766
125.203
124.249
124.84
125.42
123.518
121.44
121.56
119.896
119.062
119.916
118.476
117.553
115.857
115.725
114.295
116.42
116.22
115.534
118.195
118.301
117.718
118.347
116.828
116.293
116.194
117.321
120.059
119.354
120.113
121.889
122.644
124.3
122.717
122.801
123.661
123.155
123.02
121.594
123.711
124.383
127.481
126.024
123.21
121.551
120.759
121.78
122.689
117.587
119.391
118.061
118.528
117.252
117.914
117.199
115.743
116.419
117.468
115.708
115.787
114.492
115.92
114.076
115.182
115.409
114.098
115.002
116.243
115.462
113.577
114.53
115.354
115.701
114.562
112.88
112.165
110.982
111.151
113.608
110.713
110.53
109.828
112.754
109.97
107.426
106.534
106.162
107.987
107.101
108.608
107.749
110.118
107.889
105.916
102.929
103.194
104.195
104.172
104.361
103.523
103.572
103.51
104.13
102.944
104.084
104.169
