98.7582
97.177
96.3465
95.104
93.5206
93.1412
94.2207
93.9342
91.7095
90.4468
89.3231
91.6827
91.7869
93.8522
95.6531
96.8501
96.849
97.4662
98.0565
99.8229
99.4331
97.8835
96.4565
97.2054
95.2167
94.3798
95.309
95.3062
95.8055
94.2453
94.8445
96.7794
95.8126
97.1699
100.432
99.6798
100.233
99.5854
98.9027
100.37
100.751
99.3219
99.7981
98.4771
98.225
97.9923
95.7414
96.1764
96.9792
97.2844
98.8604
98.0525
95.453
93.412
94.9505
93.3433
91.5442
92.344
94.0658
94.0339
92.576
92.5523
93.9646
93.4056
93.6287
92.741
93.936
92.8214
95.4087
95.2785
94.9249
97.1351
98.3015
96.1312
96.2208
96.9848
97.2835
97.4264
98.169
97.7458
98.8941
97.6271
97.6011
96.0105
94.449
94.0995
93.4657
94.7965
94.7624
95.9696
95.566
96.8974
96.7722
98.4139
99.7835
99.3298
100.637
100.013
99.0304
98.1115
98.2962
98.5457
97.6777
97.2655
95.9183
97.7154
95.5595
95.9848
95.1607
94.4558
96.127
97.3017
98.4635
96.7797
96.1806
95.0933
95.1962
93.9937
95.0468
95.6281
94.024
94.1559
93.4994
94.2519
95.7271
96.441
97.8717
97.4891
97.3009
97.6818
99.1513
97.2475
95.9379
96.4269
96.7292
95.8542
96.2942
95.6732
97.2473
96.1973
97.3171
95.9912
95.2565
94.3721
93.9176
94.6092
94.2616
94.1769
94.6312
93.172
91.3398
92.8618
94.0485
94.3224
94.5466
96.5597
96.049
96.5602
96.194
93.9747
93.2421
93.1845
93.1371
93.7089
93.977
95.2101
95.5525
95.8098
94.9394
93.9219
92.3068
93.1143
93.9947
94.5357
93.7414
96.0629
95.8592
96.4009
96.5508
97.366
98.0622
97.9617
97.7157
100.041
98.3989
97.9588
100.548
101.825
99.9659
100.595
99.058
99.1447
96.7179
97.0962
96.8516
97.369
97.0338
96.0101
96.324
94.0034
93.8248
92.6165
94.4581
92.75
94.0388
95.8297
94.5333
94.9642
93.9197
93.2483
93.8078
93.727
92.6673
92.4596
91.6904
92.1989
91.2429
90.7088
90.2388
90.1536
91.2378
92.5602
91.5172
90.2091
90.0216
89.7689
88.8805
90.2383
89.0866
89.4498
89.083
87.9889
88.1947
86.6862
86.6132
87.1983
87.1571
86.033
85.6678
85.3344
86.2424
84.4744
84.7649
85.1602
85.578
85.6068
83.7021
82.7751
81.654
80.6833
79.3167
80.0648
80.8819
80.142
79.4371
78.985
79.5477
80.8355
80.4587
80.3915
80.3836
80.5579
80.2296
81.0915
78.7985
79.0121
79.0361
78.7865
78.3092
77.3997
78.6136
77.9019
77.769
78.2201
77.9483
76.9144
77.5529
76.4787
77.8502
76.9499
76.9174
77.1525
77.7335
76.9418
76.5238
77.2587
76.4642
77.3591
75.3886
76.5189
76.5679
76.3388
76.7955
76.0062
76.8313
78.0742
78.4207
79.2284
82.221
82.2494
81.2733
80.755
80.9025
80.4237
81.1183
80.6648
80.7173
80.4764
82.1507
82.6264
83.7361
85.2523
86.6966
86.3363
87.8316
88.6079
88.0951
86.765
87.5821
88.421
89.1198
87.2133
86.1875
84.1822
84.7088
87.1603
88.8366
89.697
90.7715
91.2558
91.7863
93.2942
92.6003
91.8919
91.1742
90.3269
92.3214
93.1165
94.101
93.7924
92.2077
91.3087
92.428
92.381
91.8128
92.1008
89.8434
90.8117
91.9013
91.1453
92.7396
91.9751
91.8527
90.2402
90.602
90.5592
90.814
89.501
89.5074
90.6956
90.8328
89.8738
89.3047
88.614
84.3416
86.3037
86.4545
85.6502
86.3717
86.4105
87.4164
87.8955
86.3558
86.9987
86.209
84.5859
84.6154
85.8258
85.1954
86.5
86.6343
86.4791
86.1849
87.0357
84.9267
85.4765
86.0319
85.5712
84.3472
84.5246
84.9458
83.3546
84.2504
85.1949
84.2439
84.1544
83.241
83.1564
82.7231
82.7441
81.9799
82.3926
80.9367
81.4747
80.3968
81.3066
82.869
83.8713
83.7158
84.2428
82.5545
83.7584
85.1121
87.7596
87.991
87.2477
87.0167
85.3898
83.205
83.6947
84.8136
83.734
84.0758
83.8657
85.7464
84.6341
87.4849
89.0559
90.0741
89.6502
89.4763
91.1851
91.8646
92.066
90.218
90.908
90.8868
90.3212
91.3509
92.7795
92.9953
92.6002
92.2184
93.0346
92.6327
93.5274
92.2551
92.4249
91.4346
91.6515
91.8827
91.5598
89.9061
91.3771
91.1797
91.64
91.9154
90.8321
89.1535
88.0335
88.2867
88.8784
87.5321
88.1331
87.9905
90.1447
90.2834
89.8749
89.5076
89.0617
89.8808
91.4545
89.9298
88.1951
87.5078
85.4048
86.3089
87.1805
85.414
87.1178
87.5978
88.6938
86.869
87.8974
86.2974
85.4615
85.9263
84.0069
84.3253
83.2249
85.3586
86.553
88.1203
89.6529
88.3087
88.0483
88.5051
88.5256
88.2384
87.5145
87.9122
88.7076
89.4981
88.4851
87.1542
87.4025
88.9236
88.8939
91.3093
92.195
92.741
92.8306
92.6931
90.4532
90.9587
90.8307
92.1766
92.4149
90.9294
92.9183
93.4703
92.7961
92.8265
94.0551
93.4001
93.3943
92.9157
94.1395
94.1378
92.8763
91.9025
89.1709
89.354
90.1418
92.0949
92.3107
92.1733
93.5271
92.9585
91.9499
91.233
91.9918
93.6432
93.8757
93.7598
93.0124
93.3181
93.718
89.9785
89.9569
90.8563
90.6403
91.0731
92.3569
94.1947
93.9681
94.9438
93.6928
94.7513
94.5917
94.7328
94.7617
94.5484
96.157
96.512
95.4936
96.976
96.4548
95.4352
95.8557
94.9747
95.8601
96.8826
96.6807
98.3956
98.9741
98.1515
98.4314
97.0471
96.6493
95.637
95.7529
95.2571
93.6274
94.348
92.7587
94.5989
94.6033
94.9071
93.4181
92.427
92.3662
92.6038
92.2495
93.8966
93.9735
92.2788
90.1847
88.8725
88.2621
