99.0929
100.393
101.85
101.8
101.278
101.023
101.475
101.491
101.932
102.698
105.286
104.688
106.028
106.725
106.003
104.585
104.992
105.016
104.089
102.865
103.428
103.605
104.664
104.828
105.49
101.629
102.883
103.369
104.715
105.007
105.273
103.512
102.417
102.996
101.811
99.922
98.333
97.7658
96.8972
95.779
96.9439
96.3607
96.0692
97.0899
97.3919
97.0102
95.8238
97.4545
96.2492
98.6607
99.5803
98.4814
97.4036
96.6795
96.5421
96.8031
97.6835
96.1846
96.6369
95.9774
96.0222
96.8744
96.4915
96.4829
97.5721
99.4396
99.7627
99.5613
98.7942
97.9983
97.3848
95.4865
95.5342
95.7435
95.5533
97.7682
97.8627
98.0564
98.8871
97.6204
98.1976
99.1261
98.2506
95.0141
95.5699
96.1181
96.6173
97.1594
96.5507
96.8642
96.5611
96.8813
96.8981
97.3261
97.1636
96.9342
95.7721
96.8747
96.0398
96.235
96.1823
98.6763
98.051
98.6478
98.8927
99.3528
100.237
101.7
104.545
104.468
108.537
108.473
107.158
105.524
104.847
102.808
103.855
104.156
104.56
104.53
103.764
103.316
99.547
99.0935
99.5722
100.717
101.856
101.943
101.86
102.336
103.463
104.671
102.887
102.919
101.892
102.835
104.526
104.738
105.454
104.156
105.902
108.817
107.901
106.184
104.557
105.322
104.437
104.701
103.588
103.49
101.83
100.652
99.3084
100.278
101.379
98.9858
95.8584
96.0833
96.331
96.4859
98.4653
98.6868
96.5553
97.5521
97.5154
97.0525
98.1896
99.0193
98.3415
98.1322
97.1606
96.0139
95.7202
92.8995
95.3488
95.157
94.1071
93.7439
93.5286
94.0981
95.0024
96.1441
96.6075
98.9344
97.7353
99.4442
99.0637
99.6502
98.4908
98.1261
98.2944
97.807
97.3024
96.2189
96.5561
98.5237
98.3447
98.9638
97.4869
97.2766
96.0818
94.4298
93.4466
94.6048
94.7561
96.9127
92.7875
92.1741
91.9259
91.7717
92.5224
92.8629
92.337
92.2783
91.0732
90.9627
91.8389
91.3909
91.2095
93.8538
91.4999
93.1281
92.2165
90.9425
90.0549
91.5056
91.2931
91.0021
91.9984
91.759
91.6437
90.5394
92.2008
93.5171
93.7895
95.5009
96.6637
94.7929
97.0527
96.2113
98.1966
97.4667
98.1381
98.7273
98.9908
99.9449
100.013
100.889
101.479
101.595
101.481
101.147
101.688
100.202
100.238
101.347
100.404
99.4313
99.2682
99.1861
97.1025
95.6777
93.0994
93.2601
95.0933
92.5609
92.4022
93.0899
93.7988
95.6349
94.1104
95.5805
94.1165
94.8099
93.6124
91.9104
91.6739
91.5437
91.5939
93.5543
93.3034
94.3518
94.167
95.9477
94.3639
94.6453
93.3497
94.4466
94.085
94.3645
94.2689
94.8151
96.842
100.108
99.5648
100.241
99.9046
99.3145
98.921
98.8525
100.769
100.681
102.13
101.129
100.189
100.382
99.4575
99.5034
97.8718
97.306
98.0002
97.1301
95.836
95.4579
95.8143
97.1667
98.2129
97.8957
99.3737
99.4779
99.6333
99.6687
98.8139
97.5929
98.0838
97.2835
98.5563
99.7556
99.0734
97.9372
98.4791
97.0671
97.2484
95.5429
96.6011
96.5738
94.6842
93.8328
94.0321
93.551
94.1203
95.5678
94.0612
93.4565
92.752
92.9009
91.7805
93.1586
93.818
92.9923
92.666
91.1147
91.4867
92.4059
95.0971
95.6117
96.2645
95.2036
94.1581
94.463
93.2481
94.6241
94.5076
93.074
93.7287
93.151
93.7112
94.0707
94.7022
95.4029
95.238
93.2235
92.2149
91.3626
90.3786
90.6189
89.601
90.3981
90.3334
91.1782
89.8471
88.76
88.4497
88.7385
89.2488
89.0657
88.0452
87.8687
87.2973
87.1903
87.4485
87.7269
87.3263
88.4722
88.6123
89.5079
86.553
86.6838
86.458
84.6354
86.9503
86.4668
84.8691
86.2654
86.163
83.6391
84.1589
85.1784
83.4275
84.7386
84.1689
82.181
80.7701
80.4382
79.1765
80.8585
81.0933
81.2837
82.4842
82.6493
83.0437
82.9815
81.5065
81.3118
81.5617
81.7426
82.3387
82.3151
82.0624
82.6102
83.435
84.3623
85.2244
85.4925
84.7736
84.9419
83.3484
83.2244
81.6801
82.072
82.4308
84.4116
85.5427
85.9779
85.5984
86.0575
85.3628
85.9375
83.8227
82.8486
82.4487
82.0267
81.6233
81.0789
81.4657
82.0136
81.5815
81.4997
80.5005
79.5665
80.4101
80.1708
78.9722
80.1588
80.2097
79.6639
79.0464
79.1159
81.7106
83.2806
85.2193
86.1009
85.9256
84.3588
85.1805
85.6226
86.5087
86.5841
87.7099
87.3224
87.6873
87.7984
89.924
88.4674
88.5327
86.4426
86.2297
87.8339
87.7532
88.2916
88.9029
88.441
90.1632
88.0236
88.4679
89.7469
91.1724
92.0174
91.385
90.5968
90.0168
90.4749
91.3097
93.2775
92.7689
90.9197
89.4468
89.3779
92.5825
92.6785
93.0669
94.6658
96.3852
97.4807
95.8344
95.769
95.1635
96.4454
96.9691
99.0086
98.8338
99.1503
97.9133
97.2571
97.1696
97.5205
98.0876
99.1831
97.7379
95.7721
94.9567
94.2103
95.7176
96.7883
99.3133
99.8901
99.4972
99.3734
97.2016
95.7939
96.9158
96.0441
94.227
95.4328
96.0046
97.1259
98.3838
97.2529
95.7763
96.8282
96.1118
96.2173
96.7414
95.4786
96.8805
97.3218
98.5438
100.062
96.7486
95.6522
95.1552
95.4548
94.673
95.3669
96.0271
96.7869
95.9709
96.9089
96.3174
96.4053
97.2553
97.9127
96.489
96.7129
96.8764
99.1079
98.5871
99.0436
98.6187
99.5749
100.855
99.559
100.627
99.3725
101.217
98.9396
97.2088
98.8787
98.0115
99.4492
99.7979
99.187
98.5439
97.6363
97.8376
96.3491
96.2593
99.151
99.178
99.0688
