98.3325
97.7572
97.7702
95.8018
96.0989
95.8158
95.6493
95.5408
95.6768
97.4437
96.9803
98.742
98.4879
98.9671
97.8515
98.6871
98.7754
98.3013
98.0422
96.9172
96.6843
97.9588
98.7406
99.9983
101.483
99.4914
98.476
98.4894
98.4194
98.3441
98.4683
97.6237
99.3639
101.105
101.772
104.144
104.455
103.14
102.477
101.908
101.504
102.623
103.093
101.469
100.297
100.785
99.0996
97.649
96.7959
95.4092
94.5411
94.583
95.2
96.7956
96.3878
96.5249
97.1455
97.79
99.5393
99.676
100.71
102.648
100.738
100.128
99.22
100.447
100.372
102.398
103.072
100.802
99.572
99.7796
100.544
101.62
101.977
102.06
101.664
102.546
101.769
100.317
102.116
100.743
100.711
101.3
102.359
102.057
101.683
102.95
104.116
103.504
103.341
102.726
100.877
101.76
101.509
103.3
104.754
104.728
104.722
104.583
103.516
100.948
100.465
100.755
103.264
103.639
103.237
104.937
104.127
105.151
104.033
103.036
101.374
101.103
102.814
101.837
104.398
104.486
103.522
103.13
103.674
105.668
107.114
107.594
105.889
104.427
101.969
100.606
99.8666
98.3958
94.258
96.0601
94.0431
93.6997
92.772
94.3473
94.9596
92.2921
92.9935
91.9559
90.4115
91.0881
93.0512
92.2501
94.4954
94.5189
95.3006
95.332
94.3474
94.3804
94.324
95.5198
96.101
95.8569
96.9078
97.6674
97.0613
96.1011
95.5501
96.7251
97.017
97.8813
96.9984
97.6367
97.2543
98.8631
99.308
100.964
101.784
102.159
101.215
100.697
101.211
102.379
102.436
102.098
104.516
105.098
102.598
101.377
103.094
104.98
104.175
105.415
104.124
104.784
105.731
105.704
105.821
102.901
103.002
103.256
104.306
105.851
105.63
104.442
102.551
103.5
101.946
100.977
101.695
101.041
101.195
99.4146
98.0458
98.9408
97.3203
96.9802
95.8648
94.3541
95.8349
95.5658
93.3991
93.1477
93.4913
92.6725
91.3546
91.8838
92.5644
93.6534
92.9323
92.883
93.3451
94.4464
95.144
96.0944
95.9818
96.3714
95.9625
96.5927
96.257
96.4305
97.4983
96.8387
96.8932
95.8531
95.1205
95.2359
95.818
95.3337
94.8498
94.2475
92.4973
92.0248
90.5303
90.2305
91.0248
91.0593
92.2274
91.4534
91.5087
91.5625
92.3962
92.8366
93.3707
91.8326
91.7169
89.3999
90.1107
92.0322
89.362
89.5039
89.403
87.7279
89.4243
91.3862
95.0665
93.5535
93.0291
92.6802
90.2657
89.6852
90.0172
90.2036
89.9272
88.9643
88.9266
87.9999
87.2231
87.9896
88.378
86.9795
87.2166
87.7267
88.0136
89.0669
87.9078
88.8562
89.2745
90.8216
91.454
91.2029
90.2758
91.702
90.8537
88.0379
87.9435
86.5634
84.8616
84.7775
84.5051
84.2201
84.05
83.4343
82.2598
81.5846
80.0709
79.2454
78.7117
77.6477
78.2045
78.9843
77.9266
78.7605
79.1602
80.2383
80.6785
80.5226
79.1614
78.8755
79.1662
79.682
80.6037
79.3064
77.5485
77.5665
76.0453
76.822
76.2522
75.7361
74.6904
76.5094
76.5376
76.538
77.3132
77.8678
79.3711
81.0774
81.6937
81.917
81.0259
81.8953
82.5319
83.5691
83.8467
84.182
84.5638
83.9739
84.3334
82.6565
80.7227
80.8685
79.7003
80.9623
80.7132
81.442
81.625
82.393
82.8246
83.107
80.7855
82.3752
81.8563
83.324
84.37
85.8052
85.2338
83.9705
83.5629
84.5779
85.2305
84.003
84.1403
82.7191
81.8106
82.0164
82.539
83.5627
80.8088
81.1273
81.1011
79.2916
79.0269
78.0335
77.6805
77.8742
76.4843
76.8776
77.442
78.5518
77.7727
77.9092
79.2201
79.2656
79.876
78.8098
78.3014
77.446
76.0655
76.4587
75.2711
75.4502
76.0188
75.4382
75.4489
76.3883
75.2792
75.8225
77.2191
78.5031
78.1617
76.7221
77.7789
77.1196
77.1177
76.1849
74.7868
75.3443
75.8413
74.9755
74.9021
75.234
74.7552
75.8463
76.0129
74.6602
74.3103
73.6884
74.2251
73.2531
74.8161
75.5943
74.7931
75.8129
75.3076
74.7459
74.9796
75.6479
76.2756
76.1861
74.7647
72.9886
74.2582
75.763
76.5373
76.7031
77.1522
76.3751
76.7101
75.7603
76.7747
77.37
77.1327
79.495
79.0881
77.1253
78.3703
77.0926
77.898
77.3605
77.6963
77.4207
77.3891
76.0977
76.9754
77.1051
75.7129
76.1855
77.2475
77.8615
77.9418
76.9159
76.5218
75.9407
76.0838
77.5388
78.2908
77.8149
76.7698
77.5053
76.8073
76.9145
77.3807
75.2907
75.3178
75.5936
77.1435
77.2064
75.5033
75.9176
74.477
75.5193
75.0013
73.5753
72.936
72.449
72.6172
72.8516
71.4011
72.1617
71.7735
71.5684
70.5053
70.5626
70.0476
69.0766
69.629
69.4301
69.6987
69.3926
67.3791
68.1173
67.2256
67.2925
68.3514
67.4786
66.9263
66.6633
66.1073
67.0538
66.0831
66.2938
66.2647
66.7363
67.6485
69.5125
69.7353
70.5992
71.6802
72.4626
72.7621
73.5077
72.9114
71.9729
71.4388
71.7282
70.8505
69.9891
72.1042
70.9652
73.0699
73.6678
74.2914
73.9921
73.8076
72.7118
72.8548
74.0011
74.4667
74.3895
75.3882
75.5872
75.3183
75.5479
76.9064
77.7736
76.2775
75.9233
76.6848
76.7506
75.6721
75.2087
75.3857
75.0939
76.129
75.7862
76.5231
77.1008
76.8354
77.1655
77.2334
78.3505
79.6441
81.1458
83.479
84.886
85.2613
85.5016
86.2003
85.8624
86.8105
87.8976
89.811
89.162
88.345
90.2885
90.3446
90.8899
92.0668
91.1197
90.3705
90.7882
86.6661
86.9752
88.7012
87.0998
87.5078
88.9582
88.0998
88.5717
