101.142
101.982
101.123
101.226
99.7521
99.8287
98.6085
98.5437
98.7487
99.0812
99.0755
97.0051
95.6734
96.339
95.8575
95.7397
96.2709
97.242
97.4014
97.2908
96.0813
96.8705
95.3149
94.9639
93.0945
91.6543
92.2666
92.2312
91.6065
91.9963
91.2188
92.2565
92.5468
93.111
93.348
93.3771
94.5421
95.7841
96.1757
93.2746
93.3982
92.7328
94.1037
92.5357
94.2908
95.4474
96.0433
96.9063
97.1459
95.9249
96.4848
98.448
98.0109
97.5238
96.6305
95.999
98.5892
99.0354
99.4085
99.3152
102.84
105.124
105.095
104.224
102.384
102.499
102.133
102.795
103.146
103.662
105.222
104.918
105.994
107.156
105.949
106.575
105.042
105.343
104.48
104.205
103.458
102.278
102.026
101.321
102.495
104.887
106.29
108.059
110.066
108.732
107.598
108.523
108.917
109.401
107.139
105.126
105.818
106.387
107.212
107.226
109.521
108.405
109.541
110.494
111.175
112.206
112.262
112.076
113.254
112.637
115.007
118.112
121.86
123.456
124.405
123.196
123.931
124.791
129.033
125.944
126.511
127.428
127.797
127.741
126.916
125.637
128.8
125.815
129.56
127.225
129.519
126.727
126.953
126.563
126.149
123.156
122.973
120.955
121.008
119.245
118.38
119.454
120.473
123.169
122.747
125.243
126.575
125.338
124.415
123.137
122.02
122.424
120.593
118.862
117.964
118.244
117.754
115.941
117.492
117.605
117.396
115.845
116.975
119.69
117.813
118.281
118.859
118.26
120.162
119.657
120.319
120.077
120.319
121.16
120.407
119.736
117.817
118.157
118.21
118.574
117.446
118.222
120.403
118.831
116.793
116.731
117.093
117.581
116.715
116.993
117.523
118.106
117.64
119.093
116.679
116.625
117.081
116.098
115.387
114.997
115.544
113.481
109.958
109.346
109.353
110.378
112.362
111.912
113.229
112.557
111.653
111.114
111.662
110.271
111.076
110.528
108.494
108.102
110.387
110.366
112.345
111.829
111.424
109.238
108.018
110.283
110.19
112.021
113.327
113.879
113.101
111.21
111.567
109.549
107.445
106.213
106.757
106.944
104.377
102.674
100.981
101.867
102.462
103.304
102.881
102.19
102.902
101.835
103.463
101.465
102.31
102.664
102.75
102.612
103.689
102.435
103.039
100.917
101.292
101.445
102.591
101.161
100.037
99.2221
98.229
100.647
101.695
103.096
104.43
106.016
108.085
110.106
110.188
111.913
109.644
110.253
109.851
111.491
112.659
113.067
112.031
112.738
111.166
112.402
112.788
110.452
112.097
111.059
111.872
112.326
110.57
110.596
110.585
111.143
110.988
108.181
109.481
107.225
108.715
108.852
109.579
109.656
110.04
114.053
114.206
113.996
112.936
113.323
114.377
115.578
113.695
114.757
116.435
114.615
114.298
112.201
112.119
112.695
113.415
113.64
113.257
113.618
113.052
112.695
112.171
114.583
113.622
112.894
113.705
110.972
112.355
112.769
113.965
116.331
118.433
116.51
117.721
117.858
116.537
115.822
115.589
115.07
113.361
112.217
114.367
116.77
116.857
116.57
115.379
115.728
118.386
115.912
114.203
111.567
111.234
111.513
109.77
111.261
110.799
111.008
110.693
109.166
109.289
109.152
109.348
108.375
105.937
104.042
104.177
104.827
104.638
105.986
105.23
104.982
104.401
103.482
104.334
105.097
106.577
105.764
105.805
106.68
105.832
107.437
108.878
109.102
110.422
111.116
110.641
109.721
110.371
111.95
110.802
110.098
110.328
107.887
106.516
104.973
104.103
105.005
104.038
105.956
105.625
107.652
107.34
106.393
107.663
107.513
109.857
107.6
108.08
108.28
107.514
107.549
108.361
111.348
109.772
109.433
109.704
111.659
110.771
108.667
109.762
109.672
111.315
111.555
112.046
113.637
112.23
114.243
112.47
111.386
111.141
109.287
107.658
107.34
107.023
106.802
106.585
106.161
107.073
107.169
105.946
104.745
105.867
105.71
105.661
105.809
106.478
106.304
106.489
106.684
106.785
109.444
110.12
112.014
111.701
112.442
113.125
112.718
112.038
111.209
112.26
113.501
113.257
113.352
115.503
112.951
115.647
114.237
114.261
114.012
114.67
113.599
113.875
113.527
112.088
112.678
114.134
114.231
114.374
113.155
114.577
117.264
118.991
116.31
116.517
115.028
116.113
120.206
120.105
122.496
123.763
122.38
123.45
124.331
123.681
123.149
120.028
122.743
125.836
126.152
125.678
125.265
125.93
124.981
125.332
125.006
127.691
127.931
127.961
130.303
127.479
129.14
127.158
127.656
127.803
128.073
130.425
130.306
128.872
130.158
130.826
132.177
133.484
134.637
135.672
136.228
135.783
134.366
136.141
135.864
133.105
134.449
132.998
136.666
137.433
137.644
139.333
141.01
142.739
144.105
143.993
145.623
143.521
145.426
146.128
144.572
143.835
142.674
142.741
139.993
139.061
139.432
138.425
139.257
140.6
139.319
141.306
140.357
138.382
140.013
141.232
141.22
142.328
142.196
141.824
141.93
139.069
138.826
140.647
141.666
140.668
140.955
144.256
144.672
146.005
146.453
148.913
146.79
146.676
147.806
149.751
149.578
150.71
150.971
153.873
151.946
151.634
152.264
150.664
151.834
150.262
150.894
151.383
153.261
151.512
154.128
151.759
150.247
