99.4824
98.4845
98.5475
95.3304
94.1112
94.9188
95.5626
96.4154
95.3462
94.0059
95.0185
96.6497
95.9312
94.4405
95.7746
93.8034
93.402
94.0898
94.4017
95.5332
94.0942
93.7784
92.0916
91.5727
91.8158
92.3048
91.9998
92.5809
90.4502
91.4642
91.2395
93.2133
92.8431
91.959
92.0207
91.8784
92.8019
94.712
95.0801
96.4233
96.4404
94.4859
96.1135
93.1486
94.5835
94.8798
94.4156
93.9248
92.8006
92.0733
93.8147
94.7295
93.7255
94.267
92.818
92.484
93.1438
92.584
92.3852
90.9169
90.1656
91.2372
92.8801
91.1919
91.0054
92.0648
92.1969
92.9641
93.8764
92.6981
92.9605
93.049
93.3337
93.0728
93.2124
93.0955
91.7969
92.5809
92.1205
91.8828
90.7617
89.3116
90.1502
89.0033
91.0237
89.4565
87.439
89.1822
89.0375
88.2727
88.9062
88.4877
87.8638
88.0454
87.7618
88.6828
88.7996
88.2232
87.2021
86.0967
86.5961
86.5944
86.5105
88.6572
89.2957
89.8471
91.2769
91.4379
91.1008
91.1088
89.2363
88.4984
87.4671
86.3319
87.0871
86.8822
85.2868
85.9143
85.4381
85.9916
86.0053
84.4719
85.1352
84.3962
84.5054
85.63
84.2508
85.6606
83.4564
83.4675
83.1504
82.3617
82.2666
82.9163
82.3752
83.4414
84.978
86.1222
85.9159
86.2883
84.4051
83.7856
83.9954
83.1288
83.2302
83.4395
83.384
83.8372
85.0546
85.1584
85.4323
84.8374
84.0815
82.8457
81.3515
80.6109
81.2536
82.2595
81.1663
81.7611
82.1074
82.9875
82.2199
82.1081
82.2368
81.2841
82.1503
81.9479
83.017
80.5679
81.5287
81.7823
81.6475
80.8488
80.8353
81.2078
80.372
78.6258
79.6417
79.4709
79.4902
79.4201
79.5867
79.416
80.0173
78.4973
77.3264
77.4627
77.9053
79.1562
79.375
78.9778
77.932
79.5494
79.3585
79.3982
79.7591
79.26
78.8371
78.6352
78.7438
78.7001
77.6312
76.9997
78.514
78.2998
78.7566
78.7281
78.6762
77.2381
77.3678
77.8603
76.9706
79.2597
78.7075
78.5181
80.5895
81.3372
82.4632
81.6234
81.3941
82.3752
80.4204
82.0805
82.0042
82.1197
82.8396
82.492
83.169
81.8123
83.9857
84.2797
84.1348
83.8984
84.3512
83.0684
82.3682
80.6662
81.279
81.4776
82.8346
83.0087
82.6168
84.2928
84.5132
84.7498
82.7491
80.9048
79.1505
79.964
79.6888
78.8396
80.1761
79.2713
78.6039
79.378
80.3639
81.1581
81.7545
79.5527
78.4926
80.7796
81.9504
82.6965
82.5841
83.4419
83.3597
83.6067
84.9444
83.9638
85.7963
86.1833
85.111
84.9894
84.8701
83.1846
83.6738
83.8072
82.2482
82.5918
82.4593
82.0777
83.6363
82.3662
84.1009
83.9974
84.7429
84.705
84.7764
85.9589
86.3076
85.3274
84.859
84.7874
85.8142
84.5795
85.6031
85.9924
86.0467
85.8227
86.5381
86.8113
85.5806
85.8899
84.2488
84.5746
84.1578
83.3569
83.8151
84.9875
86.2661
85.2447
85.5054
85.4613
86.3034
84.9913
84.1111
83.949
81.2213
79.8267
78.0961
78.9989
78.8902
79.9781
78.2875
77.5996
77.9049
78.5627
76.2164
75.5703
75.9527
75.0773
75.6465
77.1238
77.4336
76.4914
79.7492
80.8301
82.619
81.3829
82.193
83.0134
81.2257
80.0802
79.1641
78.4186
77.5666
77.5759
76.8069
76.9623
78.0314
76.8931
79.0798
79.9112
78.6494
79.1193
80.6967
80.2491
80.7187
79.02
78.6503
79.4397
80.7805
80.9192
80.6855
80.9397
79.4605
78.859
78.1192
77.5051
76.7028
76.8681
76.6063
76.3249
76.0543
75.7982
75.6498
73.3514
73.0235
73.1782
72.8341
72.4465
73.771
75.3185
74.0565
76.8689
76.9491
75.0502
75.0035
75.0223
74.1327
74.8692
75.8168
74.4371
74.5903
75.6533
75.5476
76.7709
76.1387
77.8964
76.8678
77.1111
77.9383
78.8524
78.5417
79.9376
81.0909
80.743
80.0695
80.5846
80.2384
77.6038
78.0516
76.8046
76.6409
76.7419
78.0147
76.6164
76.0686
74.9556
73.3426
73.7906
73.4866
74.2593
72.8821
72.597
71.677
71.5347
70.7626
70.9466
71.7639
71.7837
71.7961
71.3844
72.4684
72.5037
70.9035
70.9536
70.9127
69.7179
69.6397
69.6036
70.4425
70.3095
70.6459
70.6196
69.76
68.8439
69.2643
68.3109
68.9451
68.9086
68.4332
69.2347
70.1057
70.7678
70.3672
69.8963
67.7886
67.8445
65.7271
66.5541
67.7806
66.884
65.3114
65.9285
67.3043
68.4294
68.5117
68.5449
68.3381
68.0155
68.0545
68.8637
69.3728
69.4799
70.0186
69.3853
69.553
68.8013
68.3248
68.2968
68.031
67.5454
67.6062
69.1117
69.0632
68.1718
66.8714
66.7901
66.7939
68.4876
68.0154
68.2227
67.4423
68.3378
66.8821
65.5053
65.4142
64.3607
65.4006
66.3628
66.3522
65.9399
67.1635
66.4621
66.5674
66.5217
66.2768
65.7233
66.4922
67.2053
66.9748
67.4684
68.1024
69.2529
68.9302
68.7193
69.8108
70.4826
70.858
70.7261
69.6209
70.7818
69.897
69.1674
69.5226
69.5692
70.3757
69.8759
68.7089
68.2227
68.0713
67.2245
66.1441
66.8003
65.8487
66.2478
65.9075
65.7241
66.6477
65.6663
65.8516
66.2681
66.3613
67.74
67.0934
67.2586
67.4235
68.126
68.853
66.5874
66.938
66.559
68.2254
67.2148
67.1431
68.6924
68.0264
67.1069
67.9152
68.9525
68.144
68.9341
69.2665
68.8818
68.9579
69.8535
69.6771
69.8007
70.1974
69.9203
69.6104
70.8742
70.7044
69.5508
70.0472
69.2208
68.6386
69.7817
68.7913
68.9869
69.4814
69.2619
69.3301
67.8472
68.339
68.9011
68.4173
69.1517
67.689
67.3272
68.0445
68.743
67.7056
68.8198
67.6461
67.3174
67.475
67.4267
