100.177
100.306
100.455
99.1445
100.721
102.783
104.204
103.314
103.572
103.131
102.109
103.982
103.321
103
102.641
103.761
105.242
105.875
107.756
106.996
109.47
106.836
106.643
107.002
106.428
108.076
107.627
110.525
110.958
110.441
111.371
112.655
111.23
111.926
111.499
110.121
111.349
111.757
113.967
113.763
112.381
113.401
113.946
115.798
115.406
114.76
115.238
114.308
114.544
114.048
112.484
110.875
109.758
110.581
109.627
110.434
112.047
112.68
114.286
113.395
115.16
117.464
120.454
119.718
121.022
120.83
121.016
122.438
120.985
121.773
123.179
123.493
124.494
123.538
124.586
125.706
123.142
125.59
123.356
124.126
124
125.365
128.025
126.504
125.706
129.091
130.919
128.713
126.531
126.661
126.622
127.363
126.27
126.619
125.896
127.703
125.035
124.694
126.344
125.262
126.105
125.412
125.695
126.412
124.559
125.693
124.839
125.152
124.546
123.809
124.716
123.923
124.035
126.102
127.761
126.774
128.114
129.463
131.544
131.41
134.047
135.535
135.894
135.109
135.207
129.956
130.873
127.538
127.935
126.395
126.682
125.108
125.785
128.461
129.552
127.997
128.515
130.177
131.759
127.987
129.297
131.28
133.253
135.968
135.057
135.058
135.738
137.526
138.42
138.336
138.003
137.757
137.32
138.064
138.174
138.542
139.282
138.41
139.038
141.857
141.53
143.653
145.232
146.49
146.814
148.231
149.51
150.114
150.415
149.391
153.742
152.511
152.63
152.752
155.921
157.859
157.979
157.65
158.485
158.213
155.25
153.71
153.255
154.871
154.333
154.643
154.174
152.729
154.772
155.486
155.52
152.749
152.621
154.68
154.565
151.957
150.654
148.057
145.425
141.168
141.145
142.178
142.482
144.033
139.432
137.071
133.045
132.492
128.887
132.572
133.325
130.266
132.55
132.797
132.806
131.371
130.523
130.418
130.145
133.394
130.959
131.084
129.752
131.729
132.183
133.247
134.481
136.449
135.782
136.04
133.731
133.94
133.875
134.221
135.322
136.487
138.419
139.681
140.309
142.248
143.573
141.265
140.495
140.122
140.25
142.52
144.224
147.245
152.358
151.396
151.953
152.742
152.964
152.328
150.428
150.734
148.562
149.907
149.326
149.57
151.227
151.756
152.207
154.284
154.096
152.108
150.762
150.835
151.117
147.842
147.046
147.266
144.198
147.349
148.174
146.845
148.866
146.33
147.391
144.318
146.369
146.345
141.293
143.963
144.281
141.308
139.674
140.522
142.108
142.163
142.399
139.377
139.817
138.494
134.951
134.181
135.789
136.629
136.08
137.994
138.391
136.349
133.989
133.876
132.203
133.926
135.046
134.715
135.726
134.29
131.654
132.299
130.317
128.53
129.336
128.061
127.765
129.177
129.833
133.329
130.783
133.505
134.962
133.177
132.446
131.705
132.841
134.528
137.046
138.961
136.559
135.629
135.87
136.115
134.833
132.432
131.161
128.431
128.92
128.447
129.36
129.737
128.348
126.514
126.085
126.93
126.822
127.253
129.993
129.593
130.213
127.322
130.417
130.306
131.319
130.905
129.558
131.225
132.061
135.67
135.235
134.723
133.831
130.973
134.836
138.517
137.377
136.076
133.571
132.493
132.817
131.96
133.463
131.842
129.625
128.581
127.917
129.671
128.918
129.37
128.967
127.708
127.212
127.509
128.325
127.789
126.88
128.586
128.429
128.142
129.957
130.966
133.698
137.026
137.706
138.683
139.419
139.906
140.588
139.03
139.223
139.477
139.344
141.505
144.374
145.173
144.596
147.984
148.457
150.017
150.001
147.526
147.936
147.188
148.901
149.861
151.814
150.783
151.088
152.231
151.607
154.235
151.312
151.452
151.809
148.21
150.906
152.902
152.915
151.352
152.654
154.335
156.639
153.677
155.313
153.433
154.078
154.033
154.333
155.83
156.861
156.572
156.307
156.365
157.197
156.23
156.263
159.933
160.905
157.939
159.054
158.492
157.471
155.985
156.333
155.002
152.724
154.05
154.507
151.661
149.159
149.303
149.295
150.97
150.109
150.949
151.581
153.611
154.835
155.922
154.925
158.203
156.72
156.341
159.002
161.372
159.881
160.949
161.857
159.323
161.499
162.524
163.337
163.932
164.262
167.745
168.135
167.568
166.838
167.575
163.559
161.374
163.365
160.855
161.732
161.607
157.869
158.037
158.934
155.867
156.62
159.423
158.062
156.385
152.651
153.464
151.927
155.329
155.471
155.594
156.825
156.544
159.171
153.483
153.807
152.8
156.819
154.48
152.827
151.502
151.819
151.723
155.006
156.847
157.963
157.1
158.641
162.631
162.269
164.474
163.182
164.607
164.587
166.551
166.305
166.894
165.125
166.714
161.558
160.325
159.459
159.493
159.018
161.209
161.986
163.704
164.978
163.634
163.784
161.702
162.029
163.503
163.199
158.775
159.253
154.838
153.199
153.153
152.385
149.556
152.73
155.07
154.431
154.376
155.841
154.942
153.079
155.52
154.648
155.917
152.633
151.839
153.027
152.358
152.13
151.909
152.677
154.697
156.438
156.032
152.385
150.566
153.703
156.73
158.9
157.325
155.034
154.01
154.311
156.422
155.324
154.567
156.008
156.797
156.387
158.415
161.33
162.2
160.269
157.404
