102.629
103.048
102.727
103.67
105.873
105.249
105.735
104.399
102.847
102.427
103.47
104.747
105.697
105.147
107.912
108.388
107.012
106.84
107.28
106.182
104.514
105.505
106.454
105.752
106.803
105.367
103.859
105.13
102.68
104.023
106.124
106.369
105.592
107.247
106.047
106.988
106.339
104.983
105.969
106.712
106.306
106.432
106.398
104.893
106.326
108.515
109.346
109.431
108.924
108.644
109.616
109.312
108.327
107.07
107.529
106.67
106.953
104.009
106.772
106.706
104.159
104.103
103.681
102.479
102.485
102.792
104.66
102.57
101.632
101.354
103.332
103.887
101.583
102.141
101.378
99.1704
96.5795
96.5964
96.8756
95.948
94.4185
94.2117
94.4696
95.2722
95.7055
95.05
96.0576
96.9703
98.5869
99.7708
99.7019
98.8513
97.3311
98.4658
97.5471
96.4677
96.9739
96.4828
95.6734
94.972
93.3838
96.4663
96.3136
96.4127
96.7576
94.9256
94.561
95.8067
95.1511
92.0917
91.8117
91.8741
92.9539
91.1011
90.5959
91.3551
91.3671
92.4749
93.1214
92.8776
91.5776
89.079
90.2175
90.8538
90.4421
91.1492
91.1666
92.5846
92.6059
91.6509
90.9523
89.8166
90.0486
91.0032
91.3459
90.7139
89.5288
90.7557
90.8206
90.7207
90.0547
90.3097
90.3476
93.0536
92.9857
93.9718
92.8158
92.0443
89.3165
90.636
90.8601
90.6899
89.8754
92.1142
92.208
90.861
88.2671
88.1943
86.4084
88.1115
88.8103
89.01
90.9549
90.8183
90.7883
90.6636
91.1527
90.3806
89.829
90.563
90.3609
90.0262
92.1223
92.9609
94.0694
96.4013
95.9974
95.8645
97.4969
96.6593
96.498
97.8141
99.264
98.8899
97.7241
97.4448
96.4607
94.4419
94.656
95.0737
93.0856
92.4537
91.1312
89.7312
91.3868
91.6598
91.3563
92.4697
92.8975
92.7855
91.5011
90.254
90.8914
90.9311
91.0983
90.1691
92.0143
92.8424
95.1203
93.088
93.9044
94.3298
94.6623
93.5456
94.7802
92.8248
92.5111
91.6383
91.0002
91.2032
91.5581
92.1815
95.6526
98.0722
97.3802
97.6158
97.8449
96.4739
94.9442
94.9666
94.8999
94.9948
92.7331
93.6526
94.427
93.5231
93.5767
93.1764
92.7276
90.8753
88.5473
88.91
88.3202
87.2644
87.2887
87.8491
89.3342
90.5547
89.7033
90.2775
89.9693
91.5251
92.3993
90.788
90.5701
90.3523
91.1134
90.1802
90.8983
89.9847
88.7221
89.4523
90.8267
89.5291
89.8361
87.5622
85.7682
84.7099
85.9355
86.1616
85.571
85.6909
87.071
87.2475
88.0646
87.8513
87.6727
88.5925
88.7362
89.3351
91.199
90.4293
90.3503
92.2777
91.8172
91.3754
91.2416
91.6126
91.9427
91.2988
91.2138
91.4717
90.9095
91.5151
89.4769
91.7843
90.5644
92.1353
92.0792
91.1293
90.5135
91.5606
92.1381
89.3377
88.7828
88.0895
89.0222
89.471
89.9497
90.2685
88.6144
88.0402
88.4932
88.2804
89.3196
87.8963
87.2437
87.1441
87.3007
86.7573
86.5164
85.1361
85.6324
86.0486
85.0653
84.7773
84.7208
84.3225
83.7426
84.9585
85.3268
85.2454
84.5717
81.8614
80.3877
80.4623
79.1382
79.909
79.4041
78.7773
77.2401
76.8838
77.7763
78.8038
77.1723
78.0059
76.809
75.4608
76.4728
76.7834
75.426
76.2811
75.1016
74.6502
72.5803
74.358
73.9824
72.5313
71.8173
72.4699
71.3067
70.5191
72.3313
72.8101
72.0004
71.585
71.2589
72.2194
73.7615
76.0186
74.2064
73.3096
72.929
74.664
74.0912
74.2049
74.7052
74.5246
74.2312
74.2524
74.3426
76.569
77.1969
76.2498
76.5044
76.7313
75.9449
76.4472
75.0456
73.7947
73.1141
74.7453
73.6547
73.3788
73.071
72.547
71.0533
71.5436
71.3581
72.1091
71.1881
72.2303
71.4729
72.607
72.1886
72.6761
71.373
71.7508
70.1776
69.3657
66.8939
67.0482
67.6943
67.7458
67.9791
68.098
69.1204
69.6318
70.7914
71.9108
71.9194
70.1093
70.3591
70.2337
70.0336
69.3426
67.7272
68.1017
68.3883
67.8267
66.8556
67.4779
67.506
67.6728
67.4012
68.7678
69.697
70.3145
68.9544
69.5802
70.6852
70.6685
72.2094
72.0488
72.2739
71.3091
71.2964
71.6821
72.5442
71.1187
71.2483
71.6542
70.4804
71.2032
70.9444
71.9446
71.6674
72.0403
71.9911
72.491
72.0019
72.321
73.0816
72.7675
72.3223
72.1443
71.7402
70.4714
71.5836
71.1965
70.7663
72.0559
73.1185
74.5542
74.9078
76.0096
76.7362
76.9507
76.7331
77.1137
76.4942
76.165
74.8808
74.6917
74.8232
73.6511
74.9051
74.3148
74.7076
73.9746
73.5247
72.1932
73.0859
73.8869
76.3331
76.2818
76.6393
76.4326
74.825
73.0733
71.3981
71.3211
71.21
71.6559
70.3327
69.9316
69.6306
68.2637
68.3617
70.4278
70.5114
70.9703
71.22
70.9501
71.3994
71.1742
71.3147
71.0144
72.3299
72.4441
72.4328
71.3704
70.94
70.9206
70.5596
69.7834
71.2786
70.5846
72.6832
71.4562
71.364
70.8235
71.1125
72.2139
72.5039
73.0174
71.0657
71.0543
72.7405
72.4903
73.117
73.0066
71.9986
73.2681
73.4976
73.3517
73.948
72.3756
72.459
72.3087
72.2989
72.2335
73.2195
72.6231
71.448
71.395
70.0182
69.7636
69.7103
69.1082
68.6707
68.266
68.2028
69.1896
69.5918
69.5875
70.1315
70.663
70.6823
70.5268
70.8229
69.548
70.2264
70.7491
69.9238
70.2579
70.9973
71.7721
73.1543
71.4985
71.9371
71.3778
72.6875
74.3378
73.4241
74.3471
75.9891
74.7508
74.6208
73.7296
72.7189
72.9093
72.2501
72.1251
71.8705
71.39
70.8928
71.3121
73.4749
74.9028
