99.6168
100.206
98.7252
97.7199
98.1172
97.0434
96.8216
98.3772
98.0803
95.924
97.3226
96.4426
97.5555
97.2245
96.8735
96.0553
93.7465
93.7348
92.9329
95.3128
95.2083
96.6318
96.4455
97.505
97.7817
97.8434
97.412
96.1975
94.9257
96.4047
96.8131
96.2941
97.6056
97.3795
97.2081
97.9756
98.8216
98.8219
98.7809
97.7218
98.4066
97.4689
96.1363
97.1425
97.1
98.4264
98.5419
98.4515
99.0629
99.2072
99.4455
99.7404
100.069
100.425
101.025
101.354
101.598
101.071
100.123
101.266
99.835
98.8955
99.7278
100.003
99.7185
101.867
100.789
103.566
102.582
103.512
103.651
103.328
105.168
107.114
105.041
106.587
105.324
107.53
108.078
108.085
107.571
108.021
109.278
109.652
112.123
112.18
111.138
111.112
112.43
112.938
114.679
116.156
115.894
116.881
117.384
115.526
113.883
114.803
113.399
113.254
116.416
114.546
115.671
115.785
117.14
116.017
114.828
114.119
116.203
116.184
118.769
119.85
121.45
121.614
120.353
119.467
120.114
121.68
123.893
122.736
122.426
124.095
124.082
122.471
121.594
122.051
122.737
123.255
123.436
121.184
119.411
118.523
119.779
121.736
121.521
120.867
121.438
121.219
121.849
122.181
121.871
122.788
122.767
123.572
123.414
121.062
121.03
123.662
124.74
125.651
124.731
122.805
121.117
122.448
124.396
123.121
123.376
121.347
121.508
121.381
122.216
119.265
118.673
117.069
116.369
115.704
117.186
114.188
113.875
115.598
112.544
113.066
113.129
115.232
116.922
118.018
116.665
118.992
118.351
116.832
116.462
114.982
115.439
114.654
115.142
113.261
114.483
116.234
113.529
112.466
113.625
114.544
114.2
111.673
110.811
111.037
110.435
109.893
109.979
109.189
107.623
109.041
106.804
106.967
104.958
106.385
105.197
104.727
106.858
108.923
107.777
106.386
103.644
102.048
103.71
102.905
103.514
103.655
105.273
103.086
103.963
104.846
102.576
103.953
102.366
99.2644
97.1577
97.0035
96.2412
96.166
97.0678
96.4295
95.3999
96.2378
95.1484
96.341
93.8082
93.0275
93.0203
93.749
94.166
94.1108
93.9078
93.7228
92.8807
91.2219
88.3943
88.513
89.0654
89.5311
89.8149
89.6521
92.3201
92.1371
92.0849
90.2154
91.4165
91.0025
88.8211
87.2484
86.7922
87.4671
88.2577
87.1482
88.7972
88.8303
89.9809
88.837
87.231
84.8046
84.1173
82.1815
82.6759
81.5374
81.6495
80.0916
79.1624
79.7322
79.1735
79.9565
80.4329
80.6343
82.2193
83.1345
84.9911
84.2129
80.4533
80.1748
80.8162
81.428
81.7319
81.418
80.9827
80.1329
82.4204
81.8295
80.2674
80.823
79.4025
79.9383
78.5479
78.1486
78.7082
79.2248
78.513
77.715
77.1498
76.4211
75.0332
75.0121
75.8352
73.2543
71.7243
71.1634
72.3669
74.11
74.355
75.2503
75.4311
73.2848
74.6114
76.4478
76.6737
76.692
74.802
72.8503
70.569
70.8896
72.1986
71.8389
72.1508
71.4417
70.3289
70.5424
70.8032
69.9509
70.465
71.119
69.0255
68.8168
69.2662
69.8885
69.0328
68.6455
69.6709
69.6228
68.8596
70.1799
71.3963
70.8204
70.0937
72.5582
73.7216
73.6189
72.8115
72.5783
72.5996
72.8595
73.774
72.9804
74.3277
75.2097
75.0186
73.6371
73.8043
74.2321
74.2412
73.8301
74.6614
74.5623
73.7285
72.3067
71.2839
70.8565
71.2726
70.1505
70.1998
69.7087
68.8579
67.9776
67.6767
67.0064
65.824
65.7284
65.4542
66.2675
68.2398
69.146
68.7521
68.6404
67.9311
67.0131
66.9887
66.581
66.9356
68.4182
68.1469
66.9758
66.3388
66.906
66.5002
66.2286
65.8889
66.9943
65.8262
64.9566
65.2073
65.1239
65.1136
64.8823
63.4093
62.3919
61.4028
62.1572
62.8277
62.0485
61.6999
62.8963
63.3471
63.5712
63.4237
64.2991
64.8747
65.3395
65.84
66.8556
66.5125
65.5183
63.2352
61.35
62.19
62.6901
62.9998
64.538
64.9732
66.5026
67.2628
67.7999
68.1406
67.6331
67.9159
68.1139
68.2145
67.0315
67.7587
68.1338
67.6142
68.3293
68.1489
67.7387
66.6248
66.4896
66.5583
64.5698
63.8295
65.3355
65.416
65.8652
65.9602
66.1983
66.6055
66.5498
66.0275
64.628
65.2646
64.6851
64.1841
63.8251
63.9444
63.7545
64.8777
63.2315
63.1657
63.9267
63.074
62.8744
62.581
62.6417
63.5332
63.0051
63.0658
63.2295
63.2266
62.4171
62.922
62.3192
61.833
61.0508
61.869
63.544
62.8109
62.4339
61.5269
61.4035
61.8532
62.2748
60.5209
62.1223
61.8702
61.0874
60.4727
61.4728
62.8305
63.876
62.5053
62.5643
62.9346
62.8714
62.5151
61.3853
61.9068
60.8674
62.1042
61.8372
60.6289
60.9983
61.0482
60.7659
61.7916
62.6881
61.2715
61.6302
61.6106
62.2767
62.5999
61.3733
60.5956
60.2867
61.3942
61.6006
61.6512
61.3129
62.3819
62.4041
62.5099
62.8417
62.8636
62.8143
62.4958
63.4573
64.1824
65.3163
65.4569
65.9997
64.7764
64.7605
64.9348
64.8323
64.7718
65.7165
63.87
63.2857
63.6967
64.6428
65.1814
66.1699
66.8321
66.6488
65.3877
64.4802
65.3076
65.8865
66.946
66.2009
67.8206
68.9619
68.5974
68.5329
68.7308
68.3074
67.2667
67.2293
66.8154
67.4865
67.8161
68.6187
66.9582
67.0941
68.0658
68.377
67.9299
69.0922
69.6459
70.2334
71.3474
73.1893
72.604
72.623
73.4169
73.6472
72.5905
71.3184
71.688
71.6321
71.6566
71.5737
70.4577
70.9774
70.9063
69.4267
