99.1831
100.235
97.3329
96.8044
95.8482
96.8884
96.9667
96.5338
96.846
96.7662
96.1724
93.4574
94.4137
93.9304
94.8777
94.781
95.7854
94.9967
97.5568
96.5555
96.0445
98.0679
95.5242
92.2377
91.7293
92.6255
91.5918
92.1492
91.2717
91.9051
91.184
90.8551
91.277
90.1203
90.5749
89.11
88.3174
90.0195
88.4879
91.0985
93.4033
93.4824
92.1206
93.1138
93.7065
96.2145
96.2027
98.4489
97.749
98.5166
98.0403
97.7863
97.488
97.0691
97.9069
99.3406
98.5284
98.8067
100.602
99.304
99.2731
100.388
99.8067
100.674
98.8421
99.8189
99.8595
98.0445
100.699
99.4597
99.3579
98.5333
98.6656
96.4726
96.4831
96.8043
97.1375
97.6294
97.4207
97.9465
100.02
102.019
101.875
103.042
103.399
101.81
101.98
101.505
98.5395
98.6039
100.036
101.546
101.891
102.123
102.248
103.772
103.754
106.231
108.001
106.299
106.901
106.375
108.442
109.407
108.298
108.624
108.604
109.531
108.025
107.516
105.643
104.295
105.007
104.378
102.883
101.846
103.112
104.81
101.893
101.944
101.811
101.32
102.948
104.95
103.322
103.724
101.558
100.689
101.396
100.372
100.931
103.391
100.87
102.17
103.048
102.479
103.379
104.911
106.845
108.511
108.168
111.274
111.686
112.165
112.127
113.067
112.996
114.871
116.799
116.259
117.116
114.335
115.316
113.491
112.311
113.642
113.476
111.642
110.285
111.63
112.893
113.178
112.971
110.397
110.197
108.661
108.022
107.363
108.756
106.85
107.737
107.647
109.612
110.042
109.277
108.475
108.568
107.613
107.27
105.493
107.16
106.802
107.666
105.209
104.797
103.003
103.66
103.026
103.275
104.745
106.368
105.227
105.518
105.421
106.89
108.253
108.377
108.714
108.623
109.438
107.296
108.445
107.39
105.495
105.282
106.043
105.869
104.647
104.933
104.598
103.205
105.524
107.342
107.797
109.876
109.339
108.729
108.586
107.561
107.061
107.167
107.333
107.064
106.151
104.401
103.842
103.781
104.816
103.706
104.984
106.454
108.288
106.855
106.031
108.389
109.949
111.411
109.504
108.428
108.044
108.13
109.621
109.634
110.047
110.643
111.87
112.799
113.814
111.328
108.144
106.691
107.599
107.7
108.454
109.29
109.044
109.296
109.937
109.155
111.777
112.485
112.118
111.318
110.935
112.132
108.507
109.015
111.277
109.348
109.923
108.986
109.831
110.172
110.976
110.731
111.145
113.216
113.022
110.582
110.599
109.566
108.762
111.011
110.256
109.155
108.214
108.594
107.441
106.241
106.754
105.394
104.491
105.733
105.172
106.402
104.617
106.048
107.177
107.238
105.354
105.039
106.459
106.353
105.461
107.231
108.166
108.223
108.737
108.592
109.104
108.906
106.066
103.856
106.085
104.446
106.021
104.737
105.712
105.301
104.837
104.615
103.459
101.591
100.836
102.362
101.911
101.693
102.057
100.029
100.638
99.1254
98.9927
100.242
98.9064
99.4455
102.991
102.43
103.367
101.77
101.277
98.9595
96.042
96.7728
97.5131
98.8053
99.19
100.233
99.4471
97.5885
95.0625
95.5547
94.968
94.3571
94.7608
94.9911
95.4463
98.4044
97.4588
96.5825
96.9212
96.7165
94.7229
93.7639
94.3085
93.804
93.5281
92.7239
93.263
94.002
91.3972
90.8142
90.501
91.2164
91.3213
92.7546
95.6473
97.0316
96.3611
94.9369
96.8301
99.0735
99.1524
98.995
98.5703
97.4466
97.3775
96.3518
96.5286
97.4082
96.3979
94.6964
94.886
94.0958
92.76
91.6143
93.075
92.388
91.4337
91.3702
92.352
91.7616
90.5364
90.3299
89.7184
90.6155
90.3536
90.7674
89.9266
90.467
91.0307
89.8624
91.1422
92.1251
91.2984
90.6987
91.5695
92.6236
91.0695
91.8004
91.7661
91.3336
89.5774
90.4751
92.2203
91.904
91.367
92.4409
91.367
92.925
93.1247
94.6087
92.4153
92.8894
93.5964
93.137
92.7892
91.5471
92.7655
92.5469
92.9969
93.8478
93.1589
92.5406
91.1176
89.6705
88.8901
89.0561
88.9655
89.7053
88.955
88.9852
89.4156
88.6305
86.0152
85.8633
84.8819
84.7459
83.686
85.4239
87.23
87.4154
87.6717
87.2748
85.8722
84.8598
84.4416
84.0492
84.7315
83.6578
83.8417
81.9558
80.5416
81.3475
81.0249
81.1482
79.8338
78.7391
78.3872
78.725
79.2761
78.6597
80.1439
79.0016
78.7128
79.3577
78.8896
77.8577
78.1792
78.6902
79.6665
78.998
78.9898
79.1121
78.5902
76.9512
76.4886
77.2988
76.1317
74.6971
74.5327
74.6811
74.9207
75.347
73.9672
74.124
73.5907
72.7591
73.2713
72.7469
72.9086
74.5892
75.1916
76.3199
75.9566
75.8176
74.7467
73.3229
73.3125
73.5832
72.7824
72.0876
72.865
73.4067
72.6436
74.4585
74.7483
73.8635
75.0836
75.1705
75.4489
76.1623
75.0077
74.8455
75.8539
77.6306
76.1331
75.4189
74.2279
73.5892
74.1076
74.2948
72.5367
72.7841
72.3795
72.9015
72.7161
72.2833
72.1919
73.2904
74.073
73.6517
73.5391
75.6196
75.5497
75.6045
75.1335
75.8006
75.3858
75.5338
75.6426
75.239
74.3343
73.5073
73.535
73.1923
71.9545
72.3853
70.7504
72.6496
70.8818
71.94
73.2539
73.2136
73.6182
73.2166
74.6565
75.5443
76.6575
78.0138
78.9818
78.011
78.5712
79.703
81.9347
82.697
82.3371
82.8362
80.716
81.7155
80.8919
81.0686
80.245
79.9296
80.795
80.6735
80.6543
80.36
80.5419
77.9434
78.9842
