98.5227
99.8371
101.526
102.694
103.867
103.697
104.444
105.931
106.651
105.179
103.536
104.213
105.548
105.224
105.881
105.777
105.105
105.03
106.568
108.354
108.497
105.478
104.664
104.896
105.701
103.91
106.194
106.362
106.785
106.962
104.302
103.728
104.472
101.701
101.601
102.403
101.156
103.058
104.819
104.939
102.801
103.408
105.12
105.514
105.58
107.02
105.749
106.234
106.083
107.079
107.48
105.577
107.358
107.707
106.895
107.585
107.976
108.181
108.521
107.897
110.518
108.828
108.047
106.943
105.503
104.226
104.062
101.9
99.4865
100.379
100.267
99.4517
99.7657
99.8439
102.4
101.872
101.46
102.709
100.033
100.017
99.5083
101.025
101.579
103.714
104.722
103.633
102.844
101.834
102.533
102.2
103.657
106.421
108.989
110.358
109.684
111.797
114.496
114.468
117.392
117.099
117.608
120.068
120.053
119.266
120.123
121.174
119.218
116.353
116.128
118.926
118.841
119.006
118.504
119.096
119.589
120.211
119.413
121.57
122.454
122.958
123.418
123.927
124.82
125.178
124.264
122.996
122.027
120.951
121.054
121.562
121.315
122.776
121.95
121.007
121.349
122.59
124.345
122.391
124.998
126.222
125.781
125.157
124.364
123.716
124.458
123.396
126.071
125.394
125.3
126.841
126.895
126.748
126.613
128.439
130.435
132.979
132.468
133.745
133.792
132.801
130.828
130.573
131.232
133.045
133.69
135.02
131.535
131.443
131.849
133.26
132.842
136.351
134.287
134.676
133.08
134.906
136.71
139.17
136.486
136.329
135.545
133.409
132.637
134.046
134.183
131.462
128.862
127.486
124.846
126.023
125.854
123.812
122.208
122.381
124.014
124.035
123.42
124.574
125.237
126.585
127.071
127.672
127.165
132.127
133.075
135.873
135.809
133.543
133.063
135.814
136.59
137.532
138.088
136
134.669
135.762
134.475
137.746
135.268
137.737
139.873
136.786
133.131
132.268
133.624
132.178
130.815
132.003
133.073
134.134
133.202
134.619
133.9
136.463
134.495
133.807
133.364
133.484
133.168
134.159
133.45
131.533
132.072
134.181
130.03
130.576
131.368
130.339
130.553
131.791
132.926
132.482
131.984
130.439
130.779
132.393
133.379
135.419
136.9
136.94
138.772
139.952
139.694
141.322
142.398
144.035
146.113
146.985
150.21
147.088
146.89
145.431
143.776
141.338
138.641
137.339
138.175
136.023
134.742
135.326
132.661
129.867
130.638
130.486
131.81
132.896
134.718
130.883
131.426
131.966
130.8
131.843
132.049
132.669
130.776
132.111
133.541
130.044
130.816
129.751
130.46
130.699
132.364
134.627
133.531
134.045
135.858
134.091
132.993
130.828
133.088
130.74
130.541
133.475
133.855
134.912
137.451
139.396
137.222
136.597
140.078
135.873
133.977
133.132
133.196
137.668
138.826
139.181
137.41
140.02
140.354
141.508
142.148
142.782
143.81
144.116
142.095
141.51
141.479
140.764
140.119
140.294
140.195
137.3
137.467
139.384
137.912
140.129
142.174
145.237
146.093
146.33
145.842
148.716
146.902
145.788
147.227
147.536
151.894
152.872
151.337
148.727
147.958
151.425
150.373
146.931
146.851
147.378
147.74
146.933
148.728
148.881
143.418
142.38
141.311
137.341
138.239
138.508
140.573
139.843
140.554
139.293
139.513
142.812
141.975
142.756
143.092
142.798
142.985
145.432
146.807
147.977
146.169
149.35
149.268
146.924
148.852
150.603
151.846
149.273
149.521
151.425
153.826
153.143
153.565
151.233
150.617
148.058
145.607
144.503
142.43
140.191
137.482
135.033
138.311
138.123
140.33
142.553
139.175
138.703
138.742
140.124
139.396
139.294
138.87
139.788
141.605
141.217
137.564
137.637
134.171
132.107
131.716
130.776
129.27
126.619
124.862
124.616
124.446
125.76
125.803
126.478
124.822
124.068
119.12
119.556
120.207
119.683
120.529
120.119
122.2
121.977
120.638
121.809
119.545
120.01
121.638
121.241
121.253
120.713
123.55
123.907
125.142
125.457
125.105
125.661
126.423
127.004
128.256
125.517
124.17
124.529
126.147
124.703
122.22
122.173
119.828
118.617
117.515
117.532
120.619
121.687
124.394
126.384
128.203
126.374
128.732
128.807
129.616
129.837
131.569
133.118
129.835
129.67
128.708
126.875
127.092
127.09
124.939
126.159
124.811
122.827
119.545
120.285
120.867
120.264
119.139
120.836
122.11
121.167
122.038
127.684
127.671
125.858
125.359
125.737
125.568
123.283
122.453
119.999
119.552
117.6
118.562
117.17
117.746
118.546
116.345
117.507
115.286
116.472
119.016
120.707
121.364
121.892
121.515
121.466
121.683
123.118
123.243
121.815
118.852
117.006
117.81
118.263
118.353
119.625
119.946
118.741
116.375
115.042
115.533
117.576
117.572
117.964
116.175
116.02
116.348
117.239
117.262
118.693
118.802
120.367
120.237
119.003
118.846
120.861
121.657
119.753
117.928
118.357
119.127
119.598
119.283
117.483
116.731
116.704
115.924
117.654
116.218
115.019
117.389
118.153
116.417
113.948
116.36
118.069
116.853
119.748
117.989
116.681
118.715
119.074
116.964
118.628
118.779
119.407
119.063
116.011
115.223
117.594
