99.0147
98.7825
96.2283
94.2026
91.9914
90.8282
89.7781
88.9971
88.3208
88.9991
88.4454
88.1652
88.6735
87.7271
86.361
85.6637
85.9273
83.4257
84.2301
84.9748
84.4521
84.1665
84.6372
83.5645
82.6853
84.1132
84.2562
83.2314
83.0445
82.9504
81.2463
83.0124
82.1748
80.816
80.2156
81.082
81.5855
81.7106
82.3326
85.0999
84.2349
84.6113
86.3923
86.0551
85.7702
85.8143
87.1925
86.519
87.4425
88.1396
87.8978
85.7931
84.8687
83.4943
85.63
84.5388
84.4364
84.4911
84.1022
84.74
85.4315
84.2725
83.4585
83.03
82.8907
81.4201
81.6604
81.8729
82.7631
82.1654
82.697
80.5193
80.6316
81.0271
82.3528
83.1936
82.7765
83.1183
80.4295
80.4937
80.5714
82.3603
81.8266
79.6852
80.3757
80.0985
79.753
78.568
77.9374
77.3058
76.5528
77.0725
79.2649
79.9381
81.5023
80.6438
80.7047
81.5011
81.5644
82.3098
82.1699
80.6097
80.6406
80.4642
81.4978
80.6757
81.1168
81.0706
81.8349
79.2216
79.4377
78.7344
78.8835
80.8671
80.1502
81.6276
82.4111
81.8342
82.9549
84.3466
83.4778
82.3411
82.5552
81.2447
80.4317
81.8892
80.0303
80.3909
79.1183
78.9931
79.3181
81.0015
78.4045
79.2481
80.3694
81.3716
81.5136
80.2916
79.5996
79.3076
80.6589
81.0566
81.973
83.5888
82.7564
81.4785
81.6941
83.6423
84.053
85.3153
85.9386
85.8408
84.6503
84.2291
83.1547
83.2085
82.1388
81.0516
82.6468
80.0646
77.5404
78.3017
79.8791
80.9129
83.0777
82.8976
82.9411
84.9167
84.0418
84.3771
84.5567
82.2867
81.4637
80.2565
79.2978
79.6681
77.222
77.3871
76.9701
77.1449
76.9736
76.2648
76.6808
75.5317
75.6309
76.4819
77.7947
78.5961
80.1706
80.8891
81.517
81.4733
83.8098
82.9694
81.6441
81.7772
83.0648
81.4153
82.1523
83.1096
83.2145
83.2361
82.6407
83.9476
84.8513
84.2664
84.539
84.3672
83.3044
83.4249
82.4003
83.2327
81.3898
82.0493
81.2555
81.0463
81.2226
81.5443
81.8444
81.3203
81.1423
81.3885
81.4264
82.8715
83.173
83.5834
83.6155
81.7751
81.5253
82.6431
82.7571
82.6025
81.3038
82.0087
83.546
83.7727
83.0504
82.7588
81.3457
79.9121
81.0455
81.3503
82.3166
82.335
81.2894
80.6554
80.2554
80.3724
80.4794
79.1279
79.9709
80.3069
82.0404
80.8376
79.4788
79.8167
80.0865
79.4843
79.8691
79.1557
79.5429
79.7667
79.8648
80.3263
81.8521
82.91
83.5618
81.386
82.0734
80.6328
82.0653
82.5728
82.2613
82.0808
82.3081
79.6556
78.1416
78.74
76.9735
76.8235
77.7249
77.2815
76.6693
77.4342
77.5084
77.8239
80.1524
82.0226
81.8582
82.0337
81.72
81.1441
81.0292
80.8436
83.5089
82.4816
84.1662
85.4386
84.6927
82.7983
81.7472
82.2664
82.5821
81.4574
81.1678
81.1049
80.1378
78.4798
77.8856
76.7488
77.478
78.4486
79.873
81.3837
80.2187
79.7326
79.1661
78.7869
77.9945
78.7358
79.1093
78.6366
77.8929
77.7943
76.1077
77.1394
77.9829
78.9266
78.9578
77.9537
77.1255
76.4924
75.6445
76.7261
76.9958
75.9264
76.9714
77.1065
75.2133
75.8596
77.6902
78.6912
79.4987
81.0962
81.0707
79.5173
81.1743
80.6948
80.3002
80.8364
81.3529
81.7257
80.8039
80.3244
78.8422
80.2681
79.8778
81.2227
81.6609
81.5999
80.3492
80.153
78.9916
78.4884
79.3727
80.4114
81.8627
80.2939
80.2091
81.2981
83.9054
84.2304
85.2972
83.4103
84.4512
84.1666
84.5106
83.2624
84.3309
82.8423
82.1628
82.8437
82.6527
81.9212
81.7843
80.5988
79.513
80.9158
80.1871
80.0411
80.1743
79.3512
78.4933
79.4423
80.4139
80.9572
80.4691
79.8778
80.4994
79.4082
80.0183
79.4229
78.9854
78.3478
77.6711
79.5896
78.6911
79.0065
78.7321
79.0676
80.2275
79.4765
79.309
77.6959
78.154
79.149
79.4228
77.8544
76.6862
77.035
77.6705
78.616
78.9187
81.2007
80.0195
79.4343
78.2856
77.4413
79.4066
80.365
79.8974
80.1099
80.2991
79.9682
81.3712
81.5063
80.826
81.5692
80.4758
80.5712
78.9957
78.5271
78.4168
76.7545
75.8352
74.7491
76.2446
75.8398
75.7055
74.7898
74.6108
76.3729
79.0846
79.4123
79.8237
78.6858
79.2401
78.2028
78.9685
78.9353
78.944
79.0753
78.881
78.4229
77.6625
79.6093
80.3396
80.4358
79.6887
79.8715
79.4481
78.593
79.5409
79.7826
79.638
81.3485
81.2428
80.9364
80.1971
80.4129
81.8106
81.1773
80.3913
80.7824
80.1229
79.4506
80.0838
78.8982
79.4615
79.1451
78.1413
78.6272
77.4684
76.5157
75.9482
76.16
75.3305
73.638
72.4031
70.8008
71.0498
70.6983
71.4406
71.4642
71.7894
72.0713
72.579
73.1753
74.2045
73.6587
75.389
75.4103
75.1769
74.6934
73.4714
73.3846
72.6191
71.2753
71.166
71.3772
71.3911
72.2718
71.4251
71.9928
71.529
69.7002
69.1263
68.1743
69.3571
69.3327
69.4175
69.0938
68.8645
68.1985
68.2253
69.5985
69.8571
70.7719
69.6569
70.1912
70.6818
71.0864
70.6839
71.4952
70.8286
69.8111
69.9968
69.7412
68.8754
68.8493
67.6431
67.7888
67.3885
66.9816
66.546
64.6263
63.9016
64.4173
63.425
63.44
64.7416
65.3783
65.9151
65.8256
66.0367
66.2824
65.4118
64.541
64.4223
64.1721
64.5225
64.4363
63.7951
63.6243
65.1923
65.266
63.7532
62.8837
62.7123
62.9641
63.4526
63.1862
63.6079
65.1839
62.8804
62.0907
62.5163
62.3072
62.7383
62.0378
61.4963
61.4937
60.8422
62.1566
61.1023
60.9064
60.6399
61.5652
61.9116
60.9252
