100.491
101.272
101.554
102.39
103.325
105.357
106.197
106.402
104.308
105.542
108.844
107.625
105.785
109.103
110.13
109.965
109.345
111.3
110.854
109.877
109.977
109.942
111.423
110.505
112.255
112.018
112.899
113.647
115.045
114.817
115.594
113.65
115.47
118.826
116.842
116.014
117.432
114.55
114.292
113.76
113.074
113.856
113.609
113.605
111.746
113.685
110.943
111.216
109.59
107.34
107.112
105.678
104.811
105.508
107.245
106.499
105.316
105.482
106.775
108.553
107.784
103.741
103.239
103.681
104.002
105.422
104.689
103.395
104.116
103.673
105.352
104.233
104.993
105.774
105.475
106.452
104.917
103.588
103.408
100.632
101.665
101.969
101.589
102.315
101.495
100.759
98.4364
97.7409
98.0888
98.7993
100.766
100.66
100.647
101.472
103.558
102.684
102.453
103.784
101.956
102.784
103.428
103.495
104.761
102.756
102.248
102
104.218
103.546
102.943
105.149
102.541
102.599
101.772
100.211
100.641
101.361
102.965
102.549
101.675
102.156
103.187
103.597
102.221
101.185
100.715
102.839
101.915
101.387
101.57
101.216
100.907
100.665
101.651
102.23
102.683
102.746
102.852
103.237
104.36
104.535
103.8
104.514
103.455
105.701
106.541
106.307
107.52
108.55
109.738
111.214
110.291
110.278
108.508
107.523
107.88
109.362
108.999
108.806
110.035
108.523
109.065
107.935
108.06
108.013
107.559
107.768
106.443
105.626
106.069
107.629
107.16
105.844
105.195
105.071
105.579
104.079
104.357
104.637
104.754
104.765
104.287
102.296
102.409
101.11
102.098
104.262
105.429
102.097
102.355
102.541
104.223
106.882
105.672
103.585
103.743
103.277
102.459
101.17
101.639
103.049
101.979
103.343
102.545
102.858
103.341
103.58
105.44
105.08
107.002
107.936
109.049
113.338
113.851
115.102
112.275
114.511
115.367
114.532
117.182
114.624
117.178
118.916
118.555
116.504
114.959
117.27
115.115
114.349
116.334
117.337
116.624
116.323
114.991
115.905
116.067
119.726
118.827
116.885
116.682
118.672
119.84
117.612
114.715
114.094
115.39
115.162
117.279
117.198
115.026
114.454
116.684
113.704
114.131
116.306
116.427
115.055
114.575
113.967
114.471
113.935
115.317
115.789
114.918
115.036
111.966
111.102
110.457
110.13
110.406
111.752
112.509
110.584
111.578
112.889
114.291
113.765
114.983
114.787
114.679
114.228
111.835
111.799
111.824
110.503
108.839
107.561
107.409
107.485
107.815
107.106
109.512
110.135
109.062
109.848
108.802
107.521
106.987
107.967
107.373
105.314
104.845
104.138
103.792
103.162
101.794
101.592
102.381
100.369
101.036
102.045
100.632
103.326
104.171
103.126
100.924
102.002
102.788
102.419
102.954
103.362
102.683
104.096
105.572
106.525
106.345
105.518
106.348
107.461
107.754
108.823
108.396
108.45
112.033
111.077
112.255
112.388
110.475
109.457
111.225
114.528
113.78
113.024
111.249
110.883
110.393
110.443
109.35
107.482
105.244
105.264
102.921
102.543
103.52
106.188
107.13
106.595
108.263
107.183
107.669
105.046
106.905
104.746
104.71
104.433
104.275
103.674
105.447
107.6
107.447
108.729
109.175
107.739
109.074
111.91
113.384
111.359
110.433
111.832
112.974
113.474
112.507
113.619
116.429
116.033
117.289
118.75
117.986
116.465
114.955
114.448
111.657
113.096
112.686
112.221
113.296
112.234
111.83
113.018
113.216
113.254
114.112
116.907
118.344
116.9
116.09
115.71
113.897
113.411
112.846
110.898
110.708
109.016
107.715
108.258
108.048
107.537
107.774
108.893
109.315
108.773
107.316
108.438
107.728
108.547
107.127
107.658
110.265
111.753
113.177
111.134
110.369
109.815
109.815
110.822
112.829
112.41
111.856
111.928
111.606
112.163
113.538
115.045
111.283
111.804
113.468
111.454
111.69
110.899
109.485
110.582
109.267
111.063
112.152
113.107
112.09
110.671
108.672
110.718
110.285
109.48
107.535
108.399
112.511
110.559
108.107
107.32
105.277
101.43
101.866
100.04
100.678
102.631
102.292
103.137
102.076
103.121
100.779
101.73
101.822
100.959
99.3285
102.901
101.886
99.9998
100.864
99.3618
101.359
101.718
100.569
99.5531
100.271
99.3877
100.16
100.997
101.296
101.005
96.9568
97.7373
99.4198
99.1778
98.8293
97.7289
98.0662
97.8444
99.132
99.5549
102.054
101.988
101.39
101.595
99.015
98.3967
98.3135
99.9163
100.32
99.9599
100.84
101.427
103.759
102.443
103.346
101.349
99.5583
98.9508
100.01
100.761
99.1273
98.3784
98.526
99.1575
97.7568
98.7302
97.2729
95.153
95.0642
95.5018
93.6129
94.2011
92.4127
91.0498
91.7145
91.0755
89.448
88.3512
88.8146
89.4187
89.9987
91.7983
92.6766
93.6415
94.557
94.8857
95.2509
94.1032
95.654
95.0617
94.4703
96.2168
96.8774
96.4342
98.5609
100.864
98.6959
99.5223
100.644
100.055
99.4009
99.9252
100.655
101.908
100.134
100.633
97.7884
96.1784
95.4261
95.5345
96.5229
97.8435
97.0509
97.8904
97.9359
97.115
96.1725
94.5507
93.6561
95.0173
94.8068
94.6349
93.3723
92.0763
91.5634
90.2586
90.5026
88.2693
89.4049
90.1237
88.8063
88.5274
87.8321
86.9427
