99.575
99.6437
98.5125
96.7495
97.0223
96.5809
94.7325
93.9962
93.1157
94.0249
93.4242
92.7216
92.9407
92.6224
91.539
90.9399
90.7818
91.0895
90.3809
91.6476
90.0303
89.4962
91.1459
91.0111
92.8099
94.7686
94.5165
95.5211
94.3369
96.9419
97.015
96.4179
97.2749
97.3261
98.6809
99.7565
99.7391
97.293
94.9522
95.757
97.1647
98.7757
98.0128
98.718
97.2757
97.411
96.7617
96.8532
97.6843
98.1148
100.769
100.107
99.5928
100.238
100.478
100.883
100.884
100.459
102.313
104.006
105.514
105.274
103.958
104.495
102.369
102.869
103.685
103.738
106.364
105.659
104.568
104.807
103.403
102.884
103.287
102.827
102.212
103.26
104.562
104.525
102.953
103.416
102.895
103.378
102.115
103.396
104.564
106.793
107.077
105.632
106.794
107.417
105.006
104.381
106.17
107.051
107.276
108.134
107.591
107.737
107.856
108.821
107.654
109.794
110.294
109.867
110.759
110.922
110.408
110.599
109.199
109.816
105.484
105.335
104.966
104.937
107.057
108.525
108.934
110.341
110.519
108.17
107.073
107.082
106.175
105.763
106.288
106.803
108.844
109.453
109.881
111.331
111.326
110.195
110.623
110.397
109.465
110.858
111.065
110.275
109.965
109.107
108.21
109.502
108.258
107.133
107.807
108.954
109.315
108.084
107.418
105.988
105.471
104.414
105.343
103.584
104.354
103.182
102.949
103.462
103.209
101.979
100.967
101.013
100.41
101.702
101.533
101.322
101.451
99.4511
99.3832
99.1735
100.45
100.867
99.5507
98.4055
98.7123
100.747
101.532
101.958
102.554
103.446
103.344
103.273
103.013
101.693
102.586
101.652
100.434
99.7106
99.7374
99.7857
98.1716
99.2626
98.5723
100.09
99.4666
100.065
99.9111
99.6837
98.4336
99.7033
99.1812
99.6707
101.561
101.342
100.95
102.411
103.603
104.843
105.021
103.373
101.96
101.909
103.704
103.611
98.4243
99.6444
98.7645
100.045
101.147
99.2999
102.928
103.942
103.9
103.893
103.35
101.437
102.031
100.216
100.617
103.304
102.659
102.328
102.314
100.966
102.141
99.0406
98.1047
96.1208
97.1138
95.0717
96.5686
98.1128
97.9974
97.2626
95.5013
95.4635
93.4739
95.3347
94.6877
95.1162
95.8892
94.4221
96.0883
91.8313
91.9341
90.9482
91.2498
90.2936
91.3149
89.9819
91.5685
91.6359
90.217
87.618
85.4446
87.4124
86.6301
83.6685
84.1193
86.1741
88.1007
89.4012
90.1467
88.8255
89.6305
90.6217
89.4876
89.9939
91.043
91.8714
92.0125
91.2768
89.1318
91.1046
92.504
91.9933
89.5125
87.6668
85.569
85.7398
85.9373
84.2142
84.7145
84.5375
84.5022
84.1357
82.07
82.2926
83.022
81.5077
81.5077
83.965
84.2832
84.7596
86.095
84.5502
84.4124
85.5551
86.5118
86.3764
86.0459
86.0314
86.8711
86.2074
85.2165
85.1847
86.0316
83.4997
84.5622
84.8715
83.2412
83.4173
83.7203
84.8078
87.2487
87.6881
88.7397
87.6982
88.5219
90.1278
87.7614
88.0698
86.8518
86.7109
86.0713
85.5579
86.3369
88.5697
89.5124
89.962
90.0384
92.333
91.4307
92.4572
92.7674
90.782
91.3501
92.3005
93.2109
93.4683
94.1231
93.1373
91.6849
93.9645
93.2193
94.6498
93.296
94.8378
95.1326
93.3368
92.8395
94.7341
94.1813
95.8471
95.4245
96.6471
97.1466
97.0668
95.7424
94.7869
96.1006
97.6906
98.9901
98.9211
98.859
101.547
102.885
101.805
102.012
102.651
101.484
104.93
105.743
104.765
103.514
102.96
102.535
104.611
104.93
105.175
104.134
103.774
104.913
104.27
104.109
103.819
102.4
100.136
99.8917
101.047
101.151
103.136
102.408
99.8428
101.006
100.326
101.223
100.866
99.5197
99.7768
101.191
102.565
102.068
103.993
103.748
104.181
101.212
102.598
104.797
104.081
104.543
105.767
104.187
104.446
105.91
103.658
102.769
103.882
105.904
106.447
105.972
106.727
105.842
106.111
107.287
107.405
107.034
107.784
108.253
106.763
104.831
103.954
102.291
99.0714
102.06
101.357
98.1182
96.768
97.0427
94.7692
95.3773
97.1437
96.4071
97.5623
97.1919
98.7556
96.3254
93.9846
95.6071
96.8095
95.0913
95.9641
95.7825
97.4201
96.6922
94.1082
94.6397
94.9617
95.6913
94.0493
97.1601
95.7785
93.8527
92.4668
92.4486
93.9742
94.118
95.36
94.8175
92.9564
91.987
91.1575
90.3086
91.8916
93.5627
95.2316
96.0354
95.0531
94.2022
95.9791
95.082
95.3798
96.2297
95.3999
94.7277
95.586
96.9752
98.7078
98.8649
98.0442
96.3698
97.2153
97.4709
98.0846
98.3249
97.4225
97.0656
97.0926
97.3874
98.5725
98.8867
100.952
100.795
100.016
101.466
103.329
102.336
102.451
101.407
101.179
101.875
100.079
99.0737
100.246
99.3756
99.2779
97.4093
97.4074
97.8621
97.7286
97.5971
95.8228
96.4418
96.4311
96.4139
95.7037
95.8845
95.1255
95.3586
94.1524
93.7162
92.2734
91.8255
91.9246
91.1663
90.8008
91.3378
90.1097
89.3556
88.7348
89.7161
90.1778
90.2846
89.1523
88.476
88.4225
88.726
90.0168
90.8873
89.9511
89.1955
90.7108
88.7802
89.9259
88.9674
88.7945
90.8332
90.9686
91.7545
93.5384
93.1946
92.067
92.3761
92.3555
94.1238
92.3651
92.0714
90.0042
90.5231
91.7997
92.2442
89.7354
89.2749
87.4227
85.6669
84.8713
83.6987
84.2776
82.6385
81.963
81.1203
80.0771
80.4901
82.1492
81.0963
81.2582
80.5614
81.1514
