98.3868
99.3346
102.513
101.772
102.458
102.287
102.961
102.756
102.088
101.137
101.421
102.706
103.468
103.5
101.503
100.31
100.555
102.089
102.743
102.342
101.294
102.159
104.999
105.279
105.088
104.392
104.418
105.825
103.172
103.651
105.471
104.743
104.317
104.316
104.873
106.299
105.716
106.221
107.226
107.764
109.591
108.495
109.122
109.799
107.634
108.743
109.894
106.915
105.9
108.219
109.418
111.198
109.858
108.374
107.466
107.917
108.154
109.842
110.362
109.43
110.312
109.919
109.575
111.669
113.072
115.357
115.563
115.029
114.485
114.549
113.399
114.624
114.51
112.328
112.892
114.987
117.401
117.777
114.387
111.738
111.969
111.511
111.466
111.801
111.511
111.601
113.087
111.337
110.111
110.719
110.864
112.492
111.736
111.31
113.64
113.458
113.978
116.088
117.153
117.996
115.463
116.391
115.903
112.5
112.238
112.546
111.537
110.043
110.595
110.158
110.904
107.778
107.829
106.427
106.058
105.867
105.337
107.719
105.552
104.38
104.665
103.429
103.496
104.762
105.447
105.633
105.884
106.367
107.595
106.266
104.2
106.129
105.557
104.095
102.301
101.471
100.664
102.649
105.311
105.504
103.655
104.084
104.574
102.601
104.069
102.573
100.718
99.1915
99.753
99.6059
98.4828
98.1602
96.6838
95.7562
95.5013
97.4119
97.9638
97.6882
97.0769
94.9809
96.0196
95.8978
95.3739
95.9015
94.9754
93.5684
93.3624
93.7751
93.8421
93.0584
92.3922
91.6743
92.3105
91.9239
91.2389
90.1322
88.5313
89.2475
89.8408
88.6772
88.2547
87.9186
87.2258
85.6739
86.8705
87.669
87.3556
87.1922
87.5376
88.8523
90.5194
92.08
92.1969
94.9713
94.7133
94.5845
94.8776
94.9955
94.8385
94.4219
92.619
93.4545
94.9233
93.2725
93.3335
92.4927
93.8728
94.8711
93.4482
93.2522
93.0225
92.6156
91.3725
90.0169
89.6863
89.4827
90.5869
89.2491
90.6546
90.7656
89.163
87.6846
86.0833
87.4935
86.639
87.6241
89.7801
91.3346
92.2286
90.9786
91.2417
91.4117
91.6417
92.5977
92.3447
90.9651
90.9295
90.0708
90.4999
89.4786
90.4303
87.1886
86.5431
86.2084
86.8456
86.8445
86.632
88.0569
88.1338
87.9533
88.3705
87.1211
84.7628
86.1063
86.897
85.6199
84.1711
85.3302
84.6488
83.2787
84.4111
83.3544
84.4051
84.2766
86.8408
87.713
87.6089
88.7689
89.6361
89.575
87.9719
88.0204
89.1466
91.2516
91.2839
91.1872
91.0444
91.7717
92.2746
91.5078
91.7942
91.8203
91.0667
90.3943
90.4615
91.51
89.5443
89.7556
87.9595
87.6604
89.5988
88.9806
87.8221
87.3382
87.8271
88.9298
90.332
92.3036
91.4205
89.699
86.9682
85.8811
87.1717
86.6328
86.5218
87.0854
86.9633
86.2458
84.6227
85.1227
85.1138
85.098
86.0391
84.7838
84.1024
85.1948
86.2451
86.1163
84.4854
84.0418
82.3589
82.5938
83.1239
84.4992
85.1213
84.3967
84.3807
84.2472
81.6866
83.1715
83.3597
83.5716
82.9824
83.6738
81.8731
82.4703
81.3525
79.8601
81.7456
82.2319
82.8097
80.7237
81.2392
81.5374
83.4423
83.6625
83.2512
84.1359
85.9321
86.1819
84.7626
84.1587
83.144
85.4048
84.6635
83.5204
84.5789
82.9876
82.7435
81.5107
80.5277
80.2446
81.8525
82.2792
82.3372
81.8534
81.0117
80.3494
79.4976
81.6366
82.2603
82.4684
83.2959
83.402
85.5747
84.1043
85.2137
84.8628
84.4507
83.8741
84.8412
84.737
85.6447
84.9667
83.7506
83.8539
83.3979
81.11
80.565
81.2108
81.1912
82.3304
81.7144
81.3696
82.2605
82.8952
84.4138
85.5331
84.8984
83.4769
81.0932
81.791
83.4648
82.2921
83.3777
82.3361
85.2873
86.0402
86.5149
87.4727
87.522
87.4256
86.0606
83.112
83.2335
84.0279
84.5537
85.0746
84.7704
84.4008
83.5616
83.1614
83.2044
84.6092
83.6424
84.1334
85.8026
84.2076
85.0789
84.9918
86.9799
85.4242
83.0062
82.72
84.0606
84.3948
86.8037
85.8297
86.6291
88.8414
87.8913
88.8777
90.7285
90.1595
87.8634
88.1597
87.9466
89.1024
87.9768
89.6183
90.9439
92.1475
92.5868
93.035
93.6788
94.4303
93.6252
93.023
95.3019
92.5277
91.881
91.8134
90.7643
91.3381
90.3288
90.681
91.0015
89.1739
89.2266
89.1423
88.7953
90.2663
91.9657
93.2814
92.5757
92.3513
91.9413
91.1813
89.9715
90.1555
89.9526
89.6096
88.9212
88.2227
87.6762
87.7722
87.1448
87.5949
89.3938
89.5917
89.7718
91.9508
92.188
93.1325
93.6102
93.2492
95.8269
94.8037
96.1007
97.9577
97.9359
98.2053
97.9643
97.1092
98.9874
99.6746
99.6529
100.343
100.974
100.862
101.565
103.295
102.758
102.273
101.938
100.889
101.458
100.72
102.17
103.529
105.406
106.773
108.405
108.362
108.51
109.636
110.951
109.892
109.164
108.979
108.364
110.348
110.055
109.763
109.608
109.602
112.312
114.071
113.515
112.095
112.205
111.387
110.407
107.891
106.881
104.314
103.445
103.482
102.863
104.901
104.064
102.106
101.347
101.687
100.727
99.2782
100.336
99.2114
98.5324
96.4526
95.6906
94.2665
93.4294
92.6807
91.2714
91.8038
92.3054
92.3933
94.2376
95.3915
95.2602
96.88
98.9594
99.5475
98.6825
100.804
100.579
101.162
98.1809
98.4198
101.84
101.992
102.584
102.433
103.048
101.879
103.141
104.045
101.009
100.782
101.519
103.167
103.389
101.542
101.912
103.977
106.353
108.979
106.074
106.29
