100.929
101.088
103.921
104.915
104.984
106.096
106.354
108.149
108.289
108.385
109.57
109.006
108.912
111.784
109.46
110.667
109.199
105.611
104.287
103.853
105.947
108.767
109.938
110.409
109.237
112.325
109.474
107.051
106.145
106.698
106.821
105.578
105.362
105.204
104.882
106.365
108.064
109.137
110.047
109.733
110.325
112.069
110.553
111.11
112.347
110.52
110.905
112.01
113.245
115.052
114.621
118.366
117.047
116.636
117.276
119.284
115.605
115.158
112.556
113
113.257
112.596
113.668
114.309
115.357
115.043
114.945
118.014
118.233
118.081
120.372
121.534
120.451
119.174
120.656
117.532
118.578
117.038
114.996
114.045
112.714
114.129
114.769
115.197
115.003
114.411
114.419
113.468
112.497
112.22
115.005
115.64
117.319
116.932
117.142
115.969
118.046
117.998
117.276
117.077
119.362
116.376
114.568
117.391
117.836
118.193
117.958
113.821
114.95
116.017
113.855
113.774
114.048
117.06
116.734
116.603
116.899
117.014
118.24
118.331
120.246
119.593
122.833
122.266
124.265
122.907
122.78
123.223
125.594
126.912
127.806
126.038
125.278
126.721
126.659
126.802
127.167
129.497
129.003
125.47
125.134
125.036
124.959
126.054
126.662
126.763
126.768
125.526
126.162
122.834
124.58
121.565
119.443
119.535
117.08
115.11
114.71
116.089
117.072
118.431
115.144
113.484
114.294
114.488
113.106
113.037
113.456
115.753
116.198
115.856
116.09
115.183
113.844
115.543
115.919
116.033
116.047
115.911
117.095
116.326
114.862
113.137
111.974
110.905
110.004
111.216
108.621
108.67
109.545
109.267
110.131
110.474
109.7
110.032
109.26
109.525
110.091
108.704
108.081
107.862
107.36
108.205
107.136
107.409
107.495
108.764
109.055
105.672
107.916
106.565
107.214
106.799
108.549
108.415
109.053
107.97
109.766
110.137
110.491
111.617
112.54
112.209
112.492
113.792
112.956
111.39
111.219
115.639
114.647
117.035
120.27
119.446
119.37
118.574
120.657
120.653
119.231
116.852
115.741
113.762
116.47
117.117
118.496
121.177
121.896
121.841
124.256
125.806
127.455
127.927
125.457
124.611
128.974
127.073
125.012
127.457
127.476
125.543
123.985
123.947
124.14
122.8
122.175
121.831
120.535
118.977
117.799
115.234
112.604
113.704
114.244
112.697
114.195
115.58
114.335
113.648
113.229
111.126
111.919
113.665
111.292
111.985
112.439
112.46
112.116
111.993
109.858
111.257
111.359
110.045
107.973
106.808
107.299
108.396
108.334
108.758
108.824
109.17
108.529
109.316
108.516
107.474
106.99
108.253
109.224
109.007
108.45
106.361
105.519
107.49
107.746
107.432
108.257
105.821
106.958
106.669
107.894
106.727
107.02
104.419
103.753
102.499
99.6335
99.9346
99.2903
97.9403
98.0814
99.5096
101.768
102.472
103.262
103.985
104.481
103.48
106.228
105.247
104.614
105.735
102.555
101.504
100.768
104.001
104.611
104.592
105.093
104.168
105.044
104.69
104.948
104.781
104.601
105.614
104.846
103.878
103.377
102.127
102.402
101.2
100.911
99.491
99.0166
97.0111
99.258
97.6147
100.241
100.622
100.424
100.302
99.8982
99.9401
100.254
99.6254
97.057
97.8037
98.4981
98.27
97.5212
99.7885
99.8874
99.2224
98.5013
97.0162
94.9881
94.1278
93.3495
92.6503
90.9213
90.6086
89.0576
91.1654
90.0863
91.5191
91.6683
91.0396
89.8265
90.5626
87.9942
87.741
85.7973
85.3369
83.0505
83.2571
82.6556
81.9278
83.345
80.9203
82.9048
84.4742
83.5765
82.1728
83.2859
82.0185
81.5585
80.8693
80.5481
81.3702
79.6789
78.527
78.6055
78.8296
80.014
78.8923
79.0172
78.861
79.8411
78.542
78.7546
77.3026
75.5617
74.9548
75.2364
75.4703
76.4982
76.0296
75.9161
76.6021
77.5828
76.3729
77.2139
77.8251
77.3751
75.8776
77.8586
77.4381
76.7119
75.3318
74.7691
75.4091
74.7747
74.2918
74.8138
74.5356
73.9296
74.7924
73.6357
73.2502
73.4861
70.8387
69.955
70.4702
70.0542
70.7332
71.1042
71.159
70.4896
70.0405
69.553
67.8825
67.4268
68.6816
68.0046
65.596
64.9067
64.5352
65.1707
64.1934
64.2553
63.7341
62.6331
62.0638
61.5271
61.8171
61.956
61.8287
62.9362
61.8661
62.2797
62.2475
61.9521
62.1764
62.6632
63.6117
62.9743
63.0051
62.259
62.4792
63.9194
62.8198
62.287
60.9115
60.2143
60.007
60.5848
61.5535
60.7984
60.8981
58.1912
58.1598
57.7258
58.1923
58.0829
59.0035
59.9193
59.3456
59.8869
58.9646
57.518
57.6455
58.2079
58.182
59.0791
58.0183
57.7816
57.4595
56.9866
56.4529
57.5862
58.0424
57.8597
56.4127
56.3299
55.8139
55.8696
55.2987
55.6593
55.9333
56.0264
55.4815
54.8087
54.0395
53.4728
54.0703
53.829
53.1079
53.363
53.5761
53.331
52.9637
52.5766
52.3873
52.9036
52.5765
53.218
53.5104
54.1287
54.3417
54.4659
54.2357
54.2574
54.0193
53.9829
55.3282
54.633
55.4157
55.2884
54.9237
53.6675
52.7699
54.1917
54.4684
54.2195
54.4272
55.4014
55.1001
54.9652
54.8328
55.9331
55.8935
56.033
56.1345
55.7903
55.2256
55.6528
56.8494
56.8345
58.5263
58.9746
59.9664
59.199
58.4661
57.9664
58.6505
58.7707
59.5836
59.7847
60.3188
60.3207
59.6723
58.9922
58.2514
