98.0989
98.8247
96.2867
96.7321
96.788
97.4781
95.4086
95.2796
95.8551
93.8034
93.9886
93.4126
94.5953
93.0546
93.9927
91.9813
92.0819
93.2726
95.3268
96.6919
95.7608
96.4597
95.9099
95.777
96.1107
94.1088
95.3135
95.9309
97.3181
98.6094
98.6939
99.445
98.7002
98.1333
99.0315
98.5541
100.966
101.498
99.1462
99.5486
97.8036
98.906
98.8979
98.4596
97.4849
94.9689
94.6768
92.8094
91.2509
91.8646
90.3997
89.7025
89.2125
90.1215
89.6013
88.63
88.3229
87.6721
87.4306
87.8024
86.7899
84.8459
84.5699
82.3236
81.0696
80.3036
79.6504
78.8659
77.66
77.3946
77.8178
77.4541
77.9641
77.462
79.0453
75.6507
76.0768
76.4534
77.0237
76.142
77.0667
78.2726
79.88
81.8855
80.5912
80.2766
80.2446
80.1892
79.9278
81.6707
82.4318
80.9868
80.649
80.8781
80.3611
80.3004
79.9659
78.7344
78.4807
78.8087
76.7465
76.9619
76.5026
77.3048
76.2377
76.0813
75.3181
75.5837
76.1077
75.6788
75.5474
76.0373
75.0673
74.317
75.0762
74.521
73.7774
73.8996
73.8248
73.4677
74.3545
74.5964
73.2136
72.3017
71.4953
69.7223
70.4268
70.3876
70.8527
69.8341
69.9851
69.2027
68.0725
68.3702
68.5786
67.9266
67.4959
67.4493
67.1778
68.35
65.525
64.9655
65.3608
65.0353
66.5133
67.1995
66.4561
66.0385
65.9004
65.6351
65.9948
65.5878
65.6055
65.2111
66.5484
66.2628
66.9138
67.3419
67.8779
68.5258
68.5793
68.3839
68.9622
68.0244
68.3956
68.9202
67.1297
66.9761
67.8553
66.7448
67.7473
68.0285
67.711
67.6306
68.822
68.6624
68.0229
68.0809
68.8396
69.144
67.9763
67.6427
67.8948
66.9612
66.446
66.9867
66.8001
66.0653
66.507
66.7946
66.4145
67.4866
68.1892
69.033
69.2118
67.9092
67.075
66.1669
65.9849
65.7651
64.9862
65.7481
66.3704
67.2254
67.0041
66.4858
67.6979
66.1847
65.9357
66.9571
65.6198
65.1239
66.3615
66.2407
65.5969
65.4769
66.4901
65.5068
64.5649
64.9234
65.0485
65.1267
65.1838
65.1269
65.1277
66.1597
66.5161
66.5174
66.8748
67.1619
66.7167
65.9274
65.8889
65.7131
66.4175
66.564
66.9159
66.4376
67.1601
67.7908
68.7723
67.0114
66.0494
65.2811
65.1515
66.7105
66.7588
67.4249
67.5578
66.312
67.5295
68.1162
68.3274
66.8965
67.8579
68.7496
69.5837
70.3961
70.6048
70.4323
71.2876
69.806
70.4836
71.0176
71.2293
71.0651
71.7102
72.6493
71.3293
72.0432
72.6645
72.2861
73.6021
72.1478
72.7864
74.7073
74.9064
77.4941
78.0158
78.253
77.6882
78.8842
79.0665
77.2151
77.09
77.0345
76.7172
76.0982
77.8892
76.1817
77.0934
78.3476
77.8859
79.5481
79.21
80.3902
79.1858
79.4093
80.1316
78.2825
78.3349
78.6855
79.0476
78.5309
79.3187
79.4402
79.8222
80.3558
80.6432
82.4255
82.794
81.6818
81.7802
80.8341
82.1755
83.2689
82.1762
82.1318
82.7018
83.1773
83.5853
82.7885
82.9348
82.593
82.0604
83.6188
85.1227
85.3655
85.1811
85.6422
83.5594
85.3822
83.2688
82.0663
80.8526
83.0116
82.1031
81.54
81.0428
81.4406
80.3142
80.1604
80.223
80.5035
80.843
80.4866
80.6559
81.9314
81.7984
79.6368
79.8596
79.495
79.0114
79.4261
78.2617
77.5505
76.7953
78.4261
78.3248
79.6048
79.6604
77.8843
77.1068
76.312
76.3607
74.7455
75.2138
73.9888
74.3392
75.1928
74.518
73.1878
73.1087
73.8011
74.1712
73.5542
73.8692
73.852
73.5126
73.8866
73.576
73.7708
71.4651
71.0345
71.2516
70.9367
69.7552
69.5444
68.7521
69.0575
67.952
67.4023
66.9778
68.5736
68.9959
69.7559
69.7625
70.1774
69.7422
70.1238
71.4293
71.1098
72.3964
72.323
71.471
71.8549
72.1932
71.23
70.7757
69.1211
68.4433
68.426
67.8177
66.7418
65.5375
64.6007
65.7661
64.7435
65.1046
64.9178
65.9126
65.9149
65.7058
65.7927
66.3586
64.8946
65.6481
65.2359
65.9611
65.5319
64.5484
65.5922
65.5526
64.8775
65.8436
66.1924
65.5076
67.8186
68.5744
69.1969
69.0602
68.8544
69.7687
69.7711
69.6836
69.3232
68.6851
68.6979
70.3108
68.9957
69.3009
70.231
70.5514
70.2875
69.2086
70.8411
69.5348
70.0284
69.1885
68.1856
68.3832
68.72
67.8249
67.8715
65.495
64.4932
65.4629
65.5696
64.5644
64.0923
65.2313
66.0422
66.1771
67.2359
67.1119
67.4066
68.2647
68.6652
68.3941
68.1091
67.6467
69.0435
69.3379
70.0631
69.216
67.6037
68.2602
69.7486
69.7321
70.9966
71.8856
71.8526
71.3434
71.6001
70.3512
68.7506
69.7489
69.1534
69.0787
68.5565
68.5245
68.5643
66.8885
64.3007
65.0776
63.7897
63.3648
63.5034
63.1407
63.1339
64.7371
65.2996
64.2972
64.4048
65.1396
66.9532
66.2925
66.7381
67.2942
69.523
70.5233
69.499
68.4243
68.0547
69.7384
68.3766
68.5452
67.6426
67.3882
67.5497
67.8496
67.6672
69.3759
68.1492
69.3191
70.678
69.8362
69.4854
69.5864
69.4855
67.3192
67.9391
66.2537
67.2663
68.205
69.0046
69.6706
70.5775
69.8492
69.3794
68.7155
68.8247
69.8166
70.2875
70.3907
69.9719
70.2224
69.1742
69.6019
68.6529
70.6747
70.2946
69.5057
69.562
69.5635
70.0498
69.9156
71.3275
70.514
70.4703
69.1577
68.4794
67.5941
67.8928
67.8086
68.3784
67.7665
68.4106
68.6453
68.0299
66.6293
65.5536
64.9428
64.1061
64.4873
63.6428
63.9143
62.5311
62.0298
62.0611
61.6839
62.558
63.0435
61.3121
60.9387
61.0672
60.0382
59.5324
59.9729
60.1758
