101.273
100.63
101.183
101.033
101.834
102.346
104.03
106.054
105.664
106.79
106.523
105.74
108.45
109.074
108.369
107.232
105.41
108.234
108.686
109.071
108.607
108.381
108.172
107.896
107.19
108.617
110.156
110.74
108.683
108.736
110.648
113.998
110.043
110.372
108.999
108.946
107.785
107.278
108.827
107.902
109.806
109.809
110.024
110.185
108.222
107.808
107.116
108.995
109.28
108.306
108.801
109.943
109.961
107.971
106.668
106.542
107.161
105.964
107.359
107.832
109.808
110.998
110.44
112.315
111.398
109.648
109.429
108.525
109.216
109.422
108.008
108.724
105.646
103.349
105.644
107.706
109.23
109.72
110.234
109.868
108.688
108.312
110.186
109.614
110.94
111.516
111.776
112.217
110.047
108.687
109.302
109.073
110.486
109.295
109.115
109.171
109.055
113.096
115.771
118.459
120.121
119.768
120.932
119.792
120.646
120.468
121.946
119.853
118.13
117.505
116.96
118.019
118.097
117.738
117.095
114.767
114.781
113.412
111.959
112.927
114.312
114.609
112.852
111.791
110.954
112.978
112.362
111.821
109.695
111.457
111.389
111.58
114.032
113.853
112.499
111.244
112.69
113.804
114.725
114.102
115.334
116.238
115.91
116.549
116.557
117.715
116.376
114.483
113.859
113.584
112.371
112.852
115.584
116.575
117.678
117.779
117.676
118.302
119.127
119.834
119.624
117.726
116.355
116.441
114.684
113.138
112.327
113.604
114.806
114.113
114.187
113.133
110.814
111.564
108.964
106.362
104.395
104.152
104.326
103.312
102.555
103.721
104.703
104.523
104.91
104.047
103.512
105.335
104.377
102.398
102.921
102.545
101.204
100.163
99.0413
100.723
100.98
100.589
99.5615
99.4016
98.9099
97.561
96.3652
96.2121
96.249
96.8595
95.2966
94.2908
94.5852
96.8777
95.1615
92.7629
94.8673
94.2815
92.5548
92.4122
92.4757
93.1314
94.4034
95.4466
96.0252
94.9961
96.0748
94.3691
96.8195
96.1736
95.2582
94.0882
95.0524
94.9936
94.5214
95.5502
94.7952
93.7522
95.865
96.2594
94.8222
94.3784
95.9649
98.0511
97.9368
98.0787
97.4943
97.3491
98.1452
97.7466
97.1721
96.6699
96.7916
96.8123
96.7117
96.5501
97.5667
96.5707
97.377
96.3213
96.7141
96.7185
96.5965
95.0811
95.7342
94.4301
96.0951
94.773
96.8274
96.8242
94.8479
91.8892
93.0485
92.1726
90.9256
90.1208
88.4401
86.1062
85.9852
86.3287
87.5217
85.9399
87.7258
87.483
86.7788
87.0399
88.3068
88.2086
88.7956
88.7317
88.4546
88.9282
90.1965
91.6543
91.3842
93.246
94.3013
94.0156
94.0729
95.7231
95.8616
95.0172
95.0605
95.0099
95.8603
95.8821
95.8879
95.751
96.6088
95.6247
95.5416
95.0243
97.3553
98.3006
97.3475
95.442
95.1163
95.4926
97.169
96.8672
97.6332
97.9784
98.124
98.9836
99.1801
97.9558
98.3588
98.4409
97.4367
97.2571
97.1272
98.0663
96.1254
95.9797
97.5872
95.7739
94.5092
93.8221
92.9759
93.4385
93.2691
93.0509
92.2465
92.4289
94.0436
95.5773
95.9789
95.5803
93.9821
95.134
95.3334
96.7035
97.1801
95.1307
95.0723
93.0179
91.4095
94.0127
93.3202
95.1473
95.7728
96.9483
97.5794
97.1057
95.3382
96.2441
96.4766
96.46
94.8492
94.4841
95.7137
96.4201
94.268
93.3647
94.3421
92.0437
91.4051
92.4978
93.0666
93.2279
94.4566
94.4059
92.9565
95.3023
94.3024
95.1718
96.2862
96.5048
94.6961
94.1136
94.1934
92.8938
93.0712
90.4047
90.8149
89.3673
89.2226
89.3739
87.9226
89.4187
90.0105
90.4092
91.1671
92.6
92.6
93.7032
94.1491
95.2125
92.491
91.1583
91.9996
91.4967
90.4846
90.2813
91.1108
91.6389
93.4505
93.6174
94.4029
95.1683
96.6182
98.0004
98.7861
98.8324
99.0332
98.4769
97.8265
100.069
101.515
100.293
99.1105
100.452
101.134
99.2361
97.9166
97.9251
98.962
99.9257
99.3703
98.745
98.2034
97.5817
95.9613
94.8351
92.7979
93.3843
91.8395
93.9731
94.6242
94.2646
94.614
95.4038
97.3632
97.7234
98.7758
98.1156
96.7226
96.2043
98.0064
95.3766
97.4802
96.4971
95.9144
97.0734
97.7038
96.8683
96.8613
96.6932
97.2619
94.7834
96.3103
96.2102
96.368
97.0625
98.9062
97.465
97.997
96.5108
97.9056
95.5681
93.3978
92.7934
93.484
95.9512
95.8024
96.8496
97.7718
98.3058
98.5706
99.6406
98.7399
97.5575
97.6172
95.1292
97.5619
97.6886
98.6252
97.5397
96.3507
98.156
99.395
100.132
99.5536
100.296
101.102
102.249
101.641
102.363
101.625
102.412
103.488
102.842
100.825
99.5559
99.3736
101.136
101.968
99.4037
98.9184
98.8959
98.275
99.5524
100.782
101.113
100.594
100.811
102.455
103.039
104.149
103.992
105.417
103.792
103.808
104.632
103.967
102.611
99.9742
100.238
99.2773
98.4207
96.0501
95.6439
96.6957
98.4562
97.4987
97.1468
98.4502
98.1606
99.9398
99.6673
101.058
100.692
98.8329
100.328
101.807
103.661
106.632
104.833
104.394
101.389
100.129
101.715
100.645
101.437
103.71
102.877
102.702
102.038
105.092
106.367
104.9
104.174
103.562
102.58
102.151
101.898
102.006
100.925
101.357
101.667
100.321
102.214
102.157
102.686
100.028
102.398
103.617
102.165
102.349
103.388
102.899
105.434
105.171
102.183
102.908
106.352
105.7
104.325
104.415
104.506
107.078
106.895
105.765
105.119
