101.913
101.011
99.2757
99.8465
95.5805
95.2129
94.4066
94.5585
96.4422
95.5175
94.6844
95.1887
97.898
97.0636
96.7387
97.2459
99.2635
101.25
100.699
100.629
102.749
102.457
102.322
100.025
100.286
99.7831
99.979
99.6437
101.128
102.413
102.455
103.051
100.926
100.117
101.144
101.242
102.152
102.734
101.466
100.15
101.395
102.237
100.514
98.9588
99.6623
99.6955
98.4421
99.2852
99.7927
97.9095
99.3463
99.547
99.1238
97.4152
97.9468
99.9107
100.721
100.315
97.9639
96.0421
94.2666
97.9684
98.7271
99.7058
99.0824
99.2622
98.7667
101.03
100.659
102.922
102.184
102.388
103.029
101.398
99.7271
99.2592
97.8558
97.9422
97.996
96.5423
95.0439
94.1616
94.5798
95.5328
97.5014
98.134
97.0036
96.1685
94.523
96.9299
96.4882
94.5183
95.0419
95.2889
91.987
92.1809
93.5664
93.2858
96.4409
94.8903
95.8544
97.6058
99.2778
97.0811
96.4521
94.5914
96.3821
99.7652
99.4566
101.465
102.113
103.022
100.67
100.378
99.7945
98.9833
98.744
100.489
101.79
99.885
99.9601
99.7222
99.5284
101.009
100.004
99.1767
99.1964
99.5961
100.075
100.327
102.886
104.967
105.366
107.114
104.064
106.004
107.613
108.359
104.683
103.956
104.783
104.867
105.96
104.878
102.944
101.804
100.038
102.167
102.506
100.92
100.713
100.473
100.872
99.6786
101.267
100.2
100.197
100.182
98.92
100.501
102.195
101.023
98.6928
97.8257
97.8201
97.6887
99.4663
98.8844
101.136
100.399
100.945
101.539
100.554
99.6045
100.894
101.981
100.895
99.3981
100.584
98.6206
97.5352
96.221
95.1228
95.0901
94.1946
94.6321
94.0017
94.2919
95.1667
92.3894
94.0024
92.7889
91.7545
91.6827
88.8509
88.7751
90.0986
88.5129
90.0016
90.1616
90.4257
91.1717
90.2128
91.2993
92.3807
90.6535
92.4519
91.0814
92.3596
91.2579
90.448
90.9432
89.6355
88.8881
89.8759
90.3782
90.0736
88.4716
89.1307
87.0715
87.5001
88.598
86.926
86.1167
86.8058
87.7874
87.6237
87.3178
87.0534
86.9655
87.6327
87.5588
89.6436
89.1986
88.4045
90.3385
92.2845
91.9648
92.0656
92.6373
94.301
93.7925
95.6744
97.2808
96.2703
95.883
96.2872
96.5766
96.0839
97.1969
97.8691
97.8359
99.0116
97.9683
99.2698
99.875
99.7196
101.308
101.93
101.556
101.188
101.631
102.525
100.4
102.633
104.206
102.599
99.9986
100.941
101.719
100.766
100.038
99.0128
99.7287
97.6745
95.6529
96.041
96.5143
95.896
97.2402
98.3852
97.4043
98.9832
100.22
100.918
100.375
98.256
99.2019
98.4106
99.5388
99.1232
100.111
100.749
99.2764
98.503
97.3652
96.102
95.9548
95.5144
94.8277
94.2999
92.7007
93.9905
92.2766
93.6445
92.962
91.4666
90.4904
90.6618
90.9651
92.0509
93.0533
93.9585
93.7841
93.7655
93.3298
91.9111
92.1281
91.9038
92.5363
93.9509
95.997
95.7795
94.2118
93.9534
93.3748
93.3512
93.5209
91.0494
91.8384
91.4
93.1123
91.5719
92.7413
92.7789
93.4066
93.0955
91.8324
93.2058
91.729
92.5831
91.8643
91.7994
91.9553
91.0617
92.8511
95.0765
97.0681
97.8073
99.6899
99.6142
100.615
99.5817
98.8897
98.4175
96.2703
97.2824
99.7832
96.6231
98.0668
98.0072
98.0845
99.5377
97.2501
96.777
95.9663
96.761
97.1797
98.0918
99.5097
99.8691
101.127
104.012
106.233
106.045
106.673
106.071
105.767
106.778
105.277
105.422
108.079
107.661
109.414
108.618
109.616
110.452
110.294
111.372
111.451
111.48
111.911
113.596
112.655
112.476
112.265
111.793
112.479
109.958
107.591
106.782
106.547
107.846
107.556
107.234
108.139
109.265
108.956
106.808
107.348
108.088
105.442
106.708
106.396
106.341
104.784
104.553
104.176
103.488
103.439
104.881
106.722
106.917
106.139
103.465
104.099
105.069
106.225
106.69
104.903
105.706
107.004
107.28
109.646
109.566
108.82
107.573
107.342
105.773
104.6
104.954
106.928
106.006
108.206
108.702
106.578
109.053
108.179
107.996
109.893
109.702
106.636
109.504
110.369
109.598
111.703
111.975
111.818
112.212
111.972
112.41
112.969
113.081
111.879
110.57
111.011
108.444
109.517
108.871
108.416
109.801
107.742
107.97
106.892
108.742
110.67
113.462
113.952
110.671
108.016
105.849
105.899
106.796
105.414
106.35
106.639
107.441
105.202
104.526
105.915
106.255
105.701
103.776
101.369
100.34
100.374
100.263
101.898
101.553
98.6298
99.3979
99.2871
101.103
101.3
101.262
100.649
103.033
104.693
106.609
106.043
104.178
101.977
103.317
103.231
103.661
102.656
102.081
102.108
102.379
102.139
102.251
105.46
106.342
105.638
106.855
108.275
107.924
108.42
108.353
112.191
112.63
112.858
114.052
116.476
112.97
112.15
110.105
111.462
110.386
109.586
110.784
107.622
107.9
106.142
106.528
104.782
107.065
109.592
106.375
107.865
107.453
107.51
108.772
108.726
109.612
109.438
106.965
109.72
110.826
108.266
107.737
109.074
108.606
108.88
111.109
110.579
111.278
112.342
114.541
114.906
113.681
112.799
113.66
113.95
114.203
112.743
113.679
115.546
113.892
112.941
112.88
113.815
111.97
111.385
112.502
113.99
113.846
117.291
117.346
119.534
119.005
118.132
117.775
116.674
112.984
113.711
114.745
115.757
116.675
117.07
