102.841
103.915
103.254
104.186
102.938
103.583
104.265
103.478
103.354
100.403
100.312
99.793
99.0288
98.9067
98.843
99.4402
100.437
98.1874
100.369
99.5946
99.0974
97.3612
98.076
97.786
99.0445
97.9356
95.9482
97.3886
98.176
97.7815
97.0231
98.5553
99.1923
99.6818
100.946
102.535
102.641
103.082
103.028
102.117
101.804
101.166
99.4934
99.9543
98.2084
97.8344
98.6205
97.3608
97.2333
98.2894
98.0397
95.2762
96.0507
94.592
94.5762
94.0652
95.3331
95.1694
95.0848
95.1581
96.9259
97.4387
97.5945
97.2294
97.7274
95.8596
96.1117
96.0437
96.2152
95.5003
94.8022
93.7053
93.2821
93.3987
93.5038
92.4797
94.8313
95.7642
95.0666
96.1004
94.6797
95.1883
94.252
93.9611
96.2641
96.3493
96.4264
98.2905
98.7187
97.6755
99.6138
100.365
99.6082
97.5734
96.5039
97.1143
95.5728
94.827
92.9628
93.9163
92.4532
93.2271
95.5173
94.7807
93.5091
91.398
91.4395
91.592
89.5775
90.072
90.3124
91.5423
92.0518
93.8426
94.7041
95.0208
94.5253
92.896
91.8448
90.818
89.8072
89.0257
89.5085
88.4397
90.848
90.7187
90.5772
89.4867
90.4692
89.3906
90.0026
91.1153
90.998
91.2648
90.9523
92.7555
91.4169
90.9428
90.3061
92.2969
91.9503
94.2265
94.2153
94.1996
95.4614
97.2964
95.9435
96.8574
97.5921
96.9098
97.0322
97.0117
96.7924
93.2346
91.8515
92.1844
92.9621
92.8116
92.2787
95.5983
95.695
94.0925
94.3042
94.4412
92.4865
93.5888
94.4389
93.295
92.0871
91.4554
89.3315
88.1176
86.511
88.7243
87.6581
88.0391
88.8433
88.1786
88.2226
87.0276
86.6959
85.3173
85.1234
86.5917
85.9381
84.7168
84.9056
83.9741
82.6456
84.0928
83.9938
84.1572
84.3564
83.0901
83.5727
84.504
85.135
85.2257
84.9317
85.5553
85.7728
84.6552
86.9012
86.4663
88.2323
87.7381
87.9817
87.6443
87.8451
88.6256
89.1576
87.1201
88.1067
88.3985
91.0284
90.373
93.446
96.165
96.6571
97.7234
96.3628
95.9482
96.5212
95.5354
95.8577
95.8099
93.9729
95.1137
93.6416
95.5219
96.2961
96.4564
98.3762
97.3078
98.8684
97.0642
96.5522
96.9194
98.6501
98.2947
98.5068
98.9689
100.582
99.1027
99.4447
100.26
101.191
99.8638
101.196
102.086
102.486
105.379
103.817
103.566
106.524
107.812
107.821
111.485
109.605
109.486
111.85
112.276
112.16
111.743
108.519
108.888
107.915
108.01
107.913
108.484
105.376
105.948
105.424
106.267
103.681
102.391
102.013
102.493
104.064
104.911
106.079
105.487
105.754
105.371
104.496
102.661
102.546
103.348
104.141
106.586
105.591
105.936
103.883
104.053
100.733
100.527
100.137
99.8728
100.314
101.304
101.44
101.496
101.278
99.9817
101.861
102.325
101.127
100.477
98.8398
97.6234
96.8681
97.128
96.5432
97.5269
96.4347
96.7441
95.4844
94.801
95.6457
97.0142
97.9907
96.7315
97.9065
98.6377
99.7407
97.5013
98.0095
95.4863
94.6869
94.0618
94.8598
95.222
96.0827
95.9649
95.4785
94.6831
94.4115
94.424
94.9091
94.8143
95.6223
95.5174
95.7665
96.1271
94.6442
93.0254
93.1817
92.5924
91.9445
89.6648
90.0885
88.5855
88.6464
88.1512
88.3734
86.8977
87.9693
88.7321
87.0569
85.098
85.2811
84.6285
84.8319
84.2451
85.5087
86.2117
85.7633
84.7686
84.6487
85.3168
85.8921
84.8707
85.1085
86.2196
84.9993
82.8721
82.8974
81.8922
81.9432
82.4738
83.6565
83.7827
83.0655
82.8249
81.3553
80.8522
82.2118
81.9765
82.6964
83.5348
84.3348
82.2848
82.8936
81.77
81.5159
82.5908
81.3382
82.3778
83.2899
81.4975
80.8528
81.5065
82.1587
84.7275
86.5875
84.222
85.3162
86.8452
85.826
86.1237
86.8581
85.9042
85.7572
86.2793
84.7061
84.7958
84.445
87.0592
86.8997
87.0921
85.8615
86.839
86.8068
88.1161
88.0998
87.6351
86.5358
85.0769
82.9049
83.6488
84.4827
84.106
82.9019
83.4961
83.5337
83.5539
81.91
83.2869
85.9976
86.2407
84.3201
85.3649
85.0542
83.8716
84.1234
83.1382
83.5612
82.8591
82.2394
83.9766
84.2953
85.9653
85.6955
85.5494
86.4088
86.7915
86.3078
86.7038
87.0326
86.8609
86.4745
84.1848
85.1777
86.2621
85.4329
83.941
84.0987
83.9626
83.8626
83.616
85.3035
86.3288
85.8824
85.7985
87.4366
86.3433
85.998
86.5609
86.4259
86.0795
85.7222
84.1993
82.4555
81.4737
82.2292
83.3249
83.6526
81.8216
80.6285
81.2622
81.12
81.4382
82.54
82.1385
81.374
80.1688
78.3442
76.5019
76.4167
75.299
75.5684
73.9316
75.5197
75.1342
74.9375
75.1141
75.1794
76.1643
76.8332
77.0844
77.9001
76.9112
78.6862
77.105
77.2308
77.834
75.0107
74.4094
74.5365
73.7039
72.9951
73.7062
73.0465
71.1764
71.808
70.6476
69.6044
70.2193
70.0753
69.2338
70.9487
72.3076
72.0293
70.1278
70.1891
71.297
72.1227
70.546
70.2162
69.6326
70.3831
69.7515
69.6103
69.2872
69.3878
71.2571
71.2013
69.7778
68.2766
68.9844
67.9089
67.4645
67.6223
67.8641
66.9235
66.6558
66.5304
66.5599
65.8878
64.7055
64.5688
65.1165
64.6667
63.7667
62.7853
62.7869
62.2181
62.0988
63.7344
63.9987
64.2125
65.512
65.4185
65.4966
64.899
64.9944
64.6748
65.8978
66.9285
67.4332
65.8513
65.3083
64.7422
64.1515
64.14
64.2035
65.0856
63.9899
63.9259
64.9875
66.5348
67.7289
67.7102
67.7476
67.8247
69.3893
68.2373
69.5268
69.6507
68.693
