98.5363
97.7337
95.7885
94.7356
94.1024
91.8912
90.7251
90.3
88.0298
88.3638
88.6105
88.0486
88.8386
88.9398
86.5472
87.0542
88.1975
90.7318
89.9384
89.8512
89.4207
90.5327
89.8716
89.1463
88.0956
90.3069
88.3585
89.0649
88.1567
88.4166
89.9828
88.0879
88.6789
89.2708
87.8247
88.6083
88.1637
88.6953
88.3802
90.0116
90.2403
89.1384
87.6907
86.5561
85.6138
85.051
85.117
86.3829
86.0108
86.4071
85.9991
84.9919
84.5776
85.237
85.1267
83.7112
82.7308
82.2048
81.6737
82.7022
82.1763
82.6274
84.1446
83.1513
82.6074
82.1188
82.9932
81.0927
80.1199
80.0511
79.1472
77.1113
78.5468
78.625
77.8299
77.2878
77.5921
77.4502
77.9367
77.4261
77.5791
75.401
72.8508
72.0267
71.5573
72.6609
70.7098
71.4265
75.0325
75.0099
76.4213
75.1318
75.5931
75.9508
75.9455
75.4743
74.1353
75.6092
75.2964
74.2523
74.7493
76.5147
76.6275
76.5402
75.7963
73.8284
73.2261
73.6512
73.2189
72.4915
74.1212
74.6054
75.0444
75.1759
77.0832
77.0186
78.2888
77.3583
76.8148
76.2859
75.5293
75.5645
74.412
72.8301
71.9574
72.2078
71.772
72.8717
71.7976
70.9465
70.6639
70.5349
68.8777
69.5393
69.9021
69.8606
70.468
68.9836
69.5248
70.0069
69.8147
70.3227
71.0618
70.7313
71.2588
70.8539
71.7763
71.9075
71.4783
71.3642
71.9815
74.0585
72.8152
72.9669
72.5633
72.2952
72.5951
72.4566
71.9143
71.1546
72.0586
72.083
71.3106
72.2268
71.2815
71.5758
71.2865
72.3801
72.2412
71.5256
70.4747
69.7736
66.0796
66.833
65.8699
65.6613
64.8505
66.85
66.7939
66.5965
67.1989
66.2422
66.4548
66.2976
66.8568
66.0485
66.79
66.9711
67.0864
66.6032
67.0799
65.6803
65.1046
64.8114
63.6814
63.8315
62.9059
62.7958
62.2004
61.2261
61.0916
60.3058
61.0959
60.4517
62.061
61.1474
61.4416
61.4736
61.8662
63.0359
63.0915
61.0243
61.041
61.068
60.1302
60.0183
60.8188
61.3606
59.6632
58.8841
58.9787
59.3989
59.6587
58.3972
58.859
58.0736
58.3964
57.9151
58.0793
57.6858
57.4252
57.533
56.3396
55.8918
56.9055
57.9163
56.6454
55.9302
55.466
55.7154
55.3184
54.8691
55.1467
56.213
56.0573
56.5159
56.6076
58.1763
58.7862
59.0375
57.9688
58.0304
59.1211
58.437
59.2367
58.6555
58.2813
56.8721
56.3301
56.7652
55.4116
55.3708
56.6289
56.4867
56.5721
54.9967
55.1195
55.3479
54.5359
53.9101
52.8692
52.3652
52.0584
51.5398
52.3655
52.2392
52.5168
51.9012
51.8131
52.4518
51.5608
51.7321
51.9858
52.4761
52.8684
51.789
51.6482
52.7927
52.8247
51.8327
52.0311
52.3826
53.0506
53.573
54.313
54.097
53.2039
52.1476
52.4781
51.9625
51.612
51.4199
51.0186
51.3379
51.3432
51.1199
50.4959
50.3573
51.545
50.9082
51.3717
49.9511
49.2129
49.7039
50.3751
50.9088
51.0485
50.8019
50.7803
50.3286
51.0042
51.9889
52.39
52.9873
51.9175
52.3353
52.6786
51.834
51.6609
51.7821
52.7151
51.0966
50.3339
50.6471
49.6231
49.0888
48.5211
49.4499
49.5655
49.8878
49.7426
50.7592
50.7983
51.3206
51.8752
51.8861
53.6683
52.5405
52.4974
53.4953
54.0862
53.6572
54.7844
54.9327
54.1496
53.7531
52.828
53.3427
53.8089
54.1909
53.5963
53.5587
53.6527
52.9722
53.9548
52.6627
52.7258
53.5391
52.8955
52.4872
52.9143
52.8329
51.9373
52.6192
51.7588
51.1686
50.4283
50.5664
49.8937
49.0721
49.5908
48.8765
49.0053
49.86
50.6924
50.4269
49.9661
49.8153
49.6812
50.7135
50.5985
50.6169
50.1581
49.6955
49.3332
49.5062
48.7389
48.1087
47.5061
47.864
48.198
48.1355
47.0932
47.0817
46.8207
46.537
46.2225
45.9957
44.839
44.37
44.9235
43.5663
43.408
44.1838
44.3708
44.14
43.2193
43.0343
42.8162
43.3807
44.8226
45.8125
45.8835
46.4956
47.0777
46.7084
45.6615
45.2889
46.5077
45.8069
46.2224
46.252
46.3811
46.6398
46.7066
47.9405
48.1002
48.0255
48.1354
49.3497
49.4987
49.339
49.2398
49.7964
49.9732
49.7047
49.4686
50.0717
50.2171
50.7615
50.4821
50.7416
49.8805
50.5786
51.0069
51.2549
50.8547
50.4933
51.176
51.2454
51.7422
52.0711
52.4074
52.7573
51.3169
50.3866
48.9442
49.4404
50.03
49.7691
50.4303
50.6136
50.3472
49.901
49.4864
50.1687
49.2693
48.05
48.0673
48.8856
48.0805
48.561
47.8547
47.7615
48.6053
48.374
48.7723
48.3176
48.966
48.9537
48.8938
48.5772
48.1349
48.5406
48.0983
48.1905
47.3584
46.5241
46.3059
47.718
48.6387
47.842
47.865
47.591
48
47.5246
47.1463
47.6373
48.4458
48.8819
48.5559
48.6676
49.6275
49.3573
49.4402
49.0357
49.1745
49.637
50.2277
49.9608
49.7767
48.9181
49.1825
49.7772
49.242
49.2711
49.0495
49.7366
50.0735
49.3305
48.9721
49.7079
48.9614
49.0085
49.8151
49.7574
49.6537
49.7973
50.1025
49.7987
50.5079
49.2373
48.6076
48.3243
47.8218
48.4376
48.2596
47.9365
48.4381
48.7047
49.2125
49.3744
49.3526
48.4071
49.876
48.4721
47.6357
47.9418
48.4666
49.0969
49.2906
48.3298
47.956
47.9139
48.267
48.5418
48.6956
49.6661
49.5629
49.9079
49.462
49.6932
50.785
51.7389
51.3857
51.4431
51.2774
50.7942
50.8406
49.4615
48.6524
49.7142
48.1667
49.3323
50.2053
50.5766
50.8856
50.462
50.3589
49.6139
50.2026
50.2001
50.1933
50.0066
49.4859
49.4342
49.5222
49.5343
50.5226
49.9262
