98.6851
98.5235
98.5058
97.4415
96.2016
96.8928
97.5456
98.7085
99.4044
99.4646
98.8367
99.4323
98.9101
99.832
100.555
98.7578
97.5298
95.8199
94.5952
93.1709
95.7817
95.6429
95.1392
94.1647
95.2787
96.3839
96.6209
98.4946
97.6906
96.4705
95.818
95.8158
96.6926
95.8856
97.1087
95.6165
96.3471
98.2546
97.9415
97.3468
97.1094
96.924
97.7727
97.4207
97.1018
98.1843
98.9543
98.0151
98.072
95.71
97.5571
97.9084
97.9891
97.0089
96.4844
97.1488
95.2946
94.7726
96.243
94.6819
95.2114
94.9648
97.68
99.2235
98.458
99.186
96.4421
97.7877
100.308
101.24
102.811
102.397
99.5212
101.166
98.796
101.731
105.414
104.233
103.218
102.729
103.735
100.09
100.745
100.099
101.026
100.194
101.328
103.264
105.122
106.685
106.545
108.094
109.088
108.118
106.023
102.052
102.745
99.9991
100.171
99.226
99.7783
99.2887
98.1983
98.7082
98.3905
100.983
100.362
102.6
100.038
101.181
101.506
100.718
101.432
102.033
102.975
101.114
100.731
100.581
99.4947
100.582
100.954
100.101
102.594
101.631
101.058
103.24
101.709
102.376
102.86
104.664
104.638
104.819
104.65
106.8
104.362
106.431
107.648
106.882
108.903
112.347
113.378
113.16
114.701
116.255
116.658
116.02
118.956
120.23
124.463
123.335
122.667
122.446
122.551
122.814
122.253
122.615
122.494
122.459
123.61
126.526
128.254
127.698
128.187
129.169
128.768
128.445
127.618
122.917
126.041
127.005
127.751
130.248
130.276
131.276
132.084
130.395
131.259
129.074
129.337
128.034
128.053
126.949
125.811
129.132
126.844
126.791
126.201
126.934
126.423
126.596
124.805
124.767
124.016
127.731
128.002
126.366
126.826
127.335
126.166
125.106
128.372
127.684
128.812
128.721
129.245
129.145
126.766
127.443
128.722
126.108
125.678
123.148
121.092
119.59
119.772
121.314
118.348
120.525
118.33
120.346
118.539
116.449
115.298
115.141
116.356
114.167
114.001
114.119
113.725
113.892
114.263
115.842
113.979
116.136
114.178
113.704
110.165
108.362
107.155
108.242
108.411
108.958
107.635
107.722
107.506
106.534
106.36
104.152
102.651
101.525
103.898
105.117
104.018
102.947
98.7019
99.8837
102.167
101.675
102.082
101.19
104.443
105.126
104.015
103.014
103.503
104.801
104.904
106.893
106.87
106.568
106.946
106.076
104.589
103.997
105.842
104.151
103.791
106.13
105.293
104.784
104.082
101.389
102.064
103.196
102.895
105.749
106.59
108.408
109.621
107.426
105.639
104.91
102.921
102.493
102.093
101.572
100.651
100.353
100.28
100.728
100.957
99.1509
99.5982
99.5491
99.5072
100.573
99.4925
97.9759
97.5874
98.865
99.116
101.845
102.56
103.656
102.498
100.556
99.3287
100.192
97.9701
99.1433
100.744
98.3965
100.394
97.7191
97.9291
96.046
95.6246
96.5249
96.051
95.8845
98.5819
99.9425
100.034
100.699
98.9579
98.1687
98.0504
97.2487
99.5855
100.856
101.529
101.565
100.953
102.124
102.456
102.51
103.605
103.235
104.829
104.519
103.768
102.273
102.128
101.841
100.611
100.507
103.237
103.604
103.749
103.816
100.94
101.301
99.89
101.822
103.029
103.793
103.01
103.874
104.212
103.079
102.811
104.744
105.709
106.155
104.41
105.856
106.427
108.463
107.868
107.673
107.513
106.498
106.78
109.409
108.593
109.094
108.551
107.207
109.328
110.771
111.773
112.94
113.8
114.074
116.13
115.247
115.691
116.391
114.027
117.151
117.992
118.851
118.13
116.933
116.007
116.884
118.479
118.313
118.068
118.141
119.94
119.301
118.298
116.337
116.819
115.77
116.01
115.037
117.48
114.079
116.295
114.9
115.13
113.465
113.759
113.913
113.546
113.077
113.921
118.086
116.667
114.765
115.518
115.477
114.882
115
115.995
115.463
115.245
116.649
116.771
116.617
116.876
116.53
117.007
117.308
117.332
116.537
115.946
116.09
116.661
116.765
115.257
114.896
114.895
114.398
114.68
115.735
115.187
114.217
110.716
112.389
109.67
109.45
108.93
106.962
107.37
107.356
106.551
105.866
103.804
103.448
104.243
105.063
105.685
102.879
103.452
104.241
103.136
103.783
103.879
104.869
102.875
102.391
102.242
103.407
103.628
105.563
105.378
106.235
106.65
107.183
105.256
106.369
106.928
107.538
107.847
107.219
108.692
109.171
110.393
109.489
106.562
107.559
109.111
109.257
108.782
110.06
108.887
109.338
107.887
109.943
110.188
110.512
111.064
112.7
111.394
111.679
113.142
115.059
113.524
114.974
116.848
116.953
116.457
118.793
120.037
121.916
121.532
117.511
114.276
112.238
112.495
113.198
113.696
114.008
114.193
116.018
116.103
117.294
118.909
118.951
122.547
124.753
125.191
125.551
126.196
125.595
125.069
125.816
125.684
124.233
121.917
121.884
122.324
123.49
124.229
123.73
122.841
122.129
120.598
119.818
118.932
121.097
125.085
123.557
125.305
123
122.051
123.192
124.741
123.922
124.118
126.249
128.752
130.814
130.987
131.056
130.204
131.729
131.903
131.002
131.447
132.173
133.698
132.841
133.548
133.271
135.134
136.006
134.027
132.131
134.014
133.342
132.196
133.121
135.43
136.28
136.036
134.149
