100.145
99.2349
98.043
99.8891
99.1159
99.4663
99.0019
99.5597
99.7506
98.4756
98.0669
96.5694
94.9719
95.0341
94.3113
94.157
96.6613
96.8938
99.0755
98.9193
100.799
99.4309
98.154
95.2031
94.3549
95.8374
95.461
96.5711
98.1723
98.9074
98.6847
100.098
98.7295
98.8502
97.1931
97.9291
97.2355
96.5155
97.6772
99.0964
99.1596
99.9346
99.6077
100.01
100.721
101.732
99.8466
101.212
101.291
100.211
100.984
102.313
101.835
105.547
105.965
104.69
104.282
103.55
103.561
103.839
103.109
103.379
103.77
105.31
105.769
104.531
106.834
104.884
104.04
103.868
104.774
104.089
106.424
107.625
111.131
110.154
109.925
110.792
111.012
112.348
114.027
113.444
112.288
114.61
113.662
112.978
112.487
114.563
112.686
111.162
111.842
112.66
112.623
113.979
115.645
112.606
114.425
114.457
113.961
115.261
113.041
112.283
111.214
111.236
112.019
115.024
112.71
111.297
111.905
111.77
111.885
111.452
111.105
110.446
111.701
110.23
110.302
110.593
111.228
109.595
108.601
107.793
108.058
107.698
107.704
105.691
105.996
106.732
109.909
107.888
108.933
110.528
108.757
108.771
108.194
108.934
106.915
105.409
104.817
103.626
103.307
103.643
104.463
103.351
102.579
102.217
101.407
100.522
100.044
102.612
102.416
102.834
104.065
101.945
103.249
100.501
100.666
103.476
103.181
102.782
104.739
105.221
105.139
105.683
106.066
105.726
102.078
103.443
102.279
103.094
102.507
101.941
104.41
103.968
101.938
101.37
101.751
104.124
104.214
103.915
102.966
100.182
100.221
100.214
99.9376
98.7561
98.9499
95.7097
93.929
96.1423
95.2961
94.6486
95.6917
96.1957
96.9619
97.4419
95.5472
95.5137
95.6167
97.505
97.6067
97.1955
95.4473
98.2488
98.8591
96.7636
98.2183
97.2665
95.9995
93.7467
94.0548
91.6797
89.5591
89.5836
88.3003
87.9769
88.7206
89.0689
90.5902
90.5265
88.2921
89.1096
90.1482
89.9526
88.9945
88.3061
87.7818
89.6161
90.2537
91.7124
91.0552
89.973
88.7857
90.2148
90.353
90.8146
90.1459
89.7412
90.0121
90.5345
91.6364
91.5842
94.0255
93.4022
93.2238
90.443
91.4356
89.6406
89.602
92.0627
92.4682
93.0423
92.7108
91.7315
92.3079
92.92
94.1375
93.554
94.7423
95.4202
94.8357
93.592
92.9558
93.6678
95.0494
94.7057
95.4377
95.4227
97.2345
99.1133
99.6943
97.6498
99.7553
98.9702
99.6669
102.642
103.222
104.564
103.715
103.02
102.135
99.9159
98.6984
97.5646
97.6042
97.9313
99.7562
99.7303
100.272
98.5905
97.6407
97.7507
98.6129
99.9481
99.6493
100.089
101.02
101.626
104.187
102.555
102.074
103.137
101.669
103.726
105.161
105.975
105.981
104.025
102.148
100.216
99.6561
102.216
102.231
103.26
100.505
100.775
98.5029
97.7717
98.2023
97.6099
96.9648
96.0482
97.1828
96.2756
94.6227
92.93
93.634
93.4294
91.8556
89.9691
89.8753
92.0744
94.3997
95.3141
95.8582
96.7379
98.636
99.4113
101.119
100.412
100.567
101.195
101.78
103.16
102.423
102.702
101.775
101.794
103.576
104.343
105.508
106.04
106.386
105.394
104.964
104.394
103.822
102.475
104.345
105.372
107.194
106.071
106.371
108.672
108.739
108.619
109.881
109.223
110.581
109.511
110.832
109.337
110.459
110.193
109.563
109.409
107.47
109.318
109.401
110.788
108.847
107.924
107.216
107.544
106.151
107.434
106.251
104.212
104.16
104.835
107.373
108.928
108.662
107.726
105.972
106.108
104.892
103.649
104.264
103.715
102.558
101.352
98.5582
97.4222
96.5396
95.301
97.1005
99.2151
100.256
98.9799
97.3049
98.2572
98.191
99.4743
96.6961
95.7273
95.7025
94.1365
94.6245
94.4403
93.0868
94.5479
93.5733
92.9822
93.2672
94.2689
95.416
95.7846
97.3905
96.6889
97.3718
96.3643
94.2792
96.536
95.573
94.861
94.8633
93.7958
92.6221
92.5679
92.4818
94.1913
95.0017
93.3035
91.6023
90.966
91.5783
91.3484
91.5848
91.4198
89.4694
88.1566
88.4146
88.1039
87.5479
87.3277
88.6432
86.9275
87.8437
89.0317
87.5192
87.706
87.4597
87.4508
88.5512
90.1215
89.3266
89.9398
88.8869
87.1952
86.4719
87.1503
87.6877
87.3435
87.8643
87.8521
87.5936
88.5351
87.8892
88.1968
87.7686
88.3018
86.7374
83.5663
84.8879
83.7242
82.9644
83.2876
85.9513
86.6359
86.8255
84.3182
85.658
86.1277
88.3821
86.9088
85.2271
87.1427
87.6702
87.8825
86.7634
86.485
87.7571
86.8178
87.6945
86.5429
86.5597
86.4982
86.291
85.8577
87.243
87.5878
90.5046
91.0927
90.1744
90.3759
87.6764
88.1303
88.0709
88.7983
88.4892
89.367
91.0881
90.5244
90.5691
90.3719
90.9354
91.9484
93.165
92.6215
92.9054
92.8814
95.5155
96.3798
98.7481
97.9596
97.7484
97.9725
99.5948
100.407
98.63
97.6763
99.1136
99.8896
99.5284
99.0304
99.0073
97.2999
97.1673
97.7889
98.1108
96.8532
96.369
96.6226
96.2712
95.6426
96.3874
97.5746
97.5322
97.8535
97.9173
95.8329
96.7476
96.1113
94.689
93.9023
94.3063
93.9641
93.5043
92.1263
91.1547
92.0724
92.1677
93.5498
93.5975
94.3185
94.1885
93.6785
91.6433
92.0121
90.7954
89.4543
89.0606
87.6307
89.8107
90.2521
88.7103
87.5513
86.2966
85.7901
85.6615
86.6099
86.5395
85.3635
87.067
86.6682
87.1856
87.6395
86.7852
85.6935
