99.2768
98.2624
99.1235
100.105
100.658
101.062
99.7516
97.5022
98.851
98.1833
99.992
100.9
99.6796
99.7956
101.831
100.947
102.348
102.708
104.29
104.713
104.265
102.943
104.936
103.354
103.958
104.114
102.707
102.939
103.046
101.773
100.257
100.462
98.6248
100.748
99.6703
96.6476
96.1982
97.0666
96.7856
94.6686
93.9448
95.6957
96.2344
95.8328
95.764
96.4474
95.2964
94.9099
94.6711
94.2097
94.2593
93.2979
92.4705
90.7127
90.3065
90.5693
90.1564
91.1135
91.6112
91.0305
92.7791
91.9035
92.5405
92.9446
93.0459
92.6109
93.6142
94.4632
93.5137
93.1722
93.4053
93.2435
93.9943
93.5771
92.8097
93.2826
92.6304
93.8646
94.2831
94.6283
95.3648
95.4552
95.6915
95.8124
97.3187
97.5438
100.453
100.628
99.5
100.942
99.2684
100.768
100.717
100.613
101.085
100.907
102.884
104.702
105.196
106.698
106.051
105.481
108.071
109.172
107.499
108.625
106.914
109.046
108.675
109.145
108.719
108.689
108.986
109.162
109.049
109.422
108.723
106.606
107.267
106.418
107.83
109.3
109.698
107.917
107.29
109.718
107.498
109.476
112.798
113.18
113.73
113.352
115.375
118.247
117.391
117.707
115.31
114.445
112.359
113.957
111.897
113.999
113.824
114.441
113.304
113.522
113.417
115.461
117.162
116.701
117.449
116.463
118.097
113.747
112.22
113.271
113.151
114.231
110.859
112.408
110.355
110.468
108.359
109.873
110.051
109.299
109.011
112.929
112.537
111.153
109.632
108.61
108.859
109.118
106.769
106.044
105.902
103.661
101.155
101.731
100.189
102.481
103.47
103.914
103.318
101.908
102.437
100.829
100.305
99.9531
100.524
100.316
101.513
103.008
101.846
104.044
104.827
105.508
106.262
106.751
105.515
104.115
104.809
104.811
104.627
100.405
102.189
102.119
104.084
105.092
104.858
105.682
107.038
107.896
108.296
108.641
109.712
110.625
110.619
106.488
107.132
106.921
107.663
107.136
105.828
105.497
103.569
104.374
105.114
104.638
103.383
105.596
104.472
104.932
105.741
107.714
107.722
109.12
108.397
106.198
109.78
109.588
111.828
110.156
108.176
109.069
108.994
108.544
107.956
109.894
110.012
109.766
110.642
109.343
108.765
108.057
111.545
112.47
116.02
114.649
115.554
116.038
117.161
117.178
115.131
112.219
112.673
111.145
109.712
105.802
107.912
108.569
112.175
112.377
111.049
111.091
111.562
110.857
114.353
115.348
115.713
115.082
114.15
114.128
114.748
112.259
112.429
112.148
114.637
114.237
115.791
116.608
116.93
116.576
118.286
118.47
119.533
119.042
120.247
119.953
118.717
120.634
120.564
122.417
123.794
119.187
117.669
118.679
117.97
118.471
116.9
118.362
120.169
121.121
121.543
123.921
124.621
125.309
124.594
124.684
122.621
122.616
125.186
125.034
123.463
120.521
119.892
119.86
119.105
120.357
119.549
116.517
118.878
116.986
116.33
115.389
116.198
116.449
116.862
118.235
117.86
119.823
120.845
118.65
117.846
119.144
121.088
121.344
123.738
123.036
122.885
122.607
122.701
122.176
122.787
123.474
124.519
124.537
121.855
120.514
122.093
120.02
122.07
123.942
125.202
123.71
123.968
123.323
124.074
124.578
125.438
122.777
125.423
122.756
123.131
122.987
123.853
122.645
121.886
120.747
121.995
124.13
124.051
123.709
121.906
121.95
121.599
121.866
122.051
122.053
122.224
124.816
124.357
124.569
126.179
125.431
124.194
125.124
124.951
126.351
124.83
126.181
125.401
127.145
129.869
130.856
129.212
129.409
129.703
130.807
128.633
127.875
129.365
130.362
129.634
128.569
130.993
128.328
127.258
124.408
125.361
123.277
124.435
125.479
126.323
126.498
128.67
129.911
129.148
131.301
127.548
126.073
127.903
126.088
129.73
127.783
126.217
122.672
122.386
123.539
123.838
124.768
125.391
122.727
121.277
121.674
119.589
117.497
117.241
116.73
118.019
117.465
118.401
120.717
120.052
121.62
120.019
118.376
116.045
117.102
116.765
116.869
119.231
117.958
119.193
116.767
117.074
116.962
118.64
120.485
117.281
117.586
118.915
121.654
122.352
121.647
121.494
119.53
119.23
117.69
115.139
114.902
113.851
113.904
113.562
111.641
108.18
107.568
107.257
108.078
109.363
109.078
109.886
110.864
113.151
113.19
112.974
109.063
106.706
106.804
109.581
109.945
109.69
109.17
109.766
111.219
111.977
112.455
112.633
112.487
114.225
113.255
113.713
115.904
116.364
113.874
114.816
115.185
113.287
114.189
116.416
118.109
121.263
123.127
120.975
123.494
121.966
124.69
126.646
124.639
123.779
121.968
120.448
121.377
120.548
121.933
122.69
122.651
122.759
124.281
125.484
125.768
125.889
125.73
125.786
127.438
128.248
127.855
128.86
127.96
128.038
127.93
127.268
130.954
126.238
127.405
126.978
125.922
127.836
130.394
131.374
129.91
130.124
130.859
131.076
133.1
135.888
135.385
132.036
132.525
133.146
130.56
131.363
130.39
130.733
130.526
131.964
131.113
131.577
133.079
131.223
130.717
130.972
133.422
132.713
133.329
134.877
133.629
133.062
134.69
135.92
134.18
134.416
133.43
134.441
132.794
134.536
135.869
134.103
132.75
