99.7827
98.9437
96.9453
97.6004
95.9419
94.9982
95.7003
95.3247
97.218
95.5754
96.4678
94.0411
95.1283
95.0253
94.2194
94.1629
96.1574
97.4508
95.6468
94.2595
94.7975
96.2122
95.9251
97.6747
101.285
101.889
103.851
102.546
102.321
100.434
99.9164
98.6881
97.9698
97.2706
97.079
94.7458
94.4284
94.5934
92.3407
91.7242
91.893
94.1054
93.8227
92.8202
94.5396
91.9468
93.282
93.4245
92.9084
94.7897
95.0401
95.1367
95.0602
93.1565
94.5286
95.664
94.8233
94.0644
91.5853
90.9903
90.6583
90.2821
90.6992
91.0541
91.2382
90.5212
89.3224
87.6629
88.0487
88.035
88.1206
88.3234
88.6812
89.0429
87.42
87.4375
90.2734
90.0236
88.4276
88.2574
87.8822
89.8099
89.5422
89.5142
91.011
92.1246
92.2784
92.5381
94.0907
93.3768
92.4671
93.6166
93.085
93.1416
93.0666
91.8449
89.7591
89.6623
92.1546
92.6615
92.1149
93.0375
93.408
91.8493
92.5746
95.1747
94.4565
96.5316
95.9124
95.9313
97.3493
98.7398
99.0613
99.3017
98.2343
97.1609
95.1354
94.3235
94.3255
95.2212
95.0085
93.9118
93.2256
91.1981
89.635
88.2947
88.4267
88.3743
88.0565
88.6307
87.247
84.9554
84.4126
85.1628
86.7561
87.3896
87.5659
89.3917
88.7612
87.3479
85.5908
87.0514
84.9069
84.2208
81.604
81.0644
80.0346
82.8171
83.1966
84.5309
83.7798
83.3093
82.4201
84.8548
84.4948
83.0906
82.0009
81.3595
80.8158
81.9035
81.5167
81.028
80.5365
80.4205
81.4119
80.6107
80.8103
80.9335
80.1031
80.757
78.6911
78.8467
80.7889
79.6228
80.6131
81.8872
84.0935
84.3204
87.5148
88.6863
90.0886
90.5828
88.7994
90.0224
91.6535
89.9979
87.5514
85.4558
85.0166
83.9922
86.6101
87.1404
88.4939
89.8138
88.665
88.8612
88.5765
87.049
87.0629
87.9375
88.0735
88.3335
88.0646
86.0491
85.0052
85.2392
86.3966
86.5091
85.4893
84.8691
85.8345
84.5812
84.0746
83.3828
82.6716
80.5375
81.6813
82.139
81.7465
83.366
83.4787
83.357
84.2296
86.6353
89.5945
91.2041
91.0329
90.4774
89.6497
89.0441
89.9842
90.5908
90.9306
90.661
89.027
89.2842
89.9861
88.5967
90.0354
89.0361
88.8672
87.4241
87.3713
87.8402
86.7822
89.4491
87.8455
87.4507
87.596
89.1415
88.6776
87.1431
86.964
86.3943
87.7303
89.3004
87.8746
88.2737
88.9156
89.8282
90.3635
91.3864
90.576
88.8187
87.9392
87.4758
86.1805
84.6331
83.7089
85.3565
86.3374
87.0294
87.4145
87.464
87.7973
88.1075
87.0336
87.1226
87.2881
86.9926
87.5105
87.9257
89.0108
91.0127
89.6547
91.8457
91.5285
92.3079
93.6171
94.6606
97.4618
98.2902
99.5038
98.0723
96.4851
94.8981
95.6999
97.0045
97.1317
95.5832
94.8046
97.1615
98.2273
96.0755
96.888
96.7384
95.9217
97.3205
97.5006
96.4195
96.9862
97.841
97.7558
98.7458
98.2088
98.0845
98.1157
96.6845
97.7008
96.9653
94.6055
94.3128
95.0444
93.9678
94.3594
94.1926
95.4739
96.4851
96.3224
93.1773
94.1949
94.8863
93.3551
92.1223
93.085
93.4829
94.3499
93.2649
92.7223
92.7828
94.6802
94.9478
95.2675
94.2918
92.6969
90.6045
91.4816
91.2876
92.3813
92.8566
91.6366
94.624
93.6992
93.5612
91.9554
90.0403
88.6619
91.4276
93.2278
94.1303
94.2114
95.4273
96.2474
94.8397
96.0414
95.6814
93.7024
95.7725
96.3786
96.7128
95.9621
96.7288
96.3392
96.0548
95.3669
91.6074
91.9303
91.0267
91.112
89.8033
88.9898
89.849
89.5423
87.6799
86.64
87.4523
87.4232
88.6946
89.2725
89.6271
87.3989
87.7036
88.9021
91.9475
91.3255
91.7063
92.2361
92.9579
93.8519
93.3934
94.4281
93.861
93.8828
96.6788
96.1741
96.162
97.0778
100.328
103.234
103.307
103.477
103.245
100.989
100.739
101.52
100.604
102.406
101.73
98.5789
97.6598
97.26
97.0821
97.9115
96.7006
95.7141
97.8992
97.3306
96.3905
97.5335
98.3173
96.5252
95.4192
97.1762
97.2401
96.9185
98.1434
95.7162
95.3609
96.5744
98.7915
96.4583
96.3727
94.204
91.9149
92.5535
93.0609
90.9365
89.9919
90.7669
93.8216
94.6215
93.3979
92.6055
91.496
92.7817
91.1281
91.3693
91.7463
92.4076
92.0529
91.943
92.3536
91.9529
92.2674
93.0996
93.1391
94.4835
94.3758
92.4875
93.2716
94.3579
93.6823
92.6153
91.861
92.4765
92.1518
93.5439
96.7664
98.2264
98.0518
98.9026
99.5671
100.084
100.61
101.06
102.384
101.374
102.849
100.7
102.959
102.806
102.177
101.667
103.324
100.934
100.898
100.106
99.2854
99.4096
98.9038
99.1899
100.337
99.81
99.1164
97.8169
96.3901
95.8976
96.8877
97.3233
99.2359
99.2253
100.335
99.7796
99.6808
99.6227
99.2645
96.9896
97.9412
96.0863
97.1109
97.5929
99.19
97.2799
96.5998
97.1132
97.6139
97.2926
99.1876
99.0615
98.2488
96.7169
95.4472
95.2244
96.7048
97.6591
98.4545
97.7998
98.7464
96.4479
97.2261
95.5931
98.0062
98.5587
99.2004
96.4542
95.775
93.9935
93.7036
94.2265
93.5554
94.6045
94.7745
91.9182
91.0265
90.0576
89.2848
89.0968
90.8
90.4478
90.2204
90.25
90.2792
89.6857
88.9105
89.3263
88.3456
87.7602
87.7341
88.6656
87.4489
86.8118
87.3356
87.906
89.138
88.4629
88.84
88.7539
88.9384
88.8642
87.4067
85.9357
85.8129
86.0668
86.9808
85.3037
85.8957
87.0134
89.2716
88.6736
88.2068
89.047
88.5246
88.8002
90.0697
88.2113
86.2221
87.11
86.2177
85.688
85.053
