99.5552
98.0244
97.5947
94.7421
94.9611
95.2981
93.2821
92.6111
91.7971
88.371
88.7578
87.8616
87.2209
88.8912
88.2553
86.711
86.1423
86.1447
86.6458
85.6087
86.5391
87.4552
88.4048
90.3779
93.5885
94.6544
92.7195
93.4795
92.5855
92.1263
91.5522
92.9637
93.337
93.4557
94.41
93.0193
93.073
93.4948
91.4986
89.816
89.7493
90.6671
90.2565
90.3033
91.7571
91.8378
93.8458
93.3815
92.0638
92.1006
92.8228
94.231
93.6298
95.2218
97.2873
96.108
95.7212
93.5583
94.1641
91.3557
90.535
89.8232
90.5278
89.0603
89.1736
88.7957
89.4406
88.5537
87.8313
87.6498
87.4111
87.058
89.6385
91.6594
91.9811
93.5917
94.7765
95.8677
96.6332
97.2313
98.0373
99.0848
99.011
99.4853
99.2288
99.0565
98.1452
96.1424
98.0292
96.3879
97.5559
98.3234
98.1107
98.1948
97.4816
97.978
100.172
100.414
99.8113
99.5797
98.7544
98.759
97.6526
97.2914
100.573
100.352
101.46
101.635
99.9701
99.4649
98.6254
97.89
97.1161
97.1458
96.0642
95.4038
95.784
94.743
97.4137
96.1192
96.5825
96.6973
95.9441
97.4556
97.3529
97.4237
96.2407
93.7243
92.2581
92.8394
92.9672
92.201
92.4539
92.8264
92.2491
94.3605
94.0027
94.3072
94.1538
94.2752
92.6258
93.7295
94.6595
93.8009
96.6272
94.082
93.284
93.2356
93.6561
92.1418
92.1899
92.3016
92.3358
91.7145
91.4344
89.902
89.4968
90.2841
90.3535
91.0422
90.76
89.0191
88.8696
88.1755
88.5688
87.974
90.2306
91.1832
89.7519
90.1297
90.0029
87.7305
87.5675
88.1245
88.6677
89.113
89.8336
88.9286
90.846
90.6973
89.4317
89.4666
91.4434
91.1011
92.038
91.7498
92.1608
91.8803
92.8616
92.2886
91.1651
91.9206
90.667
91.8605
92.4283
91.8783
92.9331
92.2
92.2985
94.4566
95.1484
93.9636
93.436
92.8574
94.5452
93.5295
91.6586
89.963
89.0699
89.6797
90.2647
90.0492
89.6637
89.5763
89.2567
90.5473
92.0757
92.6399
92.3756
94.208
94.6765
95.8752
95.08
95.988
94.4053
93.4078
92.9799
93.5613
93.321
94.9139
94.9022
94.2188
94.4437
95.0346
97.0246
100.447
100.56
100.634
102.056
102.397
104.353
101.664
102.013
102.332
101.457
103.68
105.659
104.859
105.736
106.42
107.438
108.778
109.677
108.792
109.309
109.098
110.622
111.295
111.629
111.949
110.952
112.331
113.177
115.471
113.688
113.877
113.954
113.659
113.882
114.507
112.719
112.894
111.705
110.907
108.001
108.012
107.95
106.494
106.138
105.66
105.36
106.041
107.094
108.179
106.431
108.031
108.381
110.163
110.61
112.88
114.163
112.68
114.811
116.097
116.789
116.534
114.699
116.473
118.095
119.163
120.966
121.134
121.513
122.107
123.867
126.152
130.34
128.039
126.676
123.817
126.208
126.44
127.294
126.551
126.617
126.448
123.33
122.493
122.351
117.728
116.932
118.182
118.276
114.927
114.014
112.198
111.031
110.065
109.099
111.538
112.331
112.485
110.232
109.747
112.514
111.444
108.604
108.5
109.06
107.643
107.161
106.39
106.776
104.24
105.418
103.674
103.52
103.774
102.518
101.102
100.69
100.976
101.402
100.665
100.748
98.6038
98.1458
97.0833
97.3431
97.4478
97.7112
96.5294
96.3843
93.8612
93.6589
93.9989
93.7282
95.6239
97.8704
96.9881
97.2589
95.6793
95.5427
98.1788
98.9704
100.289
99.9409
99.8956
101.186
101.691
101.068
99.9415
99.7294
97.6016
97.6147
96.832
99.3771
103.129
103.041
104.327
102.597
103.699
103.331
103.237
103.214
102.285
101.835
101.705
100.523
101.71
101.626
100.247
99.9777
99.4449
99.837
100.039
98.2896
98.2506
98.4044
100.213
99.9768
99.7301
100.548
102.437
102.064
103.097
103.055
101.572
100.648
99.952
98.8362
96.5207
95.2149
96.0855
97.0623
96.1555
96.1136
94.6184
96.4001
97.9471
98.1633
99.1899
100.886
97.1535
96.7388
96.2157
97.435
97.1169
94.8738
94.689
95.7979
95.5998
95.0272
93.2292
92.126
91.5044
90.8266
89.0115
89.2264
89.6291
89.157
88.8353
90.8942
92.7514
95.455
96.7887
94.5726
93.9766
96.3529
95.3263
95.5015
94.1523
93.3195
93.9616
93.5735
93.3936
91.9253
92.3756
94.3674
94.2516
94.3846
94.8318
95.7195
94.3103
92.6771
92.5335
93.8435
93.9851
94.7309
96.6101
97.0532
97.2251
95.1678
93.8165
93.0751
93.76
95.7888
96.8345
97.6211
95.8447
94.1681
94.099
94.1551
95.8171
95.7877
96.0227
94.9803
95.4262
96.7634
98.148
99.0398
98.5615
97.6627
99.8268
100.702
102.395
101.71
100.698
101.428
102.782
102.023
101.234
100.729
100.268
99.5017
101.568
101.295
100.572
101.546
100.154
98.2708
98.8152
95.5136
93.1477
90.4136
89.6712
90.6918
92.6598
93.2744
92.7598
91.2566
92.8623
92.8488
92.0641
89.8301
90.6873
91.2678
91.3629
90.6216
90.52
89.5685
89.1826
89.2661
90.9653
90.2717
91.9223
91.1815
90.8629
91.0624
89.7226
88.6438
89.665
89.4859
89.2118
89.0262
88.9428
88.7681
86.8672
87.9638
89.3323
90.7563
90.7187
89.9253
89.7146
90.166
88.3068
88.8817
87.8826
87.316
88.4993
89.8079
89.5872
89.7768
90.5585
89.5911
87.9897
88.5894
89.2906
90.192
89.6091
89.8377
88.9652
87.4155
88.0242
88.545
86.5024
86.2631
86.4137
84.5536
84.6788
85.0371
85.6091
85.8091
86.2295
85.3741
86.2794
87.1634
88.355
88.727
89.65
