99.5884
99.8162
101.814
100.142
96.8931
95.1019
96.337
97.1817
98.2367
97.1826
94.978
94.0956
94.904
96.7487
98.3847
96.3097
96.9172
96.6033
96.7881
97.5882
98.6604
99.6483
99.439
99.6744
100.182
99.4494
100.596
102.167
102.093
103.671
103.634
102.995
102.423
103.826
102.317
102.197
101.915
101.34
100.87
102.318
101.266
99.5576
98.8501
100.4
101.07
99.5965
99.7818
97.7307
96.9623
96.9994
96.7657
98.2281
97.5904
97.747
97.398
97.8933
99.8028
98.8476
98.9417
98.3664
97.2195
97.8339
97.4117
96.8742
98.8891
97.7999
96.2579
97.7253
95.533
94.6524
96.2071
95.5858
96.1719
94.9454
96.1189
94.7713
93.0793
92.8828
92.5136
91.1418
90.8547
89.4487
87.7933
87.771
85.1832
84.6722
86.9794
87.9935
88.6371
87.7786
88.7498
89.149
88.8492
87.6478
86.3846
86.912
87.8873
88.6732
88.448
87.0398
85.4451
85.5391
83.3619
82.8209
84.1817
83.7897
84.7275
85.9291
85.8642
86.5228
86.4178
85.5213
84.6341
85.8426
85.2992
85.5058
85.6681
86.0429
86.5074
85.5874
86.532
87.7005
85.9805
85.4918
86.5641
87.2701
87.0847
87.3732
89.2218
90.0441
87.9027
88.1237
89.1411
89.6757
89.9602
90.6211
91.4228
91.2561
91.7614
91.7644
91.3271
92.4753
92.7632
93.4645
92.8167
92.584
94.0724
92.5858
94.1486
96.0587
96.3543
94.1076
92.9688
91.1687
90.9237
89.3285
87.0499
88.3366
87.6082
87.7117
86.8626
85.3557
84.3759
82.8068
82.358
81.9108
82.206
83.6643
83.0512
83.7978
84.1547
84.5999
85.245
85.3871
87.1675
86.9993
86.6845
87.3013
87.5204
88.7735
88.7748
87.9478
87.0965
85.8446
86.2311
84.9542
85.2277
84.0611
85.2026
84.6401
84.675
84.7164
85.3849
84.8358
85.7433
85.4006
85.2823
85.9575
84.9782
85.7889
85.6337
85.9029
85.8201
85.0978
84.0304
85.1613
85.338
84.6563
84.8967
84.614
84.5644
84.6505
86.19
85.9724
83.5423
83.1889
84.1503
83.065
81.4054
80.3271
80.949
82.8037
84.2235
87.2846
88.9543
89.3475
88.1852
86.1357
88.3184
89.588
90.6329
89.2267
90.1345
89.1014
90.281
91.1335
90.5375
90.8127
91.2608
91.719
91.0303
90.5293
90.5597
88.4656
87.2481
86.3218
86.3325
87.2898
87.3249
85.6917
84.9345
85.1044
85.2607
85.0333
85.1355
84.3843
85.6726
85.2548
83.9418
84.4217
83.6588
85.7604
86.2538
88.496
90.5032
89.2955
88.6598
86.7318
84.947
85.3047
86.5098
86.7199
88.6325
89.2407
88.7337
87.0595
87.4299
85.7181
83.569
84.0434
82.685
85.0491
85.7521
85.8554
87.5497
85.997
86.5982
86.8759
87.507
86.2477
85.173
86.4054
86.3404
85.1051
85.0167
83.8806
83.4211
82.3092
79.5583
80.3646
81.335
81.8878
80.1655
80.5528
79.9153
78.7251
78.9087
77.8801
78.0814
78.3922
78.1616
76.4111
77.0215
78.2465
78.4623
79.5203
80.7849
78.2581
78.4856
78.3013
80.501
80.3559
80.9498
80.4833
80.1865
79.2255
79.3995
79.4697
79.6512
79.7518
80.2563
81.3946
81.4846
82.8785
82.6567
81.569
83.68
82.7168
81.6172
81.8085
79.5779
80.3988
78.2064
79.288
78.3629
78.7689
79.4543
79.9647
79.9361
77.4114
77.888
78.0708
77.3965
78.0001
77.5587
79.5629
79.1333
80.4226
80.8319
80.4296
81.4566
80.4036
81.0625
80.4973
80.1717
78.7932
79.6195
79.9583
81.5434
81.6941
80.5456
81.1858
82.613
82.5939
83.7931
83.8676
84.8011
85.2035
84.5838
83.3408
85.0537
85.9388
84.9866
85.3315
85.2966
82.3867
80.9836
80.6953
81.285
79.7847
80.0933
81.8694
82.3849
83.6594
82.5308
82.5596
81.3968
82.4663
83.2369
83.5089
84.0662
84.422
84.2076
84.6101
83.6715
82.2509
83.8448
84.1946
83.4156
84.8859
85.9645
86.9043
87.2094
88.0223
90.0503
91.5034
91.3925
91.6024
90.0154
91.7118
94.0172
95.7449
96.2279
96.9567
99.0289
96.0709
95.4166
95.4773
96.5924
97.9655
95.6449
94.0246
95.4644
94.1902
94.5125
93.5043
91.7774
91.5829
90.3709
90.0183
92.7054
92.7619
91.5338
91.4711
93.752
92.7951
94.6275
94.3337
93.269
94.99
96.5199
96.6962
94.4377
95.1472
94.1909
94.7558
96.8498
94.5367
94.6402
96.6357
95.0542
95.4802
94.6532
93.9736
92.5573
93.5784
93.6563
93.6978
93.8815
94.7458
95.1143
93.705
95.6017
93.0935
92.3778
92.2274
91.7658
91.0152
89.9245
87.7775
87.9054
88.6296
87.9358
85.9391
85.8883
85.375
83.9102
84.3822
83.32
83.2353
83.6364
82.8936
83.5211
82.7699
83.5592
84.2108
84.1083
84.5059
85.4466
86.9996
85.8427
84.9246
86.0997
87.0466
86.3919
86.8403
87.3026
86.6411
86.0788
88.0501
89.2092
88.2974
88.8886
89.7016
88.96
87.6867
87.8335
88.4742
88.5797
88.7766
88.6959
88.4631
90.9973
89.7198
88.8522
88.292
89.2531
89.8312
91.2937
90.4538
89.9696
88.9846
90.7852
91.8
89.8931
88.8774
87.953
88.7686
86.6282
88.5433
86.761
86.773
86.7874
86.9399
86.8765
86.5665
86.4973
86.0166
86.0572
86.5293
86.4671
86.0605
84.7413
84.6225
85.3797
86.0679
85.7216
87.2319
85.186
84.258
84.0602
82.8762
83.921
84.4758
85.6766
85.3341
85.5662
84.9777
84.5086
84.6667
86.377
86.2627
85.52
85.5998
85.2989
87.8514
87.6853
86.2008
87.7908
88.4163
89.4615
89.6599
89.9923
91.6168
93.3343
93.7004
92.97
93.415
93.6891
92.8574
92.2651
91.8769
90.6569
92.5068
92.4818
92.5296
92.6889
93.7695
95.1798
94.1885
