101.499
100.459
100.25
98.3754
97.8608
97.8564
97.7795
97.2195
98.1686
98.9935
98.9703
100.036
100.095
100.121
99.332
98.7485
97.2625
96.4417
95.7038
97.3661
95.4497
94.2077
93.5139
95.1917
96.43
96.2573
97.3554
98.3136
98.1135
96.8049
94.7475
96.1284
94.9543
95.6675
96.6886
98.4498
95.7267
95.9456
95.3494
94.4827
95.2595
94.4277
96.2552
99.3926
98.8742
99.8073
97.031
94.9566
94.783
95.6541
94.7531
95.471
95.5899
94.8439
96.7909
97.0034
95.1312
95.7281
96.1032
96.8981
96.6663
97.8135
96.8317
97.8063
97.6206
98.1742
100.968
100.659
98.3811
99.2572
98.943
101.505
101.962
103.509
101.286
103.278
103.253
101.477
103.121
107.126
108.477
108.275
109.473
110.877
111.298
110.224
109.42
109.296
109.269
107.179
106.51
106.729
108.169
108.359
106.416
106.5
108.442
107.882
106.388
107.706
105.251
106.273
108.035
109.588
107.902
107.681
108.046
106.139
107.337
108.228
110.864
114.299
113.696
113.823
109.985
109.786
110.134
109.43
109.004
109.244
108.544
108.676
108.946
110.327
110.309
112.022
111.49
110.18
112.228
112.799
112.584
111.99
114.317
111.908
112.427
112.895
113.23
115.329
113.021
112.978
114.747
114.881
113.863
115.579
115.197
114.365
112.971
111.94
112.474
113.938
116.917
119.072
120.867
120.153
121.627
123.102
123.729
124.532
124.967
122.782
124.826
123.984
125.136
123.406
123.652
125.873
125.762
125.152
127.593
128.125
128.924
126.558
129.991
129.338
128.028
129.558
128.437
129.389
129.242
129.39
128.148
128.303
130.064
128.396
127.722
127.464
131.778
135.997
134.628
133.619
129.974
127.777
126.194
125.629
128.323
130.275
132.964
136.406
135.232
138.379
139.262
139.652
138.491
139.372
138.086
136.664
137.773
140.597
139.803
138.744
141.081
140.812
141.658
139.051
140.159
140.895
141.566
138.399
137.261
138.524
138.859
136.174
138.249
140.26
140.783
140.608
137.615
137.69
136.431
136.922
136.911
136.651
134.484
132.772
133.861
135.2
134.236
132.72
134.061
133.628
132.042
130.633
130.125
130.682
131.263
131.983
133.392
133.448
132.629
131.576
132.391
130.51
131.416
130.782
132.203
135.451
134.759
137.282
137.496
138.773
138.392
138.218
135.162
134.637
132.892
128.639
128.843
126.105
126.937
126.797
124.411
121.577
120.145
120.272
118.775
119.284
120.965
119.729
118.44
118.223
116.308
116.719
117.119
115.252
114.237
114.684
115.122
118.808
119.903
120.798
118.477
116.714
117.685
118.69
117.379
117.705
119.848
120.149
119.706
119.739
121.295
120.558
120.234
122.454
122.072
120.376
120.709
119.538
117.87
117.038
116.108
113.345
113.792
113.203
113.491
115.28
118.058
116.177
119.398
121.169
118.199
117.972
117.099
117.011
116.324
115.613
115.633
116.569
116.83
118.392
120.704
121.042
122.779
122.191
121.883
123.819
124.437
123.982
121.792
119.247
117.17
118.198
121.79
123.345
120.907
117.78
117.486
116.121
115.967
114.124
113.781
114.958
115.152
115.163
115.343
117.871
121.254
119.933
118.553
116.687
118.03
119.15
119.929
120.203
120.045
122.65
122.695
121.663
122.961
125.51
128.008
126.669
127.816
127.72
127.453
129.78
129.65
129.572
129.53
132.352
134.647
136.675
135.562
133.983
136.482
134.729
136.005
136.274
139.443
140.912
137.978
138.881
142.752
141.973
145.355
146.881
147.571
147.6
147.445
147.774
149.784
150.052
151.985
147.28
149.743
147.635
150.268
150.846
150.178
149.805
150.902
148.905
148.51
149.435
149.803
151.536
153.313
150.377
150.237
150.176
151.882
152.513
150.362
148.424
147.486
146.05
143.689
143.521
141.19
138.79
138.256
135.109
137.782
140.335
140.57
141.443
141.776
142.982
142.189
140.169
142.141
142.114
144.945
144.961
143.695
143.212
145.795
147.226
149.51
151.025
155.516
157.812
155.704
153.317
153.589
153.055
150.336
149.77
148.459
148.551
148.516
147.932
150.464
149.609
149.978
151.543
153.269
153.836
156.546
155.86
154.002
153.147
153.47
152.999
152.96
148.796
145.558
143.074
146.814
145.86
144.747
139.983
141.515
141.852
139.683
137.593
141.085
142.802
142.521
143.281
142.021
146.057
144.762
140.89
137.231
137.947
136.426
135.488
135.289
136.039
137.284
134.06
132.033
135.165
133.91
132.511
132
134.034
132.559
131.78
131.98
133.987
133.687
133.695
133.501
132.075
134.641
137.552
135.372
135.001
134.288
135.991
134.37
139.135
140.057
143.641
146.623
145.844
143.472
144.405
146.322
146.982
147.654
147.696
148.897
151.39
150.928
154.838
153.779
153.004
155.214
154.069
153.896
152.424
153.112
152.564
154.454
151.85
154.056
153.129
156.712
156.847
156.647
157.232
155.929
155.921
157.311
156.448
156.148
155.19
155.974
156.701
156.297
156.265
153.369
154.95
154.411
152.916
153.159
149.796
152.812
153.017
151.917
152.022
152.661
152.862
152.232
154.524
153.335
155.632
157.77
161.838
161.432
162.898
165.2
160.84
159.757
157.819
159.822
159.12
161.547
162.542
163.236
161.37
165.458
166.265
167.122
166.994
161.63
161.114
