100.958
101.227
99.3271
102.253
102.868
102.304
101.556
100.24
100.37
101.329
101.701
102.435
103.39
101.202
103.104
104.64
105.301
107.164
106.462
108.171
108.768
109.105
108.522
110.348
111.2
112.776
113.682
116.251
114.056
114.782
114.63
115.871
114.189
116.18
116.214
118.154
118.245
120.193
121.756
120.803
119.807
122.942
123.643
124.973
126.209
122.25
123.484
124.608
124.754
125.521
127.913
125.347
126.91
126.619
127.647
127.745
126.562
127.087
124.707
124.079
121.151
124.187
124.661
122.8
122.851
121.132
121.427
117.685
117.874
116.825
117.339
118.477
120.321
121.397
124.01
122.686
122.393
121.034
122.665
122.02
122.914
122.42
123.661
121.68
122.069
122.521
123.986
121.257
120.19
121.803
122.919
124.116
122.933
120.475
120.836
124.974
125.384
123.32
124.316
125.415
123.633
122.293
122.933
124.697
126.035
125.338
125.472
126.865
125.721
126.657
125.493
124.314
124.801
125.296
125.841
125.466
125.943
127.355
128.202
127.758
126.457
124.842
123.963
121.969
121.628
122.029
122.145
121.788
122.13
119.99
121.706
120.213
116.361
114.588
113.944
115.535
115.925
113.387
112.85
114.822
114.27
113.479
113.235
111.373
110.913
111.49
111.753
109.314
107.991
109.683
108.25
108.148
105.305
105.163
105.769
105.434
105.647
106.123
104.408
105.093
104.999
105.75
104.341
103.06
103.366
103.095
103.327
101.235
103.109
102.628
101.297
99.3725
99.3153
100.092
98.6289
97.8433
97.3733
98.0522
99.338
98.8827
100.127
101.869
102.973
102.782
100.627
100.242
99.6453
99.2029
98.7818
98.0703
99.2678
101.201
100.079
100.773
101.082
100.583
100.227
99.656
100.063
99.4121
97.5801
98.3212
97.6252
98.1727
99.2352
98.4606
99.0009
98.853
99.1029
100.268
100.576
101.016
100.687
101.444
101.632
101.772
102.634
102.022
101.178
102.471
101.451
99.942
98.8672
100.027
97.2691
98.2652
97.1233
98.7672
99.3414
99.2676
101.055
103.213
103.732
104.556
104.734
103.808
106.008
105.158
103.933
103.89
102.211
100.796
99.1041
100.519
100.523
101.328
99.7273
99.3347
98.6681
99.5173
98.7914
100.078
100.17
100.929
99.4746
97.267
96.9843
96.1804
96.5574
95.2902
92.6014
92.8508
95.0769
94.3494
94.1735
94.0521
92.3869
93.0826
91.4127
91.2223
91.6204
90.4982
90.2281
88.2242
88.4435
88.2207
88.2985
88.7784
89.7436
91.3217
88.9655
89.0811
87.6802
87.2471
86.295
84.5737
85.5893
84.8335
82.8876
83.1517
81.157
80.8272
80.9955
81.4066
80.1765
80.8475
81.6296
80.2463
80.4181
81.0288
81.4169
81.4358
80.1549
79.8811
79.2423
80.552
79.9226
81.9551
81.7714
81.4806
80.8093
83.6536
83.1011
82.8065
83.7335
83.4768
81.954
81.9721
82.6381
84.1301
83.4303
84.017
83.9224
83.8386
85.1038
84.9731
85.0257
86.0625
84.1808
83.9049
83.8201
85.2746
85.7803
85.7368
85.7451
86.7684
85.7006
86.0613
85.7976
85.6762
85.0628
86.0491
84.7717
84.4662
85.7117
87.8858
87.4779
88.8171
89.8567
88.235
88.9378
89.7884
89.8282
90.5285
90.9932
92.9018
93.0034
92.488
92.4522
93.7505
92.9535
94.0671
94.7958
96.1499
98.6379
98.3659
99.368
99.2422
101.174
99.581
99.8958
98.8423
99.0637
98.2225
100.869
102.079
102.338
102.221
100.533
101.494
102.932
104.159
103.302
103.609
104.394
104.901
106.921
105.724
104.281
102.044
102.882
103.957
104.519
105.515
104.627
104.074
106.246
106.372
106.414
106.187
106.244
106.035
106.282
107.793
109.223
111.953
112.105
110.615
110.042
109.389
107.759
108.847
107.934
107.981
108.756
106.329
106.898
106.073
106.3
108.192
108.054
107.416
109.489
107.494
107.168
109.288
109.906
109.678
110.307
111.124
110.21
109.298
109.342
104.477
105.008
102.405
103.421
104.742
103.584
104.055
105.786
105.49
107.683
107.522
106.388
104.858
106.34
107.156
107.103
106.044
106.46
106.428
106.888
107.499
107.739
109.319
110.094
109.987
110.802
111.738
111.83
113.26
112.761
112.425
113.011
110.986
112.243
113.572
111.879
113.862
114.811
117.594
117.502
119.856
120.887
120.849
120.765
120.602
123.049
120.787
120.07
118.19
120.092
118.284
118.735
119.657
120.528
120.211
119.319
119.607
118.648
120.632
120.147
118.21
119.269
117.957
116.063
117.567
117.346
118.266
119.076
117.775
120.216
118.41
117.186
113.217
114.012
114.948
114.553
112.333
114.241
113.959
114.826
117.298
118.545
121.146
122.022
122.243
121.703
119.738
122.607
122.643
123.461
122.289
121.595
118.788
119.399
120.396
119.213
119.571
122.016
122.421
122.374
123.387
122.708
122.665
121.006
120.524
123.106
124.964
125.802
122.85
120.035
119.876
120.938
122.415
122.213
120.696
120.907
119.823
120.215
119.072
121.44
119.787
118.735
116.548
116.463
115.89
116.079
116.234
116.42
115.769
116.293
114.838
115.545
114.468
111.683
112.965
113.93
110.136
109.581
106.718
105.499
105.676
104.766
105.365
105.006
104.923
106.281
108.396
105.597
103.018
101.855
102.352
101.068
100.852
100.897
101.903
102.074
102.28
102.443
104.08
103.241
104.326
103.686
102.233
101.81
101.935
102.027
104.456
