100.124
99.8062
99.2609
100.843
100.09
100.833
100.096
101.292
100.646
104.107
105.051
104.905
105.508
105.307
104.892
105.805
105.748
104.419
105.012
104.518
103.851
103.728
102.205
103.363
101.931
101.766
102.264
103.411
102.742
105.21
103.075
103.877
104.414
105.537
106.024
105.331
107.156
103.604
102.113
103.804
104.172
104.36
103.427
104.357
103.611
103.829
105.438
105.243
105.311
104.131
103.315
104.407
103.576
103.03
106.068
107.156
107.595
106.367
108.505
108.469
107.333
108.664
109.234
109.883
109.096
109.892
109.62
107.823
106.539
107.61
108.554
108.145
107.905
107.985
107.495
108.211
104.649
109.561
109.445
109.652
111.017
111.103
109.85
110.536
111.24
111.695
111.576
112.644
111.133
110.553
111.567
112.694
114.083
115.067
112.683
116.239
115.032
115.006
115.2
116.042
116.58
118.485
118.277
119.12
119.274
118.572
119.809
119.023
119.82
123.356
122.391
123.277
121.526
120.349
119.145
119.305
118.086
117.052
118.579
118.526
118.057
118.606
119.813
121.545
120.757
119.802
119.681
117.28
117.812
117.124
117.606
117.246
118.887
119.036
117.418
117.406
118.952
118.681
118.251
117.253
116.062
116.474
115.642
117.064
117.171
120.475
120.405
119.21
121.599
120.259
119.705
120.335
118.846
118.424
119.147
118.448
118.07
118.411
117.81
117.094
117.253
117.898
114.946
115.598
119.13
117.048
118.875
120.568
123.629
123.848
123.638
125.721
124.909
124.377
125.694
123.922
122.006
120.783
120.023
120.262
118.593
121.421
121.762
120.995
122.778
122.169
121.094
122.003
124.467
126.638
127.405
126.894
129.94
130.881
127.833
130.367
130.548
130.006
128.445
128.96
124.552
125.672
125.261
125.234
125.541
125.775
127.571
124.607
126.375
126.499
127.947
124.831
125.234
124.791
124.223
123.978
123.018
119.976
122.489
120.556
122.228
120.325
120.482
121.973
123.281
122.403
122.51
121.595
122.651
119.816
121.181
121.289
119.613
119.216
119.77
119.861
121.112
119.784
119.175
122.215
122.571
121.768
123.59
122.755
124.102
123.198
120.547
122.197
125.127
125.449
124.358
127.567
129.433
130.823
130.263
132.098
126.594
125.572
125.61
125.467
123.816
124.534
123.187
122.841
121.187
121.43
122.495
122.291
122.631
122.621
122.387
124.866
122.416
121.88
122.181
120.158
122.027
122.527
124.715
125.622
122.945
121.329
121.274
121.93
123.155
122.013
122.644
123.429
122.614
121.257
122.097
121.805
122.121
122.563
122.544
124.023
124.617
122.316
122.84
126.082
126.038
126.959
129.46
128.499
128.046
128.641
131.043
128.941
130.318
130.239
128.374
130.026
131.13
132.04
134.678
133.814
131.716
130.272
128.939
129.894
126.592
125.617
125.464
123.806
125.235
125.683
124.579
124.588
123.855
123.734
122.426
122.531
122.209
122.884
122.822
124.488
123.837
124.196
124.742
125.357
126.197
127.09
126.657
125.212
125.723
124.964
125.136
124.557
127.511
126.842
125.071
126.888
128.216
124.965
125.411
121.521
121.964
122.545
124.052
121.611
120.182
120.383
120.769
121.74
120.732
120.454
119.804
121.387
122.565
120.444
117.859
118.795
120.838
119.847
120.597
121.094
121.296
121.435
121.357
120.041
122.396
121.653
121.941
122.278
122.789
122.929
123.231
123.809
122.261
121.315
119.281
118.7
119.559
120.664
116.941
116.524
117.881
117.294
116.089
117.125
117.343
117.609
118.046
120.268
120.979
118.893
117.02
117.945
117.189
117.224
116.011
114.936
114.489
113.175
114.483
116.209
115.571
116.656
114.149
113.559
113.369
113.272
112.887
114.955
112.636
112.061
111.852
112.208
111.636
112.403
110.443
109.128
110.728
110.367
108.298
109.866
108.947
111.839
110.882
110.557
111.219
110.744
108.975
105.801
106.457
105.998
104.998
105.867
108.049
109.187
107.095
106.762
107.601
104.719
105.52
106.767
105.033
105.673
108.292
109.585
110.554
111.316
113.146
114.669
117.95
118.178
119.094
119.486
116.61
115.362
115.945
115.795
115.298
114.685
116.623
118.376
118.256
118.139
117.449
118.575
119.882
119.416
120.616
118.05
118.237
119.263
121.466
120.542
119.846
121.785
121.551
122.069
123.511
123.19
123.506
123.686
122.445
123.395
126.657
128.284
125.663
124.602
126.534
124.418
126.629
124.731
126.996
126.168
129.238
131.72
134.669
135.61
134.017
136.665
133.883
135.643
133.4
131.716
130.106
131.65
128.074
128.399
128.435
130.088
131.643
131.614
133.14
135.045
136.959
136.565
137.98
134.995
134.853
133.989
135.024
137.1
136.971
138.588
139.95
139.587
139.518
138.265
140.713
138.345
138.638
140.198
141.274
141.322
141.321
144.624
144.319
142.4
142.57
142.941
142.722
141.277
144.141
142.33
141.741
140.478
140.799
137.989
136.154
136.12
135.315
135.161
134.471
133.806
133.07
132.87
133.122
134.83
136.713
139.967
138.807
139.653
138.258
139.398
136.934
137.877
137.793
139.011
140.426
138
139.92
138.674
136.79
138.751
140.733
140.273
138.681
140.866
140.825
142.965
143.087
144.069
143.465
144.311
145.342
144.514
