99.462
98.7039
98.5313
98.3903
99.6945
99.3178
99.9075
100.55
100.101
100.48
101.722
103.005
104.128
103.325
103.729
104.208
103.734
104.019
100.769
101.365
100.817
102.369
102.373
102.832
102.536
101.341
99.3334
102.122
101.654
101.079
100.629
99.321
100.408
100.384
100.744
100.439
100.339
100.811
102.319
102.553
102.112
102.714
102.932
102.487
100.294
101.668
104.004
103.298
102.226
104.652
103.852
103.81
105.922
105.497
105.994
104.029
102.317
101.586
99.9941
100.897
101.309
101.552
102.585
101.922
101.423
100.93
100.185
99.9553
99.6983
99.2946
98.0475
98.1114
96.2776
95.2169
95.9935
94.2634
95.4932
93.3276
93.0523
91.8692
92.3176
90.5208
90.5663
90.572
91.4978
92.9707
91.3531
90.5268
89.2951
87.9112
86.9129
84.4607
84.1631
84.0918
85.3105
86.4916
87.2527
87.8981
87.0064
86.2444
83.8933
83.3167
81.6745
82.7075
83.6569
83.7189
83.178
83.1381
81.4017
83.3394
85.1411
84.333
82.508
81.6858
81.0686
80.6957
80.083
79.6382
78.289
78.5191
77.9878
79.6954
78.9858
79.134
80.3449
81.4445
81.6996
82.9719
83.1374
84.7008
84.2269
85.5095
86.8606
87.3159
86.8243
86.8356
86.2427
84.9206
85.427
85.0422
86.0515
85.1703
86.8438
86.8785
86.9713
85.8699
87.2134
86.1231
85.8365
87.8054
89.3418
87.334
88.2075
88.6187
87.8989
86.1253
84.5528
84.6778
84.2931
84.4882
83.5723
82.9879
81.4145
81.2791
82.965
84.2488
84.8543
85.7309
84.0389
86.6448
87.2677
86.9067
86.6474
88.4282
87.3556
87.3307
88.6558
87.5523
87.6753
90.0681
90.6704
91.8213
92.992
95.8826
95.8402
93.0338
92.8228
92.6953
93.3406
93.1518
92.4929
92.1786
93.569
94.3994
94.8622
94.7274
94.8433
93.4356
90.1887
91.0754
91.1002
91.137
90.6497
91.608
91.9831
91.3119
90.536
92.444
93.7635
93.1788
90.7726
90.3053
90.8393
90.1369
88.8924
86.0801
86.8962
86.5365
87.432
86.3716
86.7446
87.8542
88.623
88.0932
88.4812
87.4583
87.1899
85.7541
84.2882
84.3012
83.7988
83.9282
85.3344
85.3036
86.1773
87.3883
90.1034
89.5992
90.7049
90.7785
89.3094
88.3921
87.5874
86.6879
83.967
81.6316
79.9748
78.7801
78.7879
79.4411
78.6676
79.9848
82.2752
82.4941
83.6098
83.1073
84.6049
84.184
83.0952
81.8144
81.4399
81.4834
80.092
79.3526
79.0186
79.4528
79.1035
78.5767
78.372
77.9698
77.788
78.6806
79.3418
80.1131
79.5379
80.3453
79.6586
78.6857
79.3194
80.1103
79.3923
79.8208
80.1058
81.6819
80.0655
80.6653
82.2866
81.2175
80.5111
82.5772
79.5251
80.4941
79.5047
79.304
79.1405
79.3255
79.6664
80.7259
79.646
78.7921
79.2694
80.2026
80.4218
81.7408
82.1957
82.1637
81.423
82.1066
82.0094
80.7294
79.5508
78.6648
78.3356
77.9166
78.2108
76.8643
75.6651
75.0187
73.7964
74.0671
72.8683
71.4784
70.7261
71.1458
69.5616
69.9388
68.5809
69.2623
70.4682
70.5731
71.7003
71.0401
71.1654
71.4225
70.5613
70.7374
70.8033
70.3953
70.7432
69.3495
70.6484
70.5799
70.3912
70.1298
69.003
68.0355
68.0058
67.3112
67.8046
67.1889
66.0895
65.3865
65.6573
65.8729
65.9344
66.1112
65.0219
63.4126
63.9586
64.4803
64.4023
64.8928
64.4508
64.8527
65.9043
66.0821
66.0277
67.1832
64.898
65.3902
64.9396
64.6033
65.4762
65.1401
66.4646
65.9832
65.7217
67.1474
66.6901
66.5643
67.6819
68.5338
68.001
66.7746
66.3945
64.856
65.2215
67.1129
66.6146
66.4763
66.1264
68.3932
69.2846
67.3853
67.75
68.5103
68.2433
67.7619
68.1012
69.1173
68.4106
68.1167
67.8773
67.7769
68.491
68.9863
69.4556
67.6231
67.7786
67.5484
67.7065
68.2634
68.3624
69.1775
68.3556
66.3318
65.9689
64.9175
64.3151
63.8381
62.9625
61.9196
62.2569
61.3331
62.1624
63.5597
64.0165
64.4538
65.0102
65.1976
66.2831
66.5001
66.4534
66.3125
66.6134
65.0849
65.912
66.2771
66.0729
67.6272
67.3468
68.8267
69.1346
69.8879
67.9912
67.8147
67.2814
67.0296
66.4177
66.4932
67.0294
68.5378
67.0971
66.5161
65.895
67.2249
67.1743
67.1285
66.7006
67.6314
68.7732
68.5082
70.2122
71.1569
71.0321
70.9074
70.8112
70.8362
70.9521
71.8904
72.5557
72.7989
71.9644
71.1556
72.1781
71.6735
71.2634
70.8364
69.7075
71.3387
71.169
71.0324
71.2938
70.4587
71.7875
71.4187
70.4531
69.8466
68.276
66.2534
65.7972
66.0271
65.4246
65.7514
67.2288
67.1535
67.5558
67.0912
66.942
66.2301
66.0394
65.8586
65.3404
66.1414
65.5898
65.0576
64.4869
63.8541
64.6487
64.8562
64.0574
65.3383
65.4702
65.94
65.7544
65.0325
65.5159
65.308
64.582
65.2799
65.3854
66.7004
65.6138
65.1448
63.8521
64.4845
66.6757
66.7024
67.5899
68.8505
68.2684
68.7501
68.7484
67.634
67.0402
66.6637
66.5249
66.4077
64.4588
64.8974
64.3147
64.047
64.8462
64.9676
63.7375
64.6092
64.9017
64.3333
63.8523
64.8013
64.8585
64.6538
65.3376
64.5024
64.4072
65.3287
64.2303
65.2566
64.9987
64.6501
64.1797
62.5575
62.8869
63.9437
63.9447
63.2021
62.3832
60.6208
60.5324
61.1718
61.1615
61.8527
61.7962
62.8593
62.5827
62.6404
62.4686
64.5349
65.0633
66.0498
64.2525
63.8968
64.4771
65.5431
65.8166
66.6336
67.3244
69.0562
68.4416
68.5349
69.1512
69.419
66.8431
66.8374
66.2649
64.5763
66.1695
67.4995
68.1753
67.8308
