101.464
103.78
102.197
101.492
100.116
98.6142
98.2565
97.7401
99.4397
100.556
99.5049
99.9572
99.6611
101.066
100.313
101.498
100.469
100.759
99.7157
98.9952
97.5488
97.7034
98.2696
99.2469
99.4114
98.8137
99.6563
99.7438
98.8534
96.5816
99.2968
98.8638
99.5025
98.9918
100.023
100.529
97.8253
97.5853
95.4948
95.0893
94.8094
95.7184
95.355
95.8285
97.9926
98.8398
97.6656
97.0084
94.7737
94.0068
92.174
91.026
91.5825
90.5375
91.1776
90.478
92.4302
93.535
92.6481
93.2812
93.128
95.0771
95.5052
95.8462
95.6217
96.2367
95.92
97.3023
100.007
101.378
102.009
100.866
101.317
100.781
98.472
98.5233
99.5604
100.771
101.936
105.331
106.326
106.332
106.839
105.731
103.6
102.214
103.634
104.538
106.487
106.351
106.303
107.003
106.902
107.607
109.054
110.021
111.396
112.235
112.567
113.156
112.599
110.831
111.587
113.225
113.152
116.036
116.934
117.148
118.565
119.386
118.661
118.111
121.064
122.23
122.813
123.183
121.705
122.404
124.553
125.178
123.965
121.463
123.749
123.858
124.59
125.038
124.044
122.98
122.323
123.794
122.979
125.24
122.532
122.399
123.398
123.016
124.095
124.151
125.454
125.201
125.309
124.898
124.469
125.113
124.048
125.184
126.576
127.518
124.381
124.922
125.489
126.885
125.714
126.755
125.853
125.194
122.119
122.015
123.285
120.558
121.064
119.73
118.901
118.617
115.185
116.219
116.029
117.241
117.593
119.313
119.757
120.944
118.994
119.746
120.67
119.738
115.822
112.77
112.907
114.317
116.084
116.646
117.481
116.499
116.993
116.401
117.498
116.498
113.802
115.087
114.757
111.689
113.621
114.344
115.351
113.229
112.294
110.933
112.485
110.613
109.424
110.923
109.513
107.925
105.282
106.031
103.889
102.655
104.355
104.251
102.344
104.016
103.325
100.889
100.437
100.561
99.7571
100.303
100.596
101.732
103.634
103.816
104.39
105.111
106.181
106.867
107.403
105.862
105.505
105.84
105.493
106.461
108.899
106.525
105.617
105.678
105.335
105.223
104.762
104.377
103.44
104.43
103.919
103.377
104.364
103.033
102.972
102.552
101.097
100.953
100.954
99.795
97.2901
95.8813
97.1046
95.8073
96.2772
97.4783
97.2768
97.7625
97.5566
97.6704
97.1706
96.3455
95.8734
97.8214
98.6822
98.4621
97.7633
98.1424
97.9992
99.8078
99.4329
99.2475
99.9767
100.023
100.121
99.3566
100.682
101.064
101.182
103.324
101.552
101.741
100.153
98.5633
99.423
97.7939
97.2374
95.7411
97.2259
98.86
99.8859
101.461
104.208
102.631
102.798
104.431
103.181
103.661
104.293
104.731
105.898
107.32
106.644
107.606
108.076
106.823
107.676
106.97
105.881
107.472
107.284
107.137
106.24
106.451
107.691
106.661
104.622
103.316
100.435
99.4137
99.5109
97.1277
98.2746
97.8532
96.7746
95.582
96.7119
96.7051
95.7559
95.6428
97.6637
99.2057
97.8493
100.314
102.352
101.434
100.992
100.595
102.842
102.568
103.446
102.984
104.796
105.062
105.267
104.993
104.802
106.176
107.065
109.212
110.394
112.042
113.078
115.1
116.559
118.298
117.721
115.945
116.22
114.647
114.764
112.479
112.418
114.542
113.791
110.915
111.575
110.216
109.902
112.209
114.2
114.098
115.231
112.785
112.846
114.678
116.739
115.812
117.538
117.19
114.983
115.584
113.121
111.374
111.871
115.224
115.326
115.155
115.501
116.98
114.812
116.197
117.087
117.537
118.292
118.226
118.972
120.115
118.235
117.63
119.148
119.395
119.861
119.643
116.105
116.134
117.285
117.763
118.748
118.001
118.47
116.43
115.75
113.84
114.976
115.183
116.689
115.386
114.993
115.164
115.157
114.219
114.405
115.221
116.349
116.084
117.703
118.461
117.599
116.279
115.678
111.741
111.859
111.307
111.744
115.443
115.068
115.123
112.773
112.679
114.032
112.922
112.662
114.022
113.777
112.444
111.65
112.138
111.998
112.098
112.938
115.223
113.653
114.216
112.893
112.949
113.422
115.793
114.911
115.986
113.887
113.849
112.044
110.858
111.865
113.66
113.43
113.731
112.213
111.727
112.19
114.461
114.839
114.738
113.193
114.922
112.042
111.636
109.372
109.019
108.645
110.84
110.66
110.178
110.941
110.427
109.626
111.541
107.939
106.659
105.662
106.506
105.838
104.961
108.094
107.433
108.469
109.404
112.774
111.153
111.59
111.107
110.319
111.797
114.269
116.651
117.288
115.397
117.168
116.101
116.939
117.856
116.723
118.208
117.234
116.774
122.546
122.696
125.182
123.027
125.191
124.783
127.46
122.923
124.348
127.065
127.358
127.216
128.43
130.009
126.761
127.579
125.77
125.805
124.413
123.861
124.987
123.526
122.59
126.126
125.43
123.055
123.297
120.707
119.614
120.331
122.78
123.347
125.094
124.64
124.952
124.828
123.321
121.47
120.965
119.065
118.041
116.321
116.155
116.531
113.729
114.016
114.635
113.759
113.944
113.146
113.502
112.624
116.629
113.483
112.581
112.486
112.836
112.384
112.12
115.253
115.37
115.325
114.859
115.912
115.429
115.486
116.466
116.463
119.09
120.132
118.406
119.563
118.872
121.181
122.387
123.762
123.276
121.515
123.358
121.957
119.223
119.851
