100.591
100.681
99.734
99.5375
99.1077
98.3199
97.9697
98.5702
99.1735
96.979
96.1011
96.6962
98.6267
98.7843
98.4362
98.2444
99.8054
101.957
102.104
100.492
99.6581
98.9277
99.287
99.7925
101.157
100.964
101.806
102.197
101.152
100.418
100.424
101.823
100.853
100.136
100.316
100.101
98.0187
95.1161
93.9098
96.1556
96.7949
98.8469
100.06
100.275
98.9737
97.8113
97.2408
98.964
99.7432
100.542
101.557
101.981
101.447
99.3571
97.4098
97.4547
95.8409
91.7464
89.4666
88.7724
87.8723
88.3726
88.4069
88.3864
87.1166
88.6533
87.2389
86.9489
88.5698
89.4921
90.2523
90.2261
90.7982
89.5548
91.8766
93.5607
93.2269
92.5256
95.226
94.8088
94.2545
93.6016
92.7177
91.3525
91.0787
92.85
91.5663
92.7755
90.5016
88.1843
87.9931
88.8406
89.0911
88.874
90.1826
89.8746
89.1241
90.2464
93.2012
92.1012
93.4524
92.599
92.4457
95.3019
95.1428
96.8252
97.4258
99.7585
98.6489
98.9657
96.9884
97.3971
98.7688
99.5871
99.8652
101.674
101.549
101.045
100.757
101.674
99.5214
99.6558
99.6265
99.1936
96.0575
95.6611
95.6475
94.4329
94.1082
95.5181
94.098
94.0874
95.2185
95.6702
95.2611
95.4944
94.0725
93.7022
94.0668
93.6357
92.2203
91.5169
90.9096
91.4902
89.5782
90.0505
90.4597
88.514
89.9096
89.7469
90.5281
89.7193
90.2619
87.9836
87.1774
86.2755
84.0503
84.5827
87.0633
86.611
86.9911
84.8399
83.3923
84.0879
84.8232
84.1393
83.9166
82.0637
80.2842
78.7962
78.95
79.5758
79.1377
80.4975
80.5492
80.2346
81.8005
81.4157
85.4983
85.0663
85.0654
86.1522
89.132
90.0048
89.2518
89.4049
88.2519
89.2605
89.3869
90.6545
90.735
90.7224
91.0688
90.5875
90.3
89.495
90.2787
88.2644
88.7788
89.598
89.1419
88.9957
89.3537
91.0915
91.2766
89.2942
88.0511
89.5201
88.6074
88.1037
89.9414
88.7932
88.5341
89.653
90.1526
90.5322
87.8177
88.0729
88.6744
88.8221
87.7735
88.0408
88.606
90.0097
91.151
90.2318
90.6219
91.5721
90.6341
91.4273
91.2893
90.7847
90.4194
89.7425
89.9277
90.9232
89.9287
89.609
92.4892
92.1819
92.2347
91.224
92.3747
91.243
89.8277
88.6435
88.8308
90.5666
91.902
91.6473
91.7563
94.0419
92.1458
92.7743
94.3492
92.9825
92.5045
90.1737
89.3155
89.0245
87.6215
85.3615
84.1651
84.3166
83.4046
84.2787
83.0358
81.7846
81.4214
83.8222
83.9341
83.6025
81.716
81.0223
80.2785
79.7697
80.2967
81.2372
81.054
80.2562
80.0116
78.6398
77.7213
76.5304
76.0113
75.469
76.8066
76.0476
77.7304
76.3681
76.1504
75.9203
75.4655
75.7157
74.7111
74.2083
74.2821
73.5015
74.0946
73.1249
75.5965
77.4451
78.8525
79.9017
79.8214
78.665
78.2402
76.0845
75.5284
77.4014
76.6812
76.3669
77.0508
75.5275
76.1177
76.7071
75.7575
74.5682
75.2949
74.6862
75.929
76.0238
75.7876
75.3035
75.226
76.181
75.0595
73.9692
73.8645
73.4422
74.2774
75.455
75.8029
74.1149
73.4859
73.3589
72.8507
72.2749
73.7798
72.7619
73.6299
73.2848
72.3374
70.1493
69.76
69.3895
70.5959
69.5677
68.4945
68.9564
68.1664
68.0435
67.7048
67.3623
68.5809
68.6521
68.5508
69.0596
70.1137
69.813
69.7875
70.7364
70.681
71.5222
72.79
73.4642
71.8347
70.1661
71.9674
73.7902
74.5918
73.507
73.7955
73.9148
73.4496
72.9945
72.5877
72.4019
71.0227
71.9453
73.0899
73.5345
74.0184
74.259
74.3499
74.8373
73.5303
72.4261
73.7055
73.2733
72.7247
73.4009
72.6139
72.441
72.0288
73.3908
74.171
74.5384
76.4104
77.022
77.1988
77.7486
78.1038
76.5421
75.0965
74.1582
74.3365
74.2592
74.5089
75.0102
74.7166
75.1801
76.5035
76.4254
76.3753
75.4875
76.1317
77.2702
77.4076
77.5593
77.1752
75.3254
74.2966
75.1223
75.2717
74.3896
74.4087
74.1183
72.8148
72.4546
72.983
73.8037
74.9112
74.8977
75.5426
74.2045
73.7404
73.3357
74.4988
74.3799
73.9963
74.1082
71.9426
71.3287
72.7321
71.4147
71.6477
71.1054
73.0596
73.2023
74.7961
73.6917
74.683
75.1736
75.4626
73.5147
75.5043
75.6291
75.8907
77.2604
76.5947
77.1432
78.0119
76.7685
75.0144
76.6667
76.1275
76.2513
76.0962
76.4412
75.6382
73.7128
75.024
73.5987
74.8383
75.4557
75.0057
74.1003
75.7047
75.7846
75.0717
74.3573
74.2795
75.7399
75.7674
77.1944
76.1941
77.279
76.8707
77.1857
75.8998
75.5215
74.7243
75.2817
74.845
75.3361
74.2002
72.6974
72.9377
74.1315
73.7543
74.1146
73.7488
75.1733
74.2651
75.7937
75.0781
76.0943
76.9351
76.5336
77.4774
78.2636
77.4072
78.4433
78.3892
78.6156
79.2528
77.0548
77.5999
77.685
78.7511
78.9381
78.2932
78.2889
78.6981
77.241
75.5935
76.5569
78.2502
76.0099
76.5599
75.5525
74.4416
75.9379
73.9789
72.5378
73.076
73.4011
73.325
73.3192
73.8402
73.3627
70.6191
69.9781
72.3263
71.8635
71.5214
72.1909
73.1028
71.8038
72.4476
71.2124
71.3033
70.9944
70.0174
68.3279
67.7733
70.5684
71.2401
71.1673
71.8123
72.7152
71.741
72.7531
70.5873
71.1906
71.8876
71.2922
72.134
70.339
70.1714
67.8103
68.0827
68.6397
68.4563
70.0562
71.5042
72.5528
73.1892
72.7292
74.249
75.0895
75.9045
76.7546
76.1915
78.9672
77.4022
76.1678
74.9728
75.0644
75.721
75.7606
77.4222
77.3414
77.7608
78.5953
78.0959
77.1696
76.2113
74.2962
