98.9626
101.049
100.856
103.992
105.007
105.956
107.819
108.943
108.117
105.603
103.996
103.605
103.039
102.75
101.712
101.332
99.0892
97.5153
96.3718
95.3077
94.7455
94.7925
97.046
96.9736
95.7989
95.5661
96.1965
96.0911
95.2827
95.6433
96.9355
95.4386
95.9146
95.4702
93.6291
95.581
95.7308
96.9567
98.2065
98.1475
98.6639
99.5653
100.568
103.178
102.983
101.931
103.112
102.316
102.241
101.998
100.844
98.5474
94.7669
94.7838
95.2472
98.8397
99.4652
99.3815
100.454
101.772
101.767
104.023
106.12
107.671
109.42
108.049
109.712
108.121
109.718
107.27
105.16
107.563
106.227
107.769
107.726
108.861
112.349
111.967
114.013
112.46
112.041
112.722
112.518
113.824
115.435
113.746
113.349
114.689
113.971
111.551
109.35
109.925
109.116
110.65
110.639
112.337
113.056
111.584
110.826
110.026
108.988
111.428
112.746
111.824
112.921
116.402
118.385
118.624
117.63
117.952
118.147
115.746
116.292
116.478
116.68
118.688
119.954
119.646
119.824
121.364
121.148
122.825
123.694
122.704
124.731
125.336
126.255
125.651
124.349
123.494
124.868
122.373
122.037
118.404
119.94
118.576
117.294
117.201
117.603
119.047
121.191
122.234
123.277
121.091
119.011
118.047
117.496
114.192
112.713
111.806
109.768
109.757
109.679
111.396
112.862
115.963
117.654
117.684
117.917
119.072
117.721
117.526
118.253
117.302
116.257
114.087
114.86
112.738
115.312
117.952
114.703
111.146
110.743
110.318
108.408
109.367
108.566
108.438
111.588
113.418
114.265
113.178
113.787
115.57
116.602
117.466
117.594
119.423
117.916
120.985
121.67
124.337
123.877
125.861
128.2
126.649
124.779
127.172
128.924
129.694
133.679
134
133.553
132.757
131.402
129.837
129.336
129.631
129.754
127.817
127.337
129.247
128.544
130.102
128.398
129.631
129.37
129.726
129.289
131.03
129.771
129.883
129.065
129.282
129.819
128.722
127.247
128.16
127.806
129.9
130.795
131.28
131.184
128.971
132.165
133.853
135.249
135.649
135.607
137.59
136.409
135.999
139.038
135.334
134.937
137.526
137.389
138.495
138.728
140.778
140.683
140.881
139.23
140.199
139.648
140.122
139.428
138.581
136.946
135.521
135.645
133.671
133.007
133.466
135.569
135.432
136.059
138.626
138.933
139.955
141.157
140.21
142.732
142.772
142.522
140.864
140.781
142.918
147.398
147.246
145.108
145.248
148.651
148.535
149.315
148.213
146.266
148.396
148.929
148.484
149.714
151.267
150.664
150.26
149.8
148.593
147.045
146.495
147.148
146.602
147.593
150.299
150.76
151.272
154.963
159.882
158.592
158.173
156.843
158.323
157.984
159.214
159.082
160.597
158.615
156.246
154.715
152.823
153.067
153.883
151.284
148.975
148.805
149.263
150.577
151.025
152.704
153.816
154.924
153.568
151.083
152.952
151.675
151.788
153.363
153.393
153.362
154.174
152.672
149.246
150.787
149.334
150.174
147.047
145.904
144.486
143.585
146.569
147.29
150.519
151.438
151.222
154.643
156.114
155.191
156.009
153.12
155.536
154.745
155.302
158.637
158.879
160.606
157.212
157.445
158.752
160.012
162.363
160.108
157.874
157.722
151.94
153.405
154.901
154.42
151.268
155.692
155.026
154.523
158.338
159.457
158.265
159.638
156.282
158.647
159.75
158.527
154.996
155.117
155.676
155.517
156.013
156.656
155.343
156.663
154.463
153.831
155.178
152.873
149.968
147.275
149.05
150.099
152.752
153.136
155.879
157.435
155.796
157.978
158.606
159.785
159.503
162.039
160.375
161.243
161.471
161.188
161.198
161.135
164.097
162.656
164.192
164.72
167.05
164.25
163.453
162.8
162.834
165.168
164.186
162.973
163.892
165.358
161.176
159.183
156.436
155.647
152.704
151.327
151.411
150.807
151.237
153.79
154.286
154.936
156.34
155.034
153.851
154.533
157.062
160.962
160.35
159.696
157.702
157.551
158.043
156.283
160.158
160.854
161.875
162.145
159.258
158.276
158.201
156.188
154.043
153.775
153.85
152.113
153.02
155.617
159.206
160.596
161.468
159.948
159.538
159.46
159.842
159.817
162.028
164.228
162.828
169.054
166.372
166.119
164.588
163.668
165.327
163.908
163.235
164.795
162.93
164.535
163.478
163.619
164.723
166.397
168.549
168.378
169.016
168.413
173.807
169.08
169.86
173.179
174.039
173.029
173.504
173.53
174.391
174.425
171.733
170.23
173.218
172.831
169.951
170.549
170.915
171.022
173.106
170.35
172.996
173.393
172.829
171.734
173.099
174.908
172.276
172.747
172.06
172.341
174.557
175.394
173.032
174.741
174.93
177.551
182.082
181.385
181.454
178.398
176.381
173.975
174.702
172.992
168.47
164.379
165.335
163.87
163.887
158.061
160.788
156.541
152.719
153.149
153.524
152.053
153.09
150.596
150.723
149.032
146.315
144.691
142.976
142.921
140.705
140.283
139.534
136.326
137.465
137.828
136.097
135.324
135.602
137.603
138.457
137.992
141.431
142.753
140.532
142.24
143.222
143.866
144.504
143.787
146.668
145.302
144.183
144.089
144.692
145.103
145.579
144.928
144.843
144.681
147.941
145.317
147.63
144.098
147.858
