99.0377
98.0681
98.037
96.6161
97.9267
97.5211
98.9842
97.6222
95.2704
96.7735
97.8322
98.9364
98.501
98.4616
100.494
100.534
100.373
101.051
100.521
103.363
100.88
101.64
99.6388
101.239
102.66
100.48
101.033
101.578
101.669
100.028
101.288
101.666
103.421
100.944
100.014
97.6102
98.5594
98.4319
99.1911
99.5889
100.249
99.9636
100.798
100.772
101.073
102.426
101.104
102.57
102.802
104.304
104.718
105.296
105.378
104.414
104.426
102.268
101.136
101.416
102.754
103.265
103.185
102.045
102.751
100.983
103.266
104.513
104.955
106.395
106.084
105.532
106.33
107.014
107.415
108.207
108.757
110.976
113.015
112.053
113.259
111.31
111.889
112.32
110.409
110.198
110.982
112.47
113.624
115.947
114.069
117.627
117.562
116.156
114.703
115.196
114.605
112.427
113.229
115.069
118.115
117.154
121.238
120.921
121.142
122.902
122.029
122.849
123.114
123.838
123.864
124.776
125.383
125.778
124.306
123.547
122.258
123.573
123.547
123.896
123.962
124.325
123.597
123.34
123.924
126.98
126.917
126.271
129.609
127.767
125.312
123.799
123.33
123.826
124.794
122.803
123.934
123.415
124.504
123.351
121.888
123.582
123.699
122.314
121.606
120.775
120.22
120.379
121.327
117.877
116.414
117.863
114.881
114.624
111.642
110.009
109.795
109.991
112.083
115.626
114.358
112.129
110.571
110.351
109.986
109.354
109.841
112.414
109.864
110.826
110.661
109.134
107.833
108.164
110.552
111.057
113.262
113.517
114.649
118.06
117.555
117.091
114.722
114.18
114.724
113.825
111.553
111.864
109.821
111.664
112.145
110.614
111.242
109.046
110.975
111.059
111.682
111.602
112.608
110.641
109.979
110.981
110.651
108.281
109.759
109.923
111.147
114.201
112.76
111.135
111.361
111.575
110.708
108.322
107.924
106.866
106.931
108.029
109.256
109.391
110.433
110.789
112.603
112.823
113.958
112.919
112.909
115.735
117.189
115.772
117.271
117.323
115.801
115.388
115.751
115.433
115.935
116.071
116.701
117.355
117.775
117.829
115.602
114.417
115.462
116.171
115.436
116.309
116.303
119.438
119.152
117.986
117.636
117.991
119.815
116.313
116.029
114.837
113.227
113.195
116.417
113.277
113.738
114.012
112.855
112.847
113.02
114.906
115.231
115.212
116.639
117.331
120.276
117.248
114.882
116.684
118.561
119.43
120.781
120.763
120.824
122.497
124.025
128.549
130.419
129.812
130.593
132.182
131.84
132.167
133.347
133.687
139.081
142.033
140.55
140.021
143
146.732
148.977
148.233
147.405
141.064
141.433
141.757
141.596
138.906
137.009
138.396
138.484
137.093
138.015
138.395
141.793
140.224
137.639
138.612
138.916
138.248
136.11
134.35
133.442
132.136
132.991
132.798
133.081
131.229
132.184
131.454
130.423
130.945
132.449
132.407
128.444
129.111
129.914
131.387
131.171
129.761
132.853
133.927
136.213
139.485
138.319
140.414
142.511
141.65
140.674
142.073
141.728
140.649
138.346
139.604
139.705
143.667
145.873
147.659
147.502
150.531
151.644
151.175
152.81
148.435
145.237
146.934
146.299
147.106
146.258
144.587
142.102
141.392
140.206
136.314
137.849
138.486
138.662
137.138
137.138
138.188
138.785
135.819
137.645
138.416
139.459
139.64
138.802
138.502
139.394
136.015
137.32
136.701
135.707
137.161
141.039
141.034
141.51
144.612
148.137
147.884
146.242
144.329
144.715
145.865
145.946
146.018
146.809
147.94
148.303
147.55
149.77
150.583
150.351
153.632
157.073
156.696
156.537
157.542
156.248
156.312
157.656
156.057
154.315
156.2
158.321
156.359
151.792
150.928
150.923
149.67
151.828
151.965
151.059
152.384
152.424
150.59
148.154
147.923
148.615
148.466
149.113
150.191
149.347
150.393
150.01
146.494
147.683
148.395
148.984
151.282
151.279
152.954
152.511
148.622
151.828
151.936
150.413
153.826
153.494
155.424
153.209
154.029
154.975
155.006
155.604
158.927
158.184
159.457
158.154
159.903
160.914
165.189
167.437
167.66
171.095
171.416
171.495
169.807
173.685
173.923
176.893
176.079
171.669
169.509
168.944
170.852
173.153
171.243
172.267
172.13
170.984
172.214
172.743
175.457
179.294
178.782
177.699
175.362
175.127
173.636
172.562
171.533
172.936
172.077
168.73
167.618
167.26
165.883
165.507
161.492
161.702
160.09
162.25
161.267
160.342
161.309
164.15
165.672
167.04
170.487
168.992
170.912
172.432
172.519
170.118
172.056
171.116
166.597
168.814
169.088
166.64
165.62
170.165
171.681
168.622
167.866
170.496
171.545
175.071
177.265
179.294
179.429
180.036
176.662
181.317
180.204
182.5
186.503
182.015
179.978
181.06
178.518
177.744
176.048
178.537
175.937
176.071
178.118
178.802
179.109
180.767
184.682
180.835
179.123
180.471
173.933
174.997
171.545
169.776
171.78
171.177
172.947
173.235
170.175
174.386
173.993
176.241
179.739
184.977
186.741
184.845
185.661
183.702
184.223
186.576
185.219
184.695
187.696
182.488
183.769
183.51
184.915
184.336
182.106
182.809
178.627
178.025
176.464
174.523
171.67
166.214
166.678
165.233
162.943
