98.2159
97.6634
98.4232
99.3941
98.1916
98.3338
97.4325
96.3187
93.6629
93.2529
92.718
93.3288
93.1545
91.7679
93.0834
94.0277
93.4118
94.1495
93.7003
94.2552
94.6573
94.697
96.3695
95.9897
96.3406
95.9239
94.7363
94.8539
94.568
94.9755
96.0743
96.3822
97.0849
98.0862
97.9253
97.3948
94.9435
95.8385
94.6194
92.5022
92.0749
90.5765
91.3764
92.6809
92.3157
92.1501
92.2251
92.0783
90.2708
89.3179
89.4946
87.5054
88.8611
86.9234
87.9652
87.8113
87.4794
87.6876
87.7304
86.5012
87.726
88.8627
89.3306
90.0944
90.1732
89.9536
89.1944
88.019
89.5345
89.7123
87.442
89.3406
90.5427
89.7577
91.8672
89.9592
89.6998
90.6312
88.3984
87.4027
88.008
87.8162
88.2532
88.6155
89.659
90.8857
90.8736
91.267
89.2666
86.7549
86.4525
85.2921
85.4794
85.1378
84.0867
82.6649
82.0922
81.0583
82.4315
82.1124
81.7673
82.4115
82.4917
84.4013
85.7243
85.7107
87.4319
87.4404
88.7717
91.3478
91.3151
89.5432
89.6724
88.7836
87.6953
89.3955
88.1885
89.136
87.9448
87.8111
86.9959
86.482
88.1864
87.0979
87.9111
87.8231
89.3032
89.571
88.8751
87.1741
86.3242
85.4994
86.5261
86.8929
89.4389
90.0208
88.3297
86.8041
86.9955
87.0909
87.7158
89.8813
88.5545
88.1473
86.2502
88.0064
85.0978
84.7272
84.7723
85.0731
84.7998
84.1509
83.9505
83.9786
83.4135
82.2511
81.8697
82.703
82.8102
81.1679
78.0251
78.2181
77.2542
76.3784
76.3074
76.5866
76.5152
76.2672
76.4412
77.1467
75.657
75.2221
76.1262
74.1742
73.8262
73.7191
74.0771
74.7072
75.9267
74.8867
76.0219
76.5575
76.1152
78.3074
77.713
76.3034
77.1704
76.8215
76.5855
76.4514
76.848
76.6804
76.1425
76.6725
76.4146
75.3484
77.4954
78.9866
80.8808
80.3478
80.2755
80.5735
81.0001
82.2298
79.8006
79.8964
80.7447
80.7028
81.3881
81.4135
81.674
81.4686
79.2217
79.4808
79.6201
80.452
80.9888
81.4399
82.581
82.4048
83.3877
83.9832
84.9059
84.5504
84.8585
85.0783
84.1809
83.2971
82.297
82.1444
83.0329
85.9233
84.5965
86.1227
86.275
87.0043
84.6635
84.562
85.7621
85.8386
85.1827
85.4007
86.5943
86.8122
86.9296
86.9565
86.2308
87.036
85.5466
85.5776
85.1948
84.5753
84.7552
83.7604
84.3313
84.7737
86.3552
85.2272
85.7324
85.1422
85.3368
88.2731
90.1345
89.8682
88.4906
88.7348
89.5114
88.9145
89.9733
90.5941
92.1083
92.6603
91.181
90.7614
91.6961
92.4016
93.017
94.181
93.9085
92.7348
92.4443
93.562
95.2647
94.3302
94.1462
94.2457
94.5584
94.7602
95.164
95.4205
94.8251
94.1972
93.05
92.8088
92.2055
92.8035
91.8368
91.6302
90.6418
90.4932
90.9195
93.0923
90.9421
91.0341
92.5714
94.2471
95.3914
96.0251
94.2879
95.3316
97.0204
98.4275
97.3826
95.9576
95.5039
96.0387
97.0576
96.3832
97.8545
98.0571
97.4433
97.838
96.9952
97.7152
98.8285
100.128
100.024
99.6948
99.1864
100.65
100.356
100.964
102.325
101.204
101.809
101.804
100.12
100.314
101.664
100.366
102.13
101.196
102.214
101.708
101.553
102.205
102.354
102.52
103.843
105.913
107.345
109.89
108.664
109.357
108.184
107.837
106.357
105.95
103.919
105.133
106.341
105.193
103.99
103.836
103.81
103.843
104.263
104.057
102.287
103.449
103.66
103.496
103.722
103.28
101.034
101.533
101.531
101.685
102.471
102.403
102.094
102.152
102.197
102.913
103.641
103.717
103.434
104.666
104.249
104.225
102.88
101.001
101.491
97.9823
98.0678
99.3711
98.966
99.0774
99.4878
100.012
98.8679
97.1355
97.6001
97.9961
98.0585
98.2611
99.0566
96.2649
96.1113
96.2446
95.5943
96.2017
95.5332
97.9127
97.7327
96.0508
95.7588
94.5544
94.6288
94.838
94.2052
93.6086
93.2272
92.2451
92.3073
92.7892
93.3399
94.6349
94.7465
95.0574
93.7938
95.6922
96.1477
94.4668
93.7024
93.726
93.5271
91.8482
88.986
90.3746
91.4499
90.8901
91.7801
93.1439
94.5509
94.6723
96.1982
96.38
96.0384
97.0665
97.5812
95.5882
94.9471
96.7444
96.215
93.501
94.6165
94.6057
92.3789
91.3658
91.2573
91.2899
93.8369
94.3955
95.1504
94.7223
94.5734
92.3325
92.9944
94.2016
96.0951
95.4842
96.1555
95.6186
95.3423
95.2203
95.4866
95.7498
92.6572
91.9891
92.4142
91.7281
91.5859
91.5915
89.8663
88.0356
89.3086
89.1949
89.7012
88.6083
88.7801
89.1209
90.0246
90.237
91.5741
92.8719
93.27
93.5019
94.7145
95.5082
94.8368
95.763
97.7261
97.9506
98.492
98.6851
99.6141
99.1432
100.986
102.009
101.936
101.532
101.118
99.2806
98.6801
97.1003
99.2378
99.3758
98.4366
99.4647
98.5775
98.8812
97.4001
98.7272
97.1707
96.301
96.096
97.2313
96.4281
96.3811
98.2771
98.0756
95.4795
94.8243
95.5557
94.8142
93.8477
92.9926
95.0883
94.4673
93.4712
92.9683
92.8911
91.8663
93.6414
92.9952
92.926
93.1672
92.5646
91.5493
92.9445
92.9947
92.9212
91.7058
91.5489
92.0479
91.3285
89.1309
89.5081
88.0151
86.8758
86.8461
88.2455
89.3567
88.4548
87.7874
87.8787
87.655
88.9379
90.9155
90.1083
91.5683
92.5397
92.4922
93.0857
93.9179
93.3518
94.9061
94.8612
95.0194
94.153
95.126
94.8894
94.3995
91.9106
92.272
94.5586
94.9516
96.1514
95.5661
94.3146
92.4222
91.2184
91.4871
93.8332
94.6048
94.7785
95.6256
94.4262
95.5
