101.611
100.008
101.487
101.125
101.702
102.291
102.599
103.415
102.859
103.329
104.945
106.46
105.027
103.747
103.445
105.66
108.081
107.774
107.788
105.369
106.88
107.744
107.176
107.672
107.141
106.574
108.627
108.279
107.629
106.731
105.496
106.218
106.466
105.183
105.186
105.43
108.17
107.837
108.549
108.234
110.62
111.708
109.483
110.787
111.827
113.364
112.381
113.823
113.737
114.453
113.699
114.115
116.518
116.618
117.067
114.639
112.559
112.867
114.226
116.479
116.78
118.943
119.377
118.802
119.881
120.278
121.772
120.501
120.981
122.297
122.528
123.462
123.523
123.208
124.454
125.47
124.573
125.603
125.149
125.574
124.496
125.585
124.473
124.401
124.163
123.41
124.085
121.957
124.879
124.82
124.097
122.763
122.737
122.295
121.439
118.971
118.953
118.91
118.083
118.862
119.805
119.079
119.952
119.333
120.566
118.207
118.852
121.148
120.272
119.694
121.355
121.153
122.009
123.742
125.142
126.112
124.347
122.648
120.947
121.295
120.094
122.636
123.952
124.415
123.81
125.374
126.442
125.06
125.6
127.239
126.401
124.377
125.675
127.552
127.164
127.914
125.898
126.31
125.591
126.756
130.705
127.33
126.854
125.168
126.005
127.225
124.555
126.908
126.319
129
129.434
129.374
128.59
129.795
128.63
129.755
130.808
128.889
130.188
126.014
126.692
127.978
127.628
126.68
125.28
124.917
125.412
125.961
123.268
125.105
122.867
125.122
126.525
126.392
127.698
126.41
128.38
126.625
125.464
123.828
122.501
122.886
125.551
127.152
126.09
129.338
127.568
125.404
126.522
125.816
128.842
127.411
130.112
132.346
134.597
135.452
134.146
134.228
134.278
133.796
132.486
131.775
132.334
134.382
133.034
136.187
132.896
133.901
130.588
133.018
132.048
134.023
136.447
135.755
136.319
135.698
132.229
130.579
128.549
126.226
125.991
126.89
126.623
126.793
125.99
125.706
125.872
125.736
127.547
124.922
123.681
122.197
120.647
119.296
120.307
119.927
120.053
120.265
121.236
123.831
122.273
120.649
120.516
118.061
120.124
122.271
124.781
122.093
120.705
120.483
123.574
122.098
124.927
127.377
128.905
127.866
126.767
126.33
127.417
127.726
128.557
126.534
126.832
124.979
124.778
124.951
125.081
124.389
124.373
122.533
122.733
122.217
121.74
122.569
122.427
121.54
117.789
116.751
115.681
113.213
114.03
111.808
112.993
111.46
112.627
111.602
113.103
110.703
111.047
110.352
110.57
110.378
110.371
108.943
109.492
110.05
110.301
107.94
110.722
109.102
108.794
108.105
108.564
108.336
107.558
107.526
106.432
108.793
106.816
104.694
106.214
105.719
104.676
104.647
103.47
102.432
105.16
105.768
106.188
106.149
106.027
103.498
101.351
101.295
101.565
101.352
101.802
99.7404
99.3798
100.662
101.713
101.646
102.052
99.6676
97.9327
98.273
95.8584
96.6137
97.9549
96.705
98.1546
100.039
99.0218
97.6139
97.0303
96.3279
96.447
98.0092
99.6089
100.881
100.546
100.146
102.275
103.392
105.369
102.734
102.22
100.18
101.062
101.572
101.511
101.256
100.987
100.61
99.8023
99.8574
98.836
99.5503
99.6372
99.9479
100.665
101.763
100.748
102.457
104.339
103.558
103.467
101.323
101.44
101.748
102.388
101.83
100.302
98.0438
98.4654
99.2612
99.667
101.365
100.476
99.6713
100.506
101.96
103.4
103.309
101.942
101.105
101.145
103.266
104.496
103.921
102.914
100.832
101.588
103.544
105.423
105.295
104.782
104.141
102.695
102.846
102.935
103.435
103.137
105.735
106.563
108.279
110.235
107.821
106.82
107.782
109.068
106.878
108.621
110.426
111.988
112.516
112.73
112.931
112.3
111.489
112.598
110.849
112.07
112.753
113.621
113.764
111.298
110.319
109.704
108.074
109.758
109.425
109.164
109.262
109.87
107.416
109.279
109.403
110.751
111.065
108.783
110.107
110.967
112.306
115.052
112.859
112.56
113.787
116.315
114.871
114.969
115.574
115.934
116.315
114.42
114.656
114.835
113.501
114
116.061
118.28
117.667
116.542
115.498
116.77
118.563
116.105
117.056
117.034
115.667
111.875
113.758
112.05
113.363
112.639
112.272
108.941
108.863
110.053
108.413
109.199
109.419
110.396
114.542
115.292
114.35
115.842
116.49
117.968
119.305
118.472
115.956
116.966
117.919
115.312
115.34
114.651
113.952
113.79
110.125
108.762
109.577
110.648
113.343
113.242
111.693
110.143
109.989
109.027
109.807
109.942
110.965
111.715
111.262
110.807
112.559
111.791
111.138
111.891
112.234
114.616
113.92
114.809
113.697
112.031
111.57
110.63
110.849
109.132
108.652
109.363
107.434
106.762
104.569
104.257
102.744
102.019
103.488
102.088
103.524
102.802
102.891
103.082
102.314
102.018
101.591
101.686
100.28
98.2554
98.3787
99.1492
100.898
100.413
98.0102
98.4959
97.5211
99.4214
98.3675
96.5867
95.3707
96.3988
94.27
93.9219
91.5302
91.24
90.8122
88.5603
88.1516
90.631
90.1571
89.0061
89.6429
88.8536
85.2172
86.5623
86.4823
87.3729
88.9977
90.3755
89.1615
88.302
89.2025
90.1122
89.2198
87.5543
87.0742
87.4721
85.1286
86.2407
89.1324
