98.8769
99.4797
98.3146
101.207
101.408
103.242
103.281
102.973
104.925
103.308
106.231
104.142
103.791
102.943
103.25
103.77
103.346
103.95
103.697
104.771
104.092
103.367
101.53
98.2822
97.5744
95.9177
97.2461
96.3174
95.85
96.9486
97.4032
99.6967
98.2071
98.7407
101.1
100.143
97.9152
100.14
99.4806
98.7401
97.5231
95.1896
94.1476
93.3542
91.4138
89.903
91.7508
91.4094
92.1021
93.2786
94.026
93.1447
92.5758
91.3373
90.549
91.6258
91.0548
90.4248
90.2513
89.8226
88.5334
85.4007
86.0933
86.0753
87.8339
89.4137
89.0076
90.2012
88.824
87.8963
88.5853
87.3062
86.3122
87.5769
88.0787
88.3124
89.5255
88.4667
88.1074
88.3187
88.3595
88.0985
88.2745
87.2655
87.2508
87.2216
87.6709
88.1741
87.7848
86.1656
86.3619
86.7125
85.4575
85.1336
84.4166
82.9438
81.5691
81.0877
81.1849
81.4856
80.4768
81.4114
81.1699
80.6102
79.4289
79.3062
81.808
82.903
83.8791
83.0096
83.7589
85.1948
87.2031
87.2729
88.3167
87.8185
87.1067
86.7246
86.0126
86.3977
86.3041
85.502
85.6429
84.9736
83.597
85.3222
84.857
83.931
84.2011
85.3509
84.5821
85.2557
84.5432
85.3181
86.0008
86.8205
87.595
88.1866
89.2967
85.7957
84.5061
84.364
85.866
86.2881
85.1251
84.7827
83.9391
82.9618
83.0224
83.6873
83.6234
81.1021
81.5596
79.3294
78.0327
79.4237
79.4444
80.7667
80.2633
80.6721
80.7538
79.2581
79.9321
79.0627
80.1007
80.4433
80.8744
81.7335
80.841
79.8376
78.5473
80.1472
79.2205
80.5853
80.5871
82.2188
81.6771
82.2282
81.9346
83.5004
85.634
85.5757
85.1363
86.7513
87.7778
87.0886
86.8398
87.1421
86.621
85.2653
85.2979
83.7664
85.1007
85.6357
85.7711
86.0077
85.1911
85.5369
85.9564
88.4903
86.479
87.5205
88.0552
88.0286
88.3588
87.0161
86.3382
87.231
86.6197
87.5451
86.6706
84.7075
83.8584
85.4076
84.4005
83.2758
82.0808
81.791
83.4876
84.7434
84.5626
83.8494
83.265
83.8928
85.025
86.6859
88.1233
87.7462
87.8181
86.7359
87.7005
86.2961
86.7048
86.6019
87.1649
86.5476
85.1541
85.6666
86.5966
87.2128
87.4542
86.4074
85.8987
87.4489
87.6372
87.4354
87.1068
88.386
89.1499
88.2999
87.7962
87.724
86.538
85.3793
83.7592
84.1958
83.8925
84.9306
85.6592
87.2083
87.6765
87.2948
85.8372
85.4451
83.9027
83.0426
83.1018
82.9201
82.0552
82.6557
82.943
84.4011
83.7563
82.7067
84.087
83.2965
83.8557
84.2709
83.6906
84.6457
84.9426
83.8458
84.7507
85.3974
86.3877
85.7613
86.1705
89.13
88.8388
90.1409
89.2793
88.6537
88.4123
88.1049
88.0457
87.7354
86.9565
86.8835
87.428
87.2162
87.7952
88.5814
88.8327
90.7537
90.7212
89.9883
91.4243
91.4172
92.481
93.4171
94.3866
95.1219
94.0114
92.1132
92.1672
90.5982
91.1487
91.3253
92.323
93.4326
94.8929
94.3851
94.1987
94.1971
92.9122
93.3298
93.8271
92.7822
94.9346
93.8928
94.0601
92.7895
92.9669
93.4594
93.4896
93.7552
93.4057
93.5303
91.8422
90.4322
92.2626
93.3585
93.0762
94.2463
94.0832
93.5713
93.9095
95.0264
94.444
93.7134
94.0086
92.5053
92.4712
91.9882
92.1066
91.5133
90.6819
91.5716
91.9975
93.7089
92.8377
92.7557
92.3678
90.9911
90.9166
91.1585
92.5194
94.0433
93.3192
93.9094
93.2408
92.9484
93.8148
93.4924
93.5024
93.8522
92.2217
93.4948
96.2348
94.41
92.4487
91.4818
91.7323
92.2436
91.4949
92.847
91.5846
90.8342
91.0405
89.8819
89.1146
88.3401
88.6304
86.9364
86.9025
85.4079
86.2178
86.2163
86.2569
86.3508
87.5264
87.8864
88.1601
88.2734
87.0266
86.219
84.7968
85.0206
84.204
83.9127
84.575
83.0414
83.3665
81.9753
80.4101
80.167
81.5834
80.577
80.9419
80.8838
80.8914
79.2871
79.4955
79.7183
81.3403
82.017
81.0379
80.2844
79.2687
78.2014
80.5127
79.9161
79.6612
79.3233
78.5368
78.261
78.6812
77.2079
77.7602
77.2212
75.9125
77.0955
75.7813
74.1321
74.2116
74.8323
74.6024
74.9069
75.4792
74.688
75.0146
73.9706
75.7311
75.1009
76.1766
76.6901
77.429
76.9846
76.8972
77.8937
78.2019
78.1156
78.3465
79.6763
80.9541
80.0557
82.0764
82.1476
83.5244
82.8544
83.234
84.3008
86.5588
87.7331
87.4297
86.4388
87.8698
88.3871
88.661
89.5631
90.8524
92.3549
93.1434
93.8162
90.8966
90.7276
89.0045
89.4762
89.0862
87.0328
85.7626
85.5972
85.6611
87.146
85.3049
85.1884
86.0091
86.6188
86.7949
87.4147
86.1168
85.2565
84.6253
84.1037
85.7347
86.5998
88.3699
90.0736
89.4718
90.6264
91.7697
91.8097
91.1926
91.1355
90.0593
88.7183
87.8135
86.9195
86.2089
85.0999
84.9356
85.247
85.6683
83.8923
85.0102
83.5215
82.5189
81.5136
80.2168
80.6192
79.8834
81.6561
80.8837
80.322
80.7643
80.7002
81.1687
81.0604
81.1558
80.0895
79.4172
78.467
77.9444
77.2395
75.1137
74.0623
73.5864
72.7191
72.7728
71.7242
73.0424
74.7765
73.8011
72.7366
72.6877
71.1726
70.8753
70.6643
71.3694
72.4661
70.7142
70.9335
70.6192
70.3802
70.9816
70.3448
70.7009
71.1478
71.7526
70.2447
68.8035
69.0544
69.4198
71.7246
72.1583
70.6779
70.391
70.2767
69.1699
69.646
69.95
70.835
70.6037
69.8543
69.7446
71.546
69.6902
69.5678
69.2386
68.9332
69.2753
68.4734
66.8557
66.488
67.9821
68.0654
67.3515
68.0228
68.0741
67.3007
