100.9
102.324
102.844
101.751
99.9552
101.075
101.798
101.77
103.002
105.302
105.158
106.684
107.384
108.909
109.727
108.929
107.971
107.837
109.351
109.295
112.062
113.994
115.877
116.732
113.575
113.525
113.317
114.092
114.241
117.347
117.179
117.873
115.463
114.578
116.667
117.219
116.647
116.884
115.82
116.641
116.337
117.59
117.723
117.372
116.641
118.288
117.872
117.964
118.995
117.8
118.419
115.16
114.144
111.61
112.468
114.748
112.894
112.432
111.845
111.465
114.734
115.12
113.916
113.755
114.353
114.547
114.531
112.09
113.307
113.603
111.702
111.266
111.088
111.607
113.518
113.09
112.815
114.478
113.897
114.019
115.053
114.663
114.584
115.607
114.616
113.892
113.715
113.296
112.767
112.817
110.333
112.495
113.868
113.421
114.549
111.214
109.542
111.964
109.244
110.689
108.941
109.283
109.387
110.064
111.705
108.75
110.608
112.238
111.71
111.17
111.709
112.165
112.681
112.864
113.119
113.42
113.686
113.81
114.754
112.459
115.029
114.667
115.902
115.375
114.165
113.155
112.669
113.402
113.025
114.948
113.427
112.774
112.131
110.998
108.146
108.016
109.12
107.666
107.645
105.063
106.699
106.192
108.243
108.419
108.945
109.548
109.82
109.835
110.278
110.782
111.717
111.853
107.995
109.184
109.516
110.217
111.591
112.728
111.041
111.85
111.704
109.467
108.394
108.59
109.237
107.111
108.278
107.586
106.299
104.108
105.574
105.817
106.846
107.445
108.195
111.253
109.408
107.789
105.695
103.228
104.813
104.279
106.247
105.932
106.885
108.217
105.876
105.791
105.02
105.998
106.935
106.393
107.165
107.375
106.392
105.654
106.24
107.123
104.921
103.851
105.359
106.72
106.086
105.897
104.817
102.651
102.188
102.985
103.276
102.168
103.734
102.132
100.524
103.839
99.97
99.8637
100.425
100.483
99.5781
99.4521
100.608
100.761
101.867
102.942
103.793
103.455
101.174
101.778
105.611
104.964
105.78
106.941
107.886
109.467
111.542
112.51
111.533
112.095
111.87
112.078
112.373
114.47
114.842
115.139
115.94
113.946
113.532
114.737
113.791
112.747
109.794
111.274
113.962
114.231
114.974
116.792
116.706
115.333
117.226
116.348
115.048
115.464
118.13
118.167
117.368
116.606
119.152
119.122
116.477
119.282
118.928
118.537
119.924
119.895
123.481
123.665
124.848
126.11
128.009
128.24
130.177
133.57
133.448
133.584
134.31
133.989
135.336
135.245
134.905
132.85
131.361
129.529
130.49
131.477
132.402
132.553
134.667
135.745
137.633
139.743
141.568
139.447
139.177
138.002
138.216
136.643
137.322
138.582
140.061
140.711
140.752
143.762
144.443
141.892
140.701
138.942
138.32
138.75
138.885
139.908
138.77
141.387
142.175
142.844
144.876
146.133
148.133
149.542
151.877
150.848
150.526
150.516
151.448
152.342
154.916
152.791
152.324
151.782
150.323
149.735
148.373
148.848
148.903
145.637
147.261
148.97
151.713
151.114
154.223
156.732
155.924
154.967
157.188
155.641
153.688
152.385
150.928
152.756
153.085
155.828
154.417
155.919
155.932
153.76
153.86
156.529
153.63
153.319
152.332
154.095
153.508
153.149
155.686
153.038
150.808
152.693
157.682
163.957
166.894
165.892
165.554
163.453
162.277
165.079
169.703
167.512
167.191
163.939
164.4
165.004
163.652
162.117
159.782
159.048
161.959
160.363
161.326
163.098
163.361
164.292
167.285
165.649
164.697
163.548
163.911
168.475
168.93
169.65
169.465
170.687
167.481
165.979
168.614
173.454
174.394
174.122
172.257
175.417
176.441
173.283
171.95
171.496
174.807
176.768
173.766
172.551
168.411
170.192
170.34
166.794
165.61
164.141
166.583
169.038
171.382
175.719
176.049
177.326
179.204
181.322
178.363
179.831
177.999
176.196
177.78
177.284
174.946
175.605
173.921
174.964
170.087
169.84
168.577
168.197
169.493
169.435
168.946
173.253
174.298
173.566
175.987
177.423
176.247
180.54
181.093
181.988
181.626
182.655
181.16
182.124
181.253
180.723
177.108
176.473
177.082
175.248
171.719
172.8
169.949
173.17
171.254
173.647
174.892
171.672
174.361
171.597
172.073
169.942
171.738
168.713
166.476
166.278
163.13
161.207
159.819
162.391
160.652
157.235
158.321
157.577
157.479
154.629
155.036
156.082
156.318
158.607
161.636
161.228
161.047
162.408
160.785
161.38
157.724
158.063
157.405
159.709
156.967
157.931
159.439
161.704
159.848
158.585
161.394
160.205
160.593
160.469
160.22
159.43
159.669
162.127
161.764
159.783
157.122
156.822
155.049
155.302
154.275
153.975
154.791
154.077
152.545
150.581
152.877
153.601
154.808
156.05
156.642
155.574
156.824
157.699
157.256
153.829
151.606
150.627
153.029
153.519
154.753
155.888
154.38
158.81
155.906
152.096
152.938
154.48
152.492
152.014
156.045
157.183
157.544
156.968
161.334
159.795
159.901
158.104
157.104
160.043
162.917
163.647
163.125
164.588
163.443
162.477
162.255
161.543
161.069
163.447
169.985
172.271
171.405
173.331
171.939
171.877
176.98
179.21
179.459
178.37
180.139
178.934
177.694
180.299
