97.1917
96.4469
95.2594
96.7261
97.6353
97.4345
96.3803
95.284
94.6791
95.977
95.3648
95.0526
93.7574
95.8903
97.9906
97.5397
98.9165
97.815
99.2436
98.9823
97.1588
95.1795
95.9165
97.335
96.9645
98.0192
97.7141
96.9612
97.1002
99.9618
98.2533
97.7412
94.8294
95.3809
96.3762
95.4662
96.6801
95.7611
95.7717
94.8307
94.4077
93.7615
91.9055
91.2772
92.1735
91.0134
91.3507
91.8188
92.9165
93.6992
94.2222
95.1835
95.6275
96.2041
95.6942
95.6885
95.8362
96.3783
95.6474
96.1804
96.558
96.7415
97.7107
98.9282
100.922
100.218
102.636
102.276
102.991
103.172
105.105
107.47
108.627
107.755
103.6
103.627
102.682
102.49
102.832
101.084
104.374
104.694
103.714
103.96
106.139
106.845
108.503
108.12
110.655
110.32
110.408
110.614
112.798
113.254
111.601
111.959
111.442
113.85
112.56
112.887
114.815
114.486
112.859
113.833
113.609
113.803
111.354
111.775
113.656
113.381
113.067
112.271
111.49
110.068
110.606
110.943
110.578
110.764
110.404
110.264
108.258
108.689
107.154
108.492
108.854
110.917
109.91
108.136
106.383
106.863
107.178
107.017
108.519
109.176
111.359
113.188
115.243
113.656
112.44
112.467
112.188
111.88
109.594
110.798
108.561
109.585
109.21
111.999
110.052
109.551
111.56
111.392
109.44
110.325
108.676
106.878
106.974
107.969
108.185
107.816
108.542
109.914
108.596
108.232
111.043
111.732
112.406
110.287
111.535
110.734
109.015
108.465
108.007
106.556
105.751
103.338
105.295
104.565
102.897
102.066
102.452
102.52
101.911
99.8607
101.218
100.174
98.7469
99.5048
100.331
102.179
101.723
99.9445
99.84
99.5731
95.7793
98.2888
98.1667
97.8414
100.05
99.7271
99.8471
101.163
101.2
99.6515
101.404
102.213
102.77
103.329
103.173
102.479
101.845
99.8832
98.2305
100.59
103.794
104.74
104.994
104.739
104.938
105.546
106.186
105.536
103.233
100.976
100.727
100.266
96.9518
98.2636
96.7796
97.7899
99.0701
98.7269
99.3757
99.3681
98.6912
96.9471
95.6661
95.3949
95.3372
95.4014
94.1908
92.2043
91.4217
91.5982
90.1813
90.0278
91.6161
92.4697
91.7474
90.5744
91.1995
90.5819
89.8725
91.9555
91.4654
93.5078
92.4803
93.0745
93.9766
94.0344
94.8546
95.3332
96.3291
96.2756
95.319
97.6044
97.6181
98.0258
100.217
101.694
101.914
102.869
105.355
105.796
104.595
105.845
105.891
105.796
102.802
103.104
101.755
102.068
100.535
103.62
105.003
104.084
104.999
104.49
104.972
109.031
108.395
107.406
108.941
108.461
108.644
110.212
109.655
109.544
107.023
108.036
106.606
106.35
105.607
104.661
106.456
108.351
109.542
109.583
108.463
106.855
108.778
110.189
112.526
112.771
114.47
113.632
113.04
114.906
114.169
114.672
113.373
114.047
113.484
114.281
113.05
112.769
112.162
110.831
112.324
112.043
112.45
113.338
110.643
110.901
107.875
107.738
108.236
109.19
106.015
105.731
106.12
104.658
105.222
104.983
106.46
105.421
104.124
104.499
104.423
104.858
104.383
104.607
104.027
106.745
104.683
106.061
106.471
109.636
110.386
112.114
112.485
113.61
112.072
112.741
114.454
113.895
112.02
112.12
111.838
112.171
111.233
111.135
108.912
108.726
106.621
105.789
106.791
106.998
103.204
102.922
101.606
102.311
101.153
101.62
102.041
102.351
103.017
103.187
104.661
104.616
102.49
105.099
106.617
107.279
107.456
107.65
106.774
106.153
102.933
103.391
103.818
101.874
99.9926
99.8904
99.0005
98.5333
96.9207
99.7643
100.912
99.4156
100.811
101.268
102.147
101.935
101.869
101.483
99.3049
101.151
100.202
102.721
102.95
104.005
101.687
101.785
101.644
101.839
101.888
101.512
100.536
97.7268
97.9803
98.0363
98.1284
98.0287
98.1101
99.202
98.785
98.7251
97.9354
97.2209
94.6008
95.3006
92.9455
93.0596
93.2237
92.8716
92.4787
89.6763
90.0074
89.1571
87.2556
90.1722
89.5331
90.9804
91.0105
89.5378
88.9524
88.6306
87.9154
87.6812
87.4671
86.8584
85.7303
86.4565
86.3395
87.261
87.6181
88.3019
85.8266
83.8164
82.6567
82.7516
82.1377
82.8548
82.9415
83.4913
83.318
83.8796
83.5981
84.4134
84.6384
85.5066
84.6995
85.0366
86.3266
83.7945
82.9852
83.4965
84.8523
85.4922
84.3391
86.1085
87.1931
85.3485
84.664
86.0107
85.0063
85.3321
83.9086
83.1212
80.9517
81.8236
82.8304
81.2363
82.85
83.4749
83.4925
84.7885
83.8032
83.3803
83.9883
84.1421
84.3141
82.7736
83.1745
84.7375
86.1146
88.9417
87.5743
88.0036
87.3471
88.6729
87.8948
87.0604
86.8546
89.616
88.7148
90.34
90.8901
90.4073
89.1331
87.9683
87.4898
87.9604
88.059
88.5005
90.3811
92.2835
90.8464
89.639
89.2106
89.2567
88.2512
88.2071
88.4483
90.4839
91.007
91.015
90.0074
89.1941
90.7954
92.032
92.7876
92.8392
91.0895
93.1756
95.0492
95.6907
95.6989
94.9872
95.1307
95.4437
95.2032
95.7659
96.4454
97.1434
96.5568
96.0288
92.6371
91.8418
92.9009
93.6292
95.168
96.6887
97.4134
96.2991
95.0579
96.0046
94.4588
94.0202
92.5154
93.9906
93.2318
92.0872
92.912
94.5052
94.0576
93.8387
94.6917
96.5692
93.7382
93.9802
94.2708
93.4452
93.5699
94.8001
95.0444
95.3109
97.0729
96.6848
