99.5918
100.453
100.139
98.9433
99.6959
99.55
100.1
100.951
100.954
101.292
101.419
103.203
104.28
106.12
105.006
105.684
104.71
103.98
103.759
102.424
103.023
102.554
102.849
101.888
99.8669
98.1642
96.5272
97.2661
97.4784
98.9203
98.598
99.4843
97.8141
97.8729
99.1865
100.401
100.637
100.011
100.252
98.2283
99.4073
100.773
101.42
101.066
100.84
99.9509
100.433
101.794
103.702
104.547
103.025
100.788
100.019
100.943
101.331
100.42
99.3324
99.6786
98.5887
101.056
102.161
102.705
103.669
102.007
100.941
102.884
102.404
102.762
103.433
103.275
104.74
106.079
106.164
106.763
108.599
109.963
108.718
108.365
106.516
107.133
107.127
105.841
103.353
103.122
105.657
106.662
105.051
106.109
106.879
107.667
110.028
107.928
106.249
104.539
103.685
100.657
100.365
102.046
102.941
103.035
103.589
103.972
105.046
104.268
104.616
104.36
103.743
105.2
105.397
105.806
103.878
103.242
102.457
103.642
104.417
105.95
106.147
106.653
107.798
110.299
109.41
108.097
110.326
108.814
106.562
105.031
101.642
104.485
104.845
105.038
106.879
107.54
108.158
106.887
109.018
108.537
107.32
108.487
109.151
109.482
109.906
110.724
111.988
113.914
114.243
115.546
110.423
107.819
107.713
106.352
106.072
105.585
103.673
105.891
105.446
104.438
103.876
102.081
102.323
103.393
103.433
104.859
105.374
103.854
104.427
104.818
103.384
103.542
99.827
99.7591
100.039
98.2349
98.7649
99.047
101.031
100.691
101.134
100.232
100.983
100.151
99.9837
97.5061
97.652
97.2734
97.4654
97.2966
96.5783
95.3371
94.5399
92.3202
92.2466
94.4668
95.1176
96.9421
95.4519
94.8494
94.9008
95.1707
96.9069
98.5709
99.9887
99.0407
100.231
100.28
101.732
101.23
101.436
102.03
101.728
101.864
100.9
100.813
100.383
100.474
99.6627
99.6097
101.082
99.1944
99.8404
99.9461
101.499
101.083
101.845
102.639
102.53
103.797
106.715
106.311
107.999
104.736
104.63
104.526
103.536
103.175
103.379
101.582
100.508
100.206
101.334
101.972
99.3605
102.002
102.154
102.686
103.124
101.347
100.625
102.239
103.402
103.986
104.477
106.086
106.089
108.107
108.049
106.32
106.137
108.054
107.327
105.843
106.077
103.64
105.329
105.06
104.428
104.506
106.293
106.651
106.247
107.91
106.227
104.712
105.007
103.547
103.137
102.135
103.442
104.923
106.662
106.036
106.263
107.337
108.466
106.947
104.812
105.532
105.161
102.871
102.592
103.659
103.715
104.108
104.315
106.12
106.39
108.41
110.548
109.41
108.999
108.587
109.837
107.955
107.567
106.667
108.082
108.572
106.3
105.885
104.955
105.63
104.682
106.388
106.678
104.781
105.127
107.509
107.556
107.938
107.688
107.669
106.102
105.583
109.698
111.12
110.176
107.772
108.982
110.253
110.766
111.097
112.24
113.019
112.44
112.16
109.67
109.405
111.398
114.598
114.584
115.012
116.573
117.252
117.265
120.698
118.346
122.115
120.06
121.069
120.642
122.28
121.59
123.495
122.749
122.933
121.922
124.18
122.861
123.793
125.759
124.921
124.513
122.892
122.201
122.943
123.57
123.832
126.691
125.061
122.75
120.001
119.608
119.361
122.135
120.475
120.924
119.876
119.331
119.116
117.981
115.864
117.069
115.841
115.445
114.296
115.789
115.418
116.004
114.326
114.556
115.009
115.873
115.903
115.777
116.25
114.2
115.594
115.103
114.442
113.352
112.502
111.216
111.847
111.152
110.509
111.512
113.19
113.054
110.355
109.232
110.545
108.86
108.048
108.024
109.095
109.147
108.726
108.507
109.119
110.307
109.774
109.62
108.274
107.833
106.538
106.012
108.165
107.697
108.03
108.1
112.353
112.047
113.469
114.507
115.034
114.928
115.155
112.932
112.207
109.441
108.248
108.966
107.419
108.871
105.593
104.159
102.966
102.804
102.902
104.666
104.251
104.029
104.252
105.784
104.882
102.8
103.077
105.608
105.023
107.853
108.849
109.085
107.49
108.805
107.993
109.16
109.296
109.171
110.935
112.792
114.913
114.038
113.509
115.5
118.231
118.918
116.628
115.798
115.545
113.659
114.772
116.013
114.281
115.701
116.87
115.345
115.103
116.4
117.465
114.441
114.005
113.588
112.93
113.18
112.248
111.186
113.159
116.958
118.097
118.286
116.86
116.109
116.038
113.836
113.64
115.189
113.455
113.622
113.182
111.902
109.751
107.777
109.86
109.336
110.767
108.601
107.843
108.974
108.042
107.84
108.073
108.072
108.242
107.924
107.063
105.287
103.495
104.126
106.57
107.106
106.746
107.126
104.704
105.679
104.2
103.06
102.745
102.478
102.647
104.268
104.887
104.341
104.531
105.337
104.041
104.633
104.16
102.783
103.217
103.485
103.775
104.635
106.379
106.652
105.089
102.395
104.085
104.667
105.429
103.449
103.722
105.578
105.001
104.818
104.996
103.636
105.429
104.469
105.537
106.632
107.479
106.34
108.635
107.444
108.725
109.503
109.591
110.84
111.423
112.008
112.886
113.434
114.141
114.263
114.887
116.486
113.382
112.547
111.767
111.924
108.044
107.164
105.465
106.914
107.241
108.037
108.128
108.566
107.739
109.535
107.703
