100.57
100.348
97.5633
97.2791
96.4128
98.455
99.685
100.548
101.769
100.827
101.334
104.518
106.26
104.458
104.302
103.852
106.237
103.455
104.577
103.798
103.953
104.665
101.842
101.956
103.35
104.11
103.475
103.023
102.231
101.924
100.187
97.874
96.256
95.9112
97.9337
99.2734
95.7436
95.1578
94.2429
95.2248
95.9008
96.4225
96.791
97.2397
98.9106
97.1919
97.2073
97.9467
97.9991
97.4001
99.1808
96.0924
94.0865
95.1522
97.0779
102.507
102.726
102.797
103.628
101.484
100.846
100.892
103.171
105.82
105.215
105.538
105.355
104.265
104.957
104.891
105.708
105.974
105.271
104.323
104.803
106.761
105.88
107.281
106.812
104.851
105.26
104.585
104.55
103.964
101.689
103.166
101.997
102.56
103.014
104.49
105.074
103.496
103.537
105.44
104.711
103.58
99.9562
100.586
102.074
102.327
105.669
104.396
104.627
105.934
105.244
106.46
108.988
106.203
108.334
107.493
105.627
105.259
107.663
106.564
108.441
106.73
104.835
105.739
107.77
108.308
107.443
103.98
103.253
103.664
105.364
104.896
106.756
104.099
104.543
102.828
103.768
101.876
100.289
98.3355
96.3032
96.1982
97.1225
96.7105
96.857
98.4335
98.7864
98.1424
99.7183
100.504
100.888
102.506
104.248
106.264
105.401
105.088
104.226
104.142
102.985
103.417
102.731
101.843
102.946
102.207
102.356
102.786
102.076
102.005
101.504
100.781
99.5658
99.2937
96.9081
97.684
98.4881
97.9233
97.4919
96.6856
99.0796
97.3206
94.664
93.9213
93.1756
92.5401
94.1404
94.755
95.4172
97.8991
96.8236
97.2197
97.0867
97.5675
97.1262
97.9285
97.7264
100.196
100.24
101.521
101.05
103.217
103.93
101.033
100.991
100.002
100.579
99.8303
99.2088
100.355
99.9737
100.265
101.227
99.7392
99.4737
100.507
100.293
98.7843
98.3826
97.8324
98.1588
96.0692
95.9809
96.3925
94.0281
94.1963
92.6132
94.4217
96.3762
95.8098
96.7004
98.6759
98.722
100.144
97.8388
96.9842
98.9606
99.4293
99.2921
100.528
99.9388
100.687
101.501
101.648
102.722
100.701
101.533
103.221
105.396
104.253
103.423
103.163
103.726
103.996
103.327
100.736
100.268
100.228
100.726
100.423
98.7271
96.5905
94.7617
96.3914
97.6229
95.7572
95.7561
96.6024
97.2022
99.3689
100.774
99.5793
100.357
99.8983
101.485
100.205
97.5889
97.328
98.5733
98.7177
100.439
98.9244
100.866
99.9193
97.7151
96.6226
97.8757
97.9772
98.7108
98.941
97.7061
98.9066
100.732
102.554
103.368
100.637
100.381
103.134
103.331
102.892
102.652
104.397
104.835
104.165
105.833
107.042
104.858
103.654
103.597
103.842
104.84
105.859
108.84
106.709
102.826
102.081
103.243
103.188
102.927
102.534
102.732
103.851
105.467
104.953
104.202
103.921
103.577
105.307
108.573
106.113
106.365
107.786
110.505
110.405
112.093
107.465
107.639
108.73
107.397
105.545
104.737
104.566
102.927
103.281
102.852
104.027
104.48
105.628
105.435
104.968
102.923
101.657
101.906
100.328
101.169
101.277
100.652
100.705
101.461
101.03
103.412
103.887
102.288
102.573
105.971
106.787
107.424
107.838
108.889
109.15
107.812
108.3
109.026
107.163
107.468
108.23
108.654
108.996
108.958
107.105
107.701
106.626
106.35
106.493
106.058
106.858
106.443
109.236
108.687
109.166
107.903
107.762
108.695
107.167
106.071
106.561
105.865
106.419
106.51
105.619
104.098
103.245
103.234
104.348
104.35
106.83
103.788
103.418
101.6
102.002
102.846
101.322
105.636
105.584
104.085
104.453
105.08
105.752
105.295
105.888
106.602
108.896
109.844
111.907
112.15
111.772
110.086
110.055
109.499
109.434
107.365
105.823
106.035
107.313
105.579
103.452
102.996
103.521
105.521
104.679
107.846
109.304
108.236
107.959
109.039
109.43
110.11
111.177
110.537
108.929
109.032
109.978
110.327
109.178
110.972
109.476
109.904
109.678
108.968
111.227
111.722
113.103
110.446
107.119
106.219
106.995
108.328
109.823
109.921
111.513
114.024
112.987
112.701
113.194
115.543
116.039
116.896
114.995
116.085
119.054
120.063
121.361
119.701
121.13
122.957
126.51
127.73
128.336
129.96
129.759
129.335
128.422
124.913
124.926
123.403
120.855
123.504
122.951
122.335
124.932
125.329
124.523
123.015
120.773
118.977
117.641
118.249
118.826
119.609
122.483
123.314
124.476
123.156
119.907
117.954
116.488
116.028
116.605
118.099
118.276
120.497
122.506
124.025
123.569
125.592
126.965
124.879
125.276
125.646
125.109
124.517
122.803
123.32
123.252
121.023
121.257
117.733
117.067
118.129
117.851
117.639
118.078
115.157
115.276
113.406
114.077
116.083
116.054
115.583
116.441
115.471
115.623
115.418
115.501
115.786
116.592
117.266
117.052
115.38
114.083
114.124
115.793
114.994
116.951
115.348
114.233
113.865
113.159
113.398
114.243
115.753
116.139
117.356
118.007
117.802
117.74
115.609
117.055
115.22
115.955
116.708
116.856
118.284
117.394
116.502
116.864
117.54
118.461
117.998
120.202
121.452
121
121.829
122.314
126.107
126.781
127.912
127.936
124.353
123.334
124.926
125.796
128.776
125.916
125.604
126.398
124.737
124.706
