98.0855
98.0534
96.8362
93.0619
93.0214
94.174
95.1507
94.3339
93.4687
94.4975
91.598
91.8094
94.1496
96.1326
95.5874
95.5539
94.7639
96.2167
94.8959
95.5659
94.484
95.288
94.7251
96.0758
97.3849
98.9002
99.3365
101.118
101.267
101.687
101.654
99.4325
99.3635
98.9738
100.157
99.0413
97.8325
97.6282
98.0208
100.343
99.6168
99.4565
99.5665
100.164
101.54
101.07
102.561
104.356
105.573
105.361
104.58
105.35
106.524
105.74
108.144
109.12
108.24
109.043
108.856
108.377
108.032
106.825
107.251
109.533
112.686
109.475
108.547
105.61
107.189
108.461
105.254
106.211
106.389
103.38
100.927
101.047
99.9218
101.023
100.969
102.431
102.491
103.097
102.565
104.181
101.919
100.354
99.653
101.367
101.562
100.093
97.6838
96.0406
97.3464
99.5392
99.9431
99.0039
99.5418
101.816
99.4006
98.2185
100.128
100.186
98.6155
98.5816
97.7806
95.7938
94.5687
94.151
94.5441
93.0517
93.4694
91.4157
89.8315
90.4473
91.0547
92.1771
93.1479
92.2536
93.1214
92.3498
92.1602
94.2763
93.4148
93.737
92.7897
92.7216
93.0461
92.0444
90.6323
91.0604
91.3074
90.4616
89.9361
89.594
90.0451
91.7576
92.0495
88.3542
87.235
86.7696
88.6863
89.6326
90.3002
90.4737
90.3391
89.5829
92.1186
91.1926
90.1932
90.4899
90.0414
89.5961
89.4755
90.4491
89.1846
90.4061
89.8647
88.3848
89.8165
89.2886
89.0581
89.1187
90.221
90.2606
89.7968
88.4674
89.145
88.2267
87.0293
86.9471
86.585
86.6786
87.1098
87.5272
88.2923
89.8632
91.204
91.1113
91.5315
91.7236
91.0387
89.8731
89.1454
89.4485
90.8052
91.121
90.8565
90.8999
91.8422
90.8656
92.2446
91.1865
88.6461
87.6128
87.7209
88.335
89.9075
89.079
90.2402
90.3677
91.529
90.4095
88.9886
89.4064
89.8685
90.1784
91.5786
92.2664
92.6231
95.1722
96.4825
96.1901
94.8536
96.4253
95.6571
96.7511
95.7583
97.3064
95.2468
96.0499
98.3125
99.2601
100.443
99.4295
101.762
103.812
103.001
104.523
103.83
104.3
105.618
104.959
105.549
107.517
108.936
110.106
111.865
115.472
117.513
118.042
119.407
117.891
118.024
118.147
118.195
119.892
117.097
118.668
117.684
117.225
117.626
117.677
119.214
122.38
122.141
120.208
118.78
116.492
114.845
114.963
112.082
108.183
109.248
109.96
109.812
110.183
109.63
110.09
111.511
112.9
113.424
113.36
114.493
113.454
113.188
113.009
113.414
115.035
113.903
115.694
116.913
116.83
116.907
118.752
118.763
118.933
121.089
122.683
124.715
123.89
122.23
121.249
119.831
120.196
121.237
121.618
121.855
123.19
123.988
124.646
125.363
127.527
127.603
129.315
125.48
126.383
126.946
125.624
124.797
125.922
123.719
125.807
122.83
122.97
123.594
127.07
123.471
123.967
123.125
123.376
125.24
125.864
125.991
126.752
125.238
125.455
126.315
126.634
128.512
126.703
127.323
127.011
125.661
129.557
127.563
128.665
132.497
133.588
134.031
131.744
129.248
126.726
126.054
129.028
128.571
127.753
127.486
126.148
125.311
123.416
123.104
122.012
124.343
121.829
120.549
117.812
116.541
116.107
115.229
116.371
117.271
114.985
114.257
114.857
113.033
117.191
119.656
118.139
122.44
122.719
123.398
125.485
127.188
125.925
127.249
129.994
129.484
130.824
130.12
131.053
132.204
129.246
128.177
125.753
121.906
123.386
120.578
121.155
122.361
121.992
119.838
121.889
122.619
124.849
124.587
122.704
123.063
121.228
122.126
122.962
120.828
120.92
122.033
124.273
122.637
124.255
123.741
126.319
126.386
126.977
128.282
127.858
130.202
132.25
130.981
129.924
131.539
130.853
133.944
131.84
130.603
130.049
129.907
130.616
132.624
135.123
132.265
134.607
132.655
133.656
135.453
135.699
135.846
136.665
136.81
138.168
138.888
137.607
136.593
136.606
134.058
136.654
136.659
135.27
134.806
135.098
133.251
133.008
132.431
132.265
134.122
134.971
134.862
135.708
135.247
135.49
135.625
136.063
136.052
133.041
132.824
135.341
135.289
134.802
131.965
132.734
131.224
132.033
129.596
130.638
131.005
129.822
130.115
130.59
129.383
127.637
128.664
127.273
127.203
127.96
128.67
129.582
128.1
129.241
129.687
129.379
128.193
128.184
127.191
128.047
127.926
127.916
126.838
125.897
126.551
129.685
132.076
133.139
132.531
132.272
133.615
133.47
131.974
132.266
133.097
133.135
132.195
133.228
132.791
135.392
135.934
135.317
134.444
133.477
133.693
132.735
131.086
130.656
133.834
133.161
135.322
138.339
138.387
139.43
136.655
134.397
134.93
135.04
134.804
133.052
133.409
131.246
133.095
134.4
133.769
135.482
134.564
133.09
133.001
135.284
136.796
136.248
138.051
137.769
138.306
138.149
140.762
143.987
139.711
140.46
139.511
138.728
137.247
137.267
135.77
133.06
131.129
131.213
133.157
132.741
131.387
133.329
133.361
134.477
133.204
129.972
127.504
130.225
127.674
127.584
126.754
129.034
130.627
131.782
130.815
131.136
133.069
134.459
131.883
131.597
131.915
132.962
133.456
133.745
129.888
129.378
130.395
133.051
132.098
131.046
131.326
130.44
130.712
130.889
129.059
130.933
130.3
128.696
131.508
130.69
