99.8405
100.9
100.609
101.5
102.181
100.595
99.9965
99.7256
100.613
103.956
104.171
104.617
106.162
106.612
106.272
105.209
102.084
102.978
102.199
102.127
101.983
102.638
102.515
100.58
101.849
99.905
98.0233
96.9475
96.9219
97.3203
97.0831
96.9538
96.3032
95.9979
94.7817
94.511
94.4089
92.6381
92.4977
90.7382
92.2756
90.7487
91.6644
91.3223
91.2358
93.392
92.9636
92.6397
94.408
94.986
97.1153
97.5108
98.3167
99.7834
101.083
100.2
100.677
100.728
100.987
99.8394
99.4384
100.228
100.83
101.073
101.103
102.659
100.561
100.082
99.6588
98.8995
100.528
101.822
102.626
102.636
103.174
104.98
104.996
103.726
103.374
105.086
106.939
107.131
105.583
104.744
105.609
105.478
105.437
105.144
105.799
104.665
106.542
105.505
105.305
106.256
106.224
103.626
103.857
103.411
104.065
102.188
100.755
101.192
100.249
98.1933
99.5647
100.372
102.649
100.247
99.4427
100.173
99.4408
98.6027
99.7383
100.656
102.701
103.488
102.883
103.21
104.297
105.625
105.341
105.657
104.414
103.617
102.242
101.559
103.287
103.781
103.915
102.625
101.961
104.798
104.634
104.913
107.356
107.088
109.233
111.041
114.087
111.333
111.021
112.44
113.784
115.89
117.239
117.108
116.119
115.863
118.605
116.518
116.324
116.821
118.917
114.897
115.304
112.925
113.499
111.315
112.105
110.796
111.181
110.93
109.998
108.685
108.881
107.512
104.672
106.149
105.363
103.514
102.948
100.646
99.016
97.4628
100.294
99.1123
99.8069
100.743
99.3465
97.5876
99.7374
100.328
98.7492
100.825
102.168
101.78
101.791
101.59
101.785
102.321
103.155
104.405
105.283
105.035
108.07
108.037
111.322
111.987
113.28
112.09
112.577
111.404
109.608
111.052
112.467
109.662
111.788
111.616
109.863
110.694
109.744
109.944
110.734
111.142
109.786
110.328
110.418
111.364
111.594
110.502
112.898
112.266
112.117
112.907
112.841
112.24
112.176
109.737
111.039
110.596
111.77
112.093
115.309
113.47
114.19
114.888
112.977
112.091
110.946
111.846
111.876
113.136
113.474
115.55
114.105
114.532
112.735
110.142
108.81
110.091
107.783
106.67
106.921
107.783
105.357
106.993
107.131
109.244
109.398
111.154
112.45
113.653
115.322
116.39
113.395
114.489
112.965
116.196
113.837
113.693
115.107
115.18
114.791
118.439
117.764
115.961
117.43
117.646
115.824
115.276
114.616
113.823
112.734
114.477
112.849
112.633
111.939
110.558
107.478
107.666
106.601
105.034
106.848
106.753
106.069
107.336
107.217
107.339
107.081
105.98
105.666
104.464
101.51
101.625
103.052
103.515
106.397
106.378
106.865
108.904
108.415
109.968
111.468
110.086
110.114
109.685
108.352
109.415
109.351
108.115
107.048
107.958
107.57
108.808
110.659
109.822
109.229
108.054
107.653
109.193
106.725
106.508
105.995
105.162
105.244
107.991
106.874
107.342
109.077
109.444
107.668
109.664
109.525
109.357
107.552
107.923
106.773
105.69
106.298
108.087
108.028
107.982
104.295
102.815
102.593
101.403
101.056
99.228
97.5658
98.5624
96.3376
99.2985
98.4767
99.4084
101.632
101.33
100.994
104.046
105.03
103.297
101.569
101.608
99.7345
97.9996
97.5188
98.1159
98.1931
99.2086
98.9775
96.6661
96.1635
94.8157
93.7048
95.6823
94.9009
95.9177
93.6054
94.8291
95.5707
95.6876
93.9966
93.6861
92.716
92.5578
93.8742
94.7346
93.8909
93.6798
92.2475
92.0839
92.991
92.9333
94.7979
95.1969
94.6739
94.0123
91.4177
93.5786
94.9142
93.8686
94.6203
93.7991
90.6912
92.3487
91.9683
93.0778
92.0065
90.7421
89.2875
87.5348
86.6088
87.5157
87.846
88.6058
88.406
87.6678
88.7597
88.2282
88.9376
86.8701
85.182
84.6529
82.8212
82.4498
81.9055
81.2094
82.5785
82.1387
80.6615
80.2218
82.6373
82.9482
82.8969
83.6734
83.5338
83.8396
83.5974
82.9174
83.0426
85.3272
85.7636
85.3437
83.2487
82.769
83.3783
84.5892
84.6458
82.8886
84.2018
82.0637
82.1781
84.1691
84.2071
85.6479
86.3108
86.527
85.7517
86.215
88.716
87.9962
89.7144
88.8143
89.8696
87.3424
88.2835
87.7087
86.831
86.1014
86.223
87.0022
86.5618
85.6926
84.8896
84.2839
83.3947
83.8482
83.1523
80.7671
80.3816
81.4654
81.0255
79.8619
79.7178
80.1867
79.4463
78.5556
76.7708
78.0078
78.9041
79.5403
77.8001
77.0385
75.8905
75.6407
74.2986
74.8238
74.3659
75.5739
75.922
74.6302
75.0762
76.9661
78.0131
77.8449
78.8988
78.8028
76.7825
77.72
77.397
78.3682
78.9735
81.1549
82.3721
84.1363
82.8612
84.0462
85.7576
86.7888
85.7217
84.5029
84.0814
83.2607
83.377
83.92
84.7411
83.2183
84.0402
83.3222
85.0768
84.6537
83.5235
84.6626
85.6846
85.676
85.7329
87.4411
87.0775
85.8843
85.1934
85.6809
87.7992
87.9697
88.2761
86.7438
86.8343
84.8738
87.1106
85.8662
86.7204
87.049
88.4342
88.7512
88.509
90.8332
90.7637
90.9726
90.1462
90.093
90.6033
90.0365
89.6024
88.0564
87.6497
87.6251
88.8273
87.7721
87.725
87.0765
88.2034
87.7482
89.0993
90.5446
91.1961
90.9582
90.3461
92.0053
92.4088
92.7149
93.1824
92.0413
92.0573
93.7969
95.3624
93.6462
92.5114
95.0925
93.5976
92.5378
91.6751
93.1419
