99.4825
99.3801
97.6469
96.8952
97.8051
97.0934
97.077
97.7932
98.5255
98.5354
98.889
98.6022
98.7496
98.2285
98.54
97.411
99.4249
100.91
100.642
99.3406
101.316
101.263
100.76
99.867
100.47
100.244
101.445
100.845
99.7687
100.09
101.426
102.454
101.708
100.874
104.832
104.299
104.042
104.409
105.375
103.658
103.399
101.104
100.22
99.2984
101.174
102.437
104.934
104.001
103.466
105.734
106.777
105.697
105.414
105.791
107.226
106.059
104.953
105.648
105.082
105.032
103.215
101.775
101.506
99.1672
100.102
99.3503
100.232
98.9122
99.0049
98.5951
99.02
100.374
100.233
100.94
100.843
98.6104
97.6581
97.9301
97.4506
97.9776
99.2229
98.33
98.5542
97.672
96.7694
95.1868
96.4933
95.6657
95.0646
95.8424
94.9518
95.0187
94.2787
95.3862
93.7788
95.1043
95.4449
95.4005
94.9753
97.0853
98.8124
99.2095
101.068
100.65
99.9047
100.526
99.1061
97.5508
98.0275
98.3853
100.865
101.303
102.412
103.388
100.744
98.8886
97.5398
99.383
97.278
96.2188
98.0941
99.0871
99.2948
99.458
99.0868
97.9544
100.334
100.768
102.5
103.378
101.452
104.022
104.711
105.063
102.548
102.804
101.345
101.741
98.6834
99.0858
98.4811
98.3022
97.666
97.5237
97.3461
98.7123
99.112
98.5973
99.6097
98.7197
98.7586
99.4266
99.1083
97.7768
97.3297
96.3318
98.2722
95.9735
95.5148
97.6307
98.5017
99.7325
100.659
100.623
101.241
102.708
101.885
101.964
101.463
103.336
103.563
99.3722
99.4388
100.369
100.595
101.408
101.416
101.24
100.992
102.814
104.391
104.057
102.646
101.977
102.898
101.801
99.9401
98.1104
98.5811
98.3429
100.191
100.314
97.2235
95.7062
94.0785
92.4036
93.1309
91.5864
91.5524
90.4394
90.1701
91.0687
90.3654
90.6932
89.2642
90.168
91.8399
92.2471
92.7566
92.2789
94.5858
92.7003
91.1853
92.2988
94.9065
95.7409
95.07
95.2681
93.9884
92.5879
91.8543
91.0815
92.1401
93.4735
93.1002
92.673
92.4973
92.0956
91.2764
90.9767
90.3067
89.3905
89.7724
90.9418
90.8219
89.7955
90.4316
91.3756
90.1829
92.1661
92.1189
91.6807
92.8097
90.4619
92.3982
92.2569
95.3975
94.8126
94.0771
93.6047
94.3271
93.9206
95.1825
95.5929
95.114
94.2703
92.2245
92.5287
93.5125
94.2977
95.8458
95.6178
96.1799
95.5829
96.3031
95.3537
95.7113
97.3291
96.0667
95.7186
97.4906
96.6289
96.1658
96.2852
97.0385
97.4097
97.7303
98.4213
100.847
102.18
102.069
102.316
101.46
100.898
100.868
100.011
99.0699
99.4449
100.699
100.819
102.354
98.9284
99.5408
100.161
99.7123
101.177
101.449
102.203
102.38
104.127
105.324
106.05
103.822
104.172
104.006
104.545
104.977
105.569
104.457
103.419
105.004
105.419
105.013
107.164
108.995
109.737
108.189
106.924
106.844
106.662
108.391
107.504
109.036
108.571
108.689
107.624
109.28
110.481
110.804
108.917
109.319
110.095
109.018
109.106
109.601
109.512
108.622
104.495
105.049
105.912
104.159
105.392
105.444
102.001
102.902
102.367
101.458
100.408
100.857
99.1303
99.3774
98.2166
95.5248
96.4323
98.7764
98.665
97.9038
94.4007
94.0458
95.2673
97.363
97.3733
96.9552
97.5858
97.6339
97.3612
97.3111
98.6188
99.6206
98.0608
97.6015
97.6378
96.7921
93.3486
92.6647
94.8562
95.2106
96.2878
97.5719
97.482
97.3877
97.4149
96.4238
95.4077
97.3103
98.4995
99.6998
101.507
101.73
101.271
102.756
102.042
103.363
104.711
107.022
107.054
106.295
106.251
107.537
108.242
108.143
109.76
108.28
110.527
109.742
111.629
113.273
114.769
114.891
116.475
118.283
117.639
116.825
116.853
118.837
117.273
118.921
118.786
117.697
119.885
121.164
122.274
119.913
119.293
116.622
116.114
116.287
115.535
115.079
111.901
110.282
110.584
110.872
108.696
107.299
106.516
106.689
105.377
104.808
104.698
105.231
106.548
105.349
105.65
107.393
105.239
105.76
107.04
107.209
107.019
104.966
102.355
100.448
101.721
100.452
100.467
100.686
100.926
102.617
103.128
104.065
103.551
104.429
103.071
99.5652
99.9719
98.9992
99.5214
98.8444
97.0229
96.1115
98.945
100.105
98.1285
100.798
101.516
100.81
99.2957
99.3258
99.8395
101.165
100.215
103.272
105.104
102.785
101.904
103.361
103.568
102.755
103.24
101.306
102.127
103.4
102.203
98.889
100.861
101.304
100.393
99.8518
99.0152
98.1599
98.2735
98.271
97.5098
95.1065
96.614
96.162
95.4012
96.7083
95.4355
95.5751
97.2348
98.3641
97.3718
96.6984
97.9169
97.3841
96.3776
97.3285
96.6971
95.6354
93.3746
91.9356
91.0752
90.8206
90.2533
89.7388
90.3233
89.7381
91.1407
91.0342
90.2937
89.9314
90.3163
89.7905
90.3538
91.4219
91.8175
90.5344
92.0036
91.7592
93.7643
92.4626
93.6038
93.8093
94.9205
95.4562
94.7449
93.0358
92.2529
92.0526
92.4308
95.5003
95.3634
96.3432
96.3976
95.762
96.4845
97.3349
96.6123
94.6755
95.0348
95.9247
96.4295
94.3884
93.1754
93.2039
94.4772
94.6058
94.6549
93.5953
93.2583
91.4326
91.3726
89.7644
90.2976
89.8733
90.1282
89.7213
88.4745
88.5291
87.4558
87.7442
86.5161
88.0082
88.5799
88.4729
89.9288
89.064
87.4713
87.849
87.283
88.2542
88.8117
88.9521
88.2634
90.1493
89.5959
90.214
90.5252
