101.383
102.231
104.255
104.724
106.374
104.887
104.507
103.096
102.842
103.218
105.284
105.641
103.334
102.196
103.511
103.749
104.829
103.693
102.809
103.312
102.262
101.74
102.571
103.65
103.982
101.648
98.8841
100.996
101.456
101.668
101.969
103.361
104.695
106.522
106.589
106.154
106.246
106.37
106.636
105.768
105.676
106.621
106.05
108.326
108.897
107.516
110.271
109.227
107.69
105.246
104.533
106.66
104.158
104.63
102.805
103.649
101.707
99.5518
97.9975
99.5664
98.8533
96.9592
97.5543
99.1545
99.7423
99.6221
99.299
99.0931
99.7812
99.3225
99.0586
100.8
99.8737
100.161
99.5551
100.355
102.391
100.043
97.6227
99.0543
99.9869
100.832
101.928
98.3246
97.9862
96.7622
95.4719
94.9103
93.7542
90.7794
90.1576
89.0698
90.5458
90.3676
89.2589
88.6886
88.7201
89.304
89.0083
89.837
91.6809
91.6694
91.2695
91.6458
90.3908
90.7239
92.1241
91.8439
92.4335
90.3311
91.6514
93.0123
92.4462
93.4635
92.8838
93.7595
93.9514
93.7369
93.9746
93.6148
93.3613
94.2258
95.2351
94.731
95.0164
95.864
98.1151
96.2095
94.8575
96.1614
95.8895
96.7605
94.7797
94.2636
95.2557
95.2626
96.0547
97.1706
97.9799
96.0982
96.7276
97.9088
97.5138
99.5495
97.9391
98.5036
98.6829
99.112
98.4058
96.1385
97.9757
97.6152
98.5019
98.4507
99.4699
100.23
102.701
100.286
101.646
102.649
103.017
102.052
100.868
101.008
99.8871
102.304
101.652
101.549
102.771
101.705
100.942
101.733
102.069
102.025
100.824
102.536
102.843
103.275
104.429
105.113
104.203
103.546
102.596
102.031
102.92
103.201
102.582
104.422
105.073
103.981
103.092
102.878
100.961
102.34
103.715
102.777
102.826
104.598
105.41
106.908
106.557
105.041
101.388
104.054
102.811
99.342
100.136
101.865
100.935
98.6544
99.1893
99.0465
98.5117
97.3764
98.3087
97.1433
98.2126
98.4304
97.1832
96.8135
95.0865
95.4818
96.5431
97.6072
99.0133
99.9003
101.487
101.54
102.05
101.494
103.781
101.471
102.421
101.741
103.011
102.086
101.414
100.15
100.081
98.4192
98.5832
99.8898
98.5754
98.8552
99.4054
98.2572
96.2763
95.457
96.2009
99.1002
98.0116
97.4539
95.1999
95.1198
94.6806
94.8025
95.0132
93.7092
94.3575
95.4963
92.6855
92.2333
93.0229
93.302
93.0486
92.7141
92.1889
92.631
93.8847
93.8457
94.4115
93.5702
92.371
93.5664
93.8736
95.058
95.2784
95.253
95.4084
94.4955
93.836
96.9013
96.0985
96.3499
100.477
100.176
100.988
101.164
101.64
102.921
104.363
104.643
103.483
103.411
101.92
101.435
101.564
103.875
104.775
105.264
106.487
104.426
105.456
104.439
103.323
104.239
105.565
105.099
105.155
105.965
104.585
104.977
106.762
105.182
105.062
106.405
106.648
106.504
106.093
108.154
108.791
107.408
109.695
110.289
111.14
111.95
113.491
113.466
113.463
116.055
118.921
117.643
116.036
117.212
118.892
120.9
119.868
120.419
120.731
122.864
123.805
124.689
122.573
123.764
125.806
125.343
126.242
126.315
125.512
124.61
124.465
126.378
126.723
126.974
129.386
131.387
130.293
126.867
127.294
127.741
127.29
127.003
128.599
128.058
129.103
126.969
122.634
121.949
121.068
125.685
122.865
124.662
125.324
125.772
124.882
125.72
125.272
126.483
125.883
127.722
123.734
120.907
117.897
116.094
116.424
118.589
117.559
117.513
117.492
114.894
115.165
113.45
112.64
112.409
113.659
113.304
112.273
110.628
110.814
108.081
108.837
109.54
108.015
110.336
112.301
111.725
113.216
114.667
116.06
117.878
118.278
119.618
121.496
120.927
119.501
119.16
119.806
120.38
121.146
120.665
122.948
124.183
122.786
125.097
123.108
123.882
123.077
122.803
122.255
118.966
119.432
120.851
121.848
119.448
122.19
123.518
123.576
124.194
123.933
124.492
126.241
125.998
124.401
123.49
125.404
123.887
125.268
128.056
127.315
126.391
127.265
127.764
129.116
129.991
129.646
131.016
131.384
132.392
133.72
135.174
136.829
136.959
135.319
136.744
135.557
133.869
134.666
136.27
133.726
132.896
133.203
134.256
133.914
130.807
128.434
128.974
129.443
128.679
128.988
129.384
129.019
129.795
131.427
131.436
132.297
132.115
131.76
130.101
131.651
132.866
133.639
131.351
131.468
129.055
128.812
129.339
127.529
128.359
129.492
129.783
131.176
128.979
128.046
125.813
124.909
123.803
123.168
124.892
125.386
129.002
128.56
128.475
129.87
129.163
131.08
129.805
128.983
128.682
128.837
128.153
127.624
130.822
132.036
131.87
127.566
128.479
129.29
132.382
130.05
132.583
133.19
134.167
132.692
132.601
129.773
129.068
126.597
125.632
125.092
123.544
125.069
124.334
125.226
128.629
130.534
130.872
132.089
133.745
130.572
129.041
131.611
131.729
131.392
132.58
131.286
130.705
129.763
127.904
127.92
127.422
131.05
129.382
130.277
127.038
131.971
132.744
136.154
135.977
137.059
138.288
137.619
135.401
136.383
137.724
136.869
134.995
134.788
135.554
134.752
133.416
133.512
132.174
131.037
131.32
132.948
132.635
132.855
131.233
131.44
130.323
129.62
133.11
130.848
130.295
128.515
132.32
129.67
130.568
127.769
129.981
