97.0221
95.8312
97.1794
96.2116
94.3556
95.2042
96.4547
93.9016
94.7963
94.5035
93.4976
91.2318
91.2975
92.8081
92.0183
91.7172
90.8801
90.561
89.3018
89.7838
89.286
89.6873
89.9263
90.9908
89.7123
88.4468
88.5069
84.7912
85.224
85.2414
84.253
84.1309
85.3563
86.9274
88.4314
88.9701
88.0395
88.1553
88.1364
88.3389
88.7328
86.667
86.225
86.0061
85.5168
85.9019
84.4513
83.2367
84.1762
83.726
83.1674
84.8795
83.8958
83.2844
82.5381
81.293
81.752
80.6104
81.7577
82.8006
84.0963
82.9966
83.3845
85.5007
84.7234
82.8809
82.6197
84.1538
85.1488
85.2346
86.693
85.9369
84.6064
84.0292
83.3819
85.8407
86.3559
86.5668
85.0456
85.3562
86.2693
85.519
85.1065
84.0409
85.2487
85.196
85.314
83.8333
83.5761
83.4059
84.7252
86.157
85.4905
87.4141
87.9305
88.0186
88.7704
88.3302
88.5034
85.634
85.7552
84.1625
85.0321
84.8643
84.8497
85.5915
87.4645
86.4843
85.8113
86.9187
86.1398
86.8636
87.2615
86.486
86.0301
86.1901
87.3309
86.1947
86.1891
86.3051
86.9888
88.5471
88.2978
87.0642
87.1718
87.923
87.7282
86.2014
87.2644
88.6698
88.8305
87.1126
86.3907
85.8432
85.6104
86.0461
86.7138
87.041
86.5926
85.995
85.5935
84.8017
85.0475
86.8504
87.2685
87.0858
87.7657
89.58
89.3886
91.491
90.4883
90.4113
90.6166
90.4807
89.6086
89.4143
87.9378
88.9766
87.6623
88.5421
89.001
87.5694
89.2348
88.4387
89.4727
87.6243
87.8802
88.5434
89.3216
88.1856
88.3227
88.8314
88.2523
90.4708
91.8647
90.6631
93.0359
93.4996
93.1836
93.2438
92.9835
91.4226
91.3706
90.5703
91.2037
90.6056
89.6398
89.0352
89
89.8594
89.7056
91.201
91.5388
91.9816
91.2305
92.0369
92.0171
91.2504
92.8743
93.1611
93.4348
93.9667
93.5042
93.9499
92.8837
93.2543
91.1993
90.6594
90.4536
90.0149
92.2996
92.4085
93.3044
94.1042
93.5127
95.6674
95.4401
94.1109
91.8086
91.5648
89.2035
89.5491
89.6965
88.1515
86.6676
84.85
85.7297
86.1875
86.793
86.3332
85.7096
84.1697
84.2946
84.3529
86.4923
87.2929
87.6797
86.1196
85.8668
86.3777
86.6375
87.6039
87.1496
87.7608
88.8872
89.213
91.5448
92.6936
90.5593
90.6063
90.1937
89.5956
90.2435
89.4974
88.6642
88.6996
87.0997
86.1814
87.1617
88.345
88.7898
87.8085
86.7878
86.3174
87.0588
85.5785
86.1616
85.5676
86.0327
86.4292
87.6915
87.9342
87.644
87.2193
87.5787
86.9472
87.1148
87.4296
85.0776
84.8081
85.8929
86.9907
88.7488
90.1497
91.9738
92.3059
91.4944
92.5729
89.4643
89.7863
88.1914
89.3184
89.6836
88.9126
89.7279
88.7722
86.8386
87.1957
86.9436
87.2532
86.2464
84.722
83.2041
85.4673
85.2508
85.5087
83.999
84.5232
86.6822
87.1316
85.2854
83.7934
85.4805
86.3293
88.385
88.4394
86.0016
86.1297
85.188
86.2912
85.2495
85.3826
85.6543
83.6195
83.6884
83.5653
83.6503
83.5435
83.7123
82.1763
82.6665
81.4693
80.3076
81.7178
81.0535
80.8352
80.8166
79.8483
80.5796
81.2571
80.9127
81.1808
81.9395
82.1218
81.8432
82.0528
84.1292
85.6604
85.2077
84.0936
82.0584
82.6462
82.9187
81.705
82.1111
83.2924
85.2645
85.176
84.9504
84.8777
85.0108
85.542
85.4009
85.8158
86.5656
88.077
88.7991
89.5745
89.9552
90.8343
91.3144
90.4861
90.1086
90.0638
89.7928
88.4798
88.3174
89.7378
89.6268
89.7873
91.4585
91.338
91.8609
94.2885
93.3541
94.4493
95.6105
95.2534
92.3151
93.5768
94.5368
95.5955
96.3051
95.0777
95.5468
97.176
97.778
97.9919
97.9113
96.5998
97.0214
97.5319
98.9858
99.1426
99.1343
100.043
98.1682
97.4365
97.9478
99.5552
99.572
99.2838
99.4184
97.5569
97.9676
98.5504
97.6869
97.1477
97.0731
94.7774
92.8758
92.0921
94.8552
95.8908
95.4854
96.5025
98.9075
98.1221
98.5889
98.4223
98.8868
99.0457
98.8004
99.3988
100.404
97.9877
98.9301
98.1796
97.9007
99.2992
98.1446
99.199
97.5389
98.7401
100.233
99.0314
100.194
99.6974
100.214
100.173
102.372
101.28
103.606
103.778
102.583
102.801
102.481
99.8504
99.0707
99.7811
99.8086
98.2364
96.9647
96.9355
97.1724
96.1882
97.7434
97.8405
98.0135
98.4821
98.9266
98.8427
99.6353
98.2073
99.4145
100.844
99.3588
99.0733
98.0166
99.5086
101.286
103.463
104.484
105.023
105.033
105.693
106.199
106.285
106.797
107.024
105.685
105.429
105.465
105.499
104.148
100.537
100.748
100.859
100.185
101.296
102.307
101.418
101.101
102.156
101.128
99.9899
100.357
102.181
100.614
100.663
99.9882
100.439
100.988
102.237
99.4914
98.0517
97.7127
98.9601
103.044
103.96
105.324
104.36
103.405
105.632
107.476
109.923
108.832
108.057
108.238
108.419
107.218
108.877
109.145
108.294
106.879
107.014
109.192
108.755
107.239
108.205
107.634
107.794
107.455
108.874
108.322
107.866
108.952
107.039
106.513
105.509
107.036
107.41
108.134
106.494
104.401
103.854
104.419
104.946
104.317
104.032
103.77
102.702
101.883
100.954
100.38
101.532
101.343
101.017
99.6689
99.3324
99.7948
99.1765
99.7598
99.8188
99.0622
96.7192
97.1949
96.2049
95.1816
94.5404
94.5559
95.2048
95.9721
96.7518
97.5207
96.308
95.7094
96.6094
94.1739
91.5284
90.6337
90.739
92.0725
92.22
92.0046
92.1359
90.5793
89.6633
87.9895
87.3821
