100.617
99.7629
99.9389
97.8198
97.1605
98.2101
97.2626
99.0964
99.2404
98.2845
97.8584
97.1007
96.9992
95.1379
94.536
93.8152
92.4165
92.8219
94.2186
93.897
93.7189
91.1104
93.5476
94.802
96.2455
96.3496
95.3687
96.3431
97.067
97.4797
97.9946
97.8538
99.7114
97.2289
97.0623
99.3148
98.575
97.0932
96.4309
95.725
97.475
96.7866
97.7698
97.0992
97.4169
97.398
97.7837
98.3149
96.7933
97.4212
96.1083
97.2528
98.0793
99.1386
99.6362
98.6714
98.8852
99.3969
98.8219
99.674
98.8353
98.9163
98.5268
100.268
102.257
100.807
99.1708
100.677
99.8543
99.2133
99.1526
100.093
100.134
100.257
98.8931
96.2837
95.4066
95.1225
96.1699
94.0739
94.3663
92.651
91.9757
91.4831
91.3452
91.4743
90.2232
90.7408
89.6275
90.0936
88.7009
87.7112
88.2672
89.6539
88.2518
88.747
90.0795
90.6187
91.0414
91.6275
91.8449
90.5659
93.5326
91.8032
92.9231
93.2498
95.0262
94.4982
94.1692
93.8476
94.4725
94.084
92.9282
92.9697
91.7269
90.9551
89.5927
89.0699
88.3692
88.7308
88.1556
88.575
86.8376
87.405
87.8564
86.797
87.9626
87.5714
87.6769
88.7338
88.4616
90.3901
89.9184
88.8062
89.1986
88.5018
88.4268
87.8426
89.8963
89.4642
90.4354
90.0774
90.7439
89.6224
89.8437
88.9788
87.5046
86.4878
85.6373
86.3044
86.8757
86.7851
85.0569
84.1955
82.8348
83.4702
81.9481
81.019
80.6448
80.2985
79.4509
80.0663
80.3439
77.9733
78.1382
78.4794
76.3258
74.53
73.4767
73.6346
72.5272
73.1652
74.0504
73.8098
73.9397
71.3463
72.0052
72.3237
71.9389
73.1143
71.3464
70.0937
69.9575
70.9523
72.0253
72.6709
73.3877
73.1266
73.6185
72.4373
72.7919
73.8428
73.1851
72.5404
72.8075
72.2529
73.9211
74.4611
75.3887
74.6691
73.1761
73.1646
73.0539
72.8253
73.7745
74.9945
73.5186
73.2337
74.1431
73.1466
73.7503
75.0302
75.4972
74.8966
75.0095
74.2056
75.0616
75.1026
74.9768
75.2497
74.5506
74.5561
74.4715
73.7897
73.4533
74.9316
76.7435
76.0927
75.251
74.5141
75.036
76.2931
76.3927
78.1899
78.2974
79.3098
80.9558
80.459
79.1538
78.5062
79.4887
79.9974
79.6322
77.8378
78.2063
76.8334
76.3317
77.2847
78.0796
79.4556
80.6707
82.3932
81.837
80.7126
80.1195
80.3553
78.6333
79.8622
79.1541
79.2817
78.5469
78.5596
76.6428
75.3345
75.4816
76.9174
76.5816
77.9748
76.4561
77.0422
76.9321
76.429
76.8284
74.9423
76.8476
75.7209
74.0835
73.0372
73.068
72.9482
72.7561
72.7116
73.2891
73.9996
73.0326
72.1907
71.3597
71.4913
71.5633
71.4898
70.9136
72.0977
72.7648
73.5253
73.7336
74.1988
73.5368
73.8744
73.8402
72.7802
72.6017
71.6352
70.9972
71.3713
71.8481
71.7917
72.4607
71.3427
70.7907
70.8008
70.938
70.1179
69.5075
69.0937
67.8873
67.1383
68.7041
68.725
70.4958
70.4289
70.625
70.3559
69.7982
70.1005
69.846
69.8235
70.0655
70.3894
70.5078
71.1312
70.869
70.7732
70.7026
71.6215
70.5979
71.0503
71.7612
71.9193
73.0196
72.5246
70.6224
70.407
68.3291
67.7406
66.7188
66.91
66.4151
65.6321
65.6727
65.5304
65.143
65.0032
65.3506
64.5718
65.4446
65.1966
64.0522
63.9992
64.7236
66.1059
67.8517
67.8018
68.2629
67.7152
67.1608
67.1998
66.0953
64.8857
64.5511
63.782
64.4387
62.363
62.8558
64.0909
63.1288
63.2313
63.0748
63.5544
62.8677
62.8862
63.452
63.8818
62.8483
63.1536
63.0513
63.3059
63.7789
65.4714
65.2349
65
65.1355
63.3946
64.1617
64.2853
64.67
62.7611
63.5046
63.9875
64.1543
64.4199
64.7905
64.2126
64.8479
63.9273
64.5624
63.1563
62.3593
62.9281
63.3328
62.6473
63.7701
62.4656
62.4082
62.2379
63.5162
63.6406
63.863
63.2852
62.08
60.0284
59.9053
60.3243
60.89
60.7118
61.039
61.1246
61.2964
61.044
61.3711
60.6248
60.3447
60.4577
61.8009
62.5272
63.1388
61.8595
60.2992
59.5978
59.2614
59.585
59.7549
59.648
59.6318
59.9237
58.8776
58.7115
60.363
61.2365
60.6741
59.2464
59.1371
59.77
59.8284
61.6427
62.5884
64.8242
64.711
63.2418
64.2305
65.0623
65.2347
65.9282
66.3395
66.0027
65.1919
64.5116
64.5362
65.1028
65.4073
65.4264
65.9344
66.4475
65.6328
66.2551
66.5033
67.1129
66.1426
66.16
66.606
66.7052
65.9217
66.1507
66.1287
65.492
64.4245
63.7954
63.545
63.4197
64.1473
63.7375
64.0995
64.9017
63.9107
64.2354
63.8107
63.2915
64.1976
63.4252
64.7664
64.9991
66.5211
65.9642
64.6567
63.994
64.1136
64.5371
64.6643
66.1369
65.8175
65.3963
64.9306
62.3832
62.398
60.9327
61.2987
60.6314
60.1102
59.4647
59.6754
59.2934
59.2563
59.8453
60.7427
62.3772
61.8895
62.1659
62.106
63.3883
63.5694
64.33
66.1966
66.6649
67.0786
67.835
67.287
66.6207
66.0688
66.337
67.4176
65.9455
64.5976
66.1518
66.7793
66.5649
66.3264
66.2282
67.4138
67.6013
67.5328
67.4904
66.9858
66.7106
68.0814
69.2081
70.4395
71.5145
72.0313
71.8008
72.0421
72.0317
72.2543
71.6757
71.8451
72.2555
72.7626
72.4974
70.75
71.6874
71.8612
70.6111
71.5412
71.0696
72.3415
72.8874
73.9102
73.7388
72.1527
71.1866
70.4066
71.4163
70.8703
70.191
69.7921
70.2396
69.6577
69.3325
68.5808
68.1655
68.9945
69.1992
68.4501
67.7092
67.796
66.5381
65.9031
65.3495
66.4678
66.3537
66.6454
67.5969
