99.1949
98.8036
99.1659
99.4332
98.5576
98.7988
100.665
99.7647
100.29
99.844
100.297
100.184
101.083
101.954
102.358
102.241
101.52
100.881
99.1659
98.6563
99.6564
99.7417
98.281
99.3789
101.319
101.152
98.8687
99.5259
97.6047
99.9827
100.183
100.576
99.223
99.9808
101.76
100.582
99.5107
97.003
95.468
94.8409
96.6548
96.2882
96.5434
96.5317
96.9179
94.8121
92.7823
91.686
93.0633
91.9084
91.876
91.8821
92.4208
92.1679
92.3506
92.007
91.1883
92.5607
92.6473
92.5939
93.0813
94.3282
92.6566
92.8215
92.6081
92.0317
91.5172
89.9515
88.2569
88.4107
88.7339
88.9813
88.5862
87.9926
86.6037
85.1758
85.7446
87.6274
87.7574
89.9053
89.7155
88.4707
89.2147
90.1969
91.0173
91.6944
93.483
92.8244
93.193
94.3936
91.3462
91.2995
89.8142
88.9938
87.6658
89.4284
89.608
90.3718
89.375
90.7525
88.7239
88.8562
88.6421
89.1305
88.6645
88.5863
88.0984
89.0331
88.8831
89.2697
91.0127
91.0107
90.8604
93.1572
94.0601
93.8859
91.8739
92.3908
95.0534
96.085
95.101
96.6044
95.7444
96.1654
96.0121
95.8371
95.2073
93.5723
94.3557
95.9851
97.2666
98.661
97.5987
96.1504
99.2413
99.3316
100.832
101.165
101.868
101.349
102.069
102.943
98.6426
101.445
100.519
101.243
103.231
101.588
102.057
101.056
102.552
103.935
102.242
101.417
100.909
101.852
100.053
100.763
99.3786
98.4493
99.9199
99.1186
100.812
101.184
101.841
100.635
100.162
100.13
101.384
102.06
102.343
100.048
99.2995
100.645
99.4658
99.8852
99.9696
98.3902
100.196
102.326
103.535
103.223
103.056
103.5
102.391
102.538
102.318
102.308
104.775
104.219
105.652
104.083
104.621
104.15
104.96
105.778
105.062
104.854
104.989
104.379
105.255
103.273
105.594
107.303
104.78
103.094
101.553
102.285
103.967
103.028
101.713
102.948
104.542
107.24
107.805
107.259
107.181
106.514
106.794
105.811
105.74
105.988
107.265
107.56
108.573
107.134
104.575
105.733
103.005
102.283
104.399
103.573
101.668
100.129
100.588
101.727
101.924
101.152
100.432
99.0617
99.8274
101.823
101.541
101.497
102.33
103.304
106.538
106.305
106.182
105.609
105.371
105.309
104.686
106.963
109.202
106.815
107.254
105.632
105.628
106.314
106.73
104.542
103.093
101.045
100.379
97.8567
98.3774
98.718
100.005
99.0206
99.5139
99.8982
97.9711
96.3462
94.7121
94.9372
93.9461
95.4965
96.4983
97.0774
95.0885
95.1542
97.6861
98.1865
98.1372
97.5229
96.9689
97.4741
100.17
99.7193
98.7908
99.3129
100.291
99.5818
100.908
101.195
101.692
101.844
102.948
104.258
107.211
105.746
104.329
103.601
104.441
105.157
104.999
104.401
103.968
104.209
103.688
102.802
104.337
104.182
105.808
105.336
103.914
103.156
101.856
102.295
101.874
101.9
102.578
101.734
102.429
101.833
102.569
102.767
103.801
102.623
102.895
102.189
101.478
98.5689
99.644
98.6655
99.5324
98.6729
98.8184
99.2476
98.9519
99.4191
100.182
100.831
103.028
100.093
101.178
102.656
102.078
101.469
100.877
102.545
101.726
100.971
99.4275
101.53
99.7351
100.429
100.185
99.3921
99.3394
99.9433
100.119
101.498
102.591
102.112
102.996
103.964
102.808
101.514
99.9609
100.707
99.0046
98.8359
96.1161
95.8267
95.1331
95.1269
95.3714
95.416
93.2578
93.7917
93.8026
94.3563
93.7835
93.8714
93.658
93.3953
93.4226
93.9418
92.5549
91.9641
93.1681
92.3419
90.6935
91.0601
91.3404
90.7253
90.9878
91.2212
90.2796
92.7861
92.1106
92.4645
89.1709
87.857
88.1303
87.4088
88.1862
88.6511
90.4576
90.7617
89.7119
90.4671
89.5691
90.0263
90.3689
88.7009
88.9205
89.6411
90.1065
91.5561
91.0417
92.7172
91.9426
93.5339
92.3455
92.2443
91.9679
91.5391
89.5734
89.6818
89.9009
89.8013
88.4228
88.0733
89.4232
90.8439
89.2886
89.3079
88.5405
86.0884
86.5818
86.7075
88.0326
89.6926
89.8684
90.9749
90.0724
89.4836
88.1344
90.6051
90.9355
89.6885
89.0719
88.9367
87.3334
86.2792
86.8616
88.1694
88.1049
88.5113
88.6776
88.6297
89.1213
89.3089
90.6715
91.4937
92.6362
91.526
91.8463
90.7805
89.1831
89.5267
89.0222
87.9751
88.1623
88.3963
90.0016
90.2923
89.7865
90.2305
88.9985
91.2029
88.789
88.6039
87.9264
85.8496
86.7928
87.6193
87.7343
87.5729
86.1317
84.7022
84.4261
86.2207
86.9459
86.6326
87.3112
87.3537
85.6847
83.832
84.0945
85.102
84.6322
87.1357
86.2254
86.6694
87.4077
86.6597
88.0554
89.2435
88.2981
88.3572
87.8521
89.5001
90.3318
90.756
90.8306
91.0243
91.5915
92.6792
93.6214
95.0109
93.7644
93.2848
92.0456
90.5891
90.436
91.6874
93.2403
92.5189
92.4782
91.3681
91.0392
92.0653
93.9094
94.7104
93.1776
91.8342
92.2111
92.7343
94.4993
94.7878
96.0196
96.5748
95.4209
93.2817
92.4086
93.4943
93.125
94.5779
95.234
92.7916
91.5701
91.47
92.6859
92.1154
89.8498
89.8725
90.8837
90.3005
88.7421
89.1595
88.9173
87.5545
86.6528
87.2433
88.3352
88.8393
87.7963
87.8846
87.6412
87.7623
89.4766
90.5076
91.5164
92.3891
91.5301
89.8508
88.9633
89.2455
89.8591
90.1317
90.1234
89.954
91.2571
91.6581
90.7849
93.1581
94.4561
94.9423
94.3138
95.0929
96.7431
96.7456
95.9816
96.4492
96.076
94.2003
