99.6484
103.555
104.934
106.34
105.965
107.882
110.825
111.57
109.582
109.386
109.206
109.816
107.889
105.997
105.39
106.702
107.62
107.916
108.462
110.574
110.848
110.863
110.486
110.409
109.113
110.197
110.034
108.742
107.197
106.428
105.746
104.432
105.399
104.044
103.601
103.719
103.294
101.848
101.037
102.402
102.799
104.521
104.055
103.63
102.898
104.052
104.977
104.511
106.677
106.803
105.717
104.857
104.691
104.82
104.362
106.074
105.032
105.548
105.6
104.52
103.619
105.404
104.289
104.392
105.778
106.993
106.049
103.718
104.478
103.021
103.671
103.913
101.856
102.628
102.867
104.076
104.524
102.683
105.367
106.244
104.923
103.985
102.625
103.638
104.217
103.281
102.075
102.867
102.929
101.751
101.494
102.63
103.492
104.189
104.009
103.673
105.188
104.155
104.193
104.243
104.637
105.081
105.039
103.1
104.085
103.903
103.36
102.642
102.183
100.3
100.636
100.199
101.144
98.8365
96.681
93.5509
91.1004
92.9761
92.2252
93.0613
92.1904
90.651
89.6563
89.5256
89.7599
88.3567
87.9622
88.2232
89.6423
90.3824
89.1319
90.1761
88.2355
87.4273
88.4851
87.3024
86.0173
87.0005
85.2057
85.7594
87.1992
86.5987
86.3778
87.5393
86.4187
87.5689
88.6704
88.4568
88.3052
87.9684
89.8823
90.5773
91.234
90.5541
89.7702
90.7963
92.2677
92.7971
93.4339
94.3639
94.9758
96.9461
98.4848
99.7097
99.3877
99.6306
99.4645
99.0378
98.8933
100.227
100.001
100.945
99.4993
100.716
101.199
98.4481
98.2508
96.834
98.0076
97.8095
97.2103
97.5817
99.138
98.1685
99.8335
99.9647
98.3742
97.4128
97.022
97.3734
97.766
98.7342
98.4832
96.1832
93.993
94.0066
95.059
95.1742
95.3528
96.5973
97.4743
96.091
96.9107
95.6206
95.8207
95.8054
95.2919
96.1981
95.4209
93.4863
92.3614
93.0401
94.4691
95.0203
96.3381
95.5145
97.2619
95.199
98.1431
100.934
99.1272
97.6165
98.4208
97.1581
98.355
99.987
96.9774
95.141
95.5961
95.211
93.0124
92.827
95.6039
94.0019
94.1784
95.1281
94.5241
93.6621
94.0338
94.9216
96.0563
96.438
97.3165
95.8793
98.0023
96.9142
96.4069
94.8042
94.8637
93.8704
94.6179
96.6601
95.7342
93.8028
92.6059
91.0173
92.9309
93.6128
94.8032
94.3575
93.806
94.3168
94.5409
95.3928
95.1456
94.8329
96.3607
96.4263
93.7213
93.0606
92.3642
92.7629
91.9001
91.5136
91.2926
91.6245
92.7608
92.741
92.8735
91.9552
93.0659
93.4489
92.4288
92.3021
92.436
92.2285
92.6489
92.8735
92.1193
91.7886
93.5786
96.2554
95.632
96.8182
97.9579
98.5105
99.5726
97.7383
99.853
99.6993
99.9824
99.0939
99.674
99.2142
100.449
100.214
101.393
99.5206
98.0818
98.1464
99.4281
100.953
98.9138
100.431
101.607
100.922
101.842
100.367
101.007
101.12
102.036
102.542
103.125
104.608
104.388
105.193
105.171
105.488
107.103
106.926
107.839
108.076
108.182
107.214
106.902
104.797
104.344
107.091
106.117
108.692
110.728
110.184
111.627
111.1
110.13
109.694
109.439
109.898
110.569
111.686
111.171
109.513
109.221
107.468
108.074
109.971
109.828
112.417
110.505
107.668
109.033
107.406
108.21
108.207
107.585
106.662
107.137
108.341
108.221
107.309
106.853
105.861
107.321
107.564
109.651
109.729
110.651
108.227
108.685
110.529
110.512
111.502
108.115
107.719
109.348
109.225
109.655
110.328
110.935
112.719
114.29
114.387
113.934
116.936
117.286
118.34
119.576
120.08
121.536
121.518
123.009
123.19
125.859
122.663
120.084
119.628
121.658
120.318
119.742
119.149
118.531
116.89
116.299
116.335
117.215
116.407
118.781
116.581
116.437
114.973
113.031
109.803
110.275
108.659
107.256
107.857
106.078
108.199
109.197
110.476
108.165
108.457
109.945
109.33
107.707
107.386
106.122
103.027
102.403
101.404
101.95
102.159
101.292
101.506
102.498
104.076
104.417
106.459
107.787
106.565
106.9
103.947
103.164
100.883
101.023
102.874
102.251
101.47
102.083
102.331
100.036
100.313
99.092
99.5721
100.285
99.2374
99.0139
100.117
98.5299
97.5691
96.3699
95.6921
93.7526
93.2954
92.2413
93.0518
91.084
91.1398
91.8471
90.6553
90.2944
92.0564
91.1613
89.8647
90.3354
90.1986
88.7986
90.2864
88.626
89.3028
90.0211
90.1379
88.428
87.9827
86.5485
87.3753
86.1953
85.9388
84.5517
84.6289
83.4946
82.7527
84.9169
86.8917
87.3397
88.1298
89.2045
89.8107
89.7611
92.1237
92.9328
93.6232
95.4002
96.1181
96.8091
95.5892
94.6008
95.8808
95.8696
94.7041
92.6014
92.8136
93.5642
92.0851
91.1941
90.5481
90.0181
88.3623
88.3482
87.8928
87.6404
86.8804
87.3514
87.333
88.1436
88.6299
89.1825
89.2545
92.7228
92.8697
94.0325
94.4329
93.7998
93.5368
93.1402
90.7534
92.6767
90.3175
90.1968
89.8117
89.6962
88.9217
89.9388
88.8319
89.1443
88.1
88.3849
88.6248
90.4619
91.215
91.8888
92.8491
90.8261
92.5319
92.8824
93.4225
95.6229
93.2275
92.5782
92.1123
92.6558
93.0576
92.9334
93.1876
92.3904
91.9027
92.317
92.0491
91.9934
93.1498
95.2613
96.0062
97.0564
98.4179
98.5949
99.057
98.2149
98.3297
100.278
98.9254
100.82
101.885
105.102
104.249
105.1
105.936
106.725
108.584
107.425
106.364
