101.149
100.312
101.029
100.52
97.436
97.0191
94.5883
93.4739
94.5985
94.7621
92.711
93.0096
93.3026
94.7616
96.3632
95.8923
96.8128
96.481
95.4574
95.8243
95.776
97.2956
99.5191
97.4968
95.0195
92.9481
96.2854
94.8691
95.0257
94.8415
94.6593
96.6081
97.2636
96.0956
94.1723
94.1609
94.5538
95.9842
96.713
96.5983
95.7722
96.2337
95.0947
93.6131
93.1328
93.8467
93.586
95.1854
96.1753
97.5971
94.9265
94.3999
94.1678
90.9502
92.3003
92.9067
94.5099
93.5841
94.7037
96.5798
98.7387
97.0209
96.8251
96.9513
97.3985
95.6516
96.4232
96.2555
95.1292
93.38
92.6743
93.2681
92.2338
91.0544
90.8179
90.5919
89.4113
89.4679
90.0721
89.1849
87.752
87.228
88.0301
86.7021
87.0598
86.9367
85.6149
88.1063
87.9852
86.0491
84.9028
84.1905
83.7479
83.325
85.2833
84.8139
83.6081
83.697
84.7971
85.0151
85.398
85.6262
86.6045
87.5591
88.7178
87.5671
89.2603
88.4838
88.1602
87.971
89.7285
89.3457
86.66
85.4195
85.8001
85.7816
86.8883
87.8796
87.9175
89.294
88.2102
89.6408
89.5089
90.9611
90.9276
90.1216
91.8735
91.9217
93.728
92.1403
92.6119
94.0497
95.044
93.8923
95.123
95.2674
94.8138
94.84
94.1697
94.267
94.1439
94.1983
95.959
96.6277
98.5648
100.19
100.351
100.408
102.338
102.026
102.288
101.982
103.105
103.753
104.108
103.873
103.863
106.487
104.117
103.822
102.685
102.829
103.877
103.053
104.345
104.606
105.45
103.822
105.109
107.575
105.52
106.92
104.879
102.378
101.514
101.821
103.733
102.772
102.892
102.841
102.633
101.223
100.151
101.258
102.121
103.82
101.73
100.62
101.27
100.317
98.4522
98.84
98.0015
96.2617
96.0164
95.1214
94.4389
95.0779
93.7113
93.0925
94.6174
94.6661
93.2395
92.1843
92.5864
92.5817
93.3957
92.9351
91.9809
90.9981
90.3463
91.4142
91.6872
91.7666
92.1662
94.0662
92.863
91.8682
91.8744
91.5196
92.8577
92.9433
93.266
92.4443
93.238
93.7804
93.4036
92.7486
92.6124
93.7484
95.6906
94.4352
94.3889
93.7653
92.4271
92.4943
92.8423
92.4941
92.589
91.8259
90.8726
91.6951
91.1421
90.5455
91.7737
89.8225
90.4267
89.9156
89.4771
89.2072
88.0199
87.0712
85.8052
84.293
82.762
81.5119
82.6121
80.5413
81.2531
81.0883
82.4025
83.0214
83.1833
83.5868
85.3167
85.3711
84.4814
83.3576
85.4854
85.9326
87.2694
85.2719
84.0508
84.8955
85.2891
83.8932
85.3662
84.7718
86.2425
87.9626
88.3701
88.6605
86.8856
84.8565
84.2968
84.5697
83.9572
83.426
83.758
81.286
82.7952
83.3227
82.3624
82.0975
80.2164
80.7742
82.3552
83.3285
83.2131
81.5153
82.6054
81.4514
81.9441
83.5341
84.5581
85.3784
84.8149
85.7565
84.2666
83.9808
81.7987
82.845
82.5693
83.4242
83.5136
82.6225
84.1751
85.4388
87.3152
86.3923
85.41
87.7227
87.5197
86.6646
87.4766
86.9041
86.9267
86.0847
84.4768
83.5785
84.4118
83.8122
83.8117
83.8206
84.0965
84.4045
85.9699
85.3925
86.3538
87.087
87.0906
85.5726
84.9938
85.2382
83.2554
81.5831
80.8135
79.4049
79.0795
79.814
78.5591
79.3229
80.6703
80.1875
83.0864
83.8564
86.4218
86.6416
85.1561
85.9033
84.675
84.2065
81.4931
80.5428
80.3194
79.5689
77.8164
78.0842
78.1905
78.3252
79.1491
79.3714
77.311
79.189
78.9329
79.2277
77.8237
78.5316
77.5719
77.9265
77.0168
75.9698
76.8209
77.5007
76.5678
75.6082
76.6412
76.7552
77.8185
78.391
77.6547
77.4221
77.5284
79.1738
77.7756
76.9852
76.967
76.4004
77.4495
77.4582
76.0236
75.4238
77.2888
77.3545
78.5104
78.3402
78.8488
78.9857
80.8018
80.7923
82.2216
81.1906
80.2516
80.9621
81.9446
81.0683
79.5098
79.5662
78.4816
79.0528
78.7221
80.0071
79.2954
78.5331
79.4492
78.8409
78.9877
78.5189
77.2797
76.7352
77.3842
77.2317
75.5924
74.0282
74.3835
73.7752
73.8324
73.6816
72.9268
71.9862
73.044
73.2642
74.5497
76.869
76.5379
79.7063
79.2897
78.7639
77.0224
75.3001
75.7077
77.8316
77.6342
77.8852
77.85
77.2819
77.8652
79.3
77.9527
78.0905
76.3907
77.6276
76.3416
78.3565
78.139
76.8064
75.6727
76.3871
76.032
74.7757
75.2298
74.7364
75.5113
75.6361
74.9685
73.4078
71.7558
71.886
72.304
72.2622
71.6875
73.3413
72.6087
72.9184
73.6184
73.7597
73.4769
73.4453
73.6872
73.2994
73.2868
74.6303
76.663
76.206
76.1105
73.6195
73.9196
73.7835
73.578
74.1
75.1891
74.9284
75.4409
75.814
76.2354
75.2618
77.2161
77.1556
75.7491
74.9978
76.1822
76.2986
75.2737
75.7153
76.5278
76.6135
75.5108
75.2145
75.3512
73.4026
73.2495
71.7688
71.9766
71.5412
70.8598
70.0578
69.8724
70.06
69.9968
68.7629
67.0562
66.9327
66.7706
66.3338
65.0479
65.2645
66.1006
64.8039
64.5214
64.5386
64.0893
64.6826
65.3268
64.4186
63.0531
62.8052
61.8599
62.0335
63.6989
65.2826
65.0584
64.6583
65.5666
64.5482
63.7152
63.6781
63.3612
62.859
61.915
62.0543
60.3288
60.1139
60.2211
60.0625
61.3904
62.7118
63.2124
63.6763
63.551
62.7353
62.5198
62.0949
60.439
60.5448
60.2694
59.8972
59.5453
59.5642
59.6728
59.0772
58.3937
58.407
58.3711
58.9983
60.5415
59.4688
60.8339
60.4459
61.2332
61.4558
61.7234
61.9302
61.8578
61.8056
61.7361
61.9781
61.5496
60.7456
61.1669
61.4879
