98.1804
99.0282
98.5978
98.2551
101.064
100.677
100.167
99.2259
97.8574
97.9143
101.139
100.62
98.9091
95.9077
95.7524
94.5048
94.3354
95.103
93.0642
93.8516
92.2174
93.393
93.2265
95.1005
95.4323
95.78
96.9629
96.8782
95.6721
95.3085
95.242
94.6868
93.4614
92.9239
93.972
93.7951
91.9234
92.7374
92.1104
92.5917
94.3055
95.7261
94.0537
94.2949
94.4935
94.6922
95.551
93.3747
95.1903
97.0971
97.0818
95.553
97.0066
96.0665
96.2536
94.9721
95.4534
95.8889
96.9567
96.5112
98.2454
97.5186
98.3121
99.1926
98.9082
98.7835
97.8209
98.9608
95.901
96.9524
97.4972
96.988
96.2693
96.0115
94.9763
93.1247
91.8309
92.8966
92.7263
93.7614
91.6575
91.1369
91.8067
90.7465
90.3015
89.5365
88.4686
87.6924
86.5339
89.0142
90.0206
90.777
91.1492
92.2436
93.0387
94.6343
96.1111
95.4985
93.9931
96.0163
97.9471
96.1203
97.6161
98.3725
97.8356
97.6069
96.3721
96.2375
97.6452
95.8367
95.0184
97.3481
97.12
96.5591
98.157
99.4599
100.449
100.003
99.8899
99.6713
100.542
102.79
105.592
105.561
104.978
105.243
105.011
105.493
107.107
107.856
107.259
107.188
106.724
107.141
106.69
109.591
111.103
112.679
112.284
110.164
109.429
110.409
111.437
111.638
112.817
111.946
113.969
115.144
113.711
116.129
114.123
114.258
116.297
118.938
119.228
118.956
118.792
120.928
121.029
121.44
119.135
117.268
116.962
115.74
116.949
115.839
116.115
115.083
114.617
113.992
113.224
110.961
110.321
109.98
113.22
111.931
115.465
115.48
112.868
115.013
114.513
115.074
117.466
118.501
117.639
117.761
118.234
119.318
115.704
119.299
120.784
120.5
120.711
120.22
119.246
118.489
116.39
116.8
118.675
118.574
117.956
121.681
123.325
120.475
119.963
118.995
118.863
120.973
120.111
120.854
121.24
121.588
121.901
123.052
121.939
123.017
125.811
124.26
122.564
124.573
124.79
127.765
127.077
129.489
132.014
133.103
133.551
134.013
133.112
130.459
130.997
132.451
134.475
133.492
132.828
130.224
128.659
125.822
124.816
124.084
125.17
122.853
121.974
120.354
118.445
118.322
116.349
113.524
112.874
114.176
115.768
115.404
115.166
111.178
112.07
112.8
114.751
110.877
110.037
110.998
110.174
110.112
111.54
113.561
114.294
116.334
117.544
118.341
116.993
118.742
113.971
113.359
114.058
114.801
114.598
116.13
115.221
115.139
114.956
114.433
113.473
114.035
114.762
117.686
119.655
121.677
119.819
119.061
120.394
120.896
121.864
119.267
122.561
124.439
124.999
122.131
122.153
123.709
121.757
120.611
121.772
120.218
122.584
123.717
125.169
125.138
124.252
123.785
125.446
124.425
124.815
123.431
123.179
121.108
119.432
118.683
117.89
116.505
117.64
118.556
119.208
116.509
113.683
111.722
112.663
114.23
115.51
116.502
115.416
114.338
114.987
114.775
117.552
118.651
118.244
119.733
120.589
120.159
119.445
119.744
117.992
116.977
115.97
115.76
119.043
120.634
119.508
118.935
117.947
118.057
117.6
115.588
116.102
115.572
114.875
115.912
114.941
115.27
113.596
110.068
110.731
111.804
110.777
114.155
113.832
115.518
115.998
117.681
116.656
117.489
117.353
119.509
121.137
120.035
120.235
118.845
120.851
122.777
122.968
124.28
123.281
125.59
123.614
122.746
122.397
123.201
125.472
122.642
120.594
121.06
121.38
120.819
123.092
118.741
116.973
116.471
117.152
116.878
117.3
115.994
116.221
117.401
117.923
116.474
115.363
118.108
117.589
120.616
118.16
117.536
120.563
119.966
119.139
118.259
117.586
118.979
119.649
118.929
121.266
121.125
122.761
120.987
121.803
123.338
123.142
120.253
121.568
122.054
120.627
120.785
119.488
118.879
118.354
118.129
118.68
119.475
117.156
117.745
119.308
118.346
118.382
118.493
118.541
116.206
116.521
116.527
116.621
116.881
118.516
117.872
117.449
120.305
119.827
120.342
121.151
119.452
118.954
119.372
118.485
117.577
118.776
118.347
117.323
118.533
119.774
118.226
118.059
117.814
114.21
114.444
113.398
112.995
115.708
116.48
118.587
114.147
113.095
110.89
112.898
113.199
114.458
112.193
112.276
112.623
112.433
110.576
107.911
109.925
108.994
108.14
109.689
109.785
111.821
112.229
113.356
113.351
111.884
111.83
109.902
111
112.713
110.199
110.58
110.946
109.629
109.741
111.332
108.718
109.507
108.539
108.217
108.984
109.256
110.233
111.297
111.035
111.456
107.887
109.939
109.279
109.612
109.815
108.419
110.017
110.766
111.775
110.468
109.396
105.918
106.056
107.797
109.073
107.3
107.803
107.645
108.713
109.357
107.768
108.611
109.809
111.152
113.544
112.787
113.225
115.379
113.245
115.872
115.98
116.799
118.063
117.974
116.786
116.167
115.233
117.492
118.401
117.304
117.802
117.782
117.912
118.698
118.714
122.054
126.25
123.049
123.632
122.712
123.255
124.137
124.113
123.625
121.182
121.122
124.172
125.53
126.047
127.759
125.981
127.395
129.877
129.099
131.407
128.09
125.06
126.626
125.032
124.217
124.149
120.327
123.316
124.822
125.235
124.762
124.546
122.902
123.295
122.566
121.881
124.372
123.431
