101.391
102.659
103.132
102.528
99.969
100.782
101.178
101.427
102.797
106.739
108.196
106.629
106.691
107.298
108.318
108.174
106.855
107.22
105.647
104.27
103.18
103.562
106.32
105.717
104.68
104.121
104.908
105.399
105.689
105.611
106.039
106.823
107.207
106.764
107.749
107.108
104.992
104.808
104.684
104.248
103.1
103.12
103.44
104.029
103.067
103.277
104.337
105.014
104.585
107.61
109.099
107.166
105.801
108.054
105.79
107.332
107.147
107.453
108.076
109.073
108.591
108.847
109.355
112.239
110.596
109.508
109.45
109.996
112.549
109.797
111.7
112.829
114.796
114.729
112.035
110.696
110.334
109.287
108.572
108.025
107.047
107.083
107.802
106.941
107.119
105.704
102.879
102.512
106.202
106.574
106.55
105.506
104.336
104.447
105.148
103.631
103.946
105.58
104.286
103.894
106.061
106.387
108.386
110.447
110.439
111.002
111.61
112.379
109.769
110.18
110.493
112.043
109.722
108.353
110.139
111.528
111.902
112.939
113.283
112.094
113.109
112.756
114.015
113.23
111.686
110.987
111.625
111.667
110.488
111.331
111.783
112.626
111.594
112.021
112.65
113.63
112.901
113.753
114.244
118.346
116.801
117.901
119.468
117.668
116.187
116.351
114.356
113.47
114.453
118.022
117.241
115.608
115.417
114.581
113.121
113.724
114.762
113.064
112.326
110.913
110.83
110.985
110.361
109.75
106.796
108.083
108.654
107.316
106.634
108.318
105.899
108.686
107.233
106.398
105.192
106.004
104.666
104.819
104.328
105.575
103.965
103.419
105.028
105.815
107.798
111.149
110.793
108.193
109.503
109.637
110.131
110.693
111.299
114.824
115.676
115.891
113.751
114.824
115.462
114.911
115.824
115.067
115.011
115.97
114.401
113.721
116.539
116.77
117.005
116.623
116.696
116.802
118.399
120.592
120.006
117.329
119.432
120.988
123.932
124.044
122.579
121.91
121.294
119.724
120.578
120.232
123.791
122.615
122.226
122.584
123.588
125.16
123.947
122.36
122.15
119.153
119.624
119.424
119.533
118.664
119.619
119.031
118.292
117.51
114.519
114.759
114.074
115.019
115.949
116.549
114.887
116.123
116.412
115.31
115.195
116.422
116.787
119.598
118.186
118.579
118.97
118.778
118.562
119.167
118.763
115.355
115.954
116.477
116.668
117.804
117.611
119.804
120.644
119.053
118.784
118.131
117.036
116.593
118.712
117.434
116.463
115.996
115.53
114.661
116.456
115.883
114.294
114.765
116.487
117.9
117.494
116.046
116.555
116.688
115.691
117.959
119.046
120.88
121.24
121.36
121.769
121.303
122.175
122.804
122.595
123.889
123.079
121.385
120.814
118.752
119.092
119.642
120
120.712
120.692
119.496
120.175
121.802
120.766
120.857
121.488
121.989
122.005
120.357
119.454
120.872
120.661
120.175
120.595
119.6
121.739
120.282
118.996
116.09
114.922
115.891
118.045
117.816
116.582
116.03
116.55
117.354
117.815
114.205
114.01
114.978
115.693
115.953
115.573
116.35
116.397
116.891
116.212
116.997
115.856
116.041
116.513
116.329
114.458
115.019
115.607
117.858
117.211
116.196
117.598
118.322
118.85
120.896
120.66
121.429
121.512
119.396
122.187
122.192
124.653
123.669
126.226
126.388
125.387
125.231
124.544
125.049
125.752
126.976
124.728
126.831
128.883
128.931
129.432
130.826
129.599
128.808
127.722
127.293
127.847
128.432
126.696
123.945
122.44
122.152
120.869
120.8
119.29
118.851
118.886
118.288
118.028
116.61
116.508
116.19
116.691
117.344
114.132
112.048
112.847
109.124
109.818
110.582
111.31
110.261
111.822
113.347
114.006
112.628
114.669
116.288
115.074
117.002
115.75
116.923
117.357
119.286
120.194
120.77
120.308
122.309
121.453
120.553
121.914
125.406
127.09
128.083
125.937
126.406
124.554
124.524
125.19
127.12
125.376
124.966
124.499
125.827
123.435
120.348
119.524
122.276
121.084
118.799
117.83
116.625
116.948
119.149
116.77
114.184
117.017
116.01
115.408
115.723
115.9
115.536
114.118
113.842
111.277
110.754
108.691
108.303
109.525
110.428
111.394
112.989
114.059
117.623
118.996
119.217
118.374
120.208
122.516
119.971
120.704
122.217
121.867
122.45
119.639
119.402
114.852
116.215
117.157
116.608
116.548
117.7
121.741
123.801
121.306
120.567
119.859
120.605
119.074
119.063
122.5
120.631
118.68
119.912
121.296
122.302
123.927
125.938
125.183
123.34
126.296
128.062
131.517
132.968
131.394
130.354
126.242
125.141
123.113
125.51
123.997
121.749
121.539
120.059
120.503
120.811
122.001
122.034
124.47
124.278
124.634
124.507
123.247
124.967
124.268
124.68
123.892
124.113
120.425
122.23
124.684
120.664
122.3
122.859
122.15
121.704
121.348
122.824
122.808
121.753
120.243
120.29
120.535
118.813
121.233
119.278
120.271
121.526
121.123
119.915
119.02
117.623
116.312
117.932
118.867
119.492
120.517
120.017
122.822
123.051
123.971
123.218
125.121
121.647
119.409
120.438
118.532
117.507
116.042
117.855
117.613
116.899
116.886
118.931
117.74
116.754
117.039
117.877
118.315
115.665
114.235
114.755
