99.4324
99.969
99.2193
98.7958
99.212
100.186
99.761
101.006
101.573
100.388
97.6372
99.1875
100.707
100.818
100.985
101.625
100.398
100.114
101.721
98.939
98.8424
97.2913
97.5902
94.9738
92.9511
92.5228
92.5251
92.6261
92.1975
92.8814
94.387
95.3034
96.8944
94.9401
93.5095
91.6865
90.6624
90.8653
89.7935
89.3004
88.7629
90.051
89.538
90.6411
90.5502
89.508
88.0398
88.8862
88.6898
86.6223
85.716
86.0203
87.3727
88.2722
88.1849
86.8022
87.1741
87.0212
85.5334
85.2966
84.5428
83.7651
84.4034
84.8907
85.9139
87.2779
90.2053
89.4005
91.4088
91.2205
91.5615
91.1379
93.0696
91.9998
92.4805
92.8418
92.6129
93.751
94.2193
94.9346
95.5496
95.1009
94.4116
94.9077
94.5023
93.4928
92.1591
91.6739
91.0366
90.9204
91.9866
90.4046
89.6144
89.0901
87.6818
88.018
87.8044
88.8861
88.9968
88.7527
89.0581
88.2526
87.8496
87.2085
88.3141
90.1956
88.5652
89.661
91.1847
90.9493
88.9915
88.3164
88.9201
90.3385
90.4737
91.6026
90.1803
89.0739
89.79
90.9154
89.4602
87.6198
87.9774
88.6195
87.9177
87.2776
88.4293
87.3237
87.8834
88.7276
88.3067
88.7073
91.6566
90.2538
90.4786
92.3825
92.5646
93.3992
92.0851
91.9662
92.3369
94.845
95.2297
94.4139
93.6077
92.9046
92.5033
94.3058
94.5954
92.3649
89.7125
88.2272
88.6644
90.7919
90.599
90.6573
89.2188
90.0549
88.9971
88.8864
88.531
88.0624
88.3945
88.7648
89.0752
87.8434
89.5534
88.865
89.7977
90.0156
89.2648
89.5011
91.5551
93.1974
93.5898
93.6096
93.5235
96.618
95.9807
94.5465
94.7524
94.905
95.5236
94.5594
95.6684
96.4501
96.772
96.7143
95.7901
96.3583
97.8043
95.5279
94.742
95.1374
94.0823
93.9487
92.2639
93.716
92.3219
92.7782
92.1987
93.162
92.8003
92.0814
90.5653
89.8694
88.5824
86.9575
86.2669
86.2303
84.9654
85.8495
85.0733
84.7773
85.3174
84.259
85.0256
84.2797
85.9834
86.4312
88.4266
89.1394
89.5479
87.6725
88.3638
88.4745
89.0182
88.3482
86.7208
88.6205
88.6136
91.0924
91.2198
92.7436
92.9429
93.1535
94.5791
91.8898
91.9262
91.1192
90.478
89.5843
88.2794
88.3305
86.4677
87.5613
87.1192
87.421
88.2264
88.3863
87.4069
86.9938
85.238
84.7513
85.5147
85.1439
85.5559
82.3379
81.5822
81.716
81.2329
80.1852
79.2969
80.2126
78.6204
78.4588
79.8917
80.3062
77.3512
77.165
77.6742
78.4274
80.045
79.8439
80.1145
80.6192
81.264
81.6962
81.9429
80.4879
79.7
79.5283
80.9632
81.0317
82.1821
82.9597
82.6979
82.1115
80.2062
81.9225
82.7122
81.6874
82.8255
82.7992
83.0455
81.883
83.3102
83.3479
83.9296
84.3765
82.7374
83.5484
84.4367
84.8156
85.0587
84.5143
85.9126
85.3832
86.8782
87.8882
87.8299
87.9226
86.4483
85.5094
85.0005
87.0092
87.2941
85.1937
85.0933
85.3494
85.9214
85.5136
85.7561
83.6282
84.1529
83.1654
83.3553
83.4649
84.2159
82.6925
82.7638
82.0467
82.3265
82.9263
82.5404
82.4227
82.9793
83.5185
83.5413
83.3825
82.4114
84.6724
85.054
84.8904
84.0659
84.5252
83.5375
84.2966
84.792
83.2537
85.0176
84.1179
84.2483
84.2275
85.6783
86.8642
86.4048
83.9989
83.9529
83.5563
84.03
83.5587
86.0873
87.1238
87.855
87.9007
88.5582
87.1225
86.2815
84.621
85.2757
85.6406
88.0479
88.8681
89.2993
89.652
89.9086
90.9108
91.5746
93.2437
93.0099
91.9603
92.2633
91.8699
91.4369
91.761
92.9906
91.6557
94.1442
93.268
92.8811
91.6834
91.5176
91.1332
92.0554
92.6132
91.5204
90.9412
92.5522
93.6804
91.7547
92.1134
92.1324
92.8997
93.9629
96.1959
96.1831
96.4003
97.5125
96.0556
95.4756
97.517
96.7906
94.465
95.758
94.0773
95.2483
96.0454
96.4148
97.7024
97.4571
97.0462
97.7243
97.189
95.876
95.6839
96.7531
93.6503
93.9654
93.4466
94.3064
95.0242
94.1009
94.264
93.2068
92.3063
94.1693
92.7391
91.8137
93.3952
92.8895
93.6262
94.5746
95.8548
97.591
98.3494
97.018
98.2748
97.5502
99.2108
98.0569
98.3674
97.9896
97.5655
96.3379
96.863
94.724
94.5939
93.6006
91.9832
90.9931
92.3052
94.1352
95.4256
96.261
94.4715
95.1599
97.0725
98.0994
97.2419
96.6327
95.5879
97.1573
96.6214
96.5443
95.3288
96.0627
96.5641
96.0924
95.8458
96.9734
97.5031
97.604
97.3546
99.7854
102.004
101.721
101.955
101.758
101.951
101.584
102.436
105.304
103.478
102.06
101.681
99.8516
99.0462
97.9703
97.3555
97.4657
96.5677
97.1961
98.1017
97.9909
98.0387
96.6335
95.702
94.8024
93.1817
95.1038
96.8506
96.4625
95.2054
93.6822
91.6074
93.1812
91.4403
91.816
91.9421
89.9113
90.1169
90.4717
90.6844
90.2877
88.9761
88.8104
88.3465
88.1129
88.6162
89.1009
88.3601
89.5273
89.498
88.7652
86.8097
86.8712
88.8147
87.9884
85.9794
86.2319
86.1321
84.0504
83.5296
83.6059
82.1131
80.7502
81.2687
83.197
85.2884
85.8389
85.7863
85.6027
84.0134
84.0254
85.5637
86.3355
85.3423
83.3161
82.3682
83.0747
83.1161
81.3754
81.4235
81.7277
81.7656
79.989
79.6358
78.5774
77.8822
76.8853
76.0489
76.4208
76.4944
76.2986
76.2609
76.0034
76.4549
76.2087
77.4945
77.0313
76.0112
75.1776
76.2043
75.8442
76.37
77.2479
78.3616
80.1425
80.7478
81.2338
79.4397
79.3789
81.0073
80.8265
80.9263
80.1663
79.4782
79.8902
80.3454
