99.9198
99.9225
98.4386
101.159
100.07
99.1373
100.488
98.8685
100.247
99.0154
97.2532
98.3969
98.7147
98.1187
98.1339
95.9258
93.1064
94.6244
94.5803
95.3381
93.9254
90.8365
89.4786
88.7375
88.3361
88.3403
89.144
88.905
87.9513
86.0078
85.8
85.8912
84.8092
86.3609
86.1199
84.5368
83.6688
84.0987
84.6451
87.1363
86.6824
85.5492
83.83
84.2285
84.6591
84.1576
83.3007
84.1063
82.5335
84.013
82.9204
82.1622
81.9376
82.2397
81.8792
82.7456
83.247
83.0723
82.684
81.7639
82.3908
82.548
82.4128
82.5112
83.1854
82.1274
82.2093
83.1658
83.7561
84.3854
85.631
85.5605
85.6312
87.4869
88.0347
88.9311
87.9436
88.2428
88.6698
88.067
88.6266
87.7754
89.2609
91.5901
89.9367
92.7886
92.8159
91.7223
92.4137
92.8135
92.0271
92.302
90.5476
90.2517
91.6982
90.299
90.1687
89.8814
88.4425
88.4497
87.557
87.1206
88.0459
87.9489
89.0612
90.5869
88.6008
89.1027
90.028
89.2218
90.4615
91.335
89.8236
87.7825
87.7896
88.9574
88.5952
90.4862
92.8636
92.8667
91.1597
91.5954
92.4301
94.4212
94.3705
92.5204
92.0895
90.8974
91.6683
96.3701
98.1953
96.5478
96.3346
97.2463
96.5558
95.857
96.0239
96.9399
96.5651
96.438
96.489
96.5575
98.2328
96.0308
97.837
97.7745
96.3586
95.7431
97.9383
98.5764
97.7315
97.4008
97.3367
97.732
97.8382
97.733
97.0775
96.9599
97.2549
97.738
98.5789
98.2773
98.2211
100.106
102.352
100.974
102.397
101.868
99.9779
101.712
100.039
99.1851
100.025
100.321
98.4423
98.2181
97.5194
96.2012
95.8445
96.9715
97.0016
96.1942
96.4571
97.2579
96.8048
98.4229
97.5057
96.7002
95.9454
98.0252
98.4262
97.721
101.604
100.048
101.236
102.241
103.089
103.349
101.882
103.646
104.628
103.79
103.37
101.74
102.157
101.936
100.767
102.603
103.861
101.851
101.575
101.216
100.606
101.465
101.933
99.3295
101.784
102.346
102.185
103.383
103.312
102.167
103.033
104.014
103.82
104.865
104.624
104.495
104.629
105.611
105.867
105.185
105.792
105.31
102.335
103.877
103.571
104.902
106.382
104.913
106.789
107.05
108.854
108.925
109.837
110.242
108.416
108.963
108.379
108.904
108.842
107.331
106.479
105.442
103.015
103.845
102.247
104.362
103.777
103.15
102.808
102.641
101.778
102.098
100.708
100.265
101.09
101.067
101.607
103.117
105.1
104.862
105.058
105.018
104.91
104.013
103.268
101.086
101.676
101.372
99.5357
100.969
102.999
102.567
103.668
104.232
104.016
106.357
105.063
103.138
104.948
105.483
104.677
103.328
101.867
102.975
102.029
104.288
103.945
105.307
106.314
103.949
105.723
104.286
104.149
104.099
102.547
102.575
101.075
102.701
104.067
103.309
101.578
100.748
102.095
103.395
105.209
106.439
107.71
110.124
112.552
115.417
117.312
118.281
120.556
122.57
121.781
120.021
121.159
124.329
124.937
126.332
128.497
130.561
129.343
128.675
126.07
126.574
125.516
123.2
120.46
120.892
120.503
121.75
122.526
123.053
121.188
122.11
123.129
125.506
125.999
126.073
127.764
130.789
129.013
128.272
128.17
128.141
129.186
130.069
129.747
129.856
130.668
130.052
127.81
129.603
130.027
128.81
128.317
127.415
128.926
128.628
127.693
125.783
126.751
127.276
126.748
123.977
123.938
126.052
126.491
128.825
128.602
128.645
127.795
130.571
132.16
131.565
129.99
130.769
133.793
134.634
135.1
135.173
136.93
135.562
133.878
131.979
132.986
135.739
135.258
135.401
136.831
134.572
131.987
130.889
127.155
125.161
122.892
123.29
123.939
127.455
126.889
127.279
126.574
126.076
126.605
126.688
126.462
129.127
128.568
132.244
130.621
130.511
129.886
129.042
126.66
129.199
129.078
129.423
128.297
126.388
125.927
125.602
128.297
130.82
132.944
130.921
133.219
131.835
133.414
135.032
134.768
132.914
131.948
135.36
136.791
137.478
137.497
137.15
137.763
133.94
135.704
138.594
139.874
138.378
139.899
139.453
139.062
138.094
138.254
137.237
137.905
140.287
138.11
137.265
138.389
137.499
136.453
139.348
142.95
145.715
147.069
146.852
148.623
148.917
145.176
145.159
147.967
144.669
144.828
147.168
145.724
146.88
148.347
146.684
145.367
142.939
142.005
140.849
142.208
141.831
142.475
141.352
143.402
141.41
140.019
143.745
143.06
143.029
142.297
141.624
144.757
143.245
144.522
144.816
143.653
142.61
140.665
142.18
139.099
136.009
137.645
137.855
135.625
134.848
131.384
134.85
134.776
136.06
134.885
135.669
133.053
133.861
134.802
134.756
133.019
134.777
133.625
132.014
129.1
128.84
126.887
125.679
126.819
126.812
126.991
129.36
130.695
130.006
129.079
127.965
129.005
130.723
131.887
132.268
130.822
129.462
128.921
128.159
127.264
128.563
128.145
125.159
126.226
125.834
125.105
124.06
123.82
123.679
122.742
122.456
124.073
125.871
125.789
124.339
126.191
126.972
127.562
127.938
126.662
128.47
128.862
127.057
123.602
121.16
119.85
120.73
121.523
122.523
121.694
121.484
121.286
120.528
118.739
118.886
118.111
119.599
116.043
117.882
118.382
121.144
119.21
116.763
116.542
116.926
116.606
117.859
118.004
117.049
