101.028
100.614
101.105
100.756
99.885
99.1681
101.394
102.712
104.552
102.836
101.069
101.717
103.602
104.427
107.741
109.827
109.572
109.212
110.123
109.773
106.954
103.926
104.816
105.044
106.024
105.992
104.543
103.778
103.806
105.338
104.969
105.613
102.676
103.568
102.246
103.032
102.941
102.139
101.247
101.845
102.393
101.052
100.406
101.231
101.928
105.193
103.997
105.263
105.033
105.804
106.051
105.022
107.943
107.713
108.466
110.544
111.757
112.133
113.401
113.53
113.594
114.276
113.968
113.952
116.191
114.683
114.495
115.231
115.489
114.788
116.566
115.561
115.372
116.798
117.007
116
118.003
118.542
120.947
118.192
119.236
118.486
118.032
119.457
119.052
119.649
117.912
120.462
121.919
123.329
126.399
127.301
128.11
126.31
124.461
122.514
122.957
124.759
124.73
122.624
122.935
121.557
120.898
121.992
122.588
122.968
123.991
123.635
121.475
123.197
122.807
120.54
119.958
122.49
122.945
123.987
123.974
124.902
124.809
126.26
126.107
125.967
127.283
125.353
126.575
124.582
123.756
126.752
126.597
126.538
126.746
129.025
129.022
130.364
132.859
133.27
135.408
132.778
134.312
135.397
138.11
136.363
136.871
133.108
135.224
136.189
136.329
136.405
136.085
136.741
135.344
137.034
136.686
135.276
135.83
136.341
135.241
131.477
135.018
134.504
133.76
133.175
133.163
133.092
134.882
138.192
138.656
139.27
138.099
141.422
138.649
137.789
137.682
136.657
137.371
138.511
140.597
140.748
139.371
137.023
138.575
136.384
136.196
136.87
137.028
139.412
140.253
140.989
141.294
140.084
137.597
135.858
134.373
134.379
134.26
134.341
134.067
131.423
131.567
131.579
129.671
129.921
130.779
132.362
129.34
128.827
130.302
126.903
127.804
128.982
125.083
126.502
132.311
129.608
128.918
128.94
128.197
129.48
132.383
130.674
130.572
132.917
131.161
131.921
130.27
128.83
127.99
129.092
129.942
127.543
128.7
130.846
130.706
132.408
135.815
134.639
137.427
137.635
138.468
139.762
137.854
139.962
140.504
139.445
140.407
137.706
139.526
138.889
143.148
145.628
142.127
140.572
139.251
138.24
139.465
137.38
139.727
141.12
141.901
140.551
142.588
144.918
144.011
144.685
145.84
141.392
139.009
138.302
137.963
138.704
140.815
142.429
141.039
139.141
139.761
141.155
142.045
142.997
145.191
144.78
143.49
142.673
143.765
144.04
142.588
143.199
141.817
141.787
137.843
139.82
140.21
140.036
137.654
137.186
136.188
134.786
134.333
131.355
129.773
131.073
129.829
131.617
132.49
132.129
133.717
138.417
139.493
139.268
139.433
140.61
141.692
141.844
142.059
142.209
140.293
143.377
143.862
144.147
145.439
139.393
142.802
144.948
141.353
142.267
144.414
142.376
142.939
141.86
143.286
143.078
142.6
145.126
144.071
143.34
140.396
137.596
138.698
140.76
140.874
141.794
142.044
141.449
137.932
137.744
137.555
137.548
137.743
140.75
139.901
139.808
140.75
139.782
141.753
141.111
141.863
142.582
143.751
141.272
140.883
140.567
141.077
141.144
142.169
143.471
144.011
145.249
141.97
140.707
141.594
141.486
141.569
139.986
141.567
139.989
142.669
143.994
143.868
145.06
144.456
145.319
146.623
144.252
145.193
143.916
144.541
142.662
137.813
136.544
137.494
135.096
135.426
136.526
135.497
136.664
138.577
139.005
138.779
138.739
139.291
137.67
144.097
146.344
146.972
145.502
145.94
145.636
147.284
145.484
144.243
144.953
147.981
145.051
145.309
142.325
140.455
142.442
142.442
139.962
138.515
140.997
140.328
139.012
137.497
136.94
140.178
141.684
145.514
144.409
143.627
142.811
142.798
142.31
143.137
145.703
147.148
146.716
147.291
148.413
152.008
152.266
151.814
150.297
150.119
147.619
149.63
149.737
148.53
150.109
151.429
150.422
150.757
152.478
153.782
154.581
150.027
152.136
153.639
157.419
158.029
156.661
156.963
155.502
154.255
153.337
152.868
153.44
149.642
148.706
150.585
150.885
150.513
148.39
145.249
146.723
150.201
153.681
154.212
152.442
155.614
155.652
154.98
159.097
159.168
159.038
158.718
160.265
160.287
162.1
163.551
163.74
167.046
169.804
170.389
171.448
172.561
172.237
170.814
172.155
173.802
175.266
176.679
174.846
172.808
171.241
173.477
172.923
172.466
174.734
179.048
181.049
181.225
180.436
179.669
180.87
180.086
181.285
178.11
176.435
174.212
176.948
177.424
179.996
181.195
180.042
173.891
173.846
174.162
173.332
173.352
174.31
175.177
177.992
180.432
179.115
178.058
180.174
178.261
176.345
180.459
182.026
180.451
180.371
182.85
182.455
182.736
183.869
186.623
189.562
191.351
195.271
192.827
192.867
194.805
193.356
196.501
194.247
197.367
194.159
196.924
195.057
196.736
200.05
198.235
200.311
200.481
198.776
195.075
195.693
196.799
196.534
196.4
197.021
195.793
199.601
199.5
200.436
199.55
204.215
201.181
204.896
206.687
208.336
209.87
208.708
211.011
211.638
208.185
210.881
211.829
214.355
209.826
209.385
211.932
210.887
210.767
206.179
204.177
201.696
200.666
205.267
