101.821
101.003
99.5277
100.865
99.3773
100.545
101.283
101.634
101.089
100.734
101.216
102.438
103.76
107.086
107.103
107.155
106.022
105.899
103.443
104.941
106.027
105.41
104.727
104.492
103.962
102.958
102.117
100.938
101.993
99.2047
101.604
101.571
100.431
101.082
101.021
101.827
103.475
102.72
103.854
102.072
100.246
101.193
100.502
100.047
100.469
99.3716
98.9323
98.0425
96.323
96.8147
97.6756
99.9937
99.929
100.246
102.075
102.634
102.88
101.391
100.667
101.601
104.406
103.766
104.267
105.449
106.096
106.944
106.463
106.58
106.372
106.11
106.796
107.633
108.253
107.911
106.844
106.84
104.013
105.925
103.434
100.96
102.255
103.599
104.831
106.01
107.309
107.188
107.262
107.153
107.828
108.604
109.034
108.377
108.844
108.825
111.515
109.854
110.656
110.252
111.216
111.209
110.131
109.64
109.194
107.74
107.99
107.734
106.924
106.149
107.261
106.245
106.154
104.657
104.537
105.924
105.995
106.165
107.216
106.617
106.596
106.484
106.202
107.231
107.05
106.797
106.599
105.116
104.569
103.928
104.005
103.784
105.293
104.574
105.34
104.146
106.39
104.698
105.048
105.596
104.45
104.263
103.811
103.023
103.853
103.873
101.641
100.669
101.936
101
101.105
101.261
103.786
102.846
100.971
101.721
100.705
101.81
101.512
100.065
102.143
101.449
101.745
103.217
106.068
102.82
102.113
103.327
103.576
104.642
106.751
105.055
104.169
101.946
100.903
100.885
98.8023
100.619
101.22
101.071
100.541
101.183
101.111
102.111
104.077
103.965
103.533
100.991
100.101
99.0302
99.4661
99.3221
99.0088
100.158
101.78
101.369
102.142
102.448
101.239
99.46
98.0326
98.8036
98.5131
99.5712
99.4855
97.734
98.5085
99.8687
101.36
101.167
100.931
100.842
99.6283
100.212
99.6964
100.482
98.8545
98.4378
99.4524
100.344
100.572
101.215
101.423
101.295
102.62
104.059
106.275
107.683
105.507
104.853
104.887
103.968
103.697
102.338
104.182
102.833
100.487
100.916
99.0439
98.9073
98.6173
97.8645
99.2083
96.2423
98.077
97.1848
95.7726
96.9095
96.2853
95.2775
95.2613
96.8872
94.7023
93.8642
92.016
90.8418
90.9325
91.5418
92.542
91.4735
91.6721
90.9632
90.3652
89.8297
91.1441
91.8528
90.8838
90.9781
91.8531
92.7482
92.5983
93.7499
91.8293
93.9715
92.1178
91.901
93.2892
92.5281
91.0434
91.6479
93.4821
92.0959
93.069
95.1694
95.3444
97.5491
95.203
94.7407
96.9841
95.6835
95.6204
94.9961
94.9829
93.2466
93.9838
92.1694
92.1564
89.1526
89.28
89.1355
89.4581
88.2614
88.9013
87.4724
88.0817
88.1906
87.5946
85.892
86.797
86.7019
88.4537
89.461
92.3476
92.9092
92.1246
91.4743
93.2737
93.3157
93.8988
93.8809
92.8872
92.7807
94.3983
95.503
93.1616
93.1013
92.6687
92.4759
95.0175
93.8184
94.4316
96.5858
95.3256
97.6003
97.4791
98.5185
101.38
101.501
100.707
100.039
102.17
101.28
100.776
99.2196
100.768
100.807
101.359
100.099
99.2678
99.5353
99.8202
100.555
101.072
100.24
102.062
100.189
100.953
102.945
101.985
101.783
102.253
102.702
103.257
106.142
103.39
102.876
100.86
99.8881
100.228
98.5138
99.1591
100.659
102.694
102.737
100.766
99.6909
100.9
99.7492
99.4918
99.7866
100.728
101.118
101.244
102.454
104.723
106.696
107.567
108.544
108.685
108.75
109.468
110.481
111.694
111.926
110.292
111.526
112.798
109.874
109.21
108.653
110.562
111.652
112.839
114.134
114.622
115.485
116.463
117.671
120.723
120.879
120.122
119.955
119.626
119.998
121.716
123.788
124.368
125.706
126.858
125.732
127.828
123.98
124.173
123.851
126.804
129.954
128.719
129.413
128.559
126.575
126.962
128.281
129.136
131.119
132.099
133.54
132.634
131.663
131.677
132.668
134.047
134.444
134.992
135.886
134.698
134.43
138.559
138.68
141.391
139.428
136.441
136.78
135.152
134.063
129.845
129.634
128.986
134.394
132.432
129.504
127.56
125.814
130.783
128.948
132.062
133.101
135.671
136.732
135.436
136.736
137.841
140.638
141.732
143.898
143.997
144.939
144.604
143.198
144.912
141.825
142.165
140.84
141.067
137.464
140.712
140.79
141.012
143.496
140.809
140.953
139.657
137.874
138.983
136.159
134.789
134.544
136.989
139.166
140.562
143.166
143.222
141.259
140.435
138.549
139.961
137.409
137.782
137.159
136.125
135.361
137.568
142.147
142.83
142.416
141.741
140.861
139.978
140.169
141.568
140.772
138.405
139.033
138.322
135.702
135.844
135.817
134.751
137.814
136.167
134.594
133.103
138.34
142.347
142.211
144.854
142.27
140.508
136.969
135.316
134.232
134.201
131.712
132.291
131.044
129.619
132.247
132.158
132.63
132.706
133.988
136.984
137.667
138.542
138.463
137.773
140.328
138.777
139.16
139.943
139.189
140.22
139.755
138.177
137.403
138.562
139.411
139.154
143.117
145.795
146.557
144.949
144.449
144.504
145.381
146.379
148.057
146.803
146.99
145.858
146.666
146.752
147.95
147.921
151.72
153.341
151.8
148.646
144.977
145.013
144.375
143.026
141.508
140.908
142.613
141.643
142.492
146.812
148.088
149.247
147.256
148.936
149.719
