100.589
99.6506
98.6244
98.9039
96.0978
98.5169
100.43
101.509
103.425
104.867
106.477
107.93
109.152
110.17
111.576
111.74
111.339
113.565
115.47
114.195
116.012
116.377
117.11
117.911
118.934
120.243
121.283
120.573
120.535
120.442
120.9
121.561
122.748
124.787
125.837
126.033
125.828
125.349
127.108
129.874
128.219
129.208
125.734
130.51
130.998
132.765
132.563
134.044
132.912
130.519
130.665
133.156
133.727
135.638
133.215
134.448
133.032
134.72
133.786
131.366
133.23
131.298
130.916
130.908
130.071
131.045
129.239
128.057
127.43
130.047
130.711
131.269
125.852
126.958
125.596
123.417
123.828
123.159
125.193
129.472
126.412
127.62
124.768
125.311
126.657
127.698
126.227
127.226
127.125
127.989
127.148
127.158
130.054
127.915
128.437
129.026
130.787
133.165
133.814
135.995
133.354
133.92
133.421
131.678
132.517
132.485
134.406
135.288
133.945
133.865
135.43
136.93
134.412
134.869
132.949
134.362
135.398
138.962
141.073
143.722
146.047
144.676
146.268
148.479
148.772
148.206
147.158
147.897
147.952
146.351
143.729
143.282
146.233
142.139
137.518
137.506
134.722
137.454
136.02
138.492
136.668
137.471
138.407
136.962
139.405
142.123
143.383
142.504
143.487
144.319
144.807
147.337
148.789
147.166
147.655
145.48
147.396
145.883
146.312
145.156
146.05
143.363
143.72
144.106
145.228
146.397
146.158
148.431
143.166
141.88
140.512
139.679
138.969
138.021
139.893
141.827
139.144
137.26
137.063
136.394
133.747
133.834
134.658
132.197
132.298
133.468
135.837
136.442
136.24
136.879
137.809
137.298
136.724
138.408
139.349
137.149
134.439
133.434
131.915
132.968
134.544
136.251
138.105
138.267
140.616
140.059
138.389
142.311
143.269
142.777
143.352
143.179
141.22
142.814
141.68
143.088
142.056
142.78
145.775
145.17
143.768
146.179
144.378
146.712
146.092
144.32
144.632
144.85
141.723
140.977
140.434
137.954
137.587
139.177
138.592
136.7
136.575
136.61
137.364
136.919
138.374
140.383
140.732
134.737
135.573
137.092
137.284
137.828
139.708
140.292
141.57
140.188
140.118
141.506
139.605
138.478
140.852
139.847
139.272
140.645
139.777
141.024
142.233
142.709
144.4
145.564
144.728
144.474
146.228
144.963
148.235
150.411
148.877
148.474
149.368
149.169
151.593
150.629
149.049
146.81
148.098
148.225
150.368
153.316
152.692
155.093
154.206
152.916
152.561
151.153
150.612
149.167
148.713
147.097
147.84
144.584
143.183
142.271
141.561
143.926
143.454
145.948
143.039
143.805
145.49
143.925
146.061
146.056
145.942
143.504
142.491
142.449
142.518
145.629
143.92
144.455
142.532
142.206
140.077
140.771
142.779
141.903
137.802
138.432
137.937
136.371
135.719
137.159
136.118
134.214
135.242
136.49
136.054
135.184
137.555
138.101
135.94
134.726
133.37
135.228
136.224
133.944
132.955
135.47
131.978
130.762
130.077
133.749
128.791
126.678
124.254
123.842
125.862
122.745
123.033
125.548
126.258
127.686
126.093
127.525
127.587
126.171
128.615
128.696
127.396
124.497
122.027
123.361
124.228
124.755
125.36
123.811
122.918
125.631
126.547
127.393
129.702
129.739
130.724
131.071
131.711
128.546
130.404
127.823
126.918
125.957
123.141
124.331
126.098
128.343
129.75
125.904
125.903
125.528
126.386
125.972
125.442
127.266
128.607
128.44
128.316
129.745
128.382
127.082
126.48
125.691
123.979
122.7
123.536
124.33
123.937
121.16
119.758
119.968
117.943
117.174
115.774
112.967
115.061
113.287
114.325
113.272
112.604
113.609
115.403
115.516
116.404
117.654
117.036
119.071
117.952
116.286
117.962
118.237
118.051
119.172
116.762
118.892
117.28
118.799
121.805
120.154
117.081
117.709
118.032
118.251
116.918
116.232
115.534
116.538
116.524
116.414
115.767
115.587
114.743
116.099
115.103
116.325
116.889
116.158
117.118
118.603
118.636
117.773
116.391
117.357
117.223
116.011
116.61
115.172
115.625
116.755
119.307
120.699
121.751
120.528
118.493
121.057
119.248
120.731
120.007
117.386
119.448
118.479
118.561
119.143
121.259
118.479
120.041
119.295
118.995
120.473
120.288
118.597
117.117
116.935
118.515
119.941
120.797
122.384
122.678
123.265
122.278
122.982
120.367
122.726
120.952
120.081
118.942
119.709
117.158
116.429
116.762
115.262
115.679
115.062
112.8
110.677
111.047
110.192
111.593
112.601
113.876
114.721
115.866
113.94
114.257
113.141
114.245
114.316
117.026
117.605
117.43
118.25
117.857
118.115
117.459
116.92
118.068
120.274
120.09
119.818
122.152
123.949
122.239
121.87
123.839
123.811
120.74
120.155
121.647
122.474
123.369
123.177
120.935
119.373
121.614
122.481
123.393
121.301
121.075
119.042
117.89
115.524
115.887
115.464
117.607
116.27
117.684
119.114
120.687
122.344
123.817
121.709
120.868
122.41
124.221
123.208
125.194
125.392
125.734
128.381
128.238
125.47
126.644
127.733
128.313
127.059
127.233
130.351
129.518
127.315
129.118
129.025
129.364
129.581
129.233
129.579
131.392
131.916
