98.9787
98.894
99.404
101.333
102.107
103.012
104.852
106.717
106.411
106.705
108.581
110.439
111.922
112.737
114.895
114.326
114.867
112.459
112.67
115.757
114.182
112.91
114.016
114.695
116.448
118.61
118.274
116.972
114.581
113.115
113.064
111.202
112.488
113.837
114.16
114.538
115.674
115.191
114.738
116.263
115.874
114.922
112.773
113.018
114.6
115.763
116.545
116.288
112.931
112.838
110.374
108.7
110.565
109.385
108.99
108.443
108.439
110.283
109.589
109.511
106.513
105.871
103.323
104.099
106.97
108.075
108.937
108.215
107.742
107.535
106.459
105.023
104.774
106.087
103.705
102.453
100.044
102.321
104.254
103.439
104.26
104.009
106.415
105.019
104.202
104.234
105.827
105.258
104.83
105.558
106.223
105.528
105.756
106.718
108.039
109.65
111.369
110.81
110.301
111.04
112.613
108.96
108.96
108.101
109.941
111.719
111.749
112.186
110.181
111.75
113.343
113.82
113.694
114.064
115.806
114.365
113.653
115.027
114.824
111.407
112.94
111.287
112.803
114.348
114.336
115.811
115.707
113.316
111.077
111.097
113.697
115.501
117.34
118.44
118.069
117.207
118.267
117.8
118.59
121.386
124.189
124.326
125.609
125.716
127.58
126.673
124.035
123.071
121.543
122.317
122.521
120.672
121.35
120.117
120.322
120.727
119.355
120.68
120.202
121.733
122.028
124.31
125.555
124.051
123.354
119.935
122.199
122.738
122.983
121.594
122.805
123.727
123.507
121.635
121.766
121.606
122.202
124.238
125.32
124.081
125.564
127.012
127.576
127.472
128.211
126.508
126.518
123.709
123.873
124.99
126.497
128.069
128.28
127.743
125.933
126.871
128.574
128.854
127.744
129.855
129.177
127.329
128.023
129.534
128.725
130.424
131.328
130.858
132.275
132.932
130.859
132.181
134.874
135.167
135.154
134.716
135.699
136.406
131.814
133.469
132.998
134.886
134.63
135.818
137.338
136.648
135.826
137.969
137.49
137.373
138.308
137.113
138.009
136.398
135.722
136.821
136.541
136.673
134.304
135.006
133.254
136.419
138.774
140.334
142.776
143.216
139.936
138.224
134.461
137.181
139.863
139.103
139.546
141.134
143.314
141.689
142.233
140.328
141.551
141.957
139.435
140.134
138.722
140.976
138.859
137.605
139.273
139.229
143.652
141.707
144.658
141.255
144.523
146.045
146.352
146.386
144.042
146.396
147.118
147.049
147.826
149.349
149.675
149.866
151.694
152.139
155.764
157.432
160.917
163.212
161.66
158.998
159.942
164.166
160.865
159.088
160.918
160.383
160.54
159.219
158.426
160.362
158.172
155.859
158.649
159.194
162.083
164.945
164.719
167.367
166.578
168.752
171.525
171.816
170.793
175.343
173.588
174.999
175.356
175.511
172.059
172.552
169.693
174.108
174.719
175.069
177.737
177.689
171.488
174.796
178.771
175.909
173.539
174.615
173.119
171.249
169.968
168.089
165.881
165.534
164.162
163.488
163.376
162.67
159.764
157.531
155.371
158.991
159.38
159.187
159.16
159.563
157.538
161.168
161.183
161.565
161.5
161.381
161.232
163.271
164.457
162.806
163.868
163.813
164.052
164.939
159.107
159.576
161.24
161.778
161.761
160.038
159.299
157.664
157.102
154.771
153.66
154.724
152.536
152.825
153.393
155.863
157.858
157.926
157.433
154.336
154.551
155.855
154.546
153.601
152.948
155.136
155.421
155.218
156.451
156.749
158.258
155.046
153.335
154.981
154.091
151.408
151.477
151.675
153.12
153.402
153.73
154.318
154.507
153.823
150.936
147.262
148.202
145.896
144.118
145.292
145.232
147.729
145.653
145.603
146.203
148.592
150.013
152.375
151.543
154.58
155.476
154.24
156.738
156
156.618
157.131
159.824
159.394
160.99
162.424
163.477
166.716
164.635
164.608
169.354
169.255
167.958
167.158
169.234
169.24
166.865
165.22
167.575
165.068
167.312
172.4
174.733
176.067
174.123
176.883
180.118
178.661
181.285
180.692
181.681
181.453
180.389
179.915
186.205
184.537
187.939
186.485
187.376
183.82
185.54
184.704
183.801
181.765
176.798
180.225
181.145
182.713
176.958
176.182
177.743
178.941
182.579
182.057
180.083
178.053
177.731
179.201
175.811
175.58
173.24
173.238
175.932
178.04
179.611
177.211
178.753
181.108
179.561
177.762
180.584
180.919
180.75
176.862
177.621
180.565
182.625
184.29
190.056
188.719
188.891
184.159
189.354
191.476
194.888
194.021
195.27
190.008
185.65
185.993
186.793
189.224
189.412
190.397
192.95
189.898
189.383
190.329
185.077
184.381
187.877
183.088
182.043
184.776
183.484
184.394
187.107
188.367
187.846
188.047
184.686
183.596
182.923
182.6
182.903
182.091
182.832
181.081
185.517
186.722
187.027
188.894
194.165
193.224
194.834
196.169
198.725
200.875
198.084
198.395
200.123
195.439
194.505
193.884
191.308
190.511
188.954
189.637
192.059
192.635
190.117
189.565
192.033
193.546
189.159
191.681
193.517
188.942
189.368
192.3
194.379
192.34
192.912
195.08
194.829
196.152
194.096
192.308
194.58
199.616
199.072
197.673
199.96
197.443
197.559
196.489
199.933
204.537
209.148
206.387
