101.372
98.066
98.2966
97.865
96.3239
97.4919
98.7351
99.3562
99.5563
97.8854
98.4851
99.7235
100.157
101.34
101.755
102.564
105.004
105.718
106.085
105.897
105.101
102.963
103.873
106.269
107.23
107.081
104.346
105.288
104.874
104.94
104.05
105.078
103.939
100.91
101.939
103.892
104.648
101.938
101.092
100.238
100.272
101.94
102.25
103.406
102.643
101.933
101.645
101.231
102.508
102.592
101.224
101.008
99.1166
97.7017
100.13
99.1108
100.006
101.622
101.695
100.573
100.105
100.404
101.532
100.294
101.391
100.098
99.617
97.9844
97.2949
97.9331
97.1364
96.5018
96.5525
95.8766
95.2106
95.6455
95.1273
94.59
95.9752
96.9931
97.1743
95.6322
93.8784
92.2014
90.6822
91.1433
91.6427
95.5906
95.24
95.9891
97.3169
97.0154
96.5395
95.5631
95.9816
95.7879
96.059
95.2078
93.5454
93.5401
93.9191
93.5232
95.3688
95.0849
95.041
92.6902
90.4844
90.2833
89.9857
90.4272
88.2749
90.14
90.5528
91.709
91.4576
92.0239
90.759
90.7935
91.4905
91.2287
92.1899
92.8165
91.6088
91.167
90.6513
89.8017
88.25
86.6496
87.8867
89.2281
88.9299
89.835
89.3808
88.2324
86.1697
85.435
84.9739
88.361
87.5027
87.5358
88.241
86.2094
87.8994
86.1696
86.1062
87.2584
87.345
87.5884
86.5833
86.9212
85.6229
85.7374
86.3796
86.452
87.1531
88.1909
86.8765
85.8986
87.1679
85.9911
85.5513
85.3022
84.5014
84.7032
83.7168
82.9136
84.3059
83.9729
83.2594
81.1636
81.7988
82.3561
83.8537
84.2934
84.3896
84.8618
83.8953
82.5453
83.9761
85.2414
85.6237
86.0231
85.6225
85.3791
85.9846
87.6636
87.5997
86.8296
88.3314
86.1349
86.185
86.5667
87.8909
88.1101
86.7981
87.3848
87.8767
88.8451
89.6517
91.6295
91.0467
90.5502
90.9312
92.1945
90.0426
91.1033
91.8765
90.4133
91.6107
92.4441
92.0377
91.4554
91.6181
89.8008
89.279
89.6917
90.4762
90.3168
89.5059
89.0087
88.4256
86.9999
87.326
86.4634
83.681
83.5219
83.2086
84.0339
84.3152
84.8334
85.8685
86.7838
86.0353
86.3094
86.0518
86.0123
87.1866
87.9298
89.4109
91.6778
92.4013
92.8707
90.172
91.3866
92.0287
94.0414
94.1251
95.7811
95.0961
94.5204
93.2671
92.3802
91.8032
91.5168
92.1
92.3081
92.4276
93.4162
93.7004
92.3135
91.2809
90.3504
90.9273
91.2418
90.5544
89.0381
91.0099
91.0586
90.8042
91.277
92.2718
92.3047
94.4428
92.7593
92.323
94.4615
93.3323
93.2842
93.4034
90.9252
91.647
95.6304
94.3285
94.4756
93.3543
89.8419
89.3328
90.5743
92.6175
93.5075
95.4312
95.5679
95.9562
94.994
94.4502
92.3861
88.2331
89.0366
87.5172
88.0898
88.5431
88.4683
88.5287
87.7827
89.137
88.3318
90.6033
90.4357
91.3537
91.7368
92.8321
92.3884
92.6371
91.009
89.5031
87.8503
86.9037
86.7703
87.9744
88.4534
86.4268
86.5077
85.8499
83.6346
83.2991
84.294
85.5165
85.5214
84.9096
82.5558
81.2727
81.7537
82.3517
82.1885
81.068
80.8184
81.2145
80.9034
80.7356
80.8027
81.6884
83.5702
82.7859
82.5875
83.1009
82.0472
82.2685
83.0768
83.4936
82.7805
83.8955
83.0543
82.384
80.8704
80.8251
80.9209
82.3826
83.0334
82.7122
82.6419
83.1535
83.4392
83.8835
83.5204
85.4883
84.446
82.9332
83.3517
83.9185
83.1514
82.8587
82.6145
81.372
82.0793
80.6491
79.4427
81.3077
81.4133
81.6496
83.0836
84.1031
83.9803
84.6359
86.5039
85.3338
86.1514
84.2536
83.7196
83.8713
85.5862
84.5543
86.5253
88.2471
88.2887
87.3357
87.0807
87.3037
86.4991
86.9314
87.4274
87.3682
89.8407
87.8939
86.2527
86.3692
86.2723
85.8998
86.0266
84.7533
84.2386
84.3084
84.4784
84.7148
84.9551
83.8589
84.7242
84.5313
85.8734
84.2382
82.7556
82.6023
84.017
83.5109
84.0544
85.4034
85.1925
84.9825
83.0968
84.088
85.5722
85.6416
84.8113
85.1627
83.754
84.5333
83.9925
84.5444
83.0883
83.8545
84.0287
84.7196
85.95
87.394
87.0251
88.9751
88.9332
87.7511
85.9712
86.7071
88.4779
87.2557
87.1153
85.9479
85.0277
84.3817
85.5086
84.9108
85.1932
86.2038
85.1452
86.4211
87.1039
86.668
86.4158
86.545
86.3335
83.7257
84.6628
85.9565
85.0433
85.4213
85.087
86.7337
85.8496
87.6271
88.353
90.92
90.4105
90.2603
88.8983
90.6266
91.6117
92.7743
91.8074
91.5503
88.6968
89.8503
90.481
89.1928
90.42
88.6669
88.9282
88.5575
88.9593
87.2206
88.0709
87.7684
88.4625
90.1199
90.1376
92.7717
93.6881
93.6156
94.6716
92.6786
93.1161
93.084
93.9705
92.3577
91.461
92.1595
92.388
92.9564
93.3254
92.3786
92.2035
91.5591
93.6548
94.5295
94.5352
93.9951
93.5368
93.2931
93.1932
94.0483
91.693
92.8809
93.5335
92.6315
92.2071
92.6446
92.6303
92.5313
92.4529
92.7681
95.5042
96.565
95.8604
97.4199
95.6203
96.8842
96.8143
97.1561
96.231
97.0763
96.761
96.2913
94.6939
96.444
96.2406
94.8328
96.3306
95.4707
94.8314
96.0003
97.2286
94.3536
93.8842
93.1558
92.4311
93.1944
91.7073
91.3264
92.3772
91.2472
91.87
93.33
94.361
92.7253
94.3776
96.1223
96.5136
93.5254
93.8027
91.7867
93.0291
93.1785
92.029
90.7477
90.2656
89.2875
89.2076
90.0771
92.5572
94.5018
95.0068
92.9743
92.6345
92.7324
92.9309
93.3623
93.6797
94.5929
96.1098
96.2224
95.985
94.7812
95.0169
95.7419
96.3229
