103.477
103.17
101.456
98.6104
99.6655
99.0337
96.1628
96.6356
96.1884
96.1977
95.6823
94.4316
93.933
92.9209
94.4294
93.8272
95.281
95.0259
95.1675
97.3718
98.6971
98.5286
98.1055
98.5112
99.1136
99.4655
100.58
99.6246
100.016
101.459
102.021
100.161
98.4854
98.5899
99.4344
99.1908
98.1127
97.5554
98.025
98.9411
99.8426
100.369
103.31
102.207
100.845
101.771
104.124
104.034
104.447
107.234
107.996
109.693
112.46
113.398
113.255
112.427
113.675
113.849
115.545
114.572
111.91
114.276
111.582
111.664
111.531
110.394
109.964
110.849
108.926
109.345
109.771
110.083
107.027
106.284
106.621
106.256
106.512
105.256
108.739
109.628
110.638
112.187
113.384
112.535
111.672
109.016
109.311
109.308
109.491
108.531
108.708
107.245
108.847
106.788
108.196
108.321
107.448
107.416
108.058
111.622
111.326
110.042
109.539
110.624
111.872
110.637
111.439
112.972
111.242
110.886
112.678
112.759
114.142
112.938
111.551
112.799
113.212
113.024
114.312
114.588
117.223
115.871
115.596
116.488
116.279
114.794
116.651
116.726
118.487
115.934
116.052
117.666
118.457
118.108
118.314
117.215
116.375
116.897
119.629
120.691
121.61
121.64
120.528
119.183
119.953
120.956
119.888
118.722
118.431
121.003
120.129
119.387
118.881
119.798
121.144
120.505
121.263
119.222
120.386
122.551
123.217
123.875
123.498
121.964
120.996
123.842
123.568
122.021
124.08
126.199
126.622
127.154
126.064
126.858
124.113
122.575
124.068
124.521
125.332
126.441
128.738
128.337
127.707
128.607
130.14
129.729
130.421
129.645
131.636
133.939
132.928
132.484
132.217
134.986
135.675
135.767
135.623
133.062
129.562
131.938
129.811
128.115
128.523
127.791
127.709
127.582
128.498
126.992
128.354
126.921
129.256
127.984
129.347
128.022
129.15
129.78
128.893
131.016
128.802
127.434
126.714
125.652
126.217
125.012
122.198
123.71
121.637
120.028
119.368
119.035
117.751
114.192
113.038
113.573
113.389
113.397
114.358
115.757
114.421
113.837
116.545
115.864
118.316
118.936
119.963
119.505
118.957
117.447
117.635
118.034
115.714
113.207
114.933
116.857
114.804
116.797
116.835
116.726
116.678
119.266
116.118
116.658
117.145
117.499
117.578
116.727
118.603
118.665
117.512
117.694
118.971
120.743
120.416
122.08
122.853
122.08
120.553
120.894
120.102
117.346
117.617
115.211
115.508
116.567
114.515
112.395
112.285
112.68
110.871
109.366
110.954
110.985
108.62
109.483
107.223
106.804
106.87
109.872
111.781
110.97
113.157
114.317
114.068
116.045
114.86
112.971
114.653
113.259
113.506
113.247
112.43
112.348
108.964
108.472
109.072
107.239
106.361
105.348
106.718
104.729
102.895
103.505
103.133
101.3
101.646
104.086
103.975
102.108
100.968
102.956
101.467
99.2003
98.9906
98.7724
98.5672
99.3371
99.6949
101.04
101.203
100.829
102.355
102.022
102.356
101.95
102.397
101.881
101.878
102.281
102.344
101.694
101.63
101.032
101.087
103.559
105.153
105.136
103.908
104.29
102.511
105.325
104.615
105.131
104.078
104.648
107.391
105.538
103.259
102.344
103.128
104.517
106.201
109.239
109.837
108.613
110.611
110.654
110.71
111.522
111.847
114.34
113.338
114.863
113.935
112.742
112.392
113.555
113.989
111.929
111.042
112.913
113.832
114.771
113.838
114.873
111.928
113.47
114.967
117.045
119.454
120.078
118.262
117.968
117.511
117.866
116.812
117.29
119.695
119.593
121.021
120.447
120.222
120.209
121.144
122.408
123.3
122.293
123.047
121.347
121.415
121.261
123.429
121.63
122.065
121.12
119.753
123.656
126.413
126.512
125.46
123.655
122.229
124.185
124.052
124.009
121.708
122.674
124.787
124.059
125.572
125.168
125.611
124.226
125.832
127.801
126.327
125.509
122.979
123.996
126.833
127.067
125.935
124.392
123.654
124.388
121.171
122.267
121.166
122.396
119.629
119.567
118.731
116.397
116.421
115.889
117.002
116.799
115.682
114.585
115.29
116.782
117.168
116.187
115.509
117.091
117.234
116.984
115.093
115.071
114.736
113.38
113.056
114.181
112.329
113.694
111.518
112.158
113.243
114.628
113.724
114.023
113.423
114.822
115.042
112.316
113.638
114.327
114.471
115.13
116.656
116.115
113.394
114.817
116.088
118.035
117.769
119.607
117.889
117.67
116.667
118.249
116.625
116.389
117.614
116.614
116.77
117.098
116.333
116.335
116.975
117.231
116.188
112.897
111.116
111.212
110.858
111.014
111.421
109.807
109.048
111
111.529
109.821
111.398
112.13
111.125
112.318
112.59
113.872
117.981
116.708
116.352
116.015
116.956
116.157
116.061
113.964
113.065
113.241
114.363
112.994
109.985
109.504
110.902
106.443
105.009
105.628
106.439
107.551
106.159
106.104
108.25
107.47
108.16
107.383
107.083
107.029
107.051
108.398
107.401
107.672
107.237
106.008
105.13
104.637
105.144
103.683
101.388
100.844
101.033
102.507
102.283
101.982
102.248
102.068
101.51
100.432
100.59
101.081
100.589
101.885
101.141
100.361
99.9464
100.821
100.96
103.572
103.757
103.634
104.811
106.819
