98.2471
95.2951
96.4376
94.5866
93.6507
94.3736
95.981
95.8499
97.4515
96.8827
96.6484
95.6496
95.7476
95.3773
94.0979
95.5047
96.2179
98.8922
99.6663
101.153
101.48
101.832
104.183
103.673
103.419
103.295
102.57
101.347
100.914
100.432
100.043
99.5345
98.0254
99.1557
100.389
99.5906
99.5094
103.141
103.803
106.048
104.509
103.388
101.918
101.837
102.037
100.579
101.21
100.737
100.854
100.569
101.928
102.319
100.854
101.693
100.504
100.285
99.2869
100.205
100.322
99.5692
98.779
98.6031
98.1722
97.7399
97.6809
97.3218
98.3997
97.1471
98.6811
99.3263
99.4693
99.1668
100.372
100.43
99.6691
98.8012
98.0101
97.2005
97.524
97.8598
96.7007
96.3084
96.1754
95.5785
97.0992
98.3064
96.7541
93.6297
92.354
92.5208
91.2112
92.3191
91.8641
90.6985
88.1267
88.9976
90.3357
91.0778
91.5819
91.2595
90.9764
91.1624
90.3602
89.64
91.3457
90.4483
90.5432
89.6581
88.5869
88.1511
87.1259
87.0805
87.1674
87.0857
88.5848
88.9612
89.0979
88.899
88.1145
88.644
89.6445
90.0243
89.7591
89.9948
91.0659
90.0704
90.9099
89.7951
91.9847
93.7683
94.6733
98.0502
99.177
99.8792
99.8495
101.454
102.492
104.528
102.944
102.85
105.993
106.036
106.741
107.043
105.334
105.481
110.24
110.721
111.901
114.699
114.049
110.748
111
112.189
109.182
109.904
110.201
109.377
109.092
107.98
108.329
109.753
107.094
106.935
108.579
107.475
106.62
105.244
105.631
105.532
104.75
102.787
104.627
104.598
106.007
107.69
108.527
108.776
109.091
108.834
108.574
111.129
111.493
112.204
111.315
113.167
113.433
112.312
111.413
112.258
111.891
109.513
109.543
107.351
107.004
107.742
107.544
105.832
106.984
107.643
108.978
106.802
105.001
104.527
105.293
104.167
105.277
104.077
106.75
108.747
110.143
110.099
110.723
111.469
111.995
111.014
111.722
111.319
110.406
110.245
112.091
112.497
112.95
114.154
115.368
114.471
116.398
117.183
117.358
116.189
117.061
114.623
115.801
113.547
116.351
118.014
118.27
118.241
118.343
116.791
113.865
113.424
114.481
115.759
114.328
116.787
113.513
114.217
113.845
113.622
113.108
112.678
110.899
112.518
113.824
114.241
116.782
114.423
113.155
111.346
111.214
113.295
112.394
113.496
113.621
114.997
113.768
114.088
115.145
113.978
115.023
114.139
117.968
116.629
115.565
116.069
115.567
117.058
117.223
118.268
118.772
119.694
120.478
119.612
120.349
122.651
122.662
122.85
123.16
125.309
124.63
124.345
123.601
125.545
124.625
125.109
125.589
125.348
125.045
125.431
123.153
122.375
123.526
125.923
126.137
125.245
123.01
123.334
123.082
122.574
121.972
120.343
119.706
121.11
120.86
122.794
123.785
121.809
125.063
126.655
125.453
127.245
127.813
126.449
130.226
130.549
132.271
133.019
132.698
133.937
134.695
136.192
138.44
137.134
138.809
136.505
133.447
136.579
133.547
134.484
134.046
135.286
131.25
131.106
132.958
131.259
132.011
130.257
129.114
128.292
128.134
128.915
130.377
130.629
130.687
134.324
129.314
131.013
134.331
134.286
135.718
137.709
137.261
137.244
136.262
133.783
132.97
133.853
136.202
137.383
139.313
140.666
140.015
137.693
138.724
139.028
135.501
134.967
136.347
135.521
134.226
132.626
132.147
135.358
134.039
131.454
133.506
131.495
130.632
132.278
132.943
131.761
131.45
133.67
134.006
133.103
135.215
134.947
131.887
132.165
131.592
128.48
129.414
129.126
128.306
129.632
130.097
127.252
127.068
126.856
126.21
125.582
124.066
127.587
130.139
129.965
128.303
128.595
130.001
133.134
131.908
133.579
132.746
133.913
136.355
140.677
140.285
141.107
141.629
139.518
141.832
140.471
140.965
143.645
143.608
141.954
143.66
143.377
144.04
144.161
147.285
146.806
146.176
146.903
146.125
144.109
142.213
141.586
139.628
143.107
146.987
147.282
145.928
146.83
147.843
146.664
145.657
146.889
146.2
143.723
144.023
145.457
148.455
146.828
147.942
148.161
147.851
146.892
148.562
151.741
150.853
150.988
152.328
152.363
153.575
154.99
155.097
158.806
160.958
159.049
160.24
160.563
156.61
158.042
160.558
161.571
160.113
156.228
158.058
156.048
156.808
155.017
153.711
153.953
155.045
156.073
155.286
158.654
158.774
157.694
158.168
158.914
157.533
157.334
157.2
158.335
157.133
156.206
157.269
157.409
158.273
161.406
159.812
159.032
158.739
156.921
158.233
155.808
155.85
153.96
154.791
157.353
158.017
154.119
155.902
156.857
157.482
157.213
156.936
157.136
156.752
154.787
156.456
155.116
154.867
156.892
156.491
157.138
156.095
158.751
155.987
155.922
155.08
156.681
160.502
160.182
159.534
158.57
158.925
158.668
161.026
158.946
158.278
157.937
155.441
157.953
157.21
157.405
160.197
157.95
157.171
158.564
160.452
162.743
163.237
165.94
167.724
167.561
170.997
170.698
171.509
170.074
170.639
171.105
168.981
168.662
171.274
169.581
166.383
166.53
164.402
160.702
159.857
155.874
154.027
153.695
156.963
157.64
155.079
158.193
158.965
158.659
159.483
159.068
156.105
155.848
153.65
156.138
157.37
157.933
