99.9783
101.714
103.367
104.783
104.559
105.647
103.907
105.409
104.661
104.237
103.022
103.97
102.263
104.916
105.012
104.093
104.857
103.495
104.077
103.105
104.625
106.541
108.872
108.508
108.054
107.162
106.03
105.664
105.27
104.459
103.39
102.498
102.002
103.468
101.653
101.243
98.8199
98.4528
97.9937
98.0886
96.5942
96.9654
96.59
97.2503
95.0056
95.6965
94.9854
93.36
94.3077
93.847
93.6428
93.3304
94.0322
93.3662
94.3026
94.6571
97.6258
97.3455
97.4695
95.3111
95.4883
97.0052
96.451
94.3009
93.4442
95.3808
95.7205
95.4143
97.2782
98.8421
100.362
101.064
100.115
101.356
101.263
101.023
100.831
99.7474
98.8535
99.6761
99.3168
99.6517
99.6028
99.8395
99.1229
98.5781
98.0215
96.4792
97.038
96.2142
98.8721
98.6253
99.7589
97.9114
97.8671
98.6379
99.67
99.8097
98.56
95.0589
95.7092
93.8986
95.7073
96.9993
95.2361
92.7363
94.6859
94.0357
92.5698
93.6845
93.4005
93.2035
94.8208
94.618
94.7059
95.6931
96.0485
96.5602
96.6217
96.679
98.3442
98.5739
99.6524
97.8588
96.0204
94.0426
92.3385
92.5733
89.3544
89.3668
90.2681
91.2298
92.2234
93.083
92.5562
93.1461
92.3753
91.8837
90.5443
89.7981
90.7875
90.9181
89.6902
87.9855
85.7713
86.1841
86.5902
84.6858
84.2017
84.48
82.8926
80.3766
80.7784
81.0885
79.9184
79.5385
77.6149
75.2943
76.1863
75.6167
76.1404
77.3815
77.8524
77.5858
76.3637
75.3411
73.8496
72.5397
71.5576
70.8945
70.0572
69.2858
68.3126
67.1296
65.6954
65.566
64.8441
66.2302
65.0767
64.4076
65.0942
65.4274
66.3094
65.389
64.8942
65.0116
65.1277
64.64
64.3788
65.1764
66.1552
66.8705
65.1941
63.5758
63.6153
62.9621
62.5604
63.0661
63.7236
63.0149
63.171
63.1329
63.2075
63.6126
64.3693
64.3923
63.4592
64.4983
63.6683
63.8909
63.8576
63.9003
63.3572
65.3587
67.0215
68.3588
68.3935
70.0106
70.683
70.7064
71.046
70.1576
69.2939
67.9743
67.8304
66.1292
65.7953
65.2222
65.2541
65.8346
66.107
66.4804
66.2818
65.4931
64.7993
65.4303
67.9216
67.4566
66.4072
67.2383
67.5904
66.2591
65.7157
66.0605
67.3054
68.7974
69.8848
70.5705
70.7059
70.536
68.2252
67.5224
68.4981
67.7064
68.3601
69.2226
69.0337
69.5154
69.5521
67.0536
66.3415
66.4156
65.9395
67.1193
65.8815
65.0079
65.1119
65.7305
66.9787
68.7831
70.41
71.5056
69.3639
69.8619
70.212
71.293
72.5631
72.9674
72.7892
72.2943
73.1899
74.8316
73.5841
74.3872
74.1922
73.4511
73.4941
73.8628
74.9602
73.5463
74.523
72.0128
72.2163
71.9204
71.6914
71.5838
70.4393
71.3956
71.4994
71.0088
70.6688
71.3476
73.2679
74.1429
75.3035
74.2479
75.3153
77.5024
78.6757
77.8338
77.539
77.8048
77.974
78.8089
79.0345
78.3503
78.7096
79.0118
79.5305
79.6942
79.2959
77.6303
78.2177
78.5917
77.9057
78.2231
77.6778
79.4768
79.4899
79.7489
78.6014
78.3336
78.164
78.828
80.308
80.0438
80.3296
80.5465
79.1547
78.8563
76.6566
76.5501
75.9347
75.698
75.4414
75.158
72.9945
73.203
72.5417
72.6432
71.4399
70.2132
69.0465
68.4701
68.0516
69.0296
67.5415
66.7958
67.1682
67.0966
65.8854
66.0057
66.261
65.0951
65.306
66.2837
66.456
67.9586
68.289
67.0175
68.1206
68.6684
68.9457
70.0072
69.4205
68.7187
68.5219
68.6227
67.1795
66.6764
66.009
66.0403
65.7387
65.6537
66.0923
66.0148
65.2463
65.057
64.7055
65.2564
66.2239
66.6155
66.8851
66.6656
66.7798
66.7713
66.3311
66.7664
66.8796
66.7908
65.8958
62.9684
61.8891
62.474
62.6358
63.3264
63.487
63.2972
61.5438
61.9903
61.3286
60.8346
60.6511
59.5248
59.1661
57.8672
59.0513
60.411
61.057
60.048
59.8798
59.4843
59.7068
59.8099
59.3919
59.8461
59.809
58.7567
57.4088
57.8855
57.5325
58.0075
56.0487
55.2965
54.2505
55.0233
54.6045
55.3083
55.8084
54.8235
54.5449
55.047
55.5913
56.2553
56.0507
55.8488
56.3834
56.8368
57.6829
58.4231
57.4549
57.9936
56.7649
56.2399
55.4894
55.1591
54.0649
56.0095
55.5474
55.6052
55.2057
54.8467
55.9093
57.1445
57.184
56.4414
56.7805
56.4009
56.3882
55.3543
56.9379
56.9869
56.9857
56.9629
58.0852
59.2266
59.0523
60.1411
60.1699
61.1018
61.6069
60.2894
59.7638
58.4717
58.6837
59.0455
59.2105
60.1075
61.1276
61.4884
61.4808
60.2928
60.4055
60.3352
60.6447
60.5963
59.8791
59.9113
60.136
60.5434
59.5942
59.1779
58.4464
58.9557
58.6974
58.8986
57.9307
57.839
57.9806
57.6963
57.2733
57.4315
56.7252
56.2781
54.9338
54.2718
54.8513
56.1912
55.6281
55.1082
54.3794
54.2244
53.1949
53.5732
53.8656
54.4519
54.3471
54.1144
54.4856
53.292
53.7261
54.1638
54.4163
55.2887
55.3259
56.0687
55.806
55.4521
56.5343
56.7763
57.7537
57.7463
58.6103
58.3382
59.1409
60.0404
59.4311
59.9513
59.7799
59.5578
60.6149
59.1534
57.0814
57.353
57.0964
57.6013
58.2617
58.2222
59.4152
58.8746
59.2603
60.9563
59.6726
60.1999
58.8732
59.0365
58.7658
57.9861
58.3575
59.0972
58.0959
58.5564
58.1718
58.2591
58.4783
58.8077
58.6798
58.6375
58.8063
58.4946
57.2577
55.6514
55.4243
55.1582
55.2345
54.7241
55.0092
55.3077
56.0786
55.7865
55.7817
55.8999
55.0436
55.1597
54.8881
53.5981
52.5288
50.9125
51.2771
51.6687
