99.3123
97.7631
97.3011
98.6633
98.0642
99.4078
99.1482
100.722
101.354
102.495
102.942
101.738
103.817
102.358
103.129
104.308
104.582
104.532
106.429
106.237
106.183
106.035
105.169
104.502
107.858
106.073
103.991
104.791
103.01
105.301
104.257
103.448
103.663
103.662
103.101
103.524
102.618
103.088
102.176
103.434
104.479
107.566
107.098
106.773
106.966
106.243
106.281
104.884
104.632
105.174
104.612
104.185
104.963
104.932
108.195
106.294
105.2
104.483
103.4
104.931
105.331
105.837
107.478
107.498
108.939
106.674
108.65
108.525
105.265
105.541
103.227
103.332
105.878
106.877
104.94
105.115
106.532
106.642
107.772
107.47
105.688
105.047
105.204
103.376
102.907
104.384
103.599
103.089
102.825
103.335
104.178
105.209
105.606
104.614
106
103.849
103.067
104.138
102.284
101.835
101.593
103.404
103.029
104.694
102.827
104.741
105.77
105.109
102.863
103.607
105.663
105.232
106.299
105.837
108.024
108.411
107.733
107.504
106.194
105.402
104.685
106.676
106.401
105.329
104.863
105.442
104.828
106.061
107.978
105.33
107.059
104.827
103.913
103.261
101.704
100.92
99.8159
100.791
100.206
101.215
102.44
101.766
101.573
102.531
103.944
103
103.924
104.891
104.657
103.519
101.362
100.263
99.3727
100.713
99.6279
100.384
98.8811
98.3871
97.3285
98.0361
97.9585
96.6433
96.4075
96.7907
97.1667
96.5
97.6227
97.6165
96.5062
97.8612
97.7025
99.9099
102.176
102.744
104.996
105.853
105.284
108.378
109.173
106.371
107.368
109.11
109.936
109.151
106.085
105.486
106.837
108.274
110.707
111.639
111.652
111.469
111.477
110.959
110.419
109.012
110.443
108.724
106.707
106.481
106.612
105.523
105.912
107.747
108.555
108.541
111.618
109.45
107.592
108.351
109.584
110.737
112.037
111.548
110.291
109.68
107.11
108.069
108.339
111.805
111.112
112.053
110.816
109.892
108.694
107.201
106.66
105.813
104.996
105.886
107.301
105.324
107.1
106.605
105.915
104.878
105.112
105.72
104.209
104.206
104.323
104.122
103.426
106.608
106.984
108.529
106.918
107.074
109.691
110.957
109.572
110.001
112.462
115.236
113.774
113.249
113.17
117.031
114.512
117.437
117.321
118.971
120.033
120.054
119.698
120.229
120.693
122.731
123.018
124.176
122.748
122.735
121.836
123.582
123.433
123.021
119.508
118.927
118.191
116.84
115.078
115.641
116.111
118.415
119.807
120.157
122.425
120.501
119.015
118.087
117.12
116.765
116.097
116.544
116.043
117.967
120.271
121.141
121.994
124.937
125.737
128.128
129.7
132.65
132.941
133.738
133.355
132.587
132.085
135.192
135.145
134.469
132.785
133.311
134.568
131.996
131.913
135.237
134.373
135.001
133.565
133.121
133.509
134.176
136.766
138.981
138.944
139.175
140.146
142.966
141.971
140.252
139.989
140.37
141.514
139.976
139.576
133.365
135.129
135.917
139.931
140.802
142.023
139.131
136.802
135.216
133.446
133.972
131.67
133.813
134.001
133.593
134.09
132.145
130.914
131.719
130.961
131.998
130.151
129.344
131.348
130.523
131.843
133.08
132.208
131.736
130.395
129.539
130.649
129.742
128.22
130.618
132.994
134.803
137.153
135.436
137.177
135.885
136.857
137.626
137.68
137.842
134.815
133.648
132.924
132.43
131.234
134.315
130.982
130.792
132.327
137.106
136.035
134.901
139.298
137.616
134.048
135.271
136.402
137.53
136.408
136.412
133.949
132.54
133.847
132.725
132.014
132.839
131.152
132.266
132.7
131.062
132.697
128.987
130.167
129.955
132.506
132.701
134.458
134.645
134.238
133.641
134.426
135.159
134.84
133.131
134.808
135.025
131.919
136.001
135.984
134.433
132.529
133.727
135.124
134.103
131.427
129.279
130.002
130.651
131.06
132.012
132.423
131.012
130.252
129.123
130.063
128.657
129.956
129.523
128.244
128.917
128.525
127.149
128.118
128.925
127.722
127.591
123.53
124.275
125.148
127.088
127.021
125.932
123.329
122.547
122.993
122.808
122.167
119.901
121.107
119.55
123.761
124.304
124.746
122.989
123.735
124.96
121.563
122.846
123.268
124.294
124.712
125.056
124.076
122.303
122.611
122.646
120.236
120.51
120.566
124.004
121.75
122.894
122.562
126.508
127.08
127.09
126.258
124.998
124.176
126.636
128.224
128.945
128.755
130.681
131.403
131.671
129.255
127.959
127.058
125.595
128.662
129.657
131.212
129.338
127.085
125.303
124.113
124.643
123.866
125.326
123.943
125.084
125.577
125.714
126.939
126.685
124.898
123.203
123.084
124.002
125.637
128.672
126.942
129.599
131.933
130.387
130.86
132.113
130.428
127.337
129.166
130.325
125.948
127.163
125.944
125.378
127.903
129.497
129.235
127.407
125.6
125.433
124.949
124.769
124.447
123.4
124.663
124.076
122.775
120.33
120.596
119.79
120.518
118.587
116.533
119.583
120.05
120.521
124.506
124.343
125.352
125.905
128.025
127.808
127.458
127.662
126.761
127.47
127.523
125.583
125.977
124.24
124.258
123.564
125.068
125.096
121.918
122.501
123.376
122.034
121.35
122.535
122.439
124.911
124.049
125.322
127.524
128.767
