100.323
98.2496
99.086
99.7519
98.06
98.9818
98.7658
97.2578
98.5583
102.005
101.787
102.233
101.03
100.14
100.448
99.2879
100.267
100.033
98.4945
98.8101
99.3823
100.314
102.395
101.351
99.0696
99.5098
100.491
101.542
99.2977
98.5203
98.9157
98.1345
97.4264
97.1063
97.3452
96.1843
97.4747
96.6394
97.4987
96.8991
95.66
96.2945
95.8773
96.4763
96.1423
95.6211
95.296
97.6036
97.7688
96.6758
96.3557
96.6848
97.1623
97.7579
98.6005
98.066
99.8277
98.5349
99.5882
96.8254
96.4067
95.1781
96.087
96.5473
97.0345
97.6497
98.0877
99.0873
97.1518
94.6882
95.1948
95.3154
96.7383
96.4131
94.8675
96.3322
97.993
98.7621
98.6665
99.1384
99.992
99.7808
97.6939
98.3725
100.318
100.929
102.46
104.77
105.058
106.078
106.299
106.86
108.141
105.854
107.177
108.336
106.884
106.194
106.819
106.818
106.386
105.065
102.451
103.295
103.256
105.649
104.442
105.952
106.485
108.551
108.387
109.707
111.975
111.225
109.532
109.198
108.537
107.18
105.382
104.668
105.346
104.019
105.271
106.338
106.727
105.261
103.364
102.96
105.108
105.51
106.152
106.316
107.684
109.107
107.003
107.79
106.915
108.388
106.528
109.699
108.944
106.772
107.578
108.972
107.728
107.442
107.368
107.775
105.643
104.821
104.992
103.538
102.758
104.601
104.367
102.761
104.48
103.796
103.309
102.122
100.472
99.5609
99.4375
100.632
99.4069
99.3876
100.787
99.0778
94.9586
94.4186
94.2167
94.379
94.7356
91.3869
93.0737
91.8178
93.4994
96.1295
96.272
96.9151
97.6939
95.7281
95.0135
95.2755
97.74
97.1586
98.6843
99.3928
99.4482
99.7319
100.315
98.6272
99.417
102.164
101.522
102.954
102.594
101.276
101.817
104.41
103.172
105.654
106.492
109.035
110.876
111.809
112.094
111.715
112.237
111.424
110.983
111.218
113.124
113.972
112.085
113.527
113.758
113.68
112.428
112.707
113.84
113.97
115.167
115.969
115.85
116.371
114.335
112.681
113.35
113.073
113.19
112.991
115.841
115.885
116.711
114.122
113.617
115.178
114.227
112.565
113.994
113.064
114.785
117.522
115.531
115.815
117.624
118.6
117.077
117.023
115.812
117.056
117.329
113.06
110.506
109.573
106.343
106.324
107.883
108.541
109.202
109.122
109.411
108.928
106.678
109.124
106.538
108.009
108.982
108.093
109.417
111.488
109.641
107.356
106.802
104.475
104.763
105.02
105.878
105.518
107.299
106.614
106.346
107.172
108.658
106.414
105.92
104.129
101.648
100.281
100.022
101.855
101.903
101.439
100.389
100.119
103.067
103.252
105.311
106.584
107.508
106.689
106.96
106.62
106.191
106.105
108.009
106.755
106.636
105.575
105.793
107.119
106.823
108.697
105.457
103.937
104.974
105.897
106.856
107.137
105.977
109.66
110.288
110.444
111.366
111.875
113.652
114.802
115.001
116.532
119.429
120.752
120.452
121.313
122.985
122.561
123.375
126.425
124.952
127.185
126.35
127.935
127.607
127.806
125.274
123.866
126.554
126.186
126.934
126.306
125.392
125.567
126.387
127.588
125.176
125.141
123.356
123.502
125.04
128.086
129.375
132.236
133.725
131.786
131.966
133.368
132.178
131.753
129.288
127.846
128.201
128.084
128.494
126.506
125.212
125.627
128.939
128.993
128.476
129.827
129.149
130.747
132.454
132.893
131.306
132.237
132.075
130.475
127.826
127.907
128.756
129.217
129.545
130.784
131.561
131.655
130.235
128.303
126.444
128.259
126.946
124.66
125.078
124.829
127.352
126.039
126.814
125.133
125.021
123.893
124.527
127.285
128.569
126.555
127.207
126.73
125.932
125.813
125.205
124.439
126.521
127.391
126.096
124.245
122.425
121.505
122.11
122.783
123.256
121.333
121.634
121.598
120.124
119.043
118.992
120.56
120.626
121.494
121.947
121.771
119.729
116.533
119.138
120.276
121.546
122.248
123.309
123.315
121.559
119.15
116.048
115.695
116.483
115.831
117.189
117.406
116.806
114.905
115.262
116.553
117.915
118.498
119.832
119.163
117.893
117.314
118.433
119.674
119.596
117.728
120.862
119.22
119.424
119.849
116.75
117.424
119.127
119.819
120.469
119.399
120.548
121.588
121.444
123.249
119.942
120.925
121.863
123.933
124.98
125.155
127.265
125.215
124.181
125.902
126.315
126.846
127.774
125.821
127.036
126.293
127.682
127.866
124.253
125.933
127.532
130.311
129.544
129.984
131.533
133.599
134.424
135.69
132.058
132.027
130.168
128.958
132.245
130.902
130.994
129.209
130.283
128.4
127.369
128.442
129.633
130.212
131.719
131.752
132.112
128.562
129.513
128.726
130.79
129.097
129.018
131.932
131.602
132.381
129.928
130.725
128.14
130.486
130.579
130.494
130.025
131.776
131.333
133.803
135.081
130.749
131.706
130.522
129.017
130.071
130.437
131.666
130.351
131.178
130.628
131.697
131.069
131.723
130.812
128.884
127.084
127.381
127.571
127.942
126.466
125.103
128.002
130.401
135.33
135.739
136.807
135.397
134.928
134.133
133.108
131.617
130.925
131.978
134.686
134.451
134.268
136.925
136.945
136.936
136.866
137.74
137.967
144.381
143.436
143.806
145.445
149.332
152.342
151.646
153.611
153.849
