100.475
99.4133
98.0614
98.8083
95.192
93.3484
91.7825
90.9057
90.4261
90.9104
91.6139
92.277
91.5969
89.0621
89.1608
89.799
91.8913
91.7928
91.6053
90.4073
90.7749
89.964
89.4776
89.2667
88.6091
87.7362
88.8895
88.6429
89.7673
90.5274
89.9791
89.3637
90.5645
89.6873
91.0293
91.8426
90.7404
92.7459
94.9668
95.435
95.8805
95.1194
96.6584
98.2353
98.4885
97.6666
97.6123
97.3801
98.0234
98.0057
96.8365
97.1066
96.0599
94.9412
95.9991
96.3607
96.065
98.1154
97.8098
96.4301
97.8409
98.3439
98.327
98.6859
102.184
103.095
105.19
105.169
104.199
104.02
101.386
105.417
107.585
108.888
109.779
108.101
107.063
107.672
108.393
107.178
106.881
105.751
104.246
103.982
107.434
106.342
107.182
107.587
109.656
109.81
109.339
108.602
108.034
110.384
110.268
109.831
107.145
108.124
109.637
107.182
105.372
104.461
102.944
102.78
104.833
104.811
103.577
103.333
104.065
105.212
106.728
107.638
107.912
107.43
107.759
106.853
107.826
108.715
108.513
108.759
108.01
106.559
106.593
105.377
103.378
103.327
100.969
100.732
102.336
102.45
104.025
103.418
104.269
101.942
102.81
104.061
104.678
105.206
105.412
106.454
108.093
109.917
108.37
107.655
107.634
107.656
106.721
108.155
107.773
106.895
105.045
104.283
105.139
104.345
104.397
103.374
103.362
103.369
103.216
103.92
105.105
103.466
105.184
107.327
108.799
107.911
108.343
105.949
106.047
105.931
104.893
103.602
103.175
102.964
104.268
105.039
105.75
105.421
104.043
103.522
104.431
102.951
106.662
106.864
108.342
108.366
106.618
108.675
109.597
111.964
110.756
111.662
110.943
112.481
114.001
112.839
111.498
111.016
112.457
115.298
118.341
119.885
120.709
119.957
119.363
119.67
119.976
118.091
116.329
118.436
120.26
117.682
117.558
117.617
117.705
117.709
117.588
118.674
122.411
121.2
118.239
115.576
114.142
113.422
113.34
112.635
113.292
111.638
111.403
109.082
108.361
110.628
111.366
111.499
109.63
110.669
110.678
109.541
110.95
109.542
112.53
113.744
110.799
110.434
109.891
110.695
110.195
110.257
108.083
109.355
109.509
110.745
111.642
111.551
110.311
109.638
108.014
106.926
107.127
105.098
105.032
103.43
104.792
106.062
104.526
102.735
104.053
104.853
104.742
101.791
104.804
104.985
104.929
104.124
102.083
103.382
102.616
102.934
101.286
99.2377
99.3563
100.078
101.81
103.816
104.271
104.845
104.884
106.327
105.783
106.819
105.778
105.751
105.051
104.419
103.464
103.419
104.034
102.206
101.692
101.219
102.145
102.557
102.835
102.278
102.006
102.989
105.189
103.788
104.547
103.937
106.107
104.613
103.691
103.812
102.081
102.09
102.257
102.367
103.602
102.522
102.886
104.099
104.386
104.374
105.806
107.096
107.059
108.497
109.013
110.401
110.267
112.551
111.866
110.667
111.533
112.364
111.267
110.462
111.033
111.493
110.148
108.086
107.97
106.432
107.281
107.976
107.737
111.124
110.411
113.145
112.986
115.081
117.26
119.327
119.906
122.34
123.185
124.249
123.087
122.013
122.233
126.273
123.735
123.539
122.67
121.792
120.987
118.88
121.335
124.284
126.93
126.889
127.299
127.185
126.29
127.755
130.332
128.2
130.07
128.735
128.19
126.748
125.628
127.966
129.744
131.219
132.517
132.337
128.9
129.706
130.85
131.347
131.43
130.05
128.517
131.106
129.061
129.445
127.342
131.397
130.531
128.799
129.291
127.548
127.167
126.802
127.94
126.416
128.134
126.738
123.621
124.12
120.1
119.905
119.183
121.544
121.518
122.365
123.127
121.885
120.789
119.213
119.715
120.218
119.06
118.449
116.377
117.41
119.911
118.233
121.106
119.113
117.833
118.963
117.68
117.489
117.304
117.283
118.425
119.458
119.623
120.906
119.387
118.453
119.078
120.473
118.61
120.436
121.884
122.203
122.915
123.101
121.089
123.273
121.056
122.885
120.51
123.194
125.374
124.77
123.544
125.932
125.179
124.411
124.287
121.982
122.918
122.487
118.268
116.833
118.394
118.031
118.511
118.298
117.898
120.036
120.664
120.099
117.992
118.486
117.235
118.091
118.593
117.717
113.331
113.227
114.808
114.72
114.504
116.592
114.812
115.554
117.977
121.04
120.676
121.997
124.055
125.378
123.515
127.039
127.47
127.538
126.748
126.092
123.397
123.319
124.061
123.645
123.13
124.099
121.865
123.092
122.705
123.965
122.112
121.468
123.113
125.459
123.873
120.102
119.848
118.258
119.853
118.995
122.168
122.316
122.216
123.313
123.792
123.954
123.779
122.01
123.738
125.489
126.596
124.665
125.671
128.732
131.778
131.354
132.648
133.089
135.345
136.068
136.315
134.671
135.509
134.212
135.241
135.952
134.254
136.41
137.444
136.149
134.893
135.676
138.032
137.783
135.264
136.863
140.237
140.408
138.466
141.727
143.182
143.22
143.914
146.594
146.879
148.947
150.61
153.008
154.31
155.045
157.274
154.874
157.383
158.755
159.189
159.495
159.387
153.75
155.441
151.902
147.618
149.814
151.264
149.439
146.705
145.285
143.486
139.911
138.69
139.572
143.242
140.903
144.597
144.339
146.894
149.731
