99.8537
98.8557
99.6746
100.651
100.89
101.381
101.655
100.383
101.806
101.023
101.044
98.7712
97.7227
98.8423
99.3635
99.4117
98.1647
100.673
101.193
102.986
104.513
101.357
100.996
99.3041
99.5599
99.5867
98.8461
99.3192
100.243
100.492
100.477
100.405
102.015
102.876
106.329
107.182
107.315
104.942
103.327
104.562
104.686
104.54
103.213
103.595
104.246
104.325
105.136
104.079
102.594
103.257
104.841
103.484
102.172
100.437
99.2388
98.5115
98.7243
100.24
102.897
103.391
102.85
99.9986
100.257
98.9337
98.9159
100.394
98.4513
100.665
101.462
102.229
104.632
105.956
105.686
105.242
106.981
106.648
109.045
108.847
111.387
110.83
110.053
111.257
111.597
110.291
110.218
110.137
111.991
112.087
114.457
115.023
113.162
114.163
114.958
114.984
116.987
117.676
117.388
118.482
116.743
118.143
119.078
119.668
120.333
119.575
120.567
122.248
124.022
125.801
126.586
125.345
125.901
124.977
125.351
127.174
126.173
124.135
124.598
123.397
127.111
129.913
127.38
128.889
131.675
131.491
129.988
129.391
128.455
130.04
130.932
131.434
133.418
132.132
129.731
129.61
130.472
131.775
133.625
134.84
134.086
134.698
133.228
132.85
132.344
128.914
129.27
129.263
130.156
131.68
131.091
132.255
131.853
130.364
133.271
132.075
130.086
130.238
127.558
126.83
126.567
128.256
128.958
129.321
130.158
132.007
132.019
132.156
133.286
132.373
131.033
129.948
129.352
129.546
131.369
130.542
129.283
132.163
131.661
131.204
128.622
129.945
131.387
133.551
134.089
133.441
132.293
132.511
133.504
130.951
129.445
129.781
127.843
128.279
125.893
126.524
124.617
124.985
124.377
124.406
126.798
130.408
133.014
135.916
135.251
136.001
137.089
137.503
139
140.217
142.133
143.645
143.117
141.301
140.89
140.046
140.618
139.787
140.686
139.597
137.665
136.657
135.506
129.145
130.406
133.364
134.416
132.869
132.308
132.284
133.147
135.114
132.321
135.716
134.459
137.577
140.001
138.247
140.644
142.451
142.036
142.111
144.071
144.698
142.29
142.989
143.23
145.468
146.066
145.472
149.675
147.839
148.354
148.901
147.373
144.96
143.745
143.265
143.433
140.675
140.586
142.095
141.772
141.835
141.706
139.168
137.276
134.911
136.825
139.001
142.095
145.372
147.689
148.171
149.199
152.126
150.061
148.085
146.673
143.646
142.192
140.276
139.976
137.712
142.384
141.536
143.788
146.272
146.617
145.564
143.168
146.989
147.998
146.43
144.927
144.263
146.51
147.286
146.617
145
142.7
141.517
138.734
139.473
138.431
135.502
134.294
132.066
134.287
135.848
137.368
133.561
134.302
136.926
134.694
136.121
134.97
133.481
130.935
130.788
127.601
127.607
128.188
127.146
124.11
125.55
126.611
128.659
127.637
129.531
129.177
130.955
130.38
128.387
130.125
128.981
128.54
129.018
130.34
130.853
130.301
132.179
137.942
137.101
132.45
133.002
133.374
134.653
133.205
130.824
127.431
128.843
126.905
125.886
126.615
126.37
127.225
123.606
125.121
128.115
127.72
125.183
122.358
124.422
123.258
122.569
124.563
122.6
124.952
125.297
122.218
120.273
122.602
122.204
121.645
121.463
121.276
122.002
123.9
120.728
121.23
123.071
123.377
123.038
122.651
119.469
120.395
123.213
121.766
123.788
122.449
124.573
123.15
124.986
125.053
128.142
128.385
130.546
129.489
125.962
126.512
124.071
124.191
127.928
126.852
126.437
126.439
126.137
124.492
126.993
124.296
123.4
124.865
122.778
124.668
122.46
121.379
119.879
118.651
115.77
115.677
116.032
116.66
118.886
116.491
115.123
115.574
115.586
114.444
114.13
113.551
112.901
112.868
110.953
110.331
112.011
112.179
109.746
108.131
107.157
107.085
107.814
108.501
107.379
107.572
105.028
104.856
106.357
106.438
105.893
106.629
107.739
107.482
108.061
108.71
108.38
108.593
109.885
111.993
117.095
115.746
116.627
118.62
119.983
121.133
123.14
122.473
119.489
119.947
121.081
120.554
120.356
121.526
121.454
119.645
117.785
119.848
122.015
122.559
122.084
121.121
118.097
117.388
116.442
118.299
118.163
116.083
116.369
113.972
115.142
118.238
116.225
118.208
117.395
113.67
113.001
109.726
113.143
114.623
108.418
108.343
108.426
110.771
111.214
113.139
112.122
111.898
113.4
114.416
113.057
112.488
112.997
113.77
112.348
110.757
109.146
107.141
106.652
105.847
107.148
106.505
108.466
107.723
106.776
106.746
107.617
107.093
106.991
105.8
106.323
106.697
106.298
107.302
106.234
104.954
103.317
102.238
104.535
105.479
104.738
105.247
105.74
107.077
105.242
106.059
107.584
106.178
110.404
109.263
108.04
109.148
108.794
107.325
108.353
108.224
107.288
106.694
107.811
109.227
108.693
109.6
110.409
108.031
105.665
106.139
104.5
102.754
101.111
101.472
103.191
104.725
103.853
104.376
101.439
100.746
100.644
99.8517
102.148
103.141
103.519
103.52
102.605
102.721
104.758
105.856
106.616
106.429
106.588
107.942
108.234
107.861
106.513
105.282
107.205
108.626
108.252
107.085
106.651
107.235
108.09
107.465
106.347
