100.136
100.387
101.57
104.543
106.726
107.555
108.034
106.577
105.976
105.249
106.248
106.291
104.748
103.25
103.615
103.342
102.946
103.403
104.105
104.968
105.184
102.5
103.158
103.681
103.08
104.526
106.822
105.602
107.98
105.466
102.697
102.686
103.496
103.704
102.763
100.923
100.287
100.225
101.764
102.184
101.904
102.482
102.829
102.115
102.202
102.657
102.236
99.7401
99.2852
100.222
99.6242
98.6123
97.7961
97.5009
97.1514
96.4363
97.6545
96.5939
98.8033
98.8145
99.4331
99.3898
98.7046
98.1937
97.2701
95.5339
94.6446
95.0525
94.111
94.5444
97.385
97.6097
95.8435
96.9507
99.886
101.851
100.887
102.558
101.507
99.6635
99.5336
100.813
101.666
103.316
100.245
100.61
99.7958
98.5121
98.2806
97.6046
98.378
98.6624
98.0728
97.4003
97.2318
99.5031
101.484
103.345
105.871
106.924
106.661
105.762
104.775
108.088
108.141
109.262
110.741
110.88
111.398
112.984
113.813
115.021
115.533
116.673
114.523
118.023
116.565
117.224
118.907
119.291
119.616
122.425
123.102
123.69
124.804
125.416
123.652
122.744
122.741
122.979
123.938
125.694
123.32
121.062
121.52
122.179
122.41
121.343
120.468
121.986
120.492
119.813
120.308
121.168
120.763
119.017
119.945
123.621
124.953
125.26
125.209
122.147
122.717
122.786
123.004
119.737
117.985
116.94
117.282
117.079
113.725
113.401
112.998
114.265
114.077
116.165
116.736
116.439
117.265
115.01
113.423
112.173
110.389
110.653
113.568
115.291
116.156
114.331
114.747
113.585
111.865
111.825
111.804
110.326
107.888
108.781
110.019
107.51
108.499
109.295
110.281
111.788
112.957
112.315
111.133
113.309
113.372
111.759
112.911
113.724
113.801
113.89
114.312
115.053
115.659
117.151
116.04
116.085
118.476
116.021
117.901
117.737
119.903
118.423
118.213
117.66
117.329
116.482
118.762
118.248
119.519
121.307
122.914
125.932
125.332
126.514
125.238
122.821
123.211
121.533
121.757
121.541
122.127
120.476
120.964
120.817
123.596
125.899
123.356
123.13
120.426
120.604
122.109
121.672
120.906
122.791
122.767
121.575
123.723
123.459
125.47
124.206
121.964
120.531
118.247
119.752
116.621
117.795
117.302
119.265
117.212
117.078
119.88
118.182
117.667
118.149
116.076
118.639
119.547
116.965
113.602
113.673
115.819
115.952
116.44
117.306
116.092
117.784
116.996
118.299
120.064
119.764
119.805
120.228
121.374
123.759
123.309
125.534
123.481
126.253
127.423
126.396
123.847
123.113
125.466
125.615
126.111
124.144
124.448
124.79
124.923
123.917
121.983
123.446
121.633
122.088
122.429
120.484
120.37
118.45
116.998
117.108
116.778
116.401
116.716
116.363
117.357
116.345
115.927
115.15
114.73
111.889
108.764
107.063
104.435
104.597
104.546
105.941
106.692
107.24
106.654
107.307
104.857
104.342
101.938
102.525
103.812
101.511
100.259
99.2035
97.5214
96.8834
96.5069
96.525
95.9179
96.6683
96.3636
96.4783
94.4789
95.6483
94.8339
93.5633
92.5588
92.3243
92.3947
93.278
94.7638
94.4403
94.9758
94.2545
94.4988
94.2684
94.7076
97.4177
97.2338
97.5187
98.6692
97.8727
97.6189
96.6714
96.9703
97.961
98.218
97.7663
98.7931
97.6656
99.511
98.0407
98.4258
98.3326
98.7722
97.6595
96.8827
97.1466
99.7062
98.3254
96.8775
96.5763
95.7291
94.4143
94.6407
94.4178
93.8372
94.8101
95.4775
95.7058
94.8241
94.5283
95.8419
95.7332
95.4878
98.4389
96.9843
98.6026
97.7622
95.4919
94.5312
94.1769
93.3837
93.9579
93.6317
92.5822
92.5265
92.8591
92.8977
93.7157
94.3251
93.9269
92.2227
90.4857
90.9325
93.0167
92.1141
90.4041
88.3189
89.9139
89.1825
88.0473
87.616
88.9895
87.2357
87.7899
89.8362
89.1347
89.1799
86.4622
84.9727
85.9448
85.4798
84.2081
85.1655
86.1064
87.3069
84.0534
83.9929
85.9158
86.1286
86.636
87.8112
87.7913
87.5442
87.9545
87.0696
85.3969
83.4259
82.0974
82.1419
82.2944
82.0615
83.5048
82.9536
83.0947
82.3623
83.8827
86.0719
84.3578
83.238
84.821
84.0979
84.7249
83.9055
85.1269
85.0001
82.291
82.7281
82.7419
81.1725
81.7859
82.2506
83.1404
82.6304
83.5271
83.0344
83.4563
83.5582
82.6619
81.8878
82.5476
82.5676
83.8489
83.7369
83.1083
82.9135
84.3035
83.7764
83.3808
81.3732
81.0345
80.9655
80.8891
81.4158
81.21
80.3496
79.4157
79.9848
80.4685
80.1315
81.2928
79.6741
79.8564
82.9183
82.3349
84.1883
83.802
82.3759
84.2272
85.0517
84.7159
83.0282
82.1901
81.7045
81.8191
80.6464
82.5002
82.0294
81.2318
80.1972
81.4375
80.649
80.4136
80.8987
79.7189
79.7649
79.5474
79.6381
78.4373
77.9378
78.8685
77.9865
77.4352
75.9342
74.3616
74.9666
75.053
74.0971
74.2774
75.5753
76.3403
76.7166
76.0762
75.9003
75.3603
74.7583
73.8179
75.0411
74.4987
74.8534
74.9801
73.9514
73.7396
74.09
73.6216
73.581
73.0606
72.4987
72.2757
73.181
72.4513
71.9441
71.5272
71.4654
71.1424
70.6819
69.989
70.3985
69.9514
69.7159
69.8083
68.7179
66.7657
67.1545
66.4386
68.5081
69.3257
70.6966
72.6077
71.4131
73.4651
73.3161
72.5389
71.753
73.1924
73.4977
73.2317
72.2656
72.5827
71.8061
71.3167
72.6235
72.241
