99.5016
99.8125
100.246
100.765
98.7817
98.4227
98.2638
99.99
99.4041
99.5618
96.4039
96.1014
95.3945
97.468
95.2152
94.976
95.7472
95.7647
95.977
95.916
96.2813
96.6853
99.067
99.1197
101.099
101.391
100.649
101.734
102.874
106.067
106.319
108.053
108.572
107.937
110.596
110.136
111.106
112.833
112.899
112.399
113.282
110.804
107.176
106.715
106.457
106.518
106.067
104.751
104.561
104.767
102.606
104.241
105.118
107.596
109.01
105.724
107.05
105.605
106.905
107.022
106.706
106.897
108.822
108.669
108.661
109.312
109.915
108.326
110.614
110.525
110.428
108.788
107.911
109.295
106.645
104.022
105.133
103.267
101.552
100.211
100.846
101.972
101.554
104.811
105.572
106.701
108.224
108.492
110.297
110.284
108.167
107.99
110.112
111.575
110.892
113.051
113.916
112.664
110.646
111.274
111.31
111.732
109.296
110.198
107.976
108.212
109.354
110.12
109.744
112.35
111.292
109.043
110.454
108.773
107.715
106.217
106.518
105.374
104.593
103.311
102.788
103.059
103.278
103.114
102.16
100.528
101.001
102.153
101.442
103.2
103.571
103.593
103.12
104.476
107.302
107
107.221
107.955
109.302
109.465
111.763
113.88
113.126
113.255
113.381
113.458
113.774
114.617
112.344
113.865
113.617
113.938
114.119
112.281
111.125
112.264
114.442
114.721
115.636
115.549
111.316
109.82
109.64
112.323
112.599
113.182
112.692
109.28
108.765
109.883
110.07
110.179
112.798
112.693
111.767
111.813
110.919
112.265
113.64
115.224
114.125
111.628
110.68
113.594
116.894
117.571
117.997
117.416
117.471
117.236
116.127
118.005
118.811
116.157
114.577
112.363
112.107
111.629
111.278
111.503
109.663
108.604
108.05
106.405
104.889
107.635
108.179
107.037
107.648
107.545
108.78
108.342
107.649
105.722
103.56
104.156
101.563
102.241
104.831
105.026
103.266
103.255
102.49
101.097
100.002
100.514
101.506
102.562
100.698
100.466
99.0439
99.0487
99.5409
101.43
100.665
98.8904
99.5499
100.001
100.281
100.527
101.847
101.426
101.312
102.048
102.125
100.707
102.723
102.382
102.598
104.397
105.003
106.505
106.289
103.72
101.588
100.563
100.565
100.241
98.3839
99.7611
102.325
102.78
101.734
100.501
100.438
99.8942
99.1912
101.555
103.46
102.609
103.006
103.625
103.284
103.342
103.05
102.494
102.788
104.468
105.407
105.892
106.33
105.699
105.671
105.053
104.509
104.128
104.845
106.871
106.669
107.152
105.783
104.107
104.818
103.132
101.167
101.618
101.957
102.79
101.958
102.206
102.564
101.325
102.429
103.437
102.137
100.979
98.6857
98.7271
98.7826
97.5759
99.2548
95.3398
94.3343
96.787
97.6378
97.4064
99.0937
99.071
99.2179
97.4492
97.8045
99.4851
99.678
98.2521
100.575
102.658
100.34
100.137
102.425
100.78
103.254
102.238
101.961
104.001
101.537
99.5092
99.5752
97.0451
97.5874
97.4533
99.0018
100.14
98.2695
99.3804
101.141
99.8361
100.597
100.832
99.5581
99.911
98.9789
100.108
100.333
101.854
99.6635
99.9485
99.9116
98.3141
98.6486
98.6259
98.1002
99.4377
98.8825
97.2207
97.5842
97.4046
97.3665
98.2733
99.5423
97.5849
100.376
102.638
100.422
100.426
99.4412
99.195
101.509
100.57
101.419
101.811
103.128
100.494
98.9836
100.181
98.5448
99.0428
97.9821
99.387
98.3922
96.7955
99.5189
98.38
97.5507
97.3955
98.0598
98.7402
97.6886
96.3266
94.2611
93.9314
91.5162
88.4538
89.1906
88.3405
91.5557
89.5041
87.5155
87.9496
87.6064
86.818
86.4387
85.3295
86.0043
85.151
84.5704
84.4246
85.8059
84.4863
83.8996
83.6006
84.5128
85.3734
85.4882
84.2696
83.3094
83.2897
81.8482
83.2448
82.3522
82.3327
84.7887
84.0504
84.1176
83.213
82.3117
81.9884
82.2009
81.6273
80.1935
80.5607
82.8623
81.4683
79.0803
77.9585
78.0992
78.4221
77.698
78.62
77.3153
78.946
78.7832
79.888
82.0141
83.2806
84.5165
84.8124
85.2454
84.5112
84.7266
85.0321
83.8704
84.471
85.6397
88.2091
86.215
85.9823
85.0412
86.4001
84.6709
84.3028
84.9898
84.9026
85.3225
85.7973
84.4722
84.6913
86.0239
85.5856
83.2215
85.1382
85.0762
86.6469
88.38
86.877
88.2005
89.0077
90.1426
89.4392
88.9074
87.1423
88.0042
88.2433
90.7783
89.398
87.2649
85.8376
85.1727
82.6399
82.5159
82.8749
83.6038
84.2622
84.0765
84.0883
83.918
83.3104
82.8386
82.7283
81.9013
80.3867
80.5814
81.9688
82.1281
82.7472
83.8593
83.2555
83.7203
83.4373
83.2849
83.0847
82.7872
82.6259
81.6162
81.812
82.7997
83.0269
84.5326
84.2399
84.3397
83.6905
84.1652
83.9687
83.8058
82.4377
83.008
84.5343
83.1686
84.6461
85.7935
85.3735
85.8894
87.6399
86.0896
87.1395
85.4664
84.6786
84.1894
85.1508
83.9433
83.781
83.6107
82.8946
83.8343
85.9196
84.3807
84.6763
82.4787
82.3214
82.2332
82.728
83.765
83.0266
83.1975
84.5492
86.1932
84.9552
84.8172
84.1182
85.2674
86.9235
84.734
84.2693
84.1765
82.6705
82.3161
82.0198
82.2034
80.603
80.3547
81.2109
81.5342
79.7948
79.9891
80.0795
79.8848
80.498
82.0198
81.5735
80.9172
82.3534
81.3691
82.4982
83.7807
84.4744
82.7857
83.1806
82.8545
81.7683
83.5593
82.6306
