101.365
100.158
101.169
101.01
100.834
100.246
101.278
102.171
101.484
100.578
99.1426
100.748
100.041
98.9477
96.5963
94.3857
93.2579
92.6813
92.9079
93.1683
91.4524
91.3855
92.8039
92.8098
92.1262
92.5094
91.7632
90.1968
89.397
89.6627
92.6024
95.0962
96.016
97.838
100.747
100.964
102.939
102.646
103.624
102.731
102.579
103.121
103.929
104.283
103.695
104.035
105.118
104.034
105.008
107.126
107.856
106.301
105.579
106.815
106.118
105.029
104.767
103.16
103.898
103.309
105.352
105.603
105.297
104.706
103.891
104.37
101.842
103.434
104.96
104.718
105.086
105.288
104.078
104.3
104.411
102.254
102.306
103.286
101.481
99.4434
98.138
99.0666
98.602
99.2903
99.8034
100.559
100.009
100.263
101.29
100.576
99.7525
99.3328
101.308
100.243
101.324
98.8342
100.447
99.9006
100.215
100.374
100.05
99.5997
99.7669
97.4011
98.3325
99.2492
97.8588
95.9793
96.766
97.9553
98.5376
98.8929
98.5914
99.0976
98.0014
97.0737
98.116
99.3182
97.9569
98.2441
97.1289
97.2804
96.3592
94.7275
95.3241
95.1787
94.6202
96.3914
97.7626
98.3759
99.7174
97.5999
98.2685
100.469
100.312
101.677
101.758
101.673
103.515
102.005
100.116
101.122
100.559
98.7934
99.8346
100.684
102.606
103.626
103.627
103.676
104.019
103.131
102.847
103.158
101.637
100.034
100.363
98.1474
97.9516
97.5365
96.7375
96.2725
95.3308
96.6259
95.7541
94.7443
94.4324
95.6637
98.8272
100.068
99.6638
99.1351
99.2454
97.1382
96.2738
97.0909
98.1017
100.383
100.541
99.2897
101.6
102.52
103.55
103.132
103.078
105.592
104.269
105.767
107.05
106.321
108.251
108.696
106.959
106.019
108.916
109.796
109.024
110.082
111.563
108.952
111.631
111.522
109.289
110.039
110.408
110.637
113.248
114.072
112.502
111.092
111.323
108.904
108.749
108.238
108.723
108.133
109.142
108.316
109.757
109.286
105.618
105.655
105.86
105.66
108.053
108.784
106.505
108.114
109.719
110.014
111.224
110.603
107.187
110.014
107.694
108.732
109.892
111.453
110.206
109.663
111.411
113.456
109.835
111.679
112.214
111.778
109.125
110.764
109.827
107.357
108.015
110.578
109.193
109.743
110.634
111.897
112.281
112.943
112.571
110.787
114.2
114.637
116.053
115.448
116.696
117.91
117.046
115.884
114.457
115.118
114.039
116.409
114.37
113.538
114.142
112.921
113.406
113.591
113.89
112.029
112.889
111.268
108.02
106.991
106.443
105.928
104.19
105.047
103.798
103.499
103.184
104.088
105.35
107.123
108.075
108.783
107.333
108.15
106.567
109.104
108.018
107.929
105.817
105.9
107.343
108.938
110.429
110.604
110.618
110.386
108.603
107.939
108.044
106.944
108.559
107.237
108.336
108.498
107.432
108.088
110.952
108.132
108.335
108.554
109.38
109.335
110.367
111.301
110.797
111.605
110.069
110.899
110.638
112.339
113.386
113.831
112.199
113.154
113.384
113.107
112.303
113.406
113.332
112.097
112.643
112.121
112.217
113.34
112.611
112.994
111.522
111.94
111.002
111.317
111.715
111.659
109.553
112.274
114.402
114.916
115.608
117.629
117.07
116.884
120.039
115.725
116.369
118.034
119.583
121.233
121.07
118.803
117.378
117.585
116.4
117.041
118.917
119.405
118.062
118.831
116.894
118.41
119.327
119.499
117.077
118.472
120.035
120.486
119.221
119.675
119.895
120.039
119.858
120.949
119.928
122.704
123.317
120.996
120.747
121.91
120.545
119.477
118.646
122.36
121.803
124.621
125.886
125.971
123.532
122.315
121.64
120.73
120.195
120.06
117.549
116.895
116.308
118.086
117.659
121.283
120.097
120.71
123.397
123.111
123.853
123.029
125.09
124.99
124.324
123.839
125.08
124.877
125.128
126.152
129.655
131.158
130.772
132.29
131.844
132.758
132.053
132.146
135.185
136.206
139.277
140.036
136.572
138.397
136.532
141.275
143.299
144.8
142.836
139.888
138.414
138.24
138.538
137.117
137.297
139.037
137.294
139.521
138.944
140.335
142.388
143.894
140.752
143.504
145.207
144.928
144.169
146.315
146.57
146.316
147.042
147.259
147.666
148.078
146.815
146.166
145.012
145.893
148.95
147.08
148.93
146.403
144.856
145.722
147.688
147.663
144.377
148.848
150.346
151.065
146.627
147.519
148.427
146.569
144.227
142.141
146.947
144.945
145.69
143.972
142.353
143.318
142.247
145.902
142.549
141.675
141.271
143.411
142.095
141.986
141.447
140.039
142.203
142.985
141.143
140.84
141.378
141.445
140.125
137.859
140.039
138.173
140.165
139.858
138.224
138.984
139.654
140.601
136.68
136.266
132.686
132.347
131.51
131.762
135.356
138.819
139.097
141.355
142.921
143.814
144.25
145.359
145.931
147.832
144.531
143.28
143.698
144.547
147.636
148.684
150.137
149.764
150.042
147.564
146.222
148.407
144.495
144.242
147.258
149.795
151.487
155.104
154.716
156.718
154.012
153.145
153.509
155.862
156.886
155.976
155.294
154.65
154.771
151.117
155.16
154.545
154.754
155.178
153.096
152.199
150.849
148.697
147.792
147.37
148.517
146.69
146.799
147.617
148.021
148.776
145.502
143.669
145.605
145.663
147.5
145.779
