97.5355
97.8041
98.3379
96.6912
95.1565
94.9088
95.0343
95.4329
96.0528
95.8236
95.8008
93.4908
91.7948
89.4413
90.7318
88.4454
88.5864
87.334
85.285
83.7734
85.3188
83.5233
84.8234
84.3568
84.0603
84.4109
84.7678
86.4569
85.0067
84.4882
86.3674
85.2812
85.4163
85.7192
85.4949
87.0654
87.5319
87.9864
86.879
88.8081
87.7526
87.2561
88.34
86.8578
86.0879
87.2666
85.1679
83.73
82.9619
82.1719
81.2036
81.0471
81.3592
79.3853
79.2528
79.6824
78.9606
77.3373
76.3352
75.0899
76.4488
76.818
75.5093
74.1424
74.6287
73.7435
71.8078
72.2133
72.7257
74.0013
73.6764
73.4049
73.2039
72.4957
72.4219
73.5979
74.8739
77.4584
75.6176
74.7396
73.0831
71.2095
70.0469
71.0993
71.4527
70.554
70.9246
71.1678
71.3744
72.3728
71.5575
70.4139
71.6977
72.1105
72.8626
72.3063
72.1872
72.9417
73.1246
72.988
72.4227
72.7083
71.3664
71.5052
72.0382
71.3191
71.0958
70.5992
70.6534
70.5435
70.4816
70.1148
69.8748
70.3635
70.0143
69.9451
70.0678
69.2094
69.2993
68.4197
68.5927
68.748
70.4996
70.7725
70.6557
70.5315
71.4623
71.6636
71.2689
71.8415
71.3438
71.3191
71.6574
70.6667
71.7303
71.2656
72.7384
71.3311
71.3873
72.5738
74.1105
74.6031
73.8958
73.4797
73.3861
73.9231
74.4669
74.3324
74.703
74.4612
73.3585
72.4465
71.5035
70.3667
71.3561
72.8132
71.8367
73.6321
74.3777
73.5753
73.6557
73.8182
73.6313
73.2784
72.6705
73.5648
73.5868
73.9854
75.0102
74.0932
76.2631
75.7908
75.6619
74.6588
73.7132
72.7094
72.8695
72.3598
71.0191
70.0403
69.6538
69.6363
68.9866
69.0492
69.203
68.1836
68.3005
67.4537
68.3546
69.2681
68.1711
68.4454
67.9544
67.78
69.5975
69.7774
69.9508
69.6652
70.1613
72.6734
73.1418
71.4305
71.1245
71.9707
73.2478
74.6964
76.7934
76.0591
74.3139
73.8129
72.9771
75.1379
74.3556
75.0838
74.8215
74.6091
75.9183
77.0219
76.9403
77.375
77.1708
76.5731
74.967
76.4553
76.211
76.7058
76.4533
77.0233
77.529
76.8941
76.1563
76.6794
75.7963
74.954
75.7226
74.4565
74.5306
75.6276
74.3942
75.767
74.5081
74.1885
74.5585
74.8567
75.4117
74.7535
73.1099
72.3688
72.1221
71.3072
71.5862
72.0026
72.2048
72.059
69.7817
69.7582
69.94
69.7917
70.8876
69.3944
69.0239
71.4644
70.2789
70.1877
69.2237
68.9311
69.7479
69.0714
68.8933
70.2256
68.5326
69.4352
70.3122
70.3051
69.9331
70.7292
70.5625
71.0305
71.3352
70.771
72.13
72.654
73.4254
74.4404
73.5403
73.339
72.3616
72.0325
73.866
74.3676
73.5633
72.9588
73.6305
72.9544
74.3123
72.6995
71.6221
70.9576
70.7118
70.4735
70.9071
72.0642
73.9043
72.5575
71.2897
71.8473
72.5707
71.4777
70.8048
71.2915
69.6173
68.8534
68.8019
67.6549
67.9664
65.6481
63.7973
62.4713
62.6328
62.4846
63.2863
62.2572
62.9353
61.9489
61.9007
61.7033
61.9617
62.5882
64.1907
64.6778
65.3151
64.0923
63.3895
62.5583
63.0387
63.0597
62.3703
62.1067
61.3282
62.8339
62.6178
61.3695
62.2168
62.0613
61.42
62.5014
63.1375
63.1551
62.8515
63.5223
63.871
64.7565
65.5967
65.8766
66.8421
69.0375
68.6818
68.7493
70.4409
71.0581
70.0357
69.8336
70.4798
72.0226
72.2744
71.1562
69.8481
69.2113
69.825
69.4467
69.0153
68.0733
67.952
67.9297
67.8551
67.2048
68.092
68.2957
69.4774
68.9608
69.4729
68.9954
68.8701
68.7418
68.4856
68.8302
68.5594
68.1195
67.7212
66.8749
66.1127
65.6232
65.9588
65.617
64.9259
64.9072
65.3398
65.0104
64.9544
64.8647
64.551
63.1197
62.0383
62.1855
60.8507
60.1831
60.943
60.847
60.5809
60.011
61.0279
62.3955
61.5773
62.2759
62.5998
62.5542
63.4259
63.4914
62.2623
63.5401
63.8413
64.7305
66.4016
66.7115
67.6823
68.2968
68.4015
67.2795
66.975
67.2136
67.9112
66.9875
66.7707
68.3499
70.343
69.7483
70.8352
71.271
70.3571
70.6785
69.2326
69.7658
70.7916
71.0152
71.347
71.4579
70.5757
69.4095
68.9889
69.5417
69.1748
69.1938
69.1055
69.2055
70.1125
69.4126
69.1694
69.3618
70.223
69.9361
69.072
68.163
68.1332
68.805
69.4173
69.3438
69.1627
68.6639
69.0009
69.0644
68.7819
69.4024
71.3058
70.694
72.5767
72.8107
74.491
73.5631
73.3806
73.8559
73.3479
72.6398
71.3401
70.5889
69.8414
68.8467
69.6451
70.6593
71.4978
71.7483
70.2586
70.1632
69.7671
68.0219
66.0106
66.127
64.3945
64.6394
65.2838
65.5507
65.2895
64.7339
64.8738
65.328
65.1386
65.301
64.4319
64.3576
64.1386
63.5491
63.9097
62.6062
62.7458
63.1984
63.0622
63.42
63.468
62.4696
62.1308
63.1883
62.3785
63.4664
64.4441
65.6522
65.086
64.2501
63.442
62.6027
63.4351
64.5092
62.966
62.1824
61.7044
61.3854
60.5177
61.8158
61.6451
62.2582
62.2337
61.515
61.6217
60.7984
60.5029
61.3439
61.6733
61.7605
61.7117
62.5899
62.3792
61.1062
61.7841
62.2418
63.916
63.6106
63.1595
62.6218
62.4406
61.8308
61.8129
63.0976
62.4649
63.8088
63.3021
63.4752
63.7463
63.1941
64.5794
64.4498
64.6826
64.556
65.8594
65.8361
67.2904
68.964
70.4121
70.8498
70.2575
70.6159
67.7699
66.3791
65.8116
64.7701
64.1976
62.8734
62.676
63.6866
64.3608
65.862
66.5447
66.6685
67.4203
67.482
66.8217
67.1744
67.0152
67.2453
67.6638
66.7255
66.5075
66.8338
