100.999
100.343
98.5429
100.717
102.578
102.806
103.101
103.227
103.046
103.99
102.647
101.96
102.659
103.347
104.202
105.105
108.33
107.603
109.113
108.568
105.807
104.524
103.5
101.326
101.962
101.577
101.375
101.074
102.517
104.079
105.167
103.698
104.31
102.65
103.94
104.303
104.864
103.241
103.583
102.312
102.329
101.973
102.532
103.066
102.852
102.25
102.393
102.504
103.425
101.797
102.359
100.384
98.2258
97.8538
96.0325
95.0672
94.6941
94.1679
96.4679
94.8395
93.9348
95.3689
94.4482
95.5824
95.2384
94.0052
92.9001
91.5029
92.3468
91.2091
91.5159
91.9435
88.842
87.6174
87.3365
87.5647
86.3218
84.5636
84.8606
85.7186
83.4653
83.5763
83.6152
84.546
83.694
82.491
81.8789
80.4464
76.5732
76.4624
77.0651
76.9724
77.8498
80.1813
80.395
79.9721
79.4426
79.9113
78.4946
79.5621
79.7979
77.8915
78.4772
77.5938
75.8387
75.3171
76.7669
76.4309
74.9403
73.8013
75.4425
75.0116
74.4289
73.8992
71.9441
72.1628
70.5653
70.3767
68.9145
70.2148
68.9842
69.2584
68.9784
69.5676
69.7331
68.5569
68.6268
69.5989
68.9428
70.3314
70.2403
68.8027
69.2516
69.0593
70.2258
70.5565
68.4916
67.2629
66.9953
65.9206
64.7792
64.388
65.1428
64.6699
62.7091
64.2126
63.6903
63.8777
64.5653
63.5616
63.4903
65.2336
64.7296
64.6638
64.9948
65.7107
66.0209
64.5689
64.0079
64.1673
64.4524
64.1849
64.8472
64.6509
63.8965
64.3583
64.6054
64.5756
64.0175
62.6856
63.3077
63.1063
65.3924
65.6094
65.0806
65.7189
64.6278
64.4464
64.0422
63.4257
63.6277
62.9512
61.7087
59.7679
58.0194
58.2431
58.4525
58.2184
58.0579
59.2253
59.524
58.2981
57.6443
57.6986
58.319
57.2905
58.4102
58.1203
58.2084
57.6642
58.0248
57.3883
58.0397
57.9861
57.7094
57.6771
58.8942
57.5178
57.3614
58.1887
57.9108
58.3007
59.0947
59.3027
59.9392
58.9631
58.6208
59.6794
60.15
61.9117
61.7879
61.729
62.7792
62.9665
62.3294
63.0288
62.578
63.7649
64.1154
65.3363
66.0351
65.5475
65.0963
65.6575
64.1355
64.8318
64.566
65.0062
64.1393
64.5128
65.7138
66.7203
65.4939
64.4977
63.8167
62.9195
62.166
61.1923
61.1718
61.0164
59.7121
59.6436
59.1628
58.4498
58.856
59.3297
59.508
59.6792
59.295
58.6555
59.302
60.0699
59.9541
59.8131
59.0213
59.3752
59.4689
59.6232
60.7454
60.0177
59.6458
60.503
61.1161
61.5912
61.0075
62.6061
62.6284
62.011
60.9033
60.8213
60.845
61.8843
60.9395
60.1999
59.4072
59.1753
59.5852
59.5924
58.6169
58.9516
58.9642
58.5064
59.1314
59.6637
59.2376
59.048
59.0738
59.1301
60.4102
60.8161
59.5099
60.4197
60.742
60.4939
61.0059
60.2273
60.7019
61.7729
62.3711
61.6999
60.3271
59.1929
59.5604
59.6131
58.8983
58.9421
59.6183
60.508
60.2457
60.9208
60.8848
61.0721
61.5527
61.6998
60.625
60.5268
59.453
59.199
57.6413
57.2835
56.6857
55.977
57.185
56.6895
56.556
55.9342
56.3003
57.2784
57.8026
58.5386
57.9233
57.4596
56.0692
55.9621
55.7529
56.963
57.6125
56.7135
57.3983
58.4324
59.6764
59.844
59.4624
59.3693
60.0823
60.6714
61.0288
60.4487
60.7508
60.4748
61.4964
61.377
61.6496
63.0522
62.5172
62.7172
64.1474
64.1845
64.5747
65.2945
65.4541
64.7717
63.9559
63.0714
62.7774
62.5348
62.9776
63.2677
63.2102
62.7306
62.7779
61.7351
61.5808
61.6839
61.364
60.7048
59.5833
59.8198
59.392
58.6288
58.7657
58.636
58.3036
58.2149
59.1523
58.8011
58.9108
57.6473
57.6525
57.4798
56.9848
57.9434
59.606
59.7834
60.2686
59.5979
59.4267
60.4717
60.3349
60.8238
62.0515
61.5463
61.4722
61.2149
61.2352
60.684
60.2612
59.9739
60.7074
61.3416
61.2369
61.7467
61.6518
62.9846
63.4395
63.2224
64.0648
64.3714
65.6161
64.8414
65.2874
66.8006
65.7547
65.9114
66.9311
65.3932
63.7361
64.0243
63.9299
63.488
64.4557
65.1362
63.2624
63.2749
64.4288
64.1551
64.8208
65.8003
66.0576
66.5066
66.738
68.0495
66.9716
66.2269
65.4767
65.8872
64.9491
64.8912
63.9001
62.7232
63.3985
63.8683
64.2368
64.6049
66.1372
68.0277
66.7231
66.3453
66.4182
66.6792
65.1683
65.0391
64.2681
65.2046
65.7887
64.6839
64.2662
64.7324
65.464
64.7752
64.5964
65.9591
66.2216
64.702
65.7004
64.438
65.0265
65.4081
65.5765
66.3782
65.8668
66.2974
66.0069
66.7415
67.0852
66.9546
66.545
66.1575
65.6869
66.1138
66.2055
66.7108
65.8908
65.7642
65.9636
67.5687
67.2149
67.2638
66.7148
66.5622
65.6566
65.9843
64.8486
65.4141
64.7695
66.5815
65.7567
66.2412
65.9875
66.4527
67.5794
68.0289
67.7374
67.5884
67.6913
68.07
67.9562
69.0293
68.9694
69.3718
69.4469
69.5791
70.6357
70.9437
72.2411
70.6492
70.1732
71.3398
70.7835
71.6924
72.3514
73.884
74.7031
75.11
74.7964
76.6113
75.6096
74.7315
75.1753
74.8068
74.5731
74.7999
73.9387
75.1339
75.1735
76.2056
76.373
74.527
74.2264
72.7285
72.4497
71.7888
72.2987
71.9568
70.6951
70.9489
70.6314
72.0979
71.8212
75.0485
74.6639
74.1043
73.9596
73.6644
73.7063
73.6687
73.5434
73.4993
73.4001
73.7614
73.9489
74.1862
74.544
74.7233
72.9602
72.2581
72.4658
71.8119
73.1487
73.3275
71.4761
70.8613
70.5246
70.3866
70.0539
71.2451
70.0703
69.865
69.7964
69.9549
