100.185
100.683
100.942
99.7832
99.2833
98.624
97.4126
99.3385
100.082
101.138
99.8618
99.0512
98.1751
98.9511
99.8077
100.82
99.5227
99.8556
99.6231
101.027
100.189
99.1075
96.7246
97.1508
96.5601
96.0039
95.1279
93.7203
93.5543
93.3068
94.1691
92.018
92.7966
92.1881
92.8368
93.456
92.5357
92.3626
91.6963
91.5648
91.5704
89.6704
90.0508
89.674
89.3518
90.4233
91.5638
91.5601
92.3873
92.4219
93.0515
94.4187
93.164
94.3304
95.053
94.7744
94.47
93.3904
92.6293
91.309
90.7782
90.8238
93.5425
90.8639
89.602
90.2008
90.4688
89.4316
90.1838
90.9656
92.3562
91.7363
92.3527
91.5837
91.3945
91.7036
93.7467
92.282
93.5806
93.8772
93.6973
93.381
92.4596
92.8371
94.5273
95.548
98.2213
96.1357
96.9161
96.2549
97.3338
97.0792
96.3744
94.9504
96.6343
95.533
95.7879
94.5984
95.4111
95.0047
94.7436
95.0425
94.3738
95.0267
94.4679
94.7668
94.7818
94.3532
94.898
95.1457
95.5654
94.9767
96.3682
95.66
95.4323
95.1458
93.9313
95.6969
99.8054
99.3948
100.611
101.61
102.949
101.568
100.317
100.935
101.477
101.433
103.159
102.068
99.5243
99.7132
100.582
102.439
99.8219
99.743
99.2242
100.056
99.6446
101.061
101.35
100.186
101.576
100.592
100.968
99.109
98.5352
98.7216
98.4908
100.841
101.42
102.452
103.188
103.678
103.962
103.297
103.777
104.418
107.532
106.342
107.215
107.051
106.017
105.352
106.278
106.027
105.393
105.435
103.694
104.762
103.023
102.83
103.058
102.87
102.154
102.787
102.427
102.433
102.484
102.44
101.936
100.976
100.345
97.9535
98.7911
98.0921
100.88
99.3226
99.5576
100.446
101.199
101.241
102.309
103.12
101.921
100.083
100.44
99.4968
98.2439
99.5693
98.799
99.9991
98.0435
98.0905
97.6081
96.7977
95.8345
95.8524
95.9946
95.0763
95.8184
97.0996
97.0295
96.8189
96.7211
95.7492
93.818
96.9963
98.978
100.435
98.439
99.3733
99.3578
98.2147
99.2157
97.7418
97.57
97.8071
98.2719
98.8185
97.6873
97.6037
96.4922
95.9679
95.7859
95.177
95.7233
94.6329
94.1774
94.965
96.5915
95.985
94.9192
94.4293
93.9988
94.2123
94.4635
95.345
94.9422
92.9551
92.6279
91.968
92.2138
90.0193
89.3483
87.7665
87.2808
86.4459
86.1496
84.1442
83.2319
81.7994
80.7634
81.1179
80.3349
80.3606
80.5991
81.4966
81.9747
80.3216
80.432
79.5633
79.6046
81.0616
79.9178
79.7701
80.2139
78.9233
79.9496
79.5886
80.608
79.3409
78.6832
78.5699
78.5102
77.9487
77.7502
78.0318
78.3278
77.7074
78.2823
78.4858
78.8648
79.8876
79.7711
80.0272
79.5242
78.7991
77.9792
79.5502
79.6495
80.4045
80.9756
82.2607
83.5015
84.2875
83.6671
83.032
83.836
83.3544
82.8677
82.9115
83.2522
81.5909
80.3687
80.5762
81.9271
83.164
81.9417
80.8642
81.1686
83.0203
80.4127
82.6462
83.3601
83.1084
83.0863
84.133
85.1077
84.3043
86.0179
85.8556
85.5893
85.6021
87.0537
86.685
86.5796
84.8186
84.317
85.0608
84.345
82.0433
81.7893
83.0073
81.7746
83.2171
82.6236
81.5029
82.6255
82.0666
81.5449
79.6337
79.5064
78.9931
79.0899
80.1648
80.0593
80.7348
80.6831
80.7905
81.9042
81.0574
82.8206
83.2581
84.2646
82.9137
83.7525
84.0512
83.1226
82.4395
80.5939
80.5472
79.3903
79.1966
80.1573
80.7267
80.9955
81.9851
80.5979
80.0226
82.048
79.951
79.3589
80.1828
79.2696
79.4204
79.7436
80.1468
78.9932
79.7436
78.9445
76.7944
76.852
78.5161
77.6995
76.848
77.7495
77.7229
77.992
78.3559
79.8434
81.1212
80.7169
80.5427
81.959
81.1245
81.5765
80.4254
81.0635
80.8181
80.2066
78.5043
79.1012
79.1243
77.5841
79.1867
80.5496
81.1437
80.528
81.8177
81.3271
81.2557
82.9721
82.9436
81.943
81.972
81.5449
81.4807
82.3567
83.8445
84.0498
85.2126
85.228
85.5734
84.5324
85.7439
84.3846
83.0297
82.2669
82.0468
83.7969
83.2465
84.9438
84.2902
83.4795
83.1069
84.3003
84.1653
83.443
81.416
79.2206
78.3076
77.1226
78.0278
77.4595
79.0314
78.7869
79.7943
79.3457
77.6753
75.1151
75.4684
77.0716
77.7496
78.4256
79.1508
80.09
78.2079
77.5275
79.9954
77.747
76.6732
77.1241
77.9455
77.1721
76.7008
76.4327
78.1444
77.6344
77.7905
77.1165
77.3972
76.589
75.4418
75.2701
75.1881
77.8842
77.0643
79.0929
79.2799
78.3364
79.3196
80.4785
79.1953
79.8553
78.998
80.0038
79.0685
79.0586
77.4155
76.508
76.4646
77.4106
76.3309
76.1982
76.905
77.9687
77.6317
77.6544
75.3412
74.548
74.4391
75.3123
74.3866
76.8985
78.1439
78.7721
78.6032
78.9082
79.4363
78.1589
77.1792
77.3844
76.4095
76.5259
77.2945
75.5375
75.8521
76.8203
76.9464
76.5359
77.9081
77.1927
77.8538
78.2876
79.0888
79.5893
79.7913
78.6672
79.0385
78.717
77.5048
78.5796
79.2322
79.3986
78.8257
78.5135
79.5331
78.8015
79.9208
80.5838
80.5149
79.8962
79.2056
80.5747
81.2299
81.527
79.9589
79.5551
77.9874
77.0226
76.3516
76.1495
76.4217
76.0119
76.113
75.4706
75.6309
76.5548
77.1929
76.7501
76.5042
78.2652
78.1768
80.5412
82.0919
83.6821
83.5752
82.3799
79.8744
79.9376
80.3332
80.6328
78.9525
79.3491
81.9773
81.9864
81.1118
81.2289
81.589
80.2091
80.5623
79.0006
77.1864
77.2099
76.1729
74.8051
73.528
72.8206
73.5821
