100.435
100.147
100.956
100.987
100.54
101.739
101.116
100.393
100.13
100.055
99.1454
99.5649
99.2577
97.7802
96.7306
94.962
98.1624
97.4845
94.6567
95.293
95.0255
96.4026
96.8695
94.7763
93.2984
91.7912
89.8915
87.1422
84.6969
85.0278
84.1588
84.8858
86.4965
85.2439
85.1069
84.957
86.1278
88.2678
87.6359
85.7163
87.8887
88.1803
88.0088
87.2803
86.9222
85.7929
83.3068
84.3724
84.3739
82.5376
81.0981
79.4673
79.59
79.3629
79.7509
81.1088
79.8828
79.7729
79.5145
77.5169
76.7985
77.9814
77.8653
77.6599
77.7467
78.5451
79.9216
80.7336
81.1909
81.8949
81.7721
82.0814
81.1517
80.6524
79.1079
77.2931
75.9639
72.601
73.5357
73.5919
73.8288
74.8472
74.2928
73.8439
74.9944
73.1002
74.679
75.756
73.9989
72.7837
72.9299
74.326
74.7022
73.4301
73.887
75.3165
75.3369
75.6869
74.617
73.484
73.0056
72.4023
72.0402
72.0739
70.1653
70.3518
70.2521
69.9065
69.9631
70.6514
70.7283
70.9087
71.3905
70.68
71.0354
70.5626
71.1616
71.6966
72.1265
70.2928
68.7822
68.746
68.6884
68.8821
70.2924
69.5197
67.9124
67.131
66.0806
65.0568
64.8352
63.9307
64.3742
63.7681
63.1354
62.7514
63.6187
63.5497
63.1359
63.1176
61.6282
61.0677
62.1244
61.8577
62.4276
62.82
61.8567
62.0429
61.6439
62.4151
63.7849
62.3943
63.1407
62.2288
63.375
62.5055
61.7597
61.0054
60.7783
61.2508
62.3767
62.1195
61.3779
61.6367
61.5329
60.5852
59.9578
59.3868
58.5434
57.7007
58.1163
57.9815
57.7985
56.5854
56.1998
57.0344
56.3442
55.7922
56.2809
56.0497
56.3145
56.9467
57.5283
56.4739
56.5118
56.1438
56.6886
56.2871
56.6855
57.4473
56.412
57.1074
57.577
59.2512
58.3722
57.8064
57.5844
56.8156
56.8711
57.2494
56.2973
55.804
56.0187
55.5527
55.7286
55.6658
55.05
55.3135
54.8666
54.5473
53.5448
54.4552
54.8485
55.1095
55.992
56.3267
56.5322
55.4907
54.4191
54.2533
54.9584
54.8539
55.42
56.4441
56.5826
56.7773
56.2666
56.62
56.2894
56.0281
57.2035
58.1876
58.8517
59.3339
60.2418
60.366
59.7396
60.4227
59.1954
59.2445
60.4392
60.8776
62.0624
62.292
63.1115
62.0956
61.8012
62.0637
61.9174
63.0361
61.5862
61.6269
62.0347
62.9195
62.7468
62.4497
63.2314
63.1328
62.5042
64.4436
63.416
64.008
63.1338
64.1185
65.0163
65.1258
64.8811
65.6944
65.7124
64.1102
64.6915
64.2297
64.0232
63.5943
62.3438
60.9857
62.2524
61.377
61.1008
62.5644
63.9173
62.7924
62.4211
62.9453
62.8706
62.4113
62.1584
62.9134
63.3619
64.3738
63.6848
61.7066
60.965
61.8854
61.1547
60.5184
59.8258
59.7604
60.4792
59.4241
59.1913
58.3396
60
59.7093
59.8277
60.3424
59.3708
59.4411
59.6203
59.0187
58.3348
57.9178
57.9079
57.417
57.8537
58.0545
58.5815
57.9435
58.1072
58.7999
59.0873
58.9898
59.1933
59.2424
60.1527
59.7826
59.8596
59.3217
58.9874
59.061
60.0411
59.4433
58.6603
59.1722
58.9177
58.4671
59.9436
60.2157
60.3402
59.9408
59.5914
58.9001
58.8003
59.0078
58.373
58.9611
60.4395
60.1687
60.2947
60.883
59.94
60.0295
60.3942
60.5935
60.9915
62.1093
61.8052
62.3169
60.9859
59.78
60.094
59.1962
59.829
59.3075
58.5157
59.4415
58.9453
59.1744
59.3491
58.6869
61.3503
60.3685
61.9614
61.3272
60.7064
61.2869
60.2338
59.9869
60.3102
59.427
59.0773
58.583
58.969
58.4904
58.2421
57.7318
58.0216
57.5657
57.9255
59.3086
58.3172
59.2832
60.0393
60.8066
59.9149
59.7319
59.5788
59.3148
59.9684
60.1058
60.855
60.3684
60.3304
59.8442
60.1381
61.1261
61.4217
61.7092
62.6148
62.0536
60.8199
61.0421
59.722
60.478
60.5928
60.7542
60.7633
61.83
61.9707
61.7132
62.397
61.2949
61.6046
62.6772
63.0866
63.1471
64.5242
65.0859
64.776
66.6991
67.4973
67.0998
65.8019
67.3666
67.3835
67.1334
68.9424
69.6759
68.5289
68.8729
69.0954
69.5219
70.6439
68.3924
68.6892
68.0376
66.5474
66.6606
67.3763
66.6355
68.4121
68.2241
68.0961
66.7707
65.3415
65.5951
64.9307
65.334
66.1282
65.8426
65.9219
65.7594
67.0732
67.0655
68.1151
67.5428
67.4466
66.918
66.8857
67.649
66.4954
66.3556
65.1729
64.5405
63.6837
63.017
61.9723
62.2108
61.3903
60.7108
60.3039
60.211
60.7028
60.0955
61.1521
60.5727
61.9406
63.0932
62.3818
63.2413
62.0209
61.4226
60.4803
60.6234
61.1971
60.5151
60.3408
59.8893
59.7512
59.2113
58.4227
59.2707
58.1392
57.4609
57.2792
57.9345
58.2492
57.8824
57.6583
57.8228
56.6496
56.9555
57.7585
56.9136
56.7461
56.6448
57.6349
56.9948
56.3767
56.9841
57.3508
57.0681
57.6979
58.4653
58.6608
59.5659
59.4767
59.3087
58.8028
59.1004
59.0024
59.5154
60.3903
59.9509
59.89
59.6994
59.37
60.7199
59.8322
60.5658
60.6692
61.3628
61.2579
61.2015
61.3404
61.183
60.6879
61.7951
61.83
62.1296
63.2338
62.5948
63.2093
62.6483
61.62
62.2135
61.9112
61.5292
61.7277
60.9674
61.0503
61.8063
61.7229
62.3317
62.8982
60.6247
62.3513
63.1093
63.0992
63.974
64.8365
64.0799
64.2789
65.0663
64.4899
64.5797
63.7935
62.9873
62.1852
62.1178
63.4986
63.0362
63.9203
63.0331
63.6026
63.621
63.5638
62.8744
63.0963
62.4144
61.8413
61.8901
60.6851
60.5976
61.1366
61.0777
61.6495
61.6084
63.543
61.831
