102.161
103.486
102.536
102.216
103.526
104.389
104.598
105.709
106.058
106.504
106.293
105.577
105.999
103.731
103.822
103.134
102.649
101.277
99.2923
100.465
99.8898
100.222
101.952
102.352
99.8085
100.238
101.612
101.503
102.569
102.19
101.504
102.666
102.596
104.343
103.433
102.384
103.413
103.946
105.014
101.753
103.905
105.276
106.433
107.615
104.816
105.417
105.109
106.276
105.081
106.476
107.176
107.483
107.52
108
109.369
111.631
111.255
112.852
112.119
111.969
112.223
111.858
112.381
114.896
115.271
115.732
112.863
113.357
114.879
115.506
115.854
114.185
113.838
114.316
111.826
110.81
111.145
111.972
110.254
109.265
108.785
109.56
107.299
108.508
106.907
105.296
104.936
104.648
103.777
103.396
104.211
104.893
104.609
103.523
103.359
101.95
99.9478
101.104
101.296
99.7839
100.609
101.062
103.492
102.517
101.779
103.408
101.198
102.013
99.3918
103.141
100.928
101.175
101.843
101.702
103.869
100.822
99.803
100.701
97.927
97.1961
96.2271
98.5031
98.9191
96.1198
94.8241
95.3496
96.5901
96.5892
98.772
99.9767
100.28
101.489
101.827
102.03
101.251
101.443
102.509
101.807
101.79
100.854
101.107
101.419
105.412
105.888
105.118
103.547
103.837
104.67
106.526
109.186
109.421
110.614
112.148
113.963
114.899
114.348
115.114
114.256
113.437
114.821
115.137
116.791
116.167
116.197
115.112
113.365
111.284
111.808
111.473
111.891
113.284
111.844
111.814
110.317
110.158
112.828
111.894
109.296
108.186
108.168
108.972
109.12
107.606
107.221
109.423
108.778
107.286
106.882
106.958
109.663
110.581
109.908
112.722
115.189
115.804
117.219
117.293
116.873
119.447
117.97
118.421
121.649
121.935
123.434
121.101
123.201
123.198
123.544
124.159
124.756
125.313
126.979
127.338
126.985
125.577
124.725
122.81
123.195
121.547
122.591
122.984
121.404
120.512
122.707
124.955
123.811
123.286
121.45
121.43
120.345
119.928
119.446
118.051
115.437
116.087
114.767
115.226
116.762
117.205
116.321
113.994
114.691
113.378
112.186
113.67
113.693
111.446
111.78
111.737
110.627
110.397
110.39
111.117
108.848
108.519
111.092
111.991
111.871
111.634
110.907
110.347
111.499
111.153
111.563
112.938
115.178
115.205
115.096
114.965
114.917
114.862
114.982
114.651
114.728
114.191
111.834
111.959
112.119
112.104
114.575
113.994
112.33
114.591
113.131
114.921
113.541
113.23
112.218
114.866
113.717
116.223
117.29
116.111
116.193
114.828
116.304
118.019
118.568
117.866
119.715
121.552
122.812
123.189
121.371
120.024
120.785
119.095
119.917
118.065
120.018
120.499
119.281
119.909
118.255
119.075
118.473
117.768
117.936
119.154
118.843
119.898
122.804
124.116
127.053
126.74
127.472
127.062
126.397
127.329
128.516
128.164
126.48
124.431
123.232
120.882
119.854
117.368
118.483
118.027
119.156
117.787
116.468
116.953
117.111
117.34
116.604
114.792
114.392
114.662
113.314
113.032
109.592
109.239
110.693
110.736
112.642
111.135
112.553
113.187
112.872
112.458
112.569
112.881
112.681
113.304
111.68
111.998
112.663
110.835
112.338
113.313
112.436
112.324
114.169
114.549
115.617
118.378
117.6
119.591
118.316
118.412
120.056
120.229
121.801
119.79
122.497
120.85
120.161
118.711
119.409
117.099
113.502
113.464
113.303
113.584
113.51
112.588
114.254
115.208
115.502
118.443
116.942
116.84
117.908
115.555
117.195
118.603
116.102
115.039
115.536
114.106
113.43
112.062
110.874
109.939
108.961
108.687
111.054
113.332
111.953
111.867
111.245
110.981
110.636
109.869
111.665
113.258
111.658
110.07
113.357
112.309
111.211
110.794
110.145
110.681
109.466
108.322
106.068
106.313
103.455
104.876
106.083
106.614
106.636
107.858
107.64
107.377
108.912
108.233
109.293
108.1
107.509
108.236
109.804
109.163
106.988
107.587
104.782
102.967
102.923
102.931
102.744
100.236
101.055
101.086
101.126
100.954
100.731
102.359
103.829
103.269
103.292
104.512
105.086
107.174
107.51
107.859
108.291
108.531
108.756
106.835
105.481
104.046
106.052
104.502
105.052
105.282
104.01
102.04
102.576
101.991
100.865
99.5739
100.104
97.7874
98.2781
99.6051
99.4965
101.731
101.462
102.675
103.172
101.858
102.48
101.244
101.469
101.37
102.548
103.432
103.875
103.11
102.902
100.273
100.667
100.566
99.2599
99.1976
97.1073
97.3743
98.2947
98.8444
100.162
99.8102
101.179
101.39
101.092
99.8742
101.786
100.508
100.498
100.375
101.894
102.139
103.035
102.954
104.956
105.791
107.269
105.442
105.462
105.607
106.285
106.425
105.516
106.396
104.464
104.066
102.957
101.312
100.797
100.749
102.908
103.102
103.018
101.056
99.445
99.5647
100.748
100.106
99.5593
98.3786
98.2145
99.0472
99.5524
101.583
103.23
102.446
102.242
100.678
100.853
99.8711
101.289
102.84
104.964
106.273
106.81
108.702
109.827
108.945
108.346
107.156
107.121
108.368
108.451
106.813
108.223
107.741
107.75
107.112
106.111
104.598
105.615
106.546
107.154
107.621
103.608
104.603
105.388
104.923
103.896
