99.7617
100.215
102.068
101.753
102.997
101.876
103.158
104.285
103.201
101.496
101.797
103.45
107.413
105.412
103.166
105.366
103.473
104.963
104.577
106.741
106.434
104.953
104.759
103.048
101.62
99.7017
99.7586
98.5685
96.4368
95.6872
96.5016
96.407
95.1357
94.5257
94.8069
94.2628
94.371
94.6485
94.3994
94.5788
93.9276
94.3857
92.5085
92.8295
92.8454
94.7375
93.2865
94.0717
94.1146
94.5256
91.8014
92.0235
92.8582
92.4074
93.4302
94.452
93.0896
93.1503
93.5872
94.6071
94.4218
94.6046
96.1199
96.4412
96.9297
98.0626
97.7326
98.9645
99.5039
101.523
100.295
101.845
102.767
101.74
101.801
103.02
101.065
100.487
99.3298
100.118
102.245
103.288
104.119
105.181
105.824
105.689
105.131
105.583
107.682
105.498
107.077
104.748
106.105
107.98
107.68
105.934
107.928
110.201
106.828
109.93
111.131
112.038
110.845
111.156
109.665
112.64
111.591
111.927
112.543
113.305
112.083
109.813
110.608
111.988
113.132
111.454
113.379
111.674
112.838
114.456
115.789
116.657
114.787
115.158
119.129
119.185
119.383
121.216
122.885
125.443
126.047
125.705
126.752
127.912
125.735
126.969
126.34
126.249
125.401
125.687
127.835
127.815
126.362
124.544
122.91
123.493
120.876
121.004
118.273
116.306
117.262
115.348
113.314
113.488
114.385
113.085
114.071
114.363
113.46
114.109
111.428
113.172
113.841
114.718
115.741
114.087
113.918
114.498
113.672
112.71
113.334
113.762
113.586
109.947
110.915
110.209
108.75
109.163
110.406
109.975
110.091
107.92
107.386
106.46
103.362
101.516
102.66
101.384
102.525
103.379
101.629
101.596
100.138
101.656
101.206
99.1262
97.3221
98.5172
100.232
101.82
100.018
99.3419
102.231
101.771
103.663
108.456
106.609
107.276
107.223
105.436
103.458
104.226
105.347
104.846
104.063
102.709
101.439
102.635
101.703
102.005
102.089
100.036
100.275
100.532
100.634
101.821
99.9144
99.776
100.113
99.0747
99.1521
99.2603
98.9561
98.1703
99.1268
98.2151
97.1769
97.8178
98.8291
96.8376
97.2626
99.5096
98.8534
97.7939
98.6265
97.122
96.7377
99.0404
97.5439
98.6022
100.176
100.031
101.65
104.368
105.984
105.755
105.08
104.271
106.17
107.759
106.477
107.243
105.722
105.792
107.261
110.001
108.784
108.728
108.531
109.723
108.848
107.344
106.754
107.114
105.249
105.245
105.827
107.157
106.17
107.125
107.227
108.373
109.48
109.373
108.66
108.899
108.046
108.135
107.246
107.534
106.307
106.292
107.36
107.263
106.628
103.956
103.536
101.571
100.763
101.201
100.58
98.7931
98.5357
97.8601
98.9804
100.193
99.1867
98.8387
98.3921
97.1729
98.5287
99.7822
99.0839
98.3673
99.6433
100.341
100.96
101.012
100.032
101.395
102.649
102.147
102.026
104.129
105.204
105.66
105.264
107.788
108.219
110.694
110.032
106.622
105.315
106.102
106.628
106.767
106.875
107.874
106.878
107.9
106.481
105.361
104.489
104.76
104.424
104.428
104.97
104.663
102.784
102.743
103.313
103.455
103.077
102.42
103.186
101.38
100.945
100.626
101.009
101.778
103.461
105.148
105.322
104.995
105.494
108.174
108.736
107.284
106.471
105.848
105.732
106.97
107.521
108.736
108.436
108.254
109.954
110.975
110.294
110.588
108.037
105.353
105.878
107.266
106.771
109.326
111.241
111.045
110.483
107.658
109.157
111.123
108.07
108.085
106.986
106.19
105.891
105.791
105.01
103.398
105.517
105.439
104.711
105.365
105.42
104.7
104.298
104.953
103.671
102.218
101.222
101.595
101.656
101.704
102.105
101.914
101.128
102.269
103.325
104.107
103.129
104.429
105.022
102.912
103.513
103.028
103.539
101.955
102.984
102.666
102.679
105.513
105.88
107.34
109.562
108.769
109.858
109.223
109.553
105.963
105.835
102.73
103.307
102.216
101.811
102.256
101.086
100.377
99.0583
100.32
100.226
100.157
103.348
102.647
100.387
98.0715
98.4136
100.361
99.8964
99.3306
101.003
100.564
100.633
98.7741
100.116
98.4114
96.9668
96.7305
96.9276
98.4091
97.6127
99.2377
98.159
96.8383
95.293
95.6363
97.1694
96.3704
96.8198
97.37
99.6911
99.4066
98.175
97.11
98.8082
98.7339
100.377
100.491
102.076
101.909
100.082
99.3422
99.5812
97.8364
97.7302
98.8122
99.2916
98.4126
98.5168
99.547
100.683
100.604
99.3674
97.1459
97.7994
96.6127
94.8835
93.73
92.9039
93.8731
94.57
93.9684
93.4021
95.4266
93.6196
91.638
90.0604
88.4038
87.484
89.4256
90.344
90.2753
89.9861
87.7887
90.784
91.9361
91.2123
88.5876
87.4726
87.2281
85.922
85.3416
85.5964
86.0377
87.7694
87.3486
85.1188
84.0558
85.1686
82.5654
84.4411
84.3513
84.2678
84.2573
83.7174
84.6897
85.9725
86.3871
87.606
86.7622
86.8211
84.7802
80.2979
82.0442
82.2293
81.7053
80.2993
79.6023
78.3289
78.0882
77.0889
76.2016
77.5012
77.9599
77.1815
78.7707
76.877
76.0071
75.5499
75.7655
74.8985
75.1688
75.2479
76.0179
77.0297
75.466
74.2297
73.6334
73.4861
73.498
72.8133
74.0967
72.8003
72.0506
72.7352
72.6576
73.4859
72.5572
70.5609
70.2872
70.2691
70.533
70.3217
70.1829
68.8736
69.6818
71.1485
68.1399
69.6495
69.1146
