100.471
99.8343
100.998
101.999
101.016
100.751
100.21
101.161
99.9947
99.5115
97.8335
98.9206
100.159
101.422
102.52
103.393
102.421
101.564
102.477
102.876
102.745
102.244
104.212
102.136
101.846
101.528
100.023
101.815
102.231
100.686
101.01
102.154
102.684
101.651
101.839
100.879
99.2791
102.252
102.287
101.976
102.708
101.912
102.983
101.727
101.268
101.22
98.7753
99.3639
99.7653
99.5834
101.332
100.632
101.187
100.021
99.002
98.5346
95.4553
95.0938
95.6649
97.194
96.1299
95.6637
96.1487
95.1386
94.5917
95.1896
94.8235
92.0151
92.5709
92.8011
90.9639
92.163
90.8718
89.6483
89.7613
89.9588
88.6431
89.8575
89.1194
87.6537
88.2174
87.7022
88.6013
88.5705
87.4382
89.1449
88.9041
90.1377
90.0989
90.0251
89.078
89.5171
89.5713
90.966
91.7193
91.2661
92.9002
92.4669
92.7504
92.5825
92.4637
91.5339
93.2555
93.0821
94.4651
93.5475
95.4916
94.206
94.596
92.1681
91.093
89.7517
89.7075
89.3946
89.9236
91.977
90.0507
88.8246
89.0979
90.17
90.6383
89.8684
89.0674
90.6939
91.132
90.8612
91.3754
90.0062
90.4254
90.4204
89.2388
90.6994
89.1608
90.1061
90.301
91.3179
91.5289
91.5237
89.5449
89.3608
88.7335
88.3263
87.3821
85.2634
86.6439
88.5552
88.6509
90.797
90.3856
88.6551
89.2063
86.9396
86.2468
86.8988
87.0128
86.7178
88.5944
90.6751
90.1499
90.8772
90.0328
90.5471
93.4697
92.735
91.629
91.7342
90.629
92.3167
92.8799
94.5645
93.2596
93.905
94.7658
94.7289
95.1822
95.0104
94.0077
95.1675
94.1214
94.8476
94.8776
92.3068
91.9523
89.6776
89.0196
87.7606
88.074
85.8887
86.8755
87.6536
88.0305
87.0851
86.743
85.4742
84.4628
84.3847
84.4479
82.9037
83.705
83.6019
82.4993
83.096
83.7233
84.4169
83.3847
85.129
85.0984
84.3506
83.8969
81.7098
79.7765
79.2007
78.9552
79.3508
80.4307
80.5096
80.917
81.3502
80.4541
78.3908
78.4252
77.7107
77.7214
79.2608
80.2548
80.3074
82.1474
83.6247
81.5992
81.5374
81.5138
81.9499
82.3837
83.0128
82.1248
81.3408
80.981
80.5803
81.6037
80.8357
81.218
80.6224
80.441
81.8925
81.7544
83.4998
83.7948
83.7003
83.2307
83.6643
84.6685
83.9346
86.1093
86.2132
85.4726
84.414
83.7329
83.4207
83.0882
83.0318
83.8366
83.8133
84.2772
84.6075
83.1497
79.5686
80.2775
79.1839
80.0925
80.5345
81.538
81.3582
82.5677
81.7368
81.889
82.0807
82.6397
84.0716
82.6559
81.4804
81.0344
80.3842
81.1103
83.212
83.4736
85.1099
84.6284
84.5791
86.0544
85.6399
86.6872
89.0454
89.0891
86.9788
88.2605
88.212
89.4058
91.2915
91.7287
90.6745
91.0487
90.2685
91.7381
91.214
92.4748
92.2183
92.5922
89.8075
89.9207
92.8482
93.4377
93.0933
90.7096
88.5416
86.659
85.2708
85.4159
85.3574
86.6011
85.8068
85.9525
86.1443
87.8397
87.2403
87.8252
87.395
87.8375
87.0205
88.266
88.4186
87.6923
86.7894
88.9741
88.4071
87.0013
86.2682
86.3596
84.4778
83.9487
84.6086
82.8915
83.4621
83.4735
82.6026
83.2109
81.8686
81.5795
80.8372
80.9936
79.9905
77.381
76.439
76.433
75.3184
76.0142
75.9144
75.7507
74.9833
75.087
76.1185
76.0452
75.6743
75.1538
76.5528
77.894
78.3636
77.9504
78.1468
77.4723
78.1902
79.2016
78.435
78.9501
78.2168
78.9775
79.6739
79.8671
79.3983
80.373
78.5245
77.647
78.1106
78.3442
78.4571
78.6693
78.5022
80.1948
81.1761
82.382
83.8957
84.4228
85.3484
84.4024
85.5333
85.557
85.3095
85.1277
84.8106
86.4419
86.6429
85.0632
86.6007
88.3876
89.6725
86.5615
84.9486
86.5874
85.7835
86.2009
86.4819
87.5688
85.085
83.9053
85.1878
86.5039
87.0715
90.2044
87.3331
87.0237
86.9264
87.272
87.7755
88.4035
88.9982
88.1627
87.3219
87.4532
87.8033
89.5333
91.0029
91.2849
91.5201
89.884
91.8717
91.7384
90.8946
91.6525
91.5467
90.3498
88.5346
88.97
88.1743
87.958
90.1041
91.3974
91.0596
91.0624
92.2171
90.844
90.447
90.3532
90.6658
89.4752
89.9553
91.2138
91.673
91.6104
89.9219
91.2697
93.2947
93.2101
91.7222
88.4673
87.4748
87.0452
85.4937
85.8057
84.8332
83.108
83.3148
85.9887
85.451
83.4266
82.5868
82.1565
83.0098
84.1298
84.7503
82.461
82.3133
81.6397
82.2534
80.2018
79.4519
78.7905
78.3845
78.4564
78.5404
78.031
78.6168
78.0736
79.7617
78.1139
78.4136
77.8049
77.7429
80.7765
80.6009
80.5205
81.8823
80.2696
81.6074
81.55
80.8733
79.3976
78.2989
79.2393
77.5341
80.0952
80.2922
81.369
81.8548
81.7217
82.8208
81.4475
82.266
81.7668
81.6953
81.1933
80.958
80.3216
80.3254
81.5227
81.8027
81.1706
79.4356
78.0093
79.1425
78.3153
77.2822
77.099
77.6724
78.3665
78.9144
78.867
80.2502
80.2645
79.7243
80.252
81.3476
81.7389
80.4605
80.9094
80.8117
80.1449
81.2593
81.0057
82.587
83.9186
83.4329
81.3728
80.9132
81.0203
79.368
80.4959
79.9534
79.5011
78.9354
79.0979
77.8752
77.1308
76.9348
75.5551
74.8415
74.5317
73.5469
74.5168
73.774
73.1205
72.1535
70.7593
70.192
70.0326
68.863
68.2515
70.0626
71.5646
69.2167
69.724
69.388
69.4369
70.1208
70.4402
69.2209
69.4535
70.1277
70.7878
71.7893
72.6014
73.7184
75.9212
75.8784
74.8854
75.1825
75.3573
74.8631
72.9083
73.66
73.6367
72.1552
