98.6124
101.245
102.452
100.16
100.523
101.819
102.996
103.446
104.074
103.52
101.732
101.974
99.4094
99.8902
101.048
102.821
102.11
100.083
99.1454
100.662
102.007
101.829
102.923
106.124
104.625
103.953
104.767
105.814
105.213
103.321
99.5894
98.8279
96.356
93.2658
92.9409
92.7915
94.6864
96.2698
96.0446
95.6964
97.8803
96.9731
99.354
98.7055
96.6467
95.1339
94.964
95.1217
94.9653
95.8128
94.2428
93.9647
92.571
94.2559
93.8531
91.5854
92.0897
92.2909
92.5985
94.9644
92.9525
91.5305
94.1985
94.8902
95.9191
96.5557
95.3207
92.9858
92.0848
91.421
89.0321
89.5918
90.2303
91.2361
90.819
92.3166
91.4285
89.13
89.6266
89.6336
89.0021
89.126
87.8108
86.9687
87.0337
88.5126
90.0864
91.0287
89.6773
86.5548
85.6496
85.1939
84.1952
86.1903
86.9653
88.8616
85.8994
87.3651
88.8344
90.0926
90.9601
90.504
90.3204
90.8464
90.0342
90.2332
89.633
89.3852
88.9989
88.001
86.191
87.5918
86.8071
86.744
86.1026
87.8243
85.2038
85.8663
86.845
85.6624
84.4042
82.7431
81.3299
80.9352
82.3977
84.0356
83.8916
84.0078
83.4348
83.4574
83.6746
83.0203
82.3957
81.3048
81.775
81.9394
80.6888
80.9597
79.7006
79.393
77.6411
77.953
79.3843
79.1519
79.7768
79.3744
79.7619
78.946
79.5337
78.2812
79.7956
80.3803
80.6888
82.9296
83.1921
82.5342
82.0602
82.1891
81.1035
82.1009
83.1343
81.9543
82.9025
82.0808
82.0527
81.4368
82.3338
81.3555
82.6212
82.442
83.455
83.6254
82.0864
81.494
81.8561
80.7403
79.322
79.8146
79.1333
79.9852
79.6346
78.7687
77.0135
77.0583
78.2324
76.1596
76.9336
77.396
77.5758
77.2551
75.8881
76.2079
76.102
75.6918
75.1669
75.2069
74.7139
73.7144
75.4783
75.5646
75.1586
75.3024
75.7617
78.4133
77.678
80.2883
81.1333
82.2243
83.1901
81.133
80.4108
80.2377
79.7822
77.5605
78.8182
80.8245
80.9178
80.7736
81.0278
80.9035
82.1561
80.946
81.1985
81.3245
80.5953
80.8958
78.4111
78.0501
76.8185
76.5655
76.6137
75.3345
74.3046
74.3093
74.5311
74.0357
73.8661
74.8556
75.6079
76.5382
75.7891
76.9275
77.5019
77.26
77.7991
77.645
77.7328
78.0941
77.3235
79.391
79.9982
80.4931
79.7417
79.7336
80.9671
80.9078
81.3916
81.5213
80.3909
81.4615
82.8544
82.7565
83.5812
84.6019
84.1148
84.5775
83.6656
82.9691
84.1603
83.717
84.2119
82.3152
81.6556
81.2721
80.2194
81.0557
80.6576
82.3165
82.0206
83.073
82.9262
84.5299
85.5826
85.5027
86.7813
84.7656
84.6914
83.6499
82.8268
82.1235
82.6874
83.5593
84.9608
85.0929
84.523
84.6987
85.5382
86.3819
84.4898
85.8799
83.0759
83.9606
83.2854
83.7583
84.1932
83.0988
83.3597
82.9161
82.4549
82.7632
82.0186
82.2369
81.9867
81.6607
80.6187
81.6165
81.4206
79.9562
81.0135
81.0133
81.2485
82.2969
81.3421
81.5865
80.556
79.7396
81.0824
80.9871
81.1916
79.9303
79.6004
79.6878
78.5272
77.2668
76.877
76.0352
76.455
77.2512
77.8006
78.942
78.5581
80.9791
81.3489
81.0069
83.4276
82.2561
82.6893
80.4924
80.0531
78.9367
77.7306
76.544
77.0233
77.1981
76.3842
77.633
78.1583
77.0014
77.4811
78.5321
78.8219
78.7988
77.2778
77.01
76.3644
76.2422
75.0736
74.4045
73.2489
74.3354
74.3924
75.5568
75.9832
76.8617
74.9308
74.7217
73.5852
73.9629
75.9327
74.5856
74.7253
74.926
75.1765
74.5836
75.5946
74.9734
76.5435
78.7867
79.7888
78.687
78.6716
79.2666
80.7718
79.666
79.4495
79.6792
79.1893
77.5482
77.5651
77.0761
76.089
76.8937
77.1695
78.0503
77.5762
77.1185
77.501
77.5709
76.8346
77.6088
80.3645
80.4031
80.1442
81.2306
80.0464
78.9746
80.1973
79.509
79.2103
81.2989
82.2918
82.3334
84.2028
83.7007
83.8325
83.2768
83.2669
82.3806
83.2247
82.914
83.8059
84.6744
84.771
85.0317
83.8365
82.7564
82.878
81.5291
81.9371
83.0184
83.9848
85.1611
84.0518
84.799
86.4202
84.6121
81.661
81.5226
80.8198
78.7233
77.1758
78.6758
78.3717
78.7715
78.3926
79.0083
78.2791
77.8401
75.6191
76.5319
76.6191
77.3176
79.2273
80.7195
82.311
82.1411
83.4362
82.6567
82.2358
82.3592
83.5615
84.7235
84.295
84.7852
84.9841
86.4282
84.9875
84.4856
83.0899
83.0451
81.7317
82.3593
83.6321
83.9169
85.3188
85.0935
85.7699
85.0518
84.0627
84.6728
84.6872
83.938
85.5691
87.1699
87.1205
86.7946
84.6238
83.4913
83.4561
84.4474
84.4251
84.7842
85.7427
87.0702
86.8291
86.8269
86.2284
86.2735
85.0396
84.7407
84.6218
86.6526
86.155
87.4036
87.1292
86.6488
87.7445
88.7797
88.4006
88.248
86.0187
85.3279
86.4031
85.374
85.8786
87.06
85.7149
84.9664
85.6047
84.8047
85.0728
84.0738
84.5923
84.5898
85.6406
85.4415
84.6406
83.2736
83.46
84.5839
85.8923
84.2323
84.6675
83.2456
83.0648
81.4136
80.3715
80.0817
78.1788
76.8507
75.0407
75.3137
75.3574
76.1616
76.666
78.0761
77.0547
75.9186
76.2841
74.3801
73.5465
75.2582
74.6572
75.4578
74.5576
74.4428
74.445
74.5762
74.7652
74.278
73.5296
73.5611
72.3395
72.8908
71.8289
73.2159
72.9515
74.3433
74.5492
74.0244
74.7466
74.861
74.2026
73.9429
75.1712
76.1523
77.1584
77.0913
76.8175
77.6341
77.3132
77.3879
77.2582
77.1376
76.9149
75.5144
75.4914
76.1661
74.4417
74.7077
