98.2934
95.2378
93.2451
95.6254
95.5657
94.944
97.0271
98.0071
99.0102
98.9999
99.7881
96.5898
96.4859
97.8228
96.4183
97.8241
99.665
96.6669
96.3604
94.9059
95.0902
93.8035
94.0948
95.2789
96.7674
96.47
94.7885
94.4129
94.4839
93.0757
93.1513
95.1596
95.6703
96.7776
95.5785
95.3524
95.5913
95.1794
92.4421
94.6012
96.4055
95.5954
98.9307
98.9171
98.9074
100.11
101.662
101.952
101.038
101.548
100.045
100.774
101.962
101.456
100.26
100.928
99.3995
100.783
99.2187
97.8284
95.6776
95.6332
94.25
93.6885
93.4068
92.6407
94.5829
95.7139
95.3834
95.7591
95.2376
96.8448
95.7303
95.7115
94.8269
92.1292
92.0104
94.1604
93.3564
92.1803
91.8949
93.2738
93.3219
95.0899
93.9365
94.2587
92.9988
93.5024
92.6185
92.7533
92.1945
91.2756
90.2345
89.6933
89.7575
87.8329
88.4512
88.3542
87.4297
88.0197
87.3568
86.3938
84.9773
86.1857
87.2507
88.5631
89.4139
90.3981
89.3371
91.2689
91.0482
91.4126
91.1019
90.7233
91.4204
91.4749
91.3307
90.7679
90.5894
89.7743
90.8882
90.1232
89.3675
89.6331
90.7833
88.8912
87.2098
89.4489
89.7002
89.366
90.6551
89.7016
89.918
90.1649
89.1769
87.832
88.8812
87.369
87.0818
88.3896
88.1773
88.3661
89.2039
89.4895
90.0957
90.6564
89.0975
90.2992
89.5122
90.7788
89.2332
90.5656
90.3668
91.3232
92.8601
91.6531
91.2186
93.5324
93.8905
93.0737
94.1906
94.9979
94.3828
93.1767
92.7304
91.8993
91.3315
92.3235
92.9997
91.239
90.9292
92.2747
93.5098
93.97
95.1529
94.9834
94.2693
95.7524
97.5208
98.8409
99.7314
99.2322
98.7836
101.47
101.4
101.86
104.467
105.223
105.087
102.758
102.636
103.338
101.534
102.958
102.361
101.923
103.193
101.622
102.781
102.739
104.041
103.932
104.544
104.801
105.41
104.64
105.323
105.623
103.535
102.989
101.011
100.577
100.743
98.7309
98.6443
96.9358
99.0956
97.9031
101.268
101.984
101.194
99.2005
96.7407
94.8118
94.256
94.3069
94.208
91.7362
90.9162
90.596
91.293
94.6242
93.5351
94.3508
94.4822
94.4268
94.5653
93.4018
93.5052
92.8931
92.6121
90.6609
89.5258
89.8462
90.2332
91.4608
90.3365
89.6995
90.4933
91.6707
90.024
88.8021
88.7881
88.8161
89.6273
92.3712
89.6271
89.0604
90.7878
90.7625
91.8483
92.1462
94.1416
92.4629
92.6271
92.5095
93.7977
93.968
94.6323
95.1302
94.9192
95.901
96.0644
96.1893
96.6253
96.1095
94.4064
94.4013
92.7953
92.2885
90.1085
88.3485
87.9301
87.2149
84.9901
84.3159
84.1169
83.8156
83.1707
81.9449
81.8147
82.6274
83.0912
82.5502
82.0546
82.1068
81.3872
82.0749
82.2177
84.2127
84.8119
82.4869
82.2924
81.3921
82.231
83.132
83.7506
83.386
83.0049
82.9769
81.1951
81.2101
81.2888
80.8786
80.5744
82.1049
79.9914
79.4498
78.502
78.7373
80.0881
80.2486
80.9077
82.5743
84.2096
84.8394
86.2042
86.643
88.6228
89.5578
88.9931
91.0452
91.239
90.2464
90.6884
89.1241
89.099
90.2678
91.368
92.6506
95.7774
94.5902
93.5795
93.2535
93.0566
95.278
95.0703
97.3316
96.2533
97.3902
98.6046
101.476
102.46
103.674
102.893
103.2
104.393
104.058
102.833
103.852
104.87
103.765
103.097
103.532
104.548
102.4
104.521
105.316
104.831
104.979
105.881
107.184
106.56
104.108
105.595
106.629
105.255
104.511
102.974
102.282
104.601
105.474
108.412
110.104
109.286
107.603
103.54
104.009
104.731
103.698
103.107
102.729
101.733
100.345
101.259
101.197
100.921
100.156
101.235
101.473
101.102
102.037
100.556
99.3767
99.4991
100.11
98.8856
99.3914
99.2432
99.0042
98.3111
97.2868
97.0012
96.295
96.1267
95.0863
96.3522
94.0992
94.7301
95.7027
93.22
94.3697
94.6237
92.1519
92.1271
90.8649
90.1232
88.359
88.2857
89.317
89.1495
90.0371
89.4629
89.4654
91.1364
93.0477
91.8081
93.3465
94.4075
93.2451
93.3104
92.5433
91.4736
91.604
90.0232
89.5808
87.9587
85.9349
85.7075
84.7458
82.5639
80.6439
81.7373
81.0181
81.7748
82.1058
80.1922
81.6763
81.5777
80.8921
80.3427
81.4614
80.9831
79.2016
78.1209
78.0043
78.2397
78.3827
78.7287
80.1112
80.8905
83.0348
83.3002
83.5386
84.8423
85.8979
85.294
85.8744
85.6328
84.3716
84.5323
83.6972
83.8191
82.9594
84.5506
83.2862
85.898
84.4303
84.3646
83.9261
82.7615
81.9646
82.6978
83.1042
81.9789
80.6548
81.6983
83.5228
82.6461
83.5722
81.5045
80.3777
80.0711
81.7494
81.3472
81.8697
80.7806
81.639
83.9413
83.7706
82.9261
83.1623
82.0851
82.295
81.2207
79.2766
79.6727
77.9762
77.1324
77.0674
77.8155
76.9802
77.2373
77.7275
78.1442
78.4151
77.455
77.0665
76.482
77.2442
77.8941
76.9031
77.3244
77.4054
79.5663
80.4169
80.7668
81.1929
81.9057
82.3992
81.8482
81.56
80.788
79.0132
80.805
82.9078
82.9968
82.5698
81.6117
82.3454
81.4486
80.786
79.2392
78.6327
78.9887
81.1874
79.1528
80.5612
80.6724
79.0083
78.9416
80.6108
79.1149
79.3978
80.049
79.9601
79.2819
80.2183
78.267
78.4845
77.2621
80.0084
80.4139
80.7004
82.517
81.9128
82.162
83.4846
81.5755
81.4532
82.1399
82.7107
83.7781
84.0674
82.8595
83.7603
84.6592
83.1045
83.0275
81.7687
79.8472
80.1302
80.2092
79.1076
75.9692
75.8492
76.4567
76.832
79.0513
77.7138
