101.926
99.6852
99.8379
99.9668
99.0611
98.9958
98.6672
101.065
100.639
99.0411
99.6839
102.196
103.341
101.101
102.04
103.351
101.74
101.437
103.677
102.655
100.822
100.135
103.625
103.708
102.006
101.089
99.8385
97.5428
96.7425
95.8788
95.6915
91.8355
94.51
95.0243
96.3139
96.5994
97.581
98.1564
98.4347
98.2933
98.1838
99.0277
100.313
103.253
101.78
102.345
102.989
104.346
106.666
106.811
104.958
101.832
101.845
102.458
101.692
100.519
99.7403
100.085
99.4277
99.2691
100.219
101.353
100.753
100.155
99.6613
99.9676
101.104
103.169
102.102
102.064
99.8879
101.233
102.534
100.945
100.829
100.796
100.808
101.172
101.278
101.033
102.748
103.061
103.359
102.24
101.539
102.818
102.8
100.92
100.853
102.591
102.543
100.721
101.501
101.786
103.732
103.453
103.025
103.269
103.388
105.42
105.572
108.693
109.813
111.59
110.788
111.349
110.743
111.286
110.776
111.536
110.641
110.938
109.774
108.726
111.177
110.297
110.782
109.316
108.777
109.681
110.053
109.986
110.964
110.155
109.608
108.886
109.794
111.38
110.571
113.071
114.144
115.045
113.971
114.855
114.563
112.938
114.234
114.771
114.868
114.538
115.394
114.001
114.093
112.626
110.626
111.053
110.146
112.16
113.713
109.308
111.97
113.15
112.469
112.027
110.655
111.003
110.073
110.032
109.835
107.179
106.266
107.592
107.144
105.99
105.86
105.807
107.102
105.897
108.864
110.128
111.988
111.756
111.297
112.208
113.077
112.414
112.862
111.44
110.08
110.612
108.948
111.473
110.732
106.533
109.514
109.423
107.961
107.96
107.509
107.638
108.567
108.082
109.927
113.73
113.098
113.497
110.773
108.966
106.909
107.226
108.072
105.922
106.161
106.304
106.982
108.08
109.09
111.505
111.05
111.901
112.601
115.269
112.586
112.503
112.131
110.741
109.412
109.912
109.436
110.549
110.628
108.627
110.263
110.665
111.649
111.575
112.703
114.684
113.228
115.862
116.092
116.158
115.659
114.866
111.871
112.278
114.303
110.845
110.206
108.85
109.427
111.953
111.291
112.014
113.636
113.407
112.647
113.646
110.913
113.631
111.752
111.951
113.987
112.817
113.287
114.653
115.853
114.838
115.939
115.725
112.946
111.584
112.516
113.754
112.128
114.634
116.086
117.074
116.995
115.528
118.145
117.097
116.414
115.087
114.354
114.747
111.286
112.608
111.409
111.768
112.618
109.516
109.474
109.375
108.182
107.826
109.662
110.313
111.177
112.177
111.524
113.581
112.136
111.359
112.325
114.006
114.466
113.509
112.549
111.407
112.72
112.895
113.25
113.556
112.786
112.128
110.16
110.535
110.026
110.064
110.954
111.109
111.644
114.616
112.352
111.334
109.868
108.738
108.147
108.84
110.218
111.81
111.369
111.927
112.735
112.052
112.17
113.602
117.107
116.374
113.71
116.951
115.603
115.269
113.959
115.454
113.467
112.812
113.324
113.459
113.835
116.091
117.566
117.941
118.333
115.512
115.566
117.759
119.053
116.603
116.945
116.699
117.101
118.379
116.428
116.676
115.412
113.933
112.643
111.184
112.737
112.263
111.58
111.953
113.66
112.863
114.623
113.2
114.863
112.55
110.362
111.527
111.494
111.661
112.934
110.985
111.952
112.352
113.375
112.678
112.75
112.162
111.23
111.389
112.098
113.498
113.049
113.04
113.101
113.444
111.216
112.38
110.175
109.611
109.576
110.369
107.963
109.925
108.413
108.455
108.908
106.871
104.323
105.903
106.399
107.487
104.585
104.048
103.878
103.599
104.385
104.08
103.399
101.491
103.289
101.853
102.018
100.26
99.3727
97.1148
98.3174
96.216
95.1265
96.1805
95.3792
93.841
93.0815
94.0858
93.9856
92.3449
93.7564
93.7455
93.5522
94.8803
95.6344
94.7075
92.7833
93.081
92.7697
93.8158
92.5124
91.3515
91.9419
93.5672
94.2574
94.8185
96.5683
95.9224
95.5265
94.5397
94.1916
95.1016
93.4025
93.9512
92.7304
91.9048
92.1597
91.6776
92.3844
92.3732
92.4314
94.9317
94.6815
94.7312
95.0599
96.288
98.2538
97.8466
98.2446
97.8144
96.429
95.2998
96.3704
95.6497
94.445
92.1422
94.6793
95.07
97.7616
97.1487
95.1541
96.7184
96.7654
98.3747
97.2459
94.5939
94.28
93.5803
92.4609
93.0442
91.277
93.3642
93.5175
93.5731
95.1107
95.4606
97.9592
97.425
100.102
100.159
100.391
99.5688
100.251
99.9383
97.9838
99.4957
99.0511
97.514
95.942
97.5001
97.149
96.8486
97.8693
98.5272
99.5426
98.4329
100.021
97.7691
95.0198
95.9744
95.254
94.9687
94.3816
94.2391
93.2981
91.4149
91.4212
91.3334
91.1754
90.8547
90.5519
90.0625
86.8302
86.2286
86.1102
86.7502
87.7356
89.5679
86.5477
88.2925
88.1846
87.0244
87.3081
87.6319
85.8496
87.0693
87.8663
89.207
90.1238
91.4933
91.6482
90.8533
90.8808
93.789
92.9706
92.1935
93.6564
94.2186
95.1314
94.217
94.7868
94.1105
93.2658
94.4794
94.7164
92.2938
93.0254
93.5904
94.9309
95.0896
96.7883
99.5518
100.934
101.774
104.381
105.215
107.615
105.398
106.24
105.001
103.479
103.082
101.065
100.98
99.5423
100.23
98.67
98.1098
97.4547
100.166
100.552
100.566
100.946
100.767
101.262
102.065
102.042
103.775
102.122
101.672
