99.432
99.9041
100.46
100.82
100.701
101.374
99.6751
100.514
98.4179
99.3286
99.3306
99.2918
98.6001
98.5933
98.7089
99.5888
97.4981
96.992
97.3376
97.7233
97.61
98.1117
96.756
95.8521
97.3583
99.2043
101.085
99.1825
98.8047
98.6048
98.5432
99.285
97.9343
99.0363
100.354
96.6673
95.864
94.6387
93.4531
91.343
90.2816
90.3263
88.3654
89.4998
89.0192
86.7542
86.3484
85.1445
84.2893
83.3388
83.2066
83.6558
82.3794
82.623
82.0166
82.8611
83.534
83.6047
85.2304
86.7233
88.5829
88.5131
88.8099
89.109
88.5979
88.4993
90.3578
90.6937
92.2683
92.1407
92.6338
93.462
93.0252
92.6797
93.7849
94.4648
94.5901
93.1925
93.3443
93.8493
95.0122
95.6649
95.9177
94.0194
94.1421
95.7342
96.0125
93.9934
93.7777
92.8619
94.8061
92.983
93.1218
93.3484
93.8422
93.1884
95.4113
94.4203
95.2006
95.7347
95.2878
96.1845
96.2189
97.0675
99.4298
99.6107
98.5743
97.7496
97.9271
99.5119
99.3591
97.2227
96.9782
96.2345
96.7164
97.2087
96.9639
95.1174
95.1778
94.3193
93.167
93.6862
95.3927
96.6013
97.3372
97.5444
97.1526
94.8412
92.5198
91.6538
91.6358
90.7908
89.549
88.4169
88.1821
88.6075
88.4233
88.2447
89.9939
90.3473
91.4273
89.438
90.0325
90.3417
90.6013
91.8288
91.1247
91.9725
93.2728
95.5527
93.4972
95.0084
95.2953
96.1252
93.6697
95.1163
94.0127
93.8498
92.0942
92.3236
92.1391
92.1786
91.3951
90.2273
91.1685
90.2119
89.112
89.0992
89.1613
90.9038
92.3673
94.101
95.9503
96.4729
95.2526
96.1127
97.0359
94.8978
95.5707
95.4624
95.1101
94.0606
94.4154
93.0721
92.2358
90.7955
91.4113
92.5382
92.4104
92.4725
95.4685
95.8743
96.0764
94.5808
92.5468
94.2858
94.2737
94.9905
96.0206
95.7254
95.2167
94.5848
95.6347
93.4865
94.4172
94.0536
92.4198
92.3618
91.162
88.0291
91.4831
90.4377
89.3768
89.4573
89.5372
90.2541
89.5674
91.2039
90.5455
88.4941
86.8919
86.3671
84.9398
83.8011
84.0338
85.0044
84.9499
85.6799
87.5108
88.9986
89.6231
90.6803
90.0754
91.3231
91.0676
91.4492
92.1802
92.8092
92.4902
94.6475
96.0436
96.0014
93.6431
92.0264
92.5763
94.442
94.8701
96.2868
94.4062
94.5836
93.3414
93.0903
93.3828
92.1711
92.5847
92.424
91.0451
91.1629
89.673
89.405
90.4936
90.6602
90.1966
90.8698
91.3154
90.9156
91.1235
91.4103
91.6845
91.6676
91.3494
91.0966
92.3429
95.2902
96.4076
96.0952
97.0484
96.2176
96.2669
96.5018
97.2891
97.912
95.8744
96.0415
97.5526
97.9072
96.9454
96.7165
94.3921
93.4954
93.6279
92.871
91.0943
92.8898
93.9595
92.9239
91.3801
93.6091
94.4649
95.7814
97.0813
95.7341
94.054
94.7209
91.4769
94.7115
95.6677
94.775
94.9699
95.0955
93.1988
93.7133
92.243
92.081
94.9056
94.8795
94.8566
94.7283
94.9518
96.5962
97.8741
99.5994
101.402
98.4904
98.0824
96.9315
98.0513
96.1474
98.8363
99.0622
101.644
102.837
104.155
104.151
103.758
103.37
104.515
105.101
103.887
104.88
107.16
107.159
103.342
104.412
102.559
101.837
102.53
102.236
102.413
103.468
105.418
105.334
106.991
104.903
108.14
109.402
110.184
110.384
110.383
110.102
111.141
110.642
110.815
108.59
109.058
111.455
111.815
116.759
114.092
114.226
115.295
117.028
116.966
118.443
118.761
117.662
118.665
119.786
118.923
118.782
119.898
119.095
117.57
120.193
121.296
121.761
119.003
118.637
117.633
116.257
114.18
113.125
114.372
114.566
113.949
115.203
115.696
113.599
115.254
115.444
114.384
111.737
111.952
111.231
110.964
111.075
111.369
113.793
113.521
113.108
112.299
109.513
110.69
111.281
111.874
111.164
107.563
107.144
106.384
105.115
106.447
105.402
105.05
105.43
104.298
106.757
108.049
105.207
107.96
108.782
108.611
108.613
108.66
110.513
109.265
110.125
108.801
108.446
106.851
106.877
108.366
107.57
108.736
108.043
105.934
104.34
105.095
105.264
105.403
106.915
107.595
109.782
111.242
110.507
112.362
108.425
109.201
109.794
110.063
110.157
110.586
111.434
111.591
110.296
110.629
109.891
109.049
106.454
105.479
105.52
105.139
105.026
103.796
102.042
104.037
102.512
103.645
104.319
103.826
103.244
103.48
103.252
104.707
105.453
104.345
104.746
103.617
103.908
102.364
101.848
100.076
98.2994
97.0965
98.2438
98.3113
99.0475
100.923
101.508
99.9411
101.961
101.562
102.582
100.176
102.173
102.109
100.137
99.7061
99.1514
99.7576
101.382
101.333
102.27
101.792
100.894
100.362
102.011
100.951
100.35
99.9433
101.441
100.158
100.108
100.13
100.334
99.422
101.432
102.12
102.249
100.715
102.794
103.688
103.904
104.651
106.414
108.882
110.441
109.951
110.802
110.027
107.921
106.132
105.803
103.149
103.114
102.411
100.872
99.3668
99.6186
101.498
100.966
102.584
102.397
103.519
104.327
102.542
104.38
100.496
97.248
96.962
96.5296
97.2411
95.7545
96.5917
98.8775
99.3156
99.5019
100.605
102.91
102.452
102.643
102.057
100.364
100.814
98.116
97.9754
98.1548
96.1376
95.9962
95.8432
97.7026
97.5517
100.179
100.269
101.103
102.305
105.025
104.748
103.566
105.79
106.253
106.98
106.604
106.313
105.72
109.635
111.088
109.948
108.028
111.521
111.722
