100.388
99.699
100.139
98.7615
98.0677
99.887
98.8786
97.2962
94.8138
96.3012
97.8751
97.9244
98.1988
97.401
98.2424
99.7543
99.8168
100.733
100.584
102.142
99.8711
98.7996
98.0623
99.5707
100.488
100.912
101.169
102.986
103.584
103.983
102.076
102.251
101.664
105.062
103.796
104.867
104.82
104.934
104.739
103.265
103.326
103.52
104.626
106.783
108.161
107.445
104.718
102.239
103.539
102.571
102.564
103.91
104.089
104.024
102.883
104.364
102.542
104.352
106.764
109.733
109.978
110.578
110.747
109.628
108.084
109.539
107.777
110.021
112.244
111.039
110.493
109.816
111.758
108.584
107.625
106.598
110.067
109.038
110.517
109.063
106.605
106.343
107.266
109.102
110.065
108.32
108.645
108.34
108.428
109.64
110.336
109.763
110.59
111.543
110.726
111.547
114.134
112.462
112.566
112.341
111.116
110.997
110.808
108.882
109.87
108.863
111.202
112.784
113.702
112.618
113.141
114.44
115.471
116.711
117.91
119.954
118.091
117.721
117.417
118.414
119.904
118.903
118.016
117.134
114.828
117.939
116.891
117.596
117.539
119.074
118.931
119.282
118.863
118.215
116.296
117.737
117.472
119.117
119.966
118.894
119.434
121.193
119.768
120.811
119.111
118.324
118.137
119.258
118.869
120.672
118.898
119.874
120.887
118.034
118.864
121.667
123.64
123.15
121.617
120.139
121.368
120.318
121.101
123.328
120.273
120.486
121.018
120.363
120.356
121.246
120.185
118.297
120.945
122.518
123.522
123.716
125.533
124.323
126.036
128.235
129.223
128.194
131.301
135.173
135.678
136.205
137.877
136.004
137.137
136.927
138.048
138.321
140.273
142.462
147.267
146.09
144.309
144.228
144.657
143.675
145.796
148.281
146.364
148.127
147.49
149.202
149.411
145.989
148.288
149.588
151.167
147.768
147.289
148.662
152.958
154.991
155.084
153.124
154.3
152.802
149.704
151.201
152.972
153.269
153.881
152.043
152.534
149.542
149.974
148.908
151.623
152.412
155.079
156.814
153.888
153.057
156.218
157.426
157.393
156.462
158.318
156.028
156.802
156.939
156.246
157.535
155.822
153.424
156.098
155.299
153.849
156.079
155.756
155.188
157.028
159.911
159.948
160.491
160.61
161.693
163.633
162.605
159.77
158.339
159.818
158.615
157.022
155.984
154.846
154.65
150.704
150.393
151.173
151.673
150.96
150.094
150.875
148.883
146.972
151.087
153.371
153.661
154.589
154.744
158.067
154.671
153.043
155.719
152.672
155.002
151.563
150.056
148.2
146.846
146.507
145.55
145.584
145.127
140.114
137.501
138.468
136.547
135.703
135.595
133.905
130.468
130.354
130.685
129.258
128.003
128.579
130.764
127.951
128.353
128.068
125.057
123.764
123.836
121.197
120.551
118.672
117.392
119.114
120.114
120.558
118.79
119.116
115.539
118.649
116.836
119.521
117.199
118.395
116.546
119.825
120.006
119.158
121.057
124.184
123.278
124.475
124.342
124.399
124.685
124.761
124.341
121.634
122.603
123.056
124.114
120.879
123.657
121.047
121.252
120.716
124.306
126.753
127.527
127.074
128.315
131.744
132.273
131.429
130.245
127.033
126.544
125.904
127.159
127.133
127.548
126.25
126.005
124.787
125.781
124.455
123.65
125.595
124.25
124.018
125.675
125.548
124.897
125.462
123.485
122.56
124.452
125.466
125.815
127.152
127.13
128.094
127.378
126.503
127.799
127.733
125.965
124.15
125.802
124.538
126.03
125.835
126.718
129.464
129.739
128.731
126.601
126.935
125.409
125.286
128.904
126.542
127.566
126.952
127.203
126.528
126.377
126.155
127.026
126.149
126.741
126.492
125.107
125.637
125.203
125.911
126.103
127.237
127.709
125.542
126.34
127.643
128.601
128.803
130.5
129.858
129.158
128.042
128.664
127.627
128.621
127.224
127.881
128.426
127.283
125.95
124.399
125.131
126.801
125.025
126.209
126.347
127.282
126.293
127.196
126.087
127.37
128.971
130.624
130.937
129.149
133.082
131.775
130.578
129.944
128.66
130.249
130.262
126.646
126.546
126.653
128.953
129.598
130.335
129.471
129.948
131.177
132.192
129.902
129.758
126.309
124.411
124.222
126.466
124.555
124.84
124.103
124.573
122.794
121.559
120.508
120.499
121.414
121.79
122.097
122.718
121.255
120.846
120.667
119.8
119.739
120.165
120.293
121.41
119.056
117.836
117.296
115.927
116.614
115.806
114.277
113.372
110.753
110.26
109.456
113.24
113.581
113.241
112.54
110.287
112.422
112.826
115.395
114.897
113.68
113.809
113.982
112.762
112.654
113.575
115.184
115.08
114.131
115.772
117.378
115.731
115.03
114.131
116.284
112.731
111.452
111.714
110.438
111.088
110.475
109.976
107.348
108.601
109.518
109.828
111.606
111.713
113.803
114.715
115.112
116.292
117.609
115.784
115.442
112.272
112.532
113.88
116.429
116.435
116.748
116.8
114.494
114.465
115.225
114.537
115.692
117.501
113.875
112.711
112.213
112.478
115.081
112.927
109.956
111.431
111.304
111.709
111.443
112.189
112.342
111.914
109.881
108.331
109.423
112.269
110.192
107.902
105.726
105.206
105.58
108.013
110.397
109.42
106.501
105.852
106.404
