100.146
100.498
98.879
97.0932
100.155
100.658
100.63
100.626
101.876
102.892
105.283
104.909
103.365
103.599
104.077
104.986
104.836
105.451
106.983
106.84
106.992
106.076
104.863
105.629
106.035
106.319
104.327
104.876
105.024
104.353
103.814
103.638
103.525
105.552
106.549
104.036
106.069
107.97
108.496
107.44
107.837
108.559
108.416
109.027
108.844
109.254
110.22
109.774
108.287
107.89
110.89
109.556
109.407
107.91
106.118
106.261
107.821
107.234
107.284
105.441
104.159
105.227
104.285
103.987
102.643
102.821
101.934
103.377
102.614
101.088
100.7
99.7226
97.647
98.5884
100.274
98.6755
100.418
100.206
100.246
101.201
100.183
101.201
101.035
103.403
103.66
103.115
104.434
104.197
105.953
104.636
105.868
105.284
103.742
104.258
105.147
106.315
106.251
105.976
105.715
104.815
105.166
103.977
104.469
104.611
105.357
105.043
104.565
103.443
102.603
103.08
103.269
101.35
102.995
103.25
100.343
99.9697
98.1803
98.4068
99.2149
100.299
103.234
103.698
102.737
103.855
105.408
105.846
105.876
105.859
106.652
106.786
107.292
106.712
108.129
106.617
105.782
102.88
101.493
100.533
101.785
103.939
104.849
104.909
104.217
104.331
104.686
104.101
103.611
103.755
103.389
106.247
105.632
105.124
104.275
103.735
103.001
101.973
101.81
98.9268
97.8666
98.0501
99.5785
99.6009
99.9937
100.338
101.169
99.9444
97.9
97.5846
97.6689
98.852
99.6397
100.383
100.137
103.725
102.237
103.652
104.472
105.027
106.177
109.109
107.414
105.908
106.315
106.448
106.452
107.903
107.669
106.757
106.683
107.636
106.948
105.86
106.886
105.329
105.462
103.182
104.993
104.798
104.934
104.236
103.707
104.786
104.612
106.059
105.705
105.685
105.513
102.731
102.03
102.755
100.012
98.0594
95.882
94.6259
93.9341
92.7794
92.4663
92.2685
91.4913
90.4323
90.6092
93.3632
94.2186
95.3184
95.261
94.9761
97.5648
96.7777
97.9644
98.3028
97.0202
95.7722
96.2192
94.3094
96.4353
97.5886
96.5277
95.0229
94.1676
92.3223
92.5225
91.2679
92.2535
92.0438
90.7664
89.2177
87.7584
86.8941
86.3713
86.7455
85.9294
87.5492
88.3726
87.5496
89.5952
87.6328
86.9045
87.3756
88.5639
88.6712
89.4284
87.439
86.8169
85.2595
83.1599
83.1308
82.9711
84.1125
83.473
85.3411
85.8336
85.3239
86.0831
85.1997
85.9834
85.0251
85.3705
87.4907
88.3268
88.5558
86.9879
88.1593
87.6192
89.4425
90.1855
91.0142
89.9449
90.4678
92.2074
91.7694
91.3184
92.3785
91.5996
92.0817
90.2004
90.732
91.9367
93.9109
93.4857
95.4137
95.2029
93.8817
96.2355
96.8438
97.5479
97.4757
97.0513
96.7209
97.3393
97.9399
97.7923
98.1345
98.8664
99.3126
96.9751
94.7031
94.2344
95.0171
95.5065
93.3499
94.6039
95.6488
94.9302
97.3191
98.0527
98.1458
98.9364
98.3316
98.0679
96.3268
96.3165
97.748
97.2194
97.4931
99.9451
98.7209
99.9738
98.5703
97.1079
95.9357
96.5797
95.7181
95.2638
95.6976
96.2059
96.9813
96.7287
95.8423
95.5025
96.4261
97.7354
97.1274
95.2213
97.8601
97.0641
97.676
98.0043
97.7547
96.7524
95.0845
93.9353
94.2187
92.7333
92.5272
91.5695
91.32
91.9391
92.1566
92.4824
93.7586
93.8118
93.0963
95.4662
92.8536
92.1984
91.1972
88.7762
88.3418
88.3247
85.2799
87.2985
90.2896
89.9278
89.5149
90.8119
93.0497
93.3602
92.4376
91.7746
89.5962
88.8042
89.6059
88.4465
88.5201
87.729
87.7565
90.3788
89.0331
90.1785
89.6946
90.6677
89.8388
89.8782
90.9446
92.3974
90.5219
89.7031
89.5561
90.1818
90.1068
92.1271
91.6858
92.1541
92.6725
94.2501
94.6193
93.4902
92.3498
90.8895
89.4608
88.0117
87.115
87.0756
86.1753
84.5582
85.96
87.9703
88.4592
87.2595
87.4452
86.4735
85.8237
87.3473
87.7749
87.6358
89.8037
90.021
90.3517
90.9867
88.9823
90.5232
90.7646
92.0737
92.3884
93.6203
92.8744
92.3587
91.9935
91.3223
90.3622
90.0533
89.1049
90.0681
89.5851
90.4843
91.9183
91.0587
91.2657
91.8475
91.7082
90.7859
89.3873
88.1205
87.1305
86.375
85.0708
84.9436
86.8153
85.776
86.0285
85.2024
85.8879
86.995
85.9847
84.2822
83.6163
84.5262
85.2895
85.5898
85.7098
83.9941
84.6236
84.5641
85.2034
85.7278
86.1138
86.0325
85.47
86.1408
86.7407
89.41
88.5013
89.2731
91.2995
94.112
94.2116
95.0056
93.229
92.4107
93.6183
93.8258
93.6957
96.7083
97.2663
99.1742
99.5751
99.745
98.9276
99.2313
101.24
100.759
100.019
99.7838
102.027
101.406
100.928
101.4
102.312
101.659
102.846
103.028
103.236
105.297
104.137
104.541
104.38
104.929
105.193
105.693
105.654
104.032
103.585
104.681
103.63
104.068
104.522
106.227
106.223
109.152
109.56
107.208
109.076
109.495
110.063
109.739
112.491
114.191
114.52
115.429
115.515
115.509
115.232
116.448
116.421
117.744
119.077
119.737
121.243
119.636
118.858
117.95
119.598
117.567
116.291
116.291
118.473
117.949
120.422
120.201
119.289
118.241
120.829
121.151
122.593
124.149
125.772
127.611
125.894
126.551
127.264
126.777
124.38
123.842
121.716
120.506
122.118
123.52
122.138
123.16
121.709
124.441
126.447
130.503
132.371
133.814
134.24
135.315
133.768
133.972
135.439
