100.173
100.122
97.3028
97.9652
98.6466
99.2622
97.4908
97.7165
97.3663
97.0881
99.8893
99.2361
100.75
101.577
102.218
102.832
102.815
102.209
102.953
100.106
100.941
102.42
101.3
101.497
101.46
102.231
101.39
101.103
99.7522
101.183
101.57
100.192
101.925
102.245
101.638
101.365
100.76
102.024
102.458
102.465
104.6
103.173
103.952
103.707
102.135
102.982
105.972
103.955
101.786
102.902
102.329
101.717
101.666
100.808
101.855
100.009
99.4632
98.0278
97.4098
99.419
99.717
99.3826
98.171
97.2438
95.8711
94.8496
96.9171
96.8192
95.5073
97.1459
99.4793
100.085
100.531
100.876
101.023
102.58
100.725
98.3018
96.3582
96.7857
97.4267
97.8489
96.5843
95.8965
94.56
92.9875
92.5238
93.6614
92.4535
93.2521
94.0688
94.9505
95.0087
96.2856
95.9067
96.3844
96.3907
97.1692
96.158
96.4634
94.9738
95.0265
92.7441
92.2045
92.0917
92.9944
92.4126
90.4087
91.2359
90.5896
89.2348
90.2612
90.4952
90.0543
90.2135
89.589
89.4222
88.5156
88.0818
88.4001
89.5166
88.9995
88.5007
88.562
88.0316
88.258
87.0583
84.8447
84.7642
84.8263
86.6151
88.3173
88.401
89.4373
89.753
88.7434
90.533
89.9797
88.8873
89.5149
91.4359
91.3521
89.7218
90.3405
90.8907
91.3616
92.6274
94.0232
96.4832
97.4794
96.4525
95.7271
95.3349
95.1534
93.3401
93.7258
93.3794
93.4707
93.6768
92.2421
91.8105
89.2549
87.0223
88.9544
88.975
88.3947
89.0752
88.2841
87.089
86.9266
86.2586
85.8956
83.6941
84.237
84.7771
83.8941
84.7475
85.835
87.1729
86.6453
87.5303
87.4412
88.6895
88.3917
88.5596
89.0633
89.0156
88.9797
89.9918
89.3745
91.2454
89.1266
88.5937
89.1057
88.2383
88.3798
88.7801
89.3136
89.8081
90.3037
90.431
88.561
89.8382
90.4251
89.345
89.7745
90.6369
88.7812
89.7527
90.5878
92.1767
91.6065
91.3733
92.2049
91.3543
92.9042
90.5099
92.1292
90.5638
91.0057
90.5454
89.5965
89.5095
88.2544
88.1486
89.4788
88.4546
89.3776
91.667
91.5992
91.1757
91.4349
89.8629
89.422
90.0672
91.4903
90.7218
90.0692
91.4305
90.5408
90.6197
88.6579
89.4446
88.3934
88.4668
88.9496
88.5668
87.3338
87.6009
86.3402
87.6269
85.2985
85.8967
86.0875
88.017
88.4608
89.4193
90.1222
91.0461
91.9772
89.1933
86.2146
87.1495
87.9468
88.362
88.9646
87.2954
88.8335
89.0789
89.9138
89.3341
88.1751
89.2502
86.9786
87.7272
88.279
89.2439
89.4882
88.4509
87.0673
87.3549
86.0331
85.6343
83.9646
84.7245
83.8073
85.1841
84.0216
83.5838
83.2234
84.0252
86.3878
86.9199
87.281
87.5966
85.1979
84.5478
85.2636
84.8428
83.8214
83.9351
83.4733
84.4981
85.978
87.1715
87.1176
86.9273
88.4571
88.3052
87.397
88.1927
88.9952
88.9016
89.8172
91.5177
89.449
89.8664
88.9171
87.8106
87.5296
86.6472
87.133
86.9087
85.6838
85.3954
85.3893
88.3104
88.8416
88.8637
90.3829
90.0894
90.191
90.2294
88.8111
89.5991
88.2821
90.1221
88.8609
89.7826
89.4893
88.7967
89.2826
88.59
89.0515
86.4561
88.12
88.5351
87.8356
89.1685
88.4108
88.8439
86.776
88.0771
87.863
86.1846
86.8726
86.7835
87.6959
86.3124
86.1584
84.9773
84.1499
84.7135
84.3561
84.1303
83.1584
82.8049
84.6022
85.01
84.5396
83.8418
82.05
80.6294
81.9661
82.7039
81.9154
82.2727
82.8003
83.0348
82.2066
83.6774
82.1306
82.2817
80.9618
80.2057
79.5464
79.6254
80.5113
80.794
80.2028
79.6221
79.1895
78.4223
79.1576
79.0423
77.9853
76.4218
77.0508
76.8141
77.2193
77.4537
76.9225
78.0741
79.0086
79.5953
79.4651
79.5168
81.5414
81.8951
82.3812
82.4939
81.5171
81.8172
81.639
82.903
83.2009
84.4451
85.4622
84.7309
85.3284
84.2173
84.3843
85.0055
86.1677
87.8134
86.7854
87.948
87.5254
85.767
84.9949
81.2143
81.4737
80.6372
81.7198
82.0323
80.5569
80.5284
79.0289
78.2595
76.603
76.8198
75.3941
75.1438
75.9023
76.5276
76.6063
75.5504
77.1852
77.0398
75.9462
75.4058
75.7738
74.7079
72.8931
72.6537
73.5582
73.6416
74.0492
73.2834
72.6751
72.5427
73.0433
73.1861
73.3321
73.5349
74.2846
73.5591
75.1784
74.4197
74.9044
74.8524
74.948
74.7863
75.3417
75.3101
75.6589
76.0363
75.1817
74.3849
75.1515
75.208
75.7018
74.9673
75.7326
77.8993
77.9383
77.0365
78.8661
80.0529
81.3131
82.2494
81.8703
80.5126
80.9142
81.0382
82.2288
82.9094
83.6481
82.0585
81.6629
84.535
85.6299
86.1666
86.2168
84.2772
83.6697
83.6557
83.0302
82.0686
81.9607
82.4089
79.3891
77.8607
78.5753
79.2863
78.1151
76.9823
76.3552
74.3436
71.3095
70.0859
70.7618
71.3053
72.4273
72.4151
72.5836
73.5005
74.9304
77.2044
75.8584
76.1809
76.5564
76.1132
75.7709
75.7349
76.1025
76.9644
77.2064
77.1645
76.7475
76.4555
76.4621
75.9841
76.338
75.4735
74.5886
74.8938
75.128
73.9157
73.5388
72.7878
71.6264
72.7802
71.1967
71.7692
71.1353
71.3514
72.4895
73.212
72.3513
71.868
69.7361
68.9649
68.4686
68.6316
70.0025
70.0908
69.5888
68.3966
66.6873
66.6152
66.7986
68.3082
66.5905
65.5804
64.4957
64.2634
65.3137
65.5435
64.9524
65.7938
66.3207
67.0657
66.9741
67.4445
68.2256
68.5488
68.8768
68.9726
69.9777
68.5634
67.573
67.8827
67.4757
67.0026
67.8072
66.8483
66.3664
65.3184
65.1769
