100.055
102.473
102.065
102.096
101.021
99.0515
98.1904
100.243
100.228
100.861
102.179
101.93
101.347
101.602
104.606
104.709
104.879
106.126
106.014
105.098
106.918
106.743
107.038
107.31
106.265
108.886
110.831
110.719
110.598
109.75
110.235
111.087
110.532
108.998
110.713
114.398
114.29
115.397
115.617
114.923
114.781
115.833
115.47
112.823
113.427
110.167
110.741
107.374
106.959
109.18
108.818
106.33
106.177
105.259
104.055
104.077
106.423
107.244
107.388
106.559
107.2
108.326
104.182
102.524
102.179
101.546
99.7372
99.7005
98.3585
95.394
95.2065
95.5821
97.3627
98.304
97.6414
98.2181
98.6356
97.367
98.6961
97.4838
98.199
97.9169
96.8414
93.9734
93.0345
92.6322
93.2485
93.6162
94.4345
93.0757
90.9988
89.575
90.0334
90.6101
89.242
89.1282
88.135
86.6949
88.1887
89.8915
88.6763
88.3282
87.8684
87.6252
85.9517
86.1895
84.4421
83.1974
82.0831
81.6385
80.9729
80.7168
79.6943
79.4731
78.4362
79.7908
78.5776
77.1182
78.4166
79.3556
79.8706
78.4963
77.8806
78.8374
77.4097
76.2453
77.1695
77.5491
78.6075
78.5622
78.6064
78.3816
77.6541
76.9132
77.2756
76.8725
77.2504
77.4328
77.7148
76.5742
75.0421
74.0391
72.5467
72.6733
72.2765
70.3834
70.025
69.2786
69.3273
69.2499
67.5471
67.3374
66.8205
67.7526
66.7433
67.8765
66.4637
66.6406
67.4403
66.413
67.2086
67.3089
67.6492
68.4075
67.7032
66.8153
66.949
66.7271
66.9874
67.0896
66.555
67.2248
66.2926
66.7282
67.2926
67.0755
67.1396
65.5465
67.37
66.6308
66.4038
67.929
67.4254
67.3981
66.8433
67.1817
65.9163
67.0162
67.9178
66.9673
66.8437
65.1678
65.3821
63.7337
63.6775
63.1924
62.0964
61.6867
62.2057
63.3738
63.4333
62.6976
64.078
63.8577
62.9851
62.7072
62.0903
62.7693
62.7537
62.6029
63.3244
63.4436
63.4364
63.5611
63.6636
61.9439
61.1663
60.5175
60.0489
61.1406
61.8246
60.4209
58.5926
59.3066
59.575
59.9383
59.7993
58.8655
59.0415
59.485
59.4724
59.8562
59.908
59.9459
60.5862
60.0417
60.2154
60.6627
59.508
59.3235
58.9351
59.4275
59.926
58.9427
57.7346
58.0089
57.453
57.5218
56.7354
57.0273
56.3111
56.0834
56.0495
56.0683
55.2638
55.0699
55.7799
55.962
56.8284
55.6209
55.758
56.9767
57.5775
58.3921
58.1269
57.632
58.3908
58.6478
58.461
58.3959
58.2181
57.7195
56.7373
57.1997
57.3515
57.2559
58.2509
58.4236
57.2276
56.2456
56.1027
57.1396
58.8373
58.1335
58.4604
58.8539
59.125
57.6815
57.6291
58.9474
60.281
59.2951
58.5252
57.3428
59.0195
59.2407
60.078
59.8849
60.2631
58.5729
57.9947
58.8359
59.9071
59.1308
59.7033
58.7871
58.998
59.1934
58.9094
59.6352
59.4685
59.5777
59.7599
59.9424
58.8667
58.6594
59.2948
61.382
62.2002
61.6257
61.7507
61.3947
61.897
62.766
62.545
63.0756
63.718
62.7079
64.4514
63.8545
63.9724
63.5126
62.7703
63.0195
62.5629
61.9712
63.3918
64.9825
65.7174
66.6364
65.6641
65.3535
66.7615
67.0196
67.0126
66.876
66.4214
65.739
66.1146
67.3907
67.1054
67.1133
68.1918
66.7919
66.1077
66.8579
66.6903
66.9663
67.3104
67.6907
67.6466
67.3186
67.6645
67.788
69.5766
68.4602
68.6269
68.5282
68.3549
67.7666
66.3798
66.6714
65.9661
65.0963
66.4243
65.9237
65.7502
67.5908
68.0464
66.8847
68.0252
68.5436
70.1636
69.0206
69.4725
69.0242
67.2652
67.4992
66.0582
64.9121
64.5327
65.2096
66.014
65.8975
64.1903
62.6714
62.2816
63.3759
64.5153
64.8535
63.886
64.2994
65.1445
65.038
64.9023
65.0289
62.4202
62.1083
62.5237
62.8632
62.258
62.455
62.6097
62.1653
61.69
62.1884
63.0253
64.4111
63.5851
62.1713
60.6161
60.537
60.2954
60.2892
60.4154
60.5584
59.8745
60.4092
59.3092
59.6152
61.4771
61.1301
61.2273
60.1439
58.8509
57.8546
59.198
59.2591
60.0945
60.0567
60.3706
59.4379
59.2681
59.4882
60.0477
60.2745
59.5048
60.2464
60.8817
59.6366
60.5728
59.8201
59.8274
59.8816
59.436
59.9251
59.4699
58.8931
58.4532
59.7273
59.45
60.8219
60.2579
60.3273
61.6506
60.0881
59.0981
60.3804
60.5403
60.7983
59.8841
59.1214
59.6477
60.5181
59.9857
60.9068
61.0109
61.6796
62.9112
62.8736
63.6738
63.0297
62.4382
61.2555
59.9396
60.4093
60.6418
60.0965
60.7001
60.4938
60.0244
60.5534
61.5014
62.7252
62.6188
63.0025
63.4313
62.1014
61.572
61.6786
61.2238
61.51
61.4916
60.6074
61.0542
60.308
59.8939
58.8696
58.6278
59.6481
60.4117
60.5473
59.1711
59.939
59.6127
59.3513
59.6458
59.373
61.4338
62.041
62.9754
62.2322
62.8791
65.0585
65.3944
65.6153
65.0538
65.1553
65.8953
66.5879
68.0138
67.8294
68.1781
67.0725
66.0688
65.9765
67.056
66.7819
67.2058
67.1924
65.3987
65.4806
66.4989
67.6325
68.2861
68.5035
67.7306
66.8585
67.1366
66.675
66.2608
66.3858
67.1427
66.1379
66.4146
65.6014
65.3068
64.4597
65.7108
65.6058
66.6196
66.2115
68.0515
67.9556
68.0234
68.4681
69.1202
67.3551
66.2531
65.621
65.0826
65.3896
64.1446
65.4329
66.0559
65.2865
65.063
65.1842
63.0513
61.9114
62.3167
62.0471
60.1852
60.6357
61.3574
61.2058
59.7236
60.5316
61.6335
61.8888
62.0919
63.1233
64.1767
63.8733
65.094
64.364
65.4206
65.0004
65.5654
64.0308
