97.9438
99.4835
100.464
101.449
100.708
99.2727
98.55
97.7086
98.1502
97.4483
96.5058
95.8166
95.8551
94.8168
96.9019
98.9773
98.7098
101.478
100.932
101.212
100.714
101.238
101.509
100.438
100.971
101.12
101.024
99.6159
100.287
100.158
100.461
99.9742
99.0985
100.831
100.329
99.86
101.619
101.572
104.278
105.936
106.432
106.803
107.164
106.329
107.536
105.439
106.011
104.997
107.843
108.748
107.61
107.982
108.782
109.208
110.744
112.596
112.914
113.125
111.571
109.777
110.376
109.939
110.273
110.839
112.014
114.405
114.444
114.645
112.718
112.201
113.494
113.809
116.522
118.094
119.431
119.057
122.296
120.632
119.324
118.666
120.814
119.361
117.61
117.877
116.319
118.909
119.002
119.778
118.795
118.234
116.553
116.232
115.539
115.843
115.864
115.178
112.98
112.494
111.438
112.514
111.902
114.42
113.73
114.586
116.019
115.632
114.222
114.968
115.742
114.006
114.34
114.543
114.714
116.099
115.763
116.079
117.8
117.19
117.948
118.986
117.485
118.895
120.761
120.083
120.507
118.147
117.587
117.629
118.703
119.594
120.087
122.289
123.986
120.238
119.224
120.049
119.644
120.825
122.017
120.876
119.731
121.784
120.397
120.457
120.5
118.893
121.277
120.863
123.048
119.973
120.687
119.75
121.224
123.079
122.597
124.863
123.858
123.174
123.866
124.404
123.329
123.648
121.906
122.6
124.828
123.689
125.327
125.409
122
122.342
123.047
122.778
121.431
122.479
119.957
122.775
125.697
128.435
128.522
128.989
127.674
128.069
126.719
125.592
127.087
127.93
124.321
127.479
129.697
129.343
133.171
133.97
133.002
132.421
132.283
131.579
132.538
130.634
131.437
128.141
126.792
127.389
127.894
129.843
129.66
131.66
131.282
130.313
126.393
129.018
128.99
130.595
130.196
132.027
134.267
134.517
134.232
134.678
132.814
131.679
130.662
129.604
130.337
131.797
132.401
130.973
131.515
131.185
134.406
134.122
133.189
131.483
129.232
130.799
132.062
131.937
132.989
135.077
134.227
135.451
134.509
133.744
132.649
135.922
135.133
134.352
132.406
133.086
133.974
134.926
136.121
137.203
136.916
135.271
135.613
138.252
137.566
138.102
142.009
146.407
144.552
143.978
143.824
144.569
143.382
146.012
146.248
144.993
142.157
140.344
139.917
137.448
134.767
135.616
137.654
135.638
138.559
136.884
135.378
136.273
134.407
134.567
133.905
133.686
136.44
137.442
138.995
140.435
140.759
140.615
139.601
139.862
138.993
139.666
142.716
140.664
141.801
140.435
138.856
138.983
138.849
141.512
140.364
142.177
145.38
145.237
147.18
144.744
146.127
145.414
147.074
146.388
151.819
154.648
152.688
154.325
155.532
153.951
155.346
156.722
156.488
152.523
153.058
155.278
154.585
154.609
156.803
155.105
153.439
150.838
152.95
149.922
149.27
149.842
152.744
153.48
154.766
155.257
154.986
154.413
156.66
153.377
151.76
155.133
153.348
154.133
153.835
151.98
153.946
152.825
150.864
149.14
149.586
151.065
152.544
150.468
149.457
150.508
150.117
147.863
150.306
150.295
150.543
151.72
151.915
149.688
148.778
147.708
145.93
147.157
146.886
148.001
147.581
150.397
147.818
146.438
146.691
146.015
144.931
143.223
141.026
140.579
138.329
136.696
134.455
136.471
136.764
140.564
136.017
136.321
135.315
134.835
135.713
136.618
135.042
129.47
130.369
130.652
134.967
136.044
137.14
139.485
139.463
138.099
137.918
137.248
137.749
137.605
136.838
136.887
139.856
143.113
142.866
140.931
136.989
134.661
134.241
132.295
130.335
133.116
133.151
132.021
134.195
133.882
134.138
134.028
134.512
136.107
136.217
137.644
136.162
134.228
132.655
130.994
132.408
130.718
131.252
131.878
130.414
130.61
130.337
128.402
127.143
127.231
126.175
124.213
124.443
125.703
124.02
120.596
120.478
122.186
122.925
124.109
122.215
120.171
121.408
120.407
118.749
120.731
119.623
121.175
120.548
120.081
120.263
121.641
118.804
118.617
121.07
119.492
118.587
116.523
115.005
114.82
114.135
114.792
113.904
114.927
116.549
119.409
117.726
117.625
119.032
118.388
119.423
116.382
114.994
115.368
113.489
114.161
115.398
116.323
117.211
116.996
117.394
117.453
116.192
115.432
117.686
117.399
117.919
118.315
117.666
114.902
115.719
115.436
113.635
112.719
110.976
111.255
110.873
111.644
112.187
109.927
110.467
110.623
111.089
110.682
110.511
111.956
111.607
111.591
110.53
110.905
110.635
111.131
109.254
109.672
110.463
111.541
110.474
111.469
111.818
112.83
111.995
111.979
110.374
108.466
106.724
106.033
105.201
107.519
107.843
105.749
103.113
101.645
104.845
104.459
104.773
104.773
105.607
107.505
107.557
105.031
103.474
103.499
102.338
103.339
101.783
103.261
104.088
104.992
105.892
104.311
102.03
103.144
102.346
101.645
99.757
100.336
99.9844
99.0654
100.411
100.118
99.0855
100.372
97.8979
98.2468
97.3778
98.5401
99.7164
99.5983
101.17
101.07
101.326
101.622
99.8489
99.7391
98.1362
97.0091
96.5817
95.0352
97.7272
98.7636
98.9811
98.5034
98.5495
97.7492
97.6793
97.0987
