100.318
99.3075
100.685
101.564
102.428
102.328
103.691
101.751
102.23
104.082
102.319
101.705
100.15
99.8872
100.202
99.4809
100.627
103.405
101.673
105.151
103.978
105.917
106.681
103.088
101.63
99.5545
100.185
99.1086
99.5082
99.9011
99.928
100.112
101.495
103.042
101.715
98.5069
99.705
99.2886
97.7877
98.0838
97.2158
96.286
94.1265
93.8958
95.1143
93.9055
92.5272
91.8818
92.3969
91.8334
92.409
93.1375
93.7459
93.8206
93.1225
94.8357
93.2856
92.4786
92.6101
93.3058
93.8464
95.3885
95.6615
95.3095
95.5255
96.3371
95.4772
95.057
93.8189
95.1384
97.4744
97.7998
97.7004
98.6244
98.7548
99.1962
100.946
99.9567
98.7788
99.9521
100.137
101.34
100.707
101.67
101.819
100.935
98.2968
98.419
98.9464
97.8666
95.2297
96.7328
96.5698
98.1776
97.2687
96.0449
97.0192
97.2112
97.4354
99.5437
97.6194
97.8895
96.7887
95.0035
94.0726
94.4522
95.1107
94.7737
95.7893
94.8106
95.584
94.4245
96.5971
97.0652
98.1021
97.7036
98.0164
98.4912
98.8217
100.007
97.1522
100.137
100.312
100.81
97.8813
97.0695
97.8366
96.0409
97.0041
98.7485
101.523
102.22
104.974
105.463
106.555
108.482
107.523
107.49
106.406
105.144
103.424
103.757
103.859
102.175
103.65
104.475
106.371
104.81
101.979
102.05
100.102
98.3812
96.8995
97.594
97.8931
98.1602
98.2458
94.0531
93.8661
94.2652
93.5767
93.0407
94.1825
94.5255
94.8642
94.9344
95.2287
94.7658
93.9442
93.7023
92.6725
92.9445
92.7218
93.0827
93.4037
93.8686
94.7113
93.8224
96.0708
94.9228
94.6707
93.2648
94.1205
93.2361
93.0455
91.7276
91.8637
91.1161
91.6948
93.3065
93.5602
95.2133
94.6946
92.7257
91.3792
91.5168
91.9261
91.8532
91.6416
91.929
90.8377
90.3777
92.3489
93.4787
93.8014
93.2915
91.1891
91.6845
91.9514
89.757
87.8783
87.5695
87.6845
88.1229
89.1061
89.8705
90.5292
90.8915
90.9284
90.7693
88.6271
87.1677
88.7679
86.8671
87.9249
88.1635
88.711
88.3633
86.704
87.7523
86.9273
85.3909
83.3596
83.9824
84.9173
83.687
84.2623
84.2547
83.2765
83.258
84.0066
84.4668
83.6338
85.4201
83.1163
82.0475
81.8916
81.8987
81.975
82.0057
81.1804
81.0596
80.7274
79.238
79.1096
79.039
79.2597
80.1528
81.2374
81.184
81.8185
81.6781
82.0617
80.4573
80.4599
80.4965
81.5157
82.3844
80.7841
81.7155
80.3985
80.4956
79.3712
79.26
80.109
82.0458
82.4767
84.2537
83.2057
84.309
85.0906
83.7247
84.5881
83.7089
85.0474
86.1106
86.5177
87.4047
91.4115
91.4612
91.2313
92.6209
93.5019
92.3216
92.613
93.0649
94.9437
96.4394
96.7996
98.5022
97.1371
96.8482
96.0538
97.2331
99.4381
99.7136
100.04
99.7413
98.4206
98.1269
98.1387
98.3739
99.5888
100.865
100.35
98.7277
99.6932
100.931
99.7885
100.623
100.902
99.4187
99.466
101.547
104.032
104.472
105.511
106.606
109.479
109.587
108.625
108.072
107.421
108.671
109.334
110.555
110.547
111.114
109.26
109.394
110.565
109.908
109.879
111.512
114.372
115.503
114.922
115.27
113.406
112.026
111.786
111.834
113.108
112.549
112.795
111.691
113.455
112.334
112.691
111.153
112.268
115.571
116.628
116.654
116.837
117.51
120.695
120.491
120.424
120.269
123.063
123.816
123.805
124.247
124.795
124.974
124.492
123.221
121.924
120.025
121.458
120.362
119.496
119.032
120.733
121.697
120.541
120.263
121.755
121.551
120.785
119.906
118.774
119.479
118.071
115.927
113.568
112.682
112.008
112.047
111.675
108.324
107.322
107.587
107.323
107.97
108.213
106.784
107.074
106.924
106.806
105.789
106.297
104.307
104.55
107.686
105.664
105.533
106.901
108.826
105.744
106.091
107.107
109.061
107.989
105.95
108.353
110.445
111.599
113.658
114.732
114.255
113.245
115.472
116.878
116.739
116.288
114.508
115.213
116.594
116.619
115.472
114.614
115.953
114.774
115.09
114.111
113.011
114.181
111.668
111.661
111.383
109.715
109.292
109.347
107.578
108.886
109.572
108.786
108.351
109.466
108.864
111.128
110.153
109.979
112.862
114.971
114.13
110.662
112.905
113.072
112.057
111.689
114.891
116.986
118.387
116.145
117.697
118.184
119.282
118.231
120.161
118.503
120.017
121.049
121.141
121.186
123.081
120.977
121.464
120.98
122.28
123.283
124.249
124.765
125.485
126.081
126.995
126.116
127.423
125.51
127.074
126.86
125.234
126.046
126.611
125.7
125.912
127.093
127.707
127.955
126.506
124.856
124.802
127.423
128.625
128.371
127.984
127.399
127.636
128.083
128.506
129.256
127.879
129.945
126.886
129.141
129.337
128.845
130.339
129.867
127.137
128.475
127.589
127.327
128.794
128.729
126.927
128.776
128.71
126.785
130.917
131.08
131.745
134.262
131.189
134.365
133.686
133.78
135.038
138.036
138.492
137.805
137.495
138.033
138.064
136.111
136.99
136.662
137.294
135.85
132.875
135.285
134.137
135.966
134.128
136.807
137.757
137.973
137.978
136.999
135.881
136.778
135.834
134.854
134.006
130.89
132.07
134.13
135.32
137.715
135.178
134.097
135.625
137.899
138.111
137.154
138.842
140.811
141.325
141.765
141.47
140.233
139.853
139.896
139.164
140.313
142.773
142.924
143.241
