101.244
102.333
100.703
100.884
100.789
99.4403
99.6975
100.435
102.707
103.566
103.469
105.26
105.801
104.595
105.026
106.465
103.439
102.316
100.283
102.601
102.745
103.586
103.994
107.26
108.358
108.519
108.317
107.721
107.945
108.108
107.041
106.388
106.149
105.266
104.789
103.715
103.566
104.378
105.172
104.913
102.458
101.697
103.397
103.439
104.607
103.068
102.536
101.66
101.929
102.365
101.767
102.537
102.317
101.83
101.872
101.423
101.251
100.678
99.7828
98.3643
96.591
96.4592
96.8546
97.1227
97.0408
95.2834
96.3145
97.2691
97.6493
96.9252
97.6143
96.122
97.4636
96.1161
96.751
96.7824
94.8311
95.8193
95.3289
96.827
97.016
97.6765
96.5547
96.9649
96.0066
95.6149
95.7096
96.4566
95.6085
95.4301
95.7898
93.457
93.081
95.6472
97.2008
99.2236
98.0406
96.12
95.8623
95.1784
93.6183
93.753
93.4219
93.6455
92.9978
92.4348
93.6384
93.4981
93.9857
93.4108
94.0136
95.3556
94.1001
95.2356
94.226
94.867
94.2449
94.1718
95.0295
94.4989
95.7357
95.2407
93.3576
93.6699
94.0254
95.5341
94.4416
91.8885
92.1973
92.4554
93.5299
94.119
93.7706
93.9401
95.3699
93.9807
93.6805
94.848
94.1757
93.2792
93.1911
93.0441
94.0112
93.4324
92.0451
93.8742
94.0358
92.504
92.0297
93.1606
94.9205
93.5544
93.8228
95.6471
95.5238
97.7238
97.352
97.0911
93.9073
91.702
91.2069
90.5005
90.1608
90.1904
91.6717
92.9876
91.9131
92.0625
90.6863
89.2011
90.0888
90.308
91.6119
95.0653
96.2835
98.7879
97.6331
97.2858
96.3447
97.8028
98.2636
99.229
100.197
102.365
101.805
101.785
101.225
100.408
101.702
103.127
104.748
104.54
107.657
107.691
107.081
107.227
105.793
104.546
104.149
104.878
106.569
106.708
105.72
104.334
105.823
105.131
103.36
105.129
105.026
103.659
103.31
103.558
102.929
102.02
104.539
102.823
101
101.31
100.607
99.7786
99.5607
100.349
99.0527
97.7152
98.621
99.3384
100.33
99.1635
98.1287
99.5247
97.8722
97.6423
97.9766
97.1085
97.1664
98.6203
100.807
102.462
104.034
102.72
101.606
101.637
102.297
100.953
98.5778
98.5349
98.3125
98.0728
99.871
100.718
98.2067
99.6261
99.4368
99.5347
100.085
102.052
102.8
103.412
104.918
105.378
105.968
105.91
104.747
105.115
106.628
104.694
100.444
98.3532
99.2702
99.5537
100.686
101.534
102.138
103.003
103.231
102.859
103.05
103.343
101.425
99.5551
98.3186
99.0442
98.1551
98.2728
97.4895
98.1068
97.0571
96.0701
97.464
97.6571
98.3947
98.1478
98.3696
100.626
100.538
99.3229
98.5911
98.2063
97.4307
98.3341
100.096
99.6677
97.212
98.2235
96.9293
96.1845
95.0676
95.6395
93.7961
94.6949
94.0043
93.6694
92.1015
90.6999
89.5252
89.7823
91.8059
92.5014
93.5348
91.6179
89.3885
87.5224
88.9331
87.9495
89.6364
90.1653
90.4817
89.0532
87.3684
88.6279
88.6778
89.7599
91.6106
91.1215
90.021
89.2816
89.0143
89.4683
88.886
89.7985
91.2118
92.0105
92.3649
92.4966
92.9208
92.0723
92.338
93.1122
92.979
93.6041
93.5573
94.3437
93.1164
91.1585
90.4039
89.3916
88.2959
88.5863
89.5356
88.4849
89.616
87.9886
89.8438
89.2768
89.0282
88.6766
87.943
87.534
89.2028
88.9766
89.4235
91.4206
89.1079
89.887
89.5961
88.3635
88.2639
87.2549
87.7809
89.2483
89.5964
89.1741
89.2582
88.0017
89.338
91.312
93.0034
93.3844
93.0592
92.9828
92.124
91.244
89.4595
88.9954
87.7459
88.4379
88.4348
86.431
87.0756
86.1911
87.485
86.5942
89.5082
89.287
90.0167
90.5498
92.0091
93.3969
92.7467
94.2499
91.3027
91.7019
92.5596
90.3084
89.3901
90.2931
92.2435
92.521
91.6887
92.6028
92.5903
93.1989
93.0512
93.0069
93.784
94.241
93.9628
94.2974
94.84
96.7156
96.3582
98.0793
95.3657
96.5247
98.2336
99.5512
98.9993
98.3452
96.1103
96.5313
97.5314
97.6564
98.2372
98.8664
98.3314
99.7327
97.7027
98.5745
99.8263
99.5051
101.172
99.9737
99.5353
97.5048
96.2238
97.0242
96.171
94.3138
96.2154
96.7591
96.7315
96.6081
96.7216
94.9063
94.415
93.6277
93.3157
93.7638
94.2304
95.2876
94.1121
94.5128
94.0746
93.5698
95.5436
95.8461
95.5548
93.5478
92.0806
90.8225
92.1075
92.4847
93.0063
91.8509
93.802
92.5426
92.2407
92.3085
92.2128
92.9865
93.4056
92.4307
93.0005
93.191
91.6598
92.2411
91.3513
92.2834
90.646
92.12
90.7289
90.8553
89.0194
89.9037
91.1014
88.6457
87.0154
88.5387
88.3751
88.8522
87.9553
87.334
88.1674
87.9776
88.1576
89.0974
89.2665
89.8742
90.077
91.2186
90.7692
88.8566
88.7355
87.4824
86.8414
87.3987
85.283
86.6483
87.9165
87.1718
86.4865
87.3659
86.7316
85.8829
84.5413
83.7922
82.2137
81.2757
81.4741
82.4914
82.5543
82.8509
82.7966
83.9331
83.8213
83.5486
85.2301
84.7939
85.7896
87.6712
86.5721
87.1648
86.7832
86.4604
88.0725
89.4604
92.4056
92.7625
93.9052
93.9394
93.4222
93.7185
93.1095
94.3139
95.0431
95.334
95.0229
96.7612
97.5877
98.7739
100.298
99.2668
98.1035
97.0667
97.1795
100.049
101.635
99.6324
100.014
102.085
102.741
103.36
103.745
105.647
104.097
103.184
102.444
100.171
98.6321
100.637
101.12
102.064
103.73
104.724
103.751
104.586
106.083
104.379
104.327
107.422
