99.7265
97.3707
97.9585
99.4316
99.4916
101.045
99.8169
99.2953
100.136
98.5002
99.0553
100.077
99.8824
101.882
102.397
101.243
99.9412
99.096
99.3435
101.132
102.5
101.206
101.598
101.288
102.759
104.128
104.669
103.881
104.099
105.38
105.982
105.076
103.335
105.166
103.151
102.337
102.566
104.558
105.29
104.647
104.044
103.814
102.487
103.441
105.598
104.449
103.185
104.602
105.04
103.548
102.039
99.9727
99.5629
99.342
99.7465
101.212
100.835
98.6991
99.9764
99.328
98.5161
97.3935
96.5569
96.5827
97.5267
97.5686
97.1016
98.8536
99.2264
99.1992
99.516
99.4606
98.2369
99.4982
100.642
100.311
100.248
99.7758
98.9618
97.4882
98.5442
97.2562
97.8948
97.1098
98.1907
97.7097
99.219
100.519
98.9455
99.2936
99.9871
99.5461
100.307
100.419
101.412
101.439
100.578
98.489
98.022
98.4074
97.0906
96.1001
95.2808
94.2199
96.7509
98.393
98.526
96.6515
96.3283
96.063
97.2299
96.4499
97.0906
95.8304
95.7734
95.8044
97.117
96.8713
95.252
93.7091
93.3792
94.6584
92.9153
93.2734
94.4569
94.4023
93.6948
93.4709
92.9301
91.7012
92.0477
92.7281
93.4106
94.5331
95.9272
96.1121
95.3188
95.0503
95.4932
94.6789
94.834
95.1707
94.1351
94.5108
94.2667
94.295
94.3905
96.1868
95.9537
95.9999
96.8451
96.0201
96.2748
98.0035
95.706
94.1835
93.5941
91.9274
91.7993
89.5799
88.7137
87.0919
85.4972
85.9034
86.4985
86.8706
88.3526
87.4106
88.6887
89.7873
89.3608
90.8467
90.7532
90.5617
92.2826
93.7547
97.6023
100.135
100.899
100.145
96.8962
94.4125
94.3729
96.6434
94.9743
94.7178
94.9915
93.7589
95.1232
97.3344
95.8044
93.8964
93.8941
91.8205
93.5705
93.5746
94.5507
94.0623
95.7805
96.5625
96.1053
95.8795
95.1953
94.2484
93.6823
92.2485
91.2229
91.7392
91.6111
90.4483
90.6237
92.2863
91.9339
92.0419
92.7984
92.0882
90.6305
90.9158
92.5739
91.3489
90.4541
88.6405
90.1161
87.5997
88.3867
87.7658
88.2486
86.963
86.151
85.1453
83.7351
85.0326
86.602
87.8823
88.9073
89.9721
90.871
91.0766
89.9136
89.1335
88.7134
86.8117
86.3764
86.6448
86.7642
87.499
87.5256
87.0619
85.3183
84.2162
85.1969
85.4927
85.3471
85.6221
86.6066
87.3466
86.0524
84.4417
84.4383
83.7727
82.7757
83.3026
83.9845
83.7548
84.9854
84.1115
83.9826
84.9623
85.4485
85.8837
87.1569
85.5078
86.1285
86.0394
87.576
88.0737
86.5424
88.756
87.7095
89.0771
91.4528
91.4541
94.3442
93.6638
94.8688
93.7993
95.2123
94.9875
94.9257
94.0118
93.8988
95.3841
94.3352
94.8634
95.5631
96.3988
99.5813
99.0603
98.867
98.6952
99.3129
100.765
102.718
102.539
101.694
101.32
101.1
100.126
99.0929
100.201
100.048
99.2239
97.9832
97.9226
96.1849
97.5933
97.9114
101.819
100.805
100.702
100.917
100.662
101.44
102.724
103.535
103.367
102.947
101.455
102.836
102.903
102.826
103.677
102.855
101.434
103.005
102.238
102.206
103.111
103.271
103.579
103.764
103.146
101.068
101.863
101.495
101.314
100.588
101.586
104.815
104.584
104.085
102.911
103.906
105.13
104.499
104.201
103.776
103.006
103.826
103.147
103.044
102.275
102.864
100.61
98.7612
98.2576
98.8001
101.25
102.16
101.832
101.78
100.633
102.202
101.914
103.115
103.018
103.836
101.185
103.596
104.732
105.682
105.852
107.644
107.915
106.53
106.546
105.385
103.124
102.701
100.575
102.583
99.6373
99.8894
100.015
100.138
98.0945
98.8545
98.9686
98.4026
97.9008
97.537
97.877
98.2219
95.3798
93.7149
91.6905
92.5956
91.5269
90.7069
89.2148
88.1886
87.846
88.5011
87.9785
87.909
87.9891
87.0744
86.9387
88.1109
87.8507
87.4059
88.5728
86.9052
87.1658
86.2255
85.6432
85.6908
86.595
86.7898
88.0117
88.9597
88.8303
90.3624
88.1364
88.9346
87.706
87.447
88.2024
89.8078
89.7643
91.0889
92.3499
91.9509
91.2589
93.0927
91.9032
93.1998
94.8241
93.5946
92.4659
92.3134
94.0848
95.3956
94.0317
94.1549
92.7238
92.6272
91.9194
90.6026
88.5549
87.0277
85.8807
88.5749
87.2487
87.3952
86.7524
86.1549
87.8228
87.9029
88.5262
88.6149
88.4046
88.1919
87.3078
86.3424
86.8975
86.0125
86.5903
85.9806
86.1559
88.2807
89.458
90.3231
90.3745
90.3144
90.5859
89.7895
88.9689
88.7704
87.2989
88.1613
87.4598
87.2604
89.3384
89.9321
91.2765
90.9969
92.3386
91.3717
90.9216
90.4016
90.8785
92.291
94.4271
95.3278
94.3057
94.2278
92.4993
93.3669
91.2752
91.1685
93.0067
92.4214
93.6286
91.9669
93.1174
92.1013
93.3462
93.1227
92.8264
93.9794
94.5591
93.4489
94.2293
93.7223
91.5882
91.8959
91.6225
92.8841
93.0463
93.7906
94.1832
94.4185
92.9235
94.1473
94.3944
93.585
91.2908
90.9666
93.2141
91.9376
90.8155
90.023
89.0836
89.3371
90.5551
89.501
89.526
91.1626
91.6467
93.4028
93.4093
93.2712
93.375
92.1597
93.8111
93.8641
95.0927
95.8662
96.1681
96.4092
95.3894
95.8545
95.7662
96.1775
95.8751
94.6379
94.2972
94.6034
97.5386
97.9562
97.8946
98.8824
96.4625
96.9405
96.2467
96.2948
95.0973
95.9011
95.3452
96.5443
96.3318
97.3599
98.591
96.0726
96.065
94.233
96.0581
96.5215
96.7905
97.8334
97.4319
98.096
98.5508
97.8295
100.325
101.275
100.291
100.998
101.957
