100.129
97.9461
100.401
100.618
101.375
102.817
103.688
103.772
103.096
101.091
99.6755
100.903
100.84
102.513
103.81
105.454
104.688
105.045
103.833
103.176
103.508
102.467
102.19
104.226
104.453
101.899
102.187
101.395
101.949
103.29
100.858
98.9888
99.2182
96.4915
94.6851
94.3488
95.1897
97.4709
97.4726
95.0258
95.2619
94.0226
92.3877
89.6294
90.2561
91.701
90.7288
91.5395
92.4489
92.4088
93.0933
92.2464
92.9742
92.5481
93.9599
91.8495
92.594
94.2525
92.3824
94.3599
96.1289
97.3714
95.8965
96.9509
96.3811
97.3307
97.0626
97.1281
96.6025
98.9628
100.048
99.2348
99.5634
99.4907
98.4651
97.4561
96.8129
96.7711
94.314
93.8833
92.6861
90.9909
91.3268
90.5219
93.9853
95.4179
96.414
97.3575
97.3288
97.3567
96.7504
94.957
94.1141
93.1691
94.6821
95.4602
95.4016
94.9031
93.9073
94.0074
95.6927
95.2909
94.3413
92.9549
94.4386
96.9133
96.2304
98.7415
97.7726
98.0959
101.164
97.5507
96.3948
98.0937
95.9331
96.4031
95.8015
95.2641
94.7337
95.0212
94.5922
94.3658
94.4921
93.5287
93.2873
92.4907
94.0542
93.4177
92.1721
91.0836
90.047
89.4417
90.6646
89.9493
90.546
91.9963
92.3752
91.4023
91.7245
94.533
95.431
93.5092
93.4825
94.3701
95.2792
95.3213
96.4656
97.4072
98.579
97.9818
98.4595
100.496
99.0182
99.4269
97.6014
95.6972
94.7873
92.4289
94.2288
94.8289
96.2636
96.32
95.5432
95.1122
92.9685
92.7591
90.9987
92.6167
93.3679
93.1569
92.4189
92.5975
91.6181
92.2389
94.1226
93.173
93.0633
93.5819
95.4986
96.3146
95.869
96.1818
96.3513
95.6878
97.1442
96.8958
97.8542
96.5229
98.1296
95.8102
94.5558
95.6225
96.6044
96.2744
96.4126
95.1482
95.897
94.6475
95.2314
94.1847
93.3662
91.4693
92.771
91.2811
91.5069
92.2565
92.9823
91.6052
94.2225
93.9322
93.1782
92.7122
93.2687
92.8901
91.8062
91.3374
90.1842
92.3752
91.8414
92.3803
91.3267
91.3114
91.5215
92.1486
93.1913
90.9197
89.8946
89.8617
92.1285
92.3137
94.4961
93.8222
94.3929
96.3936
96.3499
98.1135
95.8152
96.6606
96.4262
98.7096
97.7585
97.6542
97.92
97.7735
97.2264
97.9597
100.19
102.357
101.924
104.794
105.644
105.591
106.489
105.07
102.984
104.356
103.862
106.227
105.472
104.227
105.41
106.22
107.182
106.397
106.039
105.627
107.953
108.379
105.857
105.952
104.32
103.975
106.127
107.075
105.067
105.36
104.579
106.719
108.931
108.524
107.651
105.858
106.425
106.967
107.772
107.597
105.575
107.248
107.839
108.704
106.621
108.588
105.861
107.086
105.941
105.129
104.41
104.426
104.881
104.614
102.405
101.253
100.871
100.68
102.678
102.016
100.13
97.843
97.2638
96.3988
96.1425
94.3016
95.2652
95.5923
97.3838
96.9541
95.8145
96.4683
97.1614
97.9084
95.6291
97.1836
95.6691
94.2751
93.95
93.2843
95.5651
95.1228
92.8243
94.0868
95.6921
94.5561
95.4326
96.0567
97.1988
97.7494
98.4404
99.0895
100.216
100.654
103.284
103.871
105.913
104.335
105.563
104.906
105.009
106.697
106.479
107.006
108.092
111.271
112.461
114.511
114.247
112.739
113.293
114.118
114.105
111.744
109.584
109.932
110.633
108.985
108.805
109.74
107.94
110.414
111.373
112.614
113.957
115.047
117.883
119.469
123.494
123.787
125.499
128.064
126.81
126.422
127.188
126.974
126.636
127.06
126.34
125.148
128.564
125.94
124.522
123.431
123.352
124.181
123.676
123.651
124.242
123.203
125.825
127.418
128.887
127.156
128.544
126.831
125.734
126.667
125.251
124.655
128.529
129.673
130.231
128.332
128.598
128.637
125.154
126.65
128.473
130.844
129.744
131.269
131.778
130.19
129.95
129.969
127.831
126.916
124.558
121.561
122.267
123.973
127.971
127.376
124.741
126.055
124.284
120.567
122.463
120.325
121.406
124.214
123.505
123.754
123.168
125.38
124.61
128.924
130.436
131.38
137.02
138.36
139.065
139.761
139.667
140.43
140.451
141.766
144.104
144.311
145.101
143.848
143.618
144.99
149.744
150.15
150.666
149.87
146.632
142.007
143.148
142.723
141.064
142.838
142.451
141.469
141.951
141.499
140.549
141.359
140.143
140.914
138.874
137.037
136.709
137.998
136.778
135.958
136.39
136.455
136.965
139.005
140.994
141.68
144.761
142.652
143.007
143.353
146.359
144.495
142.708
141.518
145.491
143.694
143.465
142.77
141.807
144.61
143.869
144.677
140.856
140.303
135.712
137.073
134.742
131.206
133.416
133.547
134.547
131.014
130.805
132.817
135.01
134.502
135.721
135.688
135.243
134.967
134.096
133.472
133.517
135.686
136.327
136.102
136.249
134.28
135.278
136.754
138.484
139.989
139.839
142.623
141.18
143.275
145.47
147.164
144.339
147.079
146.75
145.406
146.14
145.165
144.18
146.454
146.646
147.674
149.066
149.22
148.969
148.606
149.466
149.562
151.035
153.176
153.483
156.347
155.262
155.594
157.976
159.087
159.773
157.054
156.566
160.873
158.483
155.115
157.069
158.318
160.419
163.036
161.044
161.904
163.991
161.727
159.183
158.007
159.455
155.927
153.802
155.128
156.47
155.977
154.631
156.124
155.674
153.256
152.742
153.873
153.556
157.213
154.934
153.705
151.652
152.57
