100.277
102.118
101.768
100.476
97.1316
98.7299
99.2172
101.061
101.036
101.742
99.1582
99.0435
98.6298
97.7323
99.267
99.1853
97.8886
98.561
100.85
100.091
98.7813
99.5231
100.23
101.786
102.931
102.679
100.968
101.637
103.252
104.694
105.948
105.466
107.086
107.044
108.417
108.388
109.014
110.861
111.482
110.516
109.328
110.869
110.572
109.611
109.891
112.227
114.123
115.026
114.13
112.981
114.492
112.172
112.402
115.609
114.29
113.325
113.696
113.926
112.615
112.288
111.63
111.904
111.944
112.653
111.054
109.539
109.192
111.483
111.939
112.65
114.048
113.938
113.739
113.693
114.225
111.357
112.119
111.226
112.725
113.625
112.943
112.522
116.337
116.878
117.244
116.419
114.427
114.642
114.269
112.484
112.882
112.275
108.612
108.233
110.795
111.256
109.685
109.889
108.558
107.231
108.211
107.678
106.011
107.503
106.458
105.211
104.129
104.117
103.65
103.406
103.432
104.981
104.673
102.675
101.778
101.64
101.792
102.655
102.26
99.563
99.4657
100.386
100.023
100.325
99.2601
98.4704
98.1981
100.033
98.0405
98.81
97.4585
97.4784
97.8447
98.4054
96.5627
98.3508
99.1151
101.026
101.665
100.117
101.354
103.382
102.563
101.945
101.206
99.4411
97.6223
98.6091
99.1789
99.5767
98.1141
99.9013
99.521
99.3853
98.6255
97.4909
98.5669
96.5049
95.8088
95.5935
95.4525
96.5619
96.8536
97.1326
98.9358
98.6608
98.4063
98.5296
97.5798
99.4318
100.148
99.1026
99.0021
102.048
101.559
102.223
102.105
103.909
103.897
105.083
106.127
104.314
104.228
104.056
106.125
103.155
104.87
102.144
101.147
100.513
102.068
102.818
102.498
103.758
102.908
103.605
104.286
105.106
106.369
104.086
104.966
105.645
104.327
102.031
102.631
102.811
103.131
102.656
103.415
103.279
104.311
104.776
104.012
103.243
103.751
104.422
108.216
109.064
106.675
107.221
106.612
107.654
110.56
111.383
112.279
113.874
111.756
111.324
111.659
108.252
108.138
109.815
109.276
107.291
105.142
104.157
102.918
103.785
104.498
107.512
109.373
106.502
108.581
109.78
109.89
109.994
110.488
112.665
114.409
115.616
116.012
118.005
115.602
116.541
115.935
115.726
114.38
114.044
115.551
118.335
117.644
116.84
117.553
120.122
118.788
117.746
117.579
117.319
116.77
115.274
117.21
118.948
118.08
116.77
114.153
115.635
115.008
114.493
115.905
115.811
115.168
110.497
110.369
109.203
108.419
110.766
109.286
108.682
106.204
107.597
108.264
107.806
109.111
108.921
105.854
108.008
107.306
106.449
105.559
105.196
105.819
104.886
105.45
106.684
104.004
103.976
103.866
103.317
102.849
102.989
103.535
105.427
105.169
103.761
102.03
101.774
103.489
103.935
103.623
104.171
104.319
103.942
103.074
103.102
104.143
103.411
104.146
103.382
99.9821
102.244
103.074
103.169
103.031
104.445
105.143
103.381
104.316
104.194
106.841
107.161
108.895
110.587
110.49
109.853
109.899
108.024
108.11
109.228
107.875
109.235
109.845
108
110.833
111.692
110.412
110.434
107.271
104.686
102.673
103.085
103.945
106.012
105.682
106.266
105.935
105.593
106.698
107.479
107.972
109.081
108.277
107.908
107.311
108.291
110.523
110.424
109.247
110.047
110.716
112.177
112.87
114.915
114.263
114.613
115.087
114.967
115.952
113.302
114.439
114.441
114.888
112.226
111.021
111.838
110.579
111.178
110.462
110.001
109.453
108.693
108.467
108.545
108.556
108.22
110.871
109.097
111.673
112.058
111.709
109.808
109.778
106.527
105.439
105.224
104.148
104.229
105.066
104.354
106.156
107.473
106.475
108.208
108.124
107.926
109.362
107.32
106.471
107.566
108.469
109.495
109.222
107.73
105.99
107.447
108.262
108.889
107.447
108.209
108.245
106.967
108.4
107.845
107.513
108.087
110.341
112.333
110.901
112.062
110.485
112.45
114.039
112.963
112.551
112.842
112.546
111.167
112.137
113.035
112.853
112.56
112.996
112.422
111.751
112.107
113.622
114.253
115.125
111.285
110.097
110.865
110.421
109.131
108.894
107.232
104.209
105.21
108.085
107.75
106.88
109.15
109.859
110.811
110.936
109.72
109.357
108.328
108.673
107.136
106.956
107.453
108.248
108.204
107.136
107.384
107.193
105.275
105.276
107.052
107.011
106.093
106.442
105.091
106.534
108.103
109.286
112.014
111.797
111.7
111.393
113.074
111.238
111.338
110.394
111.712
112.538
110.717
108.919
108.627
108.125
110.886
109.603
110.793
112.562
110.913
111.289
112.324
110.984
112.516
111.621
113.213
112.069
111.34
110.267
111.055
109.639
110.698
109.67
109.231
108.451
107.605
108.607
108.981
111.273
109.701
109.159
106.233
105.955
108.247
106.229
105.066
104.749
106.861
103.354
103.242
102.892
102.656
99.9934
99.1436
99.7098
100.429
101.665
101.853
101.728
102.068
101.607
100.109
99.473
100.973
99.186
99.2273
100.217
98.1314
99.5859
100.183
100.694
101.061
97.8254
99.2618
100.958
102.973
102.744
102.131
104.1
103.372
103.473
102.708
104.015
104.092
104.858
105.159
104.461
105.723
102.426
101.929
101.951
104.422
106.102
105.39
107.9
108.752
