99.8656
99.356
99.1469
100.918
99.4321
98.443
96.6948
96.6347
93.5281
93.9697
95.283
94.8235
95.2273
95.9951
96.0709
97.4205
98.0326
95.5878
96.0989
94.5726
95.9983
97.6285
97.5801
99.6123
100.238
100.989
102.295
102.737
100.467
101.017
101.632
104.267
102.267
103.616
103.389
102.512
102.189
101.486
101.567
100.933
101.395
100.064
99.4548
100.126
98.3952
97.7288
99.6727
97.4833
96.4788
95.2519
93.8636
95.3948
93.6059
93.7206
92.7314
91.9049
93.3152
95.1127
95.5664
94.8256
95.2856
97.3442
96.8342
97.7058
98.6474
96.7548
96.4594
98.2025
98.1946
97.1622
98.0168
97.2737
96.1776
100.194
99.2071
98.8197
99.2649
99.2785
98.8006
98.6937
99.0876
101.238
99.7059
97.4526
96.3518
98.46
98.7838
98.0984
97.6856
97.0171
97.4088
96.7628
95.2607
95.3714
96.2914
98.0902
98.7601
99.2514
98.5399
97.3942
97.6202
96.2854
95.2926
95.3061
95.9395
95.075
94.8469
93.7177
93.9795
94.6377
94.7013
95.6429
96.0149
95.5182
94.7622
94.6731
95.5646
97.2434
98.4847
95.7511
96.5171
97.8537
98.6261
96.0638
96.0602
96.3598
97.0327
97.0993
98.2412
95.9305
95.4384
95.9483
95.8146
94.7022
94.6377
95.0283
96.517
97.9925
98.2911
97.6196
96.4385
96.0201
95.3535
97.2158
97.7971
98.5226
98.7106
99.6878
99.5799
100.848
99.5843
98.3628
97.6849
97.4879
96.788
95.4433
96.4219
97.6722
98.5761
98.7403
97.5665
96.3761
96.8575
97.1464
96.2068
94.9228
93.2752
93.1255
92.9497
92.9564
92.1476
91.2308
90.5034
90.3938
90.3833
90.8618
91.6177
91.5395
90.7301
89.8677
89.426
89.6395
91.1514
92.0919
93.5602
93.3745
96.9889
98.3137
97.1001
97.0744
97.402
97.3543
96.8558
98.4789
97.5786
100.912
100.947
102.693
98.6955
97.7382
96.994
97.3806
98.8866
98.7428
98.9922
98.8855
97.7004
97.5139
98.1188
95.3234
95.5055
95.6579
98.6008
97.0706
96.7821
100.266
100.788
100.773
101.219
101.583
101.926
102.535
101.776
100.4
99.811
99.7035
98.8985
99.9787
101.275
101.6
101.063
99.4371
99.9198
101.974
99.9404
99.5355
96.7865
97.9077
97.5605
98.926
97.5105
96.7375
95.6276
96.6192
94.3825
93.6946
93.5181
93.3668
92.4989
92.8652
92.5227
92.6568
93.6668
93.6111
94.2081
93.8084
91.5064
90.9427
90.7584
90.8213
91.5189
92.2722
93.3912
93.375
93.2095
93.2261
91.6402
90.9254
92.2717
91.8984
91.6107
91.2963
92.7099
90.0854
88.4159
89.3206
91.0477
88.6151
90.7071
90.9922
90.9157
91.9673
94.5183
93.0774
92.9439
92.0574
91.7821
92.5535
93.2958
92.7279
93.0014
91.7165
92.6087
93.2355
94.0409
93.3354
95.002
97.4079
97.1684
97.3476
97.9086
96.2907
95.4884
95.1069
94.4426
93.9399
93.2916
93.8213
94.1359
92.6377
93.6617
94.4036
94.8368
91.9145
92.2063
90.5086
91.3551
91.8501
92.2125
91.7426
92.5183
92.8928
90.8894
91.3376
92.5619
93.5554
92.1281
93.419
92.4245
92.0222
91.8945
92.5328
92.6781
92.0621
91.5917
92.369
91.7872
90.9107
89.9087
89.5294
89.8307
89.594
90.7383
91.243
92.2267
91.3237
89.4009
89.7768
88.7415
89.0672
89.7746
91.2216
91.8291
91.8024
93.2282
94.2412
94.1536
93.0551
93.3391
91.9699
92.3159
91.906
89.6441
90.0793
89.1239
88.166
88.0938
87.79
88.2324
88.8939
87.9424
89.6397
87.4692
87.8213
87.1657
87.0485
85.3525
87.2677
86.9122
86.3847
88.6497
89.3841
87.5665
88.1443
86.895
86.3527
87.1962
86.2814
85.6595
87.4683
88.1717
88.0432
88.9769
89.7778
90.0985
91.9258
91.2487
91.3734
93.6515
92.6404
92.7506
94.6089
92.9098
93.9414
94.5343
95.2758
96.1972
96.6917
95.6326
96.7067
96.4681
95.3947
97.831
99.4589
99.9996
101.26
99.2381
100.329
100.687
100.851
101.576
102.026
103.348
102.557
104.851
103.342
103.78
106.367
105.366
104.706
103.715
102.441
102.328
100.207
99.5087
96.7669
97.5475
95.1163
94.003
92.705
93.382
95.3506
95.2322
95.3047
97.6774
97.6811
97.9556
97.066
96.5174
94.4581
95.449
95.8655
98.2503
99.9093
100.194
96.9091
99.8668
98.4453
98.4042
98.764
98.5246
97.4537
99.4673
96.8297
97.167
96.0359
94.9058
97.3764
97.6477
96.4144
95.1813
96.4749
96.1382
94.8576
96.9776
95.0184
96.6033
96.7906
96.476
96.355
95.2231
94.934
93.8359
94.3387
94.5894
94.655
93.7981
95.6802
94.0483
94.4427
94.6307
92.8511
90.7744
89.8655
90.3117
89.6463
89.5956
90.2703
92.2524
91.1434
89.6921
89.5967
89.4713
90.4929
90.493
90.6674
90.0709
89.6812
91.3785
90.9106
92.1735
91.4326
91.656
91.6532
92.0675
92.065
93.0274
91.0154
90.3632
89.4997
87.622
87.5462
87.7841
88.2726
86.4955
84.3446
84.173
84.462
85.0635
86.165
83.881
82.5737
82.5052
83.7363
83.2874
82.4584
80.8334
81.3997
79.9154
79.985
80.6585
81.6576
82.7291
83.3051
82.8096
82.8682
84.3927
83.4794
83.5372
82.7857
83.9098
83.2704
82.4663
82.9222
83.9135
82.6845
82.4789
81.2664
81.8751
80.8639
81.6814
83.1539
83.4351
83.1421
83.2693
83.672
86.3657
84.9622
79.996
80.3676
79.8648
79.2199
80.9636
80.9744
80.2147
82.0549
83.045
84.2201
86.1585
84.9035
85.9228
85.9239
86.4111
84.8622
86.4542
85.7631
84.2247
84.0348
82.5305
82.0416
82.7459
82.1972
84.0004
86.2096
86.0274
85.8546
86.5771
85.8184
85.176
86.3107
