100.086
99.1419
99.6744
99.2213
97.6806
100.33
100.516
102.365
100.827
102.963
102.388
101.18
99.895
99.0833
101.478
103.888
104.668
105.603
107.755
108.019
107.551
108.094
106.71
107.45
106.716
107.124
105.308
106.139
108.975
109.833
112.968
115.869
115.777
114.984
116.407
113.741
114.144
115.423
116.31
117.048
117.08
117.392
119.783
118.866
117.756
116.552
113.591
110.595
113.238
111.425
113.171
114.69
111.947
112.538
114.427
112.004
113.194
115.045
113.436
112.986
112.632
112.776
109.07
106.105
106.51
105.168
104.196
104.652
105.915
103.703
105.861
107.017
108.279
108.402
108.253
107.426
110.482
110.523
113.294
112.883
111.43
111.098
112.305
113.456
112.23
112.871
111
109.161
108.726
109.04
109.163
108.558
110.552
111.571
113.614
114.944
115.151
113.866
116.139
117.725
116.671
118.413
117.541
118.381
119.539
121.837
124.413
122.747
123.536
122.873
122.773
122.443
122.206
122.531
124.497
124.13
125.904
127.446
126.842
128.206
129.905
130.571
129.171
128.125
130.395
129.561
128.742
131.84
133.708
134.359
138.845
142.011
140.231
139.702
137.382
140.252
141.344
144.039
142.415
144.384
145.799
145.157
145.26
148.526
147.703
148.34
149.921
149.155
151.64
152.996
155.43
156.107
154.842
156.422
154.824
154.61
154.008
155.2
155.336
155.133
155.653
155.22
153.263
153.614
153.289
153.81
153.393
152.524
154.945
154.651
157.441
158.593
156.702
158.371
157.63
160.541
158.45
156.514
157.632
159.769
161.307
159.109
160.285
159.473
161.693
159.052
160.784
158.091
157.443
156.666
156.495
153.974
152.684
153.69
152.074
153.612
151.079
153.987
155.262
152.601
152.192
152.975
150.995
151.846
150.862
150.717
152.045
149.558
150.139
148.933
150.364
151.321
152.25
151.293
152.288
154.417
156.418
155.675
156.079
156.757
153.233
150.23
150.465
152.387
153.222
150.577
149.77
149.931
150.524
152.363
154.121
156.026
154.136
154.882
156.337
157.303
158.876
159.802
158.643
155.401
154.296
153.865
155.783
154.283
149.242
150.572
149.674
144.693
144.972
143.002
142.79
142.01
143.797
141.395
142.627
143.041
144.49
145.227
149.169
149.241
148.018
149.923
151.635
151.408
149.1
147.679
149.104
151.982
152.138
153.79
154.218
152.999
152.621
152.353
151.471
148.922
148.856
151.253
152.352
151.204
151.112
151.522
153.796
151.682
148.855
147.522
147.827
145.697
146.284
147.515
144.538
143.975
140.481
139.092
138.16
138.617
138.465
141.271
140.347
143.905
145.68
144.805
146.028
144.166
145.288
145.525
146.905
148.666
148.672
148.564
147.797
149.127
148.328
146.995
144.133
142.861
141.624
141.267
139.523
139.299
136.312
135.36
131.34
132.144
128.741
125.818
125.894
125.319
124.762
125.854
125.319
125.647
126.221
128.319
127.863
125.847
126.029
129.117
128.237
130.83
135.716
133.846
133.107
134.022
133.937
133.18
132.516
132.322
132.286
135.336
133.774
132.381
131.237
130.497
129.828
130.299
130.379
130.407
130.834
131.2
129.915
127.093
127.08
127.955
127.977
130.822
130.903
130.189
127.324
127.398
125.716
125.513
126.699
127.307
124.962
122.85
123.349
122.647
125.411
127.142
128.626
129.378
128.015
128.862
126.407
125.271
125.15
127.553
127.42
129.454
130.147
129.987
128.369
127.543
130.572
127.814
126.9
123.259
122.016
119.897
116.063
116.301
116.116
116.23
114.488
113.877
114.663
115.13
116.423
116.645
117.629
115.755
116.075
115.353
113.43
113.278
112.789
114.019
113.795
114.326
114.642
114.992
114.09
113.252
113.374
113.542
110.947
110.557
111.684
110.249
111.428
111.603
111.917
110.751
110.94
109.965
109.413
109.92
110.199
112.266
112.613
113.973
116.028
116.726
115.378
113.449
113.046
113.051
111.575
109.967
108.587
109.31
109.662
109.513
109.209
107.995
109.314
112.154
110.443
110.678
111.905
110.153
109.386
110.783
111.782
111.405
111.495
110.983
113.552
112.734
111.942
110.429
109.351
108.589
109.474
108.407
107.248
105.098
106.93
106.147
106.82
107.477
107.977
106.547
107.205
106.829
107.397
107.637
107.611
106.088
105.215
104.508
102.332
101.411
101.455
101.886
100.978
100.412
101.927
102.537
105.255
105.6
105.947
105.63
107.715
106.117
104.233
102.822
102.333
103.115
102.029
100.574
100.055
99.9819
100.021
101.78
102.244
101.854
101.014
100.475
100.449
100.552
100.196
102.057
103.37
103.742
104.992
105.353
105.448
105.643
106.185
106.305
104.581
104.576
102.601
100.66
101.881
101.245
99.5982
100.485
102.189
102.486
103.759
102.489
103.384
103.681
102.39
102.768
104.374
103.938
104.983
105.943
106.135
110.286
110.765
110.36
108.515
106.942
105.306
105.647
103.827
105.037
105.385
106.334
105.95
105.647
103.529
105.169
106.351
104.804
105.649
106.076
106.675
107.623
108.428
107.096
106.792
105.866
106.353
105.751
104.756
106.248
105.496
104.81
105.771
103.212
104.197
106.049
103.575
104.127
104.512
104.257
105.339
104.92
105.44
106.732
109.313
110.131
111.75
109.815
