100.377
98.9438
97.57
98.2803
97.2897
97.3438
97.9099
99.6699
99.1004
98.6503
97.1316
101.262
101.065
103.206
104.618
104.951
105.026
105.352
105.133
104.412
102.509
102.039
101.479
100.934
97.5307
96.5788
95.4203
93.7236
95.5435
96.7304
95.3054
96.2727
95.4779
94.5532
95.0416
94.6669
93.5807
94.272
93.6292
92.9618
92.8074
93.7085
93.8774
95.4911
96.4115
96.3688
97.3402
98.7428
97.7347
95.8732
95.2602
94.7633
95.7997
95.4195
96.0872
95.6142
96.5445
97.1905
98.144
97.4539
98.0903
97.8652
96.1882
94.9996
94.1812
95.0575
94.543
94.931
94.1228
94.5186
94.9964
94.5038
93.2649
93.9326
94.6384
92.1941
92.6245
92.0963
90.622
91.5009
91.2657
92.6571
91.3168
92.8927
91.9264
93.0095
93.2366
94.5616
92.806
94.5091
95.1558
95.8574
94.7461
94.8056
91.9637
93.0357
93.8559
93.3205
92.7724
91.8964
92.1229
89.995
90.259
90.2901
92.9208
92.1839
95.3654
96.4344
93.0966
93.6111
92.0171
90.7125
90.3608
88.486
90.332
89.5507
90.6032
91.8868
90.6842
90.604
92.067
92.1663
92.5641
93.2231
94.6763
93.7648
95.9564
95.8874
97.3273
97.6161
99.5322
100.038
100.077
100.957
98.8447
99.6707
99.0755
98.8359
98.7043
96.5042
94.8124
95.8222
95.3187
96.68
94.7002
93.5973
92.2174
91.621
93.2392
93.5304
92.9561
92.6836
92.781
92.9239
92.3262
92.8375
92.5061
92.4483
94.875
95.1211
97.4531
96.7742
95.9583
95.809
94.64
95.6563
95.7374
96.0326
97.8859
96.2894
95.3525
94.7306
93.6994
95.2179
94.862
94.9423
95.1494
95.3523
95.9468
95.799
97.4751
98.9215
99.4652
97.7888
96.8686
97.6516
97.6623
97.1378
95.094
94.4894
94.1903
94.3021
92.3797
95.354
95.7312
94.1086
96.3102
96.9234
96.9591
97.9753
98.3539
95.2651
95.7332
97.1888
96.7173
96.315
97.6661
97.7237
97.1882
96.1616
95.9456
97.3375
98.4465
98.0704
97.8729
99.0498
101.363
101.246
102.037
102.676
103.068
102.482
104.337
100.445
102.534
102.446
99.6509
99.3194
99.4632
100.254
101.744
101.833
102.215
99.6866
100.984
100.916
102.524
105.866
105.323
105.673
104.645
102.606
100.628
100.308
101.312
99.7968
98.3751
98.3748
97.666
98.3376
98.9325
100.207
100.608
100.4
100.378
99.1824
98.8336
97.882
97.204
96.4153
96.1738
96.8624
97.0836
96.7589
97.0846
98.6696
101.408
101.261
100.713
99.0873
98.0875
98.4726
98.971
98.9231
99.8022
97.4827
99.5707
97.5731
98.3831
100.893
102.248
101.118
99.5438
98.2012
99.6986
100.186
99.0076
98.8132
96.046
94.8862
95.0686
94.4596
94.0447
95.2316
95.3085
95.1747
95.8556
93.8842
92.8324
91.0029
90.692
90.2284
91.8754
92.1155
91.1709
90.1413
90.2936
89.5314
90.1446
89.9303
91.7864
91.9557
91.1909
92.1419
91.8666
89.974
89.5285
90.1959
91.0635
91.4747
91.4382
90.3175
89.0262
91.5375
90.2792
92.1738
90.8697
91.6625
93.1965
93.7846
95.2381
96.0419
97.2663
97.736
97.7865
97.3804
98.3883
100.119
100.358
98.9767
102.292
101.952
99.5491
99.2683
97.829
98.5936
96.6392
95.2552
95.5265
97.0457
99.1505
100.692
100.72
98.8021
100.768
101.262
102.225
102.049
103.078
104.276
104.131
104.717
105.764
104.788
104.619
103.865
104.397
105.23
107.162
103.534
104.308
102.834
103.262
103.503
104.019
102.734
103.431
103.143
103.99
103.14
103.011
104.407
103.869
103.933
102.806
103.857
103.014
102.336
101.321
100.58
101.173
100.62
102.006
103.108
101.561
100.354
99.3257
98.0593
97.9138
98.1062
96.8921
97.2762
97.5633
99.4114
99.3416
98.6606
98.5951
98.3423
97.1051
95.393
95.5506
93.8399
93.4188
92.4813
92.706
92.1458
93.1021
92.6551
94.5969
92.3276
93.9485
93.7356
94.0271
91.3123
89.0982
87.3791
87.4317
87.5173
87.2893
86.8766
86.1583
84.8615
85.2633
84.5853
85.4877
86.0869
84.684
84.9715
85.7081
85.8898
84.6442
86.1307
85.5143
85.8157
86.4594
87.0037
85.9187
85.1959
85.0444
85.4274
84.2006
84.1421
83.2297
84.0536
85.9791
85.3179
82.3995
80.9077
79.6195
80.1718
80.0767
81.4111
83.0542
82.5101
81.4846
80.8981
79.9627
81.1972
80.9852
81.1405
83.4421
84.4695
83.7444
84.5104
83.3967
84.5061
83.1112
84.1289
83.9586
82.7556
82.9946
81.8968
80.8247
82.8332
84.1108
83.2048
83.5997
83.6805
83.7954
81.0423
80.997
80.4416
79.2298
79.6011
79.3415
78.1769
78.6018
78.5537
78.4812
77.3813
77.9594
77.4421
78.4114
78.199
78.3052
78.7856
79.3302
78.6391
78.376
80.0707
81.5379
81.6699
81.6419
82.2224
81.1376
81.0561
80.2499
79.9166
78.5913
78.8058
78.2353
78.6017
80.326
82.2531
81.7135
81.9266
81.9219
82.1638
81.6882
83.3545
83.525
81.9116
80.6501
80.2302
78.7853
77.997
76.7924
74.7616
74.7187
75.8583
75.0391
76.356
75.4678
75.7327
76.8163
76.3317
77.2811
78.047
78.6353
77.7233
75.4259
75.6185
75.8473
76.0441
76.3034
76.2943
76.6178
76.457
75.9354
76.4046
76.5019
76.4574
75.8893
76.8262
75.5231
74.4199
73.9813
76.3079
75.1928
75.0448
76.6674
75.5285
76.6766
77.5442
78.6025
77.4703
77.8844
77.5598
79.1133
78.2632
78.8287
79.4253
78.6886
80.4073
81.1175
80.9593
82.7858
82.303
80.5605
78.6424
78.0831
79.4077
80.6591
83.0041
82.325
82.2611
80.5876
80.1525
79.6213
81.527
