98.7975
99.1067
98.3773
101.416
101.717
101.706
103.464
102.941
104.202
106.031
107.54
105.452
103.081
103.448
102.887
104.441
104.797
106.371
106.9
108.501
108.025
108.571
109.827
107.835
107.192
106.094
104.427
103.979
104.308
105.406
104.137
103.703
102.478
103.483
104.146
106.96
107.729
107.326
106.783
106.848
104.541
104.177
105.44
107.362
106.258
107.673
106.7
105.102
106.657
105.326
107.557
106.42
104.855
104.283
102.622
101.087
100.475
102.103
100.208
100.283
100.736
98.6398
99.954
100.103
98.3048
97.8523
98.6926
98.9669
99.666
100.404
101.956
100.133
101.425
99.6536
100.981
98.5355
98.9994
99.1681
100.624
100.121
101.186
100.519
97.7767
98.1081
98.5176
98.1815
98.0544
99.5046
97.2454
96.3653
97.4315
97.3283
97.32
97.9229
97.6646
97.8116
95.9039
95.4503
95.0549
95.7505
94.2378
95.1345
96.1094
97.7934
96.1177
96.7146
96.0641
97.2928
97.4431
96.6162
95.0307
94.0189
94.3555
93.0566
93.4381
92.075
93.4619
93.652
92.5525
89.8441
89.0632
88.2053
89.5347
88.3946
87.8179
88.3179
87.8358
87.7187
87.3971
87.626
86.1217
87.6327
85.8925
85.9978
86.5242
86.6418
86.9516
87.9657
87.5183
88.2875
89.37
91.5433
93.3621
92.4377
90.8801
90.6939
91.3519
90.6341
92.4331
92.6099
93.2647
94.2296
94.0608
95.314
95.1013
93.8676
93.096
92.0172
90.3911
88.4637
86.5652
84.8797
86.607
86.6797
86.7592
84.6689
82.396
82.2936
84.1826
84.2514
82.9297
84.3197
84.2199
84.1
85.3393
84.2363
84.1272
84.8046
83.5434
83.2321
85.9475
86.1669
87.6966
87.4873
86.0948
86.8618
87.2546
87.4437
85.8794
83.908
84.5986
84.1864
85.7491
85.323
83.6555
81.8209
81.5176
80.7016
80.1077
80.4215
81.1976
81.9254
82.1495
81.811
81.5798
82.974
83.0654
85.0029
85.1681
85.657
85.5732
85.5564
84.7768
84.1447
85.0469
83.9814
84.903
84.3265
83.5324
81.8223
82.1006
81.422
81.1845
81.4797
81.326
80.2951
80.8227
79.5678
81.0063
80.0509
79.9284
80.9773
80.0293
79.1387
79.3539
77.6478
77.8481
76.873
75.9108
75.5714
75.7776
74.8213
74.4412
75.4155
75.1801
75.6839
75.1929
75.6803
75.093
74.8522
76.2982
76.7192
76.3228
76.2186
78.0399
78.2117
78.7324
78.0211
76.7806
78.8721
79.1842
77.8958
77.4889
77.0826
77.6494
78.5715
78.9213
78.0133
78.0177
79.3874
78.6847
79.9326
78.7939
78.774
78.2907
77.986
78.0177
80.0538
80.5809
80.9458
80.2521
80.0492
81.7135
82.1617
81.8183
82.0634
83.5492
82.4161
82.0927
80.9968
80.4232
81.7259
82.0737
82.6561
80.9842
80.3913
78.9289
80.3365
79.9276
80.5886
79.7965
79.5773
80.8204
81.6476
80.4739
78.9275
79.602
79.2889
77.743
77.5774
77.2889
76.3016
77.8054
78.0255
78.2199
77.7713
76.4657
76.2249
76.4705
79.0895
77.6362
75.0732
74.227
74.875
75.0341
74.6819
72.6766
72.5206
71.8879
72.4764
72.2359
72.6874
71.9969
69.7024
70.7617
70.6774
71.3778
71.1935
70.8164
70.0863
69.7445
70.3974
70.039
69.6246
68.8025
68.9851
68.2968
68.5203
67.9095
68.2412
67.8356
67.6747
67.9701
67.5198
66.7347
66.3692
64.5695
64.0978
63.81
62.1667
62.221
62.273
62.2696
61.3822
60.4412
58.6399
57.7503
57.5033
57.6138
59.0521
59.3391
60.2006
60.2216
60.4354
59.6394
59.9107
60.3018
61.393
64.2414
63.98
64.6109
63.8839
64.0684
64.7871
65.3904
66.9201
66.6581
64.7994
63.9569
63.9027
64.5345
64.007
62.4228
61.5801
62.2227
61.3478
62.6559
62.5732
62.8065
63.7365
63.9479
63.8344
65.0499
65.626
65.797
65.9796
67.4632
67.3003
66.9719
66.1675
67.202
66.0307
67.296
67.3012
66.7464
65.6493
66.5303
66.3504
67.9408
68.9632
69.1053
69.659
69.4816
67.9431
68.0645
68.3792
68.0493
68.9782
68.8365
68.9426
67.6052
69.1762
68.1765
67.6565
67.2048
68.2977
67.4889
67.6812
67.7859
67.2774
67.0706
66.009
67.0101
66.1577
66.1796
66.2787
67.9576
68.7821
68.7991
69.4002
68.3489
68.6865
68.4547
67.5534
66.8221
66.1774
66.897
66.9455
66.4778
67.6977
67.3169
67.694
67.1603
66.5179
66.779
67.4596
66.8733
66.2959
66.8213
66.9518
67.0979
66.0211
65.3363
63.9459
63.7086
63.0409
63.0276
65.1372
66.0028
66.0059
65.4255
64.4525
65.1768
65.9578
65.2231
65.4206
65.9401
64.4411
64.1423
64.6366
63.8661
63.7186
63.1817
62.2708
61.8609
63.1211
63.0484
64.1117
62.697
62.1896
60.6478
60.1749
59.9959
58.7571
58.9686
59.1202
59.033
59.5157
59.7438
60.6058
58.525
58.5437
58.9714
58.8028
58.7508
58.9852
58.2964
59.541
59.9957
59.2839
60.2674
61.2943
59.6256
58.4799
56.838
57.2449
58.2222
58.4262
57.5194
57.5064
57.7845
59.0083
59.1867
58.5614
59.1168
59.8068
60.4488
59.4478
58.1454
57.6179
56.9518
56.0465
56.0277
56.6034
56.2319
57.239
57.2426
56.1704
56.3538
54.9531
56.048
56.3417
55.4692
55.611
54.5996
54.7591
54.5352
53.0182
53.8979
55.0223
54.3913
53.2692
54.1935
53.7673
53.4225
53.3787
53.9017
53.6921
54.2762
55.2858
55.5496
55.3398
56.3544
56.8296
56.7761
56.6056
55.04
55.7865
56.6259
56.1772
56.0771
55.3743
55.8821
54.1376
53.7261
54.6571
55.245
55.9761
56.0826
55.8223
56.122
56.5487
55.4697
56.6814
56.6649
57.3319
57.6639
59.3612
59.5218
59.1009
