98.5136
101.623
100.73
99.6619
98.7336
99.4731
99.5706
100.155
99.2261
99.9754
99.3139
101.423
101.745
102.994
103.198
102.934
101.819
102.18
103.61
103.832
105.499
105.473
108.033
108.216
107.862
108.969
106.668
106.332
106.638
106.136
104.739
106.356
104.271
104.45
105.331
104.145
102.908
102.66
99.9089
98.7875
100.663
102.143
100.95
100.685
99.2068
100.43
100.609
99.6737
101.48
100.832
101.965
101.877
103.281
104.104
105.535
104.539
103.566
99.4163
100.442
100.454
99.5651
100.321
97.5033
100.221
99.9584
100.717
100.51
99.4018
99.6287
100.071
102.358
102.294
101.605
102.337
103.714
104.59
104.536
106.121
104.941
104.494
107.66
107.802
104.721
104.606
105.132
105.883
107.152
107.173
108.715
109.024
109.193
110.893
111.08
113.154
111.335
109.921
108.766
111.538
112.329
113.155
113.376
111.507
110.578
111.322
108.703
110.582
109.712
110.39
108.968
110.3
109.936
111.029
110.091
113.33
114.183
112.374
115.466
113.537
113.92
113.413
113.691
112.52
112.335
109.682
110.538
111.521
112.464
112.701
112.462
113.809
112.382
113.892
113.9
112.418
113.292
111.6
110.503
110.435
110.386
110.354
110.277
111.443
112.038
111.27
110.676
110.531
110.394
109.049
108.084
108.578
108.299
106.325
107.288
108.791
111.823
112.37
113.658
110.804
109.585
109.269
109.44
108.23
106.683
107.935
106.95
107.76
108.167
111.422
111.315
110.166
113.048
112.186
113.124
113.939
111.77
112.493
111.434
110.793
108.216
111.145
111.694
111.684
112.813
112.397
113.058
114.118
115.623
117.033
115.999
117.406
117.532
116.183
115.001
115.71
115.429
115.81
116.108
117.355
120.779
121.75
119.196
119.814
119.001
117.848
118.882
119.152
120.707
119.409
120.485
122.119
124.982
125.163
122.587
122.558
121.888
120.107
120.159
118.559
119.342
119.061
120.154
121.211
118.844
118.592
116.394
113.216
111.988
115.351
116.504
116.291
116.378
116.689
118.713
119.16
119.355
119.539
120.393
119.257
117.863
116.751
117.341
117.921
116.075
118.564
118.635
118.533
119.098
119.32
117.944
116.896
119.381
119.368
117.437
119.5
117.969
117.983
118.571
117.072
116.831
118.063
116.595
117.032
115.529
116.3
115.399
114.259
113.094
113.028
114.377
114.79
114.718
113.825
112.385
113.462
113.503
113.504
110.72
109.806
110.316
110.966
113.22
113.636
114.622
111.782
110.292
109.202
109.288
109.181
108.445
107.88
107.817
106.296
106.041
106.726
107.287
105.173
104.538
105.679
107.801
109.19
107.406
107.032
108.652
108.248
109.917
108.571
108.552
108.448
108.14
110.321
111.324
109.77
110.28
105.301
105.282
105.661
104.831
105.249
104.033
105.751
107.16
106.159
106.555
108.569
109.374
108.639
110.167
110.427
110.905
112.633
111.741
111.791
113.055
116.075
114.765
115.645
113.918
112.599
110.787
111.059
110.4
111.583
111.271
111.079
108.232
106.097
106.159
105.555
108.174
106.996
106.703
106.458
105.992
106.82
109.271
108.248
108.956
110.623
109.427
108.701
108.025
110.706
109.087
109.601
111.301
112.344
111.597
111.175
110.054
110.559
112.545
115.013
114.929
116.733
115.428
115.859
116.365
118.084
119.048
117.11
117.217
115.361
116.825
115.932
115.726
113.479
111.986
113.206
114.314
113.633
113.897
112.701
112.906
112.09
112.898
113.088
113.813
115.36
116.789
118.748
118.306
115.705
113.63
112.109
110.728
109.543
106.081
102.454
103.907
103.908
102.358
101.983
103.582
104.388
103.843
103.818
103.544
104.554
107.024
108.042
107.361
107.949
106.674
106.725
106.663
105.313
105.066
103.773
105.154
106.4
106.07
104.563
103.671
102.195
101.174
102.509
100.986
101.139
102.419
102.881
102.418
102.655
103.776
103.635
107.739
109.465
111.368
108.732
108.647
109.165
111.22
112.287
113.839
113.278
113.9
114.57
114.904
116.012
114.982
114.547
115.52
116.626
114.357
114.183
115.06
113.498
112.225
114.18
112.443
110.851
109.924
110.023
110.448
111.965
113.342
110.704
108.677
103.822
102.817
102.683
102.828
102.829
102.006
101.372
103.262
101.328
100.189
98.4484
98.7073
99.1187
100.562
102.361
101.106
101.145
100.98
100.977
102.277
103.254
103.238
104.93
107.274
105.024
103.929
103.176
103.115
102.236
101.988
102.006
99.6802
101.838
102.058
101.742
100.321
100.284
99.8029
100.93
102.748
103.669
104.367
103.553
104.662
103.315
104.168
105.876
103.087
101.376
104.283
105.247
103.42
102.214
104.353
106.659
105.181
106.847
107.943
106.121
106.91
106.219
104.28
104.369
101.247
102.355
101.414
101.761
103.208
104.777
103.822
102.655
103.658
103.041
104.374
104.62
106.242
107.742
108.778
109.264
108.423
108.468
106.644
109.146
111.441
111.107
112.628
113.084
114.931
116.418
118.264
117.421
118.048
118.18
118.05
117.163
114.993
115.188
116.285
116.576
117.828
116.286
116.96
117.634
116.793
117.928
118.66
119.896
119.041
118.665
118.87
118.389
118.43
121.589
119.602
119.238
120.061
119.58
119.032
117.064
118.066
119.106
118.562
118.135
