100.298
101.263
100.365
102.115
98.1797
97.8358
98.1556
98.391
98.9211
98.8118
98.8396
97.9035
97.9401
99.4812
98.472
96.7656
98.6109
96.8464
97.5903
97.0799
96.6888
97.273
96.7303
96.8738
95.1343
95.6226
98.1638
97.4528
96.4009
98.2198
98.9346
100.786
100.458
100.015
98.5871
96.5731
96.1423
96.5183
98.4778
100.272
99.9135
101.913
103.273
103.002
104.514
105.442
107.376
107.663
105.316
106.153
107.814
108.558
106.207
106.933
106.047
105.124
104.984
108.389
109.292
109.169
108.317
109.02
107.971
108.215
107.225
110.081
109.426
112.314
111.033
110.632
111.845
113.897
114.544
114.241
113.493
114.561
114.381
114.417
114.709
113.654
115.608
115.773
115.393
113.643
111.766
107.826
108.038
107.442
105.438
103.186
104.31
104.99
107.099
105.121
104.782
106.025
107.295
107.603
106.521
106.185
107.691
107.697
106.636
107.22
106.299
106.696
107.919
106.687
108.567
108.12
105.315
107.933
109.153
109.987
109.707
109.515
109.014
111.4
109.871
109.684
109.343
108.391
110.341
111.477
111.448
111.004
110.638
108.114
108.076
111.034
111.129
111.89
113.317
113.31
114.555
113.84
114.156
115.573
117.68
116.698
116.258
116.327
115.607
112.892
113.011
113.485
112.983
114.891
113.401
111.847
112.148
111.572
114.515
116.19
117.267
114.684
113.99
111.704
113.355
113.475
114.076
115.039
116.458
117.103
116.101
116.663
118.152
118.221
116.51
114.667
114.46
115.529
116.732
116.194
114.548
112.875
115.434
114.539
113.133
111.302
112.959
113.21
109.927
111.542
108.151
106.623
106.61
106.31
106.068
104.532
106.441
106.487
108.931
110.666
110.998
111.597
112.889
113.364
110.869
111.948
110.39
109.645
109.33
109.994
108.707
107.657
108.699
107.077
106.246
105.587
105.655
105.323
105.669
104.547
104.467
103.725
103.513
107.383
105.781
106.048
108.411
108.505
108.858
109.351
110.107
108.125
108.525
107.094
105.604
106.031
106.296
107.846
107.926
109.235
109.914
109.638
109.025
108.436
110.875
108.887
109.263
106.753
103.505
103.44
105.124
103.127
104.833
104.741
104.619
103.524
105.405
105.456
106.691
106.69
107.063
109.839
111.218
112.184
110.296
107.474
106.482
106.039
106.274
105.66
105.489
104.597
102.554
102.719
102.652
100.846
98.0796
98.3778
96.534
97.0002
96.6377
97.951
97.7509
99.9822
98.735
97.7481
96.8709
96.5406
94.9071
93.4541
92.3025
92.4338
93.5416
94.7877
95.4462
94.8737
96.1581
96.0084
94.4945
95.5805
96.245
96.201
95.715
97.2356
95.3894
94.848
95.5542
94.9862
95.5826
94.2235
93.2648
93.659
94.066
93.8143
93.0256
93.0724
92.5812
94.9519
94.7138
95.1689
96.6372
95.7662
96.001
95.7605
96.7777
96.1285
95.9473
97.0502
97.7501
96.6038
94.9205
95.1301
96.9158
98.2977
98.1236
97.9945
97.2862
96.9624
97.8104
96.6776
95.1822
96.8431
96.6536
96.1921
97.5225
98.0034
97.6351
99.1147
100.262
99.0087
101.027
101.06
102.564
102.588
102.196
102.33
104.075
105.671
105.144
104.286
105.248
107.746
108.069
109.666
108.246
107.316
111.103
109.359
109.298
107.921
108.116
108.152
107.917
108.331
105.872
108.01
109.51
108.078
106.867
106.025
106.983
106.555
106.821
106.898
106.055
107.838
107.501
108.184
107.8
107.365
106.817
106.421
106.245
107.879
107.243
106.651
108.62
106.749
108.525
110.106
112.892
113.735
114.121
114.944
114.438
112.876
113.178
112.712
114.359
113.781
116.999
117.5
116.573
115.988
113.668
113.507
114.698
111.611
112.057
112.114
113.371
114.376
116.925
113.94
114.265
111.973
113.958
113.738
111.877
111.025
110.086
110.625
108.612
109.414
108.772
109.142
109.451
111.578
116.01
115.997
115.336
111.493
109.796
107.743
109.718
109.292
107.609
103.903
102.103
101.785
101.466
100.898
101.95
104.77
105.053
105.104
103.529
104.106
103.33
105.128
102.612
104.342
106.233
106.118
103.79
103.125
104.619
104.927
106.032
104.336
104.651
105.33
103.973
104.524
103.988
104.057
103.235
104.771
103.125
104.236
104.029
103.651
101.695
101.89
104.837
106.822
108.906
107.614
108.533
108.003
108.674
106.962
107.238
106.506
107.1
107.968
104.397
105.273
104.386
104.729
104.508
104.051
104.145
104.65
103.933
101.446
101.351
99.9348
101.573
102.484
102.124
99.128
98.9658
100.141
99.9168
98.6549
97.4008
96.4969
97.3877
96.5512
96.4744
97.327
96.5898
96.2464
96.9812
97.6595
98.6512
97.6407
97.1686
96.7886
98.0046
98.1041
97.1494
98.0216
98.391
98.5788
98.6394
96.671
98.6475
99.1661
98.5217
98.6661
97.7678
97.1915
97.9008
98.1982
98.9083
97.0055
97.1075
97.7431
99.3395
98.0601
97.0555
97.3861
97.1684
99.8801
99.1063
101.134
102.367
104.199
104.234
104.583
103.442
104.633
103.026
102.137
102.945
101.168
100.883
102.381
103.061
102.11
102.016
101.865
102.751
103.533
102.217
102.825
102.837
100.447
100.886
102.323
100.435
97.4188
97.4186
98.2166
97.2032
98.2397
97.83
98.232
99.1899
99.1168
99.2804
100.154
100.335
99.4324
99.6435
97.8303
96.6372
97.3799
96.0403
95.0819
94.7184
93.0876
92.1456
92.2101
