97.9732
94.4518
93.6733
92.8984
92.1799
90.0375
89.0147
90.5018
90.6091
91.4913
92.7191
92.8028
93.0623
92.4799
94.1899
93.8155
94.118
93.748
93.7081
93.9665
93.7488
94.5058
97.1871
95.9787
95.1986
95.5428
95.5218
94.9137
94.9762
94.8209
94.7489
95.5775
93.7806
93.8799
94.2832
96.268
95.8095
95.5252
94.8856
94.5738
95.4996
93.6995
92.9739
91.7523
92.4384
92.6142
92.4491
90.9853
91.0236
92.4184
92.0625
90.7205
89.6367
90.7906
90.8961
89.8347
89.5041
88.6331
89.8361
90.0204
89.6771
88.0123
88.889
89.2882
87.8864
86.8925
86.1628
88.2655
88.1883
86.647
87.1889
87.7946
88.9645
89.0763
88.7183
87.2141
87.3253
86.3106
84.2025
80.8787
80.3744
81.1066
80.6818
82.1222
82.8308
83.1625
83.6455
84.0277
83.213
83.111
81.326
81.3668
81.2225
81.3619
81.1881
81.3801
83.1611
82.849
83.1437
81.3945
82.3544
85.0639
87.1638
87.3303
86.8858
88.9041
88.877
88.0134
87.0971
87.8771
88.5947
88.9873
87.9078
87.6889
88.0708
86.5253
85.1294
83.257
85.4101
85.3503
83.9437
86.7739
87.2908
89.2147
91.0708
89.3287
89.4675
89.4185
90.6208
92.0222
91.1388
90.5077
91.2971
93.4758
92.0501
92.3975
92.3729
93.371
94.5105
95.348
96.1879
96.7416
97.6072
96.52
98.1366
99.1108
99.1904
101.302
100.956
100.065
100.901
99.7534
100.433
100.732
101.751
100.97
101.159
104.538
102.348
103.183
101.815
102.934
104.35
102.505
102.653
102.168
102.141
101.157
101.363
100.85
99.685
99.1417
98.3418
100.315
102.059
102.107
103.35
102.915
104.217
101.211
100.031
99.0975
97.1853
98.5018
96.7177
96.9582
98.6619
100.595
98.9433
99.3473
99.7787
97.5288
97.8198
97.8258
98.7829
100.542
98.1672
96.718
97.3733
96.7583
96.6581
95.8635
97.0341
96.4254
96.4324
99.309
100.495
98.5717
95.9382
94.8656
95.4824
95.0309
94.8024
95.7488
94.9717
93.4308
92.4867
94.4788
94.8611
95.1731
94.5866
95.8002
95.7033
96.0391
96.3213
96.8462
97.7868
96.9028
98.5705
98.6904
97.9495
97.5538
96.4744
97.1933
97.7234
98.1835
98.4538
96.6519
97.0663
95.7227
96.8721
94.9174
94.7967
94.9954
94.9796
92.3252
89.0905
87.5829
86.6965
87.1098
86.1763
87.919
89.6067
88.0918
89.117
90.0106
89.432
90.3653
88.933
88.002
89.0878
88.8146
89.7032
88.7837
88.7319
89.0747
87.7887
88.8889
88.9613
89.5644
89.0616
88.172
87.7563
86.7071
87.2673
89.2095
88.4221
87.2397
86.6274
88.0466
85.3369
83.7078
83.5438
83.7579
83.1634
82.2354
82.2158
82.6745
81.9959
82.3973
82.4905
84.1838
83.376
85.2855
84.7383
85.0079
83.7745
84.5305
83.5522
85.1334
84.9742
85.0375
84.7831
84.977
84.843
84.407
83.1374
83.6609
84.2591
85.2298
84.417
85.3475
85.4202
85.4773
83.7018
83.1078
82.4279
82.0156
81.9498
80.6556
80.1104
79.3741
80.1074
79.0606
78.6149
78.2044
79.2124
79.6878
81.5143
83.219
83.441
82.9476
82.8984
83.7237
83.6865
84.4661
84.8322
84.7761
86.5125
83.1281
83.4707
84.6934
83.3816
83.1065
80.1
79.8731
79.7284
80.4501
81.486
82.0617
83.7349
83.6645
84.2238
84.5616
84.3011
84.2808
82.627
81.4064
81.7801
81.252
80.7798
81.5397
82.0079
81.6683
81.8518
82.0565
82.2693
81.991
82.4816
81.5787
82.1524
81.7901
81.6794
81.2891
80.9189
81.3656
80.1272
81.0202
81.1434
80.4729
80.1425
79.6436
80.5402
80.1412
79.8415
79.2616
80.2043
79.3001
81.5498
81.2704
79.8517
79.8531
79.3894
78.9987
79.4364
80.6908
81.1902
82.4052
84.5435
84.6824
84.4928
84.4964
83.3445
83.5074
83.8443
83.2845
83.003
83.7849
83.0047
82.8036
82.243
81.359
81.3693
80.7849
78.8897
79.3769
79.6321
79.3021
80.1737
79.6627
79.5756
79.5484
79.2707
78.9168
75.6122
75.3354
74.2345
76.0447
76.116
76.0734
75.0472
71.7525
70.949
70.2124
71.4598
70.6614
70.6108
69.7823
69.5393
71.0736
71.2853
70.8289
70.5039
69.4506
69.2208
71.8864
70.7948
70.8609
70.5142
72.3793
71.635
71.5556
70.5317
70.6367
71.066
71.703
70.9491
72.2159
72.2315
72.8313
74.0958
73.7111
73.6281
73.9522
71.9053
71.8744
73.504
75.0578
75.4719
74.4066
74.2689
74.6875
75.8039
75.8495
77.1928
76.8654
76.2025
76.3384
76.7337
75.9079
77.616
76.8764
75.9273
75.3719
76.0341
77.3188
76.9664
76.6561
77.5391
76.3293
75.6485
77.0696
74.8739
75.4371
77.4478
76.0739
75.0257
74.7028
75.5857
75.897
76.9148
77.312
75.9164
76.3271
76.513
76.6273
76.1866
76.4977
74.8778
75.2782
75.0969
73.1885
72.1475
71.8725
72.8339
71.6945
73.4296
73.6504
74.1349
72.166
71.734
72.0063
70.4196
69.8691
69.6779
70.7021
71.381
70.1631
69.3306
70.5737
69.9617
69.437
69.669
69.031
70.289
71.4172
71.5053
72.8772
73.1428
73.3228
72.6889
73.9706
74.2819
73.0964
73.7391
72.5396
74.4562
74.8012
74.4274
73.9634
72.2324
72.5106
73.38
73.8823
74.2205
73.0225
72.7823
72.3973
72.7627
72.6409
74.5506
75.7074
75.7701
74.9343
74.7585
76.1998
77.5045
78.9301
79.7992
78.6489
76.5746
77.6907
77.9492
76.5705
75.2548
74.593
74.9607
74.2908
75.0182
74.6307
75.4597
75.5215
74.9402
74.5377
73.5381
72.9647
74.8305
74.565
73.933
74.1755
75.4183
75.4357
76.893
77.2943
76.0822
76.7063
74.6549
75.6582
77.1058
77.566
