100.177
99.7851
99.2206
96.6069
95.2704
96.2625
98.2179
100.263
100.859
100.29
100.653
100.305
99.2288
99.0765
98.6799
98.124
98.586
100.398
100.79
100.928
100.986
102.151
102.875
100.861
102.562
103.325
104.866
105.182
104.621
104.366
103.575
105.614
104.859
105.529
107.236
106.85
105.965
106.49
104.163
104.161
103.293
102.137
101.492
103.952
104.323
103.307
104.209
102.53
101.794
102.107
103.38
105.303
104.72
106.393
108.066
108.435
108.921
107.815
106.992
106.494
105.585
103.368
104.662
103.703
103.703
101.079
101.614
100.115
98.7196
98.2579
96.9833
98.8781
98.9201
98.7478
99.1444
100.569
100.538
101.374
102.005
102.819
103.579
102.441
102.625
102.975
104.911
106.782
107.076
108.222
106.631
108.251
106.961
108.049
109.187
107.192
106.177
104.496
104.493
107.622
106.996
105.886
105.682
105.699
104.802
105.267
105.215
104.643
103.289
104.873
104.841
107.12
105.896
106.213
105.678
106.961
108.155
108.816
108.573
108.862
108.017
107.263
104.539
103.904
104.927
102.307
102.537
105.623
105.529
107.323
107.249
108.671
107.6
104.947
104.213
102.81
103.521
104.126
102.675
103.118
105.857
105.925
106.646
106.195
106.158
107.476
105.807
107.623
110.033
110.615
110.554
111.694
112.002
112.806
113.092
113.856
115.05
114.608
114.784
114.27
117.354
118.189
118.078
119.475
121.947
121.083
121.96
124.437
124.122
124.176
124.476
126.604
124.921
126.388
125.421
124.937
122.344
125.39
124.955
127.677
127.779
127.041
125.455
124.93
127.241
130.09
130.104
130.578
129.044
127.474
129.047
127.783
130.214
131.937
133.765
130.658
129.87
131.953
130.406
132.036
132.298
133.672
135.494
138.703
135.892
133.9
134.745
137.4
136.941
138.516
135.757
135.781
134.142
134.496
135.016
134.766
135.258
135.666
134.678
131.54
127.812
128.415
124.905
125.741
126.57
128.469
129.462
129.302
129.933
129.37
131.097
131.279
132.215
130.574
132.232
130.469
129.756
127.797
127.385
128.682
129.977
131.505
129.23
129.845
130.471
132.361
132.404
132.125
130.656
134.242
133.044
130.368
132.856
131.884
132.321
130.116
127.888
128.186
128.871
126.74
128.02
126.681
124.437
126.723
124.032
125.877
123.959
123.484
122.411
122.995
122.181
120.773
121.245
119.667
118.537
118.462
120.4
122.732
123.303
125.631
123.668
126.323
125.65
126.3
125.469
125.668
128.257
129.551
129.201
130.36
131.119
133.638
133.028
132.043
132.525
129.888
130.482
132.111
128.798
129.932
131.634
129.952
129.572
129.054
130.621
126.994
128.275
126.147
126.631
127.164
126.296
127.572
128.584
128.755
128.551
125.646
130.154
132.434
131.828
130.748
129.303
126.273
126.077
124.385
125.914
126.839
125.819
125.292
124.414
126.758
126.103
124.734
126.593
129.871
126.686
126.123
124.855
122.788
122.569
122.944
123.176
124.654
124.482
125.28
125.403
124.776
125.124
125.523
126.397
124.839
124.549
123.94
123.134
126.59
128.971
132.428
129.621
130.092
131.222
128.92
129.416
127.24
127.104
127.539
129.049
125.856
125.435
126.806
129.122
129.464
130.25
132.674
132.507
132.583
131.248
131.001
130.421
132.226
130.911
128.377
130.624
129.747
131.194
130.442
132.147
129.835
130.43
129.68
130.769
127.84
128.107
127.43
126.47
126.042
127.343
125.546
126.554
126.274
126.841
125.087
121.501
123.062
122.666
123.692
122.634
121.881
118.935
118.24
118.999
120.33
119.834
119.212
117.528
116.07
116.41
117.664
117.471
116.666
116.778
119.143
120.79
119.663
122.617
121.501
123.674
122.558
120.33
121.953
124.997
125.187
126.579
129.371
130.913
131.58
130.409
130.688
132.98
133.256
132.88
128.782
128.453
129.19
130.653
128.375
129.176
132.413
131.801
131.906
130.094
130.864
130.32
133.933
134.688
132.349
129.374
130.463
129.548
128.87
129.659
128.649
129.331
128.754
131.925
130.366
131.986
132.566
132.256
128.146
127.157
126.216
124.19
123.331
123.341
124.097
122.858
124.356
126.754
124.601
125.491
126.872
126.309
124.604
124.196
124.021
124.752
124.332
125.076
125.866
127.755
126.244
126.452
126.095
126.326
127.348
127.815
128.691
130.882
132.524
133.604
134.097
132.039
132.29
132.998
133.954
131.742
132.846
133.779
136.107
137.31
137.372
136.292
137.293
136.716
135.558
136.935
138.039
139.116
139.232
139.657
141.449
141.265
135.508
137.972
139.419
137.95
138.425
137.407
139.913
141.766
140.951
143.304
138.26
136.28
136.549
134.792
138.042
137.199
137.959
135.572
134.896
136.38
138.38
141.106
141.419
144.423
144.102
141.905
142.83
143.89
144.401
143.581
145.981
148.548
147.848
147.264
143.51
142.126
139.225
141.69
140.075
140.219
139.41
140.116
143.237
145.466
146.69
145.693
147.014
145.463
146.075
145.701
148.879
147.964
147.122
145.872
145.178
143.073
147.206
149.748
149.961
151.163
149.97
149.226
150.848
150.568
150.897
152.126
156.446
157.274
159.22
162.556
163.473
162.377
161.451
160.377
162.942
161.819
159.514
161.127
161.682
160.504
162.552
