101.532
101.956
102.785
104.39
103.873
104.085
102.148
103.098
104.62
103.496
104.676
104.098
103.976
105.421
104.663
104.718
105.578
103.801
102.799
102.865
101.814
103.511
105.378
104.141
101.712
103.765
105.237
105.989
108.249
109.354
110.522
109.521
110.46
110.172
109.253
109.171
108.989
107.304
108.547
109.831
111.92
111.394
109.946
110.145
112.224
113.45
113.661
114.485
113.932
114.951
114.621
112.279
113.929
110.817
111.283
109.914
108.984
109.229
106.862
107.719
108.874
108.815
107.868
107.323
107.13
104.708
104.807
107.698
105.895
105.758
106.16
104.637
106.37
104.808
105.801
104.858
106.458
107.897
106.932
109.533
110.657
110.668
107.498
106.318
106.75
105.88
108.697
108.465
108.447
105.398
105.968
108.613
107.65
107.99
108.26
108.062
111.287
109.746
108.499
108.158
107.8
105.784
103.419
103.637
104.674
103.515
105.959
107.312
105.533
105.289
105.994
109.105
108.87
107.803
110.221
111.121
109.403
109.567
110.386
109.919
110.087
112.293
114.783
114.724
112.521
110.582
107.902
109.172
108.456
111.168
112.365
112.931
112.152
112.021
114.246
115.35
114.565
117.156
118.974
117.27
116.671
116.544
117.182
115.311
116.032
114.921
114.834
112.836
111.978
112.731
110.779
108.636
109.264
108.771
109.408
108.976
108.096
106.16
105.088
105.199
104.513
103.227
103.425
104.555
103.633
104.332
105.069
104.974
103.697
104.234
104.494
103.409
104.36
104.169
103.316
105.388
106.242
107.448
107.323
107.116
106.141
106.448
105.543
104.919
105.319
104.962
104.188
104.139
104.851
105.321
105.253
106.462
107.613
107.218
107.095
106.096
104.226
105.167
104.029
103.748
104.254
103.082
102.903
103.509
105.527
105.273
106.249
107.183
106.941
108.804
109.129
108.512
109.504
107.164
106.609
106.859
105.255
105.789
106.368
106.111
108.4
110.368
111.461
111.565
112.057
113.025
112.291
111.457
113.147
112.939
112.321
113.249
113.252
113.2
115.241
116.025
115.375
115.546
114.871
114.923
113.14
113.719
112.767
113.014
113.193
112.576
111.368
110.708
109.301
110.52
111.748
111.52
112.133
111.465
111.052
110.019
110.447
109.111
107.747
108.415
109.513
109.948
109.691
110.337
111.084
109.788
109.157
108.817
107.974
107.305
104.134
104.568
105.269
105.946
105.896
105.351
107.439
107.448
107.639
106.271
104.973
101.432
101.939
103.373
102.558
102.875
101.381
103.914
103.962
104.44
102.978
103.635
103.591
100.647
99.9614
99.5005
98.0276
98.7102
96.0167
94.051
93.1941
94.7453
96.4363
97.2988
97.1883
97.365
96.9488
96.4871
96.2903
96.3435
95.6282
95.8691
96.4351
97.539
98.5586
100.672
99.9168
99.0628
98.3886
99.914
98.2812
94.4795
94.5145
93.7943
92.6575
90.9853
92.9318
92.6962
92.9217
92.8241
92.6877
91.716
91.1759
89.6055
89.046
88.9106
89.0681
88.8066
88.0799
87.4188
87.8907
87.8526
89.1718
89.1467
90.1743
90.4168
93.5211
93.2283
94.1727
92.973
93.4189
94.3397
94.7658
94.1765
92.8975
92.5621
91.5443
93.7247
92.4662
92.6772
91.7409
90.4694
88.8849
89.6831
90.6141
90.3508
89.4177
89.0429
88.121
88.9971
90.2117
89.7832
89.1725
89.9832
90.5753
87.8757
86.2459
85.6987
85.6253
86.1883
86.6262
86.1015
88.72
89.4479
90.4959
91.2969
92.4801
93.2629
91.9433
91.4226
91.3598
91.0861
92.8782
91.1016
90.7389
91.3833
91.4043
91.1254
91.1368
89.8769
91.2325
90.7473
90.2176
90.7869
87.7122
87.4703
87.07
86.7957
86.3264
85.4543
86.4125
86.3544
87.3947
86.6986
87.7763
85.6465
85.139
83.8953
83.7442
82.0954
80.9935
79.9075
80.2822
82.1727
81.6798
82.0201
82.2454
84.8042
83.4343
82.1173
82.6554
82.0737
81.1735
82.0934
81.9646
80.7716
80.2311
80.039
79.7074
78.4479
79.1003
81.142
83.1492
83.1287
82.7275
81.2011
81.4162
81.1844
81.1246
81.5125
81.4572
81.5649
82.7523
82.5581
82.0369
82.7422
82.8385
80.9215
82.2669
83.2198
83.825
85.5895
86.6488
87.0563
88.3359
87.4403
86.0667
86.0075
85.6176
86.7572
87.2087
86.5308
86.5279
87.3703
87.2763
86.8076
85.4105
83.6387
85.2911
84.7455
86.3876
86.2996
87.3014
87.3615
85.3001
86.3717
88.36
88.6691
87.6314
87.5837
87.1338
88.3306
87.5076
86.2367
87.6223
89.023
88.9031
88.1754
86.1375
87.6539
86.9919
87.4076
87.9606
88.4887
88.8919
89.6847
90.9395
90.2065
90.7586
89.8796
89.8218
90.4636
91.9057
91.2812
91.3574
92.039
91.7633
90.1558
89.4947
89.2067
88.5836
88
87.9685
87.324
87.5533
87.9103
86.7459
85.2115
83.769
84.7686
84.731
84.8738
85.0065
83.7544
82.4615
83.3604
83.2861
83.3275
83.041
81.0791
80.9047
81.1016
79.2908
78.5959
78.425
78.6274
78.2611
78.0732
78.2577
77.7734
78.1779
79.8301
80.0841
80.9571
80.7923
81.621
81.4192
81.9536
84.0733
83.9343
84.5614
84.9016
85.0145
86.4247
86.1007
84.134
83.9182
82.8892
83.5255
82.9716
83.5419
83.6837
82.2545
82.2272
80.4572
79.0747
80.0949
78.5159
78.3933
78.2171
77.7177
77.0097
77.4242
77.6085
76.7564
77.0223
75.7115
77.418
76.5882
78.1516
77.3748
76.7113
75.3459
74.8955
73.5437
73.8077
74.1723
73.4083
74.3784
73.9679
