100.285
100.489
102.693
100.365
100.107
99.9308
100.277
97.7216
96.2846
94.8698
96.6486
95.5457
96.4343
95.9617
94.605
93.5704
94.8575
94.3956
95.1933
95.4197
96.0541
95.6914
94.6905
94.2765
94.8058
95.8894
98.5078
98.0802
99.1642
97.8059
98.7931
100.187
99.6421
98.574
97.1273
95.9267
96.7662
99.846
99.1257
100.764
100.784
103.742
105.343
104.183
106.249
106.561
105.912
107.506
108.572
110.325
110.013
108.824
109.075
108.174
109.183
107.049
107.086
107.614
107.283
108.32
110.447
110.118
107.205
104.917
106.312
107.451
105.99
108.332
107.432
106.024
104.298
103.9
107.021
109.09
108.514
109.143
110.264
108.901
109.401
108.141
107.182
106.696
107.035
105.715
105.696
106.486
108.054
108.599
108.309
108.307
109.027
109.543
110.505
111.254
112.343
111.87
111.603
113.911
113.349
112.571
113.829
113.974
114.297
113.835
113.441
111.899
111.591
112.993
115.518
114.773
113.996
112.688
110.968
110.268
109.818
106.16
103.909
102.526
101.777
101.846
102.359
103.226
102.424
100.502
98.5989
98.6241
100.628
101.942
102.987
103.22
100.318
99.1885
98.278
98.422
98.91
98.6915
99.66
99.9458
98.9859
99.2461
98.9088
99.2779
99.2027
98.7279
98.0663
97.756
96.3075
97.1417
97.6854
97.2028
96.1123
96.4756
96.5291
96.8431
95.9672
95.5205
96.503
97.6129
99.62
100.031
102.354
104.658
107.063
106.648
106.676
107.706
108.961
109
108.069
109.384
110.936
108.281
107.639
109.113
108.367
111.31
110.258
111.041
111.377
112.443
111.929
112.05
112.669
109.909
111.28
111.349
108.793
110.405
111.995
111.735
111.192
110.884
110.456
109.626
111.801
114.83
115.38
115.671
117.964
118.61
120.177
118.673
117.662
116.438
115.653
116.43
117.142
118.489
116.128
112.831
113.986
113.097
113.234
113.146
114.389
114.593
116.413
116.824
119.011
117.982
119.682
119.25
121.367
121.347
120.599
122.133
122.377
123.687
125.686
127.164
127.158
128.16
130.042
130.199
128.53
126.445
129.337
128.567
127.9
126.451
124.588
121.78
118.656
119.474
118.587
118.596
119.269
119.866
120.375
121.019
122.553
124.514
122.072
123.358
123.457
122.542
121.7
122.631
121.496
123.769
123.819
124.939
122.577
125.081
124.549
123.159
121.533
123.392
121.063
118.849
119.822
119.172
119.741
119.248
118.819
123.281
124.659
126.304
124.984
126.331
126.731
123.766
124.861
126.257
122.084
122.208
122.522
125.068
125.082
123.728
123.052
123.524
124.6
122.612
123.745
124.12
124.705
126.546
127.112
126.283
127.306
132.315
134.418
135.309
134.063
136.188
135.921
133.702
134.669
133.189
133.807
134.934
134.087
135.14
131.851
133.667
133.502
133.526
132.632
132.919
131.556
130.768
129.288
130.074
128.09
127.098
127.833
127.521
127.013
127.762
127.106
123.395
122.01
121.584
124.955
125.328
124.799
126.064
124.411
123.496
126.73
125.674
126.271
123.904
124.806
124.377
124.631
125.197
125.048
125.1
126.776
126.798
128.864
130.171
129.583
131.894
130.671
129.808
130.704
133.152
134.904
135.292
135.461
136.485
138.433
138.69
142.737
144.653
145.859
144.577
144.143
142.681
145.369
146.135
147.116
146.504
146.106
147.856
147.593
149.174
150.276
150.165
147.219
146.576
146.908
146.372
145.762
145.423
144.521
141.032
138.286
135.861
135.717
135.683
135.859
136.166
137.341
139.482
141.379
139.75
138.538
137.305
135.479
138.883
134.872
134.019
130.642
132.596
132.211
131.488
129.526
130.25
127.369
129.072
128.489
127.949
127.285
127.849
127.981
124.81
124.496
125.433
124.073
120.483
121.955
122.296
120.937
123.624
122.647
124.744
124.117
122.695
124.415
125.535
125.885
125.198
124.256
127.951
128.985
126.777
126.829
124.732
122.507
123.814
122.428
121.827
121.977
122.628
122.729
120.457
122.021
121.72
121.645
122.183
121.486
122.72
121.839
119.917
120.709
120.552
121.195
124.817
124.497
123.669
123.028
122.254
120.199
120.972
118.855
121.448
121.87
122.806
122.297
120.569
122.502
122.06
121.579
123.562
124.244
126.916
126.777
127.665
125.725
126.356
126.547
124.885
123.523
126.319
125.331
125.872
125.526
124.902
124.222
122.194
121.853
122.069
121.377
122.192
123.551
125.442
122.951
122.614
120.203
120.352
122.271
126.458
125.852
125.474
124.329
123.627
124.655
122.729
122.02
124.448
124.422
123.072
124.51
124.459
123.395
123.657
123.251
121.922
120.301
118.164
116.626
120.921
120.199
122.518
120.981
118.086
117.217
115.147
113.374
117.019
117.011
116.509
116.431
114.805
113.776
116.004
113.664
113.231
114.894
114.29
115.596
113.74
115.341
113.141
113.708
114.847
112.967
111.759
113.458
113.316
112.751
111.176
109.845
110.608
111.008
111.118
110.409
111.908
113.399
112.006
112.906
111.759
113.878
116.254
114.566
115.989
114.588
115.384
113.719
113.191
114.962
116.298
116.48
115.853
117.699
117.669
114.893
114.948
114.997
116.622
114.572
114.154
114.849
114.74
115.067
116.173
117.455
119.866
117.815
117.355
118.016
116.893
115.85
112.421
110.682
111.19
