100.921
100.224
100.652
100.495
101.018
103.472
104.397
107.669
105.318
105.453
104.979
104.487
104.237
105.192
103.819
105.25
106.338
106.917
106.575
105.171
103.206
103.738
100.885
101.293
100.711
97.7896
99.3304
98.66
96.732
95.3219
94.9064
95.2245
93.8811
95.2734
93.6344
92.7126
95.5669
93.1478
93.4983
91.7155
90.1814
91.103
90.6903
91.2989
90.2727
92.1607
92.2361
92.8198
93.8745
93.4616
94.6615
95.6253
96.6239
96.8637
95.8863
96.4397
98.2131
99.3954
98.1468
97.0955
95.8014
95.3871
94.4942
92.695
93.0433
90.8154
91.7113
91.6664
92.677
92.1462
91.4211
89.6992
88.3934
89.163
88.1206
87.3685
86.336
87.881
87.4077
88.6999
87.5905
87.2195
88.1604
88.5154
88.6668
90.2564
91.3227
93.8733
91.4845
91.1235
91.9652
91.4533
90.7285
90.4483
91.0437
91.1129
89.6074
90.6055
92.1335
91.2707
90.9138
91.2194
91.2768
91.8543
92.5767
92.2888
94.3457
95.8756
95.3707
94.8364
96.6191
96.1546
96.2529
95.9767
94.0364
94.5445
95.184
96.3964
99.3709
101.245
100.409
100.358
101.325
101.642
103.826
102.529
101.39
102.105
101.235
99.8878
99.9698
102.57
103.469
104.172
104.901
103.988
105.774
106.319
105.858
105.854
108.038
107.351
108.766
110.02
109.794
107.771
106.871
107.426
106.864
104.118
104.349
103.606
103.768
102.809
103.003
99.9854
98.9109
99.9415
98.2434
98.1237
98.2203
98.4115
96.2026
97.9843
99.9457
98.4906
97.2983
98.9843
98.3378
101.254
101.388
103.574
101.711
101.954
104.137
103.351
102.686
105.323
105.392
104.659
104.899
105.853
104.739
106.235
107.261
106.854
105.75
104.747
103.813
104.2
104.498
106.617
104.5
104.301
102.49
101.534
101.731
101.869
103.569
102.205
103.239
101.864
100.309
98.7108
97.6854
97.1432
97.2506
95.8684
96.142
96.7354
96.9245
97.9635
97.7097
97.6005
96.612
97.0701
96.1015
97.0603
96.6565
96.1384
95.3232
95.3558
95.6565
94.4533
95.4236
95.0868
94.2977
93.6958
96.0306
96.0529
94.7215
95.3635
96.85
96.1739
94.1727
93.9439
93.9549
93.8124
93.0558
91.4249
90.4281
90.7473
89.5717
89.4804
86.9039
87.0111
88.1276
88.5331
88.6745
87.6141
87.3903
87.8242
88.8683
90.5796
88.5498
89.6644
89.8117
90.9189
89.5874
86.8165
86.2604
87.0291
86.9971
85.8555
85.0382
85.027
85.0705
84.1921
84.7836
85.9636
86.9754
85.8314
85.0456
85.1199
84.4066
84.9407
85.6639
86.6724
88.126
86.5522
87.811
86.4811
87.0106
85.9191
84.8107
83.2287
83.1752
84.455
83.2098
84.3062
84.3376
85.2444
84.7811
85.2154
84.502
83.0544
82.7914
84.0798
84.1411
83.2587
82.538
82.9513
83.1077
83.9225
84.5263
85.0553
83.5777
82.2463
81.7884
82.5304
83.6958
83.0976
84.1117
85.8879
86.2319
87.1659
86.9158
86.9838
88.1769
87.3793
88.8506
89.0325
89.7988
90.2931
91.6081
91.9193
91.2884
92.8617
94.0454
94.7406
93.9421
94.8156
94.3265
94.5748
95.0103
95.4848
95.7208
94.1571
92.0332
92.7863
93.8571
94.6063
93.0189
92.2659
90.5799
90.8612
92.0451
92.7331
92.463
91.7031
92.5234
93.4321
91.6786
91.0126
92.3776
92.1079
91.3442
91.1477
91.064
91.0913
92.5562
91.3291
89.736
89.6729
87.8399
87.8204
88.0932
87.5036
85.9562
83.3221
86.2478
84.4819
83.7766
84.0063
84.9315
85.3702
85.5429
84.7425
84.9816
84.4377
85.5056
85.1233
85.1048
85.6408
84.1092
85.3938
87.2253
89.0436
88.0145
86.8336
85.1145
85.6077
86.4249
86.8479
87.2513
87.2328
86.7522
84.6517
85.236
85.7493
86.5923
86.5954
85.0942
86.7123
86.0511
86.6267
87.7277
87.7639
89.2398
86.9378
86.9827
87.378
85.9952
85.0784
85.3352
83.533
83.6094
83.7167
83.0812
81.7436
81.247
82.0861
80.9141
82.1609
80.8843
84.0931
85.3857
85.2559
86.076
86.5227
85.6359
85.9501
85.2372
85.6623
84.7938
83.6587
82.7916
82.8426
83.0356
80.9067
80.0365
79.4277
76.7215
75.958
75.4254
73.0431
70.7119
70.2309
71.0326
71.2922
71.2654
71.5488
71.7363
73.2691
70.3365
70.4108
70.9595
69.4611
70.0131
69.0616
68.5551
70.0953
71.7668
73.0692
73.1408
72.5327
72.149
71.2746
71.8301
71.8844
72.5385
71.6111
70.8058
71.2801
71.0117
69.9724
71.0263
70.4501
69.2695
67.0979
67.272
66.3777
66.383
65.7545
65.6865
64.4554
66.6576
67.3436
66.8081
66.9831
66.5135
67.3163
67.2905
67.3395
67.3499
67.4341
67.8003
68.4459
69.6672
69.5632
69.3417
69.4368
70.5395
70.3921
70.5603
70.5558
70.1912
69.6601
68.6937
68.774
69.4475
68.7738
68.3032
67.5775
69.434
68.1641
68.0384
68.5849
70.3334
69.2522
70.0717
70.9788
69.9898
68.8329
67.9217
68.8349
67.306
67.6271
67.8686
66.6434
67.2957
67.534
69.0598
68.9157
69.3869
68.1251
70.3233
68.3912
67.4482
68.3697
68.6044
69.4475
68.3888
68.7217
69.4108
69.4416
68.4339
68.7611
69.2939
69.4931
68.6004
68.35
68.3006
68.5203
68.1819
68.0983
68.6511
67.0569
67.6668
67.8466
68.2165
68.1338
68.0397
67.3792
68.0039
67.8175
67.6488
67.9117
67.7319
67.6573
66.457
66.6349
66.9123
67.5406
67.1628
65.9017
65.1116
65.219
64.3342
64.4072
64.7825
64.274
64.5762
64.7615
64.7268
64.5635
64.3602
63.5091
64.9501
64.9299
64.9033
65.9112
65.0598
65.6512
65.7153
65.4907
65.8184
66.3464
65.5649
65.7627
