102.055
101.471
101.766
101.808
102.439
102.652
104.226
103.832
104.928
106.733
106.38
108.41
109.326
109.169
110.088
108.93
109.678
110.642
110.702
112.337
112.329
112.413
112.569
112.127
108.215
109.23
111.766
111.035
109.429
109.875
109.275
109.898
110.753
110.358
111.054
110.762
109.334
108.051
109.128
110.166
111.851
113.005
114.191
114.272
116.196
113.991
112.004
111.181
111.133
112.044
112.88
113.65
113.551
113.213
112.735
112.892
113.032
113.694
113.682
113.565
112.943
113.215
113.356
112.986
113.521
112.311
111.976
109.899
108.06
108.852
111.367
110.235
110.507
111.134
111.748
114.089
114.078
113.644
112.828
111.749
109.74
108.785
109.43
108.5
109.513
108.443
110.084
109.402
111.328
109.48
108.741
108.883
108.8
107.313
107.027
106.377
106.24
106.213
105.596
105.445
105.3
106.065
107.375
106.348
109.69
109.235
111.11
112.942
111.861
111.768
111.568
110.614
109.85
110.276
109.141
110.426
112.033
111.749
113.185
113.562
113.504
113.247
114.365
115.491
112.599
112.328
115.374
113.373
114.512
116.488
116.212
115.748
113.854
113.789
114.284
114.195
114.546
114.861
115.714
115.147
114.85
116.287
116.683
117.12
116.678
115.881
118.958
120.429
121.08
123.987
124.799
124.158
124.191
125.108
125.765
124.425
121.945
123.033
120.195
123.127
122.708
121.528
124.265
125.589
128.611
129.344
126.38
125.81
128.087
129.383
130.87
130.356
128.777
129.545
132.113
130.687
129.311
129.166
128.762
130.815
129.92
130.882
131.905
130.839
131.476
134.487
135.576
134.129
132.275
133.326
132.267
134.8
134.051
134.629
132.482
134.416
136.337
136.526
136.995
139.826
137.586
137.311
138.335
142.385
144.778
144.997
146.546
145.194
147.97
151.338
155.509
158.775
160.956
159.97
159.085
160.161
159.258
158.988
158.97
162.686
166.373
168.667
162.913
162.5
160.615
163.243
163.904
162.336
161.357
161.695
161.376
160.272
155.565
158.056
157.053
156.767
159.743
159.947
158.245
160.765
160.359
157.91
156.169
156.155
155.413
156.296
153.065
153.56
152.471
154.707
154.212
154.652
153.108
154.83
157.931
156.054
158.296
160.356
161.001
162.276
162.021
160.454
161.613
161.269
159.746
161.081
162.932
161.369
161.305
163.72
165.784
167.338
165.918
168.626
171.396
172.038
175.092
170.896
169.826
167.441
167.789
168.473
167.895
169.987
172.202
172.137
172.418
171.184
171.065
177.328
179.936
183.336
183.444
185.335
190.504
190.753
193.335
196.741
193.138
190.696
189.212
190.133
188.968
194.342
193.324
192.17
193.361
192.743
194.833
194.673
197.193
194.629
188.943
189.2
196.658
194.312
193.671
191.047
189.509
193.998
197.247
197.721
201.945
202.685
206.011
205.587
205.548
206.626
206.208
211.269
211.021
209.885
207.446
210.139
211.586
211.478
210.528
212.441
211.364
211.738
210.794
208.285
208.924
210.955
209.594
206.17
208.127
201.945
199.59
199.043
196.788
194.206
193.243
191.805
194.963
195.477
198.008
200.019
199.78
200.914
200.755
200.65
201.835
205.317
210.295
212.843
213.195
215.73
211.655
210.543
212.419
212.009
212.49
215.394
214.22
212.672
213.01
213.932
209.031
209.643
208.696
211.928
214.516
215.89
216.073
214.442
214.025
210.681
213.319
213.872
211.44
211.631
210.528
210.445
209.953
207.282
209.661
208.769
210.944
208.782
208.493
206.213
208.807
208.779
207.156
205.154
205.074
201.272
199.323
197.017
197.071
192.533
185.426
184.109
184.473
184.424
188.558
190.434
189.586
190.114
184.692
185.547
183.541
183.684
180.76
181.976
181.684
180.65
181.576
180.007
177.809
180.539
180.902
182.925
185.853
183.756
183.953
180.715
180.109
178.333
176.691
179.658
184.689
184.475
183.034
177.206
175.08
175.482
174.6
177.173
175.861
177.468
183.29
187.807
189.34
190.153
191.747
190.375
189.458
188.61
189.849
188.679
191.596
189.685
188.931
189.06
188.87
188.941
187.292
186.859
186.624
191.666
193.03
189.916
188.473
188.352
187.395
188.516
187.678
189.906
191.774
192.068
193.847
196.441
201.068
198.215
193.132
192.613
192.206
190.506
190.306
189.668
192.136
190.574
193.276
193.089
193.085
196.441
191.075
187.962
187.14
181.095
181.588
176.906
177.416
176.366
174.951
175.548
175.295
174.695
173.929
173.28
174.204
174.73
176.66
174.96
174.803
170.172
171.253
168.326
167.524
169.673
169.234
169.173
167.305
166.464
166.887
168.373
168.138
166.193
163.247
162.568
164.247
161.779
165.717
167.185
170.189
169.303
165.568
164.826
164.786
164.951
164.878
164.004
165.073
166.294
167.508
167.305
166.682
168.029
168.901
167.664
169.442
167.536
167.961
167.496
165.571
166.98
165.3
164.095
166.113
165.847
166.1
166.428
163.847
164.501
165.957
164.285
163.225
160.858
162.986
165.223
165.36
166.164
165.772
167.061
172.639
170.483
171.539
171.202
168.742
165.951
167.297
169.462
167.752
168.653
171.349
170.185
169.302
170.018
171.47
172.921
171.85
168.908
169.018
172.704
175.97
181.09
181.184
183.317
