98.8695
97.7867
98.1737
97.5296
99.188
96.6667
98.8253
98.5739
96.6669
96.4611
96.6409
96.0681
95.2026
95.6305
96.7098
96.7136
97.3833
96.1718
98.4159
99.9433
101.477
99.1266
99.9718
103.283
105.073
105.827
104.949
102.606
101.935
99.6186
101.557
102.245
102.413
103.365
100.532
102.604
102.099
102.583
102.26
103.512
103.074
101.808
102.937
104.18
106.477
107.893
109.439
108.121
110.244
111.699
113.931
114.63
115.714
115.738
113.907
114.967
114.163
114.241
113.389
113.656
113.472
112.927
113.005
112.398
112.142
112.65
112.915
113.312
114.035
112.512
112.749
111.454
111.78
112.131
112.576
114.064
113.032
113.012
112.935
112.142
111.01
112.92
113.305
112.278
111.922
111.852
109.949
110.331
110.09
108.905
107.7
110.237
110.94
114.71
114.998
113.124
116.426
114.963
116.607
115.786
117.13
119.057
119.874
120.58
118.577
120.998
122.636
123.899
121.359
120.012
120.995
121.878
124.197
123.751
123.328
121.464
120.337
119.38
119.131
117.717
118.102
118.082
117.223
116.714
117.744
117.701
115.886
115.871
117.999
118.047
118.267
117.806
117.808
118.523
123.649
124.238
125.247
124.8
122.425
120.079
117.194
117.663
118.948
117.403
115.896
115.62
119.854
119.294
120.734
125.781
129.724
128.185
125.198
128.829
127.774
129.283
130.674
130.606
129.646
128.255
125.989
125.434
128.764
130.168
128.989
127.478
127.221
128.59
129.589
129.417
128.766
128.288
131.658
132.274
130.436
128.201
127.769
126.418
123.911
123.138
124.426
123.457
124.523
122.735
122.522
121.863
119.887
122.007
122.573
123.457
123.504
123.456
123.173
121.212
121.628
122.053
121.227
122.514
119.58
118.099
119.439
119.843
117.243
115.814
115.623
114.862
116.349
116.506
113.603
116.194
116.765
116.706
116.308
115.174
114.817
111.721
114.509
111.955
110.547
111.286
111.51
111.979
113.274
113.747
111.942
109.792
109.534
107.634
108.8
109.129
109.382
109.361
108.721
106.342
107.144
106.004
107.146
106.916
107.957
107.964
107.455
108.621
107.501
109.406
110.694
111.026
110.35
110.605
108.74
107.727
108.105
106.107
105.368
105.885
103.454
102.621
102.489
101.768
102.07
102.673
101.219
101.78
102.91
100.614
101.991
102.61
103.235
104.811
103.441
103.644
103.707
104.195
104.816
106.514
105.514
103.339
105.901
106.513
107.797
106.877
105.74
104.258
103.32
102.533
101.951
103.169
104.278
103.416
100.752
100.521
100.219
101.506
101.779
99.0046
100.122
101.206
100.129
102.028
101.835
102.701
101.945
101.737
102.553
102.601
104.107
106.624
109.08
108.855
108.555
109.251
109.974
109.614
109.304
108.488
107.504
108.335
109.209
106.941
107.972
108
110.172
108.274
108.076
104.921
102.555
101.144
102.972
104.387
104.964
101.92
101.249
99.9851
101.083
101.485
102.177
102.812
101.32
103.323
101.14
101.296
98.8822
98.4118
98.0613
98.0139
96.5571
98.3277
97.5207
96.1052
94.2584
94.8067
93.3223
92.7274
92.0212
91.5822
92.5673
91.8167
91.987
92.2045
89.9557
91.0029
91.6465
91.3655
89.5964
89.2162
89.3259
91.2718
93.4412
92.2608
93.9952
93.8795
91.3996
92.0178
91.5755
90.6716
90.3092
88.9951
87.8285
88.1712
89.4846
89.2999
90.2144
90.6804
90.9333
90.4668
91.8666
92.3855
90.7689
90.8192
91.1697
90.5186
91.9376
91.937
92.4908
90.7865
88.399
87.5201
87.0864
84.0308
85.7928
85.2123
85.2001
86.0216
86.4639
85.3984
84.9727
82.9768
82.4929
81.6798
81.7741
82.1443
81.288
80.9086
80.4576
80.4323
81.9073
82.6416
83.0979
82.9617
82.9457
83.9866
82.7997
82.4734
82.7884
84.5642
83.7192
82.974
81.4959
81.8971
81.8052
82.766
83.3065
85.4712
87.7448
88.3338
86.611
87.2998
88.2056
88.0415
88.0706
87.5545
87.3253
89.0782
89.837
87.5654
87.3472
86.8648
86.172
87.4255
87.5618
87.2785
87.1262
86.8884
86.5633
85.9548
85.2987
83.5902
83.2352
82.115
83.3368
83.7197
85.0888
85.0236
85.774
87.3056
84.9408
84.093
83.5268
82.1222
82.2473
83.8661
82.2785
83.1431
82.0507
82.3702
82.449
82.043
82.1469
82.4062
80.6269
79.7917
78.1422
78.8348
77.5974
76.2833
74.9123
73.7265
73.9057
73.03
73.1394
74.2012
74.4409
75.5426
77.2284
77.1202
77.6345
76.2366
76.6117
77.4476
74.6381
75.0636
75.8146
75.5541
75.8063
76.399
77.6085
78.8752
80.4434
80.9606
82.5776
82.8199
82.4064
82.6257
84.2933
83.049
82.8633
83.4434
82.9419
83.1683
83.3627
84.2425
83.9871
83.5365
84.0384
83.7529
83.6776
82.9817
81.7864
81.3129
82.9939
84.4537
84.8256
86.3444
87.428
88.8307
90.1542
89.748
92.5764
93.1681
92.7472
93.5627
95.3364
95.051
94.8424
93.9723
94.0013
95.1865
96.4523
95.3407
95.0514
96.5683
96.278
98.9108
98.1708
97.9096
97.8535
98.2563
97.0327
95.9417
97.3933
97.5303
98.8825
97.6193
99.2231
99.8588
100.366
100.345
103.129
104.969
103.433
104.943
104.803
107.154
106.867
107.977
110.754
110.26
110.098
110.661
111.831
112.882
112.675
111.946
110.881
107.603
107.358
104.876
105.384
107.213
104.73
104.085
104.311
104.737
103.565
102.88
103.457
102.385
100.802
102.9
104.094
103.784
