101.694
102.331
100.51
100.466
98.619
98.4816
99.8869
99.2977
101.098
100.015
100.443
99.8665
100.586
100.306
100.436
99.4649
99.3384
98.719
97.4509
97.4794
98.9523
99.3031
98.3869
99.599
99.7548
97.7614
96.7849
97.5515
96.6832
98.5965
100.276
102.583
102.452
102.437
102.053
103.734
103.673
104.645
107.289
105.086
105.926
104.999
105.152
106.143
106.86
107.559
106.658
105.541
104.798
105.706
105.049
107.108
106.222
106.213
106.226
105.602
106.446
104.352
105.108
105.662
105.327
105.496
105.631
107.185
108.196
107.226
108.418
109.889
110.902
111.668
112.212
110.806
110.223
108.63
106.958
108.686
107.846
105.887
107.491
105.317
104.275
103.021
100.098
99.5941
99.2016
99.0754
97.4938
96.6315
96.603
97.7157
98.7628
97.5047
96.7984
98.6484
98.9587
97.8097
96.7626
97.1296
97.2675
98.0607
99.2321
99.5481
96.866
97.8123
98.0456
97.4178
95.6921
97.3151
96.967
95.7964
96.6631
96.9831
94.8367
91.7695
89.9345
91.254
91.2746
92.5284
91.3521
89.312
89.3787
91.9283
90.2991
87.9589
89.1756
88.1261
88.3978
87.1501
87.1836
87.9206
88.6685
90.6862
91.3757
92.6736
92.3999
93.0079
91.2158
90.3179
89.968
88.0772
89.122
88.8876
89.33
88.0608
87.5142
87.8555
88.9676
88.0348
88.2996
87.8741
86.6463
86.8349
87.0416
86.9206
87.5809
88.1729
89.0023
89.7241
88.4267
87.7287
86.012
86.5089
85.8304
85.5402
87.1131
85.6256
85.3068
87.0943
88.2817
87.4379
87.126
85.5511
84.6851
83.4286
81.6037
83.6265
83.4522
84.6382
84.1145
86.4133
84.973
86.0017
86.652
88.0973
89.9183
89.4526
88.8515
87.6354
87.8731
86.234
85.7711
84.4573
84.0566
85.5148
87.4102
86.32
88.2666
89.1929
87.8226
88.415
89.6838
90.1324
91.1197
90.2127
89.5939
89.7458
87.8246
88.9183
89.4835
88.9382
90.163
90.0243
89.7844
90.2095
89.6367
90.7184
91.7983
90.2108
88.8199
86.8885
87.8861
87.2959
87.361
88.0048
89.3953
89.602
89.3064
90.4297
92.0202
91.6051
92.569
95.3107
95.301
94.8849
96.3063
95.3171
95.5685
96.9641
95.8872
96.9575
96.2365
96.1055
96.7234
96.3807
94.7092
95.3442
95.2851
93.4583
92.7524
94.8611
95.5005
95.3566
97.1138
98.0645
97.4424
98.8188
97.1304
95.8359
96.0889
96.3603
96.3395
97.215
97.9286
97.2489
95.7872
95.7869
95.9751
99.004
99.3097
99.9516
100.403
100.039
99.2298
97.1749
97.9025
97.3611
99.0003
98.0859
97.0378
95.3638
93.8976
94.3648
95.5369
95.9304
94.3103
96.4385
97.2318
99.7541
99.9728
99.8035
102.495
99.6564
102.053
103.335
106.012
105.341
105.246
104.041
106.477
108.268
112.895
112.075
111.948
108.714
110.27
109.376
108.399
109.937
110.012
109.067
106.441
109.642
110.572
111.553
108.615
105.74
105.889
105.251
106.043
106.282
104.906
101.227
101.198
100.399
100.555
101.24
101.884
103.932
104.688
106.04
107.21
105.95
105.994
104.733
104.56
105.501
107.106
105.459
104.097
105.7
103.918
105.212
105.808
107.073
107.993
107.533
110.229
111.139
110.127
111.29
110.32
110.825
112.392
111.899
112.712
112.003
112.553
112.231
115.305
115.562
115.112
115.255
115.14
113.507
115.831
115.842
114.525
113.37
113.482
111.962
112.672
112.645
113.418
113.755
114.997
113.642
112.249
113.233
110.518
110.678
111.294
113.466
113.287
110.294
110.481
109.549
112.568
113.244
116.058
114.698
114.039
114.319
112.009
114.344
114.462
113.149
113.151
115.479
116.474
114.447
116.827
116.766
116.976
118.062
117.085
114.565
112.639
114.578
115.914
118.073
118.026
117.921
118.082
114.969
113.761
114.147
112.618
112.67
111.947
111.911
110.956
112.249
112.778
112.681
114.044
113.583
113.629
113.566
115.671
113.456
113.269
112.44
109.945
110.24
108.317
107.038
105.191
104.445
106.268
105.971
107.887
108.915
106.881
108.384
107.679
106.558
105.149
102.295
101.374
103.145
103.213
103.358
106.421
105.669
105.179
104.955
104.528
101.303
102.794
104.555
102.5
102.776
100.614
99.9357
100.857
101.632
99.9293
100.421
101.667
101.713
104.923
103.324
102.142
102.288
102.841
99.2433
99.712
99.8084
101.309
101.046
100.779
100.393
101.055
99.6394
99.2221
100.008
99.9732
100.218
99.3375
97.7515
96.971
97.8948
96.8691
95.7697
94.8998
93.7288
94.0244
92.5995
93.6826
93.4242
93.3717
90.7104
89.3056
90.1067
90.688
89.0651
88.5742
86.5008
85.4466
82.6514
82.8927
83.4753
82.9073
81.7833
81.7451
82.4417
82.4411
82.1657
82.7732
82.3114
81.8232
79.96
80.4686
79.5915
81.3064
79.975
79.7276
79.6594
79.6885
80.209
80.2476
79.0405
78.753
78.3211
79.2853
78.6651
78.9797
79.6409
78.9395
78.3754
78.3621
78.9904
79.1448
80.0227
80.9511
80.6897
79.8317
80.1149
79.5689
76.9751
77.3432
76.622
75.9411
76.1349
75.6932
75.0392
76.0611
75.8024
75.3275
75.3285
74.2334
74.0658
73.1618
72.3468
73.1901
72.7549
71.7393
71.4411
71.0255
70.2224
70.2517
69.665
69.3242
68.9929
65.9447
66.3451
66.6152
65.9966
66.1586
65.664
65.0469
66.6468
65.6185
65.7429
66.0127
66.7723
66.9019
66.0236
65.0461
66.667
66.5563
66.8618
66.4998
65.9555
65.6012
64.4609
65.0095
64.7668
65.034
63.8768
