99.559
99.8141
101.336
99.1325
98.5699
97.0764
96.5632
97.7657
98.2498
96.6626
94.8204
93.1808
92.7031
89.9783
90.7488
91.9876
92.0116
93.7548
93.5451
92.6605
92.4157
92.9729
91.7316
92.5048
94.2139
93.7905
95.6792
97.3371
98.5632
97.9957
96.5689
95.9325
95.5751
98.3484
100.841
102.974
102.758
103.658
104.879
107.264
108.476
106.016
103.625
103.841
103.046
103.153
103.32
105.516
106.516
107.268
107.883
106.317
108.214
108.856
106.826
106.586
107.525
108.899
106.91
107.269
107.913
107.745
111.01
111.926
110.785
110.646
111.143
108.267
108.535
108.414
106.761
106.278
102.593
102.711
103.363
101.425
101.463
103.027
103.053
102.42
102.37
101.584
101.32
100.29
101.651
102.232
101.176
101.51
99.8342
100.203
99.9083
99.7425
100.763
101.469
100.916
98.0484
95.9674
97.0995
96.3834
95.3985
93.885
93.7102
93.5096
93.6317
92.5279
92.6089
91.4753
90.2464
91.5081
89.7937
90.0429
89.2282
88.8763
89.7668
90.9587
90.976
91.1638
88.3195
90.774
89.7217
92.3872
92.2568
92.6002
93.9776
93.7966
93.5747
93.9106
92.6804
93.3966
94.9044
94.2577
94.4443
96.0025
97.9476
99.3549
96.4529
94.1861
93.0668
93.7434
94.768
94.289
95.1999
94.0222
94.4701
95.3767
96.0343
96.4697
97.4139
96.0628
96.2321
98.4215
99.4273
99.3922
100.235
101.566
100.397
98.9333
100.46
100.7
102.805
102.17
103.077
104.864
104.63
105.17
105.968
107.21
106.693
106.712
105.969
105.275
103.296
101.983
102.668
100.332
101.677
100.333
101.705
99.4008
98.6004
96.9356
95.891
97.1544
95.8438
97.5276
97.4964
97.5437
97.6955
99.1134
96.9062
96.4946
94.4322
93.9138
96.6483
96.8582
97.6538
98.7675
99.8005
97.2104
97.3627
96.8213
95.7746
96.0517
98.2486
97.2333
96.0503
94.8135
95.3005
96.4059
96.644
96.2172
96.816
98.0128
97.0077
100.577
101.059
100.358
100.314
100.376
98.6448
96.8547
97.8997
97.6204
101.748
100.252
99.8927
101.164
99.1991
102.154
101.49
102.491
102.665
102.053
100.652
102.17
102.237
100.417
100.038
102.402
103.041
103.942
103.339
106.247
106.493
109.854
109.093
109.202
108.957
109.26
110.516
109.043
109.161
108.792
107.656
107.372
107.843
109.293
110.867
110.908
109.367
109.02
107.22
108.543
106.828
108.351
111.535
113.614
114.454
115.236
116.966
117.511
118.443
119.467
118.738
119.113
117.644
118.347
118.797
117.456
116.427
117.853
118.547
116.993
118.4
115.807
117.496
115.118
115.142
115.975
112.45
111.228
110.11
108.148
110.799
109.256
110.003
110.719
110.718
110.652
109.682
111.587
108.896
109.244
109.189
106.732
106.11
103.376
101.836
102.936
101.598
101.243
100.823
99.238
100.197
100.232
99.3046
98.7425
99.5168
97.8995
100.29
98.7958
97.7788
97.1944
95.4679
95.4726
97.0126
94.8859
95.8905
95.8979
94.6497
93.8009
93.8135
92.7831
94.428
94.0905
95.7283
96.368
96.24
96.1822
94.8864
94.1045
94.2243
93.5874
92.8536
93.1356
94.4052
93.7118
92.8757
92.737
90.3419
90.6148
90.6348
90.4372
91.8384
91.0045
91.0816
92.3368
91.1961
91.5698
92.8106
90.4485
91.085
90.4184
89.1579
90.1544
89.0573
89.508
88.0981
88.391
88.4223
88.0977
86.9627
87.4914
87.2887
87.1054
88.1276
89.5154
88.5575
90.3037
89.8253
89.1725
89.7334
91.3104
92.1862
91.5032
89.7975
91.1589
93.3155
93.8933
93.9619
93.0338
93.4772
91.6923
92.0792
92.0227
93.332
91.6635
92.5034
93.4809
92.9794
93.1032
93.451
93.0692
91.696
91.4539
92.235
92.1033
91.3225
91.089
91.7546
92.3919
91.6766
93.7132
91.7321
92.8769
90.0179
90.7994
90.6297
91.6616
92.5035
92.9006
92.473
91.6867
90.6056
90.1373
89.5495
91.5536
91.7284
91.9225
92.458
95.6739
96.854
97.5
97.8894
97.8603
96.7685
95.8558
95.2353
94.7882
92.3858
93.0835
93.9803
93.367
93.3901
92.0669
91.483
90.3267
92.0288
91.3353
92.4503
92.9126
93.987
93.7257
93.4891
93.3578
94.61
93.2094
93.5279
92.2278
92.495
92.5542
90.4856
89.9989
87.7553
88.1558
86.7415
88.3253
87.2487
87.7515
87.4306
86.5927
87.5839
86.956
85.8336
85.7956
86.3764
87.9682
86.8964
86.6286
85.2791
85.6346
87.0243
88.0892
87.3761
87.0394
86.0778
86.7109
86.4642
85.5809
86.4113
86.2765
86.7738
86.6133
86.5302
86.1479
88.0054
86.3476
87.3978
85.7535
84.8173
85.8886
87.707
89.7393
87.5546
88.4536
88.3002
88.4881
88.96
88.7662
90.3625
90.8131
90.2813
89.7983
89.375
91.742
91.5621
91.8056
91.5074
90.3092
89.4602
87.2828
86.4223
86.9075
86.8599
85.9235
85.8851
84.9825
86.3781
85.4747
85.5239
86.1863
89.1052
90.2647
91.017
90.8004
91.5065
92.849
93.5757
92.8154
94.6812
94.5745
93.7276
94.053
94.0712
95.7462
94.8686
97.0979
98.7992
99.4749
99.9677
98.1506
97.9766
101.048
102.387
102.084
101.386
103.521
102.714
101.808
101.555
103.12
102.941
102.692
102.435
101.544
101.967
102.331
102.797
102.586
103.188
103.485
105.661
103.072
103.988
104.739
105.792
105.539
106.581
104.134
104.981
105.79
102.677
101.207
100.52
102.989
100.297
98.9424
99.799
98.1259
96.5455
95.4065
93.1412
92.6509
92.6386
93.1184
92.8219
92.3896
93.0652
91.3736
90.7097
