99.9941
99.1702
97.7659
97.1743
99.4175
99.7402
101.632
101.991
102.417
102.945
101.46
99.493
100.49
98.2529
98.3471
97.7769
96.5541
94.2983
93.2841
92.9157
94.6403
94.1347
95.3772
92.5341
92.8705
94.0636
93.6488
94.0715
94.1072
95.019
95.6665
95.9802
94.7891
94.9209
95.8161
94.7859
96.1167
95.8421
98.1914
99.2872
98.3953
98.9349
99.888
99.6654
100.775
100.938
100.955
98.6533
99.8916
100.346
99.5277
101.053
100.877
99.2676
98.0739
96.5486
98.4468
95.815
95.704
96.6041
95.6248
95.2187
94.753
95.4075
96.5094
97.0379
94.5509
95.2146
95.5769
94.8878
95.9126
95.6982
95.5865
95.3359
95.3839
96.1461
94.2533
93.7309
94.3373
94.3342
95.4206
94.3563
93.7619
92.7896
94.0045
92.2678
92.658
93.4516
94.7809
93.1049
95.1315
95.955
95.4005
94.6028
93.4675
93.7317
95.8184
96.0704
96.0019
96.2646
97.8106
98.5588
97.6063
99.4815
100.155
101.495
101.836
101.131
101.884
101.246
100.87
99.0777
97.3195
97.9241
96.8182
96.9048
96.623
96.5292
95.6952
98.4359
99.7396
99.7313
100.555
100.332
101.101
100.861
99.9572
99.1679
98.3796
97.361
97.0358
96.3614
96.0226
97.8585
97.8505
96.3676
97.7958
96.4895
98.641
98.87
99.2836
101.321
100.891
103.485
104.787
103.631
105.262
106.513
109.414
110.007
112.098
110.245
110.678
108.553
109.538
111.042
114.153
114.341
114.046
112.738
111.157
111.294
111.649
111.901
111.211
112.446
113.732
111.365
111.974
112.163
112.443
110.363
110.706
111.497
114.15
115.028
113.01
111.475
109.473
109.585
109.027
110.731
111.183
111.308
110.668
110.547
108.68
107.815
108.072
108.223
107.071
106.694
108.951
108.899
108.893
106.796
107.041
108.514
108.435
110.176
109.738
108.939
108.651
108.722
108.308
107.59
108.981
110.277
111.663
111.638
111.701
112.218
109.41
109.418
110.35
110.212
110.748
109.805
109.487
110.056
109.711
110.958
110.372
109.664
106.877
104.97
106.359
107.136
107.35
106.419
108.343
110.122
110.297
111.908
112.358
112.226
114.996
115.022
113.252
113.682
112.023
112.771
110.624
111.145
110.628
110.111
109.637
109.683
108.725
108.363
109.134
110.969
112.17
112.375
112.053
110.095
111.352
113.597
115.248
114.84
114.566
115.144
113.885
115.436
112.713
110.562
111.888
114.496
116.011
115.666
114.972
113.04
111.379
110.762
110.998
110.867
111.326
111.171
111.66
110.674
112.138
111.643
111.276
110.157
108.525
108.505
107.951
108.136
109.496
111.225
110.259
110.97
110.794
114.565
116.167
115.948
115.955
113.578
113.328
112.491
111.225
110.74
110.066
109.52
108.844
108.935
107.827
107.457
106.748
107.063
107.594
108.197
107.194
110.4
111.433
110.72
114.973
119.11
119.099
120.371
119.554
119.225
117.291
118.31
115.843
113.838
113.084
111.374
108.183
107.635
109.375
108.029
107.64
108.13
108.192
108.21
108.391
111.374
110.76
109.695
109.758
109.355
110.418
108.577
108.254
109.821
109.961
109.71
108.532
108.936
107.895
107.789
107.42
107.627
107.715
107.589
108.498
110.647
109.407
109.341
110.541
107.822
106.372
105.645
106.779
105.651
105.713
105.069
105.147
103.334
107.096
107.708
108.308
108.771
109.579
108.664
108.503
107.443
107.207
109.477
109.972
108.73
107.896
107.74
107.627
107.134
107.755
107.539
105.072
102.691
104.567
102.383
104.271
102.043
101.396
102.464
103.616
105.729
106.307
107.391
108.196
110.788
109.956
112.65
113.045
112.425
114.692
113.002
113.751
114.695
114.802
117.172
114.199
112.556
113.881
114.915
113.9
112.877
114.059
115.131
114.659
116.89
116.446
118.976
116.553
115.644
115.052
115.322
115.635
114.862
115.973
112.372
113.539
115.256
112.317
112.792
113.37
111.481
112.513
112.448
113.129
113.171
111.206
108.073
106.261
105.246
104.05
102.387
103.871
103.024
102.066
101.918
99.1136
97.5249
96.7744
95.8523
93.7704
94.8491
96.1631
96.502
97.2125
96.0804
94.9762
94.0079
95.0534
95.9665
97.4567
97.9046
98.33
98.0467
98.4106
99.046
98.6479
98.7831
100.05
99.7102
100.981
100.514
99.0234
98.9559
98.9177
97.0579
99.7781
98.5281
98.9618
99.541
100.995
103.534
103.559
103.652
104.479
107.476
106.164
106.636
107.604
109.195
109.422
107.317
106.789
108.525
108.814
110.169
110.433
109.059
105.842
104.168
105.65
106.703
105.283
104.565
105.249
107.181
106.841
109.165
108.09
107.467
108.172
108.064
108.284
105.118
105.607
105.951
104.256
103.416
105.849
105.978
106.96
107.866
107.411
105.868
105.612
106.274
105.385
104.936
107.355
108.667
108.849
112.209
110.908
112.544
115.059
114.393
115.049
114.159
111.392
110.925
112.89
112.487
111.836
111.302
111.709
111.683
108.827
107.595
109.234
110.431
109.473
111.865
110.395
109.167
109.294
112.203
111.795
110.462
109.33
108.071
109.844
109.418
111.408
110.033
109.387
109.231
108.755
108.163
107.681
106.779
106.065
105.154
106.935
106.2
105.499
105.361
106.104
105.827
107.313
107.769
106.275
104.385
105.63
107.189
106.023
106.005
106.183
108.785
110.031
110.063
109.172
107.985
107.464
107.957
