99.2326
98.6139
97.8811
96.7844
95.9856
95.2903
94.4554
97.0601
98.5332
99.8573
100.118
99.8667
100.169
100.293
98.6042
99.2496
101.292
100.245
98.8381
99.1665
98.2165
99.3936
98.9959
98.8608
100.529
101.65
103.863
102.298
99.5531
99.848
99.8397
102.131
102.196
100.987
99.4367
98.7768
98.6147
100.182
99.9949
100.061
100.251
101.293
99.3026
97.7268
98.1382
97.0995
97.0499
97.9966
97.5614
98.0194
98.0422
97.5341
98.4905
97.9855
98.8132
98.5996
98.6017
99.9415
101.581
102.724
101.33
101.446
101.677
102.31
101.514
103.098
102.926
102.299
102.568
102.241
101.551
101.917
101.028
101.858
102.782
101.765
100.038
98.0442
99.585
98.2757
98.4657
98.4582
98.8641
100.823
100.472
102.573
104.257
105.014
106.09
106.118
107.452
106.831
107.891
105.192
106.91
107.421
105.768
105.997
105.645
106.59
107.004
104.192
103.352
102.319
102.591
101.77
101.492
101.669
101.251
100.723
102.11
103.415
102.115
100.963
103.123
103.167
103.3
103.354
104.599
103.231
104.642
103.137
102.537
102.557
101.24
102.534
103.803
102.934
102.029
102.079
102.891
102.227
104.287
103.15
105.703
105.886
105.737
104.998
104.129
103.559
105.558
106.12
105.692
105.718
105.35
105.73
103.523
101.734
102.814
101.693
102.149
102.047
103.473
102.011
99.9302
102.988
101.297
99.9444
102.2
101.041
103.01
102.864
102.46
100.381
100.761
102.667
102.289
104.233
104.358
103.539
103.416
104.313
103.379
105.871
104.461
103.363
102.965
100.577
101.773
101.818
102.146
101.652
103.15
103.592
102.776
101.718
99.6015
97.5673
96.8891
96.3169
97.2783
94.2767
95.3221
96.2871
98.0977
96.8458
95.7252
96.1057
96.2163
97.616
97.2669
96.053
96.7799
96.3688
97.7003
97.5047
98.0092
99.7243
96.9088
96.6079
97.6772
98.5517
96.262
96.434
97.1322
97.1437
96.7347
96.7041
99.3229
99.2608
98.5202
96.5921
97.6506
97.7065
96.8696
98.4828
98.0137
95.8379
94.9423
93.5242
92.9595
92.4129
92.1377
91.1905
90.8615
89.2285
88.7167
88.116
89.34
89.0367
88.9339
89.1497
89.6342
88.5054
87.679
87.5814
86.5489
85.9149
87.3764
88.4869
89.2562
89.7104
89.1771
89.1317
90.5976
91.5119
90.3962
90.2628
90.284
89.5913
89.1141
90.1794
89.6443
88.6488
88.0799
86.431
86.2678
87.5361
87.9934
88.3715
87.9801
88.2931
88.1605
86.584
85.1342
85.5681
85.1847
84.0222
84.977
83.9622
82.4419
85.5786
84.5855
85.9871
85.7026
84.4791
84.3161
84.8795
84.4281
84.8743
85.7686
84.3406
83.9036
83.8665
84.1103
83.9847
83.7999
84.0076
83.1262
82.8212
80.7596
81.9555
82.5589
81.0435
81.2112
82.3108
82.6875
82.0102
82.8079
81.1753
81.6924
80.2369
79.6614
80.529
80.7795
81.4222
81.565
82.971
83.3411
82.1434
81.1321
81.0784
83.0532
82.6498
81.6608
82.2053
83.2313
82.6807
82.457
83.2761
84.6233
84.5439
84.7693
84.9515
84.678
85.7347
85.9163
85.9959
88.4214
88.6194
89.9367
89.6471
90.2649
88.7827
87.7297
85.7626
85.1999
84.0127
83.7877
83.1095
82.735
83.4523
81.5239
79.685
80.4164
81.0503
82.7958
83.4048
83.208
84.2552
85.2092
85.8921
85.0654
84.9233
83.4664
83.7044
85.5636
86.589
89.2682
89.0558
88.5195
87.8671
88.534
87.6007
87.569
86.9696
85.3859
83.7061
83.1392
81.5663
81.5565
81.7284
82.3772
81.2669
82.8548
81.5236
82.3375
82.058
82.5725
80.5649
78.9325
79.0212
78.7694
80.5254
80.4092
77.9364
78.9325
78.6721
78.7236
77.3138
77.6715
76.9271
78.7503
80.2968
79.7806
82.0429
83.0257
84.3984
84.1098
85.3213
84.8163
84.7551
86.469
86.8129
88.6653
86.2037
88.3495
90.0852
90.2246
91.6754
93.3847
94.8034
93.4532
94.3747
94.5397
94.5381
94.442
93.6891
92.6886
92.4779
93.2737
93.189
93.3505
93.7629
93.5788
92.698
92.2824
91.8668
91.3205
91.3618
91.5727
90.8243
90.1318
90.4476
92.4108
92.583
92.779
91.1734
90.2825
88.691
88.8834
89
88.973
89.0082
88.5492
90.2734
90.5386
91.0715
91.5767
90.945
92.2487
93.3167
92.5628
91.2463
91.7785
92.1824
94.513
94.8975
94.8781
95.2153
97.8527
96.5134
95.8663
96.4597
94.6479
93.758
95.2308
95.8271
95.0963
94.0819
93.5299
93.2315
94.7712
95.3188
94.6558
94.2681
93.4366
91.5069
90.17
88.7437
88.3858
87.5542
87.2141
88.1311
88.3341
89.1141
88.949
88.4539
88.3481
87.8169
88.0896
86.3648
84.9164
85.4614
84.7569
87.2645
87.1735
87.7708
87.9721
87.8261
87.7377
85.4795
85.6316
84.6667
85.1932
85.6267
83.9849
83.5381
82.3854
80.7788
81.854
83.114
82.6909
82.8536
82.2238
81.7444
82.6577
82.2895
82.645
83.9436
81.3917
81.8395
80.253
80.4735
80.4646
80.2086
79.3899
79.5893
80.0089
79.7087
77.3307
76.7359
76.5564
77.7828
78.3627
79.2493
79.8923
80.9628
80.7525
81.8763
80.9331
81.9881
81.7139
82.1161
81.023
83.0898
82.9575
82.73
82.869
84.7782
84.0409
84.6224
83.7072
83.7
82.9144
82.5793
83.1462
83.7411
83.2774
83.3194
81.4725
81.5982
78.1712
77.9226
77.9349
76.9675
77.9318
79.7806
80.2838
80.7344
78.6387
79.6056
79.3319
79.2392
79.4685
77.7551
79.1607
79.6933
79.9305
79.6933
79.5932
79.8608
81.97
81.3455
80.7233
80.5925
80.0224
79.2891
79.3506
78.2854
