98.9964
97.8514
95.729
95.6302
94.8937
92.9853
92.1322
90.912
89.5357
88.5943
90.8621
91.0408
90.4394
90.6716
91.9758
91.9625
91.6288
89.9307
88.3756
86.3117
85.0489
83.8382
83.1439
82.4528
81.5118
81.7487
80.4618
80.5612
81.4231
82.4956
82.0196
81.2725
81.1694
80.7194
80.2268
80.0193
81.0118
79.5187
81.149
80.2653
81.4076
84.3236
84.7625
86.4758
85.8058
84.9749
83.9896
82.9899
82.9181
83.8546
83.3431
83.5248
82.4754
80.9649
80.6298
80.7893
79.6206
79.7372
80.4707
80.5559
82.5281
83.41
84.9312
83.3473
84.0661
84.372
84.6316
85.3139
82.4191
82.9481
83.2977
84.9743
83.4076
83.553
84.6909
84.1014
83.0908
81.8329
81.1954
82.6186
83.9495
82.5441
81.712
81.9328
82.9048
81.6149
80.2049
80.9966
82.1411
82.4235
83.7651
84.3535
83.7719
82.729
82.1175
80.99
82.0144
81.5576
80.3938
80.4015
79.9825
80.0057
79.209
79.3179
80.2082
82.6564
81.8797
81.5057
81.5406
81.3877
82.066
82.5743
83.0353
81.5648
81.0719
83.1522
83.1119
82.5057
82.3391
82.9872
82.7669
82.1307
79.4428
79.5757
79.5882
80.1873
78.9477
78.7753
81.0246
80.9115
81.5096
81.9881
84.0051
84.2749
82.9477
83.2876
84.1101
83.5273
85.1863
83.9454
82.603
81.2216
80.1371
80.4089
79.3383
78.8388
77.885
79.6325
79.0589
79.9329
78.0995
77.6462
76.5001
76.8182
75.767
74.4723
73.9549
75.0864
74.8131
76.1311
76.8673
75.3975
77.7013
77.4043
77.8898
77.819
76.1851
76.0386
75.447
75.7757
75.4266
76.7212
77.1386
79.0865
79.8442
80.5823
80.0459
78.8823
77.3759
76.6152
76.3204
78.2788
79.6313
80.8148
80.5689
79.0996
79.9618
79.1592
79.5981
80.3606
80.2235
79.6174
80.0064
80.8124
81.1311
83.3119
83.2764
82.4651
82.4492
82.9879
83.9948
84.2178
82.757
83.0885
82.9339
84.0213
85.0312
84.6004
84.6959
85.2873
83.341
81.3897
82.0682
82.8273
83.1875
83.2432
82.7275
83.7219
83.2254
82.5598
81.4049
82.1677
83.3203
83.5356
84.7713
84.7851
83.2624
83.6534
83.7922
83.9734
83.4696
83.3746
81.7837
80.5459
81.1684
81.0642
83.5181
83.3014
82.9859
83.0194
83.4741
81.6674
82.8323
81.8305
80.0864
79.9173
79.6882
81.4321
81.6311
80.5428
80.2724
79.3918
80.5956
79.4554
80.353
78.5248
79.8743
80.219
80.0124
78.3795
77.7209
76.7159
75.1758
76.2035
76.219
76.4372
76.4494
78.1203
78.2947
79.3083
79.7761
79.6385
81.7393
82.1121
80.5447
80.6251
80.8458
80.8941
80.7539
80.065
79.5652
80.1595
79.6288
79.0582
78.2733
79.0427
79.936
79.6441
80.2079
79.5576
79.1234
78.6295
78.3666
79.4318
80.7606
82.7352
82.7319
84.1145
83.1854
83.4189
80.9031
79.8682
79.4143
79.8364
79.1302
78.9527
76.5435
77.9985
77.4467
77.5425
78.8473
78.2644
79.3838
79.809
79.19
81.3013
80.7012
81.4603
80.3317
79.8375
77.5775
77.5242
75.5129
76.0995
77.9088
76.6789
78.7103
79.1237
79.4141
79.7116
78.1808
78.7364
77.5675
77.6952
78.4488
78.2074
78.1128
77.2807
76.7972
77.5269
78.5695
78.5678
79.1602
81.0927
81.0053
79.6043
80.3228
78.647
79.2757
78.9762
77.83
76.7676
75.8515
74.7718
73.8229
73.4321
74.4373
73.3057
73.0717
73.259
74.0119
76.3958
76.1397
76.1048
76.8504
77.673
78.1159
78.989
79.5476
81.0543
82.5413
83.7419
84.015
86.2676
86.2964
87.8077
89.451
87.6611
87.3129
88.6915
89.6455
91.1147
90.4058
88.8853
88.22
89.9296
87.6826
88.0096
86.3047
86.8458
87.0264
88.4512
86.6053
85.6656
85.1801
85.4355
85.637
84.3829
85.0678
85.9363
86.7793
86.9772
87.4823
86.7093
86.2183
84.5187
84.6116
85.0332
84.9331
85.7179
85.8132
86.1596
86.4407
87.2876
87.3131
87.1922
87.7319
88.4675
86.6829
86.183
87.0951
87.4422
86.0315
86.4774
86.7665
85.6336
84.0884
85.9908
86.9517
87.4048
88.9896
89.6242
90.3997
90.3524
91.4088
89.9822
90.3273
87.1457
85.3552
84.5101
83.9935
84.3407
85.3677
84.5749
85.2012
87.0373
86.7602
86.1029
84.9168
83.8762
83.9875
83.0758
84.5486
82.8347
84.3246
85.2832
86.4459
86.9091
87.1366
85.1941
85.8536
86.1133
86.9462
84.6469
83.8025
82.0593
81.1873
81.7227
81.2132
81.3727
81.7578
81.8159
83.9392
83.7482
83.0439
82.3384
83.7034
82.2241
82.8935
82.4654
82.9599
83.3821
83.117
81.9315
82.2862
83.8631
83.8669
84.5792
84.0639
83.7522
83.6314
86.0328
86.2249
86.4223
86.2987
83.6113
84.1398
82.5554
83.6881
82.996
83.2823
80.3126
80.9067
81.2804
81.7654
81.1086
80.9013
79.869
80.8396
81.225
81.0754
80.6898
81.7798
81.8431
83.2369
84.2549
83.5481
83.1785
83.6811
85.8541
87.1586
87.5592
86.8969
85.1449
86.4066
87.8362
89.0367
88.2506
89.473
89.7856
90.5656
91.1013
91.6102
91.6423
91.6753
91.7601
92.88
91.9833
90.9025
92.4519
92.6191
90.6304
90.8167
88.9536
87.6681
88.1698
88.673
89.7855
89.5559
87.1368
86.7363
86.8355
86.6275
87.4544
90.0122
89.8757
90.2103
86.7681
89.5727
87.6883
85.9535
83.5601
82.6368
82.9434
82.2123
82.9588
84.1949
83.2859
83.2951
84.8301
85.6708
85.8932
84.7822
85.694
87.273
86.9884
87.5695
86.3381
85.8737
85.8133
85.9655
86.1852
85.1151
83.861
84.37
85.6392
86.5254
88.5322
87.1462
87.1301
86.4548
86.0935
84.2039
84.6345
85.4551
84.9412
84.6967
86.222
86.4697
85.8466
