99.6711
100.556
102.974
102.248
101.975
102.816
103.126
102.468
100.891
99.5021
99.1229
97.5087
99.5954
100.75
100.913
102.326
102.774
101.862
102.499
102.756
102.236
102.335
101.589
101.076
103.13
104.866
103.934
103.089
103.31
101.659
101.186
102.079
103.024
103.863
102.131
102.116
102.659
101.231
100.16
100.367
102.709
101.988
103.644
102.139
101.369
100.182
99.502
101.281
100.497
101.227
101.688
100.755
100.2
100.095
100.198
99.6809
102.943
104.089
104.455
105.603
104.667
103.216
104.704
103.198
104.24
102.349
100.305
99.4809
98.7825
99.1039
98.5807
97.1504
98.5224
98.6607
98.5644
100.006
99.5221
101.362
98.9927
99.4715
100.169
101.46
99.2025
99.3023
97.7694
96.7664
97.9228
96.2502
97.1182
96.6459
96.1192
97.0831
96.0409
93.9617
92.3771
92.4928
93.2967
93.0705
94.2043
95.3381
95.4405
95.5622
95.1525
96.3359
94.5688
95.3059
94.0315
96.4358
95.9977
95.649
96.5431
98.1819
97.7573
96.5386
98.7168
97.8061
98.0994
99.5218
102.361
101.765
101.842
103.934
102.081
102.152
101.737
101.155
100.823
102.38
104.162
105.042
104.908
103.847
105.797
104.477
105.513
107.93
109.392
109.493
108.213
109.547
108.754
108.221
109.48
109.326
108.407
107.891
108.011
108.617
109.137
108.237
109.838
110.525
110.495
110.605
110.948
112.34
112.501
110.707
110.685
112.139
114.469
115.115
112.98
112.318
111.784
111.83
111.03
112.781
114.462
116.003
118.987
117.814
120.146
120.176
121.913
123.973
124.629
125.544
125.238
125.66
125.8
127.375
128.348
126.095
125.574
125.897
125.705
125.379
126.426
122.739
123.517
122.254
122.217
121.854
120.117
122.03
121.386
118.918
119.685
120.132
118.878
118.799
119.921
121.965
121.023
122.267
123.345
122.588
124.174
126.405
125.477
127.222
128.557
128.303
124.273
121.342
124.399
125.426
127.622
127.763
124.165
123.592
125.042
122.836
122.057
122.026
120.661
120.545
118.706
120.285
121.156
120.715
121.281
123.07
120.842
122.607
121.66
121.451
119.523
121.321
121.05
123.479
122.105
122.01
123.596
121.136
120.315
122.846
124.079
124.805
124.984
126.337
126.508
125.728
127.902
126.17
124.854
125.181
124.715
122.511
122.4
120.268
120.145
118.211
118.526
117.757
117.679
118.445
118.045
115.412
116.025
117.534
117.875
117.161
116.611
118.462
116.728
116.815
113.37
112.603
111.105
111.361
110.279
109.449
110.042
109.715
108.826
109.685
107.04
105.571
108.284
107.619
106.701
108.917
107.301
108.258
110.066
108.34
109.156
109.702
109.736
109.642
107.926
107.198
108.58
108.785
106.668
105.883
103.955
104.1
103.681
105.12
105.577
106.976
107.121
108.064
110.672
109.604
111.308
110.25
111.177
113.761
113.264
110.309
110.371
113.611
112.334
113.386
112.771
110.276
109.32
106.592
107.583
108.694
107.004
105.798
108.396
110.098
110.183
110.905
110.937
112.339
111.802
111.392
112.117
113.496
114.902
113.996
112.35
109.894
111.003
111.766
109.485
110.388
109.309
107.04
106.009
109.288
110.112
112.523
113.292
113.876
114.87
114.07
113.144
113.713
115.633
115.542
116.92
115.474
116.225
115.672
113.563
111.946
108.526
107.215
108.701
111.249
110.825
109.63
106.983
106.408
107.845
108.107
110.261
112.324
113.227
113.621
114.764
112.377
111.734
110.149
110.797
109.714
111.615
110.898
110.771
109.632
111.81
113.58
112.221
110.663
109.515
110.726
111.038
111.46
111.936
112.84
111.892
113.061
112.431
109.441
109.801
110.504
109.826
109.346
111.359
112.388
111.1
111.036
110.915
113.557
113.324
112.95
113.049
113.443
114.407
112.689
111.166
111.244
111.832
111.866
111.03
110.91
110.834
112.84
112.504
111.399
111.569
112.29
110.657
111.033
109.764
108.163
107.206
106.552
108.975
107.344
105.993
107.027
106.501
106.072
104.729
105.808
106.276
105.613
107.166
106.748
108.385
108.043
108.41
108.984
108.867
110.214
111.34
110.439
110.941
110.862
108.748
108.626
111.348
109.673
109.814
111.049
111.669
112.607
112.852
110.676
112.132
113.374
113.089
111.993
115.261
113.986
111.844
111.19
109.776
108.601
110.101
111.465
112.712
110.379
108.18
106.577
104.943
104.319
102.702
104.021
103.255
101.264
102.994
102.73
102.5
101.844
101.324
101.006
98.4285
100.922
101.563
103.456
102.137
104.531
102.879
104.008
104.395
104.616
102.895
102.599
102.71
104.682
104.081
104.625
104.228
103.495
104.777
106.533
109.351
109.815
108.735
108.416
108.406
107.833
106.764
109.837
109.388
108.608
108.144
110.09
108.234
109.756
109.862
109.736
110.121
110.987
110.419
109.548
108.9
110.144
110.542
111.39
111.536
109.34
109.954
109.31
110.155
110.07
108.871
110.216
110.376
109.576
109.679
108.083
108.012
106.713
108.19
105.929
104.495
102.826
104.194
104.212
102.028
103.536
105.726
107.143
107.397
106.072
107.044
107.856
108.729
106.545
106.003
103.479
105.713
106.662
106.442
104.952
105.073
105.701
106.586
106.287
105.937
106.805
107.034
108.647
107.041
107.413
109.897
108.621
107.13
107.576
