97.1199
96.1283
98.4312
96.4838
98.1911
97.6413
97.8368
97.3341
97.1605
98.048
96.4004
97.6058
97.4199
97.8157
99.3984
100.172
98.5107
96.05
95.1218
95.2996
97.6895
98.8797
96.9396
96.909
97.986
98.2253
98.1536
97.8777
96.9895
98.2813
98.1443
97.5986
93.6895
92.4983
92.241
92.5425
94.5959
95.8223
96.2486
95.0117
94.1416
94.1004
93.787
93.8332
95.3027
95.7593
95.7053
95.9671
95.5764
95.9836
96.6116
96.0542
97.8416
97.7488
98.8857
99.5082
97.6936
98.7331
98.6403
99.1836
100.222
99.7752
102.119
100.158
100.81
103.743
104.643
105.293
106.651
107.819
108.572
110.99
113.497
114.557
113.422
113.64
112.486
113.088
114.742
115.889
115.769
113.681
114.517
115.261
113.73
113.992
114.722
116.081
115.144
114.637
117.254
117.439
117.329
115.08
116.701
116.352
113.953
117.236
117.684
118.606
118.568
118.473
116.599
117.398
118.257
116.79
117.875
118.904
118.466
118.328
117.714
118.69
118.51
118.453
116.504
116.734
115.304
115.509
113.78
112.699
113.052
113.307
111.116
110.522
108.488
107.583
105.543
105.749
103.722
104.188
102.739
105.685
103.772
104.57
103.446
101.703
100.245
98.8167
98.8974
98.6082
99.1417
99.5958
101.121
100.138
100.042
100.48
100.075
101.863
102.391
100.473
101.75
101.586
101.041
100.561
101.35
100.701
101.894
102.681
102.329
102.071
100.703
101.136
99.2303
97.451
94.9728
94.6536
94.412
93.5846
94.7909
93.707
94.3028
95.3179
95.66
97.5877
98.3434
98.4658
98.2032
98.9492
98.1142
98.3762
99.682
99.2497
99.792
100.711
101.682
100.404
101.882
101.116
101.23
101.716
101.642
102.922
102.831
102.185
102.813
100.683
104.93
105.335
107.056
107.241
105.899
104.712
106.128
105.769
106.649
105.867
106.734
107.577
107.201
106.989
105.16
104.577
104.485
106.14
105.274
105.296
105.298
105.942
105.38
106.192
103.943
103.635
100.207
99.2326
99.2608
100.347
99.6442
99.5287
101.215
101.074
101.569
102.498
103.709
105.91
105.9
105.013
104.956
106.48
107.059
108.173
110.845
108.218
107.115
106.649
108.65
108.981
110.059
108.559
107.971
106.764
108.588
109.005
110.206
111.662
111.703
113.313
115.314
113.5
113.478
114.274
116.531
116.443
116.997
119.395
119.579
120.696
120.457
120.353
117.249
116.67
118.771
117.848
116.853
120.223
119.294
115.521
115.648
117.26
115.316
116.141
115.075
117.428
119.074
119.039
120.147
120.916
118.176
114.784
116.819
115.643
116.178
117.666
118.868
117.859
119.623
119.495
121.384
121.399
120.832
118.658
118.567
117.16
118
118.456
117.607
116.802
115.98
115.284
113.373
113.572
112.292
111.913
110.915
110.22
108.782
108.226
107.376
107.982
108.752
107.384
107.983
108.503
105.557
107.003
107.915
107.136
105.741
108.395
109.561
109.492
109.794
111.826
110.626
106.524
104.477
103.075
102.343
103.372
103.395
102.406
103.586
104.376
104.745
103.735
102.487
101.806
101.404
101.638
102.188
102.562
102.385
102.619
103.315
105.633
105.453
106.013
105.784
108.382
109.702
111.287
113.156
113.693
114.334
116.152
115.588
117.054
114.891
114.776
113.713
111.37
110.814
113.434
114.04
110.987
110.845
110.686
111.606
110.686
110.157
108.7
105.836
102.714
102.816
103.798
105.929
105.851
104.528
104.491
103.531
102.045
102.761
101.185
99.1185
101.865
103.882
103.642
103.705
102.814
102.793
104.089
105.519
106.386
106.369
110.05
110.149
109.992
110.352
107.172
108.297
107.847
105.671
105.247
105.913
106.554
103.748
105.367
106.066
107.475
104.724
104.748
104.272
104.113
104.348
103.982
100.368
97.4802
97.5434
95.6677
95.4184
95.6118
96.9698
98.1473
98.156
99.0755
100.941
100.685
99.9748
100.052
100.683
101.021
101.506
100.855
100.984
102.443
102.385
100.833
98.3138
98.4945
98.0925
96.3965
97.2995
98.8685
99.0562
98.4408
98.8
101.989
101.516
100.929
99.5123
99.8463
97.3232
97.1582
97.6709
98.7778
98.0704
99.0457
98.0281
100.398
100.113
102.838
102.994
103.457
102.307
103.905
102.677
102.585
105.35
105.143
105.631
106.138
107.487
107.286
107.435
107.237
106.552
107.798
105.758
106.646
106.198
108.506
109.714
110.28
112.48
111.669
111.54
110.679
109.992
111.262
110.842
110.767
111.618
113.641
114.062
116.362
115.489
114.882
115.633
114.374
112.026
116.369
118.466
118.909
119.478
117.613
117.59
116.894
114.538
114.646
114.342
115.168
117.027
117.544
113.839
114.837
116.165
118.066
120.061
121.967
120.694
119.974
123.273
123.572
123.703
122.297
122.203
120.307
121.147
122.839
120.701
120.515
119.824
117.737
119.519
121.554
120.479
119.006
118.548
120.583
120.574
119.447
121.426
122.143
118.848
120.692
120.133
120.543
116.951
116.892
119.814
117.997
119.896
119.482
118.312
118.431
119.994
120.894
120.575
121.345
120.849
118.429
118.781
120.681
123.719
124.686
123.748
125.647
125.47
125.21
125.266
127.175
128.06
128.874
130.515
129.997
129.881
125.49
124.457
122.76
124.275
123.779
125.657
127.889
127.273
124.361
125.034
122.47
125.011
124.003
125.133
125.448
