99.5383
98.7589
100.12
101.173
103.411
102.373
104.833
104.353
105.711
105.034
107.187
106.487
108.819
107.207
108.303
108.245
108.649
109.282
108.345
109.156
104.86
104.971
103.321
102.607
103.123
102.587
101.04
103.245
105.182
104.357
103.411
105.03
104.033
101.451
100.989
101.922
101.605
103.497
101.882
103.119
103.366
103.828
103.695
105.455
105.283
102.045
103.634
103.074
104.063
104.173
102.068
102.607
102.162
101.028
102.188
102.712
101.775
103.482
101.46
99.8009
99.6201
99.4586
99.4631
101.503
100.445
101.764
100.999
101.183
102.823
101.69
101.715
101.362
99.2088
97.9257
100.565
100.084
100.167
100.406
101.926
103.992
104.343
103.933
101.797
101.581
104.202
104.108
105.177
103.621
102.477
105.248
104.79
104.182
105.426
104.453
104.7
103.83
104.927
104.444
104.245
103.156
105.74
103.925
104.233
107.064
107.96
106.954
106.631
103.907
103.219
102.151
103.038
102.41
102.523
103.376
103.707
100.956
100.751
101.222
100.066
99.1207
99.1388
97.3967
98.8125
97.547
95.8766
94.9057
94.5641
97.2789
98.2514
95.6537
97.1349
96.5384
97.821
95.8316
95.5608
96.7675
97.9119
97.0032
95.9811
97.3542
97.7689
95.8782
98.3997
99.1516
100.087
99.558
99.6271
98.945
97.2551
98.5939
97.676
97.7883
98.5937
99.8482
99.523
100.004
100.655
101.36
101.666
100.719
100.244
100.823
101.405
99.8238
96.3317
95.8378
97.4909
96.1686
95.7089
94.4703
94.653
93.4127
91.4246
90.6803
92.9288
89.289
89.7949
90.823
88.7484
89.2208
90.9313
89.9526
90.4861
91.1619
89.8188
88.8665
89.6279
89.6768
88.21
88.8672
90.1279
90.4766
91.0876
89.3037
88.1409
88.4209
87.2032
88.1274
87.4051
86.7894
87.5115
87.0905
88.579
88.6908
88.2406
90.0594
90.2446
91.6533
92.6464
92.3833
91.5893
90.4668
88.4717
88.6316
88.0661
88.0847
88.4928
87.5603
88.2296
89.168
90.1981
90.3875
91.4124
91.4356
91.9538
89.4416
90.2896
88.6785
87.7696
88.406
89.1326
88.7523
88.8147
89.2966
89.2586
88.7458
88.275
87.468
87.008
86.8941
86.0409
86.1198
87.1415
85.7889
86.3648
85.3594
85.7594
85.5146
86.4802
85.894
84.3381
84.9251
85.2788
86.1143
86.6296
87.0266
85.2734
85.8414
85.0462
86.6146
83.786
84.3219
85.4
88.211
89.5746
89.3791
89.9571
89.5552
89.9177
88.7911
88.835
89.1661
90.6906
90.7866
90.811
90.4937
90.6913
89.3371
90.7368
90.8677
91.1033
91.7089
91.0265
91.4874
94.0986
92.8856
93.3726
94.5577
93.4375
94.3104
97.0287
97.2452
98.4442
97.0602
96.0954
95.793
97.4785
97.4888
97.9714
100.36
99.6467
99.4671
99.7718
100.164
99.9381
99.7765
97.6169
99.3108
99.1328
99.4183
98.1532
98.0418
99.478
100.416
101.118
102.541
101.138
101.712
101.123
99.9968
100.113
100.738
103.896
103.3
105.508
106.247
106.784
105.355
107.077
104.981
105.834
106.816
105.767
105.311
103.589
104.934
102.907
103.776
105.2
106.223
107.093
106.02
107.346
108.429
110.528
111.173
113.126
115.153
113.229
114.267
112.66
113.75
114.231
115.461
116.352
116.369
115.693
114.592
114.94
116.003
116.314
113.094
112.354
112.332
112.615
112.392
113.743
113.695
114.275
114.501
110.331
110.775
111.906
110.869
111.791
112.144
113.013
114.078
116.847
118.265
118.214
119.207
118.002
118.853
118.737
118.06
118.862
121.314
123.05
124.436
123.851
126.152
129.387
127.169
124.943
128.433
128.223
128.524
127.277
127.415
124.405
123.184
121.483
119.749
117.562
117.459
117.962
118.109
118.615
116.157
115.665
115.918
116.316
116.729
115.672
114.742
113.746
114.433
114.845
115.98
113.205
112.649
111.132
113.683
113.105
113.005
113.019
111.906
112.333
112.591
113.86
114.036
114.365
113.573
114.092
113.69
114.215
114.01
115.409
116.362
112.628
110.624
111.974
113.322
111.236
113.098
112.046
112.056
112.356
112.435
110.911
111.846
110.271
109.001
105.696
105.206
104.441
104.051
103.965
103.381
104.861
103.931
104.09
104.432
102.829
103.207
103.183
104.245
104.12
104.967
103.919
104.479
105.909
105.952
105.333
105.81
106.276
104.55
104.003
103.046
103.225
103.371
101.87
101.336
100.281
96.8759
97.3182
95.52
94.5836
94.5668
94.7946
94.6403
93.7147
94.6291
93.4414
90.1326
89.76
90.6765
91.5295
92.0283
90.9172
89.7376
90.0832
90.5963
91.8595
90.2581
91.6047
90.8309
89.3885
89.1514
87.2052
87.8143
89.3858
89.489
88.624
88.0602
86.844
88.1642
89.6475
89.5141
88.9998
89.566
89.5376
90.4651
92.1112
94.4065
94.9731
94.0148
93.348
94.3803
93.8191
93.4886
92.51
94.7331
96.5535
96.3827
96.8941
96.8119
96.822
96.601
97.1646
98.0658
97.8564
97.6161
97.8073
98.6517
100.213
100.46
99.2952
99.6433
98.1373
96.096
96.1269
94.8942
94.2012
94.6325
94.5879
94.1395
96.2129
97.3584
97.0777
97.5903
97.6528
99.2205
99.8421
100.325
100.864
99.7085
98.1247
100.47
101.149
100.821
100.482
99.2887
97.9457
97.1744
96.0998
94.0601
95.7161
95.5412
96.5088
95.8763
94.5428
94.4546
93.5021
93.5058
93.0376
91.2072
91.5571
91.6456
90.1804
90.6244
90.6918
90.3896
89.8174
90.2264
90.951
91.7748
91.7872
90.3423
