98.9502
99.4079
102.708
102.781
104.247
104.295
105.048
103.755
103.752
105.025
103.539
103.975
105.149
105.583
105.466
105.847
107.031
105.917
106.49
104.387
104.687
103.387
102.584
102.791
105.716
102.729
103.459
105.602
104.953
105.375
105.243
106.237
105.917
105.269
107.016
107.504
107.825
108.766
108.871
108.673
107.912
111.143
109.921
108.711
109.259
110.362
112.325
113.746
112.723
115.096
114.594
113.02
110.342
109.939
110.121
111.952
112.48
112.661
111.936
113.169
115.072
114.262
114.109
113.342
112.49
113.34
113.971
113.797
114.086
113.34
111.953
114.495
115.499
115.056
117.131
117.119
119.37
119.651
118.199
117.22
117.223
117.474
115.72
114.256
112.796
113.297
113.855
112.331
112.534
110.337
109.257
106.945
105.007
106.254
107.172
106.342
108.436
108.86
107.954
108.472
109.316
108.287
108.047
109.625
105.787
106.161
105.82
104.465
104.586
103.365
103.234
103.677
104.541
104.478
104.648
103.689
102.211
100.665
102.654
100.198
100.086
101.379
102.172
104.127
105.46
107.286
106.201
106.716
106.397
105.791
105.235
103.312
103.468
103.156
103.208
102.78
102.813
100.779
100.368
101.053
100.452
99.1422
98.211
96.9335
97.1478
97.4324
98.6762
98.9549
99.5639
99.8843
101.016
100.558
100.487
102.963
102.223
103.169
103.11
100.617
98.6038
97.4344
97.7288
97.4206
97.8223
96.7084
98.4848
100.673
101.146
102.639
101.194
102.108
101.871
100.934
103.162
103.561
104.686
105.996
107.748
108.91
109.566
111.421
112.061
112.487
109.839
110.651
110.136
111.731
112.109
107.031
108.179
107.551
105.536
105.495
106.216
105.326
103.869
104.995
106.152
106.523
105.802
107.377
109.79
106.993
109.317
109.118
109.698
111.685
112.485
110.374
109.377
110.58
111.537
111.057
111.65
111.855
110.81
112.534
112.319
113.791
114.186
117.343
113.831
114.72
114.886
116.296
118.788
118.059
117.202
119.029
117.605
118.795
118.255
117.927
117.515
117.168
116.034
116.21
117.524
115.227
117.102
118.035
120.446
120.207
120.236
121.707
122.411
123.457
121.726
120.274
119.104
119.473
119.282
118.118
116.083
113.008
114.012
113.548
112.197
112.703
111.702
113.627
115.809
117.368
117.677
119.048
118.692
117.708
119.285
119.208
120.675
121.75
120.556
120.692
119.043
119.705
118.146
116.253
115.03
116.428
117.117
118.578
118.024
118.76
120.774
120.467
117.538
119.305
119.225
120.237
120.412
120.601
120.238
120.337
121.573
121.123
122.684
123.253
125.399
120.577
120.335
120.068
123.428
123.32
120.206
120.976
119.332
118.105
117.59
118.221
117.025
118.627
116.04
111.882
111.642
111.673
110.834
111.748
111.644
110.122
108.348
110.858
109.852
111.176
112.135
111.324
110.271
109.619
109.525
109.345
106.802
102.774
103.108
103.585
103.673
102.58
103.357
103.202
104.317
104.803
106.472
108.791
105.562
105.897
108.021
110.463
111.853
113.369
111.176
110.66
110.843
110.262
110.885
109.764
105.927
103.176
103.886
103.304
101.379
101.022
101.033
98.8392
99.5408
97.9703
96.0282
97.6998
96.9049
95.7039
97.4269
97.0742
96.6447
98.2413
97.7792
97.5813
96.7623
97.2015
98.2871
96.9203
95.2375
95.8355
95.8724
97.5629
95.8823
94.9178
94.0928
95.5186
95.678
96.4782
98.879
100.233
99.4501
98.9807
98.9354
98.9158
100.115
99.4332
97.5772
99.135
101.099
100.435
101.856
102.564
101.385
100.854
103.32
104.358
104.078
103.928
102.922
102.368
100.993
102.458
104.083
105.233
108.123
110.143
110.788
111.926
112.424
115.697
114.701
113.48
114.636
114.763
113.168
110.664
109.366
110.89
111.281
108.315
110.106
109.686
110.517
113.539
111.987
110.97
112.896
110.166
110.355
112.904
112.081
112.833
113.912
113.095
112.535
111.142
109.366
108.708
108.797
110.66
112.431
113.316
112.557
110.436
109.077
108.747
105.961
104.034
103.979
104.337
102.36
103.334
105.272
105.54
105.979
106.528
102.807
101.069
102.112
101.969
101.691
101.291
100.467
101.735
102.217
104.719
105.017
105.116
104.433
105.341
104.655
103.386
103.43
105.165
107.325
106.883
105.154
107.004
105.727
105.399
104.334
102.532
104.213
104.519
103.91
101.874
100.994
101.293
101.384
100.98
99.7785
101.634
99.7954
98.3485
98.9941
98.0419
98.4171
97.6741
97.7308
97.1242
95.5978
96.8836
95.9578
96.8028
96.4593
97.4227
97.867
97.8978
98.9944
98.7901
98.6875
99.7201
100.747
100.71
98.4413
98.2327
98.0604
98.2243
99.9054
100.396
99.7709
101.161
99.3722
99.2582
97.9639
100.336
98.0471
97.8809
99.4093
100.976
101.547
99.4143
96.6762
98.1691
100.257
103.106
104.391
102.818
102.4
101.405
100.948
100.749
99.6669
100.125
99.6787
100.011
97.9923
98.2185
100.846
100.507
99.8642
97.8551
98.9918
98.8726
96.9797
94.5074
95.892
93.8111
94.3922
93.9263
96.5803
94.6296
95.8892
96.0286
96.3852
94.5646
94.3376
92.7518
93.8596
94.9049
95.2464
96.5467
96.0081
95.4121
95.663
94.4943
95.296
93.8857
93.6607
92.8943
92.8052
94.1977
94.4409
93.6357
91.6544
93.1558
95.0603
94.0917
93.6714
92.7418
90.4816
91.4475
