99.2442
99.9364
97.1775
97.492
96.0092
96.7522
96.2761
96.124
95.4393
96.2986
98.4296
97.9692
98.0084
99.2587
101.932
102.366
100.683
102.536
103.064
102.771
102.615
102.88
102.402
101.743
103.725
104.38
103.942
105.46
106.068
108.655
107.407
107.314
107.134
106.153
105.861
103.885
100.54
100.821
102.64
103.476
105.999
105.607
106.759
106.024
107.288
107.862
108.242
109.669
110.25
111.72
114.132
111.137
111.713
110.319
109.862
110.037
110.438
110.36
111.898
111.632
111.121
108
108.604
109.892
112.261
111.619
113.274
113.242
113.64
112.496
113.285
111.941
114.329
116.059
117.432
120.663
118.64
118.941
117.706
120.306
119.693
117.938
119.637
123.247
124.745
124.367
123.031
126.241
127.692
127.218
127.278
125.675
123.41
123.191
124.085
124.234
122.978
125.14
120.808
119.702
121.626
121.24
120.539
122.998
120.836
120.806
119.709
119.213
123.865
123.202
124.623
125.165
123.914
125.223
126.049
126.275
128.487
129.046
127.881
127.699
125.621
127.225
126.051
127.06
128.825
128.266
127.932
124.754
125.034
125.344
125.059
124.416
124.676
123.711
121.175
119.222
118.241
115.002
114.982
112.494
111.453
111.842
113.349
113.077
112.823
112.184
110.642
109.524
111.229
110.982
113.298
113.584
112.233
109.355
109.238
107.091
107.354
106.369
107.963
105.611
106.238
104.239
104.077
101.927
101.311
101.115
101.242
100.571
102.225
103.859
104.134
104.091
104.622
103.549
105.282
106.76
106.079
107.185
106.905
105.501
105.346
106.379
104.825
103.21
105.481
107.651
109.459
110.214
109.968
111.659
113.278
110.372
110.305
111.768
110.906
112.961
113.68
114.443
114.167
110.757
110.227
111.286
111.122
111.176
110.599
108.396
107.858
107.079
107.88
108.406
107.133
108.263
108.349
108.09
108.014
105.672
105.295
103.802
102.614
103.325
102.292
103.55
103.783
104.007
101.442
102.112
103.101
101.791
101.936
100.684
99.1203
99.6948
98.1042
98.4853
98.8653
98.47
97.2808
99.1019
99.303
98.0669
97.4629
97.4063
98.257
97.3783
98.3682
98.1111
101.272
101.464
100.296
99.9711
100.045
100.967
99.2331
100.268
99.7065
100.158
97.4911
100.008
98.6358
97.6143
98.2731
97.7214
96.8245
96.0858
95.6945
97.1647
94.1735
93.463
92.42
92.0517
90.5356
89.9661
90.2254
91.235
90.624
90.1399
90.2467
89.9736
90.2688
90.7638
92.0991
92.5506
91.2402
92.2807
90.7826
92.2708
94.5814
94.5265
94.2045
94.3043
97.0641
99.6059
97.891
97.3898
97.957
97.5999
99.8528
99.063
98.6122
97.1772
98.3599
96.9303
97.5799
96.6938
97.3432
98.4684
96.6167
98.447
97.6337
98.1561
97.4493
99.1535
98.253
96.7801
96.2825
97.6498
98.7411
99.1496
98.7874
100.669
102.841
103.837
103.498
103.19
104.493
102.227
97.9495
97.3936
96.0016
97.4603
98.023
98.8458
98.8783
98.1451
96.3962
95.619
94.6056
93.7898
94.4699
95.2976
95.2745
95.647
97.7927
97.9179
99.5448
99.4551
97.8453
99.4475
97.167
97.8232
95.5475
95.8034
93.9251
95.6592
93.8661
91.9147
91.5676
92.7391
94.0046
92.1617
90.3064
89.3699
88.0987
87.1878
89.2609
89.7029
89.1536
91.4525
92.3195
91.1009
91.113
91.8568
91.0934
91.7648
89.882
89.4193
88.5146
87.8376
89.8351
91.3752
91.4276
91.0866
91.6849
91.4081
90.7774
91.1377
91.0287
91.1195
90.0708
88.8986
87.64
88.5631
87.1412
85.2947
86.3304
86.0653
85.9993
85.7316
88.1993
85.8063
85.2489
85.0772
83.1511
84.3837
84.9462
84.0519
82.396
83.1444
82.6983
83.0767
81.6875
82.3262
82.6768
81.8869
82.0402
83.7836
83.6127
81.205
82.0005
83.3275
84.0553
83.7489
81.5274
83.4418
84.9131
85.0968
83.5083
83.6685
82.943
82.6482
83.6332
83.3966
82.219
83.4577
82.6705
83.6272
83.0677
82.0962
81.6815
82.8495
81.2105
81.4609
79.7168
80.1888
81.9313
82.3169
82.5532
80.8956
80.7584
80.0698
81.0656
80.3844
79.57
79.6884
80.1172
80.6003
79.4651
80.9388
81.322
80.865
81.7218
82.5919
84.3837
83.3753
84.3985
85.4439
85.2509
86.1297
84.6506
84.2309
84.2129
86.0731
86.4603
86.4818
86.1151
84.7388
84.8027
85.1202
84.2229
85.0472
84.8215
82.013
82.9607
81.3778
82.1776
82.3099
81.193
78.9126
78.7204
80.5706
81.019
78.9794
77.6145
76.9005
79.179
78.0878
76.7567
76.1526
78.7972
78.6496
78.9786
79.0145
79.447
80.1271
82.0024
83.0589
82.0687
80.2888
80.7597
79.9136
80.5421
82.6324
83.582
82.7784
83.8716
82.4582
82.8599
83.4305
83.5688
81.7236
79.4984
80.6385
80.4969
79.6864
79.6612
79.8793
80.225
79.7065
80.0702
79.7765
78.9061
78.1345
79.0378
80.6949
80.0081
81.334
80.6067
82.0318
82.4506
83.5457
82.2849
84.7428
87.3356
88.3538
88.8245
89.7237
89.7757
89.952
90.7334
90.9163
91.046
91.8364
94.073
93.7555
94.9237
94.6274
95.9229
96.161
96.5908
95.5757
95.4374
97.4236
98.2928
98.1643
96.4477
97.1592
96.9757
96.5962
98.4252
98.068
100.531
98.4362
98.2252
99.0539
97.4868
97.8015
96.8538
98.1304
99.0824
99.0254
97.4833
100.295
100.798
103.227
102.503
104.524
103.952
102.335
102.428
100.926
100.104
100.914
103.9
103.468
103.584
104.498
102.556
103.406
104.448
103.428
