100.049
99.8707
98.7888
100.001
99.253
99.1757
97.1372
97.0637
95.1877
96.0482
95.7422
98.2916
96.9921
97.5247
97.3217
99.0153
97.2031
96.6088
97.6372
96.9959
98.6458
96.206
96.6167
97.0997
97.5013
99.3519
99.0124
99.2218
98.2019
98.3667
97.7113
98.1906
99.7275
100.925
98.8296
97.3534
96.9796
95.9994
96.2571
92.1657
93.9157
94.2446
94.8811
95.5005
97.6002
97.5837
98.1188
98.52
99.815
100.868
101.907
102.567
99.7334
98.592
96.6607
96.4879
94.7303
93.7809
93.5979
94.4393
93.1097
92.901
95.1452
95.1736
94.4654
93.7071
92.0815
92.0267
91.983
90.6585
90.1555
90.5555
90.5952
90.1862
90.1786
89.7915
90.2204
90.921
87.9996
87.491
86.2935
84.9792
83.7734
83.24
83.0796
83.3334
83.696
84.5053
84.7971
86.0084
85.4326
85.9489
87.5053
86.9929
87.33
89.7994
86.8201
85.5515
84.6486
84.7647
86.1595
85.9859
86.1475
85.5403
85.215
87.1129
87.4958
87.9829
89.2119
90.3408
90.4611
87.9242
87.2999
88.2226
89.1256
87.7585
88.7126
86.5606
85.2728
85.1581
86.6288
84.3437
86.1976
85.1638
83.5706
84.3302
84.9867
84.5985
82.5765
81.5225
81.7644
82.3659
83.6897
84.5415
84.7723
83.5169
83.3237
83.6319
83.4733
84.8705
85.0521
86.2587
87.1377
88.6548
88.2869
88.0667
88.8893
88.9662
87.9925
88.389
86.5957
88.4472
88.0342
87.6401
88.3555
88.7264
89.1181
89.0921
90.1435
91.7345
91.9003
90.7733
91.2171
88.9582
87.9177
88.1162
87.4758
88.4427
86.2643
86.9199
85.1333
85.3946
86.5123
85.4188
85.5972
85.7413
83.8877
83.6597
84.1593
84.637
83.4577
83.6185
83.5416
83.2955
81.9752
81.5109
82.2457
81.8577
82.2007
81.7309
83.4695
84.7026
83.7051
83.2251
82.5043
82.2385
82.9393
81.2869
79.9467
80.3896
80.6255
80.6874
81.1306
82.0333
81.2846
81.0206
81.2933
80.7056
80.7999
80.9295
80.5029
81.9086
82.6699
81.0329
79.2896
79.9925
80.4242
80.1774
80.207
80.749
82.2225
82.7115
82.0953
82.847
82.0397
83.5821
84.4232
84.1124
84.5907
85.2727
84.5433
85.8281
85.6967
86.4999
85.4922
84.8785
83.5311
82.872
82.8022
82.8761
82.9276
82.3954
84.5063
84.0974
84.3501
84.2225
83.3845
84.5858
83.765
82.1953
84.2749
84.984
85.014
86.2129
86.9696
87.1977
86.6523
88.94
90.91
92.0605
93.5099
93.2696
96.0956
95.3061
94.6744
97.602
97.9628
96.9237
98.7134
98.5151
98.7225
97.6533
98.3988
96.1983
94.1462
94.2676
95.4163
95.2758
96.0863
96.2819
95.8738
96.0488
96.7418
96.7516
94.1589
90.7967
90.7639
92.6174
93.0259
93.4746
96.4963
96.5508
93.3787
93.0396
91.5373
92.2011
90.7632
88.8779
90.2016
89.9648
88.6904
89.0229
88.9115
87.7581
88.9439
88.6693
88.1138
87.481
87.8246
87.6085
89.0275
88.3187
88.7022
87.081
85.3903
83.8774
81.9003
80.646
81.9851
81.6262
81.6768
80.5731
78.6006
79.6057
79.9811
81.3365
80.9611
81.9583
82.7601
82.884
84.2535
83.5425
82.3469
82.9502
83.0183
82.9437
83.0011
80.8136
79.7723
81.4765
81.638
82.4617
81.3427
80.8646
80.3316
79.1372
79.5527
80.446
81.3387
81.2559
81.2463
79.4452
79.1387
80.4923
80.9514
79.076
78.9744
79.3915
80.7118
80.9756
80.4811
80.6146
81.1777
81.0099
81.6012
81.2732
82.3591
82.9555
81.6633
81.3969
82.1129
82.3122
78.9943
80.4766
79.0817
80.0798
80.6795
81.1023
79.1548
78.8348
78.4328
78.8625
79.587
79.7934
81.0876
81.2402
80.7499
81.4195
81.4419
83.048
82.4654
83.3693
83.4639
84.5579
84.7321
84.3426
84.5999
82.8666
83.1278
83.6369
84.4795
84.3668
84.7019
84.8458
84.327
83.8965
83.8798
83.1152
82.5686
82.2131
83.2042
83.7766
82.7956
83.7137
83.0237
83.8523
84.6363
83.8906
84.5993
84.9491
83.7091
84.5397
83.5851
82.7467
80.9082
80.8459
79.8401
78.1229
77.3719
74.6067
76.6969
77.6091
78.1864
78.1024
77.1297
75.4501
75.9433
76.0895
75.288
74.5702
75.4594
74.834
76.4063
77.1062
78.4859
78.0419
77.9656
74.7839
75.4879
75.334
76.3936
75.4201
76.2871
77.2614
76.6449
76.8882
77.7084
75.7649
74.7113
74.2283
71.8957
70.7198
71.6816
71.3158
69.0271
69.809
69.7039
70.235
68.8863
66.8833
67.6245
66.8404
69.0518
69.2938
69.2115
69.4025
69.5957
69.6091
70.2689
70.4255
69.8317
69.4342
69.4431
70.0177
70.3625
70.483
69.6661
69.8241
69.4907
69.8935
69.0512
69.5578
68.7407
70.6188
70.9031
71.8777
71.039
70.9381
71.512
70.661
71.0511
71.8397
70.2195
68.9105
68.9899
69.6716
70.0934
71.0827
70.1625
69.565
69.0537
68.7093
67.9256
68.4741
67.3273
67.8059
67.0599
66.8803
66.5603
68.1166
67.7988
67.5574
67.5406
66.2627
66.468
64.4001
65.1938
65.3203
65.7446
65.9568
65.8427
65.4997
64.073
64.3423
64.154
64.2355
65.1073
66.1359
66.1157
65.3409
66.2018
65.6258
66.8774
67.3293
65.833
65.645
64.1106
62.9745
62.5054
63.0774
62.029
62.0344
61.4656
62.3777
62.2674
61.7647
62.0639
62.2325
61.2882
61.7306
62.1486
61.7399
61.8495
61.7942
60.5631
62.2106
62.8173
63.8271
63.3273
62.9975
60.8906
59.9733
59.3835
59.4785
59.9402
60.4395
59.7514
59.2705
59.1192
59.9599
59.2759
60.2613
60.1271
61.2768
61.2078
61.9417
62.0831
62.1719
61.6702
61.4968
60.4219
60.9365
60.2371
59.6847
59.6884
59.4045
59.7702
59.5897
59.2718
59.2971
