97.1777
96.2075
97.499
99.7803
98.366
98.3356
98.4411
97.9198
100.416
99.3346
99.9551
100.906
99.1914
98.7425
98.8607
98.9404
98.8714
98.3349
98.5297
99.3493
99.4884
101.204
100.318
98.886
99.2808
99.6368
101.177
102.146
102.728
105.159
106.144
105.573
105.807
104.252
104.766
105.519
104.141
104.207
104.9
105.446
106.544
106.155
105.718
106.45
106.993
105.92
105.359
108.715
107.098
106.379
106.127
106.008
107.091
109.768
110.231
109.12
108.152
107.882
107.305
107.903
108.038
107.418
106.378
105.319
105.403
102.986
101.412
103.842
103.044
100.54
99.9301
101.005
99.435
100.108
98.6681
97.9528
99.2452
99.5437
99.0209
95.8832
95.4807
96.4888
96.1873
97.1526
97.9044
98.7393
98.3527
99.7494
100.211
99.9351
100.429
101.165
101.278
103.609
104.345
102.967
102.727
103.774
105.368
106.265
108.278
106.953
107.394
109.132
111.436
108.13
107.942
108.442
108.837
109.016
108.045
106.286
104.607
104.872
103.193
101.559
102.111
102.979
104.672
103.3
100.836
99.4701
99.2792
101.54
102.14
100.901
101.067
100.422
100.587
100.024
102.024
102.029
100.886
98.3376
98.8088
96.6648
95.9154
95.1631
94.6994
96.135
95.0692
94.7516
94.192
93.099
91.3255
92.5069
91.2412
92.489
91.627
91.2621
93.9028
92.5459
89.3837
91.0128
89.4247
89.8109
89.6145
88.5581
87.6518
87.8867
88.9275
88.9791
88.5334
90.097
90.5091
92.0893
90.9052
89.9869
88.227
86.0209
84.4128
84.4142
84.3094
83.6955
83.6565
81.6016
82.215
80.8366
79.8313
81.2267
82.5974
82.3918
82.863
82.3767
84.0341
85.2955
85.8308
86.8165
86.6408
85.7994
86.3507
87.9859
86.6496
86.7846
87.1912
87.4347
86.2164
84.8281
87.0148
85.6207
86.5352
86.3355
84.8395
86.637
86.6309
87.0057
87.0672
87.5516
88.2996
89.3415
88.207
89.2719
89.3865
88.4261
88.9722
88.1659
86.5083
85.0614
85.2161
85.6094
86.8035
85.651
84.5624
85.3178
85.1416
86.3584
86.6662
87.6905
87.5028
88.5771
88.0955
87.9325
87.6144
87.7387
87.7171
88.6715
89.167
88.1179
87.4092
85.9507
85.9698
86.6244
88.5311
87.3215
87.6363
87.9515
87.6912
87.2951
87.3571
87.9473
87.9849
86.647
85.7188
86.8246
86.6012
85.637
86.8055
84.9559
83.665
84.1637
84.03
83.6787
83.1243
83.6307
84.0314
84.3207
82.9232
83.4265
83.7723
80.472
78.2541
78.4611
79.9347
80.1744
80.6074
80.5121
80.3497
80.3015
79.1594
79.8864
79.7809
79.6708
81.2654
79.098
77.6857
77.6266
78.7493
76.9107
76.5335
76.0008
77.6098
77.1593
76.9115
75.7332
77.575
77.3926
77.7651
78.3782
78.231
79.1519
77.3477
77.4505
77.5656
77.7987
79.0467
78.961
79.365
80.2965
80.2226
80.9218
80.9277
80.5281
79.1531
78.9856
78.7607
77.0657
77.2073
77.8302
79.0211
78.7864
80.4278
82.5106
82.8075
82.0992
83.3241
81.4995
81.803
82.1831
82.6394
82.7443
84.1249
82.7537
82.1495
83.0921
82.4682
83.4085
81.5733
83.5448
86.5032
86.8084
87.9767
88.1831
88.0291
88.5688
89.6948
88.8628
87.6916
88.1091
88.5726
89.7669
90.6115
90.8899
89.407
90.368
89.7152
88.7696
88.885
88.8784
89.5507
88.1899
85.4554
86.1028
88.1185
87.4535
88.2803
91.7784
92.6675
91.697
91.6618
91.357
92.0953
91.0595
92.0292
92.4192
90.8098
92.9472
94.8402
93.7877
93.9634
95.2211
94.7256
94.231
95.2529
94.7639
95.1046
94.3418
92.2121
91.6607
91.0249
92.32
91.5758
92.249
91.4601
90.7367
89.4913
88.0954
87.8409
87.5388
86.1912
85.7587
85.7062
84.9004
83.9613
85.1747
86.0522
85.8238
88.4535
88.1501
86.8086
87.3836
87.4212
87.2326
87.8275
87.3523
87.526
88.6705
89.9078
89.7614
87.3843
87.2797
90.5662
89.82
89.6394
89.8875
90.7519
90.7829
92.4398
93.3345
93.5959
93.8796
94.3809
95.0002
96.555
97.709
98.0822
98.2209
97.1437
97.6737
98.4208
98.1052
97.9981
97.7964
97.6265
95.5755
93.7686
96.6489
97.0766
98.4403
96.3268
97.0516
97.1682
98.0169
97.4945
99.8858
99.9169
98.3952
98.4691
98.6703
100.183
100.261
99.1116
96.0993
96.248
96.0711
98.4587
96.7901
95.982
93.7422
92.4115
88.4151
87.2881
88.1857
87.7432
88.9083
87.9693
86.2627
86.5509
84.1153
85.3585
84.3015
83.7521
83.1554
82.361
82.7974
82.9638
82.084
81.7025
81.3595
81.6282
82.253
82.7666
82.2035
82.7899
81.1516
81.137
79.5763
78.2734
77.1751
77.3913
76.6161
78.2285
78.8125
78.0609
77.206
78.2195
77.9697
79.9849
80.6875
80.727
80.9738
81.1072
80.853
82.6431
81.2363
81.5563
81.3846
82.2297
82.1818
84.5209
82.4577
81.7698
81.3704
81.1672
80.8463
79.5529
79.2492
79.032
79.1768
78.7432
77.9941
77.3357
77.8272
78.6217
77.7547
78.4952
80.0696
81.143
81.0496
80.9088
82.8187
84.2851
85.6432
86.4029
87.8289
88.8656
88.3857
88.3983
87.6389
89.1752
88.7429
88.5942
90.0261
89.3058
89.468
89.7693
88.8126
89.0265
87.4067
87.5203
88.4492
87.2804
85.8987
88.8511
89.9157
89.8687
89.6435
90.6546
90.8001
91.5593
91.5951
94.2256
95.6517
95.4609
96.2016
94.5506
95.0307
93.7097
93.919
95.1713
95.598
96.1494
96.7508
98.1401
95.0729
94.8878
95.2209
94.7094
95.491
96.4709
95.6631
95.2144
94.3369
93.8596
92.1952
92.0134
90.9128
91.5707
90.1021
91.0367
90.292
