101.107
99.579
98.2702
98.7338
99.2751
98.0865
97.5461
96.8027
95.2558
95.6211
96.8046
95.6837
97.1632
99.3917
98.2274
98.2872
96.9019
98.9461
97.9091
97.85
97.7735
98.349
97.6488
98.6901
98.7643
100.122
103.626
102.947
102.089
101.824
101.987
103.112
102.678
101.341
101.592
102.407
103.144
102.569
104.995
105.77
106.449
104.944
106.117
107.491
108.038
111.203
111.762
113.842
114.124
114.626
114.562
112.628
110.736
109.542
110.051
110.601
109.958
109.498
109.272
108.038
107.329
108.862
110.74
110.816
109.872
108.963
107.914
107.972
110.145
111.127
112.236
113.078
112.697
113.996
112.449
112.941
112.391
111.499
112.25
111.731
112.922
114.54
113.485
115.236
115.714
115.494
116.979
117.117
115.152
114.956
114.854
114.527
115.075
114.502
115.019
111.852
111.046
110.146
112.162
114.26
116.649
117.398
116.341
117.132
113.329
114.512
114.755
112.273
113.432
112.936
112.7
114.367
112.436
112.758
112.72
111.054
111.806
112.292
111.504
112.937
113.062
111.384
111.986
110.778
109.201
107.582
107.432
107.892
107.683
107.588
107.148
107.719
106.643
108.697
106.438
107.07
107.536
110.159
110.891
108.531
109.608
110.096
109.567
109.101
109.808
108.279
107.333
106.219
106.123
107.986
110.576
109.788
106.974
107.802
106.679
106.35
106.422
109.747
109.622
109.125
106.298
105.272
106.123
102.469
101.499
99.2683
98.025
98.52
100.676
98.5958
99.1827
102.01
104.562
104.061
104.204
102.936
100.425
99.7404
102.348
101.201
102.891
103.374
101.722
101.383
99.954
100.497
101.199
102.628
102.1
104.067
103.402
101.504
103.217
99.7438
102.068
101.62
101.721
100.477
101.7
102.551
103.59
102.826
103.424
105.048
104.997
103.959
103.924
104.369
102.763
102.249
102.295
102.527
104.751
106.316
104.961
103.279
102.846
101.462
100.198
100.479
101.568
101.571
101.822
101.284
102.007
99.9303
98.327
99.0175
95.7889
91.968
92.0969
91.2313
90.7949
91.1025
90.363
88.8305
88.7473
88.8129
88.6568
89.7965
89.7395
88.1871
88.5905
88.4924
88.0046
86.9295
88.3997
87.5009
87.3792
86.0258
84.8529
84.4218
84.4133
83.2894
83.2992
83.4355
82.8951
82.453
83.8673
83.0404
81.3412
80.6844
81.2778
80.8593
78.036
76.2397
76.8094
77.0205
76.6951
76.2862
75.8592
76.6466
76.7255
75.9032
75.0713
74.3831
71.4059
71.4599
71.1236
72.0479
71.9353
71.0602
70.2657
71.4464
70.6607
70.6692
71.2863
72.3782
70.8786
69.7059
69.1722
69.7891
70.7323
71.1145
71.5883
72.5005
72.5378
71.9636
70.6125
69.3804
69.5021
70.0867
70.8682
71.2655
71.7789
69.7867
69.2902
68.7437
68.373
68.505
69.4537
69.9548
68.9345
68.907
69.6854
68.9744
70.2758
69.7665
70.307
70.5064
68.7981
68.0193
68.3851
69.2715
70.5026
69.8558
69.5298
70.0899
68.472
68.5956
69.8595
69.3089
68.2393
68.7362
69.0857
69.7196
68.8536
69.1665
69.1382
69.5891
69.1531
70.0778
70.5531
68.4267
67.9164
69.3387
70.3228
70.6101
71.0135
71.1071
72.2842
72.5403
72.3485
72.9435
71.5548
71.9353
72.6277
73.1203
73.7547
73.8805
73.0606
72.469
72.9439
72.5349
73.0077
72.1578
72.5966
74.046
73.8426
74.1981
73.0125
72.2514
72.0014
71.7323
71.6625
69.9904
68.9502
69.3587
69.1815
68.9114
69.2941
68.2902
68.5456
68.6935
69.6399
69.2062
70.8077
71.8922
71.2914
69.8498
70.7867
70.2598
71.2554
71.4271
70.6448
70.3239
69.9868
70.9955
71.8969
71.4704
70.9833
71.062
69.8735
69.9649
69.9521
69.1502
68.3053
67.5501
69.2601
71.0816
72.0368
70.6399
70.6248
71.0762
71.7065
71.6114
72.0955
73.6043
75.1139
74.8204
74.9918
75.3367
76.1671
76.8962
74.6969
73.5179
72.8038
71.7542
69.4629
68.9875
69.7571
68.7173
68.4321
69.7188
68.5979
69.4186
67.9576
69.7847
69.5811
69.7936
69.7769
69.677
70.1091
68.2537
69.0033
69.0955
69.1961
69.8635
71.0256
71.4997
71.4545
71.6448
72.3607
72.4278
72.483
73.641
75.4973
75.9823
78.3984
77.1711
77.7432
78.386
79.3974
77.6453
78.749
80.6579
81.9879
83.5082
84.9462
84.1816
83.073
82.1386
83.4295
84.1433
82.7295
82.8847
81.9587
81.8563
82.3595
82.3789
82.7955
82.5772
81.3894
81.3253
82.3698
84.2537
85.2574
85.3122
85.3935
84.2134
85.3621
88.7632
87.2694
88.1573
87.9539
88.2534
89.5996
90.609
90.7362
92.5418
91.7415
92.1564
92.69
93.8903
94.5194
92.6701
92.2657
92.9635
91.5581
91.5699
91.1568
90.9464
90.2865
88.0589
88.5236
87.414
86.695
88.4259
87.9581
85.7165
87.0904
87.0305
88.364
88.1422
89.4928
88.6597
90.9652
90.6099
90.8273
89.7964
90.1318
88.7394
87.3929
88.8312
88.9132
88.3876
88.5642
89.5683
90.5285
90.9681
91.6605
93.1071
93.7759
93.4529
92.9297
95.7047
96.3627
93.6395
94.3524
92.6651
92.1656
91.2015
91.0689
90.7216
90.4301
87.759
88.1819
87.5832
88.8206
89.2853
90.3507
89.5374
90.6837
89.7274
89.0384
88.325
87.6718
86.9871
86.4993
85.4337
86.7893
85.3423
85.3842
84.402
84.4643
83.7061
81.6482
81.3305
80.0555
80.2303
81.1326
81.7476
81.9348
82.8001
81.7526
81.6106
81.7431
81.1063
82.5297
82.2365
81.9146
83.6435
82.2263
82.1404
81.5978
80.4467
81.4471
83.2635
81.5066
82.2909
