99.8012
100.108
98.0689
96.815
99.9451
101.691
103.162
103.558
103.377
102.736
104.135
104.493
105.047
107.367
109.731
111.175
109.098
109.049
108.183
106.954
108.127
106.431
107.634
108.639
106.892
106.69
106.1
107.219
106.468
105.884
107.489
108.811
108.174
107.267
107.466
108.501
109.458
110.715
110.819
109.069
105.873
105.634
104.56
105.161
105.819
108.144
109.404
109.449
109.371
107.488
108.029
110.912
110.249
108.36
108.304
108.298
108.96
110.083
110.683
112.106
111.69
113.106
114.252
115.389
115.04
112.404
110.299
110.823
112.072
114.339
114.565
114.388
117.195
117.779
115.284
116.954
117.463
118.478
118.336
119.183
120.17
121.554
123.707
122.45
123.609
123.596
123.255
122.187
119.706
118.794
118.737
119.205
118.946
118.734
119.337
120.294
119.936
118.625
117.507
118.959
118.284
118.972
119.207
119.797
117.673
119.194
118.44
117.854
117.507
118.146
115.409
116.521
117.174
114.471
115.754
115.895
113.179
112.307
112.831
113.771
113.657
113.413
115.029
116.291
117.792
116.769
114.527
113.661
114.58
116.052
119.124
119.895
119.92
118.688
119.139
119.317
121.24
122.008
123.593
124.513
124.273
126.421
127.537
125.733
127.95
127.893
128.536
129.809
128.243
126.893
125.168
127.447
128.176
127.584
129.561
130.029
132.942
133.393
133.691
133.503
133.877
134.127
133.457
132.798
130.775
130.318
131.634
132.412
134.828
136.071
138.104
136.97
136.699
134.083
133.76
132.994
133.389
133.105
134.515
133.908
134.306
135.664
135.049
133.991
136.441
134.556
134.103
133.306
131.679
132.073
130.37
129.63
130.298
132.276
133.532
135.061
135.519
132.67
133.087
133.463
133.473
134.11
132.586
130.327
130.49
130.494
131.076
130.948
129.336
131.874
131.972
133.718
129.216
129.023
127.67
127.265
126.275
124.594
123.036
121.015
121.069
121.423
121.425
119.095
119.921
120.393
122.597
123.71
124.592
123.152
125.408
126.466
124.658
122.056
119.417
123.292
124.222
122.895
121.937
122.344
121.367
120.586
121.271
121.6
120.65
120.24
122.559
123.067
122.695
125.496
125.243
124.576
123.714
122.422
125.385
128.047
128.528
125.847
125.434
125.196
124.815
123.357
124.784
124.855
123.911
125.285
126.118
127.284
128.289
127.709
129.228
129.419
126.455
125.751
122.328
122.754
121.925
122.702
120.957
120.257
121.587
122.242
121.348
124.175
123.918
124.448
127.105
128.946
128.102
125.631
128.2
130.752
132.774
134.415
133.276
128.624
126.943
127.2
128.375
127.177
124.957
124.236
123.29
122.528
120.891
121.397
120.845
119.395
120.306
120.429
118.981
118.58
116.887
116.229
115.487
117.42
117.25
112.747
113.289
114.975
114.242
112.489
112.365
112.915
113.582
111.056
112.119
111.683
113.285
111.59
112.711
112.64
115.398
116.665
117.896
117.756
116.647
118.019
118.398
121.188
120.305
121.225
121.112
119.19
120.246
119.92
121.202
118.981
118.909
120.02
118.819
118.964
117.205
115.68
113.649
113.664
114.728
115.062
115.293
117.718
117.9
118.3
118.972
119.963
119.94
120.507
120.432
120.67
123.914
125.104
125.724
124.402
124.025
126.077
122.652
122.23
122.166
123.627
123.465
124.823
126.433
124.867
125.074
121.985
122.775
124.203
125.04
124.951
126.679
127.57
129.996
128.45
128.068
128.936
128.93
127.745
127.678
127.456
125.993
123.361
124.757
125.983
125.58
127.26
127.265
127.524
129.845
130.487
133.556
133.57
134.509
131.452
128.039
127.986
129.413
129.445
129.587
128.957
128.928
129.395
125.429
125.039
124.47
122.69
124.326
122.329
117.797
118.278
117.508
118.95
118.179
116.878
119.147
119.613
118.626
117.481
117.85
116.542
119.014
119.21
118.452
119.091
120.675
121.625
122.325
122.356
121.893
121.612
120.768
118.869
118.16
121.026
120.461
120.551
119.917
118.509
117.74
116.466
116.642
118.938
118.579
116.309
114.356
115.576
113.68
116.305
116.924
117.49
116.169
115.279
115.811
115.124
116.134
116.272
119.406
119.658
116.333
113.577
113.427
113.911
112.19
111.502
110.861
110.597
110.088
109.634
112.511
111.839
109.995
109.982
111.886
111.915
111.333
112.346
111.236
110.384
110.063
107.144
106.035
105.979
107.867
107.443
108.708
106.988
103.267
102.18
101.15
101.104
99.4906
99.0346
98.4541
98.3155
99.2476
99.8721
101.388
103.506
104.354
103.315
102.661
103.818
101.585
101.24
105.837
106.246
104.652
101.637
101.989
102.672
103.219
100.508
100.244
101.021
99.9383
101.108
99.0826
97.6802
97.0619
99.3207
97.1877
96.8588
97.001
97.2464
96.6099
95.6385
96.1662
96.9311
95.0919
94.8545
95.3547
96.2162
95.0067
95.9044
97.4425
96.3961
95.8909
93.2494
94.7355
94.9493
95.0243
96.1101
95.3016
97.3521
98.9837
99.5984
97.92
98.1944
97.6364
99.6407
97.4703
98.8366
97.7205
98.4045
97.3151
97.2919
99.0094
100.433
101.107
102.891
102.26
103.86
104.615
104.148
102.985
103.829
105.733
106.686
109.534
109.174
109.394
112.469
112.893
112.822
112.298
111.633
110.983
112.915
112.399
113.69
113.314
113.578
