98.2594
98.6488
97.8365
97.7274
95.709
95.9217
96.9517
96.9796
97.4878
97.4864
98.2745
97.71
94.8203
94.9732
94.2568
94.5562
94.6622
96.8543
96.9328
96.7101
97.3315
97.4715
97.3672
95.9944
95.2841
93.6828
92.8675
93.4606
93.5493
93.3687
92.8499
94.572
94.6746
93.845
93.718
93.4267
94.0412
94.1336
93.5864
94.0627
94.6031
95.5241
96.2679
97.5013
99.8611
100.841
102.225
101.789
102.569
100.169
99.0405
98.1823
99.7293
97.7814
98.6857
97.626
98.6157
97.7081
97.8447
97.8291
96.7528
99.1643
98.796
98.4336
96.5698
97.02
96.1445
96.1139
95.0524
94.0866
93.2441
92.996
94.2906
93.0135
93.1312
94.4285
94.8421
94.5956
95.1252
94.2879
94.3361
93.9359
92.1678
92.6327
91.6151
91.2239
90.5492
89.9005
91.2866
93.5646
94.1457
96.1302
97.0922
97.8599
99.5253
98.8352
98.5805
102.944
102.162
102.355
103.083
102.733
100.891
101.973
102.722
103.853
103.52
102.737
104.022
106.335
104.674
104.35
103.294
101.302
103.324
103.793
104.559
103.533
104.696
103.609
103.317
105.436
105.283
108.094
108.793
109.942
109.57
108.343
108.196
108.809
107.971
106.654
108.191
111.944
113.962
114.375
112.148
110.263
108.502
108.187
106.507
108.704
107.299
106.776
108.319
105.016
104.855
105.302
104.839
105.411
101.771
101.357
101.081
101.324
99.6502
99.7672
101.492
103.539
105.788
105.123
103.708
103.468
105.099
108.406
108.947
108.231
107.541
107.567
107.508
106.597
106.029
105.359
106.742
105.201
105.421
104.69
106.2
107.296
107.746
108.838
110.844
110.192
111.501
112.536
109.727
107.885
109.893
109.558
107.711
107.496
107.604
108.064
110.008
110.749
109.808
109.082
106.638
107.934
108.362
107.584
106.923
107.469
107.86
108.136
107.817
107.595
106.448
106.655
107.906
106.239
107.357
110.364
109.714
109.595
111.944
108.413
108.846
111.193
110.946
111.481
111.777
111.173
110.322
112.132
111.718
112.891
111.456
109.694
106.632
106.186
106.285
105.865
105.939
106.184
106.82
104.394
104.757
103.455
102.47
102.24
102.747
102.593
103.08
102.249
102.225
99.5785
97.8553
98.8097
100.408
102.918
101.952
101.21
101.186
101.363
101.074
102.085
99.5092
98.9754
99.3663
99.4458
98.133
97.854
97.2655
96.1156
94.3765
95.2208
95.4771
95.06
95.9107
94.3572
94.4764
91.832
90.4908
89.7479
88.7978
90.484
92.7138
92.2477
93.1838
92.4977
92.5574
94.4163
95.3279
95.9589
96.9824
98.8748
98.8753
96.3221
99.7074
97.5747
97.5616
97.8882
97.7404
97.1587
97.8012
97.852
98.7405
98.8152
99.1374
101.185
103.078
104.212
103.617
100.941
100.661
100.704
99.0222
99.6208
101.846
102.458
103.611
103.741
102.405
103.364
103.525
101.033
102.19
103.63
102.851
103.896
104.951
105.724
107.276
107.588
106.667
110.137
106.872
104.554
102.005
102.383
102.699
104.02
103.673
104.135
104.778
104.471
103.782
102.309
101.841
101.57
103.222
102.062
101.725
102.931
102.304
102.158
103.599
104.614
104.906
107.702
108.203
106.265
107.061
106.447
106.73
104.757
105.315
105.28
105.395
105.937
105.809
104.187
105.646
106.961
107.212
109.234
110.88
110.29
109.534
106.12
106.953
105.066
106.36
108.478
109.168
109.256
109.691
111.382
112.256
112.199
110.78
108.603
107.427
107.353
107.44
108.442
109.073
110.171
112.437
114.204
115.996
114.547
117.095
118.954
120.01
120.779
121.576
121.468
120.194
119.662
119.255
120.568
119.826
120.33
123.342
123.632
127.135
128.372
130.705
127.664
127.406
125.915
125.29
127.094
124.331
125.52
123.669
122.703
121.344
121.709
122.78
122.276
119.872
119.81
119.58
119.103
118.372
121.156
119.618
120.605
122.493
121.657
123.602
123.058
122.585
123.773
125.388
125.054
127.464
125.356
124.085
121.828
120.571
119.605
118.111
117.114
117.011
115.94
114.09
111.01
108.368
106.737
105.73
105.028
104.469
100.012
99.5449
100.56
100.209
99.6483
99.2957
99.1873
99.1037
99.1527
97.9326
99.1579
98.5
99.1623
98.0811
99.1027
99.1311
101.487
100.928
100.132
102.385
103.774
101.436
101.066
101.692
102.498
103.401
102.61
103.334
104.6
103.155
102.577
102.353
103.242
100.718
100.187
99.7502
98.613
97.6629
98.5167
98.7849
99.6966
99.1906
101.437
100.41
100.792
101.056
100.211
101.409
104.158
103.242
105.962
107.026
105.829
105.029
104.964
106.959
108.115
110.181
109.626
108.797
111.227
111.353
111.684
110.664
113.055
110.989
109.966
111.751
110.31
111.013
113.674
113.897
112.749
113.878
112.35
112.98
111.907
114.271
113.301
113.158
109.842
112.887
112.865
114.978
115.094
114.845
114.947
117.517
117.09
117.306
118.807
120.783
122.296
119.143
117.689
119.149
117.711
119.043
119.81
119.239
119.67
119.14
119.984
120.665
121.634
122.418
122.626
122.514
122.946
123.716
124.134
124.042
126.419
128.09
130.263
129.619
131.416
130.055
130.426
129.716
128.455
124.738
125.201
125.709
124.987
125.17
125.194
120.416
120.67
123.464
121.694
121.781
120.47
120.421
120.554
123.185
122.508
123.942
121.991
122.747
120.714
122.569
123.079
120.64
122.511
