98.322
99.0324
98.8258
98.1621
98.5348
98.7942
99.2125
98.4704
97.4351
95.8416
94.917
92.3557
92.5697
90.6926
90.5146
90.5348
89.5028
89.9762
89.9846
89.6574
88.0643
87.9515
86.852
86.7378
86.1261
85.4312
83.2468
84.4316
84.4192
85.869
85.3802
84.704
83.0883
83.8916
83.3008
84.8091
84.8524
84.6346
85.1607
83.5191
83.0312
82.7259
83.1524
81.5242
80.0731
81.5066
81.1946
80.7448
82.4809
82.7544
82.0419
80.879
80.9712
80.0371
80.5932
80.0208
80.8105
82.4064
84.107
84.6808
83.7108
83.2328
84.6148
84.5265
83.6846
82.2778
82.8721
81.5907
81.2549
81.3551
83.322
82.8845
80.5566
81.1143
79.8942
79.9922
79.1895
80.2747
79.4155
79.6263
79.4031
78.9515
78.4816
78.1585
78.5056
78.7749
80.5526
82.6807
82.3532
81.9179
83.0144
82.5041
83.0467
83.0569
83.8497
83.1559
83.0224
83.9151
84.6213
85.547
85.8508
86.1613
87.1766
87.1695
86.4636
87.0346
88.5489
88.679
88.8113
86.9516
87.445
85.8366
84.94
83.2296
83.1796
82.9905
83.5507
83.858
83.0213
81.7032
81.3655
81.4242
80.7525
80.207
78.8436
79.5218
77.3401
79.1923
78.7134
77.7169
78.4032
77.9386
78.4614
78.3544
78.6184
79.5655
80.5974
78.9746
78.1608
77.0965
76.1295
76.7067
77.5695
79.0582
79.5855
80.5972
81.3234
82.0494
82.3291
82.6898
82.2503
83.7043
83.5654
82.939
83.6032
82.361
81.3723
81.4902
82.0267
83.6161
82.7581
81.9243
83.7128
84.8239
82.6774
82.29
82.6014
81.3694
81.3734
80.1116
80.6368
78.4059
78.2761
78.7967
80.1047
79.6697
81.0078
82.2567
82.184
81.6131
80.4962
80.2628
80.8424
78.7982
78.2666
77.6075
78.8153
79.9487
80.7412
80.2266
81.5057
81.4377
81.0453
83.2829
85.5756
86.9045
86.9789
85.9174
88.4462
90.4236
89.3798
90.8095
89.834
88.4065
87.6735
89.076
89.2028
88.5741
88.854
86.7174
84.7839
83.9373
83.8103
84.7724
85.4664
85.2891
86.3293
87.4078
88.3275
87.4894
86.798
85.6776
83.9932
82.9101
83.9231
84.0942
85.0251
85.0636
83.8083
84.6164
84.5045
85.3561
87.6083
85.994
85.1812
83.5145
84.6759
84.9503
83.931
84.9085
84.7247
84.284
85.5021
85.131
86.3162
86.0342
85.1375
84.721
85.0983
84.2174
82.8602
81.8114
80.5124
81.7045
84.4548
84.1344
83.2492
82.7542
81.8465
82.4989
81.3302
81.4292
82.5896
82.3094
81.8634
82.7249
83.1393
82.898
83.2302
82.4605
81.2023
81.0505
80.0308
81.0241
82.1597
83.0297
81.7476
82.5347
81.6886
80.4544
83.3254
81.612
80.8663
81.6354
81.127
80.8295
78.4294
78.3739
77.3679
78.4463
79.1977
77.3141
78.288
77.7417
76.7959
79.9565
78.9123
79.3417
78.3114
78.6646
80.495
78.695
79.656
78.5319
79.1325
79.4548
77.5985
77.6142
77.597
78.5051
78.0319
79.0367
80.9141
81.538
82.159
81.9474
82.3434
80.0696
79.5341
77.8338
78.133
80.4758
79.9364
82.3207
82.3282
83.3951
83.9665
85.307
84.3828
84.1366
82.3154
82.2934
82.8183
82.7605
83.1479
83.4894
81.4287
80.7164
81.5338
82.482
82.7192
82.1198
81.0266
81.256
82.4471
82.6469
82.5897
82.0645
82.5898
81.2665
82.5741
81.9306
81.1827
80.9732
81.4703
82.8341
81.4266
83.2718
83.9176
84.0434
85.0139
86.5062
88.0244
88.9763
87.807
86.9616
86.838
86.1412
84.8123
85.0533
85.2777
84.7973
85.191
83.9205
84.1507
82.9521
82.0507
82.4715
82.3181
83.0261
84.1531
84.5579
82.7147
83.6666
82.9872
83.7042
84.077
85.2011
85.1612
83.6674
83.2789
82.6032
82.3758
82.3309
81.3515
81.4968
82.3255
81.9681
79.9552
79.807
79.8781
80.6052
80.5104
79.5422
80.589
82.0589
82.0977
81.6313
80.719
80.2551
81.745
79.9878
80.6836
80.2928
81.8623
83.3296
80.7619
81.6937
79.6598
79.8671
81.7496
81.2687
81.2449
79.7184
78.1591
79.6294
80.6953
79.3204
78.6372
78.3561
78.5791
77.19
77.3314
76.6782
77.8
78.2484
79.1778
79.5664
79.7863
80.5019
79.2004
80.5353
80.4776
80.2717
82.1082
81.9186
82.7891
83.7865
83.9484
82.9509
83.1838
84.3917
83.2263
82.89
82.6428
84.2445
83.2454
84.2426
82.5801
81.55
81.0062
80.7491
82.6046
81.7596
83.2169
83.3964
83.681
85.4283
85.8047
86.4086
87.2843
86.3411
86.0817
87.224
86.8441
85.7673
85.7146
84.5923
84.4783
84.0696
83.3379
83.4679
83.9463
84.7602
85.6185
87.0718
89.7676
86.9946
86.7913
85.9773
85.9592
86.9169
87.1969
87.105
88.3697
89.2724
87.2238
85.5712
85.3454
85.6208
85.3613
84.8611
85.9246
85.9735
84.113
84.3625
83.2774
81.9775
81.7371
81.1822
80.969
80.5594
79.3169
81.2243
82.4408
82.2346
82.4189
82.8382
81.1711
81.5719
81.3696
80.787
80.5883
79.8474
79.6307
78.8664
78.9216
78.3326
79.2769
80.5898
80.9529
81.27
81.1555
82.0135
85.5339
87.5372
85.9545
85.998
87.7946
87.6165
87.1528
85.4786
85.245
85.9021
84.7379
85.8006
87.4148
85.7177
85.1885
85.1043
85.0713
84.2478
85.0994
84.6228
84.4362
86.3488
84.9507
86.0434
86.6885
87.5957
85.5834
84.1643
85.1311
86.8514
86.1188
87.2048
87.1092
87.6125
87.5399
88.5066
87.3253
87.9071
86.2906
85.9531
85.7706
89.0357
88.3659
88.9032
87.7815
89.6428
90.6138
92.617
94.2952
93.6326
92.2709
91.5105
90.5408
92.8131
92.4381
93.5743
93.6927
95.4331
97.0701
98.2012
97.9976
96.7625
97.7301
95.047
96.4027
97.1991
