99.7043
100.517
100.515
100.85
100.537
99.7189
98.1038
95.4424
95.9395
94.8071
95.0313
96.2895
96.0488
95.3908
95.6491
96.0214
96.7321
96.5375
96.1856
97.2129
95.7869
96.1408
95.9784
96.9502
97.9187
95.658
95.3616
96.0748
94.8854
93.6538
94.9626
93.9627
94.319
95.3697
95.6058
94.8195
95.2286
95.6322
95.7969
94.9787
96.8594
95.5414
96.4912
96.0412
95.6618
94.5872
94.6525
95.0907
96.3947
95.7076
97.7572
98.1479
96.7024
97.6718
98.9735
98.0642
97.8897
96.8695
96.7566
97.2663
96.3227
96.829
97.6985
96.8423
96.5023
97.3704
97.4334
95.8716
95.2273
95.9754
98.0723
100.233
99.8306
101.813
101.776
102.689
100.152
97.783
95.7602
94.5538
94.755
94.8755
94.7272
93.5423
94.1492
94.1126
95.7554
96.2689
95.4592
94.8668
93.1055
92.5777
91.5598
93.1091
92.1356
90.278
89.6026
88.1333
86.0605
85.5667
85.5152
86.4882
87.6187
86.8276
86.5378
87.3573
88.9464
88.0314
85.6711
86.0723
87.1059
88.2309
88.8548
88.649
88.2366
88.831
88.9624
89.8824
89.7989
88.8753
88.4008
88.1484
88.8269
90.1779
90.4476
90.2786
91.2006
89.1181
89.8846
88.3231
89.039
89.3448
87.1332
87.0821
84.7805
84.8774
83.6461
85.1529
85.5971
86.4829
85.0264
85.8201
85.8264
85.8903
85.4199
83.6509
82.0856
79.6945
78.8714
78.9665
79.8395
79.7314
78.7946
79.1038
77.6425
77.8946
77.6688
75.8908
74.203
74.6356
75.5006
74.5825
74.256
74.3712
73.9682
74.7702
74.9629
74.3465
74.9879
75.7296
75.9038
75.4281
75.3694
75.4227
75.6118
76.0146
75.3987
77.4459
76.514
76.4283
75.2659
74.9912
75.5936
76.5508
76.5372
75.524
75.0748
74.1548
75.4373
76.0055
76.4079
76.4458
74.0278
75.2905
76.9179
78.0487
78.2105
77.4392
78.2879
78.1499
76.0683
76.2576
76.1011
78.1397
79.3194
79.4219
80.4235
80.5491
78.3145
79.6172
78.2751
76.9386
77.9587
78.2878
77.2234
76.9509
78.1023
79.2369
78.8724
78.0542
78.1097
79.0288
79.5758
79.9133
81.2161
81.482
80.1185
81.8795
81.4016
82.6196
82.5251
81.6119
81.6877
82.1641
83.3151
81.7018
81.7909
82.1681
80.6257
81.746
83.1469
81.7023
80.1249
80.7382
81.5185
80.2257
81.6278
80.3908
79.3432
79.1882
78.5338
77.9403
78.3153
77.9929
79.1768
77.3947
77.5715
76.0108
77.0945
78.0764
77.813
77.9676
80.1615
80.3132
80.6578
80.212
80.3019
81.1911
81.1849
82.7003
82.6919
81.9093
84.3344
81.7756
81.7838
83.4482
82.8693
83.5137
82.096
82.4412
78.458
79.6759
77.6446
77.5917
77.5944
77.4328
78.2784
78.5495
79.0462
77.7836
77.0229
75.2994
74.8306
74.734
74.7902
74.8384
74.7432
73.1839
73.3333
71.7808
69.6361
69.5418
70.5983
70.361
70.8382
71.8054
71.3785
70.7262
71.6957
71.5627
70.3519
71.255
72.1276
70.818
72.5017
73.273
73.9183
74.5612
74.1906
74.4441
74.2737
75.1791
75.0461
74.8131
74.8325
76.7944
75.2569
77.2099
76.9498
76.6318
77.9334
79.6184
78.9098
77.1432
76.6021
77.2467
78.2025
78.5066
78.4469
77.1691
76.9794
78.4592
78.5926
79.2891
79.5928
79.6824
79.2265
79.7124
80.5351
80.9797
81.8787
83.1239
84.043
81.9682
83.2754
83.8117
83.7803
84.2097
83.5203
82.2745
83.9533
82.6283
82.385
83.5313
84.3738
84.4869
85.4857
84.5301
83.6861
83.0749
80.7081
81.1181
82.2535
83.321
85.4853
85.5429
86.2852
86.2804
86.5505
85.819
85.4891
85.1631
85.5125
86.4472
85.8471
86.1261
86.3351
86.9082
85.6855
86.3508
85.6488
85.0196
84.5081
87.1004
85.2272
86.0976
86.9903
85.7025
84.9771
84.5284
85.0596
85.3318
85.1923
86.383
84.8824
84.4528
84.6219
83.8896
83.3701
83.634
82.6485
82.0361
82.0142
80.6363
81.4747
82.2732
81.6591
81.5543
81.2477
80.5443
80.3783
79.1676
79.4486
79.0943
80.1572
81.3881
82.1708
82.0768
80.1946
80.5672
79.1019
78.9366
80.8271
79.7505
79.901
79.2689
80.14
81.2571
81.5905
82.1362
82.9381
82.6193
83.1276
83.2793
82.8735
81.8336
83.3326
84.2775
83.5895
85.0965
85.2224
85.2836
85.7998
83.9037
85.0207
86.1852
86.8963
84.6089
82.9848
82.9394
82.3282
81.8052
80.9457
81.2276
80.3099
82.2708
80.3857
81.0756
80.2177
81.0753
79.3694
80.3798
78.4038
80.0394
80.3453
80.5803
79.6116
80.0418
81.3401
82.1587
82.7857
82.1288
82.1153
81.6374
82.0831
82.2533
84.5838
84.6597
84.8517
85.6762
85.5002
86.0787
86.5819
86.7878
86.8448
88.3261
87.3284
88.5595
87.3704
86.037
84.4708
83.667
82.6427
83.3619
84.6445
85.9645
84.3692
84.6347
84.9833
84.4738
83.7574
84.9593
85.1848
83.7662
82.5443
82.7164
82.7418
84.1519
85.3288
85.8361
85.4233
85.4577
85.1881
86.0076
87.4393
87.2922
88.1394
88.7929
88.4561
88.6247
88.8159
89.5975
90.1879
91.4219
91.1722
90.328
87.3229
87.9112
86.5221
87.2472
87.2372
88.7017
88.9241
88.1034
89.0623
87.9411
88.1852
84.7642
83.2632
83.8412
83.2966
84.2801
82.3816
81.484
79.2686
78.993
80.0651
80.0537
79.3967
78.8579
79.2466
80.4499
80.2736
79.9045
79.7825
79.8385
81.2577
82.2853
83.4639
81.6649
82.9113
82.1195
81.8868
82.2713
80.7897
81.1354
81.0339
82.1904
82.3411
82.2766
80.6375
78.4565
80.8196
79.1408
79.4051
79.1413
78.5704
77.9254
76.3622
75.5951
76.5495
76.7201
76.7949
76.7755
77.4291
77.7142
77.6563
78.0468
77.6664
77.6399
