100.783
100.225
99.985
102.535
105.065
102.448
103.728
103.62
100.006
100.319
100.612
101.567
103.566
105.777
105.14
107.157
107.804
109.424
108.154
107.227
106.272
106.697
105.769
103.64
103.718
105.494
107.87
106.801
107.931
109.756
112.137
110.722
112.588
113.004
114.333
115.999
116.156
115.672
114.757
114.215
114.705
114.964
114.853
114.765
111.855
114.508
117.598
117.706
117.912
117.525
116.019
118.723
118.2
120.219
118.206
119.006
116.048
114.528
114.443
112.602
111.98
111.954
111.38
110.164
110.679
109.933
110.747
109.649
111.584
111.547
111.792
109.908
108.956
110.382
108.724
108.666
105.423
106.342
107.511
112.285
114.097
113.12
113.709
113.132
114.609
115.263
115.49
114.599
111.455
108.176
107.624
107.908
110.252
109.606
110.204
110.399
111.25
110.832
109.097
108.197
107.251
105.611
107.395
107.72
108.078
107.016
107.692
109.816
109.726
111.348
113.111
114.199
114.976
115.466
113.383
112.323
112.593
112.89
113.455
115.131
116.171
118.338
119.207
120.795
120.613
120.624
121.73
124.644
123.267
121.933
122.632
122.763
121.409
119.568
121.397
120.378
121.092
120.633
120.46
119.774
119.217
119.377
118.155
115.499
112.64
114.905
115.964
117.436
117.318
116.946
118.282
121.165
121.203
120.833
120.191
121.224
123.357
124.04
123.398
125.558
124.125
124.571
121.042
122.615
122.612
124.804
124.59
119.956
119.366
118.929
116.018
115.722
113.237
112.512
112.651
108.142
109.094
109.102
108.294
108.475
108.488
110.3
110.088
109.721
106.908
103.541
101.112
101.258
99.8898
98.547
93.3549
92.4562
93.9039
95.5866
94.774
93.8403
93.3269
94.6836
94.8607
94.5651
95.191
94.2007
95.4067
95.8523
96.84
98.3852
97.9289
97.6436
99.0391
98.7473
100.707
103.326
103.811
103.333
101.926
101.633
101.951
103.088
104.378
103.723
103.553
102.167
101.203
100.418
101.198
102.982
103.941
103.382
105.014
105.963
107.614
108.313
109.937
108.669
106.435
106.358
105.913
107.956
109.358
106.359
110.156
109.451
109.362
110.609
109.726
108.511
109.908
111.366
111.479
110.198
110.54
109.187
109.371
110.239
108.153
109.02
108.736
109.143
110.467
110.407
111.57
108.796
108.196
106.715
107.628
109.3
110.896
112.99
114.105
113.991
113.985
113.039
112.859
112.591
113.041
112.393
109.377
108.454
109.475
109.578
111.442
111.188
110.192
110.226
109.534
106.106
106.693
108.151
107.69
109.579
111.301
111.685
111.93
113.544
114.725
115.654
116.083
114.352
113.05
114.17
112.923
113.877
113.268
113.924
116.609
117.316
119.78
120.431
118.608
118.598
120.236
120.089
119.686
117.422
119.064
120.835
119.934
122.322
123.551
122.3
123.164
123.026
121.642
121.506
121.292
120.427
120.219
119.186
120.874
120.937
120.462
121.115
119.005
119.438
116.018
116.197
117.195
118.617
118.717
117.891
116.902
116.865
115.629
116.342
117.023
116.997
119.804
120.157
120.994
123.95
126.443
127.075
126.962
127.62
131.016
127.867
126.617
127.894
127.493
127.052
127.013
126.896
126.026
127.061
127.439
127.694
130.503
130.656
134.421
138.462
141.358
140.255
142.364
145.755
148.572
148.078
145.743
142.896
142.584
142.587
144.457
143.254
143.413
146.986
149.144
150.102
149.138
147.435
148.192
148.891
148.806
149.239
151.484
149.726
148.606
146.302
143.512
145.006
143.013
141.248
142.504
143.623
143.555
142.484
142.952
144.109
145.215
145.533
145.957
149.277
149.967
151.534
152.08
150.659
149.782
149.432
149.919
149.078
149.697
153.873
153.832
151.857
150.602
152.461
153.72
154.022
158.149
155.009
155.156
156.144
156.686
155.966
158.278
156.765
155.645
156.186
156.543
153.973
153.221
157.627
158.839
157.967
160.939
159.988
160.32
160.451
159.763
158.99
156.72
155.661
157.903
155.574
159.373
157.102
158.627
159.704
160.938
158.456
156.324
155.201
152.39
152.316
150.412
152.793
152.213
152.127
151.035
147.405
148.356
147.15
148.004
147.406
149.103
148.494
150.118
149.004
149.556
149.659
152.299
152.273
154.384
155.697
155.387
155.165
155.567
152.868
153.06
151.106
151.592
152.379
150.861
154.065
155.215
153.327
152.592
154.07
150.628
152.355
153.694
154.95
152.616
156.426
154.052
150.077
151.893
151.445
151.258
147.943
149.914
151.72
152.576
154.194
157.747
156.283
158.499
157.421
155.505
154.826
155.874
160.117
158.752
158.674
158.471
158.607
156.213
156.852
156.709
152.969
150.627
151.082
153.019
152.72
155.529
153.168
151.388
154.257
153.739
152.41
151.6
152.057
151.136
150.505
151.661
149.154
148.616
144.947
142.594
145.907
143.217
142.084
145.323
144.923
146.551
147.219
144.915
147.96
149.095
147.68
147.687
147.479
148.875
147.798
149.405
150.631
149.953
151.965
151.73
150.502
149.248
149.235
147.138
146.753
150.262
149.685
146.366
146.525
148.522
146.73
146.716
147.657
150.389
153.609
153.848
154.478
154.464
154.228
154.868
152.218
153.27
156.941
155.785
154.966
153.42
154.022
152.958
153.422
154.007
152.824
151.655
152.554
