101.426
103.737
104.785
104.307
105.342
105.255
104.701
103.817
103.536
103.604
104.875
105.565
107.452
105.857
104.764
104.407
105.821
107.643
106.99
106.146
106.031
105.17
104.103
104.36
104.012
102.928
101.827
100.435
100.156
99.3247
101.149
100.852
99.0455
98.6315
99.631
98.2253
100.01
100.978
102.827
102.944
104.771
107.674
107.542
107.017
107.535
107.71
108.06
108.874
110.321
113.575
112.491
111.746
111.986
112.212
113.359
115.063
115.125
114.469
114.604
112.925
110.944
109.242
106.035
108.762
105.99
107.043
107.745
105.86
107.61
107.676
107.361
106.936
107.673
107.62
108.761
111.041
109.96
111.018
110.937
109.795
110.799
110.779
111.378
113.052
111.019
112.725
113.891
111.558
112.74
115.789
117.617
117.863
118.118
117.984
120.539
119.278
120.072
121.481
121.196
123.524
121.877
125.121
125.505
127.26
126.796
125.139
125.079
123.687
123.656
125.371
127.637
126.495
121.909
123.202
121.716
120.515
122.203
118.117
118.995
117.283
115.914
117.664
118.072
119.03
118.674
120.117
119.637
118.033
118.153
118.563
120.08
120.673
118.264
115.98
116.001
116.331
114.091
116.512
116.375
117.762
117.443
114.404
112.327
112.042
111.946
112.234
112.658
114.828
115.758
116.154
118.341
119.822
121.086
120.355
120.659
118.053
117.49
118.111
119.871
118.055
118.345
116.867
119.07
121.29
121.437
121.97
124.16
123.885
123.919
122.795
120.507
124.287
125.071
124.063
124.537
125.402
127.141
126.622
127.442
126.227
126.996
128.572
128.195
126.5
125.735
127.424
129.134
129.412
128.993
128.194
128.418
125.228
123.827
122.48
123.485
125.416
125.355
127.844
128.478
127.653
128.322
128.789
126.95
126.205
130.504
124.749
124.907
127.244
128.402
126.434
126.809
124.652
124.078
124.346
123.414
121.301
124.947
125.035
125.383
124.905
126.585
126.205
126.301
125.513
124.775
125.109
125.779
124.385
122.334
122.127
125.248
126.203
125.683
121.82
119.562
120.097
119.524
119.054
118.8
117.755
117.097
116.683
115.772
115.681
116.119
116.523
118.969
119.269
119.521
122.14
119.943
118.501
117.203
116.59
118.411
116.724
116.155
115.151
117.207
115.84
114.953
116.68
119.782
118.946
117.388
116.725
116.189
116.001
118.131
117.219
113.684
112.887
115.309
116.272
117.308
116.917
116.962
116.105
116.945
115.268
114.604
113.415
113.677
112.409
111.502
113.348
115.219
113.89
114.624
114.216
115.127
114.816
114.601
115.35
113.93
114.501
113.614
113.621
112.252
112.03
108.519
110.531
111.589
112.243
112.423
114.143
115.195
118.542
118.824
118.91
119.789
120.919
120.871
120.47
122.452
122.381
124.154
125.089
124.986
124.723
123.851
123.837
125.864
128.108
128.062
126.781
126.243
127.618
128.518
125.121
126.183
123.26
123.51
121.207
121.56
123.77
122.675
124.532
122.704
122.964
122.459
123.192
119.961
118.643
116.178
113.681
115.649
114.774
111.961
113.125
112.8
114.935
117.787
117.989
118.491
120.416
120.891
121.725
120.547
119.601
118.546
118.954
118.512
117.362
114.931
117.495
118.702
118.208
120.575
120.335
118.605
117.738
115.819
115.659
117.897
116.849
115.166
114.301
114.066
115.428
116.547
116.085
113.759
116.158
118.075
118.827
120.371
120.487
120.672
119.757
118.446
119.819
118.173
117.993
119.641
119.775
118.527
117.997
119.733
118.896
118.541
117.834
114.561
112.862
114.167
112.221
113.191
109.42
106.621
104.616
103.277
101.668
101.505
100.841
99.9979
101.641
101.138
99.7983
98.9354
98.6642
100.342
100.97
100.166
98.269
100.369
102.024
102.276
104.629
105.294
102.7
102.829
102.842
103.776
105.435
102.996
100.903
100.077
99.6934
101.144
100.914
102.587
101.944
102.915
103.932
105.176
103.662
103.445
102.484
103.455
103.769
103.953
107.206
106.363
105.183
105.994
107.672
107.153
108.239
107.024
106.767
106.796
106.281
107.65
108.447
109.701
110.884
112.234
110.424
111.077
111.513
112.529
110.149
108.954
108.886
109.304
107.64
108.689
107.265
105.502
105.482
108.862
109.187
106.75
106.958
107.249
108.695
108.616
108.328
111.655
112.574
110.105
110.977
109.465
109.674
108.161
109.378
108.073
107.609
107.445
107.383
107.778
107.592
109.727
109.754
107.961
108.082
106.987
106.15
107.044
109.008
109.04
106.904
103.757
101.809
103.201
102.135
105.139
103.659
104
102.554
103.019
103.681
103.901
105.232
105.482
104.997
103.691
104.615
105.232
105.306
106.333
106.512
107.268
107.944
109.333
111.56
112.623
112.292
114.715
115.737
114.529
112.893
112.818
113.728
111.307
112.273
111.435
111.028
114.472
114.137
113.863
113.999
114.892
113.648
117.344
119.78
118.575
118.521
117.517
115.842
115.001
115.319
116.864
115.678
113.603
113.343
113.632
113.926
114.194
113.578
113.675
112.59
110.364
111.518
111.238
111.319
110.484
109.713
108.741
107.707
106.186
105.364
105.125
104.124
102.589
103.23
103.897
104.535
102.12
100.401
100.276
99.2289
97.8297
97.9654
96.5778
96.5784
96.128
97.5385
96.8655
97.7996
