100.188
98.9633
100.234
101.47
101.461
100.065
97.3425
95.3556
96.7333
95.5183
95.2691
95.5643
95.1278
94.7158
94.7305
94.5896
94.09
93.1848
92.8494
94.913
94.5383
92.3664
92.3654
90.4388
92.2069
91.449
91.8932
91.1232
89.6502
87.7833
89.8326
89.3932
91.3492
89.075
87.1819
88.7675
92.2657
91.4452
91.5501
89.2917
89.3355
88.8043
89.0999
88.5423
90.7535
89.989
88.8193
88.1475
87.676
88.099
88.3383
88.5006
88.5542
87.9754
88.981
89.9355
90.7471
90.6187
90.6932
89.6432
91.0124
92.0862
91.856
91.6827
91.8977
90.9103
90.889
88.9578
89.8718
91.6415
94.105
94.2122
94.8048
95.5163
96.7641
96.6457
95.8639
93.362
92.4678
93.113
94.5823
96.1891
93.346
92.2637
93.2981
91.6011
93.0409
93.8731
93.6024
94.7796
95.2789
96.0856
97.6761
97.3373
95.6207
96.4926
97.658
95.2944
97.7432
96.7933
96.4953
96.783
97.1631
98.1472
98.6572
98.7234
97.0942
95.1846
95.431
94.7404
94.1159
93.7015
91.1886
90.4872
91.2469
92.8555
93.161
93.9006
94.1814
93.5384
96.4488
98.4825
98.3375
96.8012
96.9287
96.2797
95.2178
95.8229
95.6466
95.6915
95.6162
95.3282
96.592
97.3375
96.7764
96.354
97.0056
99.2752
99.4233
100.772
102.732
100.543
101.129
100.819
104.157
103.975
102.942
104.034
103.139
103.336
102.547
100.913
101.751
102.42
102.936
104.495
108.058
108.313
108.209
108.84
108.021
108.211
107.514
108.91
110.97
113.797
115.518
117.999
116.764
119.822
118.57
119.527
116.223
116.076
114.618
113.742
112.376
112.023
112.539
112.649
111.894
109.651
107.455
104.348
103.879
105.981
105.428
107.105
107.016
107.219
107.612
109.043
110.34
108.156
106.156
106.965
105.435
106.488
107.564
106.708
107.006
108.637
106.821
107.413
104.905
103.697
102.624
104.741
105.607
105.798
107.846
107.98
109.626
108.679
108.671
109.928
109.66
112.313
112.219
113.79
113.094
114.969
115.08
114.425
116.868
115.065
115.485
116.73
117.994
119.284
120.368
121.525
121.898
121.237
120.687
121.478
123.535
124.668
126.097
127.538
126.336
126.165
125.664
127.49
127.959
128.217
128.904
127.901
125.123
125.303
130.212
131.222
132.769
131.49
129.478
127.643
127.51
127.065
128.259
127.148
126.322
125.461
124.69
123.903
123.254
124.423
126.301
124.034
125.315
123.7
126.172
127.248
129.544
129.261
128.281
125.599
125.947
125.187
122.86
123.28
124.7
125.398
123.684
122.442
120.567
117.32
117.532
119.075
117.536
118.099
117.919
116.821
116.817
117.488
118.402
119.352
115.072
113.577
115.438
114.999
115.827
115.254
115.34
113.529
113.625
112.919
112.044
111.781
109.028
109.019
109.966
108.665
110.41
109.195
109.342
111.092
111.045
113.61
112.302
112.853
111.317
112.429
111.266
110.596
110.2
112.394
113.868
112.219
113.088
112.703
113.314
113.206
110.868
111.208
111.365
110.721
109.646
110.497
108.455
108.469
106.44
106.986
106.721
105.359
106.688
107.198
110.107
110.886
110.515
109.982
110.925
111.141
112.543
111.64
112.378
110.977
111.79
114.437
114.749
116.068
118.299
119.215
116.792
116.976
117.476
119.255
120.919
122.364
122.986
120.71
120.452
121.248
122.919
126.088
126.799
126.721
129.881
129.778
130.936
129.301
128.248
127.268
123.561
121.591
120.268
120.336
119.504
119.528
120.419
120.49
122.873
125.501
124.793
125.515
124.324
125.406
126.548
126.788
126.139
126.915
126.864
127.184
125.345
125.982
125.911
128.929
126.257
127.88
127.946
127.658
127.969
128.882
128.458
128.994
130.918
131.902
132.154
133.121
133.851
132.996
133.99
135.663
132.602
133.381
132.798
132.761
132.726
130.732
134.878
133.199
132.548
130.856
132.232
131.692
129.022
128.745
125.7
127.935
127.79
130.193
130.577
132.179
132.051
131.39
130.076
131.142
130.367
127.941
125.422
125.703
124.776
125.039
124.416
125.1
125.658
125.233
125.223
124.142
124.056
125.298
125.34
126.217
125.54
122.819
121.993
123.662
122.314
120.974
117.163
116.584
115.648
115.816
115.632
115.705
112.383
115.576
115.052
112.16
112.574
114.733
115.307
116.051
113.832
113.299
113.868
112.888
112.963
111.872
112.111
110.316
111.845
113.164
113.228
112.929
109.893
111.722
109.096
108.031
109.295
108.412
105.365
105.835
106.246
105.894
104.111
104.701
106.392
105.619
107.863
108.86
111.619
110.063
111.341
113.099
113.244
110.083
110.318
111.064
110.71
108.08
107.066
108.173
108.622
108.345
107.687
105.895
105.159
103.288
102.412
102.598
99.9003
99.3477
98.3749
99.0592
99.1732
95.3919
93.8458
93.3058
92.9789
91.5582
90.3948
90.6948
90.0976
88.3882
90.372
89.2264
89.9317
88.928
90.4913
90.5923
91.6068
91.5922
91.2716
89.279
88.6786
87.4508
87.5666
85.2893
86.0788
86.2961
86.5577
86.3028
85.5567
86.0609
85.9855
86.1077
86.0643
84.9508
85.3576
84.3652
82.7704
80.8778
80.6688
81.605
81.4805
81.1358
80.2778
80.3863
80.0989
80.6841
79.9031
80.4609
80.0076
80.4147
81.0268
80.6979
81.3286
81.784
81.8102
82.4229
81.1813
79.8
80.2278
81.6594
81.845
81.6735
81.1566
80.3756
80.9432
81.493
