100.634
100.807
101.029
101.345
104.013
103.188
103.308
104.746
103.752
104.137
101.946
103.892
106.689
106.34
105.363
104.828
107.715
107.389
108.792
109.741
108.348
108.23
108.469
109.742
108.938
111.683
111.012
110.396
110.647
110.451
111.574
113.025
113.028
113.833
111.725
112.064
112.681
112.338
113.35
111.286
108.431
109.501
109.976
109.968
109.21
109.501
110.085
107.762
106.05
106.795
105.773
107.72
111.646
111.033
110.514
111.611
111.031
111.033
110.07
110.417
112.006
112.446
111.691
108.681
105.09
103.729
106.693
107.531
106.256
107.563
105.48
105.594
105.5
104.963
104.056
103.588
100.782
100.579
101.814
99.7044
98.9224
98.6118
99.9855
100.182
100.771
100.15
98.8559
98.3788
98.4009
98.79
98.8388
98.2671
96.0607
97.2894
98.6481
98.4583
96.8914
97.5448
97.3646
96.6132
96.1993
94.4547
93.3405
93.3559
92.8263
92.277
91.3777
90.3605
88.995
89.5567
89.9586
90.5588
91.0359
91.3541
92.8498
92.2892
92.6143
92.8391
95.1122
95.5431
96.9619
98.9665
99.7387
99.0373
97.9704
98.5436
98.344
99.187
99.7667
98.528
98.8447
97.3877
95.9936
96.1215
96.2636
93.9435
94.1345
95.5274
96.7705
96.9589
95.2728
94.6405
94.9239
93.387
94.6063
93.3359
93.2997
92.7803
93.1955
94.6267
93.2409
92.9236
93.6233
94.3726
95.0261
94.878
91.4961
90.6373
90.4431
89.4089
89.3635
91.9478
94.4848
95.8621
96.2472
96.5292
96.7368
95.3976
94.3046
93.2704
93.4896
93.337
94.0194
91.7415
93.362
94.191
94.8674
95.4283
94.5351
94.7829
94.4626
96.51
95.2894
94.9987
93.6111
94.3757
94.9163
94.0395
93.8852
93.4604
94.9315
96.8775
97.9989
98.4091
99.4676
97.8157
96.4332
95.2626
94.8049
92.4054
92.7427
94.3477
93.6285
94.9823
94.4142
94.5744
95.4563
97.0048
96.9915
97.3241
98.1951
97.1143
98.1891
98.2429
97.2417
95.8398
93.577
95.3392
95.365
94.3553
94.5048
92.6987
93.1934
92.5159
94.0697
94.6089
96.2568
96.1799
98.232
98.8242
100.298
100.239
102.14
101.879
103.023
102.108
102.529
101.291
101.224
101.545
101.684
100.825
100.709
102.022
103.278
102.346
102.831
102.32
106.076
107.426
105.122
105.019
105.5
105.762
104.697
102.468
104.304
103.393
103.284
104.403
104.884
104.042
103.462
104.557
103.533
103.854
102.972
101.675
101.102
101.311
102.007
102.957
103.871
102.784
104.106
103.955
103.361
103.996
104.169
103.957
102.612
102.508
102.602
102.348
101.452
101.204
101.607
99.798
98.5878
97.8726
97.1243
94.7846
93.995
95.041
96.0724
96.0922
96.3786
95.8775
95.2269
94.3602
93.6615
91.4812
91.0511
90.9214
92.5078
94.7125
96.0147
96.3292
96.0041
96.6123
96.5237
96.3434
93.0647
92.5002
92.7216
92.439
90.6951
91.817
91.9168
92.39
93.9605
94.9521
94.8963
96.3419
94.7643
93.559
93.2286
94.8905
94.4678
93.6688
96.2742
96.2976
95.8302
96.9951
96.2752
95.5484
94.0422
93.5892
94.9488
95.0688
92.3144
93.0823
92.5605
92.2242
93.2101
96.8464
96.6589
97.8318
98.4355
99.1966
100.326
101.605
102.724
101.765
99.4723
97.4483
98.7622
99.8152
100.111
100.152
99.1935
98.85
98.8218
97.8629
97.9249
96.1925
96.912
97.4561
96.8867
95.3285
96.4597
96.3382
98.9251
98.5448
98.8133
98.6057
98.0724
96.8461
95.0238
95.9115
95.1378
96.4397
96.8579
95.0998
97.3921
96.9351
97.9209
97.0786
96.8093
94.9305
93.3749
94.0066
95.0441
92.3064
90.7027
91.3062
93.6387
92.9334
91.8858
91.682
90.7369
92.1039
92.8895
92.5435
94.8055
95.0308
94.0929
93.514
93.3153
92.6889
94.7104
95.2553
96.1534
95.7108
97.1948
97.0413
96.4895
97.6171
100.923
100.04
100.149
100.135
100.639
102.749
102.143
99.1255
100.49
98.9777
98.2436
99.9757
98.6812
98.9119
99.1635
100.069
100.056
100.066
102.735
104.429
104.579
105.328
103.543
102.958
103.974
104.13
103.914
99.567
100.797
100.63
100.357
101.53
101.394
101.19
102.12
99.775
100.239
99.0898
100.314
101.504
100.803
99.3528
99.6748
100.198
100.734
101.035
103.003
102.597
101.401
101.645
101.068
100.502
99.2783
102.555
103.839
104.075
104.555
103.826
101.392
103.074
103.963
104.385
103.57
101.841
103.039
102.718
99.4627
99.5453
97.6024
98.2093
99.3905
99.3866
100.477
98.4196
98.1759
98.4948
99.5389
98.7605
97.9048
98.0062
99.4956
101.223
104.447
106.441
107.399
111.052
110.954
108.964
109.978
111.331
110.17
110.931
108.608
109.125
111.866
110.892
109.623
109.154
109.466
108.481
109.008
108.857
110.188
110.93
110.869
112.007
109.734
111.15
109.473
110.765
111.362
109.946
109.136
109.683
112.081
111.453
109.685
108.756
109.834
109.673
109.05
108.698
109.573
112.168
113.385
112.948
112.66
113.462
112.022
111.19
111.02
110.085
111.431
109.952
108.009
107.691
108.732
108.482
107.131
107.707
107.819
107.376
108.883
108.485
109.399
109.412
109.339
107.474
106.085
105.133
104.572
103.247
104.295
102.268
101.36
99.5336
97.1509
96.089
98.0797
97.7312
99.3287
99.4525
99.705
98.9754
100.017
99.442
97.728
95.1286
93.6437
92.973
93.2578
92.0613
90.8841
90.0066
89.4332
87.8501
88.2955
89.5315
89.3603
91.5602
93.6773
93.9376
