98.6329
98.7363
98.6965
97.7433
97.5435
97.3378
95.0948
94.7264
95.2066
94.7096
94.4087
95.685
96.4976
96.0128
95.2154
96.2372
94.3432
92.1514
92.2048
92.6326
93.6279
93.6389
94.7699
93.9068
95.0416
96.9365
96.0164
94.0264
92.6018
91.6911
91.268
89.7067
90.9098
91.505
90.0202
89.3674
90.9855
90.9444
89.6929
89.5823
89.3654
89.4163
90.2409
90.7476
90.6969
91.295
89.9535
91.2484
90.452
89.4511
89.2228
90.859
90.3783
90.5297
90.1272
88.2303
89.4709
87.8276
87.1498
87.4132
88.031
88.797
88.7638
88.1575
87.8181
88.0118
88.6695
89.147
90.0315
88.784
89.9364
89.0188
89.2798
89.7177
91.639
91.1164
92.4697
91.4584
93.4868
91.6836
91.8645
92.4228
93.0936
92.6583
94.5314
96.0426
97.2741
95.5618
96.7728
96.7318
96.542
96.2871
98.6081
99.4903
99.3757
99.6335
100.754
100.862
101.071
97.2606
95.6261
94.3059
95.8778
94.6885
95.3893
95.754
96.6167
97.0778
95.5859
96.1665
96.592
94.5191
95.4261
96.4584
97.3963
98.8604
100.472
99.3084
101.103
101.918
102.297
102.854
101.05
102.637
102.724
101.421
101.826
99.6469
100.556
100.814
103.14
103.37
103.059
100.815
100.276
100.442
101.186
100.674
100.746
102.548
100.992
101.362
100.893
100.027
100.52
98.4637
98.7251
99.6996
99.4291
98.5096
97.2888
96.087
97.0829
97.9053
97.6153
99.3567
100.088
100.37
100.173
100.463
101.094
102.258
101.964
101.781
102.529
99.0225
98.0026
98.8624
99.583
99.2486
100.037
100.505
97.5886
94.8277
96.0513
97.2318
96.0202
96.0476
96.2553
94.0183
92.0364
91.1147
92.3468
91.9444
92.7362
92.6102
91.2415
89.5795
88.6021
87.2382
87.8987
86.9132
87.4928
86.1048
86.6134
87.0319
84.8844
82.6575
80.7407
79.5828
79.2671
80.2601
80.5081
79.2265
77.8983
78.8668
79.7889
77.4933
77.1104
76.6168
76.3781
75.7066
75.1753
73.0014
73.2812
73.9311
75.2247
74.1421
74.1155
74.6972
75.3849
75.4214
74.6448
75.4483
73.0966
72.4504
73.6264
74.1809
75.6038
74.7693
73.5431
73.3752
73.4429
72.3917
72.8887
71.9543
73.1231
74.0593
75.6773
75.3731
75.6834
74.2552
71.906
71.5109
72.1179
72.8262
73.2084
73.0705
73.3835
72.6518
72.4029
72.4733
73.8177
73.6011
73.8078
72.2396
72.3332
72.8521
73.4232
73.075
72.8318
71.9533
72.2412
71.2949
70.3006
71.13
72.4306
71.4635
72.6526
73.6135
72.7111
71.881
70.754
70.5855
70.9984
70.2128
70.7612
71.4375
71.4982
72.1939
72.8812
73.1019
74.0842
75.0432
75.1097
75.356
76.8503
73.6013
74.3518
74.8912
75.5077
75.2921
77.1735
77.0605
77.2714
75.3236
76.4802
77.1025
78.0846
77.5539
78.5343
77.8861
79.1676
80.9758
78.6298
77.0698
74.9154
74.6235
75.233
76.4773
76.9585
74.9938
75.5062
76.1859
76.2209
77.1903
77.6091
78.2595
78.59
78.889
79.6595
81.0383
82.7745
84.3934
84.7772
84.8461
82.5076
81.2849
81.1405
81.4152
80.0058
79.271
78.2884
78.2198
78.5904
77.2838
76.3935
75.1161
76.1167
76.4118
76.6995
76.1948
77.5611
76.1085
75.5872
76.9494
75.4398
75.5093
76.6938
77.8059
78.0871
78.9275
76.9974
76.6354
77.093
76.9628
77.4043
80.2183
79.6762
78.2018
76.8282
75.4858
76.0328
76.457
76.8391
76.53
74.4414
73.055
74.0803
73.8586
74.734
75.5998
76.2713
75.659
77.3153
78.0033
79.2479
79.2761
78.7611
77.2871
77.0384
77.7125
77.9574
79.6797
81.3229
81.5624
82.8875
82.1864
81.6109
82.6122
84.1639
84.5245
84.2059
85.4162
86.4426
87.1062
86.9452
87.3042
87.862
88.4859
88.4852
87.1267
89.0885
90.6913
90.1196
88.4872
89.5229
89.0407
88.9678
88.8095
90.0648
90.1021
91.6437
90.684
89.9774
90.5942
89.5263
90.8073
89.5716
89.244
88.5717
88.6309
88.62
90.3469
89.5122
88.4384
90.4334
90.4492
91.7109
91.5967
92.3659
92.3049
90.7578
90.783
90.1145
87.8783
86.7241
86.3874
86.1853
85.4119
84.0681
83.826
82.2939
82.8996
81.1553
81.1129
79.658
80.2557
79.8751
81.0853
79.7649
79.5842
80.488
80.8599
80.3989
77.919
76.8021
77.1559
76.0103
77.8606
75.9441
75.1577
77.5721
76.5636
76.3996
76.4439
75.0414
74.9619
75.9483
76.7264
77.4537
76.3982
76.6984
76.7958
76.6105
76.5489
76.9779
77.1277
77.0495
77.2218
76.8542
77.2348
76.3544
77.0435
76.9689
76.3706
77.7037
76.7348
78.3537
76.9056
76.5004
77.2041
78.1027
79.0004
79.2635
79.6207
80.3339
79.3359
79.6996
80.515
80.7163
81.242
81.8977
82.1979
81.1635
81.2783
82.4163
82.4549
81.4231
83.0415
81.5261
82.4079
85.0216
84.6108
85.4525
85.6322
86.2422
84.489
84.8309
84.8393
85.4677
82.8542
82.9816
82.4376
82.546
81.2822
80.8975
81.1136
82.27
82.4702
81.9519
79.6293
80.957
81.6834
81.5013
82.1538
81.7099
81.4206
81.3876
81.5213
81.2069
81.5409
81.3441
81.2581
82.0873
81.3682
80.6275
79.0446
80.4247
79.6405
79.6186
76.8239
76.5427
76.3906
79.643
80.7849
79.9581
81.3667
81.84
80.4686
82.1948
82.884
82.6738
81.8207
80.9214
82.2716
82.3077
81.7238
79.2853
79.8283
80.0755
81.5856
81.5163
79.7454
79.1834
79.0249
78.1757
78.9588
79.801
79.382
79.7564
79.3604
80.0972
81.0637
82.6592
82.5381
81.1967
79.2909
80.855
79.9194
79.3575
77.7894
76.054
76.6853
78.1816
78.8999
78.7152
78.4971
78.5934
77.9247
