100.278
98.9162
99.3979
99.8294
99.4057
99.974
99.4616
101.234
101.385
102.678
102.02
102.46
102.708
101.067
102.305
102.068
102.648
101.863
97.8776
96.5005
95.7423
96.4026
95.4912
95.0399
97.3523
98.5173
99.0087
98.3473
96.897
98.0196
98.0263
98.6536
101.431
100.502
100.679
103.788
103.809
106.238
108.678
107.799
106.302
105.983
106.122
106.995
108.218
108.311
107.842
105.555
106.912
105.55
105.195
106.079
104.237
106.284
108.912
107.149
106.921
107.007
108.722
108.69
108.861
108.692
106.301
106.173
104.563
104.603
104.432
105.769
105.323
104.089
104.168
103.359
103.18
103.411
103.332
105.364
105.775
105.593
105.773
104.131
104.984
105.918
104.63
103.461
101.505
99.2154
100.285
98.4289
99.8215
102.177
102.145
101.303
104.243
105.339
104.212
102.898
102.707
103.329
104.957
102.69
103.623
103.94
103.653
105.35
105.063
108.643
108.351
109.053
107.75
108.506
108.503
107.498
107.46
105.394
104.494
105.496
106.389
105.079
104.655
103.995
104.536
105.671
103.965
105.699
106.154
106.483
106.715
106.605
106.055
105.777
103.953
104.159
106.205
108.422
107.106
109.498
110.154
106.749
107.599
106.807
108.655
107.234
107.862
107.579
108.669
109.882
110.682
108.282
107.927
107.736
108.748
108.451
106.466
104.925
103.075
102.187
103.221
105.09
105.254
104.599
103.255
102.303
100.534
97.6474
97.398
95.9752
95.0368
93.4588
93.2445
93.599
92.0222
91.7944
92.6482
92.4026
91.7869
91.862
92.0079
93.3456
92.9937
91.6173
92.2179
94.0516
92.6269
94.8769
95.121
94.614
95.3206
94.4041
94.9988
94.4674
94.7438
95.1289
95.3371
96.2616
96.3877
97.9892
96.9664
97.913
98.7505
98.3543
97.8172
98.2776
96.42
96.0876
95.9544
94.4395
95.6772
96.6528
97.8469
96.452
95.2649
97.2162
96.5823
98.2811
99.6055
98.8847
98.5109
97.3937
96.9518
97.2445
94.7779
95.9696
97.3863
96.7156
93.3906
92.2219
91.4307
92.2525
92.423
92.2445
92.6275
92.6564
92.1562
92.5689
92.222
95.3044
94.6507
95.6854
94.7366
94.0234
95.8294
96.8943
96.5037
96.8326
97.5007
96.9578
98.3773
97.0509
95.5393
96.2934
97.3068
98.9267
99.3473
100.475
100.521
100.678
99.5947
98.8068
98.6471
99.2724
101.215
101.356
98.7703
100.307
99.3301
99.5961
101.971
99.9449
100.256
99.948
99.5874
99.1037
97.3053
99.2764
99.9534
101.085
100.918
102.624
101.914
102.016
100.38
101.44
101.629
100.149
101.219
100.924
102.144
100.531
101.184
100.995
102.076
101.297
100.651
99.7655
99.2153
96.9692
94.8597
95.3687
95.8648
95.7078
95.7797
93.8994
94.0525
93
92.4183
92.7542
92.7853
91.3063
91.2244
89.7276
88.5521
88.8963
88.0923
89.8598
90.7763
91.1709
90.9148
91.5204
91.9784
91.3316
91.4366
90.6356
91.017
90.4209
90.6646
89.9726
90.3743
90.6895
88.9391
87.8957
87.9657
88.8064
89.6403
89.512
89.8727
90.2812
89.9195
90.2279
90.6625
91.0162
90.2253
88.6141
88.102
86.7569
87.7949
87.3627
87.4425
87.9693
87.848
86.941
85.2352
85.7065
84.3349
82.2164
83.2195
82.8347
80.7478
80.901
81.0719
80.5556
79.051
79.0344
80.214
79.8784
79.8931
80.0626
79.9899
80.3684
78.2675
77.793
78.7891
78.7988
78.8249
76.6163
76.6015
76.5371
77.2086
76.0455
77.2764
76.6023
76.3254
77.3829
77.8992
78.0414
78.6357
79.0006
78.7391
76.3719
76.9105
76.1802
76.1697
75.6868
75.9432
74.8489
73.8798
72.4106
71.6599
70.3207
70.7671
72.5665
72.7515
71.821
72.7298
73.2545
73.2413
71.9367
73.6425
73.483
73.6827
74.1923
74.3806
76.8298
76.2564
76.7086
76.861
76.9384
75.8648
75.4017
75.9734
77.4622
77.6566
78.9641
78.6193
79.1757
79.7216
78.4821
80.5645
79.5988
79.2404
80.631
81.4471
80.4188
80.0294
80.2929
80.2479
79.5876
78.2156
79.373
77.3481
77.5374
79.0117
79.2657
79.5368
80.7145
79.4181
80.5749
82.2575
81.173
81.0701
81.6773
82.6523
83.5519
84.7746
84.7334
85.5917
86.3902
86.5044
87.1839
87.6973
87.4574
87.3544
85.5448
83.8815
83.8866
82.3535
81.1231
81.1569
80.7863
79.5317
78.4012
78.8807
77.8831
76.8554
75.0572
74.856
73.6523
74.1685
73.9218
74.2028
74.6945
75.3489
76.0969
77.13
75.2991
76.1028
74.0417
73.6862
73.5034
72.7627
73.8847
71.9763
72.4051
71.8727
70.8839
69.8845
70.9852
72.0111
71.6605
71.7538
71.6702
70.0309
70.3762
71.5405
72.1838
72.763
72.6247
73.8571
73.1655
73.3583
73.2702
74.6498
75.8333
76.0047
75.6769
74.9402
75.3258
76.6203
77.6241
78.5492
78.2546
78.6559
78.8369
80.1189
83.6867
82.5864
79.6937
79.6746
79.7367
80.1664
79.4567
79.0108
79.2674
80.7151
81.1184
79.7231
78.2539
77.4859
76.2126
76.2583
76.0253
76.9297
75.8388
76.0598
77.684
76.4667
76.9074
75.7839
75.0734
74.1234
74.0305
74.7618
74.1923
75.5771
74.5839
76.3977
75.7317
75.1213
74.6327
75.0931
76.3727
75.6917
75.9226
75.4908
74.9258
74.3183
74.5407
75.3909
75.0596
74.103
73.5594
73.4653
73.1677
72.4099
72.6269
72.1383
72.1988
73.4791
73.5106
72.9464
72.6489
72.3704
73.3225
73.4859
73.8905
72.7208
73.3254
76.1388
75.1451
74.1494
73.0787
71.77
71.3565
71.9031
71.5494
71.2448
71.7935
70.7171
72.2999
73.2956
73.3121
