97.7248
99.2419
100.357
100.867
100.298
100.552
98.4452
97.3927
99.0148
97.4813
96.6898
98.5609
98.5224
98.218
97.5415
95.8816
96.9348
97.0137
96.3458
96.8257
95.3472
93.5042
90.8216
88.7611
87.3384
88.4825
87.119
85.949
87.1343
87.7507
87.5408
86.7848
86.3344
84.9449
85.1969
85.8009
85.9866
85.8471
83.8671
83.877
83.9232
80.4577
79.431
80.6367
80.7987
79.7318
80.4851
80.6395
78.0207
77.2989
77.8331
77.2406
75.0831
75.349
75.4184
73.4419
73.34
72.599
73.3505
73.984
75.6451
75.1124
75.5871
75.0377
75.4998
76.4486
76.7869
76.4111
79.0471
79.0304
78.1766
79.7762
80.8603
79.5638
76.9818
76.852
77.9287
76.6975
74.9739
74.0114
72.8724
72.9629
72.8653
72.2687
70.5864
71.7175
71.4033
71.5615
71.3474
70.3097
73.0929
73.0216
72.5049
72.9971
73.1747
73.3343
74.6081
73.2273
74.1373
73.8182
73.7628
73.1988
71.9915
72.8916
71.7431
72.5389
73.2966
71.7125
72.2363
72.0041
71.4058
71.6786
70.9758
70.9813
70.651
71.2837
71.2542
70.8021
71.8998
74.3246
74.494
74.9729
74.67
74.6641
74.526
73.9636
74.4096
75.788
76.4043
75.5218
76.2879
78.2121
80.4137
80.5286
80.9047
80.9573
81.9012
82.4081
82.2985
80.9167
82.3329
82.9309
84.9753
85.2092
86.3899
86.8006
85.7258
87.133
88.3539
88.9472
89.4641
87.8656
87.8661
88.7746
88.0052
87.0152
87.49
85.6519
86.9503
88.0094
88.6098
89.2126
88.7835
88.9809
90.3721
91.1557
91.7355
89.3634
89.1644
89.2362
89.5425
89.8702
90.5183
90.9952
90.3762
91.8681
91.9206
89.6725
89.4254
89.8161
90.1802
91.9187
91.7709
92.2292
91.5884
92.6244
92.7218
93.2954
93.4406
94.9983
95.6826
96.9794
97.8879
97.4586
96.6162
97.2164
96.2433
93.1982
94.0076
93.5017
94.0241
94.5165
92.7403
91.4803
93.2139
93.5908
93.0732
91.5846
91.1848
92.7026
91.1392
89.2124
89.6719
93.8655
94.3555
91.0327
91.5036
92.012
94.0718
93.4477
92.7507
93.0035
91.9424
93.1459
92.6383
94.2017
92.9846
91.6763
91.7853
92.3523
93.9405
93.5272
93.2904
92.9593
92.0278
91.6687
91.0519
90.0957
90.8578
91.1943
93.3636
93.8674
94.4404
94.0149
95.1274
96.5324
97.4925
97.7906
96.6556
98.6284
101.05
101.599
104.319
104.031
105.082
105.849
105.356
105.918
106.366
108.676
110.986
110.414
110.533
110.097
109.698
110.309
109.871
111.754
113.106
114.702
113.306
112.511
113.813
115.216
115.323
116.128
115.29
116.224
114.008
114.252
115.703
114.207
116.972
118.04
118.804
118.546
119.458
120.692
120.807
120.023
118.513
119.407
120.715
118.939
117.767
118.632
117.089
115.556
117.069
116.256
114.924
114.411
116.095
117.667
116.892
115.567
118.063
119.278
122.335
125.532
122.626
120.416
119.789
119.711
118.157
118.315
118.187
116.202
118.372
119.135
117.727
118.54
118.234
120.047
119.181
120.529
119.933
117.554
116.107
116.092
115.582
116.403
116.001
115.519
115.606
115.925
118.073
116.297
116.45
117.539
116.324
116.008
115.51
114.567
114.277
114.387
113.123
113.582
114.285
112.996
112.613
112.179
110.45
111.637
112.16
111.135
111.663
108.994
107.873
106.554
108.701
109.735
110.663
111.443
109.574
110.046
110.833
109.628
109.383
107.276
105.86
109.673
109.767
112.096
110.052
109.528
106.811
109.621
109.326
109.362
113.095
113.074
112.931
115.672
114.849
114.966
113.601
112.09
111.367
112.223
111.716
110.16
108.794
109.358
108.842
110.356
106.799
104.881
104.967
105.23
107.347
108.249
108.49
108.529
107.914
105.19
105.27
102.387
101.66
102.665
104.24
103.997
105.63
105.502
103.087
103.77
101.245
99.6147
101.012
100.093
96.5532
95.3866
94.3842
94.2185
95.4558
95.4125
96.3057
96.4039
93.5515
92.927
92.6724
91.9955
92.1146
92.3505
92.0836
91.689
91.0767
92.8997
93.3284
93.1795
94.0633
94.9536
92.0836
89.2954
87.588
87.5652
88.2045
89.6867
89.8903
89.482
91.429
92.5701
91.6081
92.5024
93.8526
95.1242
96.3166
95.2949
94.9173
94.4652
94.4885
93.9344
93.216
94.445
96.2241
98.6289
97.2618
97.956
99.9098
99.9256
99.2763
98.4665
98.9242
98.5078
101.717
101.095
100.634
101.626
100.428
98.5493
98.131
98.9559
100.372
99.5768
101.107
103.165
105.21
104.11
103.742
104.122
105.135
105.069
103.949
105.385
106.229
105.898
107.718
106.053
103.782
101.758
99.6461
99.4104
100.762
101.626
101.223
103.088
103.315
101.838
102.218
99.6871
99.0971
99.8798
100.83
102.924
101.975
104.023
103.473
102.882
102.399
102.393
103.709
105.515
103.727
103.305
105.998
106.406
106.221
105.415
106.753
103.48
103.901
104.204
102.781
100.526
100.004
98.6428
100.004
101.512
99.9772
100.871
100.871
98.3115
96.8664
95.2331
94.0401
95.668
94.7232
93.2237
94.568
94.312
93.4301
91.8416
90.4134
90.6033
92.353
92.4568
93.558
94.1332
91.7194
91.9354
91.6188
91.242
93.1398
93.4728
93.3888
95.1442
95.7212
93.8062
94.2672
93.7027
95.5044
94.8931
95.4966
95.0216
97.075
96.7017
98.7926
97.9482
97.3483
96.965
96.7292
95.3099
96.3157
96.7475
96.0344
94.5373
94.765
93.1384
92.6634
92.9256
94.2366
96.0219
96.0228
97.7324
98.1865
100.953
101.807
104.255
104.9
102.573
