99.9815
99.685
97.7237
97.4717
97.7613
98.166
95.9928
98.0638
96.4345
94.7642
94.0376
92.9549
93.7038
92.2664
90.7651
90.6846
90.5772
91.4544
90.23
91.2685
91.5357
92.6709
93.0448
93.6248
94.3982
94.5327
92.6053
93.6089
92.3534
91.5524
91.272
91.6736
93.1304
92.6093
91.5913
94.0737
95.6439
95.6047
97.0412
96.7648
98.7725
98.9553
97.9956
97.043
98.225
99.9342
101.316
102.471
103.466
101.977
103.893
104.834
103.874
103.762
103.808
104.205
105.248
104.01
102.709
102.092
100.478
101.457
101.806
101.002
99.8814
95.4393
93.1501
93.4531
91.8214
91.9315
92.1138
93.0407
91.8558
93.1125
93.6433
94.0638
94.0097
95.1769
97.6337
98.3442
98.6896
96.907
98.7691
98.2074
95.5499
94.963
96.824
97.5145
97.1491
97.6163
94.875
92.5986
93.2041
95.456
97.6272
96.4556
96.8294
98.0522
99.2037
98.6926
99.9336
99.7412
100.495
101.087
103.207
101.336
103.685
103.765
102.751
100.989
101.395
101.975
101.626
104.895
105.164
105.242
105.232
104.079
102.608
102.421
104.669
105.633
106.292
108.915
110.471
107.275
109.932
107.955
108.264
110.421
109.406
109.432
110.038
110.874
111.569
112.996
113.883
114.044
113.26
113.91
112.43
112.511
114.006
113.552
113.419
112.409
112.642
113.843
115.758
114.533
110.647
110.85
111.722
112.903
112.057
112.333
111.999
112.52
110.695
110.201
112.147
112.344
113.091
114.641
115.715
115.963
115.472
114.769
114.737
113.019
113.361
112.182
109.485
109.767
112.129
112.458
113.035
112.963
112.612
112.76
114.809
114.014
115.763
117.051
116.788
116.418
114.555
114.067
114.422
115.054
113.27
111.949
112.933
111.065
110.761
109.461
108.874
108.038
107.16
109.407
108.74
109.426
110.092
108.693
110.464
111.107
111.504
110.124
111.283
112.063
115.189
111.929
112.257
111.186
110.656
111.715
110.893
112.121
112.325
110.796
110.782
112.433
113.597
115.042
116.433
116.022
115.405
116.221
118.357
119.074
118.811
122.871
122.409
122.909
121.534
123.903
120.587
119.23
120.346
120.777
121.381
121.845
121.305
122.617
124.71
124.481
125.278
124.165
122.413
123.224
125.049
122.689
119.799
118.135
117.889
118.072
115.432
115.87
115.968
116.676
116.315
116.933
115.801
114.99
115.052
115.299
115.562
112.643
114.372
112.68
114.95
115.806
114.672
114.462
114.95
115.133
115.086
115.634
115.913
116.836
118.196
118.317
120.371
118.797
117.043
117.645
115.987
117.032
119.621
118.576
117.411
117.05
115.656
117.527
117.476
116.469
118.665
118.408
122.646
123.973
125.55
125.746
124.53
123.564
121.314
121.4
121.355
122.952
125.142
126.389
126.666
125.513
126.592
126.802
127.329
127.723
127.353
130.455
128.801
127.429
126.824
124.071
122.321
120.653
120.148
119.848
119.958
119.373
121.782
122.17
121.986
123.483
125.222
124.034
125.57
125.095
125.353
127.403
126.492
125.548
126.604
124.756
124.101
123.149
122.243
122.459
124.722
122.929
123.528
123.241
123.601
123.829
125.317
127.971
127.846
126.028
125.281
127.249
129.333
128.996
126.879
123.979
124.983
122.548
120.425
122.459
122.075
121.39
122.369
121.941
123.682
119.483
118.592
118.596
118.485
119.213
120.319
122.676
122.071
122.356
123.32
122.182
123.877
123.215
123.02
124.423
127.029
128.344
125.554
125.406
123.947
122.399
122.134
120.711
117.684
115.446
113.537
112.544
113.333
116.631
117.217
117.749
116.419
119.608
119.719
120.122
118.251
118.771
120.092
122.392
123.02
124.543
126.079
124.085
124.099
123.024
123.742
122.002
119.099
118.268
116.733
116.998
116.622
116.468
115.569
114.016
113.046
113.761
112.332
109.689
110.248
109.433
110.643
109.537
108.462
108.352
110.197
110.167
109.295
110.83
111.093
109.363
109.907
110.025
110.409
108.924
109.843
108.741
108.341
107.298
106.887
106.894
107.859
108.66
109.847
109.623
109.938
110.779
110.376
109.786
108.724
107.983
108.669
104.533
105.595
103.289
104.983
105.167
102.454
101.537
101.988
100.604
100.979
102.633
102.148
103.348
104.209
104.317
105.302
102.505
99.9254
99.64
97.2018
96.9819
95.6135
94.5828
94.4855
94.5334
92.8796
90.4987
89.2336
89.8965
91.3946
91.0577
92.0111
92.8322
93.7756
92.673
92.8571
92.3475
93.445
93.338
93.0484
92.488
91.6194
91.0982
92.0638
92.14
91.9315
91.7928
93.8227
93.4571
93.2567
92.5489
91.1348
92.9263
91.1438
92.0354
94.253
96.9921
96.0359
95.2586
96.0025
95.9685
94.9808
95.1507
93.6102
93.579
93.5938
94.9972
94.3432
93.4385
92.9453
92.6921
94.6407
94.9203
94.587
93.375
93.4486
94.4374
94.1783
93.2013
92.3229
93.3054
93.3081
92.5285
92.4892
91.7477
91.7507
90.9823
91.6955
90.4999
89.9437
90.8835
90.67
89.183
88.5057
89.0487
88.9161
87.7913
88.9702
86.1946
87.0295
88.8115
87.9218
87.7324
87.1924
86.7842
85.5217
86.6065
85.7009
85.9201
86.9818
86.0989
85.2306
85.5563
82.9611
83.307
83.2419
85.5659
85.4291
85.2812
85.6591
86.8422
86.2897
86.7205
86.9952
87.0077
85.7044
87.5811
87.9325
87.3693
88.8158
89.0693
89.6394
89.9098
89.9794
90.9575
90.5528
90.6341
