98.3583
97.7149
98.4965
99.7122
97.441
97.8327
98.6403
97.5335
96.0553
94.363
93.5579
92.4229
92.2586
90.9464
90.7431
91.478
91.7677
93.4824
92.5128
93.0418
92.348
95.0826
94.0318
94.1168
91.9516
93.9275
92.4236
92.667
92.0427
91.7274
91.7968
90.7737
91.7062
92.7613
90.2438
90.7129
90.9643
94.7286
96.2329
97.6415
99.5497
99.5679
98.2768
97.9894
98.6047
99.1669
97.2424
99.1888
99.2132
99.3301
98.8173
97.889
97.0918
96.3331
96.8516
97.3435
95.8445
95.4441
95.2584
96.0979
95.4597
95.5931
96.0567
96.2373
95.1814
92.8182
93.1642
93.1431
93.1917
92.5303
92.0302
91.5542
94.3936
95.5003
95.527
95.0534
96.2578
96.8104
96.8495
98.1684
99.2242
98.8073
97.4833
96.9825
97.8859
97.7296
97.5803
97.309
96.1431
96.7591
97.0046
97.9568
97.2679
96.0997
95.7947
96.1817
95.0988
94.9271
95.1026
93.5544
96.0743
96.7842
98.9738
97.7104
96.6679
95.6404
97.9618
97.8034
97.5675
98.2196
97.3438
94.7802
94.3764
95.8378
94.9873
95.1036
96.6782
98.0572
98.1093
99.5221
99.7396
100.146
100.509
102.113
103.246
104.088
102.099
103.017
102.16
103.563
105.186
101.445
102.215
101.958
100.177
103.13
101.789
103.243
102.744
102.562
104.526
104.25
103.787
103.3
103.737
103.699
106.174
103.206
101.997
100.665
101.172
100.602
99.475
98.9744
99.242
100.458
99.0443
99.0662
96.3769
97.4846
97.7969
97.9328
98.4587
99.0795
100.921
99.6438
100.325
100.254
102.052
102.718
100.004
101.579
102.231
102.89
103.86
101.405
100.274
99.5996
96.738
96.8509
97.3754
96.6715
96.6858
96.9688
95.6114
97.5553
97.7114
98.098
96.586
97.4589
95.7233
95.8705
93.4009
90.4046
90.3767
90.8959
91.552
90.6316
89.2462
88.8246
90.3444
92.8755
92.0317
94.2351
93.8152
93.1386
92.4035
90.46
90.4384
91.0208
90.943
91.3686
92.7508
94.2258
94.9777
94.9089
95.6432
97.3848
98.5097
98.7505
100.17
99.9346
100.789
101.107
100.42
99.2523
98.0475
99.2145
98.0328
99.6264
99.9333
99.8383
99.0955
98.0849
97.9562
98.349
96.5172
96.91
96.7507
98.0502
100.006
101.314
101.852
101.193
101.64
100.043
99.2293
99.7897
101.659
102.179
99.9842
99.7529
98.4374
98.2243
96.9905
97.1706
94.8319
94.3976
94.6415
95.1251
95.4616
97.1023
96.562
97.953
98.3745
98.8631
99.0187
100.026
99.7166
100.649
100.673
98.6577
101.069
99.37
98.709
95.9803
94.579
93.1679
91.9048
91.631
91.5997
91.6896
92.3404
93.3159
92.8545
93.8031
94.929
92.4516
90.8165
91.8694
88.8991
87.1687
88.5368
88.0522
88.3159
88.1892
89.7962
90.371
90.0846
91.1517
92.8883
94.5127
95.9678
96.2191
94.7806
97.8537
98.3059
98.3154
97.0103
97.0631
97.6278
96.8293
97.0692
96.6164
97.979
99.0582
98.6917
97.7239
98.2348
99.3239
98.7694
97.9742
98.0226
97.3946
99.1789
99.8252
99.4121
97.5017
94.1341
94.4957
94.9702
95.324
94.998
94.5033
94.5217
94.0692
93.2871
92.9297
92.396
91.8174
90.6523
91.0015
92.7794
91.2257
91.1882
91.21
92.2311
93.1695
91.7295
92.8384
92.425
92.5389
91.9334
91.9252
92.8132
93.0113
92.3055
92.608
91.4879
92.4596
90.4181
89.3371
88.6798
88.3495
87.1034
89.5578
91.1084
87.8291
88.7902
91.0517
91.2592
88.7759
88.3255
87.1478
86.6166
87.9573
87.54
87.3714
87.9692
87.6698
87.7833
87.5375
89.0821
90.759
90.8948
90.3836
91.0264
92.5456
91.714
92.1298
92.6061
92.9183
92.5596
90.965
90.1261
90.9584
91.4251
92.305
92.9094
96.162
94.9689
94.2227
92.3701
90.6101
90.0101
90.183
88.8023
89.1459
90.1349
89.8431
89.7054
89.8158
90.0739
88.551
87.7976
88.0237
87.826
89.1981
88.3114
87.7315
89.1007
89.4978
87.2703
86.325
85.5179
84.0734
83.8482
83.1429
82.4571
82.5671
84.0236
82.0219
81.851
82.5978
82.5728
81.5558
79.7893
80.7976
80.3556
78.264
77.9717
79.0712
78.9124
78.7576
79.4169
77.2494
76.5082
75.5301
75.7634
75.3493
73.8976
73.6353
74.6672
76.7039
76.786
76.0633
76.4761
76.6288
76.3136
75.2837
75.6884
74.3939
74.543
74.1996
74.3216
73.416
71.0462
71.4577
69.7529
70.4592
70.76
70.7747
71.0364
70.1796
71.279
70.4624
68.4704
68.3596
68.6815
69.6828
69.5354
68.5252
69.4062
68.8619
69.9894
69.6725
70.1686
71.1592
70.9472
71.7662
71.1289
70.8981
70.0108
71.4314
72.8788
72.5062
73.4832
74.4925
75.2952
75.3945
75.6083
76.987
77.5851
78.4617
76.6309
76.9526
76.4863
76.3021
74.0906
73.4351
71.9197
72.9621
73.1138
73.735
73.4024
74.8097
75.7871
76.7477
76.8302
76.5244
77.0411
76.5375
76.8373
75.2495
74.6656
73.0672
72.0711
70.9861
71.2007
71.9399
73.7188
74.1072
73.4025
71.9116
71.9992
72.6821
72.75
73.3482
72.7089
72.0502
70.0343
69.5598
69.1586
68.3716
67.6268
68.1839
69.352
69.1365
69.6655
67.4332
68.634
68.8259
69.2627
70.805
69.9369
69.0615
69.3269
68.8159
69.1694
68.4888
67.728
66.5608
66.5082
66.8217
66.2487
66.2123
65.1044
64.9395
66.603
65.4295
64.8521
64.3159
64.2044
62.9894
62.2507
62.5946
62.5377
63.6048
63.56
62.8983
62.8522
62.9052
62.1805
62.7732
63.3316
61.6075
61.8783
61.1829
60.5365
59.9784
59.4861
60.045
61.7253
63.0382
63.0231
63.5218
64.7753
63.4056
63.7132
63.2333
