100.531
101.278
100.566
101.025
100.055
100.915
99.2814
98.2029
98.035
98.9196
99.5903
101.826
102.315
102.666
104.303
105.56
104.705
105.222
105.515
107.088
107.12
105.607
102.646
104.354
104.397
106.008
106.543
108.653
108.318
108.307
110.299
111.402
109.414
108.032
107.85
109.01
109.181
109.163
109.48
109.708
109.021
107.313
108.27
107.366
107.345
107.207
106.746
108.378
108.172
106.529
105.83
106.453
104.565
107.244
107.166
105.689
105.456
105.404
105.717
105.253
104.058
104.849
104.223
103.402
104.72
107.342
105.651
107.603
110.173
109.85
110.615
111.113
111.866
113.869
116.777
116.212
115.688
114.525
113.149
113.96
114.599
113.295
113
115.012
116.755
116.356
116.028
117.992
116.843
116.897
115.014
114.634
115.288
113.907
113.437
110.772
110.413
109.866
108.582
108.079
106.419
104.038
104.225
104.702
102.124
102.363
102.759
103.02
105.009
104.97
104.205
103.639
104.475
102.422
102.216
101.755
103.293
101.855
101.703
101.166
100.061
98.8125
98.2121
99.516
98.7421
99.861
101.129
100.762
99.5129
101.452
99.7561
97.581
98.4623
97.2482
97.2244
98.4332
97.8864
97.7939
96.8604
96.5035
95.2015
96.7025
97.2278
96.2919
97.1531
96.6303
96.655
98.1677
97.0241
100.699
100.306
98.9465
98.972
98.0198
98.219
96.7309
94.9619
95.6864
95.7679
95.3546
97.6657
98.6802
98.6776
98.6954
100.465
101.316
101.091
101.126
102.056
104.313
105.109
105.522
104.68
104.504
103.485
104.353
103.108
101.621
100.34
99.9536
98.9426
96.1783
98.0896
97.8119
97.7905
96.2691
97.0787
94.6288
96.6929
96.2023
95.9054
93.4041
92.9089
93.5426
91.1941
91.0466
91.1954
92.2483
92.1203
91.86
88.1083
88.2417
89.3767
88.5598
89.5542
89.123
87.9375
90.8902
92.5775
92.5601
94.4629
95.9388
94.6611
94.8182
94.4063
94.159
95.5368
96.0976
94.0237
93.141
91.4507
90.8323
90.6731
91.8286
91.5991
92.3448
92.2118
93.8409
93.6486
94.5489
94.2813
93.649
94.2576
92.5294
93.1797
92.6041
94.1806
94.545
94.7359
95.9374
97.5769
96.7241
95.345
93.7741
94.8487
97.19
96.1147
97.3853
96.9024
97.9164
97.6597
96.4426
96.5739
95.8552
96.5771
97.5327
98.2901
99.4648
99.8432
98.2981
98.8063
98.8546
96.7814
96.4102
97.6234
97.8012
98.5109
98.8325
96.4373
96.0748
97.4521
98.4605
98.6632
97.1559
98.5619
99.8299
100.335
100.901
101.375
99.5742
99.4936
102.416
103.777
104.338
105.479
106.887
106.463
107.465
106.471
107.235
106.613
106.419
106.237
105.087
104.591
103.229
103.831
103.326
104.084
105.139
104.313
105.154
102.099
102.461
102.43
100.413
99.4012
100.547
101.088
100.038
99.2438
98.1316
96.325
97.9669
98.329
98.0691
99.1668
97.8522
97.2989
98.0159
96.3207
96.99
97.311
97.8431
99.3364
98.9031
99.615
100.403
99.9379
102.345
102.999
102.808
104.125
105.038
105.419
105.464
106.243
106.368
105.872
104.388
103.774
101.655
102.243
102.019
102.524
101.608
103.236
103.416
104.394
104.065
104.876
103.159
103.757
106.281
107.889
107.19
105.783
105.468
104.835
103.735
105.113
107.489
108.983
112.015
112.044
112.351
114.021
111.392
111.909
110.832
109.904
110.093
110.952
108.651
108.746
108.095
108.769
107.649
108.188
107.983
108.95
110.067
113.966
111.894
109.677
109.001
107.935
107.922
108.065
107.901
107.373
104.977
103.897
105.144
104.982
104.047
103.814
104.142
102.978
103.64
103.641
103.58
103.2
100.058
100
97.7412
96.2585
95.4861
95.3685
95.9845
96.0904
97.8007
97.0856
95.2483
95.947
94.3438
96.5433
97.1873
99.2084
98.6029
96.7839
96.8099
97.6936
96.5898
96.8785
95.1931
95.5381
94.6904
96.0071
95.5683
94.3922
94.5169
92.9641
93.0809
94.3546
95.3632
95.3887
95.3993
93.668
89.7381
89.6934
87.8908
87.6801
86.3399
85.3268
85.1098
84.1866
84.9285
83.3493
82.6589
83.3472
83.198
85.457
85.2112
86.134
86.116
85.9186
86.0586
87.3415
87.8061
89.6159
90.6104
91.5058
92.3342
91.519
90.9594
91.3038
93.9978
93.3185
92.5075
91.8271
90.7611
90.3818
89.9881
88.6046
89.909
91.012
89.9752
90.1335
89.3465
88.3442
89.2986
89.7209
90.507
91.2395
88.5222
89.4405
88.8128
88.288
87.1476
85.8664
85.161
83.8523
83.8311
82.9229
83.3011
82.658
81.6595
81.4585
81.2761
80.472
80.592
80.0297
81.1517
80.3642
80.2382
80.1405
80.1246
80.8301
79.904
80.2591
79.3969
78.9725
79.4942
81.1692
81.0938
80.9433
82.331
82.5802
82.0609
81.5813
81.7964
81.992
83.8443
83.4844
84.2525
84.31
85.9319
87.5029
87.958
88.5681
85.4224
85.5477
85.2058
88.5603
91.0133
91.5302
88.4815
86.6649
86.894
87.3785
85.4194
86.4664
88.8515
88.246
88.9778
89.2279
91.0034
92.9677
93.6772
93.4064
92.2792
91.01
90.5196
89.2742
89.2408
88.9834
90.774
89.7009
87.1519
89.0873
88.032
88.0656
86.6303
88.0507
87.2597
87.943
87.0339
84.5325
84.1716
83.8573
83.8669
85.8882
85.6137
85.3254
84.6197
84.6419
84.803
83.5899
81.8083
81.951
80.3411
79.8006
79.1081
80.4136
82.1591
82.3804
82.0473
84.0368
84.0242
82.6605
83.7468
80.6219
81.359
81.0323
81.9062
81.2178
81.7472
82.3596
81.5814
