98.5716
100.162
101.338
101.4
102.2
103.888
104.512
103.864
103.235
104.237
105.821
106.022
104.11
104.599
104.127
105.308
104.821
104.453
105.73
108.963
108.556
109.995
109.093
110.051
109.377
110.248
109.972
109.821
111.632
111.928
112.144
111.375
111.603
111.634
112.421
112.104
114.205
111.372
114.156
114.329
111.66
111.562
112.865
115.154
114.742
113.945
113.638
113.57
113.549
116.039
114.996
115.248
117.438
118.11
118.444
119.427
122.403
120.922
121.419
121.578
122.49
123.257
124.481
124.149
123.17
123.844
124.457
127.063
127.87
126.416
127.743
127.887
128.914
127.191
128.689
126.859
126.407
124.071
122.029
120.905
118.651
121.062
119.196
120.714
119.781
117.991
120.369
122.323
120.492
118.853
120.096
120.133
118.19
120.305
120.56
120.169
120.652
120.476
120.881
120.085
118.433
118.111
117.296
117.137
114.553
112.265
110.27
110.878
109.109
110.675
113.338
111.28
110.395
112.76
114.833
114.999
112.116
111.116
112.58
112.305
111.696
110.877
111.123
113.259
113.218
113.561
111.96
113.06
112.594
112.016
112.164
114.401
113.429
114.994
116.368
116.843
117.301
116.902
115.405
114.596
113.419
114.591
114.254
114.917
116.398
116.449
116.329
116.674
117.358
117.095
119.078
119.454
119.201
117.159
117.368
116.456
119.081
119.376
118.76
120.783
123.443
122.181
122.637
123.01
122.076
122.144
120.97
119.201
119.306
121.029
121.036
122.116
123.499
124.884
124.194
123.023
119.805
121.666
122.243
121.725
122.601
120.645
119.898
120.831
123.618
123.398
121.248
122.933
122.898
119.869
117.734
118.34
119.94
117.711
114.772
116.604
118.774
120.009
123.134
122.103
122.973
123.311
127.095
129.307
130.328
131.85
132.438
133.324
135.757
134.553
132.252
131.27
129.965
129.912
128.256
128.585
125.236
127.773
129.851
129.345
128.82
128.75
129.096
125.567
125.803
126.303
125.619
124.459
120.612
121.961
120.697
122.127
122.017
122.624
121.152
120.658
121.757
119.186
119.047
119.394
117.698
116.593
118.374
120.826
120.955
119.685
118.829
116.527
117.086
115.124
113.438
114.992
114.036
114.408
115.017
116.271
116.768
116.865
115.605
118.291
120.571
118.666
119.218
122.31
123.519
120.702
122.046
123.276
123.058
124.477
123.87
124.53
124.969
124.197
126.379
125.65
127.41
126.925
126.659
126.204
126.706
125.257
128.242
128.87
130.125
129.158
130.235
129.706
130.308
130.027
128.664
129.327
127.554
129.303
127.117
128.803
131.109
131.605
131.034
129.925
129.045
129.167
129.233
128.753
128.344
127.985
129.768
132.039
131.718
128.147
129.214
127.555
127.266
124.865
126.766
128.155
129.463
130.304
130.741
130.187
130.702
131.316
133.843
135.542
135.944
134.134
137.364
139.213
138.898
136.328
137.983
139.23
137.711
134.976
134.707
135.228
137.892
136.936
137.831
137.744
137.694
137.146
136.754
137.566
135.992
135.699
137.891
137.269
137.315
137.454
138.683
137.647
138.605
142.199
142.844
144.757
148.116
147.437
150.26
145.189
145.955
144.954
144.863
147.066
146.396
143.407
145.145
144.529
145.086
147.949
146.377
143.506
142.667
144.132
144.962
142.219
144.626
143.117
142.036
141.538
140.789
142.795
144.878
145.338
148.348
148.973
149.374
149.573
151.027
149.644
148.989
147.161
148.343
147.646
150.807
155.876
155.799
152.882
150.561
150.584
151.506
152.436
154.387
151.238
154.632
154.449
155.024
152.678
155.191
153.943
155.625
154.898
156.278
157.199
156.64
156.579
155.969
158.37
155.326
154.807
154.862
156.281
156.818
153.297
150.277
149.812
149.85
150.135
150.469
148.741
145.443
141.934
141.272
138.862
139.634
139.639
143.908
142.784
143.763
143.736
145.54
146.569
145.437
143.235
144.888
147.712
147.877
149.648
149.086
148.219
147.307
145.777
143.452
143.403
144.335
144.367
150.161
151.409
154.543
153.946
152.38
154.071
155.92
157.728
157.872
155.15
151.917
148.382
150.008
148.977
147.79
146.959
147.238
142.358
142.531
143.372
142.269
142.199
143.038
140.463
141.879
142.664
140.874
137.007
137.66
139.393
135.303
137.699
133.761
135.956
138.527
140.106
141.268
140.692
143.901
146.428
149.337
150.439
152.09
153.02
153.277
151.287
152.965
152.213
152.312
149.977
150.951
152.686
150.967
150.424
148.099
148.286
150.373
150.811
148.457
148.726
152.937
153.866
154.458
150.734
152.178
152.776
148.969
146.596
144.292
144.175
146.912
148.701
147.742
149.1
146.414
147.049
148.04
149.686
150.247
150.928
150.745
151.11
151.962
153.344
154.476
153.062
156.51
155.536
154.876
155.595
155.952
154.741
154.831
153.282
150.993
147.557
145.883
143.063
145.684
143.882
143.828
144.393
144.019
144.456
142.153
143.676
144.056
145.039
145.018
146.917
151.475
151.649
152.018
151.564
153.455
150.697
151.352
150.275
152.294
153.387
154.892
156.579
155.918
154.289
155.149
155.74
155.008
154.5
152.409
149.582
150.342
148.517
146.695
144.93
141.445
141.85
140.365
143.254
142.497
141.476
141.963
139.305
141.231
143.599
