100.35
99.1233
99.4822
98.0575
98.1781
98.161
98.0381
97.7925
97.573
97.4984
98.8068
97.0721
97.2281
96.8712
97.1534
95.6998
97.3209
97.1901
97.4873
96.8311
96.7592
96.4936
98.1397
97.3553
98.3065
98.5641
100.874
99.5114
99.321
97.57
97.3396
97.2901
96.0751
95.5303
95.7087
95.3125
94.1745
93.4802
92.4164
92.6306
92.5024
92.3669
94.5517
96.4527
97.521
97.7247
97.8213
96.7394
95.8406
95.4516
95.7036
96.8595
95.3063
95.1275
95.5643
96.8208
98.9619
99.8776
98.1738
98.3781
98.4209
99.674
101.257
100.778
102.197
101.19
101.922
102.033
101.702
102.015
102.503
101.677
101.583
100.093
101.828
101.498
101.282
100.707
98.8507
98.6176
98.6267
100.958
101.766
100.284
100.869
103.617
104.643
103.259
104.747
106.777
107.01
107.378
107.07
103.243
105.257
103.613
101.091
100.357
99.733
99.1148
99.8084
100.679
99.6749
99.8368
100.643
97.697
97.5582
97.7387
97.9166
96.3188
97.5093
97.0474
96.8653
97.3232
97.0144
96.942
97.6545
98.6958
100.96
102.166
100.37
101.622
103.104
103.111
102.646
100.676
101.926
101.814
102.002
103.041
103.258
102.509
103.549
104.809
103.497
102.958
102.663
103.483
102.177
101.614
100.909
100.754
99.6365
101.009
100.409
99.8921
100.77
101.65
100.474
100.154
99.4364
100.605
100.152
99.5345
97.5823
98.5271
99.2626
98.7652
98.9177
99.1658
99.8456
99.1026
100.724
100.704
98.1714
99.41
97.74
98.5689
101.421
102.835
102.297
104.263
105.779
105.933
103.642
102.549
101.362
101.742
101.169
102.361
102.289
101.462
103.317
103.837
102.788
101.932
101.232
101.648
101.13
102.135
100.277
102.135
102.162
103.008
102.393
101.907
100.116
100.301
102.259
101.166
103.265
102.774
103.406
102.374
104.646
106.783
104.785
102.7
102.085
102.288
103.114
101.662
99.9039
100.727
99.8147
101.953
101.818
100.14
101.192
101.872
104.626
103.756
105.113
106.541
105.958
107.09
104.501
104.751
104.484
103.59
104.402
103.768
104.871
103.338
102.51
101.444
100.57
103.51
101.571
100.925
101.316
100.034
99.5629
98.4967
97.6142
98.2386
99.0958
100.097
98.5387
96.5234
96.5676
96.1541
95.8332
96.4235
95.8678
94.7314
94.1445
93.1029
91.2274
89.8825
90.9079
91.7861
94.3773
95.529
96.0621
95.0236
94.9844
93.3625
91.2988
91.8204
91.9935
90.2701
89.0238
88.6267
90.4968
89.9581
90.8214
91.4206
89.2607
88.5557
88.207
88.1319
88.1477
89.0064
89.9865
88.5887
89.326
90.4449
88.9959
89.2618
90.6086
89.6781
91.2376
92.9926
91.6118
91.215
90.7932
89.81
89.2909
91.5848
89.9833
90.9538
91.4295
91.894
89.8271
89.7388
90.9104
90.7159
90.9093
91.9866
93.08
94.4016
92.9325
91.0764
91.5189
90.6897
90.018
91.7886
91.6671
91.7195
89.9196
91.4593
91.8294
88.8393
89.2481
88.0314
87.086
87.4173
87.5622
86.6415
85.2946
85.7357
86.4665
84.313
85.4137
87.2607
86.4321
85.0651
84.241
85.6734
85.2018
86.539
86.2264
86.6342
86.9748
87.4846
86.4641
86.9002
86.1365
84.7
84.1548
84.6115
84.4813
83.5481
83.7222
83.2198
82.9952
82.1242
83.8455
84.1021
84.0056
84.2565
83.5409
84.6725
85.4759
85.1285
85.2124
86.0891
86.7009
86.3485
86.4805
86.6198
86.9112
86.8026
86.4324
86.8068
87.2543
88.1517
87.4273
87.86
86.4326
85.7937
87.9775
88.8403
88.917
87.9771
87.798
88.9287
90.2805
89.804
88.8665
89.969
89.6714
89.5609
89.0213
88.5926
90.8088
91.4915
92.2683
90.8533
90.8753
90.6976
90.3523
89.6599
91.1618
90.5238
90.8733
91.596
92.264
92.5727
92.3972
90.6343
91.0135
91.3764
90.3509
90.272
89.9497
89.475
88.8329
89.8751
88.7165
87.9336
88.9969
89.5508
89.1498
88.0191
87.9008
89.1536
89.3966
87.7339
86.6845
87.4397
88.5531
87.5899
85.6379
84.3477
82.7401
82.0228
82.1505
83.001
85.1131
86.0037
87.0119
85.6149
84.9198
85.8035
88.8347
88.7387
88.3846
88.7814
88.4329
87.8738
88.2911
86.6303
86.339
84.3697
84.6451
84.6644
85.399
85.3881
86.7167
86.5312
86.1629
85.1509
84.7513
85.8933
85.4967
84.7209
82.8956
81.9137
81.3447
82.2597
84.2437
85.7248
85.9137
85.518
86.4916
85.6551
86.3568
85.0073
84.2851
83.9494
85.7453
87.154
88.4309
87.0946
88.9392
88.6763
89.5128
89.1641
89.3494
90.0638
91.2564
91.1824
92.6439
93.0032
92.1378
89.1194
89.5058
90.4079
90.2041
92.4281
91.195
91.3302
91.6439
91.7642
91.8838
93.3701
92.3609
91.6319
91.5498
91.1589
93.8533
95.024
95.1259
95.2345
95.7882
95.7699
96.0417
94.8175
92.5631
90.6713
90.8681
91.5237
89.9846
88.829
89.7133
90.2901
88.8859
88.2125
88.9221
87.8209
88.4416
89.1447
89.2564
89.3545
89.1847
86.7796
87.7423
87.0934
86.6728
87.256
87.4013
87.3601
87.4944
87.9613
88.2855
87.3209
88.6361
90.3182
92.3815
92.3085
92.8499
95.2016
95.9322
96.8149
95.3619
96.7368
97.5657
96.7025
98.4531
96.5796
97.3684
97.3164
97.6307
97.5609
96.2298
95.9343
95.0728
95.38
94.0379
92.7793
93.6973
93.9776
92.7691
92.9396
94.1385
95.9539
95.2207
94.247
93.0925
92.2417
92.6873
91.6327
90.2137
90.0164
88.3305
88.5608
88.6478
89.1127
89.1769
87.8996
88.3932
90.2537
89.5863
90.1186
91.4207
90.6734
90.0277
88.8779
