101.727
100.236
100.759
100.463
99.2897
97.2852
95.9684
96.2317
94.9479
95.4987
94.5439
96.9801
97.0937
99.3156
100.204
100.535
100.607
100.909
101.355
99.1099
99.0792
99.432
98.7935
97.2802
94.949
96.9464
97.2314
99.2252
99.6211
101.707
100.523
100.109
99.6056
100.461
102.886
102.294
102.023
100.27
99.4732
100.791
100.674
99.9391
101.023
100.79
100.748
101.532
101.914
102.88
102.861
101.45
102.828
100.48
101.186
102.537
102.002
102.3
102.385
104.07
104.662
104.47
104.683
105.839
106.845
108.445
108.268
107.574
108.973
108.011
106.794
106.667
108.099
106.948
105.708
106.965
106.16
107.554
106.338
105.187
106.203
105.325
102.747
103.057
100.82
101.398
101.377
103.015
99.9861
100.086
101.239
102.084
104.511
105.422
103.67
103.315
103.998
102.437
100.941
98.826
101.167
100.252
100.426
99.8101
100.104
99.5677
100.332
100.083
99.4373
100.141
99.266
98.0006
98.3691
98.1445
97.0594
98.7974
102.238
101.285
101.112
100.47
99.7628
98.7496
98.4814
99.0234
99.3401
98.2038
95.2794
94.3732
95.0491
94.1215
94.1962
94.7355
95.9727
94.9402
96.9431
96.1732
96.6601
97.7625
97.9968
98.7008
101.18
101.47
102.073
101.509
99.8584
98.5541
97.8058
99.9415
101.178
102.101
100.612
102.473
102.427
100.393
102.045
101.163
101.82
101.544
102.47
103.499
105.767
105.066
103.932
105.511
107.293
107.927
106.177
107.692
108.377
109.072
109.131
107.751
106.089
103.351
103.922
104.533
102.538
99.1585
99.0632
99.6449
99.8789
100.007
102.024
100.368
101.012
100.587
101.309
101.266
101.058
101.168
100.61
101.329
101.985
100.494
101.06
101.895
102.368
102.922
101.032
101.373
100.777
100.805
101.387
101.819
102.626
100.725
101.754
102.542
104.249
102.654
102.504
101.987
100.645
102.23
101.794
104.07
103.449
103.088
104.539
106.914
107.789
107.674
107.406
105.245
105.07
105.071
107.434
106.932
107.321
108.541
108.436
109.621
108.818
105.416
106.568
106.196
107.42
106.572
106.523
107.553
108.945
108.717
109.555
109.65
109.966
112.896
113.628
114.552
114.411
112.799
109.927
108.689
109.402
108.974
108.161
109.384
109.23
109.093
109.959
110.739
111.597
113.03
113.113
111.669
109.442
109.54
109.947
111.286
112.909
113.737
111.933
110.886
109.831
107.639
108.886
109.264
107.612
109.934
110.097
107.01
106.704
108.036
108.198
108.566
107.976
107.429
106.619
105.881
104.594
102.959
102.968
103.165
104.46
103.965
102.739
102.766
103.232
103.357
103.302
102.137
104.46
105.196
106.573
104.388
104.449
106.302
104.35
104.934
105.713
104.32
103.613
103.856
102.844
102.926
102.045
103.295
102.437
102.327
102.799
103.284
104.55
103.63
106.023
104.772
105.403
106.115
108.049
106.576
108.239
107.81
106.695
105.79
106.77
107.06
105.77
104.163
102.447
100.135
97.9658
98.9863
100.645
99.7064
99.0609
101.264
104.223
105.313
105.901
105.083
104.515
103.802
103.119
104.858
105.125
104.579
106.051
107.936
108.905
109.524
110.763
109.356
107.654
109.702
109.292
112.267
110.553
111.862
108.413
107.376
106.246
106.809
106.261
105.766
107.099
108.786
109.047
108.294
109.19
111.067
110.514
111.636
110.951
111.261
112.143
112.674
112.289
113.056
113.382
114.557
115.152
117.028
118.448
119.687
121.136
121.322
120.177
121.318
119.632
118.727
120.358
120.978
121.212
125.12
124.219
123.259
123.371
124.442
125.509
126.913
129.519
129.774
129.122
130.564
130.288
130.135
131.937
130.301
133.455
134.139
136.782
136.793
138.383
139.625
139.489
136.438
138.996
139.439
139.047
139.794
137.075
137.413
140.583
142.221
142.173
142.18
141.281
142.899
141.051
140.362
139.954
140.641
143.282
146.569
147.832
144.586
145.254
145.735
145.938
148.489
149.056
147.96
149.177
146.533
145.99
147.541
145.868
145.36
143.401
142.181
144.654
143.64
142.396
141.962
143.095
144.705
145.619
140.773
140.93
139.423
138.476
138.357
134.315
135.265
137.274
135.255
136.746
136.48
138.462
136.574
136.25
133.685
134.396
132.364
134.597
134.533
137.186
135.774
135.791
136.444
137.604
139.852
141.155
143.318
145.934
146.267
146.894
144.257
141.954
142.874
145.794
144.98
145.259
144.338
144.407
143.624
144.753
140.834
139.38
138.342
138.231
136.057
134.795
133.74
133.904
135.502
133.505
134.972
137.467
140.571
140.694
140.122
141.213
139.655
140.486
138.215
141.173
144.099
142.225
140.067
137.566
137.213
134.634
137.247
137.047
138.883
139.509
135.773
135.67
135.891
135.527
135.531
134.62
135.414
134.639
135.963
137.957
138.754
140.1
140.951
143.798
144.801
142.403
143.95
144.568
141.751
140.927
140.268
140.533
139.407
140.018
139.007
137.782
135.648
133.566
133.622
132.247
133.511
132.212
133.807
133.703
134.09
134.95
134.016
132.841
129.417
128.987
128.653
130.023
132.189
131.718
131.279
132.192
133.131
130.918
129.415
130.378
132.586
132.327
131.784
132.676
134.318
133.311
135.335
135.791
136.642
138.506
137.955
139.251
142.513
142.293
141.652
141.725
140.126
