97.8347
96.969
95.8414
95.5256
94.3999
92.6765
92.5359
93.3392
92.3641
92.1123
93.6262
93.2067
93.8775
94.9859
95.7101
96.6427
96.0543
95.9468
95.7197
97.3809
98.1994
96.3924
94.5864
95.0865
95.6574
97.754
98.0701
99.2056
99.5808
100.683
98.8943
97.4811
95.1791
94.5399
93.927
94.2921
96.2141
93.9486
94.2608
94.3122
94.1332
95.0135
95.6645
96.334
96.4593
95.055
94.3124
94.3544
93.6962
95.4848
93.6911
91.7336
92.1171
91.8147
92.076
90.3891
92.0868
93.7861
95.3809
95.6996
96.7646
95.9349
96.3663
96.3698
94.4289
94.0374
93.2073
93.4947
94.6938
95.9947
96.9933
99.2789
99.6181
100.903
100.97
100.902
101.901
99.2795
102.028
103.34
103.797
101.984
103.026
102.574
101.872
100.806
99.9174
99.2851
99.5645
100.458
100.555
101.146
102.153
103.043
103.755
104.52
105.311
107.678
108.361
107.793
109.154
108.491
108.64
108.038
107.124
107.723
108.656
106.709
109.188
111.075
110.167
109.975
110.379
111.716
110.72
107.02
106.009
105.935
106.983
106.63
107.153
107.549
106.828
105.121
104.785
104.044
106.708
104.552
103.158
104.669
102.752
102.585
101.943
100.824
99.0135
99.1517
99.992
95.8613
94.0947
94.2755
93.042
93.4474
91.5857
92.1889
91.6239
90.3449
88.7296
88.9747
89.978
91.0556
91.1492
93.8013
93.715
94.6176
92.7273
91.971
92.5051
90.5834
92.2837
93.9978
94.1163
92.8786
93.3266
94.2865
91.9166
91.0605
90.255
90.5044
89.718
88.9524
88.3478
89.366
87.6127
89.4044
89.8679
89.254
89.7384
89.4616
86.2979
86.646
86.977
88.8787
88.5588
87.7059
88.1619
88.8233
88.8088
86.7609
86.7479
87.6479
86.2063
86.2655
86.6126
87.6638
86.9281
88.0877
89.5778
90.3894
89.9361
88.1891
90.1523
89.1435
89.1714
89.2583
89.1755
90.0377
91.7153
91.7735
92.5177
92.278
92.2838
91.9777
92.9544
93.401
92.9941
95.5088
96.8132
98.2649
96.8472
97.6909
99.4787
99.4374
100.172
100.341
99.5068
99.9414
101.084
101.887
101.689
103.92
104.421
103.666
105.054
106.153
109.265
108.989
108.733
108.431
108.998
108.284
107.266
112.482
112.659
110.294
110.898
111.618
110.664
108.979
110.995
111.859
112.586
113.997
112.668
113.282
110.927
110.691
112.491
110.898
110.418
109.622
109.147
108.367
107.457
107.522
104.184
105.651
107.946
107.217
106.925
104.938
106.101
105.938
104.52
105.057
103.466
104.087
104.978
105.467
104.309
104.433
104.368
104.956
105.963
107.139
106.583
107.403
106.036
107.115
106.893
104.47
107.518
109.633
111.111
112.291
110.601
109.637
109.796
107.089
105.882
108.759
107.832
105.208
106.005
106.959
109.382
107.965
107.371
107.519
107.175
108.389
108.724
109.543
110.237
110.02
109.76
108.669
106.014
103.93
103.03
104.62
102.976
105.007
105.155
103.657
106.25
105.213
105.439
104.455
105.583
105.353
106.071
106.808
105.674
106.472
105.969
106.427
105.433
104.947
104.311
105.395
104.998
103.919
103.605
102.654
100.991
100.84
101.817
100.142
98.4209
97.3803
98.8849
99.781
99.91
99.5931
98.4627
98.5152
99.4361
101.905
102.019
101.047
99.7984
100.349
100.707
100.656
101.286
101.427
99.1865
99.1503
98.7668
100.304
100.872
103.946
103.625
103.892
105.171
106.264
107.966
105.863
104.776
106.226
107.695
107.99
109.54
108.075
109.354
111.078
110.387
110.111
109.81
109.777
110.408
108.176
111.028
112.132
110.588
109.132
107.157
106.723
106.433
105.957
104.851
105.555
106.032
106.754
107.763
106.684
104.723
104.294
104.157
104.834
104.205
104.838
107.804
107.58
108.617
110.11
110.961
111.153
109.962
107.754
107.807
107.721
105.002
105.975
105.515
105.515
106.469
105.994
105.315
105.293
106.679
104.154
104.671
104.313
102.371
101.764
101.241
100.185
97.4879
95.5768
94.1272
94.692
93.9355
94.3757
95.992
96.1553
96.0943
96.3619
98.1319
97.1001
98.5776
97.9723
99.2687
97.8579
98.8074
97.8889
99.2014
97.1464
97.5458
94.3742
93.9023
92.7081
92.6515
94.0055
93.1742
92.4976
94.3894
93.574
95.1884
94.8381
94.7912
95.7931
96.5099
94.4244
94.9831
96.0184
96.3242
96.0168
95.7555
96.7902
96.7572
97.1921
96.7803
97.1295
96.74
95.8973
95.1453
94.831
95.8507
95.7002
97.5652
97.5647
96.7926
97.2902
96.4807
96.951
97.9393
95.6563
94.7086
94.694
95.5534
94.6721
95.7719
95.2599
93.334
91.7287
93.3622
92.4431
92.928
93.4799
93.9036
94.2379
95.1602
93.4499
92.0819
92.3755
91.609
92.7993
91.4204
90.2953
88.4227
87.0525
86.1472
86.2488
84.7259
85.1699
85.959
85.1162
85.089
85.7574
84.9186
85.4457
85.7897
85.7343
84.2831
85.5491
84.9959
85.0789
85.1176
84.6765
84.2334
83.2306
83.1822
83.9339
84.2489
85.4934
83.8398
84.1563
83.8609
85.1319
84.6896
83.0096
82.0152
82.2158
80.3831
82.8125
82.2088
83.9495
83.2417
82.49
82.8558
81.4363
80.1754
79.8924
80.5623
79.9245
80.2752
78.6214
80.6402
81.2784
81.779
82.9949
83.1689
82.4067
84.0632
83.8351
85.7981
84.6491
84.4202
86.0347
86.9453
87.1842
86.5404
85.0404
85.5836
86.2699
84.6737
85.5112
85.2
83.0639
82.263
82.7969
85.6975
85.0403
86.7617
88.3661
86.5574
88.4119
88.2862
87.2764
