98.337
98.9681
96.8899
96.7615
96.9849
98.2043
98.1085
96.7376
93.6748
92.7864
93.0911
93.3624
91.9847
92.9024
92.7757
93.4104
93.2147
93.2228
91.6976
91.5496
93.2158
93.4039
91.896
91.7851
93.3329
93.1638
90.0063
88.8048
89.9
88.7714
88.0047
88.258
89.5119
91.6628
90.9901
88.485
88.3356
85.9191
84.934
83.0672
82.0239
82.5111
83.1577
81.4003
82.5646
82.8847
83.9179
83.7618
83.7714
85.4246
86.2972
86.3788
86.9638
85.6786
87.2047
88.1052
85.3844
85.4692
83.5832
84.0535
82.353
83.4455
82.4282
83.6387
82.828
83.4867
82.7874
82.0169
82.2284
83.279
83.2497
81.5098
80.0513
78.463
78.6105
77.7701
77.0428
78.629
78.0984
78.1055
78.0556
77.2487
77.4514
79.0325
79.1836
77.8591
77.9548
79.1218
78.9239
80.9265
80.8094
80.5271
79.4649
80.2696
80.4496
80.0055
79.4579
79.6423
80.193
79.3672
78.6188
79.8855
82.5303
82.7815
82.7419
81.1947
79.1767
78.3361
78.1733
77.5904
76.8773
77.7344
78.1014
79.0213
78.1732
77.6543
76.5954
76.6354
77.7776
77.1967
77.1784
77.144
75.4434
74.9485
76.4898
76.0531
77.0667
76.4792
75.4309
75.2811
75.7138
75.3065
74.6841
75.181
76.5608
76.8372
78.1331
78.833
79.0682
79.3667
79.8123
80.8077
81.1801
80.683
82.4278
82.7141
82.8963
84.4222
84.7411
83.4875
81.1863
82.8675
85.371
83.978
84.3947
83.1295
82.9342
84.2216
83.0433
82.5064
82.62
83.4789
82.5736
82.8224
82.1953
83.7127
82.0151
82.2179
81.3334
80.9315
81.31
82.8833
82.6118
81.5749
78.9931
79.8918
80.8132
80.7332
80.4103
80.3646
79.3402
82.0294
80.8827
81.7718
80.7149
81.5956
81.8094
82.3639
83.9581
83.9359
84.4215
83.3336
82.5691
83.1362
81.5048
82.8586
80.0238
79.0864
79.8708
79.5561
79.1058
79.8985
79.5622
79.2563
80.2963
80.8109
80.259
78.8722
77.9398
77.9868
77.852
77.4546
79.2161
79.779
79.6731
80.9548
82.6919
82.7709
84.0559
84.2334
83.9268
83.5351
83.4616
82.0096
83.0486
83.8335
85.6889
86.002
85.4151
85.9556
86.2301
84.9499
85.7303
85.2918
86.1795
86.109
86.725
87.3101
87.9428
87.0291
88.9685
87.4414
89.0699
89.1857
89.4599
89.1406
89.3266
89.0108
87.8053
87.122
89.4408
89.4093
90.2856
90.1689
89.4666
91.5863
91.1569
90.6854
92.9887
91.798
91.5632
92.0686
92.5056
93.1794
90.5174
90.5923
91.4554
91.5138
91.9568
92.224
92.1232
93.4589
92.2886
91.1364
92.3027
93.8379
95.3246
95.1364
95.8274
96.0561
97.3457
96.7459
97.583
99.2327
98.0947
97.8138
99.4357
97.5547
98.4325
98.7218
98.8174
99.3115
100.502
99.7528
102.191
102.997
102.02
101.93
102.215
103.109
102.533
102.637
103.774
103.783
102.681
103.803
103.549
104.784
107.925
108.794
110.206
114.492
114.387
114.845
116.113
114.95
115.841
116.222
116.529
117.232
117.971
120.082
120.629
119.332
118.307
118.315
117.715
118.783
120.369
118.48
116.349
116.139
115.443
117.555
118.68
119.35
121.857
122.285
123.264
121.081
121.552
122.356
121.373
124.556
126.1
129.457
125.859
126.891
128.256
131.649
131.371
133.226
132.416
133.134
133.418
133.867
134.524
134.178
131.775
130.879
131.495
132.368
131.044
131.89
132.515
135.816
135.093
136.448
137.678
135.978
138.409
137.007
137.745
140.297
138.55
138.019
139.38
141.008
143.337
144.484
145.62
146.647
148.171
148.671
149.257
150.109
149.204
150.758
150.946
152.382
149.753
148.831
147.218
147.986
146.744
143.998
142.977
142.575
140.698
136.867
133.059
134.835
134.676
134.664
133.522
133.357
133.82
136.747
133.852
132.945
132.264
131.326
131.765
130.294
131.75
131.531
131.565
132.194
129.107
126.681
129.992
129.845
127.425
128.304
126.938
129.791
130.767
133.594
132.906
130.726
130.409
134.368
135.315
135.541
135.703
136.218
133.392
136.057
136.075
133.665
135.789
135.838
136.491
137.769
139.245
140.294
137.241
136.576
134.286
134.018
134.691
136.392
135.529
136.017
137.033
133.799
134.768
134.602
136.28
136.56
138.398
139.134
139.078
139.719
138.668
140.645
139.281
143.56
139.084
137.69
139.693
139.481
138.002
140.269
138.655
135.875
132.459
134.571
136.085
135.286
135.798
135.974
134.891
133.934
135.777
131.906
129.528
128.332
127.42
127.674
128.387
129.158
125.726
125.266
125.384
123.685
121.233
122.459
123.267
120.875
120.415
120.662
118.439
117.587
115.703
115.468
114.986
114.593
112.946
113.711
112.166
111.514
112.305
113.769
113.377
115.865
115.872
115.256
112.257
111.416
113.355
112.981
113.545
113.76
113.941
112.284
108.253
107.446
107.327
106.914
107.867
105.435
103.599
103.27
102.93
102.672
104.566
104.651
105.503
108.038
106.596
108.729
109.273
109.478
112.676
114.816
112.671
114.149
111.61
112.271
113.768
113.734
113.696
113.818
116.656
116.507
115.871
117.455
118.391
117.929
117.073
117.408
116.661
117.531
116.649
118.048
117.215
116.577
119.222
120.889
120.227
119.033
118.46
118.272
116.411
118.682
118.789
116.78
118.739
121.318
121.918
120.861
122.741
124.015
124.787
122.103
121.246
122.69
125.449
125.397
125.241
124.684
126.022
126.791
130.387
132.011
134.746
136.695
136.832
135.374
