101.719
102.644
102.291
100.628
99.5713
100.147
99.918
99.4678
100.223
99.8607
96.8471
94.2079
94.6354
94.0492
94.8897
95.1595
96.2613
96.369
96.8213
95.4934
96.3283
94.6723
92.5337
92.6065
94.9349
94.7181
94.8087
92.0327
93.8767
93.0618
94.9973
96.8542
95.7437
95.0125
93.2236
94.9207
94.242
95.9793
97.8448
97.7572
97.3576
96.9785
96.5151
94.1958
92.5613
91.2421
90.2351
90.0058
88.9217
87.8539
86.5025
84.4632
86.0409
84.8238
85.0631
84.8889
85.8558
87.4006
87.8145
88.2228
87.1246
86.1522
88.0785
87.1736
86.3324
85.6069
87.1194
86.3674
86.2653
86.6435
85.8656
84.9241
84.164
84.4001
83.9368
83.9414
85.5981
84.3222
85.0605
85.7706
87.1466
86.0284
86.4092
85.3593
85.449
86.111
86.285
86.3182
85.3203
85.3447
87.2762
87.2699
87.236
85.9629
87.5077
85.2764
85.275
84.0492
82.9697
81.0001
82.0985
82.4459
82.4816
82.1095
81.4291
80.8254
80.4589
81.3895
81.6891
81.7221
81.355
82.714
81.0275
79.8925
80.0077
79.1146
80.5197
80.8921
80.0787
79.279
79.4537
78.3507
79.4159
78.0894
77.3661
77.2158
77.1834
77.206
77.6884
78.1519
77.152
77.5427
77.8303
76.6102
77.1565
76.7863
76.5751
77.2343
77.5858
76.3642
76.9845
77.0297
77.2397
78.0301
75.7525
74.817
73.1753
71.9784
71.2963
72.404
72.174
72.8564
72.9655
72.241
70.6243
70.3699
70.5825
70.4783
71.4699
71.1218
70.7353
69.6152
68.9953
69.1014
69.717
68.195
66.355
66.0107
65.8424
66.1832
66.6056
65.7031
64.9872
66.3376
64.8651
64.6806
65.3085
64.1941
64.5922
63.4579
63.5718
63.2227
63.593
63.6701
63.9097
65.2697
64.7302
63.4806
62.8654
61.3462
61.4246
59.9901
60.4883
61.3309
61.3896
61.2789
60.7863
60.7109
60.7917
60.8541
61.7779
61.8151
60.7674
60.9415
61.3221
61.587
62.2193
62.3703
63.1112
63.2902
62.8384
63.297
62.2202
64.5407
65.0481
64.0433
63.4646
65.303
64.6842
63.9504
63.2971
64.0569
63.8876
64.5194
64.5242
63.868
63.8491
63.9512
64.1827
63.6854
63.8281
63.352
64.457
65.1785
65.4757
64.6951
63.7849
65.0616
65.0728
66.313
66.9087
66.8848
68.4137
67.8646
67.1247
67.5116
66.3163
65.3111
64.2504
64.2257
64.9184
65.4273
66.1589
65.3585
65.0118
65.0628
64.6915
64.4168
63.5121
63.3885
63.601
62.6455
62.1739
62.3327
62.1299
61.7827
60.5671
59.7515
58.7653
59.0302
58.0331
58.4647
58.9429
58.664
57.883
59.274
58.7009
58.5308
59.1331
60.0352
58.9227
59.7834
59.7477
60.1788
60.6059
60.9535
62.0281
60.8029
60.6228
61.2778
61.3497
60.8654
61.4099
61.4804
62.1131
61.3544
60.5905
60.2487
59.6555
59.5772
59.8948
60.6077
60.7072
59.8802
60.3089
60.1831
60.6956
59.8381
59.9707
60.6177
62.1464
60.9925
61.2956
61.5205
60.8741
60.9432
60.3515
59.9098
59.5168
59.7426
61.1352
60.0875
60.4913
60.545
61.9664
63.4746
62.4262
63.808
62.8979
63.0031
62.8953
63.185
62.2215
62.395
62.1409
62.376
63.0945
62.5887
63.2373
62.5115
63.0446
62.4921
63.4968
64.2234
64.5813
65.0454
65.5969
64.6537
65.0268
64.4039
64.1204
65.4233
64.192
61.5158
61.8938
61.5966
61.6806
60.8809
61.1535
61.7625
63.4066
63.305
63.8611
63.8891
64.0125
64.5487
64.0431
64.633
63.5583
63.0272
62.8992
62.7524
62.8546
64.0009
63.6856
64.2353
65.155
64.5235
62.87
62.0594
62.2213
61.9681
62.3155
62.6823
62.8576
63.9676
62.6759
62.7392
62.202
61.3436
59.8024
59.6039
59.3269
59.1881
59.1828
58.5096
58.1984
57.8516
58.1459
59.132
60.3788
61.0562
61.5209
60.7823
62.5389
62.0632
61.0176
60.2246
58.8978
58.6531
59.3104
58.0034
58.8725
60.0074
59.3718
60.1646
59.9266
58.7771
58.3077
57.5677
58.6682
60.1116
60.1665
60.3106
61.655
60.9833
60.1001
60.1297
60.3535
60.3508
61.8897
62.8195
62.4375
62.1156
61.6676
60.799
61.3888
61.5005
61.2545
61.2079
58.8365
59.5084
60.3752
61.3412
60.6174
61.1307
61.8779
62.6128
63.1179
63.2089
63.3517
64.0552
63.8702
64.5986
65.7685
66.2869
66.4366
65.9675
65.4768
66.3233
66.313
64.9722
64.4894
65.4863
64.7486
65.2305
65.9778
66.3677
65.1377
65.4675
66.0221
66.894
66.4817
66.9604
66.0874
66.2715
64.7543
62.5354
60.6221
60.872
61.1011
61.1003
60.7723
60.9126
59.391
58.7578
58.3684
58.2801
58.8203
58.5465
58.1199
59.5234
61.1779
59.9723
59.3108
59.0589
58.5726
57.4855
57.0543
57.2392
58.9226
58.8027
59.7274
60.5582
60.626
60.0498
60.7721
59.5316
60.2912
58.5979
59.4587
59.5171
59.2677
59.1907
59.8618
61.1945
60.2764
60.448
60.0278
59.0486
58.8644
59.1843
58.1831
57.9955
58.3312
57.6019
57.6073
57.4795
57.2984
56.7174
56.1353
56.3876
55.0781
54.5323
54.4336
54.5774
54.9433
55.3608
54.6578
54.3288
53.4879
53.4398
53.3415
53.0241
53.8454
53.7658
52.6292
52.9456
53.068
53.5399
53.7593
53.8421
53.444
53.1199
53.8819
53.6237
54.9791
53.8599
53.3776
53.9505
54.5692
55.1223
54.5491
53.2619
53.1283
53.1892
53.0678
53.9873
53.6553
54.0523
53.164
54.0798
53.5862
54.0697
53.5943
53.1498
52.402
51.5188
51.553
51.5517
53.2744
54.6517
54.4985
54.8881
54.152
54.9442
56.073
56.5019
54.6283
55.1399
54.3627
53.5441
53.9148
53.8704
51.9286
51.8903
50.7481
51.4153
51.4746
51.6373
