100.533
101.261
100.181
100.476
101.364
98.9143
99.6132
99.5984
99.0986
99.6562
99.8196
96.999
97.0116
95.4269
95.9747
97.1902
98.3808
97.4014
97.9038
96.4164
97.3451
96.5599
95.2134
95.1004
95.3051
96.9186
95.6758
93.641
95.025
94.0764
97.2064
97.6883
101.023
101.431
102.959
101.317
102.978
102.303
103.407
101.876
101.643
101.346
102.377
102.725
103.606
103.022
101.063
101.545
103.501
103.583
104.597
104.859
103.34
102.409
103.349
104.422
105.393
103.847
102.602
102.067
104.379
105.757
107.933
106.343
106.299
102.611
103.44
103.649
103.479
101.231
100.942
97.7995
96.7859
94.8862
94.5484
95.982
96.2648
95.3855
95.5817
95.9643
95.0978
95.1255
94.2248
94.6539
95.5611
93.3193
92.7322
93.3851
92.8974
91.3585
92.7512
90.3017
89.2054
89.1083
89.0811
88.8986
88.0628
86.4763
86.2881
87.6358
88.6888
91.194
90.2208
88.9777
87.8014
89.5683
87.2727
85.8834
85.4957
86.3284
84.6857
84.2666
83.7122
83.4473
81.8232
83.5148
85.2028
85.4494
84.5905
84.5528
85.3025
84.821
84.6855
83.6653
83.5529
83.0327
83.639
85.457
85.6095
85.8336
86.7531
87.2384
85.9294
85.7741
86.1991
86.1696
85.8768
85.7049
85.1086
85.5541
84.7993
86.1697
85.398
85.5281
84.9803
84.4842
84.992
85.1862
83.8358
85.986
86.2613
86.1042
87.7602
88.2201
88.6789
89.9927
89.9398
90.4099
89.7168
89.1247
90.2536
91.5647
91.9674
91.4409
91.5793
91.4551
91.6166
92.2515
91.4808
91.3925
91.5157
90.7817
89.3709
88.6109
87.0818
87.5924
87.8017
87.82
86.8544
85.8574
86.1959
86.5917
87.6694
87.8495
89.9417
89.9502
89.561
89.6616
91.5786
90.6479
90.0389
92.7398
92.8883
93.2892
94.6658
95.0745
95.1502
96.3923
94.7136
95.2432
94.5181
92.4303
92.7992
91.575
91.4208
92.1032
91.2051
90.8501
90.9622
92.8042
90.8916
89.2206
88.3169
88.9638
89.1698
89.0786
87.2839
87.2784
87.0972
88.1579
90.0037
90.0585
89.9895
92.2045
93.2989
91.4573
92.1092
91.1161
91.1657
91.1358
91.1447
89.6271
89.6536
93.2143
93.6829
94.5526
94.4955
95.6287
95.0575
94.5756
93.741
94.7649
95.3776
94.1963
93.5887
92.4772
92.2466
90.0632
91.175
89.8784
89.5645
90.183
90.2131
90.4594
92.0249
91.921
92.9283
95.5538
94.4732
95.5329
95.7043
97.2164
99.1114
99.0516
100.328
100.842
100.49
102.193
103.312
105.398
106.246
107.172
106.7
108.449
107.899
109.221
109.791
111.72
109.744
109.423
110.418
112.245
112.032
112.297
111.873
111.65
111.471
110.39
112.453
113.357
113.408
111.839
112.023
114.256
115.205
116.066
115.944
115.488
115.029
115.096
117.825
117.811
116.062
117.193
117.481
115.988
114.297
113.754
113.056
109.65
110.77
110.189
110.376
111.313
110.225
109.68
109.99
108.692
107.484
106.231
106.722
107.714
107.756
105.701
105.43
104.468
105.223
104.842
106.5
105.969
104.3
105.565
104.593
106.455
107.718
106.97
108.108
107.57
106.719
106.015
106.82
105.554
104.597
105.839
105.955
105.274
102.239
102.838
100.65
101.845
100.504
99.8547
98.4822
99.9616
100.814
100.847
99.3114
102.062
98.9447
98.7567
98.2834
98.263
100.105
97.9457
98.4879
97.1832
97.4708
96.9493
97.0945
96.6794
95.844
97.1828
97.5991
97.0453
95.9337
96.531
96.0796
96.6311
97.68
94.953
95.1208
98.1357
99.4248
97.8285
96.7663
94.9217
95.9826
96.0578
95.6564
97.7363
95.661
94.7149
92.85
94.5789
95.0589
95.3932
95.2696
95.9428
92.8702
93.3641
92.9232
92.4918
92.7753
91.7021
89.8244
90.1059
89.7983
89.0959
88.4708
88.5467
89.3847
90.6024
91.8492
92.6451
92.7165
91.8092
90.5742
90.4407
91.949
92.5137
92.6396
92.4121
89.5155
90.5205
91.9604
91.1392
92.0935
92.3968
92.1443
93.1468
93.006
92.7641
91.9417
90.618
89.8205
91.0144
90.6472
89.925
88.6686
89.1743
88.4661
90.8955
89.3419
87.2015
87.7363
87.193
86.8775
85.8096
84.9191
84.7266
84.5659
84.4128
85.8349
86.4191
86.58
86.9599
86.0896
87.019
88.0827
86.0787
86.5404
86.38
86.674
86.8608
86.7497
86.9009
87.9722
87.2467
87.4452
87.081
85.1816
83.5299
81.6649
81.1692
84.0951
83.4617
82.4046
84.3088
82.6775
81.0556
82.4294
83.5957
83.7047
83.1806
83.2505
82.9406
82.1867
81.5205
81.2025
81.9316
81.4115
82.9591
82.4429
82.827
83.3004
81.0087
82.2194
81.0512
79.5282
77.8966
75.7044
76.5499
76.4051
78.452
76.8482
75.3531
74.7784
74.4243
74.5447
74.3813
75.2388
73.9793
75.4921
75.358
75.5604
75.3923
75.4721
76.2943
75.6465
75.6821
76.2296
74.9428
73.1993
72.5903
73.9633
73.0438
73.0569
73.8705
73.6885
73.3081
74.2417
75.2276
73.142
72.0656
71.6617
72.4694
72.4342
73.3365
73.6527
73.7683
73.7186
74.4405
73.9843
73.9299
73.941
73.8073
75.611
76.6317
77.1031
76.8135
76.5226
76.1583
75.9612
75.6407
75.8972
76.5199
77.2705
77.8371
77.7916
79.0723
78.4545
78.9087
77.6501
77.7731
79.2184
79.4555
79.2456
78.3899
79.1
77.9888
78.3685
77.6747
77.6426
77.2034
77.6276
78.3387
78.114
78.4048
79.1909
79.4137
77.4824
76.8372
77.1931
76.4695
77.2106
76.939
77.9023
77.3991
77.7693
78.1345
78.9453
78.9602
79.6648
79.1442
79.2001
79.8861
80.1777
79.4794
79.8356
78.7437
