98.4359
97.9767
99.1043
99.4294
98.5442
98.7354
97.9715
97.8704
99.9079
99.5512
100.528
103.424
105.678
104.631
103.973
103.197
101.524
103.081
105.256
104.232
103.596
102.368
102.153
103.273
105.277
104.759
104.436
103.558
104.142
104.15
104.918
103.947
103.258
100.653
100.511
99.9769
100.723
98.9523
100.989
101.414
100.039
99.4852
100.186
102.089
102.271
101.291
98.8785
99.7407
98.7283
98.8021
99.6517
100.738
100.302
101.785
101.674
100.462
100.903
98.9415
98.8421
97.501
100.197
100.593
100.041
99.2989
99.3801
97.7927
96.0682
94.6518
95.0426
94.7716
94.9699
94.5701
93.2735
94.4977
94.0993
94.5943
96.2593
95.8361
98.1384
98.3695
98.2095
99.723
100.042
99.2623
99.431
99.4549
98.4239
97.8419
97.7062
95.706
96.2092
95.6804
96.6006
96.295
94.311
92.857
92.7248
90.8386
91.7632
90.7029
89.3707
90.52
90.4959
89.1138
88.3345
88.3569
86.438
85.7642
86.0143
87.042
86.7989
88.3109
89.0714
87.2038
86.5727
86.3662
86.205
85.7404
85.2123
86.495
87.7774
87.9616
87.892
87.7495
87.7183
88.8417
90.5412
91.2029
93.58
92.8919
94.5112
94.8717
93.8718
95.3426
95.5951
94.3493
96.4676
96.6032
97.6857
97.2751
95.7959
94.6454
93.9665
95.8392
94.6593
96.8452
97.7489
98.9664
99.8977
101.319
100.444
99.9709
99.1878
99.7577
100.37
101.196
102.007
103.215
104.955
104.33
105.106
105.902
106.652
107.277
107.618
104.924
105.238
104.327
102.527
102.901
101.053
101.934
101.223
98.9071
100.599
101.044
102.487
103.059
104.189
102.72
101.432
99.4647
96.613
97.0164
97.867
96.3665
97.2675
97.8578
96.8507
97.4129
96.4087
97.6224
97.0805
98.0328
97.3498
100.444
101.276
102.373
97.9847
97.7522
94.7964
95.165
94.8825
94.8886
93.2239
94.6335
94.984
95.1762
96.2332
95.5446
96.506
97.0276
96.3573
98.5851
97.7619
96.7276
96.9754
98.5531
97.1903
96.5482
96.5662
95.6238
95.1413
95.7891
95.5579
93.9805
96.3478
97.0564
97.0862
98.7588
98.5073
98.3711
98.748
97.1971
97.4011
98.7225
99.6014
99.7381
100.228
101.736
102.388
103.744
104.891
104.471
105.878
105.156
106.068
106.118
105.912
105.717
104.056
101.984
102.451
102.742
101.89
102.632
101.745
100.35
100.161
99.8431
101.933
102.96
102.374
101.552
100.4
100.493
101.442
99.8976
101.364
101.904
102.088
102.561
102.053
102.326
104.746
102.997
104.021
102.28
101.704
101.534
101.058
99.7623
100.294
99.8354
97.3616
95.4535
94.1009
94.3509
96.0981
94.9887
96.0074
97.4759
94.6523
94.831
94.4463
94.5679
93.63
92.1795
92.1732
93.5359
92.7438
93.5387
92.4897
93.2187
93.125
91.9703
92.6464
92.7281
91.5806
91.6082
92.4747
93.9634
94.2698
95.5867
94.8754
96.453
97.2188
96.0828
96.2463
97.2583
97.4089
97.4937
99.828
98.8532
99.3183
100.403
101.327
100.844
99.783
101.294
102.745
102.038
103.414
102.662
103.803
105.322
103.337
102.732
101.828
101.422
103.881
102.615
102.352
101.551
99.4585
100.136
101.753
101.099
100.019
100.87
99.5651
101.395
101.328
100.842
98.5943
98.0795
97.7498
98.0229
98.1443
99.2684
95.8427
97.0393
96.5149
97.462
97.3548
95.7734
96.6704
97.2189
99.0805
99.2135
98.8372
98.9355
96.8374
95.493
96.8104
96.1024
96.0042
96.6062
96.8101
95.3395
95.6874
98.232
95.1134
95.4538
95.8316
96.4081
97.733
99.2848
99.8988
98.2569
98.3031
99.756
101.586
102.218
100.988
99.9894
100.72
100.829
100.457
100.127
99.4405
99.9775
99.1224
96.8236
96.018
96.7879
96.8511
97.6955
97.7077
99.0088
98.6296
98.1016
97.0374
97.0447
96.5916
98.2432
97.3908
95.4791
95.3758
95.7021
94.507
94.3492
93.9457
93.9464
94.6071
95.456
95.5903
98.8052
99.8304
100.428
99.8016
100.544
100.287
101.818
101.5
103.232
103.924
102.885
103.517
104.325
106.271
106.208
103.736
103.439
102.007
103.956
101.442
97.9751
97.5694
97.9227
98.8327
98.1077
99.9683
99.5337
98.5368
98.682
99.7673
100.563
99.0985
98.6508
98.2287
99.5857
97.6063
96.908
93.8868
93.1644
92.347
89.9818
90.1888
89.9622
88.7629
88.5848
87.6967
86.8992
87.287
90.0517
89.8815
90.6898
92.2102
90.7997
89.7241
91.399
89.9614
92.2074
92.9402
91.3225
91.8481
92.0395
90.3552
90.7014
91.9845
91.6966
91.1657
91.6634
91.6114
90.0759
87.8189
86.8115
87.9011
87.4982
89.1326
85.5655
85.3696
86.6593
86.5335
86.593
86.1149
84.2511
83.4352
82.1103
81.1708
81.6402
83.2844
83.8994
85.3834
84.4284
83.8254
84.5202
84.3895
85.2577
87.0796
88.2793
89.365
89.2756
89.4944
90.215
90.9604
92.7606
91.6072
90.7676
90.6382
89.1943
88.8263
88.5703
88.6126
88.9115
90.0734
88.3337
87.9876
89.036
88.7682
89.7116
87.8588
86.7546
87.2966
87.6482
88.59
87.8897
88.0903
89.3045
89.8657
90.9499
91.7353
90.0825
89.783
89.2085
89.6982
88.7385
88.2
88.5888
88.7165
87.9985
90.3707
91.2603
92.7806
94.1672
92.7499
94.9197
94.0393
92.9992
93.8521
93.4518
92.4379
94.1451
94.3541
95.7154
94.4826
94.9606
95.4244
94.369
93.1369
91.2535
90.6794
92.3822
92.2516
92.8742
92.8939
91.5558
90.3576
91.2648
90.5168
88.8017
90.0752
91.0925
91.2425
91.635
90.8125
90.2854
89.1888
90.4106
