99.6299
100.165
100.494
100.857
102.08
102.363
101.739
100.382
99.8584
98.9558
100.463
100.247
100.325
100.448
98.512
95.8916
98.3323
96.6354
97.669
96.4877
96.9001
97.7978
98.4968
97.6707
97.787
100.282
100.234
100.293
99.3228
98.531
97.0452
96.492
94.4066
93.3167
93.874
92.1996
90.7105
92.8866
93.5954
92.9717
94.2013
93.6116
92.6559
93.6807
92.8941
93.8069
93.7965
94.8328
95.6456
94.0452
93.9457
92.9224
93.5909
95.2929
94.4539
95.3836
97.3269
98.1436
98.82
97.8121
96.7317
95.2592
95.0599
95.2916
96.1944
93.9018
94.8026
93.5168
93.6972
92.8694
93.5793
94.0181
91.8844
90.4861
91.242
90.8486
90.0937
89.9345
92.3317
90.8393
92.2665
91.8404
90.5208
90.4626
92.0916
94.4736
93.1389
94.6408
92.986
92.9514
92.282
92.052
91.6807
93.231
93.6107
92.8861
93.3008
92.9883
92.6863
91.4949
91.6929
93.2891
94.2522
94.3653
92.5445
93.1518
94.1474
95.1617
94.8594
96.4416
97.4218
96.718
96.0947
94.2568
92.8136
92.966
94.263
94.1485
95.6651
94.6212
95.9078
97.5553
96.5572
98.1611
99.3675
98.1114
97.0968
97.3636
98.6819
99.7856
99.4842
98.258
97.7248
97.1805
95.1414
95.9896
94.1629
92.68
92.4351
92.4068
92.3458
92.5862
91.1433
91.4932
89.2422
89.098
87.7482
89.373
90.134
91.6789
91.0368
91.9687
91.046
90.8356
91.1953
92.244
92.8634
92.9487
93.4795
93.2786
93.5618
93.5286
91.9323
91.6391
91.566
93.2676
94.5431
94.2441
93.6324
92.291
94.8811
95.7991
95.4709
96.9305
95.5622
95.8123
96.1575
91.4648
91.537
92.1659
92.1104
93.6823
94.2049
93.5611
94.0367
93.3213
92.2663
92.015
93.3522
94.6973
94.5661
95.417
96.4666
97.2615
96.3839
96.236
97.1954
96.9127
96.4535
97.8133
98.3228
98.6112
99.0461
98.7464
99.4065
100.991
101.004
103.815
101.841
99.5014
99.6715
99.137
99.4632
102.224
102.01
101.965
100.093
100.576
101.694
101.772
100.753
99.1342
100.613
99.8677
99.8392
102.239
102.424
103.043
103.089
102.081
103.295
104.807
104.972
105.738
105.277
108.188
109.007
110.292
107.609
107.738
106.278
104.247
101.437
102.823
105.529
105.523
105.309
105.956
106.13
106.999
106.526
105.89
104.713
103.89
104.621
105.474
107.412
107.827
106.874
107.752
108.806
108.909
109.033
108.687
107.906
106.017
105.705
106.144
104.623
105.251
106.405
107.395
107.919
106.516
107.111
109.478
109.382
109.473
108.983
107.974
110.172
111.512
112.291
112.085
113.495
112.993
116.073
116.784
115.114
117.942
117.314
117.134
114.979
116.228
115.549
114.269
114.259
113.02
112.898
112.347
112.375
111.017
109.705
109.753
107.296
109.035
110.218
110.43
110.719
109.975
109.41
109.072
110.688
112.29
111.337
111.11
109.101
109.879
109.811
111.987
112.128
109.492
109.297
110.726
111.152
112.196
111.818
111.271
108.555
108.031
107.545
107.556
109.514
110.714
111.559
113.91
114.153
114.656
117.324
118.288
117.548
118.742
119.613
119.233
120.651
121.093
122.915
125.154
126.858
126.502
125.542
127.759
128.036
130.474
129.302
127.497
129.049
126.867
125.592
123.407
121.972
121.04
123.254
120.763
120.916
121.434
122.635
123.591
121.912
121.509
123.694
121.969
118.983
119.997
117.367
118.878
116.656
117.965
115.635
115.888
114.907
117.073
117.662
117.076
115.495
114.766
115.664
114.337
115.132
115.773
116.206
115.417
111.49
112.455
111.64
111.847
112.041
110.645
109.986
109.269
109.014
111.253
111.043
109.255
110.566
111.852
113.902
114.54
114.46
114.236
115.014
117.017
114.487
112.675
114.124
115.458
113.854
114.308
114.105
115.689
115.649
115.291
113.013
113.966
112.465
111.178
111.396
113.19
112.471
111.596
108.425
110.173
110.347
112.756
114.244
114.944
114.496
117.628
116.562
118.301
121.097
121.524
122.967
121.689
122.859
123.909
123.022
125.072
123.703
123.271
123.477
127.011
130.805
129.416
129.589
127.488
129.32
129.936
130.946
127.93
125.829
126.636
132.475
134.16
133.754
132.879
131.071
129.039
129.099
127.156
125.98
124.23
125.441
127.314
127.081
125.927
125.29
125.956
125.108
125.175
125.631
126.379
127.544
123.738
123.838
123.539
125.486
124.503
124.24
123.7
124.857
124.528
126.21
126.965
127.543
127.477
127.336
125.374
124.936
121.899
120.147
117.5
117.195
115.816
118.107
118.581
119.82
122.529
124.2
120.513
121.84
123.047
123.301
124.061
126.72
126.513
124.436
123.877
123.768
123.779
122.089
119.76
123.582
125.517
122.661
122.614
123.014
124.246
122.077
121.607
121.665
118.608
118.254
118.79
120.021
118.502
119.854
121.379
121.319
120.109
118.975
117.391
117.229
118.551
116.479
117.871
120.529
118.319
121.201
122.297
119.499
116.012
115.726
116.005
113.673
113.56
113.199
113.015
113.556
111.973
111.984
110.247
109.86
110.265
111.646
110.877
111.127
113.089
112.027
112.96
112.458
113.676
114.867
113.245
113.642
112.695
114.239
114.18
114.263
114.974
113.253
112.373
113.563
114.808
112.48
111.44
113.667
114.474
111.665
111.403
111.977
111.22
113.081
112.277
112.821
114.826
112.926
112.404
114.053
114.755
