99.683
101.442
100.786
100.147
99.3796
98.0809
98.1037
98.1362
98.3505
98.5827
97.3931
98.8819
98.5703
97.34
93.9893
94.9233
95.8819
96.0312
94.119
94.2261
93.3881
94.5576
93.7236
94.9419
93.2015
92.4158
91.7937
90.9637
88.0043
87.2538
86.9577
86.831
86.4715
86.2731
87.0079
89.4016
87.1396
87.331
85.3634
86.5892
86.2553
87.508
86.0932
84.6975
84.138
85.743
87.4577
87.1963
86.4694
86.304
84.639
82.4707
83.1886
83.4148
84.4869
83.3667
84.2828
84.6611
84.8701
84.7933
85.2505
87.1298
86.1308
86.3027
86.3921
86.7322
86.7151
86.6813
87.8643
87.7235
85.6857
86.1828
86.3496
84.8382
83.7359
83.418
84.7823
85.0184
83.4229
81.7942
82.047
81.5076
79.6733
79.5787
79.0986
79.0215
77.8122
75.3107
73.8312
73.9186
74.7277
75.4407
75.8454
76.476
76.7822
78.1289
77.8704
78.7243
77.1772
76.0556
77.3462
76.6636
75.2501
73.6869
72.2462
73.3782
73.1983
72.7866
72.8872
72.9771
74.4536
75.4216
75.143
73.9353
73.8656
75.0419
74.9494
74.3907
75.2204
76.5208
75.7327
77.788
77.5784
77.4173
77.625
77.1795
75.9873
76.7466
76.5468
76.759
77.1236
77.3875
77.4438
76.2541
74.8843
75.6555
74.2983
72.291
71.4817
71.2314
71.0668
71.1351
72.7439
73.9852
74.2775
74.6479
73.7575
73.5494
73.2516
73.2723
73.5844
72.373
72.3953
71.3028
71.4075
71.7928
72.336
72.2505
71.2277
72.0071
71.2124
71.0865
71.7822
71.7577
70.8291
69.6652
70.2593
72.2223
71.4531
73.203
73.3182
73.2543
73.0434
73.4988
75.893
75.888
75.9749
77.2553
76.7943
75.9604
76.0967
77.203
79.0515
79.834
80.3712
78.7205
79.1588
78.0088
77.4311
77.9176
77.4422
78.1407
76.39
75.8923
77.181
77.5867
76.7302
78.3524
77.998
76.5387
75.0687
73.9181
73.8265
75.732
76.1478
74.5097
75.3942
75.5927
77.3984
76.9744
75.1294
74.5918
75.2958
77.0922
78.0078
78.724
77.7936
79.5622
78.6433
80.2893
81.5342
80.4266
81.6404
80.8566
81.2889
81.6999
81.4341
80.5151
79.1086
79.496
79.0487
79.6587
79.2146
78.964
79.6046
79.6687
78.8408
79.5687
78.9321
81.0471
80.5437
81.3009
82.3208
82.1084
81.393
82.9027
82.3064
82.2143
83.0861
84.9533
84.4087
83.8256
84.3143
85.8938
84.2193
85.8733
86.2632
85.7669
86.7642
87.1704
86.9764
85.2493
84.2258
83.1134
83.3677
82.9173
82.3357
82.3034
81.4091
81.5303
80.3925
81.3878
81.6455
83.3747
84.1755
84.8994
84.5087
84.6872
85.1815
84.3257
83.7207
83.2982
82.7826
82.1697
81.9341
81.5269
82.3876
82.5635
80.9265
81.7774
81.9339
82.3789
83.4429
85.6157
86.0806
85.7316
86.1033
87.6832
86.7681
86.3765
86.9653
86.6796
85.8462
83.7137
83.5344
84.71
85.9531
87.8228
87.0983
86.1436
86.6498
86.2071
86.5186
86.3376
87.9324
87.3109
86.9024
86.3615
83.8824
82.4268
83.3136
80.7637
82.2741
81.6064
84.2094
83.575
83.1332
84.6986
85.8835
86.7728
84.2448
84.0821
84.913
84.3308
85.1398
85.0342
84.1961
84.4923
86.5608
86.7698
87.1938
86.7331
87.5134
86.2743
83.5317
84.1683
84.0733
87.1529
88.2327
88.7429
87.5754
85.3848
85.9717
86.5123
86.5284
86.5521
85.652
84.085
85.5696
84.4602
83.8676
82.8159
83.7181
83.2963
82.1927
82.2016
80.1614
81.0416
81.343
80.7546
80.0818
80.7159
81.8363
82.4652
83.2619
82.9322
83.6409
84.5415
83.9348
83.77
84.6396
84.6178
85.0851
84.8216
85.0568
84.3286
83.1598
83.9337
83.7541
83.7241
84.9345
86.9196
86.8138
86.8997
86.2078
86.3675
86.2393
87.4462
86.3985
86.4265
87.2479
88.3156
89.0518
88.5206
89.1138
87.546
88.9187
88.7327
88.5123
89.6818
90.4759
90.4724
90.9866
93.3717
93.6729
92.9213
91.3666
91.6347
89.8372
89.0723
89.1844
87.8592
87.8104
87.6185
87.3501
87.1006
86.0736
86.4876
85.5725
83.9817
83.5235
83.7083
85.3306
84.2991
84.3642
83.7475
82.6012
81.3145
80.4597
79.2145
80.016
79.5013
78.5844
80.1538
79.7291
79.5024
79.5872
78.6807
78.7054
77.6932
78.6918
80.7682
80.1894
81.0351
81.1035
80.3737
80.4313
83.0916
83.2853
84.662
83.56
84.6493
84.8029
82.6134
83.9922
84.2962
84.9665
84.2521
84.7148
85.0944
86.5654
88.1442
86.3428
85.8118
86.4755
85.0232
86.1345
88.4058
87.5535
89.5563
89.9038
89.4224
88.6444
88.2701
89.3939
88.3108
87.4566
88.847
90.6215
90.0047
92.3508
92.3272
91.214
92.4846
93.4429
92.647
93.0713
93.5718
93.3861
94.0622
92.6001
95.0287
92.2435
90.8287
91.4023
90.7007
91.2092
90.2429
89.3336
88.1057
87.4293
88.1155
88.1705
86.2735
86.7145
86.8785
85.7862
85.9577
84.8347
84.5916
82.8902
83.6446
82.5027
84.3409
86.5094
83.4085
83.3925
82.5112
82.6112
81.1593
79.9983
80.5224
80.2472
80.2565
79.7352
80.7629
80.9768
81.9727
81.7421
82.8419
81.7146
79.7446
79.8735
79.6756
81.0777
81.3957
82.4581
82.3733
81.5573
79.9737
82.1128
83.1912
84.3766
84.5541
84.9489
84.7536
83.4818
84.4784
85.2556
87.017
87.9429
88.1551
91.0238
92.7332
92.7574
91.4022
95.3549
95.4588
96.0215
95.1499
97.244
96.1453
96.0834
96.7137
96.239
94.8822
96.3176
97.8492
98.8501
100.949
99.6592
99.3247
100.766
99.2205
99.4521
100.009
99.4589
98.4858
98.3835
95.1174
96.2817
95.4536
95.0749
95.5233
95.6634
94.2446
94.6933
94.0161
94.5468
94.8051
