101.745
100.317
99.5322
97.4872
97.2355
98.1838
97.5039
96.3308
97.9129
98.8171
98.9889
99.0215
100.508
99.0885
99.9189
99.8109
97.7782
98.462
100.303
100.537
99.9336
97.779
99.4456
99.5757
98.2914
98.2829
98.2354
98.5466
97.029
98.2746
95.9247
95.5399
95.4758
94.6896
93.8399
93.6905
93.5752
93.6536
93.0287
92.6503
91.4314
92.0547
92.1386
90.8417
90.4423
87.08
87.1906
87.7807
88.2234
87.4845
87.2425
87.282
87.6699
87.1064
87.9776
87.7155
87.4665
87.6577
87.0511
86.7838
88.4569
89.3292
89.4926
89.3273
89.1254
88.7323
86.7056
87.2724
88.6067
88.1528
88.6567
87.5072
86.7674
86.3703
85.9438
86.6161
87.1608
86.5636
87.4665
85.8346
87.2655
87.7281
88.0197
86.594
88.7338
88.3136
88.6205
88.9294
88.0543
89.1532
86.6072
85.0944
84.9883
85.6831
85.3299
84.6621
83.5287
82.9507
81.2744
81.1045
81.0548
82.3915
82.1314
80.8829
80.4562
80.4112
81.5418
81.2284
82.3578
83.4659
83.726
85.6226
86.4392
86.8247
87.7529
88.653
88.2232
89.5764
90.2698
91.84
91.9354
94.2974
94.3964
96.673
95.7996
92.5914
93.5894
95.3957
93.3615
91.6386
88.4176
87.933
88.2103
88.936
89.7466
90.887
91.6267
91.0381
90.63
91.4349
90.8423
87.7133
88.1243
88.8116
89.8408
88.5454
87.5514
88.2649
90.1731
91.5284
91.2595
88.1652
89.1661
88.3887
86.6172
84.2539
84.7001
85.3107
85.6402
85.8258
85.725
84.9186
84.8655
84.5522
83.7755
83.5958
80.7946
79.5783
80.3617
81.4262
82.6972
83.9241
83.3407
83.5655
85.2571
86.042
85.1823
85.8847
87.9539
88.6797
89.1068
90.6699
90.9794
91.8807
93.1112
89.1946
91.1718
92.4689
90.3885
89.5822
90.7593
90.1637
89.415
90.5069
89.3025
88.8298
86.5781
85.0523
86.0741
83.3278
82.2163
81.5657
82.5788
83.343
82.3247
80.4871
81.9104
81.9252
82.1176
82.6157
80.8828
80.5668
80.7302
82.4259
82.1143
82.2923
81.5434
82.1126
82.6403
83.1058
84.4675
86.2326
86.7093
86.2018
87.2914
87.6693
88.0301
87.7057
89.9908
88.4921
88.2288
87.9273
88.8325
88.7088
91.5286
91.5684
90.9704
90.0085
90.9534
91.2804
88.6917
88.9568
86.8429
87.0873
84.8207
85.3158
86.046
86.5541
85.1973
85.1373
88.1734
89.3314
90.3049
90.3697
88.5033
88.8863
89.8622
90.3976
91.2124
91.8311
93.6257
93.3152
90.4684
88.4361
89.5018
89.9042
91.7495
91.9391
91.8675
92.3688
94.8181
93.5098
93.6477
95.164
95.4159
94.9845
93.4235
91.4124
91.4923
88.8956
87.108
86.3569
84.454
86.0375
87.0853
87.5245
87.2505
86.9595
87.0445
88.5893
89.797
89.9955
91.1151
92.1749
91.7987
94.8506
94.2069
93.7404
94.2832
95.5553
94.435
95.1271
94.4934
94.7154
95.3393
96.9319
97.7526
97.3876
98.0662
99.1446
99.4991
100.112
98.6122
97.9413
97.4034
96.4795
93.2936
95.4431
92.2604
93.872
92.5637
93.9826
96.4959
96.0993
96.6343
97.5666
97.9537
97.6097
98.0691
96.951
94.8263
94.8475
95.6682
95.0009
96.8905
98.3121
97.6
96.7561
97.2795
98.5399
96.7109
96.4917
97.7313
98.1449
97.181
96.7115
96.1417
96.2454
96.3936
97.9414
97.6227
94.012
92.1021
93.2458
91.5754
92.7736
91.7637
89.8922
89.2872
88.0425
87.6991
87.5424
87.2541
87.4387
87.5343
87.9504
88.3871
89.398
87.6349
88.0881
88.2047
87.4471
88.2336
88.2634
87.7009
88.7661
88.14
88.0247
89.3252
89.567
89.3936
88.334
89.5593
90.3849
90.8578
91.7167
92.2817
90.2813
89.8606
90.9654
92.0438
90.1413
92.6198
89.174
90.3494
90.6316
92.3221
92.8125
94.2356
95.3069
93.1789
93.3856
92.5024
92.6275
92.2834
91.2919
91.9631
92.9768
94.5103
93.7291
92.1521
91.203
91.2546
91.3133
90.3448
90.8594
91.6895
92.3056
93.1981
93.6476
94.4493
94.2038
95.0025
95.8169
96.5444
94.9153
94.7747
94.1915
92.8916
90.9842
91.6178
91.9718
92.7357
94.7338
94.0371
93.9907
94.1844
94.9878
95.7559
95.4048
96.6222
94.2065
94.8995
95.9363
95.5233
93.8875
92.2023
93.0719
93.2706
94.1237
94.5445
95.3882
96.6091
97.2742
96.8954
96.3648
94.6504
93.8112
94.1972
96.7999
97.8351
97.266
98.346
98.9638
98.5565
97.4805
97.024
94.036
94.9523
97.7063
98.8275
99.2103
99.4781
98.4396
95.8514
94.299
94.0508
94.0505
95.7949
93.8407
93.2437
92.9554
91.8238
91.9032
91.8635
91.4617
91.5852
89.9911
88.5769
88.8574
87.2067
87.72
86.6417
86.8411
88.1559
87.8512
88.6397
89.8809
88.6394
89.0555
88.9419
88.9059
88.6558
90.1563
90.9571
92.2132
93.3169
93.6126
93.6573
96.138
96.874
97.646
97.0407
97.7631
95.2841
94.6743
95.8942
97.0376
97.1845
96.4557
96.6627
95.7649
95.5084
94.417
96.2248
95.8239
95.2864
96.7452
96.1937
97.7003
97.8228
96.9846
97.872
99.3592
98.5997
99.601
101.883
103.36
101.369
103.598
105
105.605
106.188
105.334
106.007
107.276
109.538
110.333
108.744
104.714
105.042
104.992
105.567
102.261
100.997
101.805
104.407
105.574
106.154
106.531
105.661
106.496
106.274
107.485
108.533
108.472
106.44
104.498
102.277
104.351
103.137
102.23
101.888
100.159
100.833
102.43
102.523
102.475
101.644
98.9139
98.9397
96.4101
96.9455
97.7314
97.7075
99.3614
101.037
97.26
98.9548
101.169
104.054
104.583
105.414
103.332
104.634
106.146
105.04
104.42
104.4
106.119
