100.615
101.437
98.6986
99.8482
101.626
103.217
102.455
102.678
102.878
103.85
103.11
105.978
106.839
105.099
104.934
105.301
104.358
106.844
108.087
107.331
106.953
107.423
107.859
109.135
107.633
110.094
110.323
109.684
110.301
109.029
109.37
110.548
112.054
113.876
113.353
114.602
112.204
111.246
111.363
110.887
108.719
110.105
110.847
110.713
111.003
110.075
112.491
113.614
111.176
109.087
110.035
111.529
110.637
111.425
112.717
113.887
114.59
111.511
110.545
111.835
111.907
110.936
109.931
109.132
108.041
107.154
107.227
107.594
107.888
107.803
108.219
107.864
106.976
106.557
107.886
108.208
111.52
112.703
113.971
115.365
116.088
116.943
116.762
115.347
114.714
118.348
120.088
121.677
120.475
120.39
118.607
120.474
121.872
120.998
120.929
122.32
124.757
126.918
128.498
125.787
125.175
125.258
127.032
131.181
133.639
131.778
129.937
129.785
131.459
135.186
134.553
137.358
138.935
140.111
139.953
138.727
137.058
136.921
136.664
137.137
138.08
138.873
139.527
135.419
135.151
133.088
132.982
132.086
132.754
133.738
134.409
135.521
134.763
133.704
133.953
136.202
138.562
140.203
141.067
141.627
141.467
143.179
141.752
142.918
143.472
140.466
138.583
139.016
141.055
140.039
144.052
144.786
142.575
144.132
141.422
140.337
139.694
136.302
137.225
137.391
137.638
138.439
140.124
139.175
137.561
137.502
138.232
134.939
136.489
135.68
136.767
136.914
135.366
135.084
134.294
133.954
133.39
134.494
133.337
136.006
136.685
136.166
136.269
136.005
136.494
136.445
137.238
136.607
137.288
138.004
137.529
141.021
140.516
139.259
139.5
138.874
139.482
136.106
135.69
133.442
133.098
134.788
134.956
136.264
136.943
139.12
141.594
140.404
140.271
134.896
133.51
135.38
134.184
134.402
135.852
137.226
137.701
138.937
139.276
140.313
140.872
140.011
138.555
137.464
135.076
134.406
134.811
136.236
138.492
137.293
139.418
138.289
135.979
135.937
135.909
134.904
131.493
132.383
131.037
132.054
133.054
133.902
136.698
139.343
141.002
139.605
141.481
139.712
135.611
132.171
133.29
134.266
134.184
135.105
136.523
136.352
136.195
134.37
134.597
130.677
129.444
128.914
130.134
132.161
134.697
135.765
136.32
136.859
136.31
137.029
135.448
135.883
136.157
134.241
134.185
137.2
135.042
135.248
136.203
133.96
131.848
131.508
130.232
130.071
128.388
125.874
123.893
128.767
129.836
132.616
134.171
135.684
135.711
135.371
134.91
134.81
133.654
134.592
137.693
138.782
142.598
142.674
144.635
145.905
145.191
143.891
142.978
141.478
142.527
142.713
143.286
141.99
140.608
139.595
139.243
136.161
135.783
137.348
135.172
135.648
134.906
136.04
139.787
139.523
141.433
141.36
142.767
147.146
147.057
145.759
145.606
148.065
149.444
148.558
148.439
150.435
151.755
149.544
143.58
145.453
146.529
146.95
145.988
147.288
151.016
152.218
149.126
149.272
150.718
152.537
151.814
152.086
151.26
151.627
152.208
153.809
152.957
152.826
153.767
151.915
150.11
151.133
150.937
151.081
152.12
149.198
146.922
144.766
144.458
145.168
146.019
144.568
142.411
138.448
139.08
139.485
140.811
139.478
141.55
141.077
138.783
136.415
138.987
142.335
144.974
145.035
146.523
145.651
142.838
140.902
141.868
143.319
144.175
141.284
139.677
137.987
140.186
140.152
140.55
140.702
138.229
138.769
141.996
141.397
144.001
146.156
148.677
149.769
153.917
153.441
149.921
149.911
150.645
154.358
153.96
153.081
155.549
154.773
154.377
156.023
154.099
153.079
156.218
156.722
155.203
153.994
153.728
154.651
155.785
154.091
157.608
155.98
155.28
155.273
153.843
152.839
155.164
155.343
155.794
152.802
154.152
154.812
155.051
153.634
156.393
157.576
160.83
162.972
155.614
151.419
152.689
150.478
148.717
148.324
145.639
145.613
143.565
143.646
143.288
142.532
144.589
144.87
146.071
148.567
152.76
154.529
155.67
155.21
155.912
156.943
157.667
158.525
160.946
163.137
159.957
163.507
165.742
171.866
173.619
175.368
175.204
175.552
175.713
178.299
177.144
174.393
176.678
173.014
171.902
173.905
171.191
171.987
172.643
173.934
174.998
173.149
171.328
171.3
170.796
170.686
169.31
169.233
164.184
162.493
162.443
162.344
160.673
162.803
163.055
163.319
162.852
163.221
161.387
161.49
160.25
161.333
160.23
162.08
164.871
166.314
163.816
161.906
162.797
163.34
158.738
161.413
161.929
163.659
165.047
166.062
164.894
168.681
169.539
169.61
170.086
170.283
168.046
166.478
164.388
164.473
161.548
164.57
166.027
163.724
162.777
164.11
163.256
166.014
164.757
160.881
161.138
160.3
161.328
162.863
162.12
163.898
162.057
159.892
158.623
153.895
153.711
151.188
151.79
152.471
151.19
149.01
150.545
147.447
147.926
147.478
146.605
143.901
143.62
141.23
142.139
140.586
140.403
142.151
142.332
143.946
144.035
145.061
142.319
141.51
141.973
141.174
141.849
139.891
139.577
140.801
140.243
140.082
137.021
136.815
137.001
136.425
134.218
132.041
134.384
131.758
