100.914
101.257
101.637
101.141
101.518
103.356
102.959
105.532
104.696
103.501
106.663
106.197
106.098
107.433
107.784
108.635
109.381
109.445
109.068
109.604
110.305
108.734
107.723
106.028
106.498
106.381
106.92
105.466
108.057
109.655
109.599
109.942
109.315
109.957
111.888
110.796
109.162
109.78
110.035
107.416
105.883
104.569
103.921
105.075
103.867
104.1
105.585
105.693
104.497
103.885
104.77
104.007
104.776
103.546
101.712
100.958
100.796
100.979
101.35
99.3067
99.0068
97.2793
98.6574
100.103
101.454
102.025
102.77
100.459
99.446
100.307
99.3659
98.0787
100.383
99.414
99.8889
99.4399
99.2735
100.317
99.6165
99.0291
98.1201
97.6939
96.1241
95.3016
92.2289
93.7959
91.4167
91.0735
89.8117
90.2459
90.8751
88.5605
88.8941
89.1268
89.6816
87.79
87.5792
86.0682
88.1441
89.682
86.845
87.7323
87.5793
87.9263
89.2689
89.4707
90.8252
88.7744
88.9156
89.369
89.5554
88.1664
87.8003
85.8076
86.4448
85.3473
85.7545
86.9603
87.6893
86.5386
84.8033
84.9011
86.6833
87.1855
86.6021
88.2585
84.9596
84.7835
85.112
85.3063
84.742
86.6917
88.107
91.0885
89.7184
91.5447
91.2629
90.4064
91.5861
91.3747
91.5384
90.5367
89.6857
87.3294
87.9224
88.1885
89.9213
87.6159
86.1303
86.9297
87.2486
86.4548
85.366
83.8151
83.2639
82.3845
82.6526
81.4302
81.6088
82.2582
83.1267
83.2463
83.1692
85.1779
85.0087
84.8952
84.0487
84.4626
86.1076
84.0809
83.2066
82.0847
84.2469
85.2885
84.7734
85.7266
84.5223
83.0706
83.0812
82.5506
83.8514
84.7246
83.5919
83.7118
82.2295
82.8639
82.3859
80.5446
80.1307
79.9791
80.5774
80.7194
80.1377
79.567
80.2249
80.4127
80.6565
81.6846
83.0493
83.9528
83.8062
84.3024
84.3545
85.9338
84.7301
83.827
83.971
81.8905
80.9522
82.5962
81.1842
79.3717
78.9191
77.4813
78.5678
77.7662
76.6716
75.3521
75.7722
76.807
75.9196
77.7676
78.6453
79.0847
79.1931
78.1205
76.6651
76.3248
75.599
75.8864
75.2237
75.1731
75.5491
75.9105
74.6224
75.3339
74.7286
73.6793
72.9688
72.6519
71.509
72.2562
71.44
73.8274
73.179
71.929
73.1581
73.1451
73.2492
72.7249
73.9967
73.7471
73.5973
71.9424
72.7994
74.4479
73.4575
76.1536
75.1378
75.0273
76.3571
76.8461
77.6488
76.8377
77.5396
75.9823
75.9233
75.9625
75.1014
73.8919
74.0749
74.5196
73.155
73.2694
72.9933
73.5266
72.4884
72.5411
73.7988
74.6911
75.5135
76.303
78.1101
78.5874
79.1349
80.014
78.39
78.8013
79.231
78.8961
79.2937
79.4342
77.5108
78.3987
78.6173
78.9654
78.6942
79.6686
82.0142
81.5177
82.063
80.4942
79.9069
80.6664
81.6402
82.969
84.4736
84.4399
86.569
85.3748
84.5513
84.3322
83.5336
82.5012
82.0032
81.2499
80.6497
82.0686
81.1418
78.8823
78.1856
79.4865
78.879
78.5973
76.7097
77.7751
76.4824
76.6772
77.7999
78.5192
78.1754
79.387
79.4849
81.0059
82.0804
81.4374
80.2375
79.892
79.6529
80.9517
80.1925
79.3984
79.1278
78.3678
77.9444
78.0416
76.8519
76.7274
76.8578
76.5517
74.3781
74.305
74.1193
73.6248
72.517
70.7353
68.5895
67.0301
66.1649
64.9049
65.1861
64.6776
65.2125
64.0026
63.8644
64.0204
64.2936
64.4599
65.229
64.7496
63.8366
63.2614
63.8226
63.1193
62.7172
63.0518
63.7441
64.0266
64.3586
64.0444
66.3969
65.1657
65.703
65.9794
64.6121
63.198
63.661
64.7179
65.3764
65.3824
64.6963
65.3618
63.3398
62.6002
61.8651
61.5322
61.8243
61.6282
62.4894
63.0906
62.4378
62.1237
61.6094
60.5794
60.6119
60.3632
59.0733
57.4726
58.0912
57.6614
57.5111
56.9547
57.5971
57.6385
58.5739
58.4733
58.1285
57.8298
56.7606
58.1967
59.1294
58.4051
57.3944
56.4642
55.5986
55.8706
56.2603
56.4537
56.0277
55.8241
55.4801
55.8685
56.1605
54.9639
55.1768
55.6077
55.5525
55.7085
55.2443
55.6546
55.9879
55.064
54.9022
54.6834
53.5395
54.1892
54.9827
55.2168
55.7115
55.2998
55.8839
55.3428
54.541
54.031
54.6106
54.2462
53.6793
54.7521
54.3765
55.8741
55.2601
55.1017
55.8614
56.6623
56.6001
55.3856
54.925
54.9417
54.3323
55.5267
55.5417
54.939
54.8824
55.445
54.3991
54.2481
54.5089
54.6322
54.5159
54.3182
54.6023
54.4637
53.4662
54.5394
54.9922
53.9206
53.6713
53.6109
53.9923
53.4924
53.3891
53.2942
52.1003
52.3326
52.2773
52.4342
52.6946
51.251
50.6176
50.5676
52.1749
52.3765
52.5129
51.4134
51.2315
51.1275
51.7101
51.3879
51.6384
52.2469
51.7653
52.2341
51.7114
52.8069
52.9773
54.0282
54.8422
55.0022
52.7694
52.3568
52.1792
51.7128
50.969
50.6821
50.1752
51.243
50.4947
51.2537
52.7412
53.2584
52.9209
53.4044
52.2191
52.7323
53.3665
53.4206
52.5633
52.5607
52.2243
52.2504
53.7563
54.2662
54.6911
55.607
55.485
55.2385
55.0682
54.7895
54.9237
54.3389
53.8221
54.0437
54.2262
53.3111
52.8439
53.7665
53.0926
53.1284
52.699
51.0713
49.5929
49.4131
49.5398
49.1937
48.7872
49.3625
49.0468
49.4146
49.9421
49.0717
48.447
49.3852
49.2306
49.3356
50.2022
50.6147
51.1339
49.9517
49.9009
49.2526
49.2409
48.264
48.2197
47.9308
47.844
47.2299
47.9389
48.0278
47.6046
47.5453
46.9333
46.4283
46.3795
46.3833
46.3828
46.8321
46.0745
45.7259
45.147
44.671
