99.232
98.6327
97.4985
96.9595
97.1811
96.1817
94.9984
96.0003
95.5587
94.5005
95.0725
96.0529
96.2262
95.0532
96.209
93.8027
93.0907
91.0042
89.7511
89.0667
87.8953
88.1279
86.6924
85.8788
87.7311
86.9397
87.6877
87.6036
87.625
88.5605
89.0094
88.6358
87.0001
87.2147
85.3075
83.6948
82.7033
83.6531
83.2874
83.5819
83.763
83.6693
83.5671
82.7307
82.1774
81.045
80.5466
81.3678
80.7157
80.9597
81.3626
81.6055
82.1462
82.4104
81.9693
82.0557
82.0102
82.4946
83.0836
81.959
81.8415
83.1334
83.1833
81.7457
82.2396
81.9001
81.808
82.2822
83.0807
83.926
84.0407
83.7454
83.2916
82.8932
83.6846
82.2016
81.0693
80.0071
79.4454
77.1544
77.9722
79.1832
77.7704
77.1273
79.2997
78.6701
81.3417
82.4492
82.2322
80.8472
79.3612
79.9725
80.351
79.3461
78.9401
77.3669
78.735
79.2987
78.9668
78.0989
78.8155
78.5531
78.4713
79.0666
79.1986
79.1546
76.245
75.6608
75.6766
75.971
75.5195
74.7647
74.634
73.0706
72.1562
74.1494
73.5061
73.4701
73.5962
73.3616
72.0626
73.1002
71.8477
72.7131
73.5613
74.8847
74.5933
75.1538
73.9931
74.3125
73.4852
72.6427
71.3231
70.7682
69.5247
68.5972
67.6191
67.4873
67.0193
67.1541
66.495
64.4276
64.5064
65.2844
65.5412
66
63.7695
63.4745
64.5917
63.6611
62.6423
62.3755
62.6718
63.332
63.6148
63.7388
63.4543
62.9144
62.4605
63.0837
64.8893
65.3728
65.4987
65.3765
65.0288
64.232
64.469
64.5024
64.2616
64.595
64.2035
63.962
63.8632
64.9725
64.0277
64.8648
65.7717
64.4794
64.9128
64.6764
63.6149
64.0966
63.3823
63.0394
62.6021
61.8566
61.6186
61.3096
61.9919
62.2173
63.5575
63.1837
63.44
64.2213
64.3873
63.5066
62.9831
62.8118
61.8386
61.7106
61.5782
62.7014
62.5841
61.7163
61.6602
61.5072
61.5657
60.3664
60.9907
61.2571
61.8653
62.9844
62.341
62.3743
62.2648
62.6545
62.7045
63.3722
63.6953
63.3722
64.5324
65.0797
65.7117
66.562
66.9789
66.3332
67.1486
68.0088
68.2925
68.5854
68.628
68.9937
69.0067
69.4316
70.0897
68.0409
68.2391
68.1764
68.4753
68.9072
68.5247
69.6373
69.6475
69.3317
67.5188
68.2745
69.4903
68.9462
68.9507
69.4981
69.677
70.1688
70.692
71.2297
72.1888
70.604
70.0811
69.066
70.9884
68.7678
67.9514
67.3159
66.5524
66.059
66.5682
67.6808
68.315
70.2453
70.0931
68.9014
69.6486
69.7227
70.4945
71.5272
71.6696
72.9007
72.6369
72.8563
73.0925
74.9572
75.65
75.3256
74.6176
73.8575
74.038
74.4486
73.9886
74.2586
75.5451
76.4492
76.6418
78.1965
77.903
78.6889
79.3215
77.9596
77.2289
75.7895
75.5628
75.8749
76.5079
77.348
76.948
75.9034
75.1575
74.9632
75.1789
73.5325
72.2183
71.8269
72.4518
72.4267
71.6644
71.5686
72.3469
72.9962
72.4571
73.4947
72.9571
71.5199
73.3587
74.3867
74.2521
74.0153
72.6327
74.1583
73.6597
73.4109
73.5722
72.8124
71.7889
70.0247
71.0848
71.6238
73.4976
73.9695
74.4515
74.8064
75.2785
74.7032
71.8119
72.6115
73.082
71.2124
72.6335
72.038
73.1551
72.8195
75.0441
75.4244
75.7456
74.9663
74.7441
74.1684
74.1986
73.4477
74.3986
73.4791
72.0868
71.9954
72.8239
72.825
73.4045
74.0972
74.4113
74.4606
73.7537
73.3065
72.4436
72.4396
74.6247
73.2545
73.435
72.3403
70.3832
71.076
69.1895
70.4137
70.7374
69.4427
69.5831
68.293
67.5022
67.822
67.4153
67.3691
68.6725
68.3406
68.8927
70.0633
70.7154
69.9593
69.9913
70.1296
71.4035
71.3075
72.5182
73.7624
74.567
73.4325
72.0223
73.241
74.882
72.902
72.9793
73.7971
74.1176
74.1826
73.207
72.9032
73.4274
73.4781
75.5888
73.5649
71.5608
70.9744
71.1522
70.8649
71.6899
70.7955
71.4064
73.1157
73.1626
72.9883
73.2209
72.2583
73.0038
72.5214
71.9274
71.8153
72.181
72.1472
71.491
71.4362
69.9923
69.285
70.334
69.9645
69.8012
68.5099
68.7339
69.3638
70.64
70.5542
70.6844
69.5492
69.0416
69.5649
69.7695
68.9074
68.0727
69.0322
67.7547
66.6352
65.8598
63.4974
62.4915
62.3975
63.9513
64.0744
63.624
64.7031
63.8709
64.7608
64.0075
64.2646
64.5501
64.4982
64.6278
65.9481
64.3421
64.3469
66.0457
68.4231
69.5639
69.9122
68.7634
68.3239
67.6001
67.9416
68.1204
68.4018
68.6987
67.8484
68.5057
69.3156
69.8791
69.3307
68.7909
67.8257
69.1471
68.1009
67.87
66.0987
65.5712
64.1892
65.4815
65.043
64.6068
63.3321
62.5671
62.9444
63.3424
63.7343
64.0368
63.8509
63.8219
62.9327
62.4968
62.9974
63.5087
65.1496
65.5484
66.7108
67.0595
66.9307
67.6426
67.608
66.2429
65.4628
65.6949
65.2315
66.1924
66.6271
65.3952
66.6583
68.7201
70.1566
69.6786
69.711
71.5431
73.1593
73.0843
74.3641
73.9316
74.7996
74.9936
72.6083
72.3332
72.1232
72.867
72.1707
71.9209
71.7897
71.1726
72.0625
73.3794
73.9288
74.6042
75.7565
75.1569
75.1476
73.6199
75.9125
75.7044
76.4125
75.7379
76.3554
76.282
77.226
77.8727
78.2518
80.4283
79.7009
80.081
79.3386
78.2842
79.7139
81.0636
82.3973
80.2053
80.0917
81.0799
80.8428
80.3304
80.1909
80.7508
80.9832
79.619
79.5573
79.9705
79.5086
78.1132
78.4403
77.9939
78.7486
78.812
78.7857
78.3452
78.1978
79.6493
79.7951
79.7863
81.1005
81.822
82.8487
81.937
83.1694
83.1503
85.3196
