97.1097
97.5376
98.6134
98.617
99.1153
101.203
99.4822
97.2429
97.5962
95.5975
96.2069
94.6712
94.66
94.2934
94.7935
96.4027
97.9857
97.3685
95.6149
97.5776
94.5585
94.5912
95.0369
94.9417
95.0037
96.2273
98.0327
97.8052
97.5809
96.7532
96.7599
96.7229
96.9474
96.2077
98.7256
96.6213
95.3088
94.4474
94.715
94.1588
93.185
91.8674
92.9775
92.0329
92.3018
91.2347
90.767
91.6163
91.106
90.5605
92.1561
91.7864
92.2482
91.9039
90.7972
90.493
89.5447
89.4746
89.1969
89.4694
89.7236
91.8844
90.0317
91.2706
91.4851
90.8877
91.1294
90.9353
91.4007
89.465
89.375
87.299
86.8562
85.2303
85.2862
85.8341
84.1998
84.2232
85.8506
85.864
86.5719
86.8457
86.3952
86.9284
85.7744
86.3031
86.8911
86.1029
84.5554
83.4682
83.4068
83.8593
83.0337
83.1273
83.141
84.1856
86.5018
84.8315
84.5311
83.3704
81.9842
81.3688
80.5353
81.0244
79.8199
79.6653
79.5732
80.3259
82.1389
81.1513
81.6143
81.9418
79.9356
80.8242
81.4432
81.6268
83.1848
83.1046
82.7213
82.1772
81.2941
79.83
80.2623
78.1513
78.8907
80.6321
78.3768
79.0416
78.4106
80.7103
79.9902
81.3523
82.3386
82.6773
83.6587
83.5437
84.477
83.6807
84.6645
86.3589
85.6819
83.6711
83.3491
84.1733
83.455
81.5689
81.0293
81.8153
82.0905
82.5885
81.5667
82.2391
80.3186
79.5095
78.1397
76.2681
75.4807
75.766
77.1018
78.6388
77.9171
79.8844
80.1965
78.6354
77.9332
79.1655
78.9446
79.908
80.1863
81.7449
80.4338
80.9872
80.4214
80.6604
80.8715
80.8507
78.739
79.5136
78.8815
75.9516
73.5418
71.9683
72.6163
72.2186
72.0133
71.5036
72.1759
71.4054
72.4751
72.3162
72.4654
73.1936
73.2449
70.9367
72.2358
72.8169
73.2003
73.5011
73.3983
72.7384
74.0666
74.7775
75.5134
75.6878
73.3402
73.0755
72.98
72.4895
73.5037
73.5842
74.7557
75.5446
75.4402
76.0646
75.6473
75.6171
73.9655
72.2081
71.2382
71.7469
71.0584
69.9053
69.3346
69.1943
68.4098
67.8783
68.1653
68.6752
69.1947
69.2372
68.873
71.5228
69.8428
71.6881
71.8359
73.331
71.9389
73.401
73.1813
72.5264
72.9495
72.4263
72.3596
72.3342
74.3033
73.5963
74.3603
74.4111
74.956
72.9487
71.3174
70.683
70.9271
70.456
70.3575
70.0799
69.1625
68.9974
69.0317
70.2455
72.0471
72.6093
72.4856
71.2984
72.3766
73.4496
73.7576
74.7987
74.1637
72.6087
71.0038
71.6698
71.4179
71.6705
72.3035
73.3055
73.5246
73.8254
73.9687
73.8755
73.1037
72.5757
72.6019
73.7971
75.0685
75.3881
76.1425
75.2033
75.2454
74.4374
74.647
73.7717
73.6708
72.4945
73.1069
71.9635
71.7934
70.8887
71.1336
69.5065
69.2455
68.3511
68.8967
70.6953
70.3601
70.2598
70.746
71.0759
71.2246
70.8921
71.2411
70.5661
70.267
70.1673
68.4672
67.8166
68.4292
68.4517
68.567
68.1574
66.9859
67.8317
68.2534
68.2735
67.0653
68.0681
67.4592
67.639
67.353
67.3582
68.9964
68.8238
68.8724
69.9346
70.4627
71.4007
72.2157
72.4596
71.7091
72.235
71.0824
70.6795
71.5476
71.9
72.1932
71.7405
72.14
72.9579
73.2867
75.0412
75.2394
75.9804
76.0503
76.5349
76.1925
77.5473
76.3252
77.7958
78.9744
78.9141
77.8798
78.9458
78.6685
78.7176
79.0659
77.9296
79.8986
80.4252
79.8806
80.139
78.7329
77.899
77.046
76.7534
78.9398
78.3738
79.485
79.2839
80.1798
81.2013
82.1967
82.0433
81.1457
80.8818
79.6347
79.632
79.492
78.8555
78.5737
78.9311
79.4294
79.9072
81.2511
81.995
82.5952
81.5326
82.5962
79.9214
80.193
79.4778
80.451
79.2124
78.6895
77.7938
75.0576
76.1812
76.5516
75.8943
76.2488
75.6747
74.6784
74.8902
76.1238
75.7743
73.7298
73.4688
73.4054
74.6228
73.3541
72.542
72.4437
71.6219
71.9771
72.5734
71.8373
74.0594
73.2001
72.2119
72.6599
73.4729
73.2486
73.3828
74.2538
74.2524
72.8724
72.6973
71.8061
71.4166
71.5908
70.8697
70.3844
69.6462
70.3918
71.0359
71.203
70.9412
70.0916
69.6618
70.3456
72.476
72.147
72.0888
73.0248
72.0946
71.0765
69.8727
69.8228
68.997
68.7843
67.8866
67.4745
67.4288
66.2826
64.8992
66.36
66.8056
66.6301
65.8517
65.6443
65.5154
66.9664
67.8377
68.4531
67.4727
67.9584
66.6662
69.2144
69.0532
70.0517
70.5091
70.7981
70.808
70.8919
70.8281
69.5336
67.8828
66.0774
66.047
66.4737
67.9526
68.0002
67.1426
66.4219
65.7127
64.2154
62.0355
62.0404
62.3128
61.671
61.5755
61.4961
61.0074
60.724
60.253
60.3954
61.1269
59.7847
60.4839
60.2406
60.4638
60.6458
61.2058
61.9652
63.1041
62.3552
60.8392
60.379
60.6685
60.6095
60.4911
60.1141
60.1328
59.6724
59.7476
59.8863
60.9236
62.5817
63.6827
62.9444
62.298
64.1953
64.6911
64.619
65.2393
64.954
64.432
64.9695
65.4426
64.4506
63.3516
62.5993
61.6877
61.4958
60.593
61.2464
61.2423
61.1573
61.3454
60.4906
60.0468
59.4579
59.0127
57.9341
57.5891
59.1737
58.8356
58.2521
58.0643
57.7318
56.7934
56.7893
56.4227
55.5442
55.2487
55.9638
56.1399
55.5557
55.4337
55.4254
55.2028
56.8334
56.8323
56.7132
56.5908
56.3608
55.219
54.9164
55.2361
54.3528
54.4273
54.7506
54.8981
55.3346
55.0302
54.6064
55.1676
53.288
52.7101
53.1463
53.6927
54.3259
52.9904
53.3518
54.1855
53.9657
54.242
52.8557
53.0192
53.6183
53.6948
