97.6773
98.9803
98.9407
98.4965
101.069
100.379
102.818
103.533
105.021
104.069
102.53
102.229
103.39
102.272
102.746
103.416
106.531
105.487
104.632
104.953
103.905
101.084
100.576
100.749
100.327
100.313
100.937
100.865
101.068
101.41
100.37
99.6706
100.392
100.284
98.3068
100.125
99.2186
100.358
99.9306
99.7079
99.8892
101.835
102.804
102.858
103.992
103.784
101.711
101.716
104.849
103.962
101.464
100.774
99.7339
100.401
100.268
101.098
100.228
100.044
101.147
102.149
100.917
102.286
100.253
99.7742
100.268
100.714
101.544
103.943
102.429
102.176
102.865
103.494
104.143
106.259
106.257
107.301
105.747
105.789
106.225
107.663
109.486
109.786
109.391
107.877
107.2
106.716
104.931
104.577
103.172
101.403
101.683
99.5109
98.9962
99.5634
99.2836
99.8874
102.035
104.869
106.143
106.397
107.018
105.93
103.342
102.596
101.873
100.664
100.408
101.792
101.559
100.631
101.224
99.7396
98.787
98.3499
97.4733
98.5888
97.2892
97.4434
98.6669
100.426
99.7526
100.354
100.069
98.6154
99.7116
99.5759
100.738
97.0774
97.3213
96.8095
96.2876
96.0626
95.7229
95.1337
94.982
95.146
95.3409
95.7046
96.273
97.8079
96.6098
95.9803
96.0084
95.7617
96.8763
95.7323
96.1146
94.6341
96.9616
95.3722
93.2986
92.9366
91.7926
93.4417
94.0963
93.038
94.0041
93.8793
95.4632
94.8113
94.0617
94.5395
93.6464
93.255
93.6553
96.2154
97.3268
97.7269
97.5587
96.7535
96.6883
95.703
98.3281
101.052
101.753
101.561
102.117
101.015
100.356
101.981
102.437
102.071
100.7
101.375
100.256
99.5361
100.853
100.965
98.732
99.8878
101.63
103.576
100.379
99.7702
98.1238
99.8184
99.3839
100.727
101.28
101.106
98.4194
100.06
100.322
101.048
102.407
103.832
105.054
105.936
104.345
103.504
105.046
106.051
104.124
102.111
100.949
101.763
100.518
98.5555
101.494
102.455
103.24
101.61
100.139
100.972
102.266
101.85
102.419
101.926
103.257
103.65
101.879
103.168
101.067
100.619
98.7894
99.5008
98.6007
98.9709
97.2746
95.0871
96.5011
96.9231
96.475
97.6277
99.1455
99.6712
97.1186
96.8517
98.8681
101.651
102.931
103.448
102.616
104.695
104.576
106.666
107.196
106.976
105.115
105.494
105.233
106.524
108.09
106.764
109.14
108.806
107.801
108.26
107.841
106.668
106.709
107.356
108.658
107.92
107.157
107.995
107.709
106.339
104.341
105.659
101.606
101.174
101.42
101.547
102.202
101.507
101.998
101.315
103.026
101.913
100.674
102.459
102.88
104.419
104.359
104.241
103.996
103.49
104.179
105.272
105.285
106.559
105.684
104.352
105.805
106.187
107.768
106.967
106.386
109.974
108.883
109.532
107.413
107.067
107.655
108.341
108.741
110.203
110.12
108.402
106.526
108.539
110.583
110.294
110.34
111.108
112.095
113.406
113.648
112.984
109.567
108.042
107.21
105.581
106.153
107.661
107.828
108.357
107.486
106.557
105.193
102.85
101.721
101.513
102.665
102.415
104.257
101.937
104.117
104.28
102.382
100.857
99.0316
96.2599
97.0074
97.5964
95.5176
93.4739
94.013
92.5733
89.4365
90.825
89.8421
88.9644
89.6908
89.9988
89.4253
90.1467
90.1311
90.5306
89.6479
89.6911
90.5767
91.7894
92.311
91.5433
91.7959
90.8693
90.2149
90.237
90.0932
90.0255
87.9207
87.6736
88.1307
85.9511
85.4602
85.1266
85.0646
83.7908
84.2888
84.0705
84.6493
84.2635
84.6563
85.415
86.0351
85.0517
86.6676
84.6325
85.4773
83.4878
85.279
84.5376
82.7691
81.6322
81.442
81.5251
82.2025
83.1003
83.3525
83.2231
83.9297
86.3616
87.5849
88.1332
89.6346
90.0286
90.2159
88.5154
86.5945
87.3722
85.9396
86.2102
86.0567
88.0645
86.0432
85.7304
83.9912
82.3305
81.3898
82.042
82.4579
82.2956
81.9399
81.4821
80.3137
79.1061
80.2046
80.469
81.5626
81.7903
80.8462
82.7432
81.3135
80.0294
79.7456
78.1372
76.4724
77.2017
78.1715
77.0197
76.6697
76.0931
77.0279
77.6809
76.383
75.5527
75.2142
75.3662
74.3826
75.3753
73.9466
76.2028
77.7647
76.7539
76.2437
76.6828
76.1687
74.2642
74.4739
73.9627
75.4239
74.5864
75.3472
74.4232
74.1946
74.4168
73.9637
73.4002
74.0568
74.0263
74.232
74.5479
72.8033
73.0345
74.1687
74.4608
73.5763
74.7461
73.7985
74.1638
74.5072
73.7923
74.7435
73.9963
73.3625
72.2349
71.469
71.8829
71.1371
71.8451
71.7606
71.8392
71.8348
72.1343
73.2696
74.0272
73.592
72.3523
74.118
74.8089
75.022
74.6193
76.3719
76.935
77.3263
76.4954
76.5968
74.9714
75.0138
74.7718
73.4103
73.4112
72.47
71.4828
70.4644
71.3624
71.1033
71.2854
71.8053
71.2298
71.0201
71.5185
70.3142
70.7292
70.6522
72.4533
71.6444
72.6647
71.1755
70.1526
71.3622
70.1088
69.2006
69.2705
70.0456
70.4287
68.9794
69.9753
68.8666
69.3508
67.9557
68.4643
69.1707
68.537
70.9489
71.7194
72.0612
72.5029
72.0045
71.4667
71.7111
72.7612
72.4566
72.2385
73.7833
74.0531
73.8693
72.3772
72.1744
71.9894
73.0446
73.0884
72.8779
73.3422
73.1367
73.2338
73.7782
73.4709
75.2404
75.1249
75.0501
74.2657
72.559
73.3472
72.8607
72.1569
70.567
70.022
69.5013
70.2113
70.1263
70.2162
70.487
70.8185
72.4876
70.9835
71.3843
71.7105
