101.133
99.7831
100.843
101.93
103.706
101.962
100.301
103.17
101.81
100.654
103.001
102.428
103.074
101.25
100.889
102.382
102.957
100.535
99.5019
97.7772
96.1267
92.8396
93.3285
94.4588
94.1355
94.0974
93.5915
94.8109
95.3635
95.4859
95.8942
95.9361
95.1813
94.3307
94.3292
95.0882
95.469
97.1666
95.5774
94.9674
94.9085
94.7363
94.6588
94.2916
94.8755
96.0751
95.8105
95.8945
94.0148
94.8903
95.7224
97.1451
97.0936
95.9227
97.3957
98.3465
98.4362
96.9772
97.6539
97.609
96.4948
98.1043
97.3634
97.2013
98.7042
99.7246
99.147
99.3592
100.25
101.667
101.246
100.296
101.591
102.482
102.807
102.854
102.76
102.734
103.351
104.225
105.843
104.372
102.204
101.438
101.992
102.283
101.314
101.559
102.255
101.61
100.404
99.7487
99.5655
100.083
101.704
100.304
99.7347
99.3503
100.054
99.5001
99.8958
100.733
101.464
99.9517
100.537
100.91
99.881
100.892
100.85
99.7281
100.4
102.361
104.26
105.921
108.8
108.186
108.495
105.622
105.708
102.775
103.47
102.894
105.963
104.884
106.717
105.184
106.535
107.059
107.655
105.954
107.002
106.894
107.758
106.122
104.987
105.683
106.286
102.486
102.985
101.673
101.956
102.397
100.002
98.6587
98.5608
100.627
101.663
100.896
102.02
101.099
101.087
100.409
102.524
101.04
101.778
103.004
102.158
102.747
102.423
102.319
100.705
101.668
102.268
102.99
101.886
102.322
102.964
102.548
104.222
104.581
103.639
101.347
99.881
99.9391
101.587
102.963
103.34
102.598
101.461
101.207
101.259
100.586
99.9003
100.981
100.39
99.8718
102.012
101.933
103.749
102.879
104.49
104.379
104.471
105.425
106.222
104.4
104.034
103.228
103.997
102.743
100.933
101.36
103.02
102.769
104.017
104.459
103.574
104.368
103.677
103.527
104.791
103.73
105.794
108.381
109.708
110.03
109.788
110.24
112.3
116.271
117.936
117.713
119.017
117.188
117.092
115.531
114.194
116.368
114.241
115.058
116.201
116.531
119.447
117.864
117.374
120.181
117.921
119.243
116.202
116.504
117.566
116.522
114.469
113.95
112.559
115.374
113.441
111.729
111.532
109.532
107.641
107.427
107.69
107.531
104.601
107.103
106.02
105.322
103.224
102.323
101.884
103.432
100.61
100.219
100.293
100.689
100.954
101.25
101.262
99.1592
99.5197
99.1135
99.3443
99.3743
100.114
101.083
103.528
104.018
103.545
102.954
103.493
103.899
102.844
103.368
102.158
101.117
101.353
101.223
99.1261
98.6874
100.296
97.1005
96.6898
95.9027
97.7117
95.4267
96.8929
95.3332
95.8027
95.6557
98.9843
97.6644
98.0066
99.6909
102.794
102.377
101.192
102.309
102.549
102.303
102.425
104.058
105.949
106.441
106.129
104.689
105.777
106.942
108.39
107.609
105.621
105.438
105.725
103.915
102.489
102.371
102.75
103.805
103.053
100.371
99.7626
99.9334
103.2
101.529
101.988
101.443
101.916
102.242
100.917
102.303
103.384
104.966
103.387
104.854
103.439
102.833
102.091
101.587
101.889
102.275
100.001
102.255
101.958
101.326
101.096
99.9302
102.999
102.325
101.365
101.878
101.726
99.9402
99.292
98.764
99.1706
97.1599
98.4461
100.762
99.7941
98.2371
99.4749
99.4147
98.852
99.6204
99.7357
98.6442
97.3417
96.6534
97.7634
98.6667
97.5209
96.1354
97.6044
99.4315
98.4508
98.8913
98.1905
98.1917
101.485
100.611
101.583
102.319
100.814
101.637
101.554
100.992
102.666
102.452
101.762
98.9387
99.2734
98.6646
98.015
98.3673
96.5534
97.1227
97.0586
96.5228
93.8754
95.9675
97.0095
97.0338
97.7347
96.4966
95.3326
97.8027
98.9365
96.9124
96.405
97.2907
98.3853
97.3647
97.6432
98.3571
98.1906
96.7506
99.2154
98.1563
94.4753
95.7946
96.4149
95.5338
94.2801
96.6591
96.7109
97.7744
98.2975
98.9811
98.7264
98.7762
100.469
101.662
102.642
103.405
102.824
103.307
103.961
103.666
101.913
101.792
102.601
104.098
100.781
100.973
101.518
103.751
102.871
102.737
102.942
102.796
102.088
102.947
103.02
104.018
103.948
103.541
102.71
102.845
102.708
102.7
102.036
101.731
101.781
98.9441
101.792
101.887
101.956
100.957
99.0246
97.8269
96.1978
97.5751
97.8625
96.8732
96.5048
94.9904
95.115
96.8856
97.3872
98.7448
99.8086
98.1455
98.9249
97.9638
96.2977
94.9254
94.4253
94.359
94.5948
95.1191
93.8665
95.4361
94.9893
95.9236
97.8351
98.9975
99.3997
99.8937
101.153
101.226
101.876
102.119
102.409
100.8
99.643
98.1024
96.9649
96.7387
95.8944
96.0648
96.2553
98.0962
97.4081
100.019
100.385
100.301
99.4351
98.784
99.0594
99.7785
97.5611
97.7622
97.9633
97.8461
96.9733
96.608
95.7692
95.0483
95.8675
98.4056
98.944
98.2805
97.8818
98.4774
96.8682
98.1038
99.816
101.175
100.957
101.623
102.264
103.168
104.973
106.264
106.886
108.929
110.639
110.519
109.891
111.027
112.903
111.231
112.074
111.752
112.945
112.45
109.217
108.698
108.914
107.792
107.867
110.33
110.462
109.101
109.875
110.008
109.127
109.177
108.268
108.313
107.399
108.255
107.974
111.942
111.126
112.522
112.305
112.861
113.62
111.968
110.33
110.964
109.949
109.878
108.806
108.857
106.333
106.094
105.964
105.866
