100.979
99.9923
99.8536
101.631
102.207
100.662
99.8634
98.7573
99.4658
100.154
101.723
100.613
100.905
100.599
101.534
101.825
100.328
100.752
101.057
101.265
100.698
100.528
103.006
102.702
103.18
103.921
105.636
107.876
109.177
109.595
109.98
111.751
111.841
113.247
112.256
111.278
112.33
114.172
115.146
115.235
113.677
112.559
113.499
114.583
114.513
114.147
113.228
111.403
111.508
113.087
110.565
109.462
110.802
107.804
109.846
111.303
110.045
109.699
108.366
106.553
106.463
106.897
109.564
108.14
105.812
105.112
106.606
106.148
106.312
108.05
108.45
107.988
106.956
106.687
105.583
101.821
99.1118
97.9844
97.2225
97.5601
95.9271
94.4897
91.2497
92.285
91.12
91.3687
91.703
92.69
93.1689
92.2899
92.6273
94.5169
95.3238
94.1154
94.6263
95.0701
95.1132
95.6581
96.875
96.8582
98.1867
98.2297
97.4411
95.85
96.1487
95.4148
94.1845
94.3134
95.5523
95.5843
94.99
94.5591
93.4822
92.3224
91.5476
91.6939
91.7225
91.7168
90.8282
91.3551
88.619
89.2243
89.3725
89.0813
89.397
88.31
89.4396
90.8143
91.1704
89.3561
90.2076
88.7382
91.1487
90.8609
90.4548
91.4368
91.1047
90.7608
90.0802
90.5095
89.2927
89.6477
91.1738
89.6105
89.8854
91.1411
94.6142
95.1344
95.0892
93.7048
92.3962
91.2892
91.7853
91.9933
91.4615
90.1204
90.5447
91.1612
90.7624
91.4851
91.1352
92.8085
92.0778
88.4424
89.8166
89.8119
90.5046
89.7822
90.6893
90.5846
91.6538
92.4836
90.3721
89.179
89.5762
91.0403
89.3346
88.4927
88.9
86.864
86.971
87.8211
88.3631
86.853
85.6102
83.9842
83.65
83.2565
83.7728
85.2065
85.3273
84.3568
84.1147
82.4691
83.8964
85.2793
87.1623
87.2521
86.3063
85.5773
85.6201
86.0303
85.5458
86.3185
86.6039
84.5527
85.0784
86.934
85.5222
84.0098
85.5591
86.0444
85.2278
86.1592
84.6217
85.1467
84.6902
85.3295
85.6952
84.7889
85.895
85.8416
88.033
87.7014
88.326
89.8879
90.2849
90.0978
90.7772
91.1136
94.3807
93.6581
93.1911
92.7503
92.0864
92.9152
94.1392
94.7932
95.9497
96.7756
98.0768
99.1134
99.4223
97.0914
98.7298
99.5689
98.4405
96.2585
95.8379
96.4414
97.7392
97.1917
97.0707
96.9603
97.4213
97.1574
96.8562
96.6059
96.2109
98.844
99.3297
100.635
102.079
100.555
103.467
104.327
103.806
105.06
104.869
103.126
100.98
101.392
102.617
103.094
103.655
100.833
101.338
101.073
101.587
101.864
101.089
103.05
102.689
103.618
104.538
104.601
103.554
104.373
105.291
105.472
106.626
107.687
108.606
106.299
107.02
108.001
108.556
110.261
114.098
113.996
113.011
111.747
112.501
111.247
112.515
112.455
111.648
111.089
109.937
110.951
111.409
110.341
109.748
109.544
110.88
109.312
110.634
112.722
115.795
113.703
112.673
113.094
115.136
114.942
113.651
112.275
112.369
111.701
112.027
113.812
113.41
112.115
109.773
109.737
109.783
110.06
109.585
112.902
112.91
111.793
110.898
109.674
110.377
109.954
110.471
109.399
110.727
108.414
110.174
108.837
110.051
111.279
110.372
111.386
109.828
108.756
108.024
107.134
105.35
108.881
106.754
109.011
109.143
110.454
111.806
110.029
109.705
108.282
108.73
107.388
107.283
106.757
108.301
108.678
108.74
107.897
109.351
110.376
108.863
108.448
108.166
108.036
107.014
106.983
108.562
109.49
108.199
107.842
109.285
106.59
107.242
108.929
107.467
106.097
107.804
108.466
107.213
107.298
106.557
105.051
105.997
104.897
104.258
104.048
104.575
105.553
104.88
104.397
106.034
108.309
108.904
108.081
109.131
107.794
106.353
104.68
105.933
105.329
104.823
108.048
108.598
107.654
106.571
106.051
106.365
106.021
103.96
102.197
104.24
104.482
106.392
103.692
105.479
107.128
108.221
107.321
107.439
108.55
109.655
109.825
109.3
110.016
109.027
107.361
106.986
108.494
108.967
106.913
105.809
108.828
109.387
108.979
109.548
111.553
111.183
110.702
107.652
108.649
107.393
108.678
108.159
108.098
107.333
106.591
108.017
104.903
106.416
108.475
109.024
108.649
108.567
108.407
107.885
107.883
106.819
105.902
106.595
106.303
104.256
105.704
105.514
103.397
101.679
103.478
103.789
105.267
104.076
103.477
103.454
102.67
102.581
103.673
104.716
104.524
105.807
106.316
105.625
107.308
107.98
108.396
108.645
111.85
116.12
117.441
117.682
119.53
118.534
118.117
120.289
119.486
118.464
116.983
116.581
118.381
119.067
120.558
120.604
120.803
121.807
123.54
122.856
121.034
118.087
119.044
118.737
117.035
116.704
115.456
116.161
118.838
119.57
118.392
118.428
119.903
117.822
117.402
119.543
119.358
117.813
118.65
119.388
117.941
116.645
116.985
118.206
118.059
119.464
121.517
123.304
123.269
125.145
122.851
122.177
121.275
120.603
118.78
117.988
117.233
118.367
116.949
116.585
116.191
114.646
112.899
112.78
113.369
112.415
113.936
114.823
116.03
115.027
114.32
116.443
118.412
117.215
117.003
115.334
116.287
114.105
111.657
112.639
113.038
111.308
113.546
113.906
112.67
113.325
111.428
108.607
109.659
109.418
108.154
108.456
107.752
105.483
104.397
105.866
104.151
103.705
103.118
