101.432
100.076
101.008
100.573
98.5259
96.9323
97.9977
98.0405
99.7891
102.13
101.608
100.883
101.953
100.842
99.7027
100.021
101.421
100.622
102.641
102.118
99.4422
100.131
97.6657
98.8909
97.2748
94.7
94.7351
96.7199
97.8614
99.5995
100.852
98.349
99.278
98.8031
102.922
102.52
102.07
102.149
100.325
100.954
102.703
101.177
102.284
102.311
101.582
101.397
101.174
99.8199
97.6056
99.3284
98.8234
97.1652
96.8469
95.0889
95.8319
95.0167
94.9018
93.3329
92.4454
90.8926
90.3727
91.049
92.1292
91.4855
89.2066
87.9477
84.946
85.2869
87.1599
85.7222
83.4881
83.6498
84.1618
84.3611
83.7869
83.494
83.5116
82.3259
82.6561
84.7004
84.9907
85.176
83.5753
83.5244
83.8987
84.5217
83.9831
82.6037
80.7771
81.6843
81.5562
81.6531
80.2789
80.502
80.5517
81.4169
80.4376
80.6104
80.2336
79.6703
79.855
81.2573
80.414
81.0544
81.6263
84.0903
84.661
85.3574
84.9622
84.9607
85.2774
83.656
84.2636
83.8814
83.8723
84.8035
86.5397
83.6811
84.1179
86.533
88.0718
88.4904
88.4188
89.0118
90.7777
91.4872
90.9567
91.3055
91.7347
93.3989
94.5808
92.8668
91.3422
91.6347
90.1717
87.6844
88.77
88.7612
90.4104
89.5363
89.4232
88.7272
88.3998
86.787
87.3491
85.357
85.7415
87.3528
86.9264
84.7273
84.5533
84.1751
83.4377
84.3135
83.909
84.496
85.6761
83.7269
83.452
84.8963
85.3198
86.4243
85.5528
86.7896
85.7297
85.5826
86.0262
86.1305
86.2883
87.33
86.9377
87.2497
87.1886
86.7938
84.4039
83.3973
83.5138
81.8978
82.3389
83.3025
83.3135
83.7407
85.0308
85.985
86.1859
85.3782
85.5853
86.4116
85.948
85.2862
86.1387
88.4536
88.7848
91.1786
91.7833
91.4117
92.641
93.9315
91.9878
94.086
93.4039
94.4575
95.2243
93.4665
92.7495
92.2784
92.5704
92.141
90.1587
92.0174
92.0163
91.4616
90.2464
89.8589
87.0543
88.0944
89.0041
89.9609
88.8977
86.638
86.1338
86.5906
86.5935
87.0493
86.5907
85.393
86.5708
86.1534
87.6311
88.2797
88.0444
88.489
88.8799
89.423
88.9401
87.7697
86.9256
89.7816
91.7093
90.9127
91.1778
90.4626
90.761
90.4032
91.6168
90.5051
90.2622
92.188
92.1946
91.0289
91.9932
92.4078
94.3643
94.3865
93.9803
91.7799
91.8932
91.893
91.3949
90.7764
91.158
92.6627
92.3992
93.4274
95.7814
93.5993
92.6774
95.1187
93.729
94.951
93.5675
91.7091
91.282
92.5147
94.4136
94.1708
92.9936
91.7342
90.1234
90.4254
89.7665
91.4799
91.8376
91.4732
91.0899
90.1129
91.5277
93.1253
93.2825
92.918
93.0572
95.2338
95.3285
93.8841
93.3151
92.0436
92.048
92.54
92.8206
92.0915
90.6794
91.5147
91.6406
92.0596
92.6195
91.8242
89.9104
88.4255
87.7729
87.141
87.5479
88.6211
90.5914
90.7828
89.1803
89.2478
89.9608
89.6887
89.2523
88.7759
89.2449
89.2301
89.3814
88.6073
89.336
88.4081
88.7591
88.0718
88.9443
89.833
88.1057
88.0433
89.3277
91.8596
92.621
93.4361
93.772
94.5119
95.9294
96.1182
96.0211
95.9477
95.9375
95.9912
96.0544
95.3535
96.5254
96.5284
95.0701
97.5001
99.5823
99.0608
97.3076
99.6531
99.9877
100.517
101.874
99.5511
101.449
101.589
101.317
101.717
100.778
100.799
101.006
100.616
100.025
100.649
99.7975
99.994
99.8668
99.7671
100.42
99.6361
99.1561
98.2292
97.6316
100.793
101.096
100.912
100.717
100.059
101.267
101.468
101.058
100.063
100.904
99.7702
98.9238
98.1412
96.2566
96.0473
93.5749
95.8526
96.5069
95.7125
95.2704
94.8364
94.4315
96.2276
97.1032
96.3056
95.4993
96.2096
95.0382
95.1824
95.3839
95.517
95.3334
96.9832
96.0606
96.753
94.4312
95.4104
95.8287
95.9758
92.9592
92.5373
94.5444
95.5723
95.0848
95.7947
95.498
96.5657
96.5402
97.0195
98.7637
98.6434
97.8232
97.505
98.8362
96.6956
97.1508
98.2294
98.1926
99.1012
98.3891
99.4448
100.779
101.297
100.592
97.9761
101.7
102.23
104.712
105.915
104.946
104.639
106.541
106.51
106.754
107.761
107.828
108.66
109.695
110.685
111.998
112.581
110.076
111.221
112.066
111.574
110.258
109.034
108.842
108.896
109.687
110.337
108.58
106.944
105.931
104.115
104.649
105.857
104.99
104.345
105.35
103.233
101.823
104.448
103.29
102.069
104.084
103.326
100.177
100.933
100.68
99.289
98.714
99.3232
100.138
101.748
103.811
102.345
103.507
102.652
99.5046
97.4366
98.6762
100.342
100.008
100.476
99.9686
99.93
100.469
101.74
101.843
100.948
100.543
100.006
98.0284
97.6294
99.1164
98.5516
100.394
99.9075
101.747
102.757
102.041
100.274
97.55
97.2791
99.3658
98.3233
97.0512
96.572
94.929
97.6371
96.8336
96.9864
97.5326
98.2423
97.4013
95.2121
93.2986
92.1443
89.8178
88.7992
86.1545
86.0478
86.1445
86.2917
87.1092
85.6288
84.4487
83.7477
82.0849
81.7971
82.3969
81.5772
81.018
82.2899
82.4487
82.5143
82.8148
83.9913
83.709
83.8732
81.7787
83.4205
82.7896
82.7826
84.2666
84.6442
84.3757
83.1535
83.2549
82.7236
84.0158
83.7083
85.2439
86.0464
87.9814
87.7098
87.9976
88.1411
90.0229
90.3816
91.9087
92.6318
89.5287
89.3992
87.2173
86.0454
85.1556
82.3651
83.333
83.1595
83.2124
81.9642
82.3486
82.2421
83.4283
83.0844
84.4353
84.8771
85.883
86.5753
86.1055
84.6085
