98.3615
96.5308
97.8036
97.7987
99.0028
99.9824
101.69
101.036
104.229
105.447
105.161
103.565
101.606
100.068
102.112
101.247
98.3266
97.9383
97.6317
98.3387
97.7339
97.8325
99.9721
99.8843
101.197
100.681
100.815
103.023
101.643
101.367
101.666
101.179
102.349
102.269
104.669
101.774
101.936
100.089
102.383
101.681
100.739
100.752
102.149
102.825
103.244
103.803
102.928
104.747
105.037
104.858
106.796
107.37
106.643
107.93
109.503
109.351
111.739
109.405
109.759
109.913
109.367
108.362
108.778
108.597
111.07
108.603
109.088
106.922
105.233
104.687
107.332
107.946
108.591
107.617
107.198
106.896
108.652
108.414
108.983
108.651
109.735
111.859
113.038
113.296
110.432
109.191
109.178
110.057
108.172
107.305
107.486
108.499
107.468
108.002
106.12
104.678
103.115
103.463
101.135
101.161
99.6434
99.8913
97.9063
100.063
100.616
101.14
101.684
102.813
103.877
101.684
101.427
99.6858
100.909
102.4
102.313
98.9578
96.68
98.9619
98.2824
97.0092
95.2659
94.4376
95.6405
96.4189
96.8304
96.4873
97.1319
94.9272
97.175
95.5022
96.5541
96.5011
97.0927
97.7361
97.5774
97.6799
97.4191
97.2303
97.9648
98.3524
98.4922
98.7299
99.3792
99.1883
99.9054
101.789
100.88
101.208
102.657
102.735
104.728
103.921
102.66
101.798
102.491
103.56
103.77
104.085
104.93
105.199
104.929
104.664
106.377
108.201
110.56
110.847
109.79
109.206
108.681
109.702
112.264
113.161
116.358
118.228
120.854
121.694
120.222
124.233
125.722
126.947
126.474
125.499
126.541
127.677
126.99
125.947
125.078
125.545
125.857
125.976
124.595
124.34
123.494
126.713
129.733
129.468
131.823
133.55
134.304
133.58
133.834
133.264
132.538
132.404
130.857
133.187
131.018
129.801
128.546
129.272
128.321
127.163
128.309
130.353
128.675
130.051
128.981
128.523
131.05
131.495
131.456
130.191
127.887
127.789
130.557
129.566
127.932
126.821
123.314
121.21
123.619
123.384
125.118
125.573
124.979
125.27
125.303
125.814
129.735
130.182
128.479
127.498
131.049
132.399
134.929
135.907
138.316
138.352
137.077
134.746
133.108
135.981
133.301
133.894
136.682
137.763
136.908
138.667
135.811
134.649
134.213
136.079
135.29
135.921
136.426
137.556
139.193
136.689
136.718
136.313
138.453
135.742
135.079
133.375
136.125
136.393
136.624
137.668
137.345
136.063
138.204
137.182
140.774
138.993
138.655
138.154
140.777
138.599
136.555
136.275
137.19
135.982
136.097
133.3
134.109
132.595
133.466
131.486
130.207
128.938
130.357
127.5
124.222
123.972
124.431
122.9
121.877
123.541
124.567
124.032
125.633
129.497
128.936
129.182
130.171
132.184
135.372
135.56
136.292
135.242
135.336
134.764
134.588
134.788
134.875
134.463
134.854
133.259
133.874
133.542
132.507
130.581
132.742
128.343
125.02
127.541
129.915
130.479
131.517
131.905
133.08
133.766
137.809
137.929
142.068
140.296
140.002
139.235
139.969
141.665
138.597
137.836
138.466
139.748
141.313
137.922
134.72
131.196
128.683
126.49
124.747
125.852
127.528
126.311
126.36
128.008
128.987
127.503
125.902
125.254
125.349
126.751
126.185
126.327
128.125
126.388
126.933
127.25
128.526
128.943
126.601
127.252
128.266
126.875
131.066
127.713
127.117
126.578
129.402
130.892
131.733
131.238
131.666
131.104
131.916
131.685
132.373
129.277
131.98
132.063
131.53
133.04
132.486
134.04
134.718
133.704
136.152
136.223
136.935
137.648
133.291
134.412
132.393
135.144
136.338
137.456
136.785
138.174
139.223
139.553
137.448
138.904
138.901
138.727
140.379
140.842
140.612
139.767
136.597
136.221
134.447
134.092
133.597
134.139
136.384
134.172
136.594
137.932
137.376
137.998
138.076
135.401
134.746
132.004
131.43
132.993
133.149
130.335
128.647
127.724
127.058
128.532
128.833
125.234
124.224
121.312
119.618
120.873
119.709
118.482
118.838
119.941
116.398
115.521
116.361
117.027
117.514
118.609
119.204
119.911
120.934
119.532
120.722
118.212
117.59
119.678
122.169
123.595
121.48
118.699
120.641
123.764
125.432
128.865
130.196
130.966
132.635
132.559
132.434
132.163
130.785
128.846
130.871
131.972
133.818
134.803
135.383
135.081
136.568
135.607
136.126
131.748
131.438
130.609
131.281
131.477
131.178
128.387
127.359
127.354
125.319
126.853
127.727
124.324
122.361
122.44
125.093
124.815
123.945
122.256
121.578
120.828
118.459
120.994
119.136
120.317
121.032
121.092
121.987
119.462
121.484
123.124
121.468
118.135
120.092
121.166
121.175
119.878
118.242
120.271
120.681
120.872
122.026
122.56
120.596
119.377
117.679
115.947
116.256
115.701
116.661
116.932
117.185
119.187
120.061
117.924
115.927
118.142
118.481
119.219
119.105
119.902
122.874
122.748
122.919
122.646
123.235
123.369
123.804
125.933
127.102
125.076
125.854
125.179
125.703
125.43
127.592
127.059
125.247
125.701
125.447
123.696
123.651
122.045
124.167
124.872
125.886
129.992
129.355
127.238
126.621
127.303
125.103
125.009
121.743
123.21
120.857
120.638
121.399
121.995
