99.5449
98.3918
98.4705
99.848
97.6896
95.9331
96.0819
97.0885
98.0149
98.3873
99.2783
100.073
100.659
99.9802
100.294
97
97.4963
97.484
98.3912
99.0295
100.193
101.069
100.756
101.313
100.618
98.306
97.2524
95.7007
96.4401
94.6958
94.1476
94.1208
96.6393
95.6953
96.1506
95.3762
97.5065
97.2348
97.6856
98.2724
98.4176
99.2833
99.4712
99.7663
101.476
102.04
100.766
99.5377
99.2085
96.1791
97.2929
98.0455
97.397
97.0754
97.7748
99.361
99.8528
99.765
100.588
99.4257
101.377
100.399
98.7489
100.163
100.873
101.821
100.71
101.081
103.383
104.06
105.149
105.051
106.743
103.252
101.278
102.042
103.934
101.572
101.802
101.01
101.412
99.3561
98.4394
99.0149
97.9427
98.5037
98.3467
99.2319
99.8742
99.3951
98.9739
97.9211
96.8758
97.9463
99.4186
97.8144
97.3403
95.6593
96.7521
95.6481
97.6066
95.8342
96.3267
97.1492
95.4429
96.3813
94.9027
96.1776
96.1356
98.4143
99.6354
101.176
100.757
101.611
102.422
103.523
102.15
101.834
99.7317
97.9724
100.212
99.9439
98.5706
99.5088
98.8658
100.743
99.3143
97.9476
96.325
97.8834
99.0511
100.154
101.844
102.629
104.505
103.517
104.116
104.654
102.511
103.668
105.252
103.793
105.81
105.466
104.159
103.561
103.817
104.212
105.436
104.527
106.61
108.09
107.113
107.196
107.842
107.452
107.629
108.667
110.263
110.309
108.585
106.857
105.769
106.315
103.416
100.385
101.164
102.8
100.598
102.788
103.636
104.127
105.939
105.811
105.643
106.432
106.107
106.633
107.141
108.418
109.21
110.311
111.076
109.849
108.809
108.956
108.476
111.749
113.389
114.613
113.589
114.504
115.555
115.048
115.224
114.29
114.628
112.939
110.784
111.217
110.122
110.431
110.182
109.742
108.003
105.806
105.516
104.533
103.454
103.321
103.946
103.522
104.669
106.345
106.711
106.934
107.09
108.861
110.13
107.767
108.939
109.171
107.805
107.908
107.526
106.705
106.759
108.746
110.096
109.393
109.308
108.555
110.25
112.053
111.742
110.023
108.633
109.3
109.687
106.816
106.789
107.468
106.958
108.18
107.801
106.834
106.528
106.921
107.161
107.676
108.872
107.711
109.458
109.645
107.903
107.264
110.56
110.027
110.781
109.162
110.157
111.62
111.314
109.679
110.661
108.796
107.903
107.259
108.356
107.704
106.161
105.946
105.444
109.187
106.808
104.46
103.641
103.68
104.897
106.747
106.979
108.459
110.111
109.784
108.412
109.506
110.954
112.851
114.398
115.534
114.287
114.062
114.341
114.664
113.112
112.642
110.845
111.214
110.964
111.063
111.833
111.554
111.341
110.769
107.243
105.085
106.204
104.278
106.119
105.186
104.774
108.334
107.367
107.697
107.751
109.171
109.158
109.739
107.577
107.013
107.191
106.32
106.155
107.978
108.11
109.625
111.043
111.033
110.794
113.123
113.125
113.52
114.069
112.847
112.42
112.209
111.656
112.424
111.968
111.94
113.434
113.584
113.115
113.283
114.997
114.675
112.423
114.037
114.396
112.98
112.725
112.539
111.792
113.252
114.54
114.843
115.563
115.215
116.756
115.952
115.418
116.168
116.306
118.416
115.541
116.148
114.53
112.541
113.767
114.038
115.223
115.246
114.671
117.276
118.404
121.249
119.648
121.229
122.884
121.894
122.645
123.568
122.805
122.634
119.897
120.553
118.762
117.287
119.403
118.935
117.837
118.577
120.542
121.375
122.645
120.168
119.48
118.632
121.038
117.781
119.56
120.05
119.513
121.078
121.537
120.952
121.597
120.576
118.944
118.255
117.863
118.901
116.385
115.997
117.883
119.681
118.867
120.34
119.981
121.025
121.96
123.257
123.652
123.179
119.687
117.692
115.469
115.648
113.527
112.452
113.615
115.906
116.12
118.403
116.866
116.751
119.307
117.848
119.841
121.038
117.479
117.555
118.224
116.112
115.781
114.834
115.686
113.919
115.344
113.874
114.818
115.802
112.889
112.591
114.591
115.504
113.976
115.767
112.479
111.561
113.18
111.295
110.822
108.566
108.401
109.336
108.947
109.104
110.075
109.663
110.075
106.475
104.748
105.671
105.554
107.901
108.392
110.39
110.453
112.78
112.062
112.604
112.766
111.483
111.984
111.44
109.778
111.204
111.877
112.711
112.782
115.036
114.295
115.298
113.25
114.13
113.654
114.751
115.108
114.18
114.722
115.248
113.491
112.644
113.044
112.065
112.027
112.777
112.63
110.826
108.472
110.692
108.012
110.406
109.845
109.429
110.669
110.217
109.819
110.049
110.573
110.627
111.89
109.794
111.331
110.125
110.485
110.983
112.005
111.259
109.226
110.383
108.313
108.507
110.081
112.314
111.504
112.81
112.06
111.516
112.901
111.833
111.327
111.085
111.695
111.223
110.195
107.834
106.846
105.437
108.208
109.556
108.875
109.171
108.868
108.415
109.84
111.763
112.967
109.628
111.81
108.649
107.982
107.117
107.775
108.627
108.374
111.117
109.122
108.221
108.172
110.498
111.492
111.234
108.481
109.497
109.729
111.209
109.991
112.639
113.576
111.293
111.368
111.757
109.108
110.607
111.459
110.2
110.318
112.827
113.323
114.221
113.695
114.372
113.787
114.739
114.024
113.621
114.543
115.137
