101.12
102.257
102.506
100.513
101.921
101.321
102.081
102.083
103.637
103.215
102.538
101.996
102.593
101.686
101.279
102.027
101.313
101.399
100.68
100.605
100.026
99.084
101.761
100.368
100.018
101.887
101.017
100.923
99.4656
100.636
98.7316
98.763
97.9389
98.4276
98.0655
98.5994
97.18
97.1349
98.8703
97.7931
97.4371
96.1912
97.9446
97.8675
98.5797
98.0595
96.8982
97.702
99.4786
97.6672
96.1783
96.6263
96.6497
95.9094
94.7566
96.2706
96.5718
96.9979
96.4024
97.1612
97.5678
97.1299
99.4269
100.511
101.794
100.874
102.117
101.594
102.175
100.519
100.015
99.9659
101.383
102.334
102.7
102.746
103.408
101.471
101.974
101.248
100.846
100.793
100.875
98.0776
98.9619
99.8208
99.9579
100.954
99.7997
98.6574
95.981
97.0896
96.8321
96.3179
95.6972
96.8006
98.1204
100.3
99.6425
101.408
103.455
103.326
104.497
103.402
103.811
106.767
105.393
104.998
105.551
104.468
105.053
105.605
104.324
106.29
104.819
103.381
104.354
103.571
102.368
100.167
99.9251
98.4324
97.5829
96.661
95.4832
93.6718
92.5092
93.9108
92.235
92.5101
93.7982
95.3551
94.6259
93.7393
91.0054
91.7309
91.3457
92.9335
91.9243
89.1651
89.6989
89.1384
89.9368
89.0732
89.5339
90.2966
89.8953
90.9121
92.513
92.4997
93.7598
93.7713
92.3279
92.2448
90.2435
87.984
86.1773
87.3108
86.8443
87.3893
86.7462
87.0466
88.3521
86.9239
84.6943
83.7992
81.7739
81.3771
80.439
80.0283
80.0476
81.4041
79.7219
80.4022
79.7468
79.9366
83.6215
83.5127
83.3492
81.4261
81.2855
81.7376
81.4272
81.4628
82.155
82.4575
84.52
84.0779
82.5094
83.3406
83.1326
84.3419
85.89
86.351
86.2083
86.259
85.9847
86.3419
87.7563
88.95
91.0705
93.07
94.1121
95.6706
95.5301
95.7873
95.0972
97.8724
97.8846
97.285
98.8944
98.2636
97.3902
96.2572
96.8829
97.6599
98.8973
102.508
104.767
102.066
100.468
100.582
101.293
99.0364
99.4411
98.5055
98.268
98.9453
99.9094
99.7859
100.775
100.592
99.8146
100.425
100.779
102.146
102.243
100.635
101.711
97.9892
98.0828
98.4825
99.1196
98.0019
97.8973
99.6618
98.8267
98.8617
98.303
99.3952
98.4709
100.062
98.1884
97.9425
94.2362
92.9765
93.5312
93.801
93.8085
94.8078
94.9589
92.82
93.3513
92.7006
92.6835
92.4853
91.7904
93.63
94.4423
96.1261
96.2184
95.3168
95.8354
96.6276
95.8684
95.5834
95.7911
95.3036
97.5507
98.2941
98.7969
99.2812
101.027
99.8173
97.9866
99.6584
99.5965
97.7629
96.7053
97.2608
98.3413
99.7894
99.6045
99.7779
100.207
98.2704
99.1753
100.791
98.7403
99.2755
96.5364
97.3675
98.5728
98.7765
97.848
99.4223
98.6531
99.6426
102.971
102.763
103.032
100.377
100.298
98.243
96.3436
99.1231
100.243
97.9766
98.0311
100.674
98.6849
96.9322
97.3953
96.8233
97.6632
97.6443
95.468
96.8629
96.5114
94.8877
91.8332
91.2406
92.1352
90.2742
91.081
91.6895
90.583
89.1579
89.664
88.1271
89.7865
88.8581
88.2234
89.6627
90.1554
89.8939
89.0874
91.2118
91.6285
91.7724
92.9512
90.9612
91.7972
93.3979
93.997
93.8683
96.67
94.2689
95.1126
92.3896
91.583
95.1336
93.5522
92.9295
94.1017
93.6836
93.2775
92.7903
93.0872
93.6911
93.4495
92.9613
93.525
90.3019
88.0822
86.3065
87.2409
85.5012
86.0118
87.7494
88.8597
87.9474
88.1559
88.1204
88.8327
85.8339
86.6342
85.9826
84.484
83.0755
81.439
83.2201
82.9882
84.0118
83.8163
84.3867
82.985
82.7159
83.2914
83.4815
82.9445
83.5395
83.0733
81.0475
80.7919
82.2572
82.5119
83.7018
83.9326
87.1195
85.0983
87.0149
87.1382
86.3396
85.5729
86.4764
85.9976
85.862
83.9871
83.4638
81.0942
82.5475
81.7947
80.2603
79.9574
81.1028
79.9294
79.0801
79.4059
80.4296
79.5612
80.5478
80.1415
79.3394
78.5875
77.4715
77.2401
77.4205
77.6445
77.678
78.7754
79.6404
80.0429
79.347
77.7533
78.4459
78.8393
78.9217
78.3768
79.2132
77.1031
78.0937
77.8923
76.9324
77.0212
78.5207
77.3368
77.0772
76.1603
76.5044
78.4772
77.4826
78.1221
78.693
80.4668
80.2891
80.9214
81.7073
81.6532
82.1172
82.1188
82.0291
82.2807
83.8989
83.298
82.6784
83.5497
84.7895
85.5514
85.2573
86.63
85.9131
85.4637
84.7494
86.4488
86.263
85.1233
83.5895
84.3642
84.6114
82.8421
83.6294
81.009
81.2396
81.9251
82.2232
80.8421
79.7956
79.6791
79.0495
77.8257
77.3313
77.1868
77.5066
78.3267
81.2857
81.38
80.6022
80.941
80.1777
78.5578
77.0585
77.5683
78.5051
78.2499
78.3436
78.0558
77.1937
78.933
79.664
80.0012
79.932
81.6777
82.8676
82.6449
81.8234
80.2523
80.6429
80.8073
80.8217
78.1568
76.6631
74.6765
72.8662
74.1212
75.7739
75.1082
76.5756
75.255
74.0007
72.6807
73.3019
73.2086
72.5898
70.9337
69.8084
68.2776
68.1176
69.5575
69.8257
70.4562
70.2673
69.4767
69.0912
69.639
70.1262
68.5845
70.2196
69.9177
70.6237
71.5149
71.9976
72.9262
74.2428
73.234
73.0821
72.0752
74.3019
74.5834
75.8175
76.44
74.9194
73.9082
73.0522
74.3239
74.5604
74.7299
74.6193
74.1812
73.0833
72.2019
72.4809
72.2199
73.4719
72.7544
72.9327
72.1696
72.0099
71.4719
70.2726
70.0682
69.8064
70.3593
70.4331
69.935
70.396
70.0993
69.0712
68.2144
66.8338
