99.6066
101.341
101.469
103.793
103.405
103.282
103.428
103.851
102.343
99.8875
99.7439
100.729
101.688
100.464
100.745
101.583
100.636
99.4924
102.232
103.019
103.994
101.22
100.071
99.9144
100.076
98.2892
97.9164
98.5078
98.2181
96.5718
94.5959
95.8902
96.4754
96.9657
97.8059
98.0239
97.3499
99.2223
98.815
98.7067
99.4684
99.6757
99.3677
98.4344
98.3685
98.0252
99.4046
98.5359
99.0041
97.8572
98.699
99.3982
99.6797
100.555
102.367
103.465
102.015
102.395
103.72
106.355
105.289
102.413
100.157
101.587
98.0121
97.0555
97.2691
100.725
100.05
99.9706
98.3642
98.3786
96.7968
96.7322
97.86
97.2758
98.41
97.5188
94.9056
93.8547
94.1734
93.5763
94.1839
93.3301
94.0155
94.0041
94.8977
94.9332
95.0668
96.3912
95.7657
95.1261
96.6728
96.1623
97.2981
94.9962
95.2599
92.8469
95.0679
94.9018
96.0997
97.3657
95.9726
94.7148
95.0517
95.5957
95.9579
95.3415
95.154
95.4741
95.3366
94.6686
93.6772
93.9533
95.6427
92.6027
92.188
92.2408
92.5298
93.2146
95.7077
96.1995
95.5067
95.3343
94.8987
93.633
94.129
93.9855
95.5209
96.6844
96.5274
96.5432
96.6482
97.1014
97.3634
97.3601
98.9274
100.7
100.025
99.6918
99.809
101.042
100.633
99.8535
98.8271
99.6411
101.34
100.745
100.13
100.365
102.162
103.123
101.862
103.102
100.851
104.311
105.544
108.455
107.649
108.575
108.808
108.764
109.191
107.982
105.545
107.933
110.251
110.938
113.323
112.583
112.192
111.88
110.387
111.912
113.874
114.356
112.591
113.101
111.78
110.586
110.394
111.013
110.842
112.344
112.714
111.623
113.644
113.564
114.498
113.607
112.599
111.26
111.1
111.662
113.763
115.284
114.788
113.758
114.369
116.579
117.712
116.944
118.725
119.5
119.913
121.402
122.333
122.698
121.233
119.658
120.105
118.679
118.3
118.567
117.242
116.111
115.135
115.705
113.896
110.674
112.515
112.644
112.169
112.182
112.024
110.316
109.817
110.512
109.161
108.103
109.491
109.027
106.243
103.291
103.47
105.11
105.597
105.722
107.954
108.015
111.132
110.245
110.263
108.882
106.982
105.051
104.131
103.463
103.158
102.466
102.226
101.959
103.36
103.481
104.801
108.552
108.983
108.536
106.706
105.336
105.618
104.632
104.397
103.3
103.281
103.336
103.19
101.647
102.555
100.907
102.359
103.503
103.103
100.22
100.229
99.733
101.067
101.62
102.061
102.938
102.698
102.012
100.939
97.8961
99.0089
100.042
100.792
100.678
98.7198
99.6566
99.7007
100.591
99.2635
98.5037
96.7396
95.2498
96.0176
96.3075
95.1253
97.5457
98.5827
98.7525
99.4503
99.5745
98.8985
99.2892
100.39
100.512
100.998
99.9531
97.5507
97.1034
97.746
97.37
96.1584
97.5097
95.3158
95.4887
94.2817
95.6944
96.8117
97.4213
95.463
97.1098
96.0904
95.4642
95.054
92.2605
92.6376
93.5122
95.0637
94.8782
95.6507
94.1294
92.5765
91.3372
91.9727
92.4033
91.7854
93.3187
92.6179
92.6684
92.1961
91.3905
93.0391
94.605
93.752
94.1048
95.7724
95.8019
98.4504
96.2156
96.2042
98.7888
101.325
102.799
104.233
102.859
104.241
104.451
102.818
103.97
103.148
104.993
106.192
106.521
107.489
107.786
108.183
107.103
107.955
107.451
109.94
110.45
110.653
111.609
109.673
111.368
112.192
113.566
112.329
114.281
115.041
115.668
114.103
114.928
114.818
117.937
118.689
118.07
115.904
116.8
119.204
116.541
119.692
119.258
122.941
123.519
126.672
130.165
130.432
129.311
128.954
129.246
130.655
131.797
128.975
131.458
130.024
131.391
133.384
136.254
136.329
137.614
140.148
140.866
141.418
141.497
142.38
142.137
145.052
150.385
147.547
146.497
148.85
147.307
147.352
150.004
152.852
152.319
149.769
152.024
151.969
150.508
149.526
146.251
149.187
150.533
147.393
148.269
148.251
150.188
151.972
152.571
151.333
151.203
151.641
150.71
151.319
150.717
151.407
150.127
149.333
146.117
147.086
146.807
148.224
146.8
148.271
149.641
151.242
147.031
149.158
150.354
148.883
149.928
150.386
150.731
149.533
149.525
151.086
153.893
153.755
151.217
149.782
152.025
153.045
156.757
155.256
154.968
157.451
157.313
155.498
155.427
156.898
154.462
153.928
153.838
154.31
153.346
155.466
153.871
155.019
157.913
159.433
161.642
160.648
157.646
158.672
153.863
151.745
149.226
149.892
149.263
149.835
148.56
148.97
147.961
144.683
146.055
143.72
144.356
147.531
144.524
143.995
146.338
144.097
145.122
143.253
143.377
143.962
141.886
142.596
145.293
147.304
148.029
149.776
147.649
149.494
148.879
146.618
148.056
147.418
147.411
146.73
147.042
147.46
148.782
148.526
151.844
153.195
153.215
153.646
150.872
149.163
147.326
146.829
148.798
147.868
146.82
144.104
145.014
144.844
143.296
142.452
144.694
144.988
146.658
148.64
146.976
145.778
146.124
144.441
144.307
144.571
143.659
144.662
145.04
146.77
144.457
141.874
143.356
142.304
142.789
144.409
142.286
142.206
144.681
143.008
140.941
140.924
143.553
141.93
141.238
140.372
144.649
147.77
149.192
148.972
150.482
148.836
147.154
145.594
147.04
148.543
149.715
149.401
148.538
147.561
145.364
