98.5247
96.948
97.5227
98.2905
98.4007
99.0037
98.9764
98.3382
98.7517
97.8903
99.6595
99.4502
99.8979
98.5336
99.9319
99.7006
99.5433
99.6144
100.364
99.8257
99.605
101.246
100.129
100.469
102.527
103.734
104.364
106.899
106.223
107.176
106.516
107.044
107.461
105.003
102.97
102.533
102.651
102.657
104.444
105.488
104.853
105.473
105.247
106.961
106.394
106.286
104.29
104.612
105.505
108.445
108.611
109.282
107.196
105.549
105.164
104.697
106.677
104.177
103.577
103.285
103.207
103.143
104.939
105.568
105.714
106.208
106.403
106.387
104.784
103.972
103.36
103.361
104.101
104.073
102.132
103.273
101.255
102.328
100.99
100.011
99.3042
98.8783
98.6246
99.6756
98.3684
97.016
97.9909
97.5389
98.3069
96.8166
96.4839
96.5023
96.6295
97.0344
97.149
99.7052
100.058
99.9875
101.371
101.004
101.258
102.03
100.593
100.495
102.699
101.699
103.112
103.074
103.86
103.939
105.569
107.552
105.22
104.029
104.759
104.403
103.618
103.093
105.101
104.939
104.882
104.208
104.533
104.256
103.917
103.653
102.069
100.188
102.303
102.549
103.915
103.448
104.546
104.454
103.384
104.626
103.631
102.422
102.038
100.086
99.1352
100.03
101.039
101.806
102.76
102.69
104.172
103.351
103.216
103.185
101.814
102.73
102.733
104.208
103.097
104.406
104.767
103.301
104.624
104.126
104.992
102.004
103.499
101.681
103.636
101.713
99.0857
99.2935
99.8753
97.6203
95.8922
96.3029
96.2929
98.0121
97.4819
95.4171
94.7409
95.7504
97.3776
98.0289
98.7277
100.14
100.945
100.333
100.473
102.429
101.21
102.101
102.877
104.694
106.413
105.921
103.985
101.977
103.189
103.863
106.022
107.3
108.101
105.789
106.111
106.348
104.136
104.077
103.037
104.356
106.441
108.931
107.952
108.25
107.85
108.278
109.466
110.464
110.108
111.358
109.302
112.052
112.037
111.64
109.845
107.412
105.408
103.591
104.153
105.418
106.903
105.795
104.38
104.504
103.233
101.514
103.823
104.86
106.309
108.015
107.861
110.26
110.428
110.297
110.142
111.59
111.464
110.582
109.109
110.011
108.997
107.594
109.008
109.907
112.152
111.473
113.983
113.912
111.469
112.665
114.14
113.965
112.25
110.528
110.82
110.824
110.166
110.781
111.542
113.768
113.236
113.361
111.919
111.929
111.313
110.455
111.945
111.107
109.183
109.086
108.728
108.419
106.013
105.116
107.347
105.296
102.105
100.667
99.1646
99.6939
99.6382
98.8361
98.5548
100.215
99.7851
99.6187
98.3942
99.6001
101.005
100.942
101.186
103.038
103.922
104.965
104.909
103.083
102.482
104.043
104.61
105.263
107.04
107.059
107.918
106.052
107.331
107.172
108.124
109.161
109.307
109.258
109.132
110.519
110.75
108.31
109.04
107.184
108.398
109.416
110.402
110.355
107.086
107.704
107.733
112.251
112.115
112.06
113.215
113.446
113.111
113.939
115.108
117.223
118.426
117.998
116.861
118.853
122.231
121.187
121.608
120.767
123.628
122.515
122.303
120.4
119.144
118.136
116.264
116.641
116.839
117.928
116.688
119.43
123.099
122.971
124.421
123.776
123.335
124.287
127.017
126.319
125.789
128.671
128.731
127.527
125.263
124.332
125.782
126.809
127.893
127.042
126.617
124.613
125.4
125.125
125.754
126.335
123.347
123.748
124.165
119.661
119.444
120.317
119.275
121.936
121.893
122.582
122.141
123.786
123.714
121.398
118.802
117.429
117.081
116.287
114.667
113.906
114.599
116.659
116.666
116.485
114.729
114.036
114.321
113.323
112.021
109.698
108.352
107.973
107.851
107.111
107.456
109.337
111.343
115.697
115.346
115.193
116.159
115.334
114.316
117.143
119.149
118.573
118.507
117.388
117.384
118.904
119.3
122.742
123.599
123.736
124.547
124.78
125.41
125.929
125.706
125.822
124.319
122.867
122.095
121.066
121.431
123.492
123.648
124.223
125.362
123.886
123.761
125.714
128.018
126.547
127.292
126.823
130.25
130.039
130.905
129.675
127.309
125.096
119.84
120.905
122.073
120.365
121.001
121.817
122.421
124.226
120.292
118.87
118.344
117.425
118.993
121.092
117.697
117.235
117.205
115.314
116.355
115.333
117.134
116.353
117.412
114.571
113.032
112.744
112.31
113.165
111.661
113.227
113.508
113.754
113.256
113.298
113.773
113.114
112.995
114.155
112.186
114.827
115.503
115.185
113.061
112.424
108.482
107.023
107.002
106.312
105.998
105.023
108.088
107.141
107.025
108.941
108.431
108.226
107.791
106.816
106.901
106.558
107.759
106.898
106.049
104.62
106.413
106.633
106.748
105.64
108.455
109.935
109.295
110.802
110.704
108.711
109.134
109.584
109.403
109.893
106.731
105.686
103.38
101.041
102.506
100.759
99.7531
100.31
98.1162
98.1994
96.8167
98.6593
98.7729
98.4507
98.2075
98.515
99.1219
98.7775
100.43
97.2536
97.1108
97.9932
97.336
98.5717
99.7821
99.7221
100.323
100.193
103.087
107.073
107.923
108.338
109.686
109.855
110.578
111.032
112.189
111.47
113.109
114.52
115.291
116.944
117.581
118.824
119.306
116.878
116.724
116.3
118.513
119.758
119.095
120.573
119.106
118.148
121.751
122.644
121.34
118.269
