98.751
98.6694
96.9192
97.341
96.5668
97.617
96.5622
95.924
96.8696
96.6996
97.1138
97.5047
98.9308
98.1132
99.9746
100.332
98.2416
99.8461
99.6746
100.371
98.7442
98.66
97.923
96.119
97.28
96.6224
96.5923
99.0342
100.65
98.7194
95.5231
95.0496
95.0734
94.9946
96.1042
95.8993
95.0574
95.0444
95.3669
95.583
96.451
94.9121
93.3713
92.1481
92.3511
92.395
93.3386
92.8352
93.4131
92.0578
91.0721
93.2364
92.6652
92.7404
91.3946
91.4915
91.3456
91.0928
91.0456
90.9376
89.0502
90.4739
89.3675
89.9138
90.0968
90.1076
89.4006
88.2752
89.3378
89.6786
88.8498
88.0084
87.3718
87.7282
85.9173
86.6074
87.1043
87.5923
86.0068
85.784
86.5573
87.2668
86.0947
86.6474
88.6432
87.8326
86.2357
88.7231
89.9996
89.7677
88.1157
87.1368
89.0058
89.8986
90.3224
89.1449
89.9543
91.3825
90.374
91.9795
91.5839
91.093
91.0322
90.7496
89.1996
88.0723
87.5458
88.0477
88.2194
91.4619
89.4074
90.0517
88.7119
87.6489
87.0671
86.0815
86.0872
86.8546
87.278
86.4888
85.7481
84.9461
83.5517
83.3263
82.0221
80.2102
79.7514
81.1921
80.6914
81.4153
81.5549
81.6579
81.9594
83.1812
83.8218
83.1645
83.7005
83.9598
84.4673
84.3062
83.3757
83.5339
84.3945
82.6477
83.2196
83.3739
82.9112
82.6473
81.4079
82.3625
81.7587
84.0188
83.4449
83.13
83.877
85.1445
82.8792
83.2887
82.7941
81.7463
81.4648
83.2139
82.8204
81.2965
79.6519
79.7788
79.6624
81.7766
80.9694
81.5236
83.3002
83.449
84.6085
85.3381
86.1266
85.2677
85.9293
84.8344
84.4239
83.4142
83.9446
84.6957
84.8447
84.2908
82.8227
83.1208
83.2223
82.6735
81.5729
79.3606
78.658
78.3673
77.6225
76.1579
76.1721
74.6358
74.2446
75.9477
76.3435
76.6579
75.3489
78.0013
76.5633
75.4726
75.6227
74.3473
75.7773
77.257
76.9819
77.2412
76.6654
76.7383
76.7303
76.2826
75.8091
76.1515
73.8406
73.4029
73.7345
74.1523
74.5832
74.9215
75.8882
76.4439
76.426
76.6606
76.9094
76.6478
77.8401
77.545
76.3325
76.3526
76.789
75.8721
75.63
75.9078
74.8566
75.1249
75.9938
74.3778
73.4967
73.1625
74.5315
74.3841
75.0711
75.253
76.4106
78.0251
77.5019
76.775
77.6084
78.4542
77.5907
76.685
77.2357
77.1712
77.0017
77.9476
78.4011
78.5056
78.6553
77.6832
77.9985
78.3811
79.3699
79.3354
78.3334
79.0138
79.8112
79.4281
79.1017
78.5154
80.8623
79.799
78.4512
80.4347
81.2712
82.153
84.226
84.9533
85.5954
85.621
86.0126
86.6974
87.0194
86.2184
88.8227
90.9628
93.1852
93.8681
92.6471
91.3101
91.5394
91.3861
90.9455
90.7632
92.042
90.8682
91.0244
90.1877
90.2373
90.1538
90.3495
90.1757
91.7951
91.2795
90.5841
89.8857
90.8806
90.4171
91.9717
90.4255
90.8983
90.7476
90.0779
89.1344
90.7079
90.6136
89.6547
87.9303
89.3402
89.0434
90.9101
91.2268
91.6503
91.439
91.3205
91.607
90.9828
89.589
89.5472
90.5688
88.7193
89.759
91.411
90.4927
91.7211
89.5372
88.9911
90.2086
90.812
91.4677
91.2354
92.3712
92.474
91.5161
90.169
90.7837
91.4884
90.8076
94.4614
95.3952
95.6049
94.8752
92.5992
93.3854
93.7437
92.9234
91.1173
88.7919
88.41
85.7932
88.2897
89.289
89.4841
90.3787
87.9157
89.2554
91.1603
92.5876
90.8487
91.2222
90.535
90.3271
89.8358
88.6514
89.9673
89.7838
90.3169
89.4151
92.2135
92.1691
92.3697
91.4259
91.603
91.9992
91.2461
89.3092
90.0333
90.4342
92.3499
93.2744
94.2213
92.6819
90.8441
88.836
89.8995
91.9354
91.3221
91.6516
92.6026
94.8281
94.961
93.6909
93.9923
94.1669
93.5645
94.0499
94.8048
95.2927
96.9545
98.1204
97.8575
98.4973
97.8046
97.9301
98.6045
99.332
98.0223
97.6299
97.1685
98.6973
100.877
100.593
100.318
99.3937
98.3744
96.489
96.6636
96.2162
97.5433
99.5686
97.665
98.3477
95.8825
94.4088
94.6198
95.1129
93.1309
93.9251
93.8941
93.297
94.2795
94.4641
93.7253
92.7631
91.4484
92.1054
91.6393
93.8634
94.3909
93.5861
94.8992
96.0144
95.6755
95.4088
96.9185
99.8757
101.763
101.402
101.123
99.0489
98.8075
98.7754
98.1355
97.5206
99.15
97.1442
96.439
97.0698
97.0437
96.7744
98.3975
97.1006
97.0564
95.4956
94.3167
92.6404
92.605
90.5762
89.4367
91.0915
91.1771
91.7934
90.5921
90.4044
91.8239
92.3897
92.8518
92.897
93.7923
92.4604
93.6056
92.3212
92.619
92.4385
91.6865
90.5882
87.9378
85.2377
84.694
87.2976
87.9358
87.9066
88.4169
89.7254
89.3203
89.5629
89.4829
90.0446
90.1174
90.693
90.523
90.262
91.8189
92.0422
91.6647
91.7784
92.0224
93.8664
93.0376
94.2993
95.4771
94.1527
93.8922
95.8812
95.4704
97.0623
97.3852
96.8559
97.67
98.207
97.8503
97.9534
96.3646
97.2731
94.9469
94.435
93.0299
92.4076
93.3428
95.0071
95.2972
94.359
95.2934
97.9998
98.3244
98.4551
97.7517
95.4558
97.2182
98.4594
98.082
98.2387
97.3624
96.6453
95.7191
97.0622
97.6276
96.5787
96.3747
96.6295
97.8638
97.9055
98.3577
99.1411
98.7993
98.4448
98.3311
96.7442
95.6146
96.8315
98.0811
96.9905
95.3682
94.446
94.7921
94.5975
95.177
95.3344
96.0939
93.2361
92.8873
91.6079
92.1876
91.0278
92.8274
92.8697
90.8097
90.342
89.1488
89.8689
89.6548
90.5075
91.9197
90.5889
89.0489
87.095
86.1467
88.2132
