97.7926
97.6104
100.197
99.856
97.53
99.1226
96.5123
95.1961
94.3147
95.3913
98.0653
100.635
103.031
103.771
105.384
107.153
105.923
104.799
103.717
103.755
105.07
102.715
101.743
99.175
99.1563
99.4543
98.4741
100.974
101.024
102.384
103.307
103.402
102.242
100.149
99.3846
98.4959
98.8351
100.075
101.549
101.836
102.462
101.955
101.672
100.841
102.977
102.482
102.365
100.733
99.7999
101.117
99.735
100.783
102.189
100.209
100.471
100.18
98.6036
98.9071
99.026
98.9684
98.8594
99.7257
99.0027
97.5596
95.3849
97.0596
96.6389
96.6067
96.7291
97.9595
100.839
100.529
99.1534
100.64
100.958
101.078
102.811
103.429
102.474
103.201
100.532
101.122
101.187
99.5139
99.1526
99.7044
100.899
101.948
102.694
104.048
103.494
101.849
103.488
106.052
103.624
101.952
101.9
100.527
100.812
100.267
101.88
101.825
100.878
101.045
100.831
99.7032
98.9332
97.5318
99.7045
100.725
100.761
102.043
102.651
102.83
105.17
104.042
103.587
103.412
103.684
102.963
101.953
101.293
102.625
102.158
103.148
105.467
105.344
105.648
104.971
104.903
102.677
104.43
104.658
103.302
104.769
107.233
106.974
105.482
106.215
106.722
105.108
105.048
102.74
100.959
102.595
103.639
103.47
102.298
102.076
101.026
102.583
102.548
101.586
100.49
99.9529
100.729
102
102.751
104.199
102.488
101.103
101.393
102.599
101.328
99.1216
97.9834
98.4644
98.5532
100.653
98.8092
99.8264
100.583
98.515
100.779
103.404
103.661
102.084
101.843
102.834
104.172
103.355
101.799
100.994
99.093
100.08
102.572
100.824
100.652
101.235
101.443
100.33
99.6731
99.8798
100.556
101.302
101.758
101.489
98.7549
99.7016
96.6103
95.6762
96.2571
97.2682
99.0851
100.061
99.6029
100.588
98.3687
97.8303
96.8223
93.8129
94.0746
96.463
98.3421
96.1419
97.089
98.3467
99.8347
100.628
99.5376
99.371
98.9773
99.0979
99.1159
99.5654
98.9146
98.7498
100.072
99.9372
100.505
102.009
101.928
102.29
101.498
101.052
101.54
98.6784
99.382
101.541
102.411
101.711
102.261
100.427
99.9565
99.6351
98.9817
98.4863
97.1961
97.1059
96.9015
98.3526
98.2253
96.5945
96.14
97.6865
97.6331
95.0667
95.2498
95.4799
95.7487
94.7028
96.3566
97.9681
96.1453
95.116
95.0114
94.4124
93.8424
94.9987
94.7067
93.0724
92.9539
92.697
91.8024
94.2126
93.3244
93.1918
93.1428
94.067
92.1655
93.1234
95.213
94.6963
95.3313
95.5613
94.7842
94.1
96.4427
96.0799
96.3397
94.9278
94.8633
94.6293
94.4144
92.0867
92.8631
91.5546
90.0662
89.2547
85.9485
83.6429
85.195
85.0866
84.1685
85.5378
86.8275
86.221
85.6047
86.2615
85.4982
84.6118
84.6978
83.0448
83.2572
84.529
83.6032
81.6344
81.6221
82.3189
81.8205
81.7473
82.7957
83.251
83.7954
83.6566
82.8571
81.4011
82.3194
83.477
82.1464
82.1516
83.579
82.5645
81.5021
80.5585
80.7158
80.1183
79.8902
79.5835
80.6926
81.8475
82.8541
84.8298
85.1529
87.1888
87.2259
89.6417
90.677
91.0818
92.8917
92.1734
91.4421
91.5329
91.1683
91.6449
90.5273
90.0009
89.1769
91.6079
90.9468
91.6318
91.6444
90.3578
90.3519
90.3814
89.7663
88.8318
89.4206
89.8142
90.7032
90.542
90.556
91.0527
93.2276
94.0773
92.1827
93.4095
93.2445
91.6941
91.5803
91.2343
91.3327
90.0586
90.3956
90.8943
89.4951
88.3082
87.3372
87.4121
86.6415
85.2538
85.3322
85.5207
83.9172
83.3243
82.761
81.4965
81.3004
82.4213
84.3875
83.3392
84.5427
83.0737
82.4671
84.2489
83.8428
84.41
82.4389
81.7148
81.5756
83.3429
82.4736
83.0694
83.9881
84.9795
85.8598
88.1477
87.0997
86.4649
85.589
85.2169
87.6461
89.9766
91.0179
91.3168
92.1173
93.6091
95.5542
98.9055
99.7611
100.192
100.238
100.373
98.9481
98.5516
97.953
98.1408
97.9438
96.9668
96.6673
97.3719
97.1414
97.6881
98.2021
98.8011
99.4396
98.4958
101.131
100.626
98.2702
97.9422
97.3146
96.9555
98.9209
100.133
100.318
97.7042
96.6371
94.8812
94.3574
93.4619
92.2394
89.7808
88.503
89.3789
88.5481
89.4253
88.0605
87.7531
86.7717
85.8874
84.5461
83.6522
82.5772
81.7342
81.2944
82.4207
80.9515
81.1688
80.6784
81.2232
82.1374
82.1715
82.2922
83.4963
83.4753
84.4212
84.612
86.2915
87.5625
86.9597
85.4509
81.1475
80.9041
81.2469
80.1559
80.7038
80.7803
78.8347
78.6084
80.5607
80.3055
78.8388
81.0894
81.6356
81.9583
82.1002
81.1994
83.385
82.0617
82.7719
83.0789
82.4897
83.6053
82.5731
83.0469
83.0087
83.1023
84.6717
86.7117
89.2096
90.4832
89.972
89.9876
89.9032
90.9312
92.9509
91.7588
90.3932
90.0948
87.9787
86.7668
87.2009
86.6921
87.1088
85.2075
84.8231
86.0753
86.713
87.7697
88.1899
87.9679
86.3041
85.3736
85.489
84.9327
86.5608
86.0888
87.0421
87.3963
87.9036
87.6716
86.9957
86.312
85.1529
86.3721
86.622
88.4997
86.7813
87.3594
85.9149
87.8738
85.8888
85.5721
85.3449
84.1068
83.2914
84.0817
85.1155
84.4465
84.9967
84.9511
85.6805
87.6899
90.0409
90.0305
91
92.8137
93.4531
92.2027
91.0965
90.8594
91.6345
89.9904
88.9502
89.3411
89.3287
91.0224
91.9417
92.126
91.2609
93.0611
93.8283
93.5671
93.8763
93.5678
94.5254
96.3295
95.62
97.0684
