98.8986
100.836
99.4173
98.306
99.6033
100.004
100.421
103.138
103.037
101.476
103.602
101.624
101.465
101.495
101.283
102.208
100.58
100.397
100.921
101.741
102.213
102.943
103.469
101.284
101.181
101.3
101.244
102.944
103.285
103.948
104.868
102.965
103.969
104.674
104.155
105.861
104.407
101.844
102.957
105.013
103.275
100.574
99.764
99.4349
100.881
102.236
103.275
102.24
103.957
105.094
106.204
106.981
108.355
108.126
109.711
107.252
105.768
106.495
108.677
109.511
111.15
113.2
112.523
111.787
111.042
111.466
115.22
115.635
114.522
115.71
116.933
115.71
114.107
113.267
112.845
111.634
112.416
113.518
114.394
115.591
114.732
115.267
115.404
115.781
115.953
114.116
114.336
114.686
114.03
113.67
112.78
113.883
115.36
113.92
111.587
109.411
108.822
107.659
108.843
107.757
106.966
107.955
109.225
109.585
111.288
113.026
113.236
111.77
111.149
109.8
112.239
111.462
113.511
111.914
110.562
110.658
112.628
111.779
113.388
111.813
113.701
113.561
111.525
109.845
111.675
112.822
112.283
111.726
112.78
114.167
111.766
110.641
112.345
112.499
112.473
110.666
111.964
114.274
114.594
115.191
117.832
120.68
119.581
119.583
117.293
117.312
116.928
115.933
117.184
117.197
120.38
118.51
118.579
116.516
116.939
116.288
115.627
115.02
115.102
115.469
116.868
116.227
115.671
117.706
116.528
114.848
115.368
117.784
118.349
117.838
116.268
119.133
121.286
121.018
119.001
118.558
120.591
120.665
122.022
121.348
122.218
123.209
125.357
131.184
130.851
130.66
129.559
133.441
135.603
136.055
134.983
135.109
135.933
134.254
135.879
131.477
132.442
130.669
129.435
131.742
131.515
135.167
136.393
136.349
138.624
136.422
136.596
135.709
135.122
138.114
140.811
142.389
142.1
143.848
143.971
142.823
141.148
140.473
141.737
143.271
145.459
141.146
138.179
135.584
137.744
136.879
136.249
133.798
134.873
135.662
134.224
133.259
129.223
127.154
129.254
128.409
126.436
126.348
124.712
125.025
124.073
124.818
124.442
122.677
124.219
126.154
128.117
128.857
131.688
131.647
130.528
132.47
131.104
130.791
128.363
129.935
128.559
126.737
124.373
124.42
122.395
125.071
124.475
124.849
126.371
123.782
123.984
124.647
124.168
120.94
121.124
120.785
120.856
118.783
119.882
119.38
121.006
122.139
123.909
124.41
123.037
123.91
123.803
124.246
127.92
127.56
127.433
127.618
128.737
129.139
133.354
133.126
132.166
133.447
135.095
135.05
133.212
132.034
133.099
132.315
136.027
137.405
138.756
137.223
138.597
138.114
140.232
144.498
141.648
137.764
140.541
141.901
139.161
139.092
138.064
135.59
136.804
134.584
134.814
135.56
130.388
132.402
132.751
133.176
134.809
133.571
132.835
130.284
129.742
128.399
128.022
124.624
124.798
126.965
127.042
126.969
125.926
125.885
123.941
122.061
123.592
122.954
121.523
121.788
118.319
120.849
122.082
121.658
120.773
121.105
122.355
122.95
121.125
122.811
124.344
125.616
126.697
124.695
125.251
124.843
124.114
125.113
125.524
126.314
126.282
123.743
123.39
124.553
125.602
125.194
127.298
127.114
125.704
125.638
129.219
126.88
126.316
127.911
125.784
127.558
126.981
127.987
127.279
129.947
131.54
131.919
129.486
132.186
132.265
132.864
132.304
132.966
132.841
134.18
133.303
134.55
133.18
133.71
132.788
132.297
132.465
133.228
132.566
134.73
136.842
136.994
136.168
135.649
135.541
136.945
138.604
139.926
139.289
141.893
139.684
142.969
141.315
139.465
138.64
138.803
138.995
140.692
136.835
135.637
133.753
136.077
134.622
133.88
133.437
134.83
131.964
131.672
132.617
131.857
133.206
132.545
129.973
133.096
134.868
135.15
134.814
134.426
133.632
132.603
131.993
128.934
129.024
128.572
127.149
126.524
125.836
125.001
124.921
125.527
123.291
123.231
120.397
121.601
122.486
122.604
122.376
121.621
120.252
119.832
117.629
117.25
118.325
118.331
117.862
117.032
117.976
117.727
116.143
115.791
117.984
120.532
118.961
119.588
119.248
122.138
123.403
124.403
126.032
125.374
125.032
129.063
127.23
126.573
126.477
127.048
129.082
130.79
130.576
131.679
131.684
132.586
132.926
133.151
136.132
134.949
135.931
135.267
134.176
135.19
132.821
131.55
129.663
129.321
130.044
129.136
126.693
124.773
123.433
124.605
124.494
125.321
125.569
126.304
124.898
125.031
126.699
125.47
126.953
128.046
128.02
130.333
132.146
132.754
131.02
131.928
131.035
130.817
130.028
131.055
130.483
128.224
128.27
129.234
131.252
129.454
128.978
130.296
129.657
130.173
130.689
130.216
128.952
129.201
133.008
135.46
134.444
134.898
136.966
135.775
139.198
137.603
136.506
135.592
136.987
136.966
135.98
135.099
136.472
138.324
138.172
137.493
137.43
139.807
138.261
133.388
132.581
131.44
132.158
129.255
128.368
126.221
124.062
121.788
124.122
122.886
122.895
123.092
123.983
125.4
125.206
122.665
123.279
121.997
125.168
127.032
126.493
127.276
129.287
126.642
125.512
125.697
123.234
123.782
122.059
116.642
