99.5847
99.535
101.67
100.941
100.347
100.602
100.521
99.2685
99.5176
98.7663
99.3184
100.975
101.963
102.631
104.331
103.712
102.965
102.108
100.151
99.9235
98.6334
98.9932
100.172
101.217
102.072
101.336
102.389
101.783
104.409
104.382
104.529
101.937
102.044
100.618
100.634
98.7742
98.8596
99.5292
98.283
99.6484
100.785
102.339
103.258
102.865
102.58
100.566
98.9096
99.9232
98.9454
100.304
100.424
97.3296
96.8344
98.2845
98.4147
94.4893
96.3216
96.1261
95.906
95.9403
97.15
97.7823
99.1214
98.629
97.7004
97.9516
98.4694
100.532
101.843
98.9959
99.4185
99.2025
97.307
98.7411
99.217
100.419
99.5482
99.0808
98.6099
99.3131
99.7478
100.654
100.553
101.102
101.523
102.067
100.82
102.345
102.018
102.033
104.022
102.781
101.722
102.243
102.63
104.584
105.135
105.034
104.826
104.586
106.091
105.338
106.998
105.77
106.345
107.772
109.924
106.69
102.847
101.483
100.278
100.796
101.288
102.165
101.985
100.892
101.963
101.945
101.559
102.141
103.02
103.176
101.069
100.811
99.7265
99.8205
99.3978
98.001
97.0524
97.6109
97.3392
95.9525
96.0384
98.0968
98.7659
100.592
100.194
98.5978
98.173
98.8797
98.575
96.5438
95.4974
95.4511
96.165
98.4715
97.1949
97.1408
97.0357
96.4465
93.552
94.0798
96.3389
96.9404
96.0191
95.2957
97.383
99.2471
102.637
100.154
99.1298
99.1449
98.4739
99.6859
98.6039
97.1927
97.0935
98.8222
98.3537
98.7412
100.575
100.828
99.7007
100.597
102.479
99.9844
100.512
100.997
102.524
103.862
104.46
107.689
109.167
108.649
109.366
108.055
108.329
108.761
108.137
108.54
109.827
110.347
111.322
110.299
108.472
105.912
103.011
103.135
102.299
102.318
99.8798
98.9594
99.7249
100.277
101.4
101.552
101.167
101.933
100.942
102.918
101.173
101.408
101.668
100.937
99.3289
99.271
99.2848
99.2246
98.7302
96.7129
97.4639
97.7331
98.7562
98.54
99.8393
101.69
100.36
101.932
103.584
102.452
103.326
100.816
100.79
103.119
104.321
101.981
102.679
102.031
101.888
103.319
104.488
104.426
103.912
105.508
102.307
103.596
102.486
101.564
100.511
101.655
103.132
104.321
104.063
102.188
102.658
102.821
104.513
103.517
102.789
102.186
103.132
102.571
101.758
102.103
100.601
99.6761
99.6668
98.7591
99.0102
101.05
101.224
100.746
101.005
100.6
101.824
101.218
100.937
99.1086
96.7821
98.8153
101.169
101.236
99.8715
99.6952
101.41
100.999
101.265
104.627
102.753
105.295
105.607
105.416
108.568
108.742
107.89
108.298
107.045
105.696
105.411
105.139
105.153
105.552
106.103
106.163
107.656
108.326
107.993
107.271
108.004
106.655
106.471
105.46
107.036
108.537
109.258
111.22
109.74
109.736
109.867
109.891
110.181
110.54
111.338
112.413
112.11
113.487
113.976
111.479
109.702
107.52
104.829
103.777
103.383
102.909
104.866
105.581
105.402
105.032
103.947
102.374
101.722
101.343
101.111
101.901
100.628
99.6797
99.4408
99.7628
98.4641
99.0065
101.191
100.221
99.261
100.18
99.8576
99.075
100.97
100.957
102.593
102.174
103.001
103.651
102.337
101.23
100.536
99.4366
97.7857
96.2146
95.5859
94.0512
93.0443
92.2869
91.6447
89.4493
86.4944
86.3188
86.0124
85.6297
85.3996
85.3018
85.7155
88.443
88.8158
88.2361
90.181
87.8816
88.1794
87.7276
86.7237
86.6315
87.4661
86.792
87.5001
87.816
88.6095
89.5517
89.5235
89.0109
90.8441
88.5444
88.3771
88.2691
87.1077
86.7094
87.8546
87.9365
88.7039
90.7059
91.0361
90.3864
91.4425
92.3195
91.8912
92.932
93.5404
94.3933
95.9727
95.8779
95.467
94.267
94.3724
93.9019
95.0321
93.4875
92.7593
94.2511
94.3706
95.1358
96.0223
96.0812
96.2893
96.3022
94.8424
93.3035
93.5672
93.8681
94.9003
93.1933
92.2293
92.5253
90.4713
91.0213
92.4264
92.6097
93.3802
93.7854
95.1771
95.3269
93.4582
93.4841
93.5087
93.3492
93.3115
93.8109
94.2926
92.7082
90.284
88.7115
88.278
89.7636
90.0187
88.1373
88.9762
90.0484
91.0002
90.9564
90.1502
89.812
89.6478
89.1006
90.7907
91.036
91.779
92.5746
92.2693
93.0739
92.8586
93.2249
93.8527
91.7415
89.5668
89.0749
88.7554
89.0957
91.0971
92.5799
91.9551
92.6513
93.2074
93.014
92.2005
91.8209
92.6953
93.9875
94.3069
94.9584
96.0819
95.9195
95.0526
93.9457
92.9657
93.9727
95.3387
96.5213
98.3227
97.0553
98.4176
96.5823
93.9796
95.1666
95.9769
97.0395
96.0259
97.1675
94.5712
94.4272
93.0822
91.8521
90.3786
89.7111
87.3995
86.7373
85.6658
85.7762
86.2922
86.3066
86.6342
85.8517
87.5786
86.4593
86.1476
86.8125
88.5669
88.8197
90.6936
90.8253
91.8848
93.5302
94.3509
93.7816
93.469
93.7908
95.012
94.372
93.1727
94.5627
95.1697
95.5244
95.6677
94.1406
94.3684
95.1378
94.7627
95.2466
94.0767
94.0831
94.5387
93.8586
94.4158
92.5817
93.3476
91.1793
90.8592
90.4464
92.3444
92.3733
92.559
93.2647
92.2757
91.9244
93.91
94.3883
93.5806
91.9527
90.6852
90.5891
89.6589
90.3652
90.1522
88.4593
88.7814
89.5461
89.4454
88.7539
88.5651
89.9921
87.9774
85.5331
84.7169
84.2541
84.1302
83.551
83.4314
82.6583
81.8182
80.3658
79.9032
80.2452
81.1959
79.9395
