99.9196
100.47
98.4129
96.3454
96.5189
94.0566
94.7074
95.3252
94.8502
94.1614
95.2855
96.0388
96.7941
96.7438
95.7843
94.5952
94.7539
96.008
93.7863
93.3924
95.503
92.9518
95.1164
95.6736
95.5854
94.9582
96.1218
96.4962
99.2517
96.9917
96.8255
97.9569
98.7832
99.5581
99.8441
100.462
100.552
101.947
103.062
104.238
102.826
105.078
104.772
104.876
104.242
104.867
103.872
105.418
107.124
105.054
104.255
106.403
106.086
109.408
110.129
108.872
106.667
107.737
108.291
109.441
109.151
109.085
109.5
109.767
108.774
111.855
111.993
114.186
114.022
116.479
117.631
117.091
114.803
112.882
112.202
113.182
115.279
115.705
114.615
114.441
113.567
114.033
113.197
111.523
110.972
108.91
108.934
106.046
104.302
107.003
107.34
110.522
110.476
112.636
114.135
113.578
111.432
110.826
110.345
111.202
110.896
110.736
110.357
108.385
107.548
106.605
108.605
107.504
107.816
107.77
107.034
104.953
106.198
106.578
108.805
106.512
106.354
106.399
107.023
106.491
107.068
109.411
109.097
108.447
110.053
108.525
107.187
106.93
107.182
108.326
108.574
110.023
110.566
111.285
111.179
112.662
114.274
113.17
110.144
107.472
106.913
106.976
106.835
105.938
106.379
104.974
104.152
104.941
103.71
102.74
103.796
101.832
101.79
102.586
102.903
103.463
101.247
101.093
102.334
101.605
103.503
104.187
105.91
106.994
107.862
109.022
109.861
111.48
113.125
112.628
114.963
114.027
115.191
117.17
116.25
116.336
116.366
117.687
115.297
112.218
114.86
114.796
116.219
114.302
112.868
116.278
119.79
119.082
120.016
121.526
124.373
126.632
127.823
129.425
132.204
134.248
134.393
131.993
131.391
131.043
130.792
132.301
132.16
134.201
132.871
135.371
133.787
133.561
132.321
133.447
134.037
131.928
132.85
130.732
127.838
126.004
125.124
124.61
125.496
125.157
124.613
123.653
124.198
126.609
126.666
124.705
124.886
125.614
127.31
129.233
129.055
124.864
126.261
127.092
130.146
129.674
128.025
125.967
126.009
128.228
129.642
128.403
127.643
129.72
127.606
126.708
129.176
129.143
125.624
125.898
127.747
124.962
123.683
123.182
123.536
124.325
123.023
123.505
122.665
123.711
121.721
122.361
119.784
122.715
122.738
124.656
125.848
124.506
125.218
124.044
123.579
126.56
128.653
129.037
128.737
131.163
131.541
131.823
133.976
132.259
130.745
132.596
132.396
134.25
132.287
131.589
132.932
134.168
133.824
131.796
132.073
131.833
135.158
131.676
132.086
135.201
133.568
133.678
132.8
133.107
134.386
135.575
134.17
135.411
135.776
135.516
135.896
136.351
137.562
137.819
135.249
139.184
138.184
141.003
144.346
143.643
143.074
139.113
137.877
138.268
134.544
134.128
134.154
130.538
132.217
132.486
130.809
130.204
129.235
128.9
130.571
132.329
129.52
131.507
129.991
128.17
128.236
127.917
128.066
125.752
123.773
124.703
122.343
124.842
126.004
125.708
126.201
125.72
126.955
126.555
124.191
126.665
127.263
128.6
130.026
130.481
129.434
132.583
131.705
132.88
132.966
135.051
134.573
132.561
134.059
131.539
132.183
130.662
134.851
131.547
129.671
130.622
131.456
130.493
131.287
131.553
126.807
126.838
129.096
128.243
126.081
126.361
126.799
126.288
124.368
125.216
124.466
125.402
122.91
124.261
127.189
126.214
125.745
123.883
123.226
123.275
121.887
122.185
122.032
124.747
121.93
121.944
123.723
123.213
121.21
121.708
122.902
123.661
122.895
121.214
123.899
122.181
123.052
124.882
124.4
123.607
121.867
121.958
122.818
121.546
122.137
122.412
120.76
120.826
122.31
121.689
120.596
119.044
118.957
120.402
122.298
123.312
123.68
122.293
122.03
124.568
122.894
123.39
125.096
126.114
125.262
125.776
128.641
130.293
132.059
131.754
133.022
131.837
133.249
133.4
128.778
129.261
128.924
127.449
127.642
130.875
129.908
131.358
132.015
131.055
131.46
132.774
130.652
125.146
124.533
121.193
121.719
120.187
118.573
118.089
117.488
115.161
115.24
114.398
111.986
111.147
110.645
110.392
110.938
110.338
112.336
111.595
112.234
113.221
114.513
115.979
114.564
115.387
114.278
113.334
113.1
113.639
111.518
109.803
111.931
113.594
114.719
112.367
111.16
111.5
108.987
106.701
105.587
105.264
105.147
106.075
107.372
106.777
109.533
109.149
107.578
106.753
108.082
107.167
105.559
107.187
105.929
105.072
106.009
105.144
104.446
104.45
103.02
105.07
104.414
105.745
105.217
103.37
102.223
102.855
102.363
101.47
103.285
103.25
103.636
106.195
104.971
104.004
103.987
103.476
104.139
104.24
103.235
104.343
105.057
104.524
104.128
106.399
106.601
107.632
106.423
108.92
108.935
110.641
109.5
107.684
110.535
108.674
108.947
105.757
106.101
105.475
104.085
102.934
100.714
101.524
100.284
100.954
100.677
100.712
102.355
103.051
104.65
104.971
106.196
106.743
105.092
104.031
104.954
103.032
103.331
102.339
101.479
100.894
101.652
101.692
100.28
100.886
100.722
99.9648
101.416
100.201
99.1447
98.1823
94.4145
93.8606
93.4128
90.9729
92.1702
92.8179
