98.4335
97.7812
98.9769
99.8384
100.409
99.7383
99.4931
99.0062
98.4907
97.8696
96.9743
96.4382
95.6509
95.9176
96.5155
97.9317
97.3743
96.5141
95.5619
93.9838
95.2835
94.047
93.6772
95.1511
94.9444
94.0557
94.1859
93.8911
91.2285
92.073
91.3966
91.2998
91.511
91.6411
93.8257
90.6891
91.4108
92.1654
93.7074
93.1569
92.3031
92.2207
89.761
88.7947
87.9568
88.7255
89.8795
88.4492
88.1746
88.2669
86.3126
85.8883
84.5488
84.3475
86.1335
87.0435
87.7607
87.9594
87.1217
86.6951
85.64
86.0154
86.1075
86.1998
86.0976
85.93
87.735
87.3329
87.4984
89.4764
89.5132
90.2126
89.9482
90.4811
90.1166
92.6067
92.5689
93.1155
92.7704
93.9449
93.3437
94.4164
93.7402
92.1856
92.8362
91.9638
90.4884
89.5845
90.0835
89.5967
88.886
89.2247
88.4516
89.5761
91.2698
92.2921
93.6118
95.4659
93.367
95.6105
95.3344
94.4057
94.1958
93.27
92.9088
91.7885
90.9095
89.5502
89.6963
89.0697
88.9142
88.7845
90.1446
91.6524
90.8335
90.3649
88.6737
89.2173
89.3656
87.9342
85.5534
85.044
86.4645
84.3975
84.4138
83.6947
83.696
83.238
84.0548
82.9809
82.5593
80.8864
79.9332
79.4234
78.977
76.905
76.231
75.0958
75.3948
77.4575
76.1232
75.0708
73.6404
73.0943
73.1598
74.0463
73.5395
72.2922
72.9441
73.1672
73.1811
71.2886
71.9411
72.4344
73.3799
72.5955
72.423
72.3009
72.6417
71.8454
71.1465
71.9027
72.6049
73.3629
74.6984
73.5602
71.9475
73.1503
74.471
74.811
75.7423
75.4468
76.5478
75.9484
75.2979
75.6991
75.0316
72.8074
72.1385
73.2577
72.6907
73.7613
74.2719
74.0294
73.2177
73.5185
72.5352
73.6951
72.8635
73.6267
73.4147
73.407
73.5646
71.9884
71.7267
71.552
71.6795
71.4627
70.7401
71.0382
71.3942
71.7378
72.0692
73.0646
73.1436
73.0981
72.3996
72.0616
73.3475
73.6943
73.4531
73.9214
73.3312
72.7307
73.0119
73.1948
73.5372
74.0849
73.6709
74.6228
75.4912
76.2237
76.8766
76.3352
76.0683
75.6646
76.3433
76.7181
77.4582
76.8966
77.3252
76.4939
77.4602
76.995
77.7759
76.6644
76.7901
77.4012
77.8049
78.6232
80.2006
80.9013
79.1333
79.1138
79.8797
78.7254
78.8915
80.0299
79.4889
78.9785
78.4059
77.4943
78.095
78.5859
79.2971
78.4146
78.2407
79.0936
80.3262
80.0303
80.4517
81.0185
81.7087
80.2485
79.927
79.5024
79.5349
77.6493
77.8725
78.3375
78.4671
79.3363
79.1178
81.3901
81.4378
80.6827
81.1724
80.8315
81.5848
81.4486
80.4919
80.9712
80.1876
79.1875
80.1748
81.5335
80.16
80.0043
79.5499
80.4648
80.2645
81.509
79.0934
79.1792
80.64
79.4097
79.6204
77.8031
78.3239
79.4974
79.6037
77.826
76.9498
76.4078
78.4385
78.308
77.0739
77.0011
78.5896
78.4661
78.8027
79.5441
80.7897
81.4401
81.008
82.3515
81.8795
82.0607
81.9478
81.0992
83.3956
83.6537
83.4857
84.0473
83.5477
82.6962
83.6371
83.5257
82.4273
83.4371
83.5724
83.7239
84.3201
82.6267
83.0141
83.5444
81.7098
81.9404
82.1345
83.0537
81.9879
82.2557
83.6288
84.2164
85.412
84.6033
84.5352
82.9869
82.9302
83.0929
82.7914
82.8406
83.8217
84.1958
82.6655
82.0715
81.9593
82.3175
82.287
82.6715
83.247
84.5211
85.622
85.629
85.2449
85.8025
84.0589
84.6614
84.8028
85.6615
85.6723
85.1861
84.9882
83.3083
83.3385
84.6938
84.3823
83.1147
83.6845
83.1428
82.7915
82.7446
84.0359
84.3163
84.6175
84.7439
83.5447
85.184
83.3197
84.3419
83.7677
83.1216
82.7116
82.6792
82.8311
82.7311
82.5768
82.5644
81.8796
80.7183
77.5257
78.8436
79.2619
79.5614
78.6568
77.4844
77.3428
76.9904
77.1785
76.4506
77.5043
76.9252
78.1718
79.1981
80.4739
79.7761
81.3364
83.0893
82.9358
84.0536
85.2505
85.996
85.3628
83.8143
84.0375
84.3752
84.1974
82.9004
82.8653
83.2829
85.0303
85.6798
83.7125
83.5872
83.6199
82.8518
83.8538
84.6187
83.4718
82.794
83.6617
83.1599
84.6388
84.9432
83.5543
82.9296
81.8888
83.0676
79.9023
81.845
79.2506
79.9864
81.7387
80.8263
82.5166
81.5217
82.339
82.4995
82.4248
83.9627
83.7839
82.9511
82.8569
81.6242
79.741
80.6446
78.1941
79.5038
77.8217
75.5426
75.647
74.9628
74.1791
75.6375
73.5875
72.9393
73.7398
73.3898
73.3497
73.3089
74.5915
74.3297
74.114
73.6054
72.8602
72.8277
73.4441
74.2834
74.8512
74.3523
72.8843
74.9257
74.2078
72.5986
74.2162
73.8944
74.8754
75.0675
75.4459
74.7819
75.3669
75.0527
74.3124
76.0916
76.9516
76.7781
76.3367
77.275
76.204
77.3764
76.7054
75.8782
75.7091
75.9284
74.153
75.0643
77.4158
77.1606
78.5489
79.3687
79.9831
80.7104
81.6359
81.1801
80.5548
81.0483
81.5052
81.7417
81.7229
82.3365
83.2304
81.5658
80.8514
80.1259
80.5311
81.1025
80.713
82.3642
82.6229
83.5001
84.6543
85.95
87.702
88.2105
90.4501
89.1921
87.4304
86.403
87.5929
87.7513
88.9112
88.2546
88.5782
87.6363
88.4062
88.0985
88.7178
89.4469
92.1193
91.9918
91.9162
90.9148
90.4858
89.3382
91.3585
90.9107
88.4796
88.9451
88.9203
89.7251
90.2161
90.3635
88.8039
89.1487
89.0436
88.3992
90.626
91.8229
91.0753
91.7339
91.613
91.8775
92.4155
90.7646
92.7151
91.34
91.7439
90.6239
91.2236
91.8291
91.4123
89.7154
89.3167
87.9841
86.5333
86.6991
86.9022
86.1351
87.4385
85.6895
