99.709
99.251
98.9933
99.6058
99.4524
97.4211
96.007
95.917
95.9237
96.4197
97.245
98.2484
99.5023
101.227
100.769
99.1629
100.111
100.524
99.5162
101.346
102.603
102.699
102.821
101.327
101.414
100.81
101.997
99.7266
100.8
100.76
100.21
99.8183
100.177
101.54
102.228
102.445
103.806
104.413
105.056
104.26
104.401
100.624
100.434
103.481
103.007
102.503
102.217
100.639
99.6629
100.735
102.805
103.367
102.571
103.215
100.967
99.994
99.7354
100.39
100.561
101.446
103.141
104.67
104.602
105.117
105.24
104.208
103.771
103.882
105.999
103.427
103.472
103.52
105.782
105.955
105.64
109.307
109.019
110.335
109.334
110.37
107.54
108.73
109.601
108.228
109.425
111.097
110.7
112.054
111.12
111.225
109.514
111.247
110.147
110.901
110.293
109.824
109.188
109.914
107.935
108.301
107.506
108.99
107.506
107.506
106.686
105.552
104.202
103.56
103.516
102.336
102.143
98.6996
97.9851
96.3044
97.3306
98.3321
97.9821
96.5711
97.8958
98.2159
98.0572
99.3448
98.1756
98.0896
97.9949
97.8396
98.3489
99.0623
97.3058
96.606
96.9144
97.6039
99.2539
99.1784
98.4335
98.9928
96.6503
97.3015
98.4477
98.5968
98.5168
98.1977
98.4748
99.9774
101.581
98.9016
98.1642
98.0016
97.4138
98.1083
99.0166
100.517
101.095
103.543
104.811
105.386
105.716
104.768
102.312
103.247
103.295
105.241
107.012
105.112
104.925
104.5
107.224
106.903
105.84
104.759
102.902
104.801
105.124
105.276
103.327
103.942
103.539
103.674
105.389
104.016
102.419
103.759
107.34
107.962
108.657
107.473
107.372
107.922
106.393
106.28
105.211
103.647
104.585
105.139
106.265
107.837
106.33
106.303
104.261
104.688
100.883
100.834
99.633
101.074
99.6802
99.2863
99.687
98.457
97.5864
96.2966
96.2182
95.4897
95.954
94.0341
94.0908
93.1873
92.9445
94.633
95.5595
95.7809
93.2434
92.429
93.7567
93.5874
93.6313
93.1179
94.39
94.4705
95.1234
93.6255
92.1334
92.6985
92.8275
92.2852
91.7137
91.1868
90.6509
91.0327
88.9852
88.3843
89.5167
90.878
91.1672
92.8014
93.3064
94.1659
92.1007
91.5241
92.54
90.1434
90.4303
91.3665
88.6617
89.4684
87.4883
89.1826
88.2838
89.1265
87.8385
89.7726
88.839
89.9174
88.9847
88.8959
89.6469
89.7751
92.263
91.0443
90.8769
89.9433
87.6248
89.3413
90.1284
90.6507
90.2385
89.2348
89.7282
90.2129
90.7704
88.9848
88.9167
90.3102
88.935
91.9884
91.8011
90.7432
91.5651
90.9517
91.1662
90.0725
89.8914
90.2361
89.4346
89.0705
89.9705
89.9969
91.5299
91.2344
91.2895
92.3527
94.3003
96.2388
94.4772
93.6897
93.3471
94.1909
95.3725
94.6005
94.8101
95.84
95.1112
95.3196
94.3115
94.5642
95.326
95.4915
95.4616
96.1965
96.9779
97.3756
96.7923
99.0779
98.7281
99.9256
100.455
99.7246
101.245
101.103
102.124
102.775
101.886
101.001
100.672
102.79
102.391
103.16
103.642
103.404
104.041
103.579
102.499
103.685
103.629
102.413
104.487
103.431
102.627
101.88
101.247
101.43
100.174
99.2
98.2465
100.502
99.8283
98.9795
97.2302
97.9971
97.0387
96.9954
97.7898
97.0442
99.1946
100.489
99.8566
100.413
99.648
100.585
98.9976
101.565
102.514
101.876
99.6823
99.5111
98.9346
96.5416
97.2936
96.7588
97.2628
97.0191
97.4409
97.1263
98.2387
96.877
98.4505
96.0051
98.5264
98.0234
97.305
98.6523
99.1245
97.8667
97.1163
96.6694
96.1526
94.6604
94.4192
94.2316
94.7449
95.6243
94.7851
94.7005
96.2679
95.5914
95.1058
93.3601
92.7394
91.5257
90.4891
89.7627
88.7517
88.919
89.1218
89.3864
89.7613
88.3029
88.392
86.7186
88.1248
86.1921
85.7814
86.6268
86.7536
85.1674
84.393
84.8449
87.0306
89.3515
88.9964
88.6156
86.9814
85.2826
85.5453
86.6134
85.046
87.839
86.9623
89.1885
90.1668
90.5208
91.6312
91.8541
91.1347
89.7397
89.7337
90.0002
89.6361
88.5629
88.915
88.8243
87.4625
87.1511
87.7361
87.9289
88.0305
87.0925
86.7722
84.7421
82.618
81.2396
81.3438
80.3549
80.8378
81.6837
82.412
80.9671
80.5816
80.9389
79.7454
79.3857
80.9408
80.9219
80.7716
81.3878
83.5458
83.631
83.8342
82.8579
84.7987
84.7032
84.1219
83.8308
83.441
83.8074
82.0972
81.1833
80.8291
80.3523
80.2835
79.9445
80.4413
79.4488
79.4423
78.7868
78.4368
79.1581
80.4779
80.5925
78.8824
78.5645
78.9099
78.0678
80.6564
80.2836
80.4181
80.0769
80.5187
81.5273
80.6763
81.1753
80.8336
79.7592
79.8949
81.4064
80.0013
81.7098
81.6921
80.3066
79.2541
79.6074
79.0598
79.8666
80.4039
78.7129
78.1644
77.7783
77.9439
77.0322
76.2671
75.9627
75.4731
74.1221
73.8379
74.1033
74.0698
72.9698
72.8952
73.0809
72.7709
72.1111
71.7223
71.186
73.4312
74.2843
74.927
74.1556
75.0718
73.9699
75.0976
73.8178
74.4054
75.603
77.0672
75.5935
76.1447
76.1174
76.0697
75.5625
76.5366
78.3506
77.6663
77.8394
77.7487
79.0088
76.6928
76.8688
76.3981
75.6591
75.0069
76.2129
75.1839
75.1224
76.2763
76.5021
75.7168
76.4615
77.5035
78.7522
79.8138
77.7527
78.2241
76.1521
77.1595
78.3171
78.5183
79.2685
80.0838
80.4775
79.756
78.6818
78.4771
79.3595
79.6102
78.5577
78.8434
80.5553
79.5184
80.4466
81.6146
82.5394
