99.1935
99.6078
97.3481
95.2835
95.9624
96.9659
98.1845
97.8026
99.2318
99.5814
98.7054
97.3221
98.7206
98.8626
101.15
102.211
101.95
101.053
102.779
106.218
105.257
106.03
103.639
103.717
102.86
103.344
103.061
102.92
101.552
101.032
100.809
100.673
101.308
100.138
98.9535
98.9568
96.7379
99.951
99.561
101.392
101.822
103.189
104.109
104.078
105.212
107.619
108.172
109.155
108.551
106.585
104.787
106.014
103.693
104.588
104.996
107.173
105.795
107.331
105.425
104.751
105.083
104.385
104.23
102.59
100.586
100.13
99.4733
99.1018
98.1678
99.1591
101.731
103.588
102.657
102.477
101.378
99.9029
100.576
99.4809
99.0373
100.025
101.105
102.093
101.674
100.355
99.5949
100.462
100.241
99.039
98.6598
98.8102
98.7523
100.211
102.041
102.589
101.113
104.59
106.196
106.018
105.329
104.753
103.646
102.996
104.602
104.52
103.433
102.173
102.104
102.326
103.107
103.817
104.709
104.523
103.773
105.075
105.303
107.026
104.9
104.816
105.53
104.368
104.822
107.429
105.26
106.011
107.188
110.042
108.604
108.812
111.166
111.07
107.291
110.151
110.284
110.452
108.518
107.623
108.118
107.446
105.967
104.877
105.139
104.805
104.064
105.461
106.115
105.437
103.489
103.341
101.381
103.125
103.949
103.317
104.02
105.776
103.362
105.256
105.038
105.39
107.315
108.579
107.993
102.569
100.723
100.491
101.79
102.082
101.67
103.463
102.866
103.194
100.828
101.438
102.028
101.019
102.912
102.62
102.973
101.57
101.286
99.454
102.189
103.399
105.625
106.187
104.135
105.723
103.072
106.131
106.211
106.101
105.743
105.589
106.022
107.275
105.872
105.337
105.111
105.364
103.829
106.125
105.392
105.401
105.751
106.616
104.193
103.28
102.965
101.845
100.434
100.855
102.082
100.965
102.267
102.846
102.151
102.388
100.653
100.639
100.496
100.405
99.213
97.639
98.461
99.8595
99.6268
101.909
105.856
105.875
104.439
104.47
105.561
107.621
106.308
104.815
105.314
105.371
104.565
105.708
108.526
107.228
108.508
108.144
109.045
109.517
110.255
108.681
109.613
108.043
107.374
109.514
106.301
107.583
107.389
106.011
106.457
105.548
105.702
106.728
106.096
107.241
105.821
102.976
103.132
103.017
102.696
101.065
101.051
101.853
104.242
105.393
104.392
104.792
104.677
106.755
105.061
104.128
102.282
100.711
102.355
101.856
100.776
98.8562
99.5011
97.3733
97.4435
98.4386
98.1507
99.48
102.956
102.92
103.234
102.078
102.337
101.57
104.04
104.331
104.426
105.183
105.188
104.084
103.485
103.882
102.995
104.066
104.015
105.281
104.18
104.408
104.669
104.575
105.486
107.173
104.458
103.648
104.888
104.993
104.92
105.047
104.689
103.209
105.548
106.678
104.997
104.571
103.926
104.517
102.258
102.404
103.959
105.583
105.394
104.837
102.947
103.769
102.925
102.959
102.558
100.283
101.342
101.727
103.504
105.311
107.162
106.663
104.935
104.719
105.209
104.585
104.587
105.219
104.779
105.316
105.269
106.34
107.361
106.798
104.546
104.029
104.145
104.308
102.185
101.234
100.872
99.7386
98.3456
99.4271
99.1415
98.6913
97.8479
99.556
98.962
99.3439
100.231
101.346
103.686
105.163
105.383
104.423
103.937
105.135
105.135
105.002
105.286
105.921
106.812
104.324
101.929
100.465
103.271
100.163
101.475
102.441
103.152
103.962
104.321
104.35
106.281
103.65
103.297
103.753
102.258
103.211
104.747
107.611
107.362
109.629
108.31
109.22
106.449
107.22
106.192
107.334
108.566
110.568
109.477
108.506
107.36
108.505
108.254
108.738
108.7
109.02
109.616
111.438
107.484
109.971
108.721
107.501
108.556
108.121
107.405
108.73
107.958
108.161
106.429
105.664
103.769
103.18
102.569
101.002
100.598
101.333
100.833
99.8871
101.804
102.655
101.872
100.29
101.733
99.694
98.5991
98.8757
97.7346
98.438
98.7235
98.767
99.7892
101.806
101.954
101.079
102.528
104.144
106.288
106.162
108.73
107.086
108.904
109.088
107.464
104.98
104.587
105.309
108.249
109.346
111.295
110.459
110.998
111.862
113.48
112.503
110.732
111.012
114.055
114.824
114.587
115.504
115.814
117.203
119.23
118.641
118.429
121.156
120.532
121.54
120.7
119.064
118.803
118.737
116.166
118.185
117.1
118.918
121.242
121.46
124.253
125.366
122.817
126.328
124.84
125.654
125.43
127.852
127.89
127.12
127.812
127.102
127.684
126.995
128.285
126.555
125.833
126.805
125.742
127.137
128.593
128.331
130.182
132.368
131.781
131.85
132.169
132.228
130.556
132.356
131.963
130.735
131.467
131.63
130.319
129.378
126.622
122.843
123.046
123.855
122.846
126.264
124.125
122.478
122.42
120.438
121.043
119.65
121.769
120.981
121.435
123.879
123.226
122.729
121.022
120.412
119.04
118.905
120.472
120.5
118.603
116.207
117.301
117.253
116.825
116.836
117.709
116.388
116.451
116.726
116.418
115.936
116.809
117.316
118.32
117.782
118.626
120.892
120.196
122.76
123.053
121.792
121.577
124.486
126.024
126.113
124.419
122.642
123.519
122.869
123.164
122.609
121.572
120.453
124.585
125.135
