99.9711
99.7372
99.0714
99.2856
99.8922
100.815
100.343
101.013
101.512
98.9535
98.6626
99.3388
98.5692
99.3227
99.5448
99.487
100.209
98.9078
100.445
103.258
102.898
101.143
102.012
101.143
103.808
105.32
103.567
103.187
103.607
105.49
105.179
104.293
104.843
103.866
104.795
103.269
103.467
105.249
105.12
105.389
104.269
104.108
105.307
106.341
107.71
108.003
108.661
108.744
109.82
111.078
112.32
110.444
110.248
109.991
109.837
109.046
111.5
112.672
111.325
112.199
111.282
109.991
106.636
108.23
106.597
106.997
110.658
109.407
109.348
108.613
111.011
112.108
112.902
113.607
115.278
115.397
114.226
115.51
116.357
114.376
114.39
113.869
111.607
110.93
109.996
108.588
108.77
108.217
106.831
105.489
103.082
102.474
102.064
100.459
100.676
99.8337
98.6786
98.5111
99.3841
100.071
101.423
99.0144
99.7696
100.36
100.132
102.303
101.923
103.144
103.873
104.825
103.463
103.176
102.978
103.487
104.639
103.611
103.37
102.85
102.913
102.715
100.678
99.9286
98.4619
98.0632
99.5294
97.6116
97.4679
95.9754
95.0005
93.6133
92.4565
91.424
89.628
88.7422
90.7054
92.0496
91.6412
91.9644
92.1854
90.9352
90.1905
92.4903
91.9243
92.5027
93.7644
94.8282
95.5743
95.8315
93.8249
94.4739
96.0274
95.3015
97.0637
97.8396
98.2137
95.5437
94.8747
94.8091
96.0565
96.489
94.9005
94.9395
95.1887
93.8856
93.0517
92.8067
92.8057
90.7008
89.445
90.4274
89.313
88.976
88.5145
88.035
87.3981
88.515
87.3422
87.0719
86.6395
86.1781
84.9529
84.4929
83.2276
84.0316
82.2161
82.1361
82.0585
81.7363
81.4077
82.2389
81.1325
79.3547
78.4401
77.0661
79.1292
79.7693
80.505
80.4652
81.8975
82.9518
83.2747
82.0664
82.2756
81.775
81.4309
81.1343
81.6058
80.8219
80.6858
81.0163
80.551
80.8785
80.3446
80.3772
78.8498
77.874
79.9941
79.2458
80.4844
80.1897
80.4807
79.4079
77.891
77.354
76.6701
76.2619
74.6683
75.5064
77.6619
78.5915
79.8858
80.2353
82.5775
83.5425
84.6215
84.1296
84.0251
84.2
84.371
84.3628
85.7425
86.313
86.3613
87.3582
86.4503
86.6903
87.9032
88.3141
86.2985
86.078
86.6163
87.2715
87.4076
86.2964
86.9265
85.6019
85.0254
85.2664
85.4419
84.6797
84.102
83.8357
83.6002
84.5773
84.9071
84.4369
82.8862
83.1024
82.4951
83.0056
81.265
80.9459
80.4532
80.0704
80.8414
81.4941
81.5042
80.0577
79.7398
79.8014
79.0596
80.1629
80.535
78.1564
79.3141
78.9585
79.2764
77.2242
79.5921
78.4038
77.9831
77.5524
76.3412
77.012
77.7334
76.9616
77.5849
78.5484
79.7505
80.1435
79.2018
78.0943
79.5612
80.3808
79.6396
79.4521
79.8362
79.8062
79.442
79.1689
80.5873
81.4838
82.6308
82.8879
82.178
84.9629
85.0332
84.7571
84.4647
84.3089
85.2583
87.0622
87.4917
87.5083
89.1187
90.2918
92.8834
92.4901
94.1114
97.8474
98.4878
99.2267
95.3871
94.6302
95.6775
96.9593
97.5911
97.0677
98.0323
97.2466
95.6564
94.8796
95.9811
93.5766
92.3322
90.0305
89.6929
88.6373
88.5234
86.8324
87.4219
88.2121
88.2548
88.3324
87.1923
88.8927
87.9748
86.7678
86.61
87.4717
86.9773
87.2101
88.0385
87.507
87.3743
87.2525
87.2954
88.1351
86.4053
87.7072
85.8371
86.6249
85.7549
86.1822
84.3029
85.6106
86.0896
86.1627
86.4416
88.0208
88.0944
87.562
89.0034
89.5747
90.6869
89.848
90.8123
91.1943
92.3487
91.6054
91.0789
91.9044
94.0392
93.4175
93.3804
96.4535
96.7099
97.2525
97.2831
97.2931
97.367
96.2981
96.7108
97.1222
95.2351
96.0617
97.0152
96.0406
96.2161
96.2153
95.3861
95.1665
97.4392
94.6616
94.2446
94.1078
93.832
96.1475
95.2878
95.8922
95.5706
97.8402
95.706
97.0642
96.0076
94.8239
95.0034
95.8832
95.1894
98.1041
99.2229
101.879
99.8089
101.398
100.835
98.8228
99.0371
99.7143
99.0195
99.1166
97.774
98.0268
98.0407
98.348
96.5131
94.5267
94.5504
95.081
94.6878
95.8201
96.4506
96.1684
96.7184
95.0671
95.5811
97.0475
96.7458
97.9583
97.7406
98.4004
98.1859
97.9519
99.6609
99.1784
98.8038
98.6221
96.7199
97.6059
96.6391
97.439
95.8281
95.3235
94.4106
93.9195
94.6063
95.9184
95.5633
94.4693
95.5521
95.0904
96.2148
98.4456
101.574
99.8709
101.5
101.676
101.152
100.438
99.5899
98.2542
97.7903
98.2547
96.5931
97.7426
99.4784
98.9656
99.9808
100.268
99.6571
98.8897
100.589
100.569
99.253
98.626
97.0168
98.2903
98.7996
98.2415
98.2738
96.3796
99.3644
98.8045
98.2702
99.3767
99.9787
98.4959
98.8111
99.156
100.219
100.486
101.066
99.8316
99.1055
98.5765
98.2662
98.9084
101.208
102.915
105.393
103.072
103.118
103.831
106.052
104.542
103.215
103.642
102.139
101.337
99.1759
100.404
103.678
102.637
103.294
103.842
104.9
105.988
106.446
108.109
107.461
108.858
106.824
107.423
108.792
108.193
109.046
108.465
109.877
111.348
112.468
115.703
115.909
116.331
115.576
114.91
114.33
113.877
113.696
113.458
111.017
110.922
109.54
110.884
110.445
110.084
109.618
109.964
108.133
109.262
109.662
109.695
107.837
108.968
109.384
109.374
110.158
109.736
109.98
109.623
108.83
109.101
109.932
112.944
111.855
111.808
110.76
112.404
114.447
112.352
111.746
113.937
