100.824
100.032
101.161
102.467
103.239
102.846
101.988
101.502
102.646
101.834
100.97
102.672
103.138
102.646
103.397
103.004
103.034
103.261
106.23
109.491
106.302
104.739
104.331
104.26
103.405
102.477
100.511
101.767
103.277
104.413
105.982
107.503
103.278
103.858
104.558
104.055
104.57
105.157
103
102.64
104.899
105.108
104.385
105.947
105.195
103.956
104.73
106.539
104.266
103.206
103.507
103.251
103.593
102.827
101.797
101.721
100.267
101.865
102.998
103.805
105.538
105.891
105.013
104.204
102.101
100.787
101.965
102.675
102.922
102.394
103.359
104.671
104.189
103.806
104.756
105.517
107.834
108.008
110.098
110.876
110.12
109.113
106.043
106.082
105.127
104.481
103.825
106.229
108.79
108.908
109.204
109.263
110.322
108.551
106.94
108.311
107.547
108.017
107.565
107.938
107.267
107.803
108.138
108.273
109.391
110.094
110.268
110.913
109.083
109.346
109.647
109.787
110.067
110.479
107.732
108.267
109.953
109.323
110.867
112.521
113.35
111.733
111.679
114.849
114.96
115.071
115.532
117.503
117.969
117.111
116.17
115.092
112.974
111.485
110.091
109.795
109.153
109.371
108.402
109.687
107.508
109.005
109.229
107.387
107.855
112.213
112.841
116.147
117.364
117.822
115.544
115.313
117.161
116.44
121.194
123.356
124.381
122.848
124.384
123.619
120.538
121.421
118.359
116.687
115.962
116.141
114.637
113.943
114.796
117.577
118.69
116.73
116.355
115.325
114.242
114.415
115.091
115.407
115.42
116.268
117.624
119.316
119.459
117.647
117.674
118.978
119.082
119.59
119.563
119.14
116.844
115.109
113.524
113.469
113.646
111.759
112.572
112.334
110.746
108.042
106.909
104.678
104.113
101.339
100.533
100.731
101.696
101.37
101.441
102.305
102.24
104.844
105.42
105.426
105.773
106.839
107.385
109.087
108.379
109.508
112.344
113.604
110.775
111.405
110.219
110.518
115.468
114.002
113.609
114.129
112.694
113.134
112.36
114.422
115.294
114.757
114.738
112.961
112.105
109.968
112.995
111.687
111.15
111.395
114.028
113.797
110.156
108.634
107.767
107.857
105.746
104.737
106.64
104.898
106.075
108.665
110.44
109.849
110.403
111.92
111.756
112.579
111.291
113.813
115.026
113.198
114.216
111.792
111.403
109.818
108.982
108.963
107.162
108.164
108.926
110.18
111.069
109.539
110.333
109.214
109.125
109.529
109.665
110.83
109.381
108.451
108.254
109.995
109.683
109.268
110.77
112.848
111.967
113.433
115.138
117.457
117.544
118.693
117.36
115.214
116.769
118.91
117.892
118.601
118.528
120.877
119.154
122.584
121.435
123.474
123.6
123.464
123.532
120.444
121.994
123.054
126.051
125.018
125.988
127.149
128.603
129.183
129.616
130.92
131.061
131.301
133.566
134.699
133.948
133.831
132.436
132.937
133.963
134.669
135.633
131.824
130.569
128.515
126.159
126.441
129.65
131.652
134.071
133.978
135.898
137.806
141.237
138.655
137.427
136.078
134.806
136.604
135.611
135.959
135.087
132.353
132.846
130.185
130.818
128.843
129.365
127.883
127.032
126.956
127.347
125.71
126.511
127.875
126.702
127.719
126.349
126.396
126.142
126.143
125.688
125.965
123.845
121.946
118.662
119.014
118.941
119.062
122.072
123.807
124.065
124.137
125.747
125.331
122.695
124.085
126.488
126.363
126.904
127.178
128.999
128.332
127.399
128.589
131.143
132.126
128.803
129.777
132.129
132.613
132.57
133.185
133.626
131.068
130.539
132.209
131.151
130.344
127.462
124.787
124.684
128.919
129.767
133.239
136.476
135.125
134.683
133.502
134.647
133.584
132.105
132.233
128.692
128.023
129.304
127.358
124.957
122.059
120.109
121.649
121.288
121.242
120.617
120.732
119.979
119.754
121.368
122.3
123.202
126.412
127.63
126.376
125.379
124.992
120.097
121.399
121.192
120.351
122.332
124.049
126.098
126.694
125.787
125.78
126.81
128.349
127.238
127.37
127.307
129.004
131.121
131.175
131.215
133.119
132.793
135.128
133.817
130.337
132.239
134.644
136.955
136.184
137.469
137.751
137.188
135.638
136.729
136.196
132.568
131.521
132.29
135.068
135.182
131.654
134.048
134.345
133.52
132.509
132.983
133.439
134.569
132.63
132.431
132.743
132.964
133.695
132.766
131.314
129.749
129.113
128.08
129.094
127.315
124.424
124.053
125.651
124.989
126.864
127.178
127.743
128.838
127.385
129.852
130.657
129.959
132.796
133.671
131.755
134.403
132.513
133.902
138.244
139.001
140.678
142.784
144.648
143.802
144.132
141.738
141.582
136.024
133.854
131.444
131.029
128.516
131.303
130.499
130.699
128.354
126.228
123.847
122.725
121.556
123.15
122.972
124.001
123.947
125.482
126.817
124.773
125.009
123.561
122.012
124.426
127.908
128.906
128.219
123.877
120.969
116.686
117.106
117.684
116.79
115.217
118.01
119.104
116.348
116.079
113.779
114.145
115.496
116.397
113.69
112.629
112.47
112.271
110.993
113.136
115.117
116.553
113.192
113.517
110.689
109.399
107.547
109.971
109.68
109.276
109.658
107.424
108.18
107.82
105.934
107.012
105.731
105.538
