98.8343
99.8438
97.9942
97.3394
97.4699
99.5805
99.8263
102.265
102.562
102.409
104.766
105.054
107.842
105.453
105.791
105.262
104.254
104.119
103.069
102.626
104.206
104.692
103.281
102.105
102.793
101.665
99.8923
101.011
100.585
102.24
103.284
102.957
102.155
102.371
103.529
102.796
102.951
102.219
104.461
103.269
103.392
104.976
106.497
106.655
106.418
104.211
103.104
104.864
105.206
103.114
102.168
103.063
101.562
100.439
101.318
99.422
100.137
100.949
101.41
100.726
100.579
103.081
101.944
102.234
103.364
104.936
103.975
104.067
104.252
103.453
103.016
101.065
100.023
103.078
103.294
101.693
101.767
102.152
100.749
101.145
102.938
103.846
105.402
104.155
103.02
102.672
103.869
104.74
106.649
107.224
107.998
107.371
107.287
107.463
107.34
106.491
108.032
105.858
105.547
107.162
106.219
105.213
105.13
103.313
102.488
102.335
101.014
101.094
102.454
103.695
104.106
107.196
108.13
107.631
110.248
111.148
109.568
108.136
107.799
107.52
106.968
105.97
107.122
106.48
106.052
105.768
105.932
105.951
106.252
105.039
105.701
105.33
106.044
107.528
105.496
106.437
108.148
106.476
107.477
109.246
108.641
108.536
106.028
106.624
107.439
106.672
106.711
106.789
104.92
104.09
105.178
105.381
105.893
105.485
104.466
105.613
104.561
103.969
100.618
101.34
101.582
102.361
103.2
102.592
102.879
99.3851
101.392
98.9778
98.2504
98.5622
98.6434
98.1332
98.363
98.3913
99.9819
100.826
100.303
100.776
99.3323
99.6155
99.8198
100.982
103.053
102.157
106.477
106.564
108.096
108.832
106.711
107.124
106.251
104.269
103.983
103.575
103.687
103.694
104.426
103.19
102.113
102.174
103.403
102.644
99.5521
97.6988
95.5565
94.0686
94.6627
92.9448
92.4888
92.6249
91.3037
91.316
91.1035
92.6764
92.8538
92.5832
91.437
92.3866
92.2681
90.8677
91.2975
90.6034
92.0731
91.7978
92.5078
92.3908
91.0025
90.1106
89.1232
89.1742
88.9117
88.9307
87.7686
87.4787
87.5347
89.4207
88.656
87.9362
87.6174
88.498
88.016
88.2752
86.8745
86.5744
85.1868
84.2206
85.3819
86.0961
84.6154
85.3097
86.7755
86.8831
86.1131
85.4316
85.103
83.9642
83.8234
82.9686
82.3885
84.7097
87.024
86.5596
84.8813
86.8943
85.4415
85.3348
84.7762
85.5053
85.053
84.8558
84.6996
84.2699
83.5738
82.89
81.591
79.5089
81.241
83.0682
82.5075
82.0303
82.0846
81.5187
80.7316
81.5504
81.8942
81.8897
82.1388
84.6706
86.2133
86.2892
84.4059
82.2332
81.0077
83.8751
82.6689
83.1678
82.1145
81.6227
81.6613
82.5565
82.7149
84.1896
83.3315
81.5573
80.0902
81.3513
81.7237
83.1087
83.4208
82.7217
83.3474
85.7391
85.3834
83.7671
84.8813
82.4313
82.051
83.0742
83.3302
81.6442
80.0915
78.064
78.2968
78.3355
78.5559
79.1608
79.2704
79.7848
79.1999
78.5082
78.1487
77.9587
78.3154
77.6428
77.9448
77.6089
78.2655
78.5127
77.6873
78.174
79.7971
80.1456
80.4724
81.4495
79.8335
78.7802
77.6842
79.1975
79.3097
79.8343
79.67
81.3946
80.6584
81.6733
82.6267
82.0793
81.9666
82.1777
78.4607
79.5237
80.193
81.5322
81.2235
81.8604
81.4515
80.9124
81.7452
82.3511
85.0934
84.9767
84.6678
84.1261
83.4122
83.5681
84.8065
84.9462
84.2518
83.9973
83.043
83.4425
84.1278
83.3394
83.7048
83.6924
86.6342
86.7728
85.9391
86.4385
86.1343
87.0218
86.7268
87.4796
88.05
88.9687
88.4836
87.949
88.7919
88.0499
88.4717
88.0968
88.4582
86.5474
85.9418
85.5294
86.6513
86.144
84.7015
84.3267
84.847
84.7429
84.8533
85.714
85.7824
85.5819
85.6555
85.6395
86.5742
86.4916
86.4557
86.8815
86.7762
87.0431
86.9957
88.2136
86.3343
88.5294
87.7018
88.4537
87.5913
87.6556
86.4173
87.2991
87.2745
88.6996
87.0597
86.4575
87.8904
86.8554
88.7375
89.3937
89.6395
88.1556
86.5734
86.9788
86.792
87.0473
85.5664
87.0971
88.3502
88.0932
88.9308
89.2613
91.1678
92.6118
93.6211
94.1807
95.093
93.1087
92.8296
92.1149
91.4239
90.9388
91.6765
90.3007
89.2596
88.6135
87.948
89.1327
88.5862
88.8056
89.7131
89.2454
88.3052
87.6373
89.1396
90.2045
89.6463
89.7322
90.2354
89.3313
90.8339
91.2571
93.1546
95.0042
94.6806
94.2036
92.2592
91.9032
92.8729
94.9378
96.6714
97.1084
97.8092
96.7836
94.8393
96.4101
96.5509
95.9372
95.3977
94.4205
94.021
94.3931
94.6559
94.0156
93.5192
94.3493
93.5923
95.8969
97.1043
97.0467
97.2865
96.2314
97.4774
98.0582
94.084
94.4024
93.9468
91.2269
91.9619
91.0814
90.8963
89.8031
92.3223
91.1704
91.2315
93.396
90.9121
90.9649
90.7987
92.4466
93.9506
94.2401
93.811
95.3195
97.9709
96.2045
95.8075
95.1141
93.692
93.5415
94.3458
95.4048
95.5051
97.5875
98.7695
97.8779
99.1163
99.0958
99.3084
98.6653
98.8904
98.7035
98.5057
99.6271
98.1653
97.2011
98.1024
99.5583
98.9928
97.3868
97.8866
97.0674
96.178
96.8969
97.5946
96.7785
94.3344
91.9175
89.0411
87.0781
87.7042
89.2137
87.2621
89.4227
89.1532
89.962
90.7405
90.6321
91.2939
90.41
90.9561
90.7838
88.9305
87.8099
86.9766
85.2427
84.9725
84.7752
85.3569
84.7379
85.8339
84.0299
84.1383
85.1122
86.2198
86.1404
84.0489
84.8859
85.8649
86.4871
