101.485
99.2068
98.4639
97.3214
95.8815
98.1764
98.3968
98.5303
99.7099
100.034
101.664
99.6128
100.266
101.106
100.876
101.894
102.35
100.475
100.142
100.001
98.7018
97.705
98.4578
96.1629
95.1216
96.242
93.8395
93.1069
92.2563
91.6614
92.6519
91.9494
91.4491
91.2667
93.505
93.8511
92.1189
90.2179
90.2456
92.0155
92.8993
93.4431
94.6925
95.8382
97.4724
98.0058
97.9473
99.5047
99.3141
98.1836
97.9084
100.395
101.719
100.661
100.1
101.332
102.47
103.568
103.394
104.374
104.488
104.753
104.59
103.379
102.347
101.76
101.89
104.659
103.958
103.483
106.236
106.4
106.088
107.256
107.261
106.022
106.766
104.58
105.479
104.015
105.065
103.013
105.441
103.517
102.725
103.264
101.618
101.575
101.755
100.14
100.073
100.363
101.421
101.199
100.477
101.435
99.9418
97.9362
97.5588
97.3554
97.3185
96.6784
96.8247
94.9133
94.3232
92.2386
93.0603
93.5054
93.3826
92.5107
91.7173
91.2734
91.4391
91.2163
90.2203
88.7557
88.9971
90.2168
89.1366
89.6747
89.2717
89.236
88.4787
87.7417
87.734
87.6853
88.0137
87.9904
88.2765
88.4729
88.1427
88.8787
89.6385
87.6069
85.8322
84.3831
83.0328
83.3153
81.9057
81.9853
81.8197
79.6313
77.7202
78.7501
78.3486
78.148
77.8144
75.3988
74.2079
73.6265
74.8817
74.3885
71.7284
70.0803
70.209
69.2373
68.3917
69.2273
69.7191
69.2611
69.037
69.6834
70.9839
71.0562
70.8266
69.8547
69.0487
70.1469
70.8819
72.6232
71.989
72.1762
70.9031
72.5027
72.4805
73.8727
71.6796
71.2696
71.0139
71.9976
71.0336
70.3074
68.8821
68.6783
69.6947
70.5959
70.1023
69.533
70.0428
70.834
69.6963
70.1286
70.1962
70.4533
69.6546
71.3212
70.3002
70.5168
70.8805
71.0913
70.9482
70.2776
69.2804
68.9454
68.8148
68.4074
68.9438
68.9606
69.311
67.429
67.7399
66.9638
67.3354
67.0091
65.6751
64.9112
65.2052
65.4672
64.8192
67.4448
67.6017
67.5697
68.4068
68.1395
68.1043
68.6602
67.5626
67.8728
67.3391
66.7745
67.2217
65.9872
64.801
65.3645
63.5592
63.7233
63.2665
63.7766
63.554
62.8669
63.6041
63.9079
64.4555
65.3265
66.6687
66.1719
65.4314
64.8362
64.4543
64.7703
63.2786
62.7039
63.1735
64.1225
63.8781
64.1952
64.2889
63.5187
63.3973
63.7578
65.4222
63.8198
65.2871
66.0274
64.8278
65.671
66.643
66.5497
66.3744
65.3226
65.6951
64.9976
63.9784
63.4176
63.5203
64.1055
65.3399
66.4276
66.4839
66.2494
65.6218
65.2646
65.2277
65.0019
63.9886
65.3987
64.9373
64.7195
64.552
63.7007
62.6389
62.8173
63.2962
64.2185
64.2962
64.7515
63.4941
63.307
62.3143
62.2294
61.317
61.1254
60.4917
60.0273
59.2436
58.5627
57.8676
56.8036
55.9804
55.9256
56.9759
56.9232
57.9492
58.0945
58.6672
57.2827
56.818
55.1314
54.8307
54.186
54.4488
54.4146
54.8035
55.6817
57.3649
58.2381
58.3084
58.6073
57.3531
57.4406
57.2992
56.9831
56.7545
57.547
57.6341
57.8554
57.8698
57.7331
56.8724
55.5281
56.3242
57.0738
56.336
56.7078
57.8377
57.4236
56.8945
55.9947
54.9094
55.941
55.7292
56.7255
55.3063
55.7678
54.7315
54.067
51.4948
51.7676
50.8651
51.7311
51.6992
52.011
52.4791
52.3252
50.683
51.3656
51.8185
52.109
52.4296
52.3653
52.3938
52.3878
52.4271
51.8656
52.1922
52.2145
52.8186
52.5279
52.6129
52.4687
53.8002
54.1203
53.9486
54.0962
53.9872
54.1342
54.9865
54.2678
54.3405
53.5255
53.4502
54.4378
54.6877
55.3561
54.8065
54.4623
53.9057
54.1457
53.6683
54.0116
55.243
56.0787
55.7713
56.712
57.6259
58.2498
58.3161
59.1547
59.8819
58.1508
58.4682
59.5748
58.2716
58.4132
58.3976
58.751
58.4882
58.3676
58.5694
58.5129
58.6645
58.2767
57.7482
58.4079
59.1802
60.3062
60.2246
60.7236
60.9511
60.2867
60.28
60.9365
60.9683
59.566
58.4563
58.4487
58.1571
58.6318
58.1926
57.6942
57.2452
58.2644
58.351
57.4421
57.2206
58.6081
57.7399
58.8755
58.6059
57.0527
56.9895
57.2478
57.7276
56.8113
57.0013
56.258
55.7865
56.0607
57.157
56.7341
57.3348
57.7706
57.0431
57.6754
57.3243
58.8568
60.1357
59.4062
58.5736
59.6122
60.5308
59.1839
58.3803
58.6967
59.4602
58.9092
60.2388
60.1472
59.1924
59.6047
59.8607
60.2854
61.0064
60.8672
61.895
59.5366
60.3319
59.9981
60.0583
60.5586
60.3926
59.8564
60.4173
61.1673
61.126
61.1115
61.7217
62.7085
62.8127
62.3006
62.6154
62.8633
61.7375
61.1133
61.4785
60.4027
60.8073
59.5364
60.5789
60.97
61.0263
61.535
61.4073
62.3997
61.257
61.0147
60.5972
60.534
60.0527
59.4557
60.1618
60.5041
59.9451
58.6296
58.389
57.9803
59.5804
59.4495
58.9837
59.4019
59.1421
59.0359
59.048
58.5655
58.6147
58.6408
59.0123
58.7907
58.9344
58.8855
59.184
59.3577
58.5726
59.4617
59.2754
59.6214
58.3689
59.0454
59.0515
59.7993
60.0934
61.5474
61.0698
61.5789
61.1957
63.1088
62.7973
63.1092
62.1869
61.642
60.3442
60.5226
60.831
59.6773
59.5633
60.2108
60.9598
61.2868
60.7428
61.4485
60.8548
60.1729
60.0764
59.2319
58.2468
58.9734
58.3793
58.4453
58.3973
59.3499
59.6713
61.1389
59.3068
59.0117
58.0217
56.687
55.8993
56.0926
56.0978
55.1499
54.8369
54.2763
54.0126
54.3198
54.8655
55.4006
56.2087
58.0734
58.8995
60.2595
