97.5935
96.9011
96.1789
94.7372
93.1095
91.9003
91.6077
91.7513
91.7522
91.5969
93.3616
91.5394
90.757
89.4924
87.8598
86.6915
84.2179
85.3126
85.6959
84.1172
85.5849
86.5941
87.3934
86.6489
87.1356
88.2262
88.1757
87.4021
86.8155
86.325
83.7518
83.056
81.6848
84.2799
84.6452
86.1488
86.1139
86.0968
86.4721
87.08
87.7865
87.6093
88.5574
86.9097
87.76
89.3692
88.8213
89.6898
87.743
89.2559
89.9205
88.6735
85.6582
85.8566
85.7227
84.8832
83.9625
84.2055
84.2223
84.6698
84.4609
84.8041
84.7047
85.1748
85.0134
84.1934
84.1144
84.5411
82.5117
82.8098
82.9988
83.5615
85.027
83.365
84.904
85.3714
85.1037
85.5983
84.3578
82.3761
82.4154
84.2078
83.7002
82.72
83.2698
84.6007
84.9991
86.1955
84.7908
83.7118
84.3426
84.8526
84.3995
83.3618
84.1897
83.4059
81.8224
81.281
82.1621
82.3807
81.0314
80.0445
82.3924
82.2858
83.3854
83.6369
84.7891
86.0123
86.4361
85.6839
86.0178
85.7917
85.8861
84.6404
83.6807
85.5616
84.8412
86.2366
85.3861
85.5744
87.1102
85.7177
86.2172
87.1509
85.8619
85.8528
85.8377
87.7118
89.2094
90.4848
89.8857
87.0131
86.3117
86.5883
86.4634
85.7296
85.051
85.1493
83.3074
83.456
82.9287
83.3116
84.4303
83.5235
84.3263
84.3932
83.5251
83.6691
84.5506
85.0738
84.8653
82.568
81.4121
81.7475
80.5635
79.9434
80.4024
80.885
77.8721
77.6458
77.7841
79.0295
79.3955
79.2537
78.2231
78.0586
76.185
76.9581
78.0133
78.2199
79.8578
80.7489
79.9622
79.5771
78.1912
77.4247
79.0615
77.6665
77.5362
78.365
77.7867
78.4531
79.4478
78.9269
79.8969
80.1956
82.1957
81.137
81.4376
82.4763
82.7811
82.75
82.7105
80.7426
81.2655
80.7813
80.632
81.2081
81.5913
80.7323
81.8662
83.0232
82.3264
82.7822
81.8821
83.6939
84.4405
84.7409
84.0015
85.0266
84.9678
85.2454
85.8103
84.7571
87.1508
87.1462
88.7592
90.5688
92.4979
92.1197
91.9252
90.6325
89.5705
91.3966
92.8301
92.5101
92.5335
90.7194
89.6331
88.517
88.4169
87.8998
89.5094
87.6649
89.8476
88.6761
86.994
88.7458
87.6435
89.2622
88.492
88.2928
88.3394
87.952
89.1011
88.0181
87.092
88.9567
90.894
92.6167
91.45
90.9745
92.633
93.2009
92.378
91.7246
90.1665
90.2974
89.7575
90.6312
92.0606
93.294
94.9674
95.3318
95.6617
96.5985
93.0207
93.2342
91.5317
92.8015
94.2754
94.9571
94.4054
96.543
97.5985
99.7966
103.01
102.94
104.214
103.512
102.858
101.6
102.69
103.741
103.008
104.116
102.457
104.883
104.68
105.992
107.391
109.093
108.01
108.897
110.324
109.905
109.798
109.231
107.75
109.2
109.548
112.014
112.047
114.717
114.668
116.001
115.221
114.897
114.36
114.506
114.658
115.321
113.233
112.37
112.365
111.545
110.074
109.2
109.533
111.463
110.599
110.235
111.478
112.596
110.471
109.33
108.251
110.196
109.947
108.979
107.469
105.04
104.655
105.391
105.754
107.454
109.811
107.815
107.423
109.222
106
106.693
104.869
104.272
103.638
105.05
107.158
108.467
109.763
110.416
111.18
108.539
109.715
111.327
111.008
109.056
108.141
107.129
107.649
107.386
108.525
107.801
107.755
107.584
107.49
104.228
105.384
106.214
104.563
103.321
104.322
104.41
102.419
101.956
100.836
100.936
101.849
102.709
103.278
103.296
101.868
101.597
101.339
101.521
103.063
105.249
106.219
107.437
110.317
111.98
112.233
112.013
107.692
106.133
106.698
105.989
104.423
103.554
103.534
104.431
102.646
102.445
100.054
99.5359
98.7875
98.208
98.3653
98.4475
99.9833
100.321
99.1982
99.6319
99.22
100.899
99.3349
98.3649
97.031
96.5657
97.174
99.4743
100.023
99.0355
102.236
101.012
101.034
99.8643
101.938
102.477
103.607
104.208
105.524
105.531
105.977
106.248
105.595
106.5
107.171
107.566
105.222
104.91
104.835
108.55
110.297
111.403
110.109
111.89
112.013
114.442
115.445
115.847
117.142
118.889
121.272
121.772
122.312
121.382
119.641
119.641
120.955
122.758
120.217
119.592
121.261
122.278
122.21
121.077
120.284
119.871
122.249
123.142
125.241
128.524
129.763
125.858
124.178
122.933
122.996
123.216
124.337
127.315
126.104
126.536
124.563
125.101
125.172
123.8
123.97
125.343
124.591
127.574
126.51
124.794
127.191
127.105
125.872
123.629
125.45
124.39
124.728
125.17
124.022
124.714
123.858
123.47
125.165
124.464
121.799
118.985
115.896
116.226
117.363
117.442
116.738
116.232
115.766
116.021
113.1
114.068
112.86
113.834
113.782
113.452
113.75
113.963
114.162
115.606
113.608
111.858
112.692
114.563
112.295
114.319
110.667
109.773
108.495
111.374
113.179
112.705
112.629
113.087
111.514
110.909
113.184
114.022
113.476
113.924
113.058
112.717
113.769
112.538
114.24
110.788
109.277
112.519
108.639
105.714
104.874
104.654
105.647
107.987
110.217
109.497
110.779
111.001
112.054
112.61
113.275
115.07
114.827
115.563
114.545
114.364
113.961
112.694
110.945
111.671
112.454
111.891
111.825
109.854
109.105
108.584
108.279
111.637
113.22
113.137
115.213
115.115
113.951
116.592
115.613
115.875
113.661
114.338
113.943
115.306
115.24
116.647
115.499
114.372
