100.899
102.124
103.694
101.967
101.199
99.859
101.389
102.439
102.181
102.394
103.3
103.464
104.68
106.443
105.86
107.292
110.225
111.784
109.904
109.459
109.832
110.107
111.064
110.624
110.257
112.13
113.501
114.56
115.943
116.372
116.967
115.894
114.69
114.22
114.818
115.908
117.09
116.519
118.658
120.958
121.432
121.979
122.734
122.741
125.197
128.207
126.8
125.895
126.873
129.677
131.827
134.134
133.321
131.947
131.096
130.007
129.51
132.218
133.287
134.763
133.698
132.149
130.521
130.025
128.391
128.023
128.222
129.711
132.26
131.27
131.54
131.029
129.67
131.199
130.14
130.002
129.075
129.357
131.001
130.38
132.369
128.75
130.306
131.327
134.391
135.964
130.364
133.243
135.056
133.023
135.179
132.658
131.855
130.176
131.233
132.491
131.859
131.686
131.357
129.674
130.283
128.585
127.906
128.112
129.328
130.922
133.569
135.03
132.547
133.912
134.454
133.653
134.605
132.837
132.756
131.716
130.88
130.564
130.727
133.84
134.092
132.023
133.628
132.844
133.44
135.981
135.803
137.424
137.421
136.379
136.017
135.39
133.993
132.247
133.405
133.889
135.345
137.049
138.363
136.501
135.448
133.621
132.106
133.522
131.707
129.24
127.47
129.119
126.609
123.773
124.175
123.629
122.89
121.369
120.521
119.892
119.309
119.177
117.653
117.272
116.399
117.601
115.604
116.439
117.221
116.308
114.609
113.733
115.949
115.795
116.056
114.897
113.739
112.707
112.454
112.924
112.907
112.594
114.651
116.761
119.34
118.169
117.237
115.818
119.77
121.594
123.208
120.983
119.255
118.475
117.73
119.483
119.816
120.606
121.518
121.717
121.73
118.471
117.641
119.27
118.501
118.817
117.718
119.104
119.291
118.426
119.79
119.817
122.097
121.628
122.349
120.077
118.362
118.645
120.202
119.96
122.209
122.766
122.575
123.47
126.179
127.27
125.083
121.639
120.235
120.068
122.455
124.423
124.41
127.093
125.094
127.509
124.27
125.167
124.81
124.758
124.672
123.824
123.188
124.573
125.677
124.199
123.194
122.116
122.502
123.732
122.519
123.651
124.186
126.67
127.053
126.882
126.97
127.553
128.029
130.438
130.926
132.582
133.103
131.662
131.776
133.448
133.135
133.203
135.944
137.38
135.462
132.151
130.001
129.239
128.064
127.259
127.282
127.839
127.129
128.427
130.623
129.967
129.562
130.24
129.965
128.322
127.885
127.746
125.973
125.947
125.557
123.017
122.242
121.121
119.122
122.148
121.67
122.481
123.525
123.848
121.536
122.21
120.97
117.609
117.081
116.707
114.775
114.257
113.958
114.775
114.223
116.296
119.812
119.622
119.133
118.46
119.365
122.625
122.101
123.821
123.34
123.437
124.591
123.391
122.714
124.111
122.814
122.027
123.515
121.579
118.869
118.46
117.316
117.56
117.187
117.184
116.456
118.599
119.094
121.645
123.1
120.886
120.973
121.894
121.443
121.887
122.702
122.464
123.854
123.707
125.583
124.774
122.934
124.178
127.145
127.469
126.947
127.402
127.671
129.929
130.308
130.577
127.89
127.717
128.268
127.798
126.934
126.945
126.503
126.061
124.834
126.064
126.885
125.268
126.831
127.123
126.967
125.691
124.437
128.142
125.783
127.112
127.873
127.779
126.727
127.616
126.069
125.901
126.206
128.206
128.163
127.445
127.229
126.362
127.24
127.592
127.553
128.626
127.373
128.869
128.102
130.255
133.528
132.507
134.008
133.419
131.375
131.45
128.542
126.549
128.592
128.269
126.947
124.792
124.451
124.34
124.529
125.944
125.351
124.794
124.138
124.589
124.001
127.214
126.516
125.854
127.399
126.1
126.997
125.504
126.351
128.925
131.532
132.433
131.26
132.097
131.125
131.78
128.66
126.991
128.836
129.362
131.212
132.666
129.553
131.8
130.623
129.03
128.453
128.718
126.994
126.51
124.056
125.264
125.688
124.613
125.345
127.17
128.553
129.539
129.735
130.809
130.17
126.126
128.074
128.86
127.291
124.478
123.455
124.825
125.249
124.484
126.197
127.127
127.077
128.097
128.717
130.019
130.922
130.748
130.934
132.16
133.304
129.681
128.26
127.581
128.541
129.632
133.25
133.475
136.898
137.752
139.592
140.78
142.994
142.515
140.904
141.31
138.016
137.954
137.521
136.828
138.054
137.626
135.199
135.524
137.058
135.159
133.2
133.509
134.898
136.485
137.917
138.401
140.458
140.695
138.213
137.696
139.292
138.019
136.387
141.146
140.089
138.626
138.358
141.462
141.849
142.599
143.523
144.705
144.671
142.852
144.803
143.785
142.541
144.811
144.352
145.501
144.045
140.902
139.418
140.013
141.739
139.628
139.534
137.485
135.144
133.831
133.876
133.583
132.986
132.12
129.795
127.108
126.94
128.709
131.224
132.151
130.946
133.513
133.989
133.432
132.895
132.621
131.736
131.442
133.14
129.842
130.18
130.816
130.234
131.418
132.551
132.889
133.35
132.083
133.005
131.638
131.291
130.297
131.041
131.596
130.245
130.012
129.354
127.608
124.813
126.026
128.123
129.951
123.524
122.626
122.244
122.689
123.478
123.609
124.69
126.298
125.811
124.478
126.56
125.673
123.069
120.015
