98.5002
98.5272
100.629
98.7274
97.2632
95.4985
96.6393
96.6575
97.1216
95.7462
97.0042
98.2839
97.5183
96.1223
96.5315
96.7612
95.945
96.4376
96.3655
95.4544
95.9341
95.9561
95.6799
95.5887
93.7083
93.097
93.6582
92.0193
90.8941
94.4076
92.9291
92.36
93.5682
93.4423
89.8361
92.669
92.2012
92.9555
93.9355
93.7966
93.5192
92.2686
92.6782
94.0579
93.979
95.4107
93.5025
95.671
94.5791
93.3875
92.5474
91.0761
91.5138
94.297
96.4885
97.6762
97.5473
96.6882
95.9843
95.7778
97.4112
95.6343
94.7549
93.6382
94.7839
96.2653
95.1288
94.7065
95.6706
94.2396
93.6023
92.8319
91.743
92.1483
92.2578
93.1034
92.3562
91.4603
89.7005
88.352
87.9514
88.4368
87.1569
87.6743
89.1388
90.0904
91.0038
91.2088
90.3113
90.0987
90.9694
90.5715
89.689
90.009
90.7634
90.6254
90.8783
89.9884
90.9083
90.4675
88.8592
89.2416
88.1863
89.1727
90.6112
91.5071
90.3708
91.9901
93.3232
90.6359
90.5828
92.2501
91.7048
91.5961
92.4837
91.4588
90.9927
91.4071
91.4198
91.3632
90.5314
90.4545
88.5563
88.367
89.6541
91.6394
91.7283
90.1842
89.1855
88.794
89.0651
89.7676
89.1345
88.6109
88.4348
88.0106
86.2792
87.013
85.833
85.7574
84.3391
85.5434
86.0275
88.4612
88.2483
87.7556
86.9741
88.1413
89.1275
88.786
88.1693
87.9444
87.4985
85.9154
85.8722
85.7451
86.8851
84.4802
84.3976
84.8093
85.3263
86.3681
85.1947
84.0463
84.6328
82.7638
81.7003
80.6608
80.0633
79.2126
80.73
78.3158
77.3367
77.2999
77.586
77.6772
77.3266
78.6731
78.6856
78.5405
77.2325
77.9269
77.8571
76.5638
75.2177
74.6802
74.1201
73.5237
74.594
77.6918
77.2345
76.727
76.0668
75.9776
76.0864
77.9281
76.7869
77.0449
77.5339
77.8731
79.7967
79.8573
80.4183
79.9061
78.6616
77.3963
76.3067
76.0552
76.3014
77.4881
78.4249
78.2851
77.3018
77.529
79.4785
79.4519
78.6716
79.1977
78.1846
80.4844
80.8802
80.5938
80.7019
81.0386
80.7956
81.8811
81.3842
79.9827
80.6246
79.0741
78.2555
77.2979
76.5709
77.7161
79.539
79.6165
79.091
79.0017
80.0936
78.973
78.1982
78.5319
79.6488
78.2608
77.5374
75.5837
75.3873
72.863
73.5091
72.6881
74.2859
72.6823
73.2005
73.415
74.4377
73.5265
71.74
71.6126
71.4144
71.1185
70.8691
71.8787
71.8441
70.9535
70.524
71.7098
72.4372
72.7655
72.1407
70.6192
71.1999
70.8624
72.2389
73.1604
72.6268
73.5998
74.1539
74.4552
74.3781
74.1183
73.8954
73.3795
74.4905
74.3069
73.0841
72.7064
72.8177
74.227
75.5641
75.2476
74.651
73.3828
71.939
73.7044
73.4693
74.4832
74.2976
73.9331
74.4181
73.3519
73.754
72.2751
70.3934
69.7598
68.624
69.803
70.6389
70.1557
68.9394
69.279
67.9038
68.0739
69.3981
68.9708
69.4403
69.1646
70.5391
70.2987
69.4119
69.3412
69.4232
71.799
70.7317
71.9151
71.5754
72.216
69.9879
70.8238
70.5997
72.1688
71.4298
70.3772
71.4935
71.6217
72.2446
73.0891
72.723
70.4524
71.5371
72.3449
71.9527
71.2668
69.8847
70.3283
68.9682
68.8311
69.8577
69.8845
70.2835
70.0216
70.3414
70.5681
69.5986
69.0063
68.9977
67.0753
66.0567
66.8093
66.4
67.1491
68.24
69.2408
68.9196
68.2598
68.479
68.8427
68.7351
69.8409
71.1911
72.4083
71.0659
69.3303
69.816
71.0493
71.9715
71.1355
71.8059
70.1155
68.6962
68.7716
68.1599
68.3427
67.8374
68.2275
68.5414
68.8424
67.3307
66.2012
67.3335
67.0788
67.303
67.8103
67.0733
66.4773
65.6528
64.101
65.3638
66.6342
66.519
66.5303
66.2795
67.1662
66.3704
66.2215
65.8421
66.1332
64.9788
64.2918
64.3337
63.295
63.0695
64.5165
63.9856
64.4571
65.3923
64.4438
62.8034
61.5522
60.8489
60.6868
59.4775
59.5779
59.0072
59.5931
60.0649
59.9981
60.6561
60.8916
61.8543
62.5304
62.9454
62.9861
61.5977
62.3626
61.8621
62.5769
62.6129
62.5025
62.0186
61.9886
62.6903
63.3275
63.8585
63.5568
63.3032
62.7053
62.2721
62.0306
62.4835
62.87
62.5493
62.9103
62.3825
62.6499
63.8021
62.1374
63.8517
64.0124
62.6707
63.2238
62.7424
62.5119
63.2108
62.9365
63.5622
65.2051
64.729
65.709
63.9613
64.1945
65.1866
65.3819
65.3058
65.0191
64.8527
64.8312
66.6171
66.2319
66.2332
67.0495
66.1521
66.3559
64.4508
64.4251
63.5912
65.091
65.8775
67.2159
67.3817
67.3777
66.933
66.8713
66.0746
65.4826
64.993
64.5291
64.9761
64.2668
65.2344
65.3275
66.1183
66.2355
65.6196
65.4238
66.5957
67.4271
65.7972
66.7406
66.3491
64.7199
65.0486
66.1045
64.8755
65.2426
64.8312
64.0629
63.8312
63.6866
63.0964
63.8019
64.2019
65.0062
64.0005
64.8083
66.3455
66.1534
65.93
66.3818
66.2898
66.3463
64.9662
64.8889
64.8976
64.6973
64.7046
65.2049
65.6295
65.4094
65.1716
66.4938
65.7148
64.2507
63.6246
63.1396
62.0708
63.3928
61.0665
61.6518
60.7307
61.5199
60.9636
60.1981
60.1509
61.2678
61.4618
61.648
60.6838
59.9064
59.1412
59.1882
59.6102
59.7974
59.7294
59.7696
59.3685
59.2668
60.4907
61.142
60.5294
59.2092
59.594
58.6209
58.6173
58.3443
59.6081
59.5393
57.9658
59.0578
58.9264
57.2629
56.6719
57.0844
56.247
55.3445
55.7042
54.8997
54.643
54.3572
53.8165
54.7565
54.4148
54.677
54.536
54.0589
53.7697
53.5469
52.4369
52.5587
54.4596
53.1605
