98.4313
96.0446
94.9999
97.7471
98.6737
100.017
99.4987
98.1923
96.8891
95.8876
94.8236
93.1841
92.3711
92.6419
91.4858
93.317
92.3036
93.7343
93.4552
94.6504
93.5169
94.7498
94.4367
95.3344
95.4187
93.923
92.5546
91.5269
91.7275
91.2471
91.3961
92.2244
93.0063
94.2436
95.3371
96.3229
96.9464
95.7904
94.4934
94.7882
95.311
95.976
95.251
92.4219
90.1142
89.8889
88.4002
90.0367
89.4613
88.3919
86.3445
84.749
84.0175
86.0156
86.9147
86.3424
86.8654
87.3418
85.7084
86.038
86.1993
85.974
84.3818
85.5064
84.8787
86.085
86.1246
87.0018
87.105
87.0901
87.338
87.4933
89.1573
90.1842
89.2839
88.5159
89.4004
89.6581
87.7977
86.5675
87.7881
89.9807
91.5491
92.5639
92.0941
91.276
92.0999
91.0428
89.6696
89.6421
88.8613
90.3871
91.4259
91.4571
90.9268
91.4144
89.9184
88.4591
88.26
87.1873
87.0938
87.417
86.5324
88.0745
88.0517
88.1951
86.5657
85.5505
85.1056
83.223
82.1458
80.4045
81.2159
80.7594
80.6742
81.9181
83.8831
85.1705
85.7548
86.5848
86.5594
86.8344
87.3986
86.9918
88.2657
87.9477
88.6973
86.61
88.9305
90.5362
92.4591
91.3866
90.3149
90.6543
92.4919
91.894
91.7936
92.8947
90.0629
91.054
90.5008
90.1505
91.3149
91.8999
91.6258
91.6384
90.8408
91.2326
93.2797
94.1376
93.5856
95.3508
95.6572
96.3578
97.9633
97.8855
98.9835
98.9158
100.294
100.56
99.0222
99.1233
96.1269
96.1443
95.6359
95.742
94.089
92.9919
91.9221
91.7013
90.3298
90.8213
90.0538
90.3008
92.0945
92.507
92.245
92.3616
91.4383
92.9024
92.9614
92.5069
91.8477
93.5769
94.3593
94.5652
95.1804
94.0776
95.0981
95.4315
94.1539
95.1319
94.1952
92.3751
93.941
94.3906
98.2682
98.9757
98.9235
97.9175
98.2626
98.2848
98.7047
97.7903
97.6248
97.6808
96.5498
97.9945
96.9593
95.3105
97.0347
98.7686
99.814
99.4009
99.7008
101.725
101.939
101.503
101.873
102.557
100.354
100.931
100.22
99.3323
98.3723
101.09
99.4587
101.823
103.176
105.069
105.195
105.571
106.132
104.647
102.844
103.613
104.532
104.2
104.702
101.258
100.796
99.8234
98.0333
98.0365
96.809
98.2903
97.4347
96.6554
96.3861
95.7341
96.0105
99.0061
99.1222
97.5856
97.5295
97.0813
95.7537
95.6521
97.418
96.5859
97.2735
97.6264
100.001
101.162
102.731
100.989
100.995
100.209
99.4569
98.4932
97.35
99.4804
97.7107
97.8587
98.591
99.9224
97.7624
98.1662
99.2284
98.6751
97.0639
96.073
97.1075
97.7504
99.6849
100.149
99.2593
100.576
99.9324
101.269
101.269
100.951
100.791
100.45
96.8977
97.7024
99.0762
97.7997
98.8742
100.364
100.267
101.207
100.727
98.4011
98.7424
98.3181
98.6614
100.463
101.493
100.591
100.267
101.778
101.949
98.9084
96.6594
97.2652
99.2128
100.71
100.546
100.292
100.329
99.5608
100.473
100.13
99.8567
100.01
100.102
99.1599
99.3846
100.629
101.857
100.277
99.1012
101.304
99.2803
98.9798
100.181
98.3715
98.7276
99.6984
98.2612
98.4957
100.269
99.8236
101.801
101.158
99.4962
99.3869
99.0061
98.7527
98.9957
99.4238
96.8159
96.2882
94.1308
94.7792
93.6948
94.4222
94.1254
92.9225
95.1578
94.2519
94.0393
95.4263
96.948
95.8037
98.0154
98.0157
98.6516
97.7381
98.2237
97.2966
96.5104
95.8753
95.9694
97.378
97.3745
98.3045
98.301
98.8442
99.9808
99.5551
100.857
98.8371
100.311
100.606
100.934
99.6392
99.0612
99.7831
100.141
101.231
98.7863
99.4544
98.0646
99.285
99.7367
98.4283
101.738
102.021
103.11
103.767
104.474
106.212
107.084
109.104
109.33
109.379
111.359
110.999
110.607
109.958
109.588
110.373
110.481
112
113.528
113.845
115.221
113.492
112.565
113.707
112.755
113.837
113.438
113.203
115.282
115.488
114.616
115.645
116.383
115.559
116.885
117.284
117.581
116.953
118.606
117.134
116.047
114.255
115.356
116.584
117.654
115.386
114.588
115.487
113.02
111.496
110.659
107.304
107.844
108.134
108.827
106.912
106.033
105.689
108.811
107.088
107.494
105.405
104.181
103.623
102.131
102.603
102.972
103.773
102.452
101.871
104.225
103.574
103.788
107.215
107.586
106.211
106.64
106.417
102.86
100.578
98.5846
99.741
99.5211
99.0655
98.0393
97.2776
96.9073
97.3587
97.0318
98.2637
100.84
102.928
103.472
102.834
103.794
103.865
103.072
100.277
101.628
100.589
102.098
103.356
102.465
102.619
103.181
106.364
104.95
105.486
102.692
103.573
106.693
108.082
108.681
106.622
105.915
104.585
104.681
104.695
104.646
103.663
102.575
103.047
104.601
104.871
104.885
106.042
105.283
104.824
105.228
106.329
106.705
106.89
107.727
109.038
108.616
109.405
107.835
107.992
106.625
106.67
108.108
110.697
110.483
111.212
108.586
109.082
113.042
114.567
116.252
115.015
116.385
116.756
117.149
117.752
116.787
117.047
117.187
116.282
115.724
117.108
117.201
117.716
116.747
116.013
116.041
119.486
118.404
116.428
118.132
117.501
117.889
117.265
114.641
113.94
113.371
115.067
116.721
115.451
115.105
118.174
119.253
118.582
121.422
121.16
122.763
122.084
120.777
120.845
122.167
122.679
121.822
121.454
121.597
121.623
121.653
119.127
116.987
116.49
117.073
117.565
115.422
114.63
