97.6075
98.2634
99.4425
99.5292
100.145
101.442
102.908
102.385
103.243
103.949
104.231
104.636
105.947
102.966
100.865
98.4477
99.6485
100.495
101.087
99.7085
99.8805
99.0367
102.029
102.967
101.442
100.542
98.6701
97.415
97.2237
95.0324
97.0935
96.9733
97.3711
98.4628
98.0672
96.7625
95.5978
94.1588
94.8218
93.5843
93.4505
91.8064
92.927
95.058
94.9463
95.1461
95.7825
94.7564
93.1044
96.0608
95.8389
94.2547
95.4925
96.4403
97.383
98.8198
98.604
98.6417
100.708
99.8001
100.554
99.5809
99.3325
99.4559
98.5593
99.8633
99.4139
102.063
105.103
104.907
102.321
101.676
98.8
99.0126
100.227
101.831
100.81
101.108
100.648
101.046
101.596
101.092
101.492
99.4748
98.9787
99.1953
100.495
102.169
103.961
104.364
103.319
101.498
102.448
102.242
100.553
100.037
100.97
100.856
101.791
100.36
99.9849
100.837
101.371
101.767
102.836
101.331
101.573
102.633
100.642
99.5868
101.928
101.282
98.9196
97.6097
97.3125
98.2887
98.1163
98.3285
98.3766
99.2672
99.5151
97.9785
98.9797
101.084
101.648
103.843
103.586
104.008
103.542
104.306
103.127
103.554
104.059
104.862
104.42
101.729
103.295
102.004
103.6
101.529
101.129
100.376
99.3889
97.908
96.7641
96.7
93.6948
95.794
96.1732
96.1279
94.9445
96.249
96.6346
96.2615
94.9022
95.5098
95.3062
96.8748
96.7139
97.3356
97.383
97.4231
97.369
98.3198
98.3682
97.6977
99.587
100.678
101.141
97.8132
98.464
97.5511
96.9047
98.0096
96.8012
97.3542
96.8018
96.8967
97.0668
97.5581
97.307
97.012
97.9643
98.897
100.557
102.041
100.839
100.544
101.339
103.355
103.89
102.083
103.523
105.212
107.077
105.266
104.364
104.812
103.723
103.058
101.59
102.86
103.041
103.444
102.842
102.954
102.446
101.997
101.661
102.359
100.733
99.4253
100.609
99.2233
99.9556
98.6566
97.5498
99.9253
102.507
103.078
105.603
105.264
105.088
104.828
102.892
104.828
103.418
100.32
102.911
101.579
101.934
103.272
104.652
106.714
105.909
106.898
109.521
111.215
111.165
110.22
108.906
108.464
109.561
107.907
107.934
107.818
108.11
108.258
107.162
107.783
109.014
110.864
111.518
111.671
109.358
107.152
105.047
103.303
102.06
105.337
106.53
105.413
104.635
103.823
104.096
101.896
100.835
100.819
100.161
101.707
99.4159
98.2874
100.804
101.391
103.526
103.169
101.728
101.625
99.3805
100.721
103.713
107.785
106.264
106.326
107.661
107.481
105.603
106.092
104.37
103.749
103.635
104.856
103.901
104.147
104.738
104.442
104.406
104.645
105.066
106.433
106.299
107.423
108.712
107.47
107.244
105.453
105.962
105.862
106.878
107.963
107.222
106.443
106.915
107.144
107.359
106.345
106.295
107.59
108.228
109.771
109.563
108.51
109.349
108.259
107.502
107.266
110.153
112.117
112.17
112.214
116.328
116.641
118.605
116.575
117.859
114.635
115.84
117.711
118.316
118.576
120.298
117.993
114.53
111.687
110.553
110.057
109.269
110.026
110.062
112.367
114.716
115.816
117.053
117.194
114.764
116.569
116.339
116.82
117.289
116.001
114.976
113.518
113.643
111.839
110.56
111.513
112.192
114.153
115.93
116.063
115.777
115.302
113.938
114.442
114.117
110.341
109.148
107.382
109.564
112.012
113.02
114.814
114.701
112.699
110.546
112.706
111.885
110.642
108.874
112.22
112.256
113.063
112.919
113.864
113.249
111.667
111.909
112.327
111.842
113.766
113.035
115.406
116.08
116.115
113.975
116.124
118.099
116.058
116.253
117.047
118.223
120.574
120.329
119.236
119.063
120.414
120.877
120.542
118.633
117.576
118.959
119.182
118.516
115.843
115.572
116.956
118.642
119.838
120.832
122.506
125.589
125.637
124.845
128.057
128.598
128.924
129.491
131
130.837
130.399
131.225
132.132
130.86
131.18
130.215
129.941
127.335
128.117
128.72
129.76
130.987
130.367
123.345
122.722
124.375
125.858
125.197
125.161
126.3
127.956
126.238
129.124
128.209
129.743
129.73
129.966
129.429
130.375
127.28
127.033
127.189
128.226
130.285
132.59
133.225
134.473
138.506
140.944
143.126
141.204
145.338
143.654
143.986
140.859
137.816
139.321
139.822
141.076
141.463
142.669
143.24
143.834
142.199
141.655
141.097
141.387
141.018
141.069
141.826
145.36
145.445
147.652
147.796
148.349
149.545
149.259
146.257
148.652
147.891
148.862
144.624
144.316
142.446
143.18
143.589
147.595
147.326
146.961
148.268
145.79
146.113
148.983
148.456
146.271
145.471
145.968
145.977
145.882
144.724
145.016
145.931
148.838
149.362
150.865
151.881
156.458
161.214
161.025
160.361
159.714
159.805
158.041
157.385
156.539
160.617
162.046
164.857
167.625
169.033
172.975
173.719
175.154
178.669
180.758
177.887
179.19
177.266
179.739
176.572
179.024
177.828
180.512
181.697
179.288
181.901
179.169
179.143
183.59
181.537
181.83
179.16
177.798
179.316
179.791
178.394
178.875
178.639
180.258
181.385
178.731
177.812
177.457
172.498
173.099
173.658
171.698
170.589
167.844
168.968
169.937
170.923
168.781
167.914
168.674
167.526
167.373
166.263
164.722
166.518
168.228
