102.095
101.991
102.412
103.228
102.152
103.496
101.537
101.385
103.097
100.922
101.68
101.167
99.9714
99.0918
99.9059
103.107
104.466
104.775
105.282
106.2
107.524
108.912
110.138
109.659
111.297
112.572
112.852
111.996
111.507
113.466
115.166
114.744
113.407
113.331
112.422
113.666
114.13
115.234
114.64
115.696
114.483
115.408
114.766
113.4
114.52
114.075
114.008
114.116
113.937
116.78
115.747
115.862
114.964
118.022
116.347
115.42
113.16
112.498
115.257
114.126
113.193
114.613
113.243
113.774
113.745
113.615
112.475
110.39
111.701
114.659
113.688
111.604
110.745
111.711
111.467
111.177
111.572
113.126
114.713
115.351
117.622
116.951
114.831
114.214
114.695
114.41
117.178
115.43
113.728
113.588
114.926
115.419
115.137
114.171
115.45
112.859
114.984
118.56
116.004
115.171
114.739
115.256
115.989
116.123
116.224
114.83
113.716
115.743
115.942
114.327
112.4
110.543
110.588
107.637
107.668
106.203
105.961
106.675
107.781
109.349
109.307
109.387
106.799
107.389
107.174
107.538
107.499
105.459
107.519
107.939
107.841
110.852
113.375
110.242
110.569
109.976
110.738
108.298
108.623
110.345
110.026
110.451
110.084
109.325
109.815
111.215
110.71
109.033
110.416
111.52
112.415
110.907
110.154
111.11
111.2
112.079
113.046
115.513
116.934
112.283
113.315
114.495
114.393
113.609
112.683
113.777
115.486
112.721
111.311
109.393
107.8
106.26
106.944
106.069
104.875
102.65
101.009
100.087
101.335
101.545
101.528
101.535
101.872
104.01
104.856
107.247
107.801
107.793
105.025
102.94
103.023
102.419
103.206
103.214
103.179
102.803
102.1
102.417
101.817
103.289
103.141
102.611
103.274
103.413
105.557
105.719
105.614
106.889
107.604
106.17
107.522
106.486
107.158
106.995
105.799
109.736
109.243
109.626
111.173
112.011
111.511
111.594
111.719
111.472
111.698
110.477
110.537
108.657
109.731
109.607
112.424
112.032
110.736
111.062
112.776
113.19
115.263
118.464
116.305
117.3
116.293
115.883
115.101
114.276
114.473
115.376
116.138
113.849
116.008
115.244
110.952
110.88
113.541
111.567
109.891
110.249
110.764
112.91
111.981
112.956
113.072
110.361
110.979
111.087
109.839
109.795
109.562
108.772
109.485
107.952
105.408
107.765
107.853
107.178
106.703
106.841
106.211
108.739
108.654
107.579
107.512
105.264
104.934
100.454
100.131
100.207
100.712
101.621
99.9989
101.119
100.618
100.621
100.591
98.5248
99.0101
96.7186
97.9316
97.4776
97.2259
97.3321
96.2427
98.9488
97.8844
99.0467
99.3959
100.742
101.871
101.849
103.129
103.463
104.019
105.131
106.093
103.672
104.148
102.843
103.12
102.62
101.249
100.177
103.734
103.074
102.331
102.006
102.321
103.218
100.35
99.2901
99.3754
100.8
102.967
102.664
103.192
101.412
101.479
103.908
102.909
102.394
104.242
104.766
105.943
105.948
106.675
107.874
108.591
109.189
108.947
108.086
109.57
110.477
110.259
112.191
110.889
109.747
109.09
108.524
108.922
108.174
110.781
109.751
106.384
107.767
107.121
103.832
104.424
103.763
105.001
106.295
105.606
105.3
106.024
105.171
104.659
103.933
103.133
101.944
100.557
100.154
99.3255
99.5897
100.48
100.318
102.257
104.011
102.165
102.628
100.062
101.858
101.489
100.83
100.407
102.33
101.455
102.885
103.648
105.104
104.768
105.2
103.679
104.774
104.881
107.886
109.13
107.592
106.849
106.907
106.757
106.387
105.39
105.525
104.37
104.003
103.207
101.682
99.4619
98.896
98.6921
98.9616
96.5671
96.9059
96.7975
96.9356
97.17
97.1389
99.2186
100.045
99.3806
97.1026
99.7042
99.4625
98.2053
95.7366
94.6648
95.7235
96.2911
94.4597
94.9183
94.6541
95.3467
97.0262
97.8666
97.5936
97.7182
99.0524
99.6587
99.7803
100.272
101.324
100.688
101.15
100.888
101.671
102.229
101.946
103.689
105.113
103.419
104.302
103.273
101.685
102.344
101.146
98.6623
96.5137
96.8674
96.0824
95.9676
96.6854
98.8849
98.2246
98.3257
97.8434
96.8215
96.8329
97.7647
94.8853
96.6402
93.929
92.9141
92.2374
90.3715
89.8079
90.0287
89.627
89.6559
89.7493
91.034
92.8545
91.6939
92.3523
92.0481
92.1721
92.1648
92.7986
94.2307
96.8722
95.4219
95.0149
93.6163
93.5326
92.6779
93.1107
92.5708
93.2977
95.2344
97.2768
97.207
97.0896
97.9719
98.7254
99.4438
99.6344
96.8337
98.2556
96.3545
94.9387
93.298
94.6007
94.1578
93.7311
93.764
94.4299
95.7605
95.5174
94.124
92.0796
91.2247
91.1061
92.3529
92.3289
91.3226
90.3436
90.2999
90.1494
88.8237
89.5305
87.9569
87.6637
86.6679
86.3628
85.32
84.18
83.1184
84.6941
84.2516
84.0833
82.9491
83.7129
85.1016
85.8359
84.2553
83.4872
84.8514
83.2203
83.0992
80.8046
80.4212
80.0839
80.6268
81.8086
82.4317
82.9827
85.1988
85.1528
83.9103
83.963
84.4743
83.6116
82.1978
82.5884
82.4739
83.5048
83.3641
84.7228
86.233
87.6502
88.1571
89.6895
88.6832
87.9969
89.7709
88.3504
90.3225
89.0683
89.5266
91.7366
90.9133
90.7845
91.2135
90.7377
91.2349
90.4518
90.3276
89.0702
87.5515
88.9808
89.8651
89.1334
88.4275
90.4724
