99.9259
98.6404
97.8461
96.2109
95.4775
93.0619
93.4152
97.0105
95.5739
96.2573
95.0601
94.3641
94.2586
95.6676
93.9707
94.1834
90.5691
91.502
89.7236
89.6951
90.4422
88.8716
91.9953
89.7402
88.5745
88.8303
89.6275
89.3065
91.3635
90.0539
86.4119
86.4638
86.8326
85.4222
85.6268
84.4899
84.502
85.0093
83.1945
82.6272
82.1193
81.8777
81.6886
80.9745
79.5275
79.1585
76.5865
77.2571
77.0072
76.0484
76.5133
77.4615
76.8411
79.1423
78.5816
80.0698
81.3327
80.9205
80.8941
82.7598
81.0116
79.2948
79.1995
79.6087
77.7249
76.6161
76.3713
75.6403
76.6334
76.4867
78.5848
78.127
79.6577
79.1124
79.766
78.3798
78.5365
80.0203
78.768
78.1635
78.879
78.012
76.68
76.9146
77.8765
78.2297
79.7838
80.4663
81.4562
82.3761
81.929
79.3627
80.3193
81.478
82.5593
82.4409
80.7018
80.6954
83.107
84.2362
84.149
83.225
83.344
82.9286
81.7407
82.4169
83.4308
85.6864
84.1533
86.5357
85.7238
88.0346
89.2054
86.8955
85.629
86.041
85.8537
87.6835
86.3659
86.3042
86.4697
87.7438
86.3097
86.4877
87.9067
89.3282
89.9886
88.4382
89.7377
87.9573
89.2501
91.1198
89.384
89.7345
88.7004
88.1689
88.9585
90.477
91.7875
91.0986
90.5231
92.1343
91.3979
89.4404
92.8957
93.8893
94.1295
94.9202
94.6336
94.3031
93.3068
92.6176
94.9533
96.4158
97.2796
97.7711
96.1237
97.5136
97.4572
99.9589
100.506
101.213
100.721
99.9665
100.198
101.656
102.729
102.961
102.615
101.67
99.9255
98.5814
99.5771
102.15
101.641
103.111
101.218
100.674
102.189
103.571
102.427
102.109
103.115
101.584
100.108
99.1109
97.9313
96.4104
94.6759
95.3433
97.4229
97.828
96.7603
97.8764
97.544
98.1544
98.2622
96.7824
98.7383
97.5778
96.5351
96.3467
96.6427
95.6359
96.6332
97.3276
96.904
98.6567
97.7785
99.144
97.703
99.3304
99.4207
98.7477
100.868
100.18
102.486
102.725
101.346
101.135
101.201
101.314
99.6522
99.1822
100.52
101.147
100.949
100.212
101.919
102.202
102.385
100.482
100.843
101.663
100.967
100.56
100.639
99.2433
102.137
102.356
103.405
103.993
105.05
104.429
105.118
103.683
104.996
105.335
105.378
101.429
101.348
103.05
101.662
104.359
104.825
105.153
107.633
105.62
105.701
104.793
105.72
106.916
107.843
109.227
108.747
107.943
106.253
102.424
101.444
100.788
99.8281
97.5406
94.1779
93.2246
94.1253
94.8701
94.471
94.5729
93.5469
92.5929
91.1933
91.5327
92.6593
93.0363
92.4342
93.9165
93.862
94.7772
93.0487
92.5514
92.1481
92.4658
92.0466
91.7059
91.5909
94.1122
93.6059
92.4499
91.2599
89.0405
88.7782
87.9178
87.2371
85.933
85.3691
84.9301
86.6727
88.1224
88.2062
87.8254
86.8692
86.8165
87.9966
89.2542
89.312
88.3294
87.5451
85.0394
85.0069
84.6313
83.4398
84.1216
82.3108
84.3799
84.3208
84.7615
87.7003
87.8368
86.4346
85.2024
86.7656
86.625
86.3012
87.0022
85.2961
85.0522
85.33
84.7336
84.5287
86.8044
87.8779
88.4718
88.5853
88.0846
87.1565
86.3442
85.8052
83.5256
83.6689
83.2941
81.2423
81.9541
82.4066
84.0496
85.4603
85.8688
85.479
84.9426
84.1311
83.0982
82.2701
84.7258
81.7796
81.776
82.1077
83.4353
84.2316
85.1069
86.8929
87.426
87.2401
88.0632
86.7681
85.7802
86.7334
84.306
84.4329
84.9333
86.1248
85.026
84.5794
83.8709
84.8526
84.8067
85.1207
85.1474
86.6764
86.9364
86.563
85.5918
84.441
84.1693
85.2529
84.5289
83.0944
84.2941
81.6428
82.1288
81.7498
81.5749
80.7353
81.1809
80.3551
79.4635
80.8065
80.8397
79.846
79.5066
78.6015
76.949
76.7472
75.5052
74.7368
75.2674
74.359
73.0101
73.933
73.0702
73.3613
71.9672
72.2792
72.3134
72.6189
74.6381
74.5613
75.7126
76.2641
75.8242
75.5683
75.3513
76.9002
77.2467
75.9556
75.9572
76.0069
75.9404
77.0216
77.5282
77.1052
79.0423
78.8837
77.8034
76.5222
77.5431
79.2354
77.8803
77.9674
79.3889
79.4511
78.4845
78.4246
78.7605
77.3592
76.8269
75.8485
76.9822
76.3509
74.528
75.2019
74.1527
74.0032
74.4588
73.9326
73.6737
74.0377
73.3443
72.2416
73.3676
73.422
72.5708
71.7088
71.1117
71.7289
72.3994
73.4388
73.6681
72.5304
71.8885
70.8696
70.7728
71.7873
70.8262
69.9921
70.1551
69.2703
69.5197
69.0268
69.9695
71.8174
71.7214
72.8655
73.3791
73.056
74.2749
73.6495
75.4066
74.7827
74.5779
72.397
72.7206
73.9838
73.2488
72.3125
71.7607
71.1892
70.638
69.9159
69.5453
69.9529
69.4799
69.6493
68.7655
68.1039
68.1497
67.8193
66.4096
67.792
68.6962
69.3167
69.6927
70.7157
72.3038
73.2157
73.4111
72.7229
71.7548
71.1697
71.2829
71.4051
69.2611
69.4424
68.7803
69.5853
70.5677
70.4519
69.1799
69.6514
67.7337
68.2809
69.5276
70.2464
70.586
70.0725
70.9547
70.6695
71.0419
70.5949
68.7667
68.7817
68.1326
68.2768
66.9849
67.1664
67.555
69.0469
69.217
70.2048
70.4283
71.4056
73.8647
72.408
73.2124
73.3831
73.1247
74.6911
73.8443
73.5911
73.0469
71.983
71.8781
72.9788
74.0275
74.3123
73.1307
73.9649
74.8624
74.46
73.9554
72.6628
72.8383
73.9015
71.75
71.6621
71.4385
70.418
69.2618
68.8283
68.5268
67.7575
68.0305
66.7398
66.5239
65.8217
65.7251
65.5616
66.136
66.3063
67.7004
67.3089
67.0504
