98.4839
98.8253
97.8592
98.3634
97.3747
97.5136
99.6049
100.932
101.204
100.181
99.5038
100.491
100.835
99.4892
99.2835
99.9114
99.6812
101.084
99.2932
99.2868
100.875
98.8676
101.593
102.554
101.328
102.427
104.057
105.076
106.91
103.692
104.071
101.137
101.011
100.769
100.687
98.8263
101.811
102.36
102.922
101.412
104.459
104.531
103.787
106.163
105.974
105.992
104.171
101.797
103.607
102.694
103.73
102.502
103.228
103.301
103.262
102.287
102.637
101.781
102.607
103.176
102.409
104.775
106.035
106.856
105.89
104.288
103.508
102.171
103.69
103.027
102.846
102.134
101.691
102.503
101.86
102.932
102.625
100.724
102.523
103.482
103.069
103.025
104.58
103.364
103.433
104.252
105.158
105.881
106.499
106.101
106.107
107.456
107.385
106.169
104.803
104.806
102.805
101.848
101.658
103.612
105.546
103.453
103.754
104.23
103.881
104.834
103.594
103.574
103.646
105.369
103.865
103.996
104.372
104.84
104.745
106.304
105.39
107.817
106.818
105.797
105.165
105.739
102.329
102.886
102.615
103.928
105.571
106.468
106.355
105.005
103.728
104.485
106.598
107.459
109.056
109.278
105.312
106.279
106.511
105.946
105.607
106.173
104.11
103.325
103.382
103.377
103.228
101.121
101.094
100.478
97.3991
95.8159
95.0356
93.4332
94.5187
95.4148
94.6593
93.9625
93.2635
90.1707
89.5809
89.1731
88.8257
89.6584
89.0351
90.4868
90.0954
89.5412
88.8502
89.723
89.7378
88.7346
88.0008
86.1756
86.8221
85.6245
87.4023
87.2292
86.4116
86.061
86.2718
86.1294
84.4493
83.8266
82.2097
82.389
81.6723
84.305
84.2396
86.0423
88.0308
86.5304
84.4714
83.362
83.8634
84.2494
84.7019
86.6025
86.2228
87.4372
87.3914
87.9217
88.9919
89.0497
88.955
87.853
87.1759
87.8162
86.9471
87.6198
86.277
85.576
87.6479
87.2048
86.1332
85.1934
82.4498
80.751
81.6278
80.1777
80.7375
81.3612
79.2014
78.2694
78.9169
79.7894
82.1781
81.2567
79.9871
80.7285
80.4008
80.4384
80.6589
81.0863
83.3204
82.6668
83.2799
83.42
84.5175
83.7441
83.6189
83.2333
82.0984
81.6075
81.9285
80.9727
81.291
80.6103
81.1443
81.8727
80.4173
80.8897
80.5531
82.8278
84.357
83.1969
81.148
79.9006
79.6639
78.8256
80.4465
79.9603
79.7356
79.0645
78.9905
79.1304
78.2755
77.7061
78.212
76.9249
78.9507
78.456
77.7738
75.5884
73.5703
74.6787
76.0265
77.0861
78.4507
78.2668
77.6406
76.9485
76.5119
76.4211
77.916
79.1234
79.6899
80.4547
81.4259
81.3289
79.9608
77.7008
77.8018
77.3488
76.7411
77.4178
78.8403
81.0508
78.8257
78.0315
75.5183
75.1189
75.4221
74.8562
75.4116
74.5512
73.5192
73.7886
74.454
73.2729
74.9487
74.4332
74.778
75.4312
75.1605
75.1177
75.1734
77.1822
77.4248
78.1218
79.0868
78.2136
78.6322
76.3338
76.8846
77.4278
77.5836
78.6967
78.1559
78.1195
77.0069
77.0762
77.3138
77.6672
77.2808
77.5196
77.1056
76.7616
75.0864
74.8183
73.8719
73.6999
73.2916
71.5377
70.5868
70.1894
71.2623
72.2637
72.9531
71.6171
72.2934
72.983
71.2003
70.3011
70.8663
70.5601
71.4632
70.055
70.2715
72.7313
71.4836
70.1996
70.2583
67.7247
68.1041
68.0369
65.8172
67.1915
68.8158
69.3392
69.6479
71.0589
69.4786
67.4432
68.2553
68.7617
67.425
67.6588
67.3848
67.0404
68.0991
68.2473
67.3267
67.5775
67.4958
67.6304
68.5877
67.4697
67.6519
67.0991
66.6315
67.8416
68.3011
68.029
67.9337
67.7147
67.6746
67.2679
67.5964
66.3853
66.5353
67.3605
66.4169
67.4848
67.4094
67.2099
67.026
67.2881
66.4383
67.7931
69.0587
71.3012
70.8269
73.3169
72.8936
72.5708
71.2735
72.4194
71.4228
71.2803
72.5768
73.6935
75.1529
75.6314
75.1982
73.861
72.621
71.1057
70.525
69.5462
71.7664
71.2982
71.1424
71.3957
72.7106
74.6626
75.3584
76.4871
76.8639
74.715
75.7763
75.8769
75.6213
75.7972
76.2013
74.824
75.9579
78.1402
77.9609
79.5522
79.0749
80.9471
80.2973
80.1212
79.8353
79.6545
79.3977
81.1844
80.7644
80.9298
84.2632
84.571
84.6033
84.7021
83.2161
82.1226
82.7668
83.6159
83.1665
81.355
80.431
79.8461
79.8074
78.574
78.8903
78.06
77.5123
75.5397
74.6965
75.6029
73.8453
74.4692
74.3577
73.0569
73.4858
73.792
74.4323
75.8966
76.8529
76.0965
75.8578
75.7827
75.8307
76.512
75.3376
75.4729
74.1023
75.7642
76.1212
75.8324
76.0841
75.3808
73.7281
74.1309
73.2168
72.7939
73.113
73.2669
71.541
72.7603
71.2255
69.891
68.4932
68.95
67.8744
67.9065
68.4526
68.9257
68.0156
67.497
65.3791
65.2845
64.2396
63.9975
63.7218
64.1607
64.0587
62.3376
63.6168
63.5144
62.8432
62.1338
61.4796
61.2222
60.9964
60.6365
59.601
60.1383
60.3773
59.735
59.7155
59.6287
59.9079
60.6524
60.6108
61.0642
60.7851
59.8209
59.517
59.3158
59.4269
58.6209
57.5896
57.1313
56.9889
56.8599
57.8489
57.8774
58.8317
58.792
59.1755
59.8868
60.4404
59.5858
59.6969
58.5123
57.7944
58.3479
56.8974
57.1414
56.9308
57.1842
56.6913
56.8597
57.1363
57.6081
57.025
58.1013
58.2302
57.7766
57.4496
57.6623
58.1441
58.4496
57.7096
57.9871
57.5051
58.3023
57.3744
57.4598
56.5692
56.1039
56.879
56.3766
57.3695
56.0253
53.9426
51.555
51.677
50.8349
