97.4755
99.1643
97.1563
94.414
97.0163
97.2327
96.7338
97.9426
100.705
101.203
100.452
102.161
101.925
99.6687
100.179
101.508
102.765
102.891
103.282
105.224
105.443
105.13
104.607
103.74
103.6
104.506
104.276
105.149
104.234
104.314
106.27
107.48
107.419
103.904
106.766
109.213
108.231
106.815
106.799
107.735
110.285
110.4
110.003
108.347
107.227
107.612
108.54
108.9
109.804
110.652
110.466
111.228
107.824
107.787
103.573
103.639
104.764
104.337
106.656
108.85
108.042
108.775
109.008
111.66
111.324
108.605
109.202
108.324
108.512
107.677
107.959
107.526
108.896
111.278
111.912
113.446
113.899
116.22
117.235
116.447
114.643
114.222
114.769
115.02
114.367
114.497
115.869
116.348
117.045
117.469
118.957
120.249
121.798
117.886
120.339
119.976
120.309
120.717
118.766
117.603
116.781
116.809
116.742
114.602
114.186
116.057
116.495
117.299
117.395
118.725
117.875
118.158
114.105
113.395
112.562
111.673
111.396
113.197
112.935
110.327
112.666
113.364
112.726
113.062
113.606
109.839
108.578
108.446
109.461
110.81
111.697
113.241
111.521
111.768
113.709
114.291
113.911
114.862
115.766
115.65
117.208
117.955
117.744
117.038
118.816
117.996
119.479
120.81
120.745
120.383
119.542
120.526
120.261
121.073
121.019
119.627
121.01
121.452
119.411
117.663
119.37
117.723
116.87
115.203
114.083
114.174
114.416
114.411
114.594
116.934
115.253
115.678
114.738
113.82
112.886
114.433
115.421
114.403
115.266
118.054
116.879
115.249
115.866
115.524
116.408
117.11
116.952
114.751
114.901
116.446
116.156
116.189
114.007
114.283
114.907
115.449
115.602
113.796
113.597
114.96
115.478
116.562
116.122
113.411
111.673
112.329
112.732
112.261
111.81
111.258
111.196
109.987
110.467
111.675
112.332
111.075
110.334
108.832
108.35
109.115
108.665
107.858
109.475
109.121
109.36
105.868
104.154
104.59
105.065
104.521
107.407
107.818
108.333
108.983
109.356
109.256
108.15
109.352
110.772
112.192
113.021
112.58
111.392
111.747
111.066
109.674
107.427
107.745
107.795
106.72
106.533
107.214
106.191
107.495
108.744
107.806
109.347
110.153
107.249
107.201
108.119
106.806
106.551
107.249
106.326
106.905
108.054
108.606
108.876
107.343
105.641
105.621
108.418
110.018
108.781
107.966
105.587
104.561
104.445
103.071
100.211
99.936
100.537
101.664
100.328
100.051
101.762
102.978
103.013
103.367
103.38
102.737
103.726
103.852
105.149
104.964
103.756
103.357
101.681
101.273
102.449
102.061
102.239
104.766
104.706
104.681
104.677
105.735
106.603
105.883
105.433
107.747
109.7
111.838
111.84
112.757
114.643
114.156
114.454
113.01
113.442
113.301
112.016
113.24
111.747
114.033
113.256
115.378
115.224
116.655
115.616
115.928
116.365
115.199
116.879
116.066
116.65
120.027
119.664
118.239
118.345
119.481
119.206
118.803
123.453
124.085
126.215
129.246
130.907
132.442
130.555
129.666
130.406
129.2
130.322
128.26
128.635
126.884
125.263
127.69
125.941
127.496
129.052
127.621
129.256
127.115
126.697
126.479
127.098
127.036
126.491
129.621
127.833
130.113
130.21
127.371
127.967
130.172
133.866
134.412
131.481
133.13
131.469
129.95
130.702
127.604
128.114
129.097
131.958
129.629
127.948
127.613
128.421
130.005
132.341
132.351
132.532
131.688
129.631
130.409
130.499
130.33
130.055
130.502
131.462
130.497
131.207
129.494
131.324
132.62
133.452
133.091
130.834
132.482
136.092
135.593
131.798
132.216
131.875
131.142
130.931
131.562
134.631
135.377
135.417
139.91
141.725
139.804
139.717
140.148
141.291
141.658
142.597
140.732
141.204
139.678
138.201
140.622
141.066
142.942
145.613
147.305
149.965
152.149
152.618
156.458
160.337
156.395
157.5
160.932
160.351
158.611
156.451
154.03
152.09
153.388
153.695
152.888
151.873
153.158
158.16
158.401
156.666
157.774
155.961
155.16
156.887
156.552
155.026
156.23
156.099
156.106
156.067
159.518
157.1
159.14
160.153
161.235
159.675
157.411
158.129
157.947
158.481
159.303
159.668
160.336
161.672
161.248
160.626
159.715
160.583
160.083
159.787
159.515
159.015
160.165
159.544
163.526
162.144
162.259
163.471
164.441
162.276
162.21
165.898
168.209
167.382
166.978
163.636
162.04
162.778
160.954
157.773
155.842
158.349
157.977
158.602
158.033
158.178
157.469
163.468
163.597
162.333
162.01
156.226
156.983
158.503
160.086
159.053
161.355
160.102
160.069
163.049
164.608
167.679
165.901
161.764
163.672
164.699
164.32
161.817
163.265
165.26
164.191
165.546
168.751
167.199
165.913
163.205
164.343
167.696
166.474
162.237
160.756
161.696
163.115
160.098
162.048
159.411
159.262
161.203
162.178
165.874
166.956
167.922
164.35
164.885
164.859
165.848
164.475
162.082
161.936
162.012
158.368
158.601
157.813
156.46
158.296
158.949
157.222
154.226
153.461
155.878
155.375
155.836
156.508
158.436
160.908
159.6
157.044
154.881
155.675
151.264
150.115
149.176
150.823
149.612
148.776
146.84
145.881
