97.9717
98.373
98.023
98.0312
97.3197
98.647
97.2522
98.3701
95.9662
97.1348
98.6826
97.7165
94.6276
94.0847
93.9215
95.1734
94.3649
93.9046
95.1253
96.0015
95.7718
96.1548
96.447
94.7704
94.7441
93.8848
91.5568
92.144
90.1522
92.1924
92.7823
93.0476
93.3482
93.9226
92.917
93.3258
94.0535
95.1061
96.9257
97.7369
98.7867
97.6415
97.1511
96.3858
97.8204
99.934
99.5128
97.1946
100.067
99.6395
100.788
99.3993
98.4299
98.04
99.8179
98.8919
100.65
100.273
100.125
98.4456
97.0808
96.8598
96.785
97.5936
96.1108
95.4946
95.322
95.1557
95.4895
96.6251
96.442
98.0733
95.5956
96.2982
95.2532
92.9391
92.4508
92.4614
91.4366
92.8273
93.2501
92.5578
93.5623
93.9078
93.9671
93.8435
93.3399
92.4685
93.1785
93.6751
93.9881
94.4185
94.0135
94.4903
94.7548
92.3658
92.6195
96.0873
96.2138
96.6046
98.7831
97.266
97.8481
100.014
100.159
100.766
103.173
102.571
101.753
102.255
102.367
101.648
101.27
101.999
101.961
101.345
102.283
101.164
103.61
103.734
103.894
105.65
104.074
100.91
101.991
100.799
99.7419
100.805
101.376
101.845
100.911
99.3939
99.9472
99.9258
100.644
98.7616
96.0913
97.173
97.764
97.297
97.8039
96.2014
95.6841
96.6405
95.7744
94.3541
96.3689
93.9787
93.5369
94.0005
92.9249
91.6501
92.3172
92.1398
93.0811
92.8121
93.9686
95.0838
95.2907
95.7765
95.7687
94.7902
94.8851
95.2613
98.3128
99.6625
98.348
98.4453
97.1606
96.7571
97.9091
99.6304
99.804
99.0371
98.5058
98.785
99.5202
100.747
101.494
103.342
101.663
100.937
101.762
101.471
102.407
100.185
101.593
100.949
101.587
102.721
102.872
101.805
102.205
100.765
99.5658
98.2134
98.6877
100.197
101.649
103.606
103.513
103.573
104.327
107.514
108.869
110.324
110.365
110.969
112.254
113.907
114.852
115.94
115.198
112.971
113.497
111.128
110.616
110.308
111.667
110.596
108.724
107.568
107.998
109.432
108.268
108.751
106.968
106.839
107.537
105.555
104.452
102.804
101.747
102.467
102.047
103.188
103.241
102.221
99.739
100.171
103.07
98.6756
97.5994
97.7974
99.2821
102.445
103.04
103.491
102.574
103.371
104.012
104.097
104.573
106.281
104
102.804
102.09
105.55
105.267
105.835
105.065
105.562
107.49
107.097
103.799
104.473
105.107
104.577
103.833
102.265
103.258
104.688
102.889
106.833
106.968
106.837
107.139
109.976
108.531
107.371
109.106
110.613
114.076
113.566
115.717
116.695
117.577
116.84
115.282
116.73
116.458
115.609
114.028
112.159
113.209
113.092
114.099
114.491
111.997
113.275
113.232
113.023
113.437
112.892
111.877
111.58
111.797
112.592
113.727
113.773
113.993
112.739
113.443
113.731
116.369
113.92
115.5
116.416
115.616
115.119
115.436
116.88
118.711
118.515
120.397
119.932
120.957
123.61
121.05
118.146
116.656
115.084
113.983
113.977
113.503
110.954
110.552
112.253
112.233
112.209
111.25
110.035
110.454
111.196
113.554
111.415
109.006
109.51
108.652
109.756
112.566
111.556
112.006
113.511
115.865
115.677
115.914
115.235
115.598
115.835
115.652
115.707
113.447
113.783
113.743
113.97
114.381
113.537
115.151
115.54
115.793
116.849
117.544
118.646
117.205
117.078
118.533
117.513
118.259
118.577
118.753
117.208
116.53
115.467
116.902
116.034
115.388
116.157
118.758
119.53
120.024
120.81
120.466
119.94
117.49
117.862
119.071
119.323
117.423
118.814
119.469
120.049
118.462
116.947
118.955
120.334
121.252
119.439
117.121
116.066
119.444
120.118
117.382
118.58
115.552
114.954
114.129
112.746
111.625
112.725
112.159
110.846
109.877
108.487
108.102
108.941
110.353
110.773
109.076
109.139
109.887
109.496
109.656
108.921
111.024
110.679
109.119
108.313
109.986
111.2
111.69
114.722
116.288
118.762
118.272
117.047
115.922
118.475
117.991
118.883
119.109
118.935
115.399
115.411
114.659
113.422
113.999
112.94
113.794
113.567
113.63
115.273
113.916
111.899
111.515
111.383
111.94
111.549
110.196
110.852
109.925
110.555
110.86
112.647
113.512
113.75
113.877
114.964
115.933
115.835
115.044
114.473
114.998
114.154
113.022
112.552
113.569
111.763
114.143
111.534
113.45
109.64
110.141
107.9
108.657
106.923
108.477
107.876
110.464
108.24
105.929
108.069
108.102
106.995
106.978
108.375
107.452
105.785
104.861
106.356
107.998
107.268
108.403
105.991
107.303
108.027
108.316
108.619
107.482
107.746
106.653
108.55
109.085
106.931
108.212
108.612
107.72
109.766
109.616
109.229
111.816
112.219
111.562
112.06
111.797
109.988
112.332
111.376
112.89
114.025
113.871
112.101
112.019
109.755
111.052
110.39
109.17
106.97
107.727
108.485
109.241
110.806
112.283
110.127
109.352
106.677
107.172
110.174
111.941
114.045
115.02
116.307
116.978
115.434
117.404
114.966
116.037
116.192
117.331
116.932
117.287
118.062
118.082
118.507
117.445
118.444
114.507
115.594
116.127
114.806
115.366
115.429
116.339
116.167
114.005
111.998
110.674
107.956
108.009
106.569
106.146
105.535
106.86
106.062
103.918
106.081
109.378
108.308
108.913
107.057
