100.205
101.299
103.12
104.189
101.691
103.283
105.124
104.12
105.182
106.175
105.672
106.451
108.484
109.1
112.132
113.451
112.733
111.995
112.034
110.697
110.745
109.325
107.634
107.812
107.03
108.671
110.428
109.093
106.113
105.353
105.488
107.885
107.395
106.807
104.517
106.248
104.269
105.888
105.495
107.04
106.627
107.838
109.998
111.784
108.568
109.295
110.053
110.948
111.864
112.385
111.779
112.894
113.9
112.114
112.661
111.749
112.906
114.594
116.998
119.137
121.543
122.094
122.892
121.936
120.87
120.843
120.537
118.482
118.209
116.102
116.063
117.253
116.664
114.529
113.352
112.628
111.381
109.873
110.215
109.229
111.383
110.949
109.963
111.027
111.377
110.843
111.282
108.942
111.047
111.197
111.898
110.589
111.923
108.871
105.729
105.671
106.611
107.099
106.919
105.934
103.998
104.314
102.594
101.386
103.301
104.8
104.393
106.317
106.883
107.262
107.883
108.583
109.338
109.242
107.94
106.944
106.969
109.766
110.171
111.072
112.049
111.57
109.853
111.943
111.584
109.689
110.126
109.682
110.699
111.988
111.824
110.138
109.309
111.763
113.7
112.682
112.446
111.15
109.357
110.793
113.766
112.178
111.057
110.955
109.767
109.26
109.554
110.43
111.917
113.179
113.084
109.512
110.394
111.04
113.599
112.375
112.204
112.03
109.654
111.211
109.914
110.88
112.866
112.848
112.391
111.503
111.668
111.626
112.077
112.065
112.564
110.208
111.414
112.198
112.824
114.288
112.697
111.07
111.839
114.179
113.703
114.567
115.801
116.386
119.918
118.518
120.3
119.121
118.699
117.336
118.353
118.676
118.495
117.864
116.317
118.379
119.456
120.701
121.097
119.603
117.891
118.985
115.949
116.754
115.075
115.883
118.627
116.058
116.028
115.467
116.926
118.027
117.227
118.177
118.372
116.809
116.329
115.626
116.762
119.946
120.14
120.471
120.705
119.708
117.153
115.915
116.95
116.378
117.153
118.092
116.378
116.714
114.099
113.415
113.443
110.791
114.16
113.363
113.816
113.417
113.17
112.578
115.681
117.006
115.524
115.119
115.942
114.332
115.217
114.21
114.383
115.696
116.482
117.442
116.776
118.661
118.457
117.36
117.465
117.809
118.444
121.417
121.255
122.609
121.111
121.02
123.452
124.157
122.965
122.105
123.66
120.239
120.333
121.099
120.265
122.447
124.142
127.495
129.615
131.513
134.018
133.38
134.655
135.006
135.135
137.265
139.037
138.751
139.035
138.672
138.887
139.54
136.847
137.076
138.438
140.067
140.05
139.317
138.912
137.237
136.084
134.084
135.777
135.793
135.584
134.578
134.202
133.026
133.077
133.032
132.518
131.376
129.927
130.066
128.768
127.152
126.77
130.27
128.444
126.993
126.286
127.513
127.091
129.216
128.443
125.66
125.999
126.848
125.854
128.425
128.757
129.242
129.646
128.513
124.979
126.052
124.965
126.121
127.788
128.068
126.856
125.616
129.133
131.738
131.045
132.345
132.837
133.117
132.152
133.029
133.407
131.223
133.096
129.755
129.541
128.306
128.112
129.459
131.136
134.823
134.318
132.689
134.507
133.388
135.335
134.762
133.251
131.518
130.812
132.288
129.256
129.939
129.725
129.767
131.563
132.75
130.431
127.094
131.324
133.458
135.605
135.47
135.748
134.573
131.239
130.663
130.743
128.901
128.839
128.145
129.671
128.096
133.519
135.403
135.665
136.37
133.159
134.039
134.13
132.1
132.012
133.175
134.573
134.428
135.314
133.607
132.333
130.569
132.908
132.032
131.456
129.305
129.241
131.194
132.999
133.303
133.583
133.513
132.659
129.419
126.348
127.482
130.87
133.634
135.124
136.209
135.108
134.219
131.208
133.575
134.567
134.053
135.566
133.907
134.243
134.553
133.934
134.397
133.456
133.56
133.924
134.431
129.909
130.083
127.784
129.993
128.272
126.308
126.071
123.378
124.988
124.238
122.453
126.023
127.079
123.849
122.543
123.43
124.257
122.728
122.646
123.294
123.081
124.165
123.368
125.603
125.903
122.39
124.726
126.753
128.631
128.107
129.328
128.647
130.683
131.694
130.235
128.086
127.953
125.731
126.825
127.875
127.896
125.753
125.884
128.204
127.913
129.296
127.811
127.342
126.459
126.668
127.679
129.708
130.475
133.185
134.968
136.22
134.999
139.2
141.374
142.227
144.41
143.787
142.544
141.09
139.616
139.594
138.519
137.757
137.356
134.69
137.072
140.421
142.812
144.917
146.209
144.196
143.004
138.674
134.276
136.014
138.842
138.607
141.6
140.116
140.177
142.652
144.041
145.539
143.694
142.89
145.194
147.278
146.565
146.625
145.934
146.645
147.808
146.952
151.305
148.8
148.74
149.789
146.434
147.105
149.539
152.924
151.498
152.841
153.202
153.822
149.847
147.199
147.844
149.894
147.996
149.254
144.445
143.1
140.709
137.732
141.74
141.205
142.634
141.769
141.284
141.219
141.697
143.396
142.687
141.903
140.887
144.612
145.132
142.755
142.352
141.326
139.907
139.886
140.782
138.679
134.608
138.327
137.781
137.656
139.256
140.073
139.836
139.416
137.596
135.112
134.634
136.909
133.994
133.631
135.694
131.513
131.159
132.367
