100.588
102.639
101.905
103.55
104.148
102.222
103.562
101.665
102.939
103.004
102.112
102.067
100.017
100.221
102.804
101.763
100.94
100.04
99.1216
96.6834
95.3254
96.1014
94.4284
94.7548
94.8176
95.4452
95.3295
94.7191
94.6082
94.2883
95.9834
96.5075
95.8765
96.1682
96.2612
96.2303
97.4894
98.5272
99.2318
98.9799
98.0787
98.5439
96.7373
96.2413
98.2165
97.375
98.9454
98.168
98.7042
99.1495
103.372
102.139
103.599
103.912
103.147
101.55
102.172
103.336
104.476
104.743
104.786
104.891
105.56
103.79
104.732
102.226
102.841
101.997
101.368
103.093
101.546
101.459
101.537
103.201
102.375
103.312
103.521
102.618
100.286
100.483
100.254
100.496
101.984
102.018
102.604
102.46
101.737
101.743
103.087
104.465
104.588
106.613
106.396
103.884
105.423
102.844
102.4
103.06
103.777
102.684
103.407
103.97
104.083
103.624
101.983
101.798
101.212
103.197
103.972
105.4
105.832
106.512
108.214
108.646
109.539
108.999
107.043
109.184
109.431
110.681
111.452
115.494
114.145
114.31
115.057
113.622
115.2
114.34
113.157
112.712
112.765
112.348
113.163
113.573
111.706
111.301
112.682
111.237
112.323
111.475
112.178
110.952
111.832
110.519
110.662
113.142
112.453
110.287
112.481
110.956
112.467
111.972
111.97
110.566
112.45
111.792
112.101
109.587
110.939
111.152
107.845
105.335
105.751
104.563
104.365
105.018
103.327
104.347
105.056
106.197
102.675
102.538
99.5124
99.5447
98.373
99.4393
98.3818
99.4809
98.8738
97.2428
96.2209
98.6789
97.3983
97.1968
97.1002
97.1332
97.4737
97.5339
97.9533
97.4496
96.686
94.7791
96.4863
97.6384
98.7581
100.292
98.9
97.478
98.1239
97.8897
98.0455
99.1309
97.3978
97.2397
97.5897
96.8797
97.0875
96.1677
94.9572
96.9514
98.5645
99.1683
100.936
100.291
104.07
103.322
104.656
104.248
103.743
104.464
103.271
101.077
100.611
99.5367
99.0117
100.865
101.852
101.596
99.8922
99.7489
99.2573
97.9816
98.3548
98.4786
96.7259
96.9844
98.4272
100.845
102.483
102.266
102.906
103.441
103.732
105.094
104.645
104.736
104.669
103.371
104.876
105.997
103.287
100.632
99.2593
101.176
100.463
101.489
102.419
102.833
104.208
104.398
103.453
101.714
102.046
100.146
101.322
102.443
102.887
102.001
102.84
102.974
103.109
102.616
104.713
104.861
105.196
103.699
103.089
104.413
103.345
102.968
102.078
101.588
100.94
98.5148
96.4067
96.4329
95.6634
97.3189
96.1443
97.6969
95.2927
95.5981
93.8934
93.2731
94.0334
94.5395
95.4627
97.9829
97.1481
97.1929
95.6246
96.8584
97.8802
98.3853
98.7068
97.7881
95.8825
97.1273
95.7657
97.3981
97.7056
98.8396
98.1062
98.3309
97.7324
97.0248
96.9553
96.5559
97.7253
94.9009
94.6553
94.5749
95.5804
97.7191
98.3785
100.495
100.565
99.7564
101.725
101.911
101.443
100.656
101.398
103.052
101.489
100.937
102.118
101.89
102.553
99.4387
100.322
100.142
102.221
99.6241
100.647
100.697
101.927
100.784
101.283
102.807
102.967
100.303
100.978
102.807
103.362
103.639
102.101
98.7472
98.9687
100.696
99.5641
100.031
99.2293
97.7969
99.593
101.475
101.327
101.198
99.1486
99.9621
100.703
100.652
101.306
100.885
98.4879
98.6826
101.501
100.744
99.3245
97.1962
95.6932
92.8507
91.4522
90.6338
90.7223
91.4526
90.4666
89.0953
90.8195
89.9917
91.5436
95.9894
96.9162
96.0455
95.8264
95.5438
96.5429
96.9504
95.1242
93.025
93.0729
92.6105
94.3923
95.0938
95.2864
95.5317
95.5895
95.7161
94.6297
95.2972
95.4667
97.3259
96.0731
97.4515
98.121
98.7027
102.543
102.033
101.156
100.164
100.316
99.9719
100.357
101.011
101.716
102.623
100.257
99.215
100.047
98.4429
99.1757
97.7836
98.8929
97.0226
94.6287
96.0782
96.6786
97.4238
99.6894
99.5175
98.7362
97.4402
95.9966
93.3906
93.0771
93.9112
94.8494
92.2239
91.971
91.6011
91.2828
92.3811
92.8297
94.5367
94.0342
95.5536
95.2685
95.9
97.4868
97.9756
98.5556
99.3554
100.134
100.107
97.3599
96.7006
95.8999
96.558
95.7203
95.5855
97.1776
95.0832
95.8129
95.9228
94.3189
96.8692
96.4202
95.7571
95.6685
95.6101
95.8964
95.0408
96.259
94.8427
94.9065
94.5138
94.5382
90.5505
90.0773
90.866
89.9829
89.7601
91.5103
93.4253
92.6392
94.6394
96.6942
96.0809
97.0567
97.0033
97.246
97.6782
97.275
98.3696
97.8172
98.3183
96.8548
98.2213
99.1182
99.01
99.7128
99.3138
101.088
101.409
99.3937
101.474
103.918
104.163
104.651
105.558
106.012
105.441
103.503
101.919
101.76
102.263
104.024
103.53
104.77
105.886
106.004
105.966
103.789
103.21
107.119
110.251
112.719
112.377
111.108
110.404
108.979
109.852
108.947
107.391
107.713
108.611
107.192
107.556
107.085
105.928
104.463
104.876
105.283
104.215
105.811
104.26
104.36
104.716
103.684
104.172
106.497
104.188
104.227
104.234
104.017
104.175
101.088
100.473
100.764
98.2242
94.3942
95.5424
93.3131
93.7387
93.7277
94.6976
93.7738
93.2423
92.1293
90.8192
90.5237
91.5154
90.5942
91.6797
91.8711
92.2773
91.9092
90.998
89.1181
90.1297
88.9727
93.2632
92.7346
92.94
92.0675
91.8281
91.6572
92.0834
94.3577
92.9466
