98.9214
98.5512
99.5005
101.053
99.8563
100.196
99.9536
100.072
98.5191
99.1363
100.496
100.213
99.5031
98.251
98.4297
98.498
97.9554
98.2285
97.8933
99.4558
97.9865
98.3318
98.7353
99.1903
99.1833
97.8588
99.5906
97.9873
99.3466
99.6655
98.1006
99.1317
99.5417
99.4112
97.9088
96.6911
97.9047
99.0652
98.7567
99.928
98.8693
98.5544
97.369
95.9639
96.0354
95.4657
94.3248
94.0758
95.835
94.8084
93.3329
94.3072
97.0534
96.1623
96.8613
95.5131
94.2909
94.8248
93.9375
95.8835
96.1912
94.3205
94.1697
95.1575
95.2929
96.0152
97.5723
97.6755
99.5025
98.2784
99.5554
100.215
100.34
99.8243
98.6992
98.7089
97.3592
96.2236
97.1592
98.1875
97.4605
96.8296
97.3933
97.7366
96.6378
96.1396
93.6019
91.9018
90.9028
91.5444
90.86
89.8992
90.7497
91.6282
93.1479
91.1289
91.2086
91.8231
92.0572
91.4758
90.4154
89.3855
87.7207
87.069
86.2175
86.3839
86.4566
86.0044
86.639
86.8149
87.5977
87.2108
87.9242
87.2304
87.6774
87.5591
88.7294
88.8229
91.5761
92.1581
91.5919
92.072
92.2347
90.8472
92.8632
90.7099
90.5864
91.3743
91.0617
90.4543
91.2845
90.7997
90.2033
91.9014
92.3513
91.225
89.3695
90.5743
91.3238
91.5633
92.0375
91.7642
92.8939
90.932
93.3662
92.7619
92.1451
91.0145
90.4609
91.0789
91.4313
90.5879
90.0685
92.4122
92.8424
92.0207
92.4649
92.301
92.904
92.9954
91.844
92.437
92.5614
90.5488
92.0661
93.1798
93.1606
94.031
94.7666
95.4945
95.244
95.5626
96.2266
98.012
96.7239
96.3004
99.4456
100.951
101.293
103.037
103.825
105.416
105.336
103.573
104.33
99.4543
98.8749
97.1633
96.7679
93.3577
94.5058
96.0648
97.4141
95.8755
94.3229
92.9733
93.341
92.1199
94.0838
97.5683
98.6394
97.3286
95.3931
96.74
96.1687
94.8298
96.1179
94.9067
94.468
95.4168
96.3678
98.0839
99.1014
99.8897
99.5442
98.7723
98.6233
99.0626
98.6608
98.3549
95.2932
97.8345
99.1343
98.4869
99.1961
98.3782
99.2358
98.6068
96.8134
96.2449
98.1507
97.3671
99.0785
97.976
97.0613
99.4511
100.321
100.432
99.5122
99.793
98.6107
98.8844
99.8284
100.796
101.008
102.715
100.112
99.7227
100.778
98.9539
98.7866
97.9625
97.3235
96.8723
97.8433
100.491
100.533
98.9734
98.7273
99.2019
100.347
99.6073
101.144
102.821
103.988
103.754
103.933
103.366
104.776
103.968
103.65
104.021
105.883
107.561
106.677
106.728
106.934
106.736
106.608
106.538
106.308
106.066
106.455
104.371
104.833
102.929
103.508
104.083
103.453
101.639
102.629
101.462
103.483
104.473
105.158
106.005
104.51
105.556
106.92
107.499
108.596
108.818
108.978
106.881
108.763
108.443
108.263
111.448
113.052
110.854
112.598
113.465
115.533
115.645
115.351
114.605
115.01
115.188
114.787
116.01
114.474
115.289
117.269
117.063
116.981
116.704
115.961
114.708
114.052
115.431
112.139
111.087
110.553
110.623
110.3
111.193
111.436
111.34
110.667
112.741
112.722
114.013
112.184
111.745
111.86
110.995
111.869
111.01
112.092
111.164
113.381
114.421
114.197
115.301
115.351
114.721
115.806
113.664
113.527
114.413
112.456
111.802
110.17
109.56
110.44
111.391
111.15
113.276
113.944
115.112
114.79
113.543
114.374
115.728
114.734
115.49
115.823
115.851
113.995
111.411
109.815
109.926
108.215
108.689
109.484
112.785
111.238
110.883
110.347
111.46
112.274
112.523
110.939
111.959
110.026
110.827
110.017
110.084
111.395
112.037
111.277
112.081
115.409
112.329
112.518
110.021
110.492
112.275
113.435
114.492
115.952
116.875
117.743
117.376
117.323
117.708
116.051
115.234
116.688
117.317
116.468
114.878
115.189
115.562
117.342
114.876
115.382
115.397
115.916
116.193
115.58
119.79
121.947
123.366
121.877
122.927
123.924
124.851
127
128.022
127.635
126.919
125.883
127.209
127.899
127.972
132.666
132.613
134.731
135.44
137.708
137.892
137.458
136.494
135.291
135.431
134.513
134.537
133.041
134.976
134.309
133.344
131.906
133.111
133.245
131.75
130.139
128.046
131.652
130.122
130.503
131.489
128.949
130.606
131.524
132.986
131.936
130.675
128.702
126.911
126.78
124.542
124.861
125.777
125.001
126.99
126.694
129.943
129.747
129.116
127.154
128.729
126.258
128.632
129.173
129.332
129.859
127.295
125.929
127.986
127.904
126.617
128.792
127.882
126.904
124.895
124.629
124.343
123.078
122.03
122.317
122.929
121.752
121.695
122.283
122.802
123.782
122.193
122.158
123.586
121.854
122.262
123.484
125.389
120.969
121.266
122.693
122.494
122.184
122.306
121.559
123.817
124.995
126.305
127.577
126.277
125.436
126.522
127.629
128.819
126.449
122.781
122.329
122.211
124.555
125.371
124.437
125.035
125.127
126.088
123.86
121.767
119.22
120.231
118.594
118.453
117.655
119.061
118.404
118.639
115.225
115.327
114.952
114.395
113.889
110.416
113.175
112.869
110.026
110.865
111.09
109.625
110.909
112.036
111.451
111.467
112.698
112.687
115.248
113.265
113.838
116.241
116.782
117.245
118.31
118.416
119.253
117.979
118.049
119.465
119.791
121.348
125.779
126.093
125.923
127.784
129.068
127.856
127.321
126.467
