100.096
100.355
99.7573
100.263
98.7227
97.5198
98.4875
100.23
101.553
100.541
100.638
100.659
100.456
99.1251
97.7397
96.8453
96.8631
94.5077
92.9074
92.2995
92.3863
90.7741
89.2272
89.1433
90.6839
90.221
91.3759
94.3379
95.5203
95.0843
94.8426
94.5211
94.7038
94.267
94.1982
93.1414
93.4437
92.9989
93.5942
94.4207
94.3922
95.7823
94.5913
95.0802
96.0918
95.6155
97.0693
97.8617
98.1702
98.8115
99.2944
100.169
98.8605
98.5094
98.5593
99.263
99.8901
97.5141
98.4495
97.1259
93.6099
95.1589
96.6289
95.9301
95.1968
97.8944
97.6521
99.0631
98.0257
98.2468
98.7773
98.0777
96.2573
97.571
99.9273
98.2849
98.8213
100.727
101.617
99.7753
100.539
100.837
101.193
100.167
101.702
101.033
103.575
105.25
101.947
101.771
102.407
101.99
101.835
103.632
105.755
105.971
105.109
106.783
107.371
105.972
103.225
103.89
104.474
106.726
105.603
106.471
107.907
108.112
108.194
107.092
106.124
106.171
108.719
107.488
106.107
107.276
108.215
111.764
111.258
112.02
111.929
111.509
111.701
112.152
110.163
109.252
107.655
105.427
105.64
106.405
107.489
108.987
109.786
108.477
108.695
108.935
108.482
108.737
108.595
108.709
107.908
106.535
105.356
105.445
105.267
103.026
103.862
103.302
102.057
102.303
100.433
101.39
101.812
101.148
101.773
102.287
101.224
101.392
101.965
104.546
103.536
104.081
105.469
105.919
107.139
106.426
105.424
106.288
107.074
107.611
106.905
107.115
107.939
106.996
107.075
108.048
107.337
106.606
106.264
104.258
104.895
104.537
106.43
106.137
106.497
105.097
104.017
103.175
104.891
104.729
101.823
101.147
100.523
100.533
99.1337
97.6921
96.9096
96.2434
97.0641
97.5619
97.228
96.8373
94.1183
95.6797
94.5788
95.9494
96.1681
96.2014
95.3714
94.1084
95.2576
96.2386
96.4629
93.5347
93.4653
93.0031
93.9477
93.696
94.3064
93.5409
91.2744
92.1321
90.1353
89.5255
89.2828
88.4499
88.8066
90.1802
89.3065
89.3906
90.2583
88.577
88.6183
88.4306
88.0122
89.2371
88.1407
87.9402
89.0829
88.4157
85.9907
85.6116
85.0404
85.0445
87.8458
86.1997
87.2588
86.5893
86.6166
86.0038
84.4762
85.2492
85.4576
85.1733
83.8642
83.8518
83.1374
83.885
85.2839
84.0659
82.6735
81.7708
81.5509
83.4226
84.8685
85.2459
86.8677
88.6051
89.86
88.9462
86.3998
86.3176
86.4501
86.9268
86.76
85.8531
84.1066
84.6043
84.1087
84.026
85.8961
85.4466
86.7085
87.7188
88.4824
88.9304
89.8809
89.9068
91.3385
90.3462
91.7504
92.5138
93.1522
93.8951
95.6211
98.5792
98.4605
98.1635
95.3532
95.8504
94.3358
94.8857
94.635
96.1579
97.1806
95.5096
98.3291
99.6627
98.8888
98.0735
95.7426
96.2604
97.726
97.8926
100.097
100.635
101.385
102.871
101.626
100.335
102.866
103.86
103.122
102.895
100.688
98.8458
99.3722
100.768
98.9821
97.1883
98.815
97.3783
95.9648
97.3264
98.7504
100.471
99.9572
101.247
101.802
102.668
101.374
100.908
99.6721
98.7937
101.404
102.432
102.287
101.225
102.52
102.553
104.487
101.935
100.807
101.71
104.854
105.233
106.799
105.873
105.614
103.723
104.182
104.148
101.16
99.2649
98.1534
99.8697
100.317
98.7067
99.2737
99.0599
98.7028
98.1939
95.8499
95.732
96.0299
96.855
96.3908
93.4285
95.432
95.4669
95.9889
94.8533
93.5866
95.7399
97.6198
97.7458
95.6215
95.1585
92.6461
93.2439
93.585
93.314
94.3565
94.8957
94.8218
96.2028
94.9964
95.5166
95.888
96.6807
99.1798
99.9464
100.352
99.8132
100.977
101.079
99.6226
99.3518
100.022
98.9845
100.211
99.9797
99.9121
99.6881
99.9046
99.4231
98.6194
98.7036
98.8122
101.186
101.529
99.3931
101.021
102.772
103.025
106.811
106.472
105.159
105.175
105.35
104.05
103.625
102.363
102.236
99.8529
99.5884
98.8754
97.4076
97.2544
96.9592
95.5173
95.4141
91.7667
92.5278
92.1993
91.7338
89.4272
92.373
94.0578
93.9532
95.5354
95.5011
95.6332
95.5163
94.9604
94.792
94.3312
94.8995
93.9101
94.8577
93.0037
92.5166
91.6965
93.4671
92.3333
91.5784
92.9499
92.4694
94.2108
95.4679
96.4664
97.3719
98.09
98.7414
98.4133
99.0588
97.2359
97.9543
100.019
100.645
102.209
103.94
106.898
108.551
108.808
108.319
108.278
108.858
108.843
109.254
108.183
110.379
109.503
110.438
111.522
112.315
115.181
116.167
114.286
111.252
111.547
113.769
113.599
115.526
114.309
110.92
110.144
109.051
110.671
113.447
112.838
113.982
115.002
116.324
116.244
115.709
114.791
114.566
116.526
116.165
113.073
108.982
109.351
110.261
111.29
112.386
112.092
113.184
113.942
116.735
114.139
114.704
112.735
113.706
114.76
115.269
114.443
113.554
113.141
113.031
116.108
115.987
114.309
113.701
111.572
111.655
111.463
111.869
112.679
115.067
115.169
112.235
112.974
113.726
115.88
114.973
115.222
114.578
113.347
113.719
112.863
115.096
113.869
112.635
113.855
113.143
111.921
110.939
109.756
111.33
110.517
110.957
111.967
113.498
111.518
112.357
111.383
114.55
114.698
114.478
113.428
112.897
113.121
111.35
111.343
112.419
112.326
111.158
110.046
108.384
106.067
105.373
106.188
108.211
108.119
110.224
109.739
107.576
109.391
109.244
