100.179
100.948
99.6479
97.9681
98.7967
97.4173
95.9305
96.6165
92.2077
92.2876
91.058
92.6964
94.1455
95.4386
95.2313
95.9938
96.8594
98.8004
99.74
100.973
100.091
99.6563
97.8747
97.461
96.5016
96.7365
95.1875
91.6955
92.2972
92.0131
91.6561
92.0843
93.2646
92.7031
90.4912
89.2748
89.331
89.3222
90.0055
88.6749
89.9601
88.9733
91.0185
92.129
93.9823
92.9091
92.0157
91.2828
89.9205
90.1498
90.4664
92.6879
90.0741
90.0984
91.0278
91.2324
90.4031
89.1682
88.0562
87.1686
88.1071
90.4362
92.6542
91.6433
90.9915
89.6671
89.1565
87.5222
86.617
88.5451
89.1016
88.3655
88.0775
86.9396
87.3006
86.1616
85.4366
85.2473
84.8934
87.2996
87.8678
86.4601
87.4906
85.4623
85.1554
84.3854
83.6296
84.4816
84.9579
86.0223
85.5748
86.1216
86.3075
86.7358
87.5139
89.5626
89.1186
88.786
89.0273
89.007
87.9733
90.3718
90.8948
92.3245
89.9423
89.4235
87.6132
86.3897
85.6168
86.6484
84.9213
84.4541
86.2516
86.0248
84.4687
85.4254
84.7528
85.4746
84.8119
84.6816
84.1932
84.2891
85.2432
83.8485
83.6671
82.2591
82.0148
82.1064
80.7969
80.8118
80.0989
79.4145
80.1984
81.0585
81.1433
82.0053
81.5056
82.434
81.8567
83.0238
83.7707
83.4558
83.9218
83.656
81.9383
82.4076
80.8128
81.532
81.3504
80.1053
79.5983
80.9552
80.8549
81.3074
82.3731
84.2087
82.8931
84.0415
83.5693
82.9611
84.3685
85.0714
85.4654
84.9022
83.9044
83.4002
86.1117
84.2809
82.8906
83.6939
84.6314
84.9408
84.8722
83.5845
83.2924
83.2754
84.1809
85.5228
83.3256
82.7823
82.0303
81.5267
80.0771
80.3498
80.2531
79.1126
78.9107
79.5348
81.2785
81.5638
82.2484
80.9794
79.9414
79.535
81.9073
82.2178
80.8693
82.0141
80.8128
79.6798
80.2089
79.8265
78.1116
78.3755
77.1409
77.8158
76.3992
75.6892
76.0463
76.0027
74.4906
75.3678
75.9625
75.8412
75.5596
74.2384
73.1018
72.5229
73.0925
73.8657
74.3708
72.3577
72.6983
71.6096
70.711
70.1944
70.4626
71.0824
70.8068
71.4519
72.0513
72.3447
73.3505
73.8803
75.0304
76.5873
76.3336
77.0274
75.74
74.2791
73.5785
74.4852
72.9743
72.3691
70.5045
70.2898
69.931
69.4625
68.5924
68.2771
69.4472
70.0517
69.6097
69.3024
67.9746
67.4342
68.4724
68.5146
68.2862
69.8767
69.0335
69.7713
69.7393
70.3806
71.5226
71.1493
71.736
70.391
71.2724
71.5933
70.6392
70.2098
70.8193
72.5636
74.0177
73.2595
74.0479
73.8047
73.9098
72.117
71.6103
70.0531
70.1581
70.0441
70.3781
70.4897
68.9807
68.8196
68.5823
67.9945
66.9808
65.6798
65.925
66.2974
66.2903
65.0402
64.7012
65.3997
64.6225
65.4273
65.3804
66.5252
66.6773
65.5625
64.2803
63.0308
62.5476
63.1126
62.4621
62.0458
61.0772
60.1374
59.3899
59.7163
59.4192
60.9196
60.246
58.8296
59.6068
60.9061
61.4551
61.0584
60.3044
59.824
60.9657
60.7623
60.3834
59.2742
59.5088
59.3049
60.1353
59.3313
58.3602
57.0726
56.5534
55.4281
55.1652
55.4318
55.1656
54.8084
54.2403
54.5283
54.7125
55.248
55.2769
54.7701
54.6158
55.8173
54.9533
54.01
53.3455
52.7436
53.3508
53.6033
52.9561
53.1292
53.8697
54.3188
53.5465
54.421
55.1021
55.4574
55.014
54.7382
54.1458
53.2923
53.3773
53.17
53.7087
52.8233
52.7888
53.2516
53.9035
54.695
54.7628
55.4389
56.4857
56.8275
56.8547
56.2866
55.8467
55.3242
54.9205
54.8584
54.716
54.0672
54.0509
55.1349
55.6814
54.551
54.1037
53.7634
52.9423
53.2914
54.0487
53.5638
54.2013
53.22
53.785
54.4926
56.5852
55.318
54.606
54.0658
53.8747
53.9325
52.4408
51.5738
52.1551
51.1966
50.3747
50.9691
50.1535
49.2642
48.8121
48.3445
48.0529
47.5248
47.4949
46.7493
46.6577
46.206
46.1127
45.9176
46.3919
44.9127
45.5141
45.7645
45.6797
45.4005
45.1688
45
45.0091
44.0408
43.9355
44.2994
44.6061
45.3311
44.7983
44.5473
44.0409
43.0318
43.2532
43.1927
42.8997
43.0914
42.3511
42.0028
42.1842
42.8328
42.7952
42.9432
42.6574
42.6326
43.1765
43.4683
44.0068
44.3215
45.6686
45.4145
45.9641
45.772
45.3981
45.8044
45.5968
46.3587
46.6507
47.0249
47.2252
46.9555
46.9039
46.5927
46.3364
47.9205
47.4512
47.4642
46.4245
46.0505
46.5471
45.6538
45.5515
46.4247
45.7863
45.0364
45.5245
44.8049
45.0581
44.4526
43.8131
43.9694
44.1017
44.5389
45.3895
45.4209
44.8923
45.4612
45.0024
45.1962
44.8294
44.4451
44.9231
44.9194
44.616
45.2491
44.3464
44.4756
45.4751
44.334
43.8155
44.0195
44.9063
44.6828
43.5103
42.9153
43.2411
42.6573
43.3927
43.6176
43.5615
43.7505
43.9879
43.9127
43.467
43.283
43.3759
43.0592
42.7623
42.1078
42.5391
42.6439
42.2692
42.6136
43.2298
44.1767
44.5809
44.3031
43.762
44.3775
44.2727
42.8328
42.6285
41.4555
42.4979
42.5428
42.9906
43.3197
42.7612
42.6663
43.4027
44.1393
44.1935
45.0213
45.7984
46.5105
47.1338
46.6683
45.9328
46.5785
45.8888
45.747
45.5397
45.2817
43.9995
43.4979
43.4211
42.8464
43.1094
43.4578
44.7698
45.5797
45.3489
45.9671
46.273
45.7874
46.2219
46.6464
46.5299
47.0873
46.9224
46.8638
46.9554
48.0875
49.1256
47.9922
47.9909
48.7833
50.0193
50.3134
50.77
50.0314
49.0647
48.7467
49.416
49.7166
50.0747
49.7012
49.4103
49.2457
48.3082
47.8724
