101.987
100.362
100.249
100.864
102.879
103.094
102.894
101.83
100.083
99.7264
101.455
99.722
99.4907
100.162
101.318
101.677
102.274
105.336
104.994
106.577
105.396
105.397
106.485
106.042
106.214
104.428
106.082
104.164
103.17
103.277
103.835
102.632
104.865
104.261
105.41
106.881
106.958
106.975
106.384
105.785
105.057
105.258
107.462
106.573
109.035
110.201
109.055
107.727
108.351
106.84
107.809
108.877
110.697
109.447
109.581
110.065
108.993
108.595
107.993
109.401
109.43
110.791
112.323
113.367
113.356
113.68
115.912
117.551
115.05
116.791
115.15
116.496
114.031
111.433
114.223
114.669
115.582
116.4
116.432
116.296
114.853
113.078
113.112
114.012
111.47
109.918
111.943
114.109
115.202
112.901
111.769
110.721
110.09
109.226
109.463
108.97
108.981
108.409
106.426
103.655
106.636
105.488
104.892
105.031
103.958
103.987
104.129
103.238
103.778
105.967
108.135
109.549
111.364
109.13
108.776
106.829
107.323
105.016
105.579
107.799
104.177
102.313
103.951
103.506
103.666
103.451
102.141
103.189
101.226
99.3887
99.1786
100.757
103.51
102.916
103.314
101.041
99.3024
101.439
101.399
103.265
104.288
106.497
106.923
107.405
105.892
103.52
103.751
105.172
104.438
103.422
102.505
103.405
102.335
100.675
101.769
101.917
104.77
105.691
102.691
105.343
105.877
107.605
108.144
109.676
112.875
114.793
117.109
116.042
118.826
118.191
117.583
117.144
115.639
114.829
112.405
108.223
107.451
109.577
106.853
106.16
107.58
105.896
107.399
106.597
105.697
105.041
105.013
102.094
101.061
100.56
99.7622
100.216
100.85
100.558
98.8658
97.6321
98.4871
97.7044
97.9026
98.1657
98.6482
97.6819
97.5467
99.2328
95.8894
97.0356
95.2295
94.8417
91.2744
91.2123
93.2691
94.1282
95.29
94.4133
92.9161
91.2838
90.7413
90.9235
90.1008
90.698
89.8091
89.8318
91.7323
92.9479
92.5904
91.1658
92.2932
90.9843
91.542
90.9075
89.5672
90.3271
90.9492
92.0784
92.3847
91.6339
92.1425
91.1585
90.3488
89.9996
89.3274
89.5029
89.4551
90.2605
92.7087
93.4513
92.4618
90.9685
89.7267
91.1963
91.3563
89.8945
88.4185
89.3837
89.7916
89.6493
90.6109
91.8158
91.8683
91.9336
89.725
89.7161
88.2031
88.6884
89.0371
89.2702
89.5691
87.4286
89.0988
90.4088
90.6072
92.0306
92.2013
92.6614
92.6143
91.7801
90.6561
90.7206
92.0692
91.0807
90.1546
90.7976
91.0384
90.7186
90.7109
89.1556
89.1953
89.0017
88.5755
88.7354
89.374
88.7705
88.2023
89.0765
88.7885
89.3385
89.8627
88.9952
88.33
90.8767
93.3219
92.4214
93.1728
94.0196
92.867
92.3678
93.623
93.6178
93.5326
93.5525
93.782
92.6963
91.6713
92.4765
91.2272
91.5075
90.7771
91.1204
92.4736
92.3245
93.1085
92.3091
92.3757
92.9425
94.7627
93.6896
94.1207
93.3292
93.0562
92.6985
92.4622
90.7819
90.5028
90.1984
88.0756
88.3464
89.338
88.5983
86.5227
86.4844
85.8154
84.9265
84.0154
83.6385
82.9036
84.1312
84.4331
84.1459
85.8708
87.4596
87.24
87.0726
87.4162
87.1537
85.6265
84.7841
85.8976
85.435
85.301
83.7103
85.1483
83.2416
81.8823
81.0232
80.9234
79.8143
80.7578
82.06
79.6782
79.7052
79.4622
79.0232
78.0088
76.4272
77.6143
77.3751
77.3328
77.8332
78.4405
78.808
79.0544
77.7698
77.0285
77.4468
78.5342
78.9305
77.3291
78.6695
79.1615
78.0653
78.8959
78.4705
78.8645
78.1171
77.2438
77.9617
77.7758
77.6588
77.6646
78.0397
77.421
77.7308
76.7588
75.0929
75.2631
75.2893
76.1149
73.9078
76.4367
77.5204
76.9248
76.7961
77.2251
78.8588
76.7814
77.4651
77.4594
77.3113
78.1377
77.318
75.7457
76.6161
76.5862
76.8436
77.6737
78.6701
80.1737
80.0332
78.7344
80.9963
80.9002
80.1836
79.7718
80.0788
78.5037
77.7622
79.6786
77.3148
77.2342
78.2013
79.6288
77.7336
76.985
77.8592
75.6903
75.7423
74.4944
75.7455
75.445
76.9636
76.3984
76.5775
76.6064
76.5497
77.8319
78.4134
78.0059
78.2897
78.4618
77.8059
76.4355
76.8974
78.0316
79.4664
80.8502
80.1359
79.4156
80.2446
79.9356
80.1461
79.9306
80.4891
80.7018
82.2807
81.9291
82.1973
81.4973
82.232
80.9149
81.0881
80.3204
79.9923
81.4523
80.8577
80.399
80.1762
79.5407
78.949
79.8087
78.9779
78.7174
76.5958
77.037
77.8692
76.9506
77.1613
77.0366
76.3296
77.0963
76.3926
76.5895
75.6166
75.6261
76.2971
77.7627
76.3809
77.7421
78.8302
78.233
78.0087
78.9227
79.6054
80.6211
79.9871
80.1568
79.8939
79.7239
80.907
82.1483
82.3086
83.4293
82.4152
81.5893
81.0371
81.4554
82.8657
83.1402
84.2033
84.066
83.379
82.8177
83.6127
83.8916
85.4481
83.9777
83.9206
81.4271
79.4813
79.5045
81.808
80.9884
81.8122
80.67
79.8176
79.338
79.3215
80.2837
81.1956
80.8816
81.8688
81.3969
80.7723
82.521
82.379
84.0384
83.1796
83.1516
83.42
84.4397
84.0862
83.7447
84.4552
84.9159
83.1412
80.9473
79.8579
78.7194
79.4481
77.7485
78.5712
79.4524
76.3399
76.2367
75.8729
76.4934
75.7071
75.3263
74.9508
73.5034
72.815
71.9669
69.6408
69.3662
70.0028
69.0896
68.1253
67.4327
67.7795
66.1702
65.6631
66.5948
67.093
67.0736
67.7258
67.8199
67.036
66.7732
66.8614
67.7444
67.7697
