100.266
99.4891
98.0164
98.0968
97.7117
96.9524
99.045
99.9361
99.4932
101.696
100.522
99.958
100.738
101.656
103.303
102.41
101.234
100.514
104.384
102.056
101.577
102.851
102.085
101.443
103.008
100.837
101.676
102.615
103.205
99.9046
100.297
100.515
100.903
99.7803
99.1236
97.8661
96.4278
94.8442
95.6794
95.4668
95.1159
94.3296
94.2642
94.8949
94.3889
94.327
93.599
94.2505
92.6251
91.992
93.4092
92.926
93.091
93.3309
93.0229
93.5601
95.0435
96.1374
97.1656
97.6808
97.7179
98.5685
97.3198
98.4664
99.4159
99.9602
100.381
103.507
100.478
101.727
101.679
102.156
102.631
103.721
102.622
103.405
104.329
104.123
103.681
102.117
102.509
104.254
103.35
106.511
105.358
104.909
103.655
105.45
105.834
106.878
108.34
109.496
108.462
107.269
103.938
104.701
104.471
104.094
104.532
105.248
103.495
104.927
105.112
105.359
105.56
104.644
106.02
104.725
103.919
103.576
103.696
104.16
105.489
104.665
106.965
110.044
108.801
108.244
108.054
107.382
105.618
104.865
106.414
103.933
102.77
103.52
101.726
100.477
100.966
100.95
101.413
99.9729
98.2057
95.3018
92.297
92.3319
91.188
93.4639
93.3129
92.6086
93.4335
94.2583
97.083
97.7794
96.5375
96.072
97.656
98.0076
100.501
101.858
102.305
99.9681
99.966
101.998
103.147
104.209
102.681
101.096
101.385
100.812
99.3006
98.6245
97.9704
97.2447
98.3238
95.7685
95.8895
98.2968
98.4128
99.4826
99.759
101.917
102.499
102.523
101.933
103.591
104.836
104.772
105.07
105.243
104.108
103.76
107.036
105.976
105.02
104.964
105.674
105.831
104.517
103.531
102.131
99.5037
99.5037
100.125
98.4863
98.18
96.9651
95.4417
94.4363
94.0487
94.3584
94.0476
95.4838
95.6084
94.7403
94.8971
93.9761
93.0711
93.1503
93.7589
95.1776
95.7504
96.2396
97.0712
96.6284
95.9368
96.9774
97.2413
96.259
96.2846
95.5361
94.3173
93.8851
95.3969
97.639
99.8911
99.5742
102.108
102.718
101.951
101.668
99.7359
100.567
100.628
101.808
101.262
101.312
102.61
103.14
105.688
106.266
105.928
103.547
102.561
103.464
105.298
104.381
103.133
104.413
103.38
104.54
103.742
103.614
101.936
101.564
99.9164
98.6671
100.848
102.723
102.426
102.173
102.75
103.861
101.798
98.8296
97.7367
97.9953
98.9511
98.2099
99.386
98.3583
98.5359
98.2831
99.5605
100.642
100.884
99.4396
101.169
101.434
101.861
101.083
102.214
102.219
99.8048
101.095
98.7406
97.1575
97.0459
98.806
98.3373
98.2865
96.7744
94.5322
95.6579
96.0075
96.6214
95.4786
95.6313
93.1274
93.2146
93.8887
93.8168
93.7883
92.4127
90.5744
90.1942
91.6906
91.7987
92.9797
90.8486
90.7702
88.8978
90.9326
92.156
91.1135
91.2224
88.6398
87.2927
88.2217
88.3657
88.3624
85.7934
88.0165
86.1816
86.4095
87.2307
86.8536
86.5329
87.6937
87.1902
85.3148
84.327
84.1144
85.1928
84.1889
84.4278
85.6756
84.256
82.4859
84.2593
84.6659
85.5271
86.0383
85.9345
86.2085
88.2503
87.187
87.2875
87.4804
88.6831
88.5884
89.4914
90.7734
91.6865
91.4112
92.3033
93.8941
95.1755
94.2812
94.7418
96.8098
96.3603
96.518
97.2579
96.0317
95.8746
95.0842
95.4579
96.8471
95.5812
96.4402
96.2626
97.0165
95.8817
95.2752
96.2974
96.09
94.6933
93.5604
94.078
95.0436
95.2805
95.7701
95.5108
95.9676
96.8514
98.3155
97.3679
96.9655
97.4812
95.7986
95.1275
94.436
95.0835
94.4107
92.2366
91.9012
90.6063
91.431
91.4787
89.0035
90.4787
89.3957
89.3009
89.8261
89.0646
86.6907
85.9854
86.211
87.0838
88.7474
88.131
88.1308
86.7301
86.9003
85.5393
83.8846
83.7606
85.8026
84.0221
84.2128
86.4664
85.8545
86.3204
87.1984
86.3684
86.2653
86.9958
87.5674
86.7215
87.29
87.6155
86.189
86.6152
87.1654
87.7611
86.9341
89.6034
88.7163
89.2016
90.6613
92.1761
92.7159
93.4898
92.9965
93.1454
92.5482
93.0573
93.2091
93.7704
93.3486
94.5472
94.1231
94.2781
91.118
88.9181
87.5238
88.3004
90.1485
93.1653
94.2817
94.8661
96.4718
96.0202
94.632
94.4204
95.1577
95.2215
94.8172
93.9236
93.082
91.5419
92.4013
92.5118
91.6834
92.0444
90.2862
91.3721
91.2185
91.7799
90.3731
90.5983
92.315
90.614
91.3824
90.8113
88.969
88.6991
88.3132
90.0723
89.6812
90.8898
90.5366
90.7362
89.9668
91.0724
93.1398
94.1279
93.1543
93.8325
91.1259
92.0903
92.8808
93.5862
94.9298
94.8468
96.6271
97.2816
97.2768
99.3509
101.592
100.253
101.965
100.67
99.2849
99.8622
99.5769
98.891
96.851
96.3317
95.0671
95.1028
94.5379
94.7271
93.4166
94.3033
93.4412
93.5042
92.8414
93.405
94.8674
93.6861
92.942
93.8925
94.8899
94.698
92.752
90.3199
89.4367
88.7026
88.1514
87.407
86.8402
86.0505
86.9652
86.4728
85.0736
85.2913
85.2523
84.6037
86.6718
87.3649
86.4973
86.3694
84.6947
84.4501
83.4475
82.2395
83.501
82.7485
82.8944
84.4554
84.7267
86.507
87.3385
87.6681
88.4794
90.1046
88.5598
89.3698
89.713
91.8688
91.2909
90.1225
90.5638
90.4958
91.5843
90.6831
90.3846
89.4571
88.5085
89.6205
88.5834
87.06
86.26
85.4039
84.8087
85.8816
86.0296
87.0225
87.7504
88.3374
87.9108
86.1765
87.0092
86.1506
86.2282
87.0816
87.1455
87.5872
