99.4048
98.8804
99.1971
98.0342
98.5703
97.2502
96.749
96.1922
97.1661
96.2226
95.9438
95.5035
97.2046
95.8027
96.9741
95.6951
96.1025
97.2736
97.2581
98.5828
99.3185
98.5966
98.8297
100.488
99.4551
100.718
97.6867
98.4568
99.6718
99.9213
100.713
101.35
103.046
104.046
102.606
101.847
103.271
102.225
102.135
102.548
102.474
103.137
103.285
101.261
102.085
101.947
101.606
102.339
105.752
105.38
107.302
106.948
105.663
106.099
106.035
105.182
104.398
104.786
105.833
107.83
107.959
108.936
109.392
109.438
107.854
109.335
110.2
111.752
111.322
112.873
114.17
115.068
115.303
115.498
114.79
115.282
113.928
112.561
110.48
111.634
113.498
115.36
114.867
116.452
116.313
118.158
119.492
118.977
117.21
117.81
118.125
117.977
116.945
119.259
119.382
115.836
117.326
116.984
116.5
116.452
115.899
114.851
115.474
114.02
115.809
114.63
117.014
116.682
116.102
113.93
115.22
115.3
112.989
115.518
113.751
114.416
114.612
115.267
114.1
112.323
112.917
112.193
111.821
110.303
110.364
111.74
110.633
111.257
111.955
112.854
111.888
111.033
112.447
111.848
110.164
112.023
113.254
112.366
111.93
112.517
112.052
113.257
113.367
113.851
112.467
115.106
115.474
114.599
113.908
116.506
117.92
117.203
117.371
116.964
115.453
114.065
114.551
114.123
115.031
114.014
112.675
112.812
111.863
113.14
115.057
114.986
114.729
115.025
114.739
116.366
115.92
117.443
117.732
117.83
118.599
116.915
117.184
118.726
118.845
118.115
117.269
116.458
118.429
117.774
116.385
115.593
113.18
111.441
113.476
115.236
113.718
114.445
115.061
113.142
113.883
115.253
114.038
115.033
115.176
113.4
112.185
110.723
110.778
110.415
110.839
112.19
113.091
111.515
108.342
108.347
109.231
107.871
106.82
106.188
102.832
102.555
104.056
105.515
107.395
109.76
110.316
112.676
112.975
114.258
112.353
111.678
112.489
113.085
113.563
112.055
112.297
111.323
110.839
110.813
109.147
108.266
107.509
108.115
107.199
107.811
106.794
106.643
104.501
103.629
105.412
105.572
107.611
108.214
108.402
106.279
106.605
106.086
105.352
104.021
104.235
104.89
105.601
104.509
106.248
106.2
107.873
107.088
107.462
106.65
106.121
107.845
108.82
107.591
108.64
107.96
107.261
105.52
104.01
104.047
104.743
104.38
104.247
101.475
102.299
100.467
101.463
101.417
102.576
101.963
100.702
98.9342
98.068
98.9254
101.232
99.2203
98.429
97.01
96.5842
94.9681
95.0243
96.1204
95.155
93.981
93.7934
94.4925
93.8645
94.1483
92.2589
93.8306
93.6023
94.5527
94.6805
93.9817
95.234
97.257
99.0897
99.896
98.2155
98.6641
98.3512
98.3453
99.2283
100.304
98.7715
99.9214
101.288
100.854
104.09
102.97
103.396
103.183
103.162
102.328
102.483
102.195
101.396
103.841
103.804
103.214
103.92
103.546
104.104
106.473
104.559
104.131
102.355
102.286
101.39
100.24
99.0354
99.5103
101.47
104.124
102.475
103.15
103.176
102.706
103.556
103.006
101.172
99.5994
100.806
102.467
102.827
102.418
102.693
103.154
104.595
101.9
100.332
100.358
99.3697
100.114
101.11
101.606
101.488
100.338
97.2121
95.7804
94.5824
93.9557
94.5982
94.2594
93.6711
92.1563
91.3322
92.1816
93.2843
92.2547
92.9832
93.4164
93.2817
92.2468
93.5498
93.0062
90.6175
88.8766
90.4164
91.1376
91.6525
92.3462
93.1315
94.6962
94.2006
94.2231
95.6761
96.3013
95.8204
96.8931
97.1863
98.9834
98.9621
102.003
101.903
102.038
102.722
103.746
103.844
102.953
103.666
102.027
102.815
103.353
104.673
103.768
102.274
104.021
102.846
99.7928
99.072
100.399
100.721
103.104
104.354
104.897
106.249
106.553
106.487
106.125
104.425
103.27
101.841
103.058
101.263
101.05
99.8138
98.1194
99.1454
98.371
97.5923
97.7076
97.9043
97.3769
99.3979
99.1348
98.9377
98.5037
99.9554
99.9988
99.5243
101.024
100.446
100.194
98.6217
98.1652
99.0358
99.8206
99.9094
99.4151
99.4045
98.7494
98.9891
99.1047
96.2561
95.7497
97.3972
98.4243
96.9306
94.3818
94.5994
94.732
94.7246
96.1397
94.9748
96.2281
95.6304
96.8076
99.0472
98.9578
98.8143
98.282
98.9983
98.1361
97.2191
98.2127
98.4908
100.005
98.4463
97.8591
96.4499
95.6237
94.2025
92.1222
93.1138
91.5651
89.3269
89.2976
89.942
91.8439
91.6286
93.6662
93.2185
93.5407
93.0482
93.7019
91.5514
91.08
92.0165
93.5367
94.0277
95.1785
95.0642
95.2765
93.3421
95.1913
94.6241
95.4436
96.5411
96.3017
97.0048
95.4261
99.0666
100.618
101.522
103.426
104.369
104.081
102.738
104.389
104.919
103.171
104.035
102.251
103.886
103.533
102.917
103.038
103.528
103.685
100.994
100.599
100.259
98.1326
98.412
97.5968
99.346
97.7641
96.1134
97.2403
98.2759
98.2431
98.3569
100.406
99.655
100.744
98.6674
98.2663
98.3213
98.4024
97.6634
95.2205
95.9183
97.3952
97.4956
98.5207
98.8605
98.3162
99.0452
100.849
101.889
102.154
102.708
101.881
102.08
103.057
103.166
103.737
102.592
105.365
107.507
107.971
108.636
106.929
108.463
106.834
109.443
107.571
104.533
104.451
103.412
103.234
105.241
102.79
103.177
102.765
