101.327
100.754
99.9674
100.858
99.4532
97.7769
97.1834
96.533
98.161
98.5352
99.9989
99.7083
101.239
102.27
101.151
100.212
100.617
99.6518
101.216
98.5482
98.6743
97.6562
95.7603
95.4505
96.6185
98.0938
98.0457
97.219
96.0096
95.2497
95.7407
96.5334
96.5903
97.8956
99.6447
96.6198
97.2714
97.0868
96.0775
95.3084
96.3772
97.0628
99.0048
99.8098
101.167
101.602
101.16
99.3581
100.339
100.151
99.8109
99.5261
101.018
97.0453
96.6889
96.7247
97.4208
98.6542
98.9489
98.272
97.6395
97.6816
96.8729
97.6778
99.2384
99.5269
97.8362
96.2277
95.9514
96.0618
95.3059
94.4046
95.4381
97.8935
98.2026
97.8734
96.4344
97.9986
96.851
97.4215
98.3547
101.673
100.752
99.5769
98.2149
98.4505
97.8681
96.2509
96.3828
93.9415
90.8766
90.8416
90.4427
88.1266
87.495
87.5063
86.0234
85.3971
86.1651
86.2596
86.4018
86.3748
85.7732
86.1408
86.074
86.3318
88.2439
89.3239
88.6003
89.8071
90.4275
88.4525
88.87
87.3992
88.3651
89.54
87.8007
86.8675
88.6833
90.0502
91.227
91.4345
93.3564
93.4263
92.4423
92.6738
92.9436
93.1511
94.9275
94.6607
95.0258
95.4612
94.0954
92.8241
93.6292
93.6373
92.3014
90.5193
88.3014
89.0415
89.5545
89.0612
89.7387
87.6994
88.9306
89.1951
89.0748
89.2366
88.9816
90.4175
90.9362
90.9792
92.368
93.7836
94.5312
92.146
90.6294
92.0473
92.1095
91.4018
91.8961
93.0902
92.7089
91.8794
91.6993
93.1352
93.2227
93.4165
91.8816
90.851
90.3499
89.6967
90.6205
89.1932
87.0953
87.213
87.1976
88.6583
88.6509
89.437
90.8251
91.716
92.6478
93.7761
94.2813
94.6031
94.152
95.5966
98.5406
99.8505
100.616
102.621
103.713
103.851
104.28
106.384
106.575
105.629
106.176
105.615
105.57
109.019
109.277
106.423
106.98
107.639
109.819
107.619
107.243
106.845
107.91
107.054
105.336
107.502
108.106
106.649
107.14
109.629
108.913
109.462
110.694
112.155
110.596
112.862
114.811
112.106
113.676
114.533
113.536
112.28
113.056
114.367
113.409
114.603
110.772
110.875
112.022
113.36
113.567
114.248
112.003
112.719
111.906
113.962
110.622
109.516
112.748
114.503
116.403
115.386
116.266
114.945
113.865
112.143
114.388
112.023
113.194
112.329
112.721
113.014
112.631
113.824
114.015
114.241
115.595
114.439
114.656
114.487
115.719
113.518
115.681
114.975
115.887
116.854
116.307
118.957
119.747
121.94
121.587
122.964
122.692
123.223
124.368
123.864
124.715
125.894
125.173
127.606
129.268
128.299
128.098
131.068
132.159
131.991
132.129
130.988
128.927
128.234
126.852
128.257
128.385
131.436
131.868
131.022
129.61
131.93
131.007
131.01
131.406
132.602
133.297
130.822
131.725
129.985
128.934
128.417
128.139
125.75
127.786
128.478
125.461
127.311
129.079
127.722
127.699
128.693
128.172
129.208
130.437
129.871
130.897
129.941
128.806
127.14
125.479
122.5
124.332
123.089
122.014
123.726
122.032
123.704
118.942
116.884
115.324
116.281
116.708
117.708
116.792
118.588
116.56
115.529
115.59
115.917
115.035
116.645
118.249
116.889
116.421
116.492
120.235
119.685
122.702
122.88
123.378
120.464
122.494
123.31
121.135
122.642
122.737
121.65
122.138
122.466
124.117
123.422
123.226
121.951
120.228
118.866
118.229
117.845
118.972
118.969
118.52
117.488
117.347
119.123
117.773
116.618
115.774
113.865
113.963
115.18
116.76
117.62
119.232
116.504
116.561
117.708
117.228
115.956
115.631
117.973
116.616
114.535
112.718
113.307
114.307
114.012
115.326
117.403
117.886
117.957
119.884
119.149
119.607
119.98
121.682
121.992
122.064
122.325
124.225
124.672
126.722
128.772
129.006
127.941
127.401
127.391
125.795
124.933
125.735
127.766
128.287
129.009
129.4
129.861
128.564
130.589
128.383
126.514
126.059
126.413
125.733
125.941
123.586
122.959
122.003
124.385
123.649
126.089
127.582
127.822
127.696
126.396
124.917
125.087
123.351
125.481
125.606
124.61
126.943
126.255
126.318
125.511
125.545
122.514
123.859
126.605
128.709
128.751
125.575
127.627
128.608
130.464
130.189
130.52
129.727
128.361
128.528
131.786
130.287
128.035
128.776
128.918
128.888
126.985
127.909
127.132
125.595
127.745
128.042
128.584
129.618
128.494
132.574
132.85
130.414
131.062
130.128
130.294
131.039
129.497
126.984
126.274
127.642
127.443
127.533
123.946
122.317
119.655
121.217
118.229
117.956
121.12
118.277
118.785
119.795
120.264
120.472
120.8
121.641
122.014
121.908
123.37
123.894
125.224
124.466
124.074
125.25
126.25
124.345
123.64
122.241
120.427
119.91
120.744
121.393
123.116
121.469
120.046
121.442
120.33
119.755
121.376
120.025
119.877
117.45
115.65
116.003
115.267
114.175
112.637
111.617
110.215
109.4
109.756
109.224
108.623
108.915
106.986
106.467
107.083
107.071
108.634
108.166
107.429
107.469
107.458
105.955
105.121
106.344
106.147
106.76
108.673
109.157
107.918
106.574
104.728
103.423
103.474
103.415
104.526
103.524
103.319
101.869
100.696
99.5575
99.3022
101.743
101.468
100.843
103.238
100.924
100.808
101.3
102.741
101.723
103.422
