98.5129
98.6042
99.4256
102.004
103.267
100.495
98.2334
99.131
100.887
101.613
102.393
101.074
101.229
102.459
103.275
104.556
104.046
105.527
107.114
106.304
105.436
106.265
106.391
105.017
104.662
102.85
105.081
105.872
105.338
105.276
106.219
105.867
105.944
103.884
105.147
106.383
107.455
105.194
104.636
102.936
101.747
100.874
102.066
102.251
103.468
102.813
100.088
99.2211
98.1272
100.7
102.429
102.759
102.164
102.38
102.52
100.514
101.38
104.402
104.921
103.944
104.949
105.473
106.516
106.786
104.128
105.245
106.278
107.27
108.11
108.534
108.841
108.138
106.581
107.861
106.336
106.66
105.355
104.764
105.115
104.986
105.852
106.941
110.164
113.08
113.49
111.054
111.621
112.373
114.275
114.671
115.152
115.196
114.239
113.286
111.811
111.247
112.616
113.386
112.987
112.697
112.722
113.862
111.051
111.275
110.879
111.696
112.97
116.258
116.616
118.157
121.716
121.966
119.672
120.607
119.967
117.92
115.985
116.801
116.76
118.513
116.585
116.293
117.185
117.004
117.676
119.227
119.432
118.41
116.207
116.286
115.384
115.341
116.106
116.485
116.822
119.96
117.68
115.16
117.495
114.955
112.877
113.191
110.691
111.098
109.578
110.234
110.048
107.362
104.888
102.896
100.137
100.631
98.0551
96.5803
94.342
95.5505
97.0222
97.2346
96.8277
94.2446
96.3864
95.6955
96.1233
96.4399
94.0616
95.4133
96.2465
96.847
96.943
96.683
96.9473
95.1316
95.3108
95.5517
98.5858
98.7013
99.3663
96.9555
96.6746
96.2979
96.1827
97.8434
97.4482
95.7632
96.4316
95.4456
97.1208
95.9607
95.379
95.1608
95.0169
93.457
93.8181
94.9954
94.1608
96.3059
96.5237
97.0647
98.6158
97.4949
95.6139
94.8938
94.2026
95.7052
95.4967
95.945
96.5423
94.174
95.8909
95.4323
93.5651
94.4531
94.7031
94.54
94.9541
93.8221
93.6551
91.4579
90.6403
91.7681
92.165
90.3602
94.192
95.0874
92.6212
93.1705
93.8043
94.3923
95.6186
92.6154
93.1494
92.5884
92.6801
92.8176
92.1252
92.665
93.0318
93.2329
94.3654
94.1776
93.7226
91.0902
90.3614
90.6851
90.2489
89.5556
89.8835
89.6729
88.3819
89.0708
88.4294
87.9666
89.4959
89.0392
89.8355
89.2638
89.6778
90.9942
89.3293
88.9757
89.396
90.7425
90.2203
88.9214
90.9902
92.1959
91.9795
91.3458
91.249
91.1067
88.971
88.46
88.9182
90.726
89.4237
89.6954
91.196
90.7239
88.6604
88.0108
88.8543
90.2032
91.9129
92.1276
92.7273
93.7069
92.7941
92.9474
93.7673
95.4213
93.692
93.3961
92.8888
92.4011
91.2252
92.3224
92.6613
93.5824
92.9054
91.7683
92.0335
92.5384
94.2678
93.294
93.6512
92.9425
94.0744
94.1482
95.0152
95.925
96.237
95.2371
94.3621
93.6513
93.7311
91.726
93.1065
93.2874
92.9696
93.8857
95.0519
95.2294
94.2109
96.3565
95.7031
96.4098
97.7344
97.3564
98.1239
100.542
100.433
98.8529
99.012
99.4402
100.23
101.781
102.577
102.868
101.808
103.151
104.034
104.485
105.727
106.686
108.213
107.059
107.809
109.165
109.249
110.714
111.505
113.124
113.35
112.547
111.609
110.446
108.29
109.001
110.214
109.991
112.133
111.865
112.66
114.5
114.25
112.749
111.503
111.65
109.823
106.823
108.206
109.035
108.361
108.658
109.508
111.038
109.265
107.164
106.454
107.586
108.025
107.875
107.713
108.079
105.547
105.797
104.865
104.065
102.548
102.641
103.429
101.471
98.1918
101.859
100.633
102.149
102.869
104.721
105.74
103.886
102.83
103.607
104.125
105.229
103.475
103.193
102.636
102.045
101.813
99.4321
98.9954
98.4831
96.9057
94.7132
92.3288
92.0303
90.3846
90.1445
90.0661
90.5425
91.8351
91.8025
91.9078
91.2067
89.9299
89.0462
90.8232
89.8747
91.0294
91.8854
90.5832
90.6977
91.0657
91.5571
91.6526
92.3124
94.0723
94.1187
92.8672
92.9858
92.3475
93.5617
94.309
96.4557
96.5751
95.3652
96.637
96.3161
95.226
97.0828
95.5828
95.743
94.5982
95.1738
94.5755
96.4387
96.5308
97.9659
98.1977
97.2848
96.7075
98.5919
98.6784
100.413
99.5659
99.0897
99.0898
100.475
100.566
101.354
100.637
100.319
100.691
101.951
103.597
104.06
103.279
102.779
101.184
102.567
102.327
101.709
99.7542
101.449
100.758
102.329
102.566
104.542
104.613
103.464
102.869
100.218
99.2622
99.4833
98.6705
98.4982
99.0387
98.6079
98.7133
100.292
100.176
100.291
100.962
102.267
103.872
105.636
105.144
107.51
106.105
105.681
104.414
104.247
104.466
105.055
104.201
103.836
102.478
100.697
102.245
103.121
103.104
103.2
101.863
102.231
101.431
102.671
101.959
100.737
99.2851
101.213
102.941
101.968
103.637
103.597
103.987
104.368
103.419
105.137
102.624
103.478
104.261
106.042
109.414
111.921
113.168
114.057
114.533
116.663
115.581
114.143
114.071
111.993
109.996
109.448
110.603
111.367
114.84
113.986
117.441
116.756
116.635
116.898
116.213
114.711
115.785
115.843
113.504
112.283
113.174
112.725
111.635
110.731
109.431
111.127
115.15
114.446
113.836
116.201
115.43
113.496
116.809
119.157
119.852
119.431
121.89
123.95
124.574
126.651
124.745
124.622
123.225
121.551
119.275
117.594
119.766
121.256
120.279
121.218
122.653
120.338
