101.865
99.9384
100.511
102.46
103.219
103.383
104.22
105.665
108.47
108.809
108.891
108.548
108.332
107.734
107.55
105.942
107.46
105.39
105.079
104.509
104.195
103.997
102.195
104.331
104.884
106.764
105.789
106.978
105.362
104.8
103.964
105.31
105.143
105.272
104.549
103.602
104.171
104.08
104.633
104.505
103.491
102.945
102.37
102.086
101.565
100.288
99.4487
98.419
99.6886
99.6475
99.5432
97.3804
96.6398
96.4917
98.5775
98.7833
99.5572
97.9258
96.679
96.9657
94.9685
94.1621
93.3301
93.3886
91.33
90.9822
90.0379
90.7045
92.0022
92.4506
92.6546
93.8325
92.7761
93.4992
93.9756
93.7072
94.7774
93.6974
94.3545
90.9007
91.6853
89.5446
89.7346
89.586
89.2587
90.8314
91.4601
91.281
89.5585
88.147
88.7645
87.507
86.9382
85.0464
84.6332
83.8832
85.013
83.7453
83.9932
85.3283
85.3325
84.7995
83.5988
84.0994
83.9189
83.1489
82.6245
81.1356
83.182
84.0093
82.3751
82.9662
83.7458
83.7317
84.9949
83.9308
84.3912
84.5679
84.4743
84.9459
84.7778
86.3165
87.4946
87.6418
86.879
86.0434
85.4002
86.1929
87.498
87.0925
85.4365
85.8216
87.0977
86.8526
86.8839
84.4766
83.4566
85.2632
84.8793
84.9847
82.737
79.9125
78.4697
80.3372
79.9325
81.0066
80.9978
81.6354
81.993
82.9987
84.7911
86.5242
87.4109
89.0878
88.1285
87.7536
87.3188
86.6896
87.3863
88.4406
87.2375
86.1838
86.1194
87.7595
86.8968
86.847
87.8136
88.8031
89.03
88.8213
88.0757
88.5382
88.1446
87.4149
87.4848
88.4592
88.686
88.06
88.4984
87.5956
86.8703
86.9597
87.4264
86.0852
86.5954
86.1817
84.4584
83.4701
81.8728
82.9144
82.4394
82.0027
81.5822
81.3523
80.4207
81.2836
81.5312
81.5584
80.5463
81.1767
82.6778
81.9697
83.3534
81.3741
79.6606
79.6528
79.9509
80.5574
80.2827
78.4701
79.419
78.8131
79.152
80.5832
80.6711
81.5901
81.1547
82.7429
82.121
81.1805
78.8428
77.7835
77.3102
75.2981
74.8834
73.5815
72.8955
73.054
73.3479
73.5661
73.8824
76.1355
75.666
75.321
75.8753
72.8204
73.368
74.4959
74.5959
73.9355
73.3227
71.7249
71.2553
71.4208
71.0658
71.6476
72.2541
71.5487
70.6563
71.577
71.7634
72.0963
72.8384
73.1331
72.472
73.2479
73.9562
74.3444
75.4719
75.0201
75.3189
76.844
76.037
77.2711
77.9512
78.8211
78.2302
79.3235
78.3265
79.419
79.8089
81.7369
83.2454
84.5023
83.8924
83.3566
83.5862
83.1639
83.0276
82.4724
84.1112
84.8392
85.5346
87.0969
87.2425
87.306
85.6668
85.5069
85.9873
87.7729
87.3977
88.4982
88.0672
86.8693
87.578
87.588
86.902
86.5075
85.5457
84.9223
85.8151
86.0416
83.6132
83.9165
83.9263
82.5022
83.4903
85.1438
83.928
84.9653
84.747
85.0156
84.3851
83.9759
83.7186
83.4666
81.0571
81.432
81.5595
82.2285
81.7412
82.6373
81.8942
82.4975
83.385
83.5965
84.2233
80.77
80.7917
79.4926
80.0875
80.577
79.1407
78.5075
78.7884
79.809
81.4933
82.5896
82.6634
82.894
83.4977
83.4498
83.1554
84.2194
84.6282
84.3597
85.2691
85.747
84.4469
84.8987
85.4269
85.0642
84.0348
85.1155
86.2361
85.1462
84.2668
84.6216
85.4344
85.7116
84.5448
84.4219
84.7754
85.1319
83.4677
84.0786
82.5022
81.8161
81.3568
81.8392
82.691
82.0922
81.6245
83.5979
83.9335
83.9301
82.1299
82.3856
80.0301
78.6677
77.6344
77.6704
78.8691
79.1019
78.5483
79.3402
79.8221
81.0986
81.7328
82.0773
84.2391
85.5246
84.3318
82.5519
81.1167
79.7097
79.0149
78.8743
78.5689
77.0886
78.0121
78.4568
79.9188
77.9507
78.1508
76.7914
75.349
74.1928
75.8271
75.0674
74.8293
74.3898
74.2763
74.3221
72.1625
70.6575
71.3218
72.1136
73.0006
72.7908
71.4597
72.4791
72.5334
71.4773
71.6611
70.7708
70.3562
70.5206
69.413
70.4852
72.0298
72.0379
71.7205
73.2678
72.2386
72.2423
71.3251
71.3673
72.5584
72.7585
73.0391
72.535
70.9749
71.0494
69.2484
69.4828
69.6653
68.799
67.2792
67.2736
66.7146
65.5764
65.6561
67.3907
68.4348
69.0205
69.723
68.6965
68.2854
68.5356
68.5217
68.6043
68.9403
67.1203
68.8581
69.5452
69.9894
68.2761
67.6974
67.7397
69.2836
68.9035
67.28
66.9073
67.1685
67.4552
67.9301
67.7788
66.8511
67.3653
67.3578
66.3804
66.3559
65.6395
65.1943
65.597
64.203
64.9881
65.3146
64.2456
65.4519
63.0285
62.8132
63.2871
63.733
62.1033
62.7346
62.8887
61.6647
61.3998
60.0146
60.4199
60.3197
60.6196
60.1715
60.0844
61.0372
61.2433
61.76
62.6651
64.4179
65.9157
66.3317
67.3802
67.647
68.4784
69.2094
69.602
70.0796
70.0857
70.1354
69.7098
69.7704
69.6792
69.7362
69.1433
68.9621
67.0614
67.2739
66.7511
67.5725
66.8781
66.0176
66.5655
67.8828
69.6565
69.0462
68.307
69.0173
69.9088
71.3572
72.3335
72.688
73.5165
73.9377
74.1798
76.0696
74.4638
75.027
74.2411
71.8765
73.2351
71.5474
70.6867
71.2401
72.0089
72.945
71.246
71.9852
71.2408
71.5469
71.3293
71.538
71.4985
71.332
72.0525
71.0653
71.1803
72.4361
73.5349
75.9748
77.879
80.1535
78.8236
79.0095
78.0998
79.4671
79.3483
80.1562
80.3109
80.1362
80.7548
79.6808
78.9639
80.0125
78.8854
79.844
79.348
79.2578
80.5768
79.6105
78.4794
79.4537
77.7425
77.5215
77.2338
76.3292
76.4584
75.4746
74.1702
