99.9552
101.819
100.995
101.811
101.523
104.33
105.11
106.579
106.184
104.972
105.728
106.86
107.863
108.751
108.863
110.694
111.06
111.836
110.715
108.87
110.302
110.24
112.16
112.893
113.061
112.438
112.484
113.317
112.223
111.826
109.985
109.826
110.857
113.015
113.243
112.51
112.322
113.292
114.677
115.787
116.566
116.539
116.277
114.972
115.444
115.409
114.458
112.983
114.202
114.55
112.064
110.644
109.612
108.937
108.811
109.711
109.809
111.456
113.361
112.083
109.729
109.648
108.635
107.725
107.888
107.905
107.232
105.618
107.311
105.865
105.288
104.893
105.271
105.062
105.589
105.612
103.738
103.776
105.469
105.407
105.109
106.751
104.998
104.686
103.975
104.071
104.503
105.132
105.534
104.878
105.014
104.877
103.12
102.903
102.357
102.563
100.493
100.783
99.9762
99.2404
101.217
102.485
103.613
103.828
104.086
104.98
104.603
103.419
102.683
103.326
101.371
101.063
103.301
105.946
105.664
106.707
104.659
102.662
103.411
102.69
103.507
102.315
101.007
103.148
104.876
101.931
102.358
102.475
103.709
105.727
105.516
106.667
104.557
104.733
103.091
104.639
104.506
104.034
105.5
105.185
102.664
101.508
101.726
102.216
102.891
105.235
105.695
105.551
104.716
105.835
106.188
102.325
104.723
105.171
104.535
102.995
101.759
101.657
100.401
101.097
100.471
100.63
99.7918
100.382
98.7527
99.0947
101.21
102.452
104.857
104.52
103.058
104.209
105.202
106.933
107.87
110.902
110.243
110.781
111.267
111.923
108.352
105.698
103.543
101.573
99.8408
100.059
101.069
100.69
100.554
98.9399
96.7173
98.7423
98.3321
97.1181
95.4149
93.8477
93.8862
93.3186
94.0566
94.6026
94.7388
95.0632
95.7992
94.1652
93.4333
94.3126
94.9734
94.2641
94.8469
95.2482
92.6833
92.6841
91.3278
91.3272
89.279
88.4239
88.1658
88.7958
88.2844
87.2062
87.1221
84.721
86.5725
84.284
86.0747
86.9668
87.3384
87.3663
88.4868
89.2334
90.1437
90.3062
89.9435
89.5935
89.1921
88.9356
89.1638
87.4335
86.7848
88.725
87.5002
87.5771
87.9958
87.346
88.6869
89.6964
90.6637
91.5145
91.236
91.8726
92.2095
91.9674
91.1631
91.0277
91.3004
92.2329
92.7857
93.781
92.7181
93.8122
94.0835
95.2309
97.6341
97.8747
99.7622
99.1673
100.109
101.23
101.204
100.544
100.734
99.0615
99.3019
98.2943
99.9458
100.065
97.0119
96.5501
93.0285
93.9488
95.4698
97.0404
97.8354
98.1383
98.5079
97.992
96.7123
96.6375
97.782
96.3169
97.9649
98.9855
97.9091
96.5049
95.0587
94.2993
94.0859
93.3887
92.9813
90.5176
90.4065
89.3425
88.2614
88.565
87.6671
87.7243
85.9165
87.0267
85.7851
85.6016
85.6353
85.3902
84.9699
84.6137
85.742
85.7327
85.1992
84.5209
83.8571
83.8862
82.3756
81.9815
81.8464
81.9345
82.6152
83.179
82.6659
85.7298
86.7571
86.2271
85.9555
86.4285
85.59
85.8174
86.1631
86.5799
88.5991
89.724
89.0876
87.2417
85.2453
84.4498
84.3031
84.9034
85.0431
87.6322
87.7819
87.4915
89.4427
89.8577
89.8066
88.9369
90.9142
91.0711
88.2377
88.6813
86.2045
85.9548
85.3557
84.8623
86.3357
86.3806
86.3841
86.9158
87.3414
86.7861
86.1793
85.113
85.8341
85.0655
85.1765
86.6082
85.7973
86.2623
86.3903
87.026
87.8038
86.945
88.5809
87.8573
86.5099
85.7301
88.7395
86.0853
85.9191
85.6421
85.0632
86.9744
87.7142
88.9785
89.153
91.1768
92.2967
92.667
92.321
91.9177
90.1889
91.4852
92.7945
92.4
91.0202
90.2575
89.8054
87.0336
85.6545
84.8493
84.259
84.1119
84.2748
83.444
84.5599
82.2601
80.6036
79.6262
82.5075
81.8875
82.0161
82.4747
82.5599
82.8316
82.7522
84.0282
83.6605
82.8921
83.551
82.3231
83.2569
82.8164
82.1801
80.443
81.3222
81.7935
80.7171
80.8115
81.3796
79.8042
79.211
80.1547
80.9862
81.0668
82.7809
83.6706
82.9461
83.2746
82.611
83.5542
84.6255
83.9757
83.6179
83.0878
83.419
83.9676
83.3059
83.4309
84.0702
83.8286
81.806
81.2674
80.1234
79.5072
79.4063
79.2493
79.4682
77.8026
78.4149
79.319
78.3724
78.9075
78.9554
77.7162
78.0944
77.6883
78.6713
78.5808
79.5365
79.9524
80.9569
81.2497
80.8026
81.052
79.4807
80.6224
81.8416
80.8329
80.7239
81.1399
82.5498
83.2127
81.997
82.749
84.3575
84.5565
85.5121
84.2134
84.7484
84.3363
84.9675
86.055
85.9126
86.3285
85.6861
85.7596
83.858
84.2422
85.6182
86.5107
84.4129
84.2296
84.6915
85.6756
85.6718
84.7364
84.4869
83.3648
83.2231
83.8859
83.2683
83.0399
82.8481
82.096
82.1776
83.6436
84.8686
84.8652
86.2612
84.5805
86.4527
87.231
88.8224
89.3049
88.6528
87.4991
87.0164
87.3391
86.7131
85.8281
86.4001
85.8057
84.9707
83.9893
84.5488
84.8647
82.3034
83.171
83.1872
82.8478
82.3451
82.274
82.6248
81.226
81.2488
80.6562
80.3474
80.6321
81.4304
82.1833
82.2245
81.7009
82.3548
82.3931
80.5496
80.59
81.7246
81.5784
82.3078
80.1541
79.0171
77.9605
78.7143
80.0384
81.6158
81.0764
80.6526
81.1776
80.6303
79.1369
80.9179
79.1572
78.9654
77.8173
77.018
76.5292
76.5733
75.9469
76.1756
77.3258
78.528
78.3241
78.1502
76.78
76.9801
76.6617
76.3995
75.9829
76.355
77.6231
77.7613
77.5936
79.8438
78.1684
