100.446
100.284
100.595
98.7646
98.9057
100.593
101.372
101.077
100.696
100.751
99.0579
98.5746
98.4536
99.6226
99.2728
98.9796
100.418
99.1654
98.9979
98.2442
95.7982
95.9973
95.7379
96.6723
98.6211
98.3706
98.9109
99.8387
98.8307
96.6699
96.1247
95.3588
95.1077
91.6093
91.8802
92.8454
91.8438
91.281
91.2966
94.0438
93.1101
94.1282
95.5628
94.7197
94.9766
96.4836
97.5423
97.8734
98.4739
98.8488
99.965
98.2262
96.9291
98.03
98.8364
100.741
99.0308
99.0258
101.452
101.811
101.51
102.015
98.2607
98.0835
96.0979
97.3029
97.7874
97.1828
96.4108
97.2582
96.3113
94.5719
92.7108
94.4138
93.7864
93.5269
94.9575
94.7123
94.3312
93.2509
92.5129
93.5319
93.4541
94.0436
95.8382
95.9901
95.5717
96.1676
95.8994
95.7438
93.8808
94.0203
94.2786
92.1914
92.7233
92.5051
91.5911
91.244
91.2125
93.2247
93.2088
92.6451
93.2874
92.2331
92.4145
93.1587
90.9255
91.2682
91.5959
92.1582
90.357
89.8824
88.7994
90.4421
90.3476
89.8775
88.8118
89.5225
88.0767
88.9882
90.5467
90.6124
89.0298
89.3644
90.2016
88.6256
87.2434
86.7503
86.2705
87.7008
90.2134
89.575
89.1669
89.5874
89.0313
89.7376
91.4731
89.7916
90.2988
91.2693
92.3404
92.7417
92.725
93.1661
92.7577
92.5111
91.1379
90.5956
90.3585
89.1117
91.7641
93.1857
95.1343
96.0012
94.2816
96.0357
96.6496
96.7787
96.8383
97.6653
99.5175
98.8357
100.414
99.621
102.223
100.419
100.23
98.7758
101.408
101.816
100.947
100.144
100.55
100.635
98.3327
97.4937
99.6835
100.323
98.7463
99.9845
100.333
101.209
103.356
103.668
102.991
103.76
104.443
106.046
106.062
106.571
106.166
103.955
105.072
103.478
102.582
102.606
101.177
100.451
98.1429
96.7936
98.5207
98.2377
98.8425
101.221
102.297
101.385
100.754
98.5177
94.3288
95.7357
94.4667
94.3753
96.081
95.8193
97.0842
96.151
95.1389
95.9991
94.9126
93.743
92.6235
91.3021
92.584
92.5855
90.8133
90.2503
90.0737
91.4471
92.5025
94.4518
93.6851
91.6382
92.087
91.8912
92.6448
91.7916
90.6328
90.591
89.8917
91.885
90.7031
89.3205
89.0578
90.8864
92.4621
92.1686
90.9348
88.9897
89.7801
90.6741
89.4856
88.548
89.1072
89.2265
88.5286
88.3595
89.9045
90.1316
89.1737
87.9957
88.5552
88.2879
89.1593
88.2308
86.0508
87.4304
86.8606
85.849
84.5885
84.9939
86.1705
84.3627
83.5856
83.0374
84.5162
83.8982
83.278
83.7648
84.9985
86.3169
86.7968
86.2322
86.8744
85.6269
85.6943
85.1535
85.2252
83.8823
83.7713
83.0795
83.6771
83.4476
84.0461
84.9882
84.6597
85.3472
82.815
82.7154
81.0176
81.0529
79.6808
79.9759
81.2865
82.0239
82.2713
81.1082
80.4071
82.2322
80.5694
80.9748
81.2797
80.9411
81.0739
81.8258
81.0352
82.1759
82.73
82.538
83.1918
82.1196
81.9462
82.416
81.4789
82.3134
81.8265
81.9089
82.0548
82.4155
80.9385
79.6778
80.8749
78.9836
79.8933
80.292
79.5946
78.8052
79.6801
79.6038
78.1224
78.4789
76.9399
75.9574
76.5355
76.5881
74.5924
75.3062
76.4396
77.283
78.7192
78.7197
77.3362
76.7072
77.5142
76.4087
77.2303
76.6486
77.2607
77.1894
78.2033
77.204
76.334
77.3731
78.8596
78.8186
78.2452
76.6624
75.7701
75.797
75.3679
75.6715
76.7698
76.5464
76.2951
75.3223
74.5811
75.3558
75.0651
74.9881
74.7868
74.4491
74.2772
72.9936
73.4422
72.8259
72.2508
72.6243
71.5561
72.0811
73.7094
73.0669
73.9307
73.2389
74.3388
74.4752
74.5725
74.8267
75.202
72.9195
73.2928
72.5704
72.6533
72.7286
73.8814
74.0718
72.2379
72.6317
72.0061
71.6435
71.8607
72.2349
72.02
73.3084
73.3343
71.7755
71.0684
70.7771
70.3575
71.156
72.6375
71.9191
72.1764
71.952
70.4095
71.6564
71.3717
70.2793
68.6043
68.416
68.9939
69.2866
68.8666
69.3657
67.6469
66.7315
68.0462
67.3622
67.5831
66.8445
66.1636
65.6244
64.0904
62.7718
62.3871
61.7942
61.2281
61.4668
61.3341
60.4281
59.5061
59.4169
58.8166
59.2617
58.2837
57.5136
58.3759
58.665
59.6365
59.2856
59.09
58.5231
57.7273
57.8955
57.8454
57.7896
57.6978
56.9224
56.2548
57.2424
57.4284
56.5684
56.0915
56.0415
56.015
56.4563
55.8935
55.8593
54.8288
55.2254
56.8028
56.0041
57.703
58.2319
57.6893
57.589
57.5496
57.7402
57.4491
57.2497
57.9721
58.5858
58.7357
57.0728
56.3108
56.5634
56.9017
57.5697
57.1124
56.777
57.5894
56.5177
55.51
54.6827
55.3695
55.1454
55.8057
56.1208
55.7715
55.8686
54.6598
54.9349
55.1743
54.5851
54.6525
54.7176
55.456
54.5854
54.5117
55.501
54.7481
54.7794
54.2779
53.8212
52.6076
51.1185
51.3537
50.8538
51.3935
51.2303
51.7132
51.3795
50.2447
50.0487
49.7918
50.638
50.9986
52.0832
51.1147
51.7083
52.7937
52.6179
52.5202
53.3873
52.9939
52.1762
53.4114
53.3666
53.912
54.3506
54.5539
54.5929
54.4137
54.1089
54.692
53.6286
55.3112
56.2609
56.8817
57.1273
56.9899
57.7377
58.613
57.8527
58.4842
57.73
58.1214
57.5271
57.5582
56.6769
55.9081
57.2328
57.1188
58.1455
58.4502
57.2777
56.299
56.9203
56.4226
57.2036
57.5381
57.5445
56.8783
57.6278
58.9318
59.0303
59.7686
59.5692
60.1895
60.0681
58.8573
59.0693
58.1148
58.5562
59.5577
60.2984
60.9882
60.5314
61.073
61.1583
60.8414
61.2533
