101.911
100.259
101.626
100.005
97.9639
97.9102
97.1638
97.0537
98.7163
98.3371
97.2244
98.7347
98.8996
99.0279
98.7958
99.2017
100.946
102.212
101.864
101.875
101.838
104.277
104.278
103.347
102.58
103.077
103.343
99.6533
99.6012
100.807
100.744
100.555
100.335
101.753
103.273
101.778
101.935
101.607
103.183
105.011
105.973
104.696
104.627
106.404
105.573
104.52
104.099
103.821
104.947
104.352
104.499
104.201
103.479
103.926
106.751
105.489
104.978
106.65
106.52
105.995
105.529
107.21
107.921
105.937
107.593
108.021
108.183
106.941
108.774
108.377
108.23
108.659
107.25
109.641
112.36
112.607
111.507
111.883
110.216
108.805
106.962
107.673
106.599
105.946
104.428
105.058
104.404
103.172
104.032
106.036
105.525
106.214
107.253
104.671
105.176
106.592
107.8
108.722
109.847
109.037
108.381
108.229
107.388
105.746
106.114
106.832
108.03
104.261
102.949
103.296
102.947
103.685
105.426
104.216
103.756
103.751
105.184
102.907
105.144
103.792
105.03
106.157
105.179
104.635
105.323
106.759
108.996
107.67
107.031
105.96
106.385
104.808
102.469
101.875
102.237
100.126
101.22
103.61
104.752
105.219
105.866
105.297
103.297
103.818
104.11
106.217
103.16
102.415
105.054
103.727
104.17
103.441
102.414
102.773
101.346
100.679
100.578
100.608
100.55
97.2944
95.7527
96.8245
96.7373
96.201
96.8095
96.5977
98.7159
98.8882
101.022
99.0321
99.2493
98.5043
99.8476
99.7683
99.9729
100.311
100.88
100.601
100.424
100.337
100.422
99.49
99.7537
98.4917
98.765
97.7353
98.4459
97.3039
97.2381
95.8748
98.1236
98.9645
100.235
97.9588
96.5683
95.5164
97.6917
96.6551
96.3595
97.3304
98.2442
99.4757
99.5696
98.1609
97.2139
95.825
96.2376
93.6663
94.7182
95.4466
93.9659
95.1015
95.5387
95.5884
96.3043
96.7911
96.9672
98.0101
97.1114
98.9927
98.3337
99.0446
97.9606
97.2445
99.4375
99.7887
99.2445
99.4029
97.5057
96.3269
95.3447
94.9727
93.6489
92.473
92.8684
93.4935
92.6589
91.9633
91.9444
92.3052
90.7144
90.7915
91.833
92.4528
91.658
91.5615
91.67
90.9149
91.2477
91.973
92.2833
93.1221
94.5007
93.3679
93.2553
93.1975
93.5039
93.7305
93.8253
92.1253
93.0772
91.1257
89.3288
88.3427
88.6691
89.3985
86.4241
85.2217
87.2071
88.1595
88.3303
87.5313
87.028
86.5377
85.8716
86.6773
86.4865
86.987
87.9914
87.535
87.2149
86.955
86.3132
86.1979
87.8158
88.6628
89.3575
88.8023
92.0483
91.5741
90.5019
90.9162
92.2753
91.6648
95.1476
96.5723
97.1627
100.195
102.189
101.704
102.661
101.985
102.291
101.917
103.157
101.172
101.196
99.1998
99.0616
99.4839
100.244
99.2113
100.247
102.313
103.085
104.799
103.906
105.159
103.606
102.435
101.527
101.492
101.734
101.24
101.725
102.634
102.44
103.333
105.634
103.723
103.635
105.604
105.105
104.448
102.854
103.648
103.131
103.555
101.819
101.491
101.58
102.77
102.783
105.387
105.074
105.75
106.327
105.544
102.86
101.087
101.877
101.114
99.5533
99.2195
98.2801
97.7351
97.2866
96.4468
94.8464
93.7757
94.2818
95.9677
96.3009
95.446
93.6614
92.7402
92.1969
93.6087
95.1093
96.0502
99.5164
99.2295
99.8724
103.01
102.202
100.883
100.763
101.253
99.3289
99.4252
98.5326
100.229
99.1748
100.663
98.6609
99.2363
98.0511
99.4494
98.791
97.3072
98.533
99.5068
99.1887
97.3916
97.5034
98.1693
96.4746
97.9438
98.0241
97.8218
98.6281
96.9882
97.6976
97.1699
98.3209
98.2903
97.8758
96.6275
97.524
98.3576
98.8762
99.2314
96.3926
95.1027
96.9851
95.9715
96.3827
96.8042
96.1846
97.9844
98.7921
99.1938
100.037
100.956
101.21
99.8352
98.9219
100.824
102.534
103.97
102.086
102.309
101.565
103.824
104.082
105.513
107.492
109.398
112.494
113.904
115.761
117.189
116.184
117.402
119.32
119.258
122.967
121.732
122.02
122.477
124.393
121.325
124.651
125.247
127.116
125.955
126.283
125.456
126.185
126.375
124.944
124.937
126.691
123.707
125.472
125.752
126.596
123.351
123.142
123.69
123.492
123.891
123.595
125.127
125.644
123.535
125.357
125.114
121.895
121.124
121.244
118.895
119.798
118.339
118.277
117.001
117.258
114.838
116.346
115.455
116.095
116.602
118.494
119.292
119.677
119.132
121.021
120.804
122.334
122.469
122.185
123.651
125.862
125.82
125.714
124.92
125.209
125.991
127.683
126.206
127.938
124.645
125.926
127.312
130.856
129.119
129.762
129.126
129.1
128.884
128.012
130.47
129.434
132.293
133.36
131.904
132.309
131.942
133.399
134.988
137.258
137.152
137.165
138.642
136.873
137.201
136.063
134.607
133.751
133.391
133.018
134.316
132.768
134.52
133.134
132.144
130.654
133.013
134.293
135.105
133.74
133.923
130.428
129.275
129.292
130.904
131.334
131.509
130.445
131.192
131.438
131.227
131.341
129.392
130.376
131.341
131.568
133.393
133.116
131.15
130.33
131.458
129.585
126.001
124.972
125.138
125.7
126.795
128.208
127.056
125.14
125.75
125.855
124.958
125.732
124.143
124.553
125.009
125.58
129.848
130.697
131.787
128.632
127.8
129.436
130.685
131.935
134.804
130.333
132.183
