99.9918
100.166
102.296
102.604
100.368
100.054
100.323
101.907
103.149
103.329
101.784
101.159
103.297
102.649
102.721
101.578
101.118
101.332
102.514
100.323
100.991
101.555
101.946
102.145
101.228
100.759
100.142
99.2262
99.2691
99.9581
102.126
102.696
105.029
104.36
104.16
103.452
103.722
106.161
106.331
106.913
106.648
106.452
107.989
106.648
104.291
103.786
101.317
100.939
101.436
103.027
102.17
102.596
101.022
103.071
102.15
101.653
100.73
102.124
101.968
101.758
103.284
101.486
102.364
100.107
100.505
99.7389
98.6474
101.375
101.943
100.757
99.9683
101.925
103.676
103.32
103.639
102.811
103.202
102.349
104.3
103.856
103.322
103.382
103.727
105.293
104.705
104.747
103.658
102.285
102.606
103.378
102.219
104.256
102.001
102.35
101.619
100.202
97.5443
96.2555
95.9247
96.8418
96.7895
98.7965
97.3537
97.068
97.7455
96.32
94.9793
96.0309
95.2753
95.5557
94.9882
94.9737
94.9221
95.0275
95.7454
93.2337
94.72
96.1468
95.9843
95.2855
97.3018
98.8197
97.7214
96.5186
98.29
97.7519
97.8188
98.9528
103.212
104.042
103.242
102.12
102.4
102.748
98.6641
96.4614
97.0529
97.4642
97.5349
96.5229
95.5047
97.7722
98.508
99.1982
99.1852
99.9659
99.3886
98.9533
100.713
102.421
100.694
98.1657
99.3558
99.5087
100.306
100.717
102.333
103.456
103.174
101.706
101.925
99.5336
98.664
97.3501
97.6986
98.8402
100.369
100.343
101.221
102.341
103.018
102.164
101.008
103.832
103.811
102.784
106.222
107.059
107.762
107.964
108.7
108.509
109.049
109.611
110.757
108.882
108.665
110.964
110.702
111.008
111.277
111.573
113.608
112.65
115.202
114.973
114.346
115.83
118.542
118.328
118.303
117.634
117.138
118.83
121.224
120.156
120.15
119.911
120.08
124.207
123.147
125.222
124.423
127.08
127.56
127.858
128.938
128.542
128.451
129.926
130.153
130.723
129.081
130.663
129.196
131.087
130.135
130.845
131.869
132.475
131.663
132.272
131.359
129.079
128.134
127.566
126.08
126.054
128.791
131.38
129.076
130.949
130.334
128.2
128.685
129.432
130.71
130.475
132.595
130.944
129.466
131.978
130.566
129.902
129.905
132.812
131.083
133.51
131.681
133.783
132.267
131.622
129.354
131.835
134.025
134.813
134.684
134.993
135.817
136.832
135.546
134.694
136.345
136.046
137.767
137.97
140.775
137.907
139.381
135.94
135.127
136.128
131.96
134.345
136.39
134.653
136.939
135.848
135.571
138.448
135.659
136.182
134.197
132.827
132.815
134.424
132.936
134.278
133.823
131.152
130.43
132.625
130.609
129.101
130.827
130.049
129.543
133.204
133.435
136.16
136.541
133.265
134.072
134.511
134.873
135.702
135.915
133.488
132.592
132.519
133.323
130.913
129.208
129.016
127.814
128.403
128.676
126.693
126.851
125.868
123.987
125.083
124.51
121.105
122.965
120.182
122.245
120.206
119.411
119.269
119.027
120.942
119.257
120.436
120.051
119.969
123.329
125.983
125.747
123.198
122.968
124.322
123.589
122.541
123.493
123.559
124.065
124.39
127.807
130.912
129.77
130.34
130.221
131.365
134.071
132.398
132.659
131.633
127.817
126.904
126.919
126.292
124.249
125.904
126.001
125.294
125.222
130.033
129.869
127.348
128.53
128.601
127.065
126.986
126.564
125.679
123.024
124.648
123.096
126.385
125.757
125.3
125.835
124.72
123.176
122.262
125.396
126.576
125.79
124.09
125.003
126.395
128.64
126.07
126.599
126.797
126.542
128.873
129.173
129.019
127.507
126.496
125.152
125.417
123.442
122.694
123.236
123.308
122.927
123.591
124.907
124.712
125.327
126.431
123.138
125.378
123.117
121.436
119.138
118.406
118.312
118.208
116.037
115.196
114.791
114.018
112.188
111.956
113.384
115.136
113.073
115.615
117.542
119.492
118.257
119.451
120.696
121.652
122.299
123.16
122.991
123.168
124.427
126.605
127.216
128.056
124.985
127.221
125.503
123.771
123.933
123.858
125.769
127.668
129.105
126.669
127.473
127.015
125.266
125.699
126.413
126.128
127.314
126.957
126.603
127.155
126.645
125.347
126.993
128.472
131.307
131.408
133.023
131.937
131.363
127.835
123.799
123.326
123.758
123.517
122.64
122.295
123.154
127.495
126.181
127.185
125.338
124.034
127.26
128.163
127.777
129.043
127.791
130.597
128.78
128.049
127.138
129.835
126.932
127.605
129.384
129.507
130.93
131.036
129.383
132.621
131.431
129.417
129.658
129.761
128.829
129.262
129.212
129.129
129.148
130.377
130.138
129.193
129.781
127.07
125.773
126.775
127.91
125.894
123.832
126.898
128.519
131.069
131.099
132.012
131.187
132.689
133.321
135.038
133.808
133.364
133.277
130.94
129.541
130.506
130.477
131.857
135.368
135.658
135.83
137.66
137.458
138.866
138.008
134.358
134.822
136.492
138.048
139.969
138.914
139.077
137.919
139.168
139.662
137.956
137.969
136.435
133.988
133.411
134.291
136.441
132.963
132.594
133.765
134.695
133.849
130.741
129.75
127.866
129.459
130.844
132.736
132.4
136.898
137.38
136.676
134.417
135.774
134.037
131.823
131.656
131.408
128.495
128.865
128.395
