98.4586
98.7824
97.7241
95.2272
95.273
93.2206
93.6944
94.0378
96.6255
97.2226
98.6159
99.3102
98.642
97.8838
97.9877
98.5223
98.1435
97.7772
98.9297
99.9606
100.009
99.4071
99.606
96.5461
94.9984
94.4522
95.2705
92.3756
94.2707
94.4804
94.147
93.0231
93.9944
94.5454
94.0082
95.7028
97.8547
99.0105
98.2625
97.4375
99.709
98.7868
97.3104
99.7107
100.658
98.6545
100.957
101.127
99.3778
100.112
99.0449
99.0943
98.128
98.5256
98.0116
98.318
98.743
98.1428
99.9231
102.288
100.885
100.903
103.372
104.949
108.02
108.743
107.205
108.204
107.723
108.277
106.526
106.423
107.047
107.001
107.08
107.11
103.914
103.76
107.078
105.913
107.289
106.928
106.578
105.26
105.52
105.464
106.506
105.026
108.149
108.598
111.79
111.679
111.535
110.589
110.641
108.638
107.979
107.536
109.649
109.381
106.367
105.505
107.156
107.086
108.706
108.411
105.065
104.71
103.879
100.856
99.8461
98.2881
96.9731
95.6993
96.1168
95.1644
94.2339
95.8316
95.0037
96.5458
97.575
96.8566
96.7393
99.2285
99.4547
98.5385
99.0005
99.7641
99.2778
99.2181
100.743
101.211
102.987
102.096
101.299
101.462
102.383
101.987
103.07
103.882
104.531
107.162
105.787
106.098
104.408
106.715
105.56
104.91
106.85
106.81
106.254
107.701
106.424
106.773
105.198
104.785
103.195
102.956
102.985
103.007
102.931
103.316
102.531
103.066
103.112
102.321
102.781
103.858
103.606
102.776
102.57
101.368
102.474
104.048
101.643
101.993
100.203
100.718
100.697
98.8084
98.8955
96.184
93.984
91.7296
91.683
91.9093
93.3986
90.7612
92.0331
92.4945
92.7769
92.4705
93.9559
94.0389
96.4266
95.5268
94.1708
93.151
93.7101
93.9522
92.9362
91.9975
90.9249
91.2174
90.7705
89.0202
92.4873
91.6645
90.9704
91.9509
90.756
92.2239
92.1784
92.4233
92.1069
92.1058
93.0912
93.6242
92.4522
93.5051
93.416
93.7574
92.9429
92.055
91.9586
89.622
88.479
90.1789
89.491
88.404
88.7263
88.095
88.5229
88.0733
87.868
87.7111
87.8128
89.6919
88.9808
88.8116
88.0802
88.4594
87.4945
86.4858
86.9642
86.5849
87.2378
86.6743
87.5276
87.574
88.4117
87.7276
86.2554
87.1214
87.862
88.9596
89.2072
90.9846
90.386
89.6397
87.9852
88.0333
87.642
88.8481
88.1118
86.9152
88.9526
90.3749
90.6501
91.1337
91.3924
91.4054
90.8637
90.5515
89.0194
90.246
92.0365
90.3147
91.8609
91.6235
90.9839
92.5359
94.7298
95.2331
95.1268
95.1876
93.6056
97.4098
99.0142
96.8595
94.924
94.4807
96.1652
96.0305
94.4396
95.7115
94.9811
95.3227
95.1911
95.2143
94.9401
96.5679
96.2047
95.7218
97.0116
97.0181
95.4569
95.6292
95.4257
94.9693
93.6093
95.4113
95.2466
95.2986
96.1013
97.2168
97.5216
98.2607
97.7429
98.9053
98.1259
100.546
101.296
101.197
95.5793
98.1153
97.7513
97.2116
97.3261
99.3149
100.089
99.3716
99.9801
100.492
103.042
103.857
103.159
102.292
102.735
102.493
100.9
99.3699
98.7395
96.7066
95.5387
95.4776
93.8384
92.7737
92.7578
90.7692
89.9586
90.0204
90.8089
91.7675
90.776
89.8746
90.1
89.9629
89.7388
93.3314
94.3925
96.269
98.5571
99.4516
99.2465
98.5563
98.6906
98.2538
99.8009
100.509
99.567
96.3026
97.4687
96.817
96.1269
94.0678
94.5691
94.7875
95.0158
93.4682
93.9109
93.1779
93.4433
92.6727
91.3784
90.9228
91.2251
92.9947
94.6009
93.9274
96.8751
98.6536
97.4488
97.788
99.2331
99.9763
96.7549
95.6648
96.0688
97.4938
97.3299
96.562
97.043
96.8381
96.0184
95.8014
95.9813
97.1119
98.4124
98.3941
97.9236
97.1703
96.0404
98.475
97.9161
96.6972
95.9825
97.0531
95.9217
95.1449
94.976
96.4626
95.2179
94.1553
94.4495
94.4478
91.661
91.3544
91.1193
92.5425
93.6332
95.6148
96.1864
97.0834
99.0811
99.7048
102.42
101.13
101.455
100.833
102.68
99.5161
97.7883
99.3979
98.2813
97.3066
98.0252
96.5482
94.4539
92.1173
90.6436
90.7128
90.7949
90.7584
90.8397
90.5438
88.4374
87.7208
87.7601
86.0669
85.435
84.9548
83.8845
85.1456
85.6386
86.0566
84.9138
84.6032
86.1557
87.6251
87.8296
87.8654
89.8116
88.6475
88.3408
89.6837
88.5295
88.7001
89.0957
89.014
88.6129
88.2397
86.655
86.8034
85.7138
86.1862
83.3713
82.619
83.0182
83.652
83.6231
82.167
83.2739
84.5179
84.7628
84.9748
84.8416
84.1414
85.6965
85.1015
85.1611
83.852
84.7112
84.9722
85.5803
85.015
85.1878
85.2908
86.977
86.7705
87.5442
88.4992
88.9867
89.9637
87.2601
88.4798
89.1197
89.5893
89.1055
88.1376
87.7847
85.792
88.0956
87.9066
89.7975
88.7232
88.8082
88.3298
87.3126
88.2534
87.5006
88.2776
86.6698
86.147
83.9482
83.4519
83.5284
83.0679
82.6341
82.189
81.9968
82.8278
83.2435
84.1659
85.6357
85.1945
85.8821
85.1374
84.2093
85.1251
85.8721
86.2241
87.4101
85.3026
84.7462
85.5099
85.3677
85.7236
85.2486
87.0106
87.424
83.9575
84.9685
83.8683
84.0687
83.8911
83.8931
83.6602
83.2875
83.359
83.6029
84.2293
83.7726
83.4692
85.2447
83.9891
83.7998
82.8426
82.1346
81.778
79.8571
79.5834
80.2133
82.2062
80.4688
78.9906
81.3643
80.9913
80.4421
82.0534
81.5478
83.19
82.2555
82.7769
83.711
82.1147
81.8877
83.4423
82.6757
83.0246
