100.741
102.465
102.399
104.088
104.292
104.601
105.732
106.702
106.604
108.366
109.557
108.631
108.938
110.094
109.423
109.311
108.911
107.674
108.11
108.496
107.586
106.806
109.057
108.554
109.155
107.816
107.728
107.628
108.361
108.586
110.201
110.28
109.773
110.674
112.656
112.701
111.376
113.433
115.76
116.091
117.237
119.489
118.551
119.995
117.729
117.629
117.515
113.513
112.637
110.636
110.419
112.172
112.907
114.192
114.739
112.779
111.502
110.396
109.741
110.689
112.883
113.399
112.134
113.275
111.295
109.471
109.949
109.279
110.244
113.608
115.608
115.302
116.287
114.37
116.481
114.564
115.314
116.113
118.671
117.631
118.057
117.805
119.053
119.722
118.341
117.343
117.272
118.532
117.732
118.247
118.581
117.027
118.774
119.393
119.755
119.793
117.599
119.043
119.983
120.908
120.349
121.334
122.824
120.48
119.489
117.963
116.868
115.256
113.89
111.509
113.437
114.907
117.134
114.83
113.784
115.27
116.249
117.335
117.443
119.723
122.646
123.036
124.865
127.838
127.743
127.301
127.511
128.231
129.005
130.07
129.202
129.908
131.324
131.651
129.393
128.263
125.294
125.761
127.017
126.024
124.541
123.717
123.56
122.215
122.349
123.471
122.358
125.958
126.646
128.911
129.07
126.173
126.373
126.521
127.242
127.686
127.688
125.588
126.081
123.85
124.702
123.054
122.771
122.688
121.508
122.816
124.551
126.72
126.916
124.465
125.512
125.062
124.866
125.072
123.53
123.102
122.932
122.784
123.692
121.316
121.172
121.612
126.367
127.952
128.291
126.786
127.903
127.432
125.377
123.028
122.575
122.234
124.262
125.709
125.713
124.776
122.48
122.88
122.953
121.725
121.986
121.489
120.106
120.261
117.086
116.456
117.538
118.581
117.341
117.475
117.944
119.089
120.54
122.833
119.697
117.904
118.244
116.919
116.927
117.413
116.875
116.704
117.167
117.277
116.951
117.748
118.275
116.354
112.994
114.741
114.061
113.949
112.987
115.93
114.23
114.744
117.819
115.712
115.388
115.532
116.583
116.518
117.068
116.46
112.68
111.902
110.602
110.985
113.182
115.212
116.24
117.264
121.316
122.094
122
120.88
120.373
121.896
119.484
118.679
119.838
119.368
122.416
121.371
121.274
123.428
125.569
124.116
126.08
127.36
129.337
129.568
130.897
132.883
130.978
130.504
128.944
129.441
130.087
130.246
131.65
129.592
129.159
131.31
135.076
135.897
135.057
134.487
134.968
135.409
132.832
134.597
134.681
132.595
134.268
131.265
134.134
135.787
135.307
132.763
132.289
135.205
136.539
135.031
136.488
134.925
138.051
139.929
138.284
137.588
139.072
137.68
135.859
134.427
132.294
129.646
129.221
130.534
131.523
131.617
132.443
133.669
132.309
134.507
134.926
136.677
137.647
137.172
139.516
139.778
138.413
137.229
139.923
140.055
143.562
144.476
146.67
147.247
145.856
145.38
143.45
143.167
143.385
144.33
145.849
147.81
148.338
148.554
146.552
146.633
142.496
140.736
144.025
145.543
146.149
144.555
146.28
146.357
149.453
146.666
147.493
147.814
147.981
148.72
148.62
145.361
146.436
145.49
144.776
145.776
143.817
144.87
143.992
145.248
142.823
145.971
142.749
143.383
142.563
143.43
143.705
144.198
141.33
141.673
143.256
145.277
145.647
145.731
145.508
144.561
146.255
148.961
147.791
143.658
142.322
139.221
135.49
137.258
135.444
138.809
137.896
138.037
140.373
143.368
146.331
145.266
145.749
145.378
145.98
147.85
147.683
145.094
142.54
142.544
144.57
143.496
139.5
139.273
142.933
142.795
144.438
145.319
144.399
147.218
144.178
145.952
143.679
145.679
146.62
147.637
147.847
148.533
152.756
152.16
150.192
148.16
151.331
153.67
153.155
153.893
153.378
154.14
151.731
152.925
151.298
152.476
152.48
149.667
148.124
148.837
149.344
149.142
147.28
145.892
146.753
143.952
141.932
140.082
141.813
141.115
142.454
143.261
142.319
141.182
141.784
140.051
141.61
139.968
139.528
137.248
136.779
134.098
133.018
135.513
133.985
135.122
136.677
137.285
135.931
136.682
134.183
134.103
134.633
134.779
138.023
136.038
133.477
132.813
130.865
129.735
131.019
131.595
131.448
132.065
133.213
130.181
131.231
128.036
128.901
130.706
127.793
129.452
128.298
127.14
127.868
129.04
133.004
133.156
134.253
133.233
133.361
133.129
134.03
132.379
135.375
136.968
134.382
136.275
137.161
135.135
131.895
133.192
133.601
133.636
134.399
134.045
135.303
135.892
133.856
134.518
131.301
131.408
130.574
131.083
133.219
131.616
130.957
128.783
128.934
128.332
127.617
127.738
127.595
129.131
129.435
131.801
133.864
134.76
132.367
132.543
132.921
134.363
135.468
132.543
133.173
133.499
132.802
130.653
129.645
129.733
129.498
128.744
127.155
125.474
127.243
130.098
130.094
130.668
132.031
130.262
130.069
130.381
131.484
131.882
130.457
128.762
127.329
126.685
125.681
126.639
126.157
123.91
122.915
123.3
122.667
124.622
126.064
126.105
127.344
126.991
129.389
126.879
129.926
131.019
129.858
132.292
131.237
128.154
127.329
129.058
