101.714
101.635
103.06
102.758
103.115
100.804
100.255
101.874
101.084
99.926
99.2989
101.534
100.407
102.413
103.85
104.363
106.058
106.601
107.104
110.164
110.572
111.762
108.747
109.98
110.971
111.475
111.215
111.532
111.157
111.977
111.21
110.742
109.858
110.344
111.097
112.4
111.614
110.894
110.257
110.531
110.11
108.83
108.544
105.484
104.965
103.768
103.714
103.241
102.792
102.846
103.544
100.368
100.325
99.8983
99.0187
98.0413
98.6929
98.891
100.287
99.328
100.645
102.321
101.372
99.1559
97.7645
98.3502
98.7101
97.8113
98.8539
98.5967
97.3792
97.8881
96.1286
95.242
95.4132
96.638
95.8668
95.2845
96.446
96.4063
97.3708
94.6861
94.938
96.4212
97.1636
99.3939
99.8852
97.3984
97.5422
94.9321
95.1852
95.9364
95.6176
96.8682
94.2305
93.6739
93.0501
91.6208
90.9882
90.4775
89.64
89.2431
89.3642
90.1821
90.5459
90.1185
91.38
91.2823
90.9597
89.7413
91.3241
91.1619
89.402
87.7071
88.6232
87.4323
85.8441
85.3708
84.2475
84.8174
83.4872
84.1066
82.8788
84.3471
82.3814
81.5283
81.4196
81.6006
82.0965
81.4442
81.195
81.3642
81.5002
82.3797
83.0339
84.1901
85.0828
84.3665
83.6035
84.2056
83.1459
82.922
82.9594
83.2221
83.2884
84.3695
85.4166
86.6583
87.1366
86.6877
86.7576
87.5046
87.2453
87.5925
87.6366
86.5072
86.3607
85.7835
86.5967
85.5115
86.7328
87.9616
87.3883
86.3167
85.8959
85.7581
87.1709
86.8647
86.3846
85.0629
82.3441
81.8648
81.6875
82.1788
81.8019
81.9515
80.6029
82.1902
83.011
81.4866
81.1737
80.0786
80.86
79.8724
82.0436
79.7222
77.7796
77.8269
78.6846
78.9522
78.7411
77.5557
76.7576
77.0702
76.1992
74.1004
72.6743
73.0961
72.1252
72.8802
73.5512
72.8804
72.4864
72.0888
71.2366
72.2211
72.8798
74.4859
72.8823
72.1338
70.8389
70.1664
71.8879
70.7203
69.2808
68.7701
67.5463
67.4641
67.9387
70.0952
69.908
70.1859
70.8606
70.2175
70.2117
71.5045
70.681
70.1674
69.7507
69.9866
70.3836
70.9513
70.1215
69.1951
70.7874
71.3127
72.9674
71.9154
70.5951
70.5964
70.348
69.15
70.3317
70.8636
70.6185
70.9877
72.4658
71.1209
71.7026
73.1549
72.3799
73.026
72.0454
72.1199
72.3091
72.6741
73.3173
72.4605
73.43
73.4577
73.0831
73.7931
73.3367
73.3958
71.8676
72.9988
71.6606
72.1737
72.4292
71.5614
70.2093
69.9413
71.0133
71.4179
70.9944
70.383
70.8465
70.559
71.2611
71.9461
72.964
73.1902
72.2384
70.5859
71.3688
72.9129
72.8654
72.9813
70.436
69.9444
69.246
69.3879
69.6161
69.4825
70.6493
71.7914
71.4896
71.7098
70.7065
70.7533
71.2754
70.5892
70.0745
69.0819
68.9102
69.3231
69.7249
69.639
70.1225
68.8237
69.1858
68.1283
67.7194
67.9067
69.36
70.2886
68.839
68.7244
69.5915
69.1896
69.1527
69.1757
68.6519
69.3376
69.667
70.2343
69.6321
70.1812
70.5923
72.0823
70.9861
70.9405
70.5964
72.5902
73.1119
73.582
74.2791
74.9589
74.018
74.4387
76.1197
75.5191
74.9305
74.9495
72.6018
73.3668
73.5873
73.1759
72.2946
72.6109
72.9923
71.7736
72.5651
74.4001
74.663
75.8782
75.2593
75.7552
76.6507
76.8437
77.0164
76.9991
76.4152
75.0607
74.4012
73.4476
72.2266
72.9188
72.4626
73.3142
72.0447
71.0366
70.4597
69.8432
70.7037
69.2053
68.7012
69.7523
70.7579
70.8205
72.1597
70.7124
71.6632
72.4141
71.0365
71.1143
71.5186
72.9737
72.8827
73.1175
72.136
71.4387
70.5461
72.1386
73.2075
73.1947
72.6434
71.7044
70.3168
69.2781
70.3734
69.6807
68.6508
68.1259
66.3273
66.8612
65.8316
65.4163
66.7167
67.0083
68.1996
67.7383
67.479
68.0093
66.44
65.7359
66.3352
66.488
66.5409
66.1425
65.8019
65.8845
65.2564
65.0146
64.7721
65.0532
65.1903
65.7607
65.2427
65.7492
64.9444
64.5003
65.8786
66.1006
66.7385
68.5734
69.0372
68.0356
67.2239
65.238
63.5768
63.69
63.6868
63.6412
62.3548
63.1255
63.3182
63.2209
62.6297
62.3867
62.5945
63.2091
62.6615
60.3462
60.3789
60.5963
60.367
59.9309
59.2636
59.0479
59.8593
59.6196
58.0445
59.3439
58.3624
57.3114
57.4828
57.7094
58.4201
59.3031
59.0853
59.3948
59.2472
59.7441
59.7648
60.396
59.3536
58.9256
59.5836
59.7466
59.656
59.5082
60.1096
59.794
59.3528
58.4731
59.594
59.6667
60.244
60.0124
60.1636
60.4354
59.6393
58.9606
58.7443
58.4585
59.2827
60.0016
60.9321
62.0921
61.498
62.3043
62.5938
62.345
62.5042
62.0549
62.724
63.1311
64.032
63.4021
63.7178
63.2817
62.8084
63.1514
62.3309
61.3615
61.0781
60.4432
60.2918
61.0555
60.8468
60.5291
59.7221
59.1796
58.8066
58.0709
58.1658
58.0856
58.2901
59.2621
60.7036
61.3208
59.5219
57.7759
56.8726
56.3547
54.9174
56.5504
54.9987
55.958
57.4773
57.8181
57.9484
56.4291
57.13
57.1812
57.5955
56.6169
56.639
57.4037
57.5538
58.2657
58.4372
59.5654
59.633
59.4203
60.8026
60.9745
60.0799
60.0489
60.3339
60.5854
59.7114
59.2895
59.8883
61.0376
61.3027
60.2344
60.0862
60.9256
60.2873
60.5785
60.4473
60.9734
61.4369
62.5093
62.5611
62.8725
64.4013
64.6947
63.5832
64.7295
64.905
65.0562
64.7963
66.4345
67.4862
68.1868
68.3694
67.1894
67.3943
66.3797
67.6054
67.216
65.8002
65.4875
66.0184
66.0594
67.6179
66.5614
