99.4551
99.865
100.342
102.496
101.314
100.536
99.7459
101.283
101.255
101.802
99.6776
101.418
101.181
101.983
103.452
100.622
99.1749
100.741
101.39
100.439
99.3349
98.4849
97.1387
97.8622
98.898
99.4241
101.093
97.9508
97.1783
96.2078
95.5995
97.1073
95.6085
96.7296
95.8611
94.6551
94.5913
94.5597
95.0289
94.538
92.4955
93.3924
93.4167
94.4792
94.286
93.4424
95.6636
93.3815
94.7867
94.9084
94.4462
92.433
91.6456
91.9796
92.5163
91.7887
91.8182
92.2131
90.0732
91.5076
90.8226
90.8748
89.9312
89.356
88.9099
89.6333
89.8428
89.5435
89.0399
89.4422
89.9167
87.4664
88.6684
89.1266
89.4205
90.7444
90.1863
89.786
90.2173
88.3351
86.5687
89.1091
91.3822
90.5492
91.2976
90.2902
90.1872
91.0192
91.3009
90.3643
91.6839
90.4636
87.3118
86.5159
87.5901
88.4151
88.983
89.033
87.488
87.717
88.7646
87.8672
88.0996
89.4508
89.1691
89.101
89.0763
89.8703
90.0677
90.763
90.5885
91.4077
93.0662
92.8364
91.4633
90.384
90.9279
92.6364
92.9848
91.895
92.5306
92.7798
91.7242
90.5133
92.7747
93.9971
94.1527
93.994
94.8632
94.3773
95.1861
94.9256
94.8798
94.6227
95.3468
94.2545
94.8064
94.2209
93.1985
93.605
93.2058
91.4967
93.3306
94.4811
94.5272
95.2194
93.9708
93.8113
93.741
93.9051
93.5877
94.9273
92.818
92.8471
95.1792
93.5808
92.424
92.5967
94.4874
94.3416
93.6392
94.4219
96.5429
97.6947
98.1393
100.154
99.6221
99.4404
99.4208
98.9669
100.589
101.215
101.924
102.178
101.684
100.943
105.167
105.605
105.865
104.811
107.696
107.078
105.626
106.299
108.942
110.624
110.19
112.327
112.105
111.948
112.29
112.728
114.268
113.056
114.75
115.642
113.392
112.006
108.841
110.411
111.237
112.217
112.138
113.201
114.398
114.356
114.289
115.509
117.756
116.376
118.7
118.525
118.907
116.078
117.081
118.801
118.571
119.293
119.149
117.199
115.999
116.341
116.332
115.531
112.76
112.719
112.687
109.488
111.205
111.751
112.525
113.27
110.341
108.791
107.134
107.75
106.439
108.393
109.217
110.182
109.277
107.662
110.416
109.887
110.245
107.186
108.925
108.895
108.919
107.713
103.466
103.163
103.842
104.35
103.343
104.692
103.479
104.285
103.471
102.644
102.589
103.14
102.891
101.97
101.592
101.661
102.263
100.405
98.9433
98.3972
97.826
95.3439
93.8799
95.7713
98.3573
96.9315
94.3571
93.7103
92.8153
91.7533
92.0422
93.5389
92.8173
92.7869
92.2278
94.0534
94.0101
94.559
93.9487
94.6626
95.4852
95.6544
96.358
94.0811
93.6752
93.2834
94.6398
95.573
94.7292
95.1473
96.1427
95.7244
93.0288
93.1862
92.366
93.026
93.1264
92.632
90.7917
90.562
90.1963
88.8397
88.245
89.6815
88.5236
91.4838
91.3978
90.2598
90.054
91.5188
88.8666
89.5049
90.8155
90.8509
90.8305
91.6403
90.2271
92.3351
93.577
93.4483
95.5111
93.7841
94.5172
93.8555
93.7879
95.7343
96.0763
93.3848
94.3968
94.8235
95.3859
96.2014
97.598
97.2844
96.8244
98.1212
98.9833
100.768
102.103
101.329
101.431
100.589
101.712
103.422
105.554
107.309
107.58
106.644
107.009
105.983
108.662
109.437
109.82
107.97
108.074
109.329
109.994
111.378
110.111
106.819
107.999
107.541
105.87
105.654
104.522
104.566
106.83
110.261
112.136
114.467
114.933
117.213
116.782
116.633
118.561
116.055
115.746
117.832
118.462
119.46
118.981
121.357
120.868
120.306
119.003
118.226
116.492
116.204
117.671
116.378
117.073
117.401
118.078
118.202
117.159
116.824
116.122
115.139
114.215
114.284
114.387
112.257
113.842
114.029
114.113
114.212
115.715
114.501
114.506
117.161
119.287
118.72
118.303
115.387
116.882
119.304
117.807
118.873
119.315
116.949
117.623
117.342
116.903
117.7
117.238
115.226
113.72
113.894
115.104
117.425
118.428
117.21
117.907
119.128
116.115
116.733
116.025
114.264
114.032
114.567
114.81
113.309
113.002
114.026
111.515
111.978
112.278
113.304
110.168
108.51
108.199
109.596
110.081
109.204
108.448
111.136
114.138
114.829
112.791
112.745
110.882
110.916
109.18
108.151
109.467
108.324
108.066
108.579
108.873
109.322
109.095
110.013
107.459
104.887
105.207
106.93
106.215
106.851
106.485
107.85
108.371
107.5
106.418
107.516
107.016
105.585
103.577
103.103
102.666
101.563
101.363
103.121
103.185
101.844
102.286
101.805
104.326
103.222
105.373
104.702
105.693
105.712
106.776
107.886
108.742
105.826
105.942
105.038
104.944
109.188
107.911
109.067
110.245
110.099
110.497
108.506
109.715
109.686
107.984
107.457
105.859
104.411
105.321
107.041
106.786
107.046
106.568
106.71
107.724
108.772
111.087
110.736
112.335
111.859
112.636
114.343
115.786
121.011
119.957
119.987
118.164
120.118
120.665
121.167
121.409
123.699
125.456
125.247
125.429
125.204
125.637
126.709
126.178
128.456
130.763
131.009
134.363
133.588
133.986
133.591
130.414
131.454
132.365
131.759
133.301
137.683
138.002
137.817
137.67
135.95
137.645
139.826
138.744
135.573
136.572
139.839
140.029
138.934
138.947
138.781
140.561
142.397
139.816
140.057
141.209
143.89
144.977
145.841
144.605
144.131
