100.17
101.977
104.535
106.134
105.122
105.587
106.549
106.23
104.831
105.22
105.149
104.68
104.105
102.377
99.6891
101.662
100.149
101.541
100.381
101.827
102.872
103.335
103.689
103.476
103.063
103.306
103.891
103.486
101.441
102.24
100.076
100.005
100.266
100.757
99.8943
99.2071
97.3862
96.5114
97.1066
98.2861
99.3383
100.439
98.9169
99.9966
98.8786
99.5346
99.4647
99.9784
98.9288
100.693
102.435
101.711
101.253
101.522
99.7487
97.4362
96.4032
97.4319
97.9033
96.2787
96.0519
94.6908
95.7951
98.1683
98.1588
99.6359
99.7064
100.207
100.427
100.403
98.8658
99.1634
96.9601
97.7794
100.665
102.859
101.333
101.153
101.073
102.077
102.883
103.052
102.751
101.162
101.857
101.566
100.972
102.107
102.95
101.823
101.57
102.492
102.264
100.814
100.843
102.113
103.273
103.803
105.034
105.109
104.135
101.917
102.259
101.913
103.952
104.828
106.749
108.203
109.222
109.658
110.331
111.746
112.847
111.351
109.784
112.082
109.058
110.983
107.176
106.1
106.5
107.129
106.967
106.682
105.148
104.319
104.572
104.038
104.027
103.01
103.205
103.215
102.524
102.316
102.351
102.925
104.367
104.799
104.951
104.557
104.063
102.003
100.619
100.452
99.9312
98.6122
96.089
95.6808
94.5306
95.8963
94.7826
94.5507
92.3906
93.3108
93.2903
93.4091
93.1961
93.4639
92.7591
92.7898
92.2457
92.5161
92.7999
92.8888
92.5338
92.5812
93.8249
94.2961
93.5819
91.8683
91.0975
91.4154
92.5384
90.9651
90.7037
91.7008
90.6516
92.4734
91.5752
92.6961
94.8043
97.8138
97.1987
96.8622
99.2847
98.004
96.7072
99.9157
101.112
100.267
99.8492
102.992
103.818
106.875
106.143
103.199
103
102.957
103.315
105.406
104.987
106.227
105.571
104.746
106.679
107.985
106.172
105.39
106.043
105.259
105.398
107.572
107.465
106.708
108.617
109.532
109.196
111.768
111.358
111.488
110.305
113.774
113.836
113.103
112.145
109.999
109.321
108.353
109.85
112.519
112.171
111.886
113.469
113.801
114.72
114.645
113.757
113.217
111.562
111.707
111.266
113.048
112.233
115.225
114.786
116.649
118.531
118.149
117.528
116.131
117.824
117.572
117.047
116.743
114.695
115.127
114.606
114.354
115.859
116.121
116.221
116.625
115.777
116.436
116.449
118.385
118.376
117.946
118.434
118.783
120.102
119.437
118.282
117.997
117.067
117.167
117.785
119.133
122.036
122.33
122.496
122.788
124.869
126.238
127.695
127.354
127.167
125.999
125.619
125.336
122.501
122.335
121.865
123.218
124.822
123.088
123.138
125.986
126.064
121.685
121.398
124.614
122.515
120.913
122.341
122.612
120.886
119.272
118.625
118.144
117.239
118.284
119.189
118.267
119.476
119.489
120.046
121.739
121.517
120.688
120.012
119.643
119.143
118.183
121.811
119.428
117.659
117.506
117.795
115.012
112.733
112.228
112.3
114.652
115.612
116.89
115.712
114.902
115.746
116.03
117.094
117.561
117.369
118.285
116.552
116.804
116.628
118.671
117.329
116.705
120.413
119.321
120.926
123.114
123.27
124.317
124.469
124.801
124.806
124.635
125.28
128.947
127.495
128.142
127.25
128.926
129.181
125.87
128.038
129.949
128.903
130.598
130.856
130.68
129.83
129.01
127.869
129.015
130.996
127.952
128.742
130.918
131.952
131.541
132.356
131.31
130.719
130.529
132.271
133.761
132.417
129.584
127.915
127.766
128.73
128.059
129.417
127.485
125.945
124.766
123.969
123.852
124.201
122.805
124.39
125.272
125.248
129.846
128.664
127.799
125.662
125.299
125.144
123.189
123.072
121.433
120.214
119.908
119.851
119.594
118.876
119.887
119.46
118.959
118.741
117.395
118.17
118.893
119.448
119.108
119.51
117.918
119.481
119.421
118.684
117.276
118.198
117.479
117.063
118.805
116.772
116.38
114.362
115.002
117.29
117.452
117.603
120.142
120.242
120.254
121.24
123.098
120.884
119.984
118.788
117.244
119.599
118.802
116.25
114.394
112.612
115.216
117.048
116.357
114.688
115.059
117.283
117.216
117.376
116.312
116.657
118.283
121.404
123.905
123.063
125.389
125.356
125.818
124.208
121.672
121.776
123.203
124.858
124.913
127.024
125.744
125.475
123.604
122.461
119.321
120.062
118.632
118.093
119.056
118.166
119.319
117.742
117.967
119.093
117.699
117.703
117.23
116.182
116.484
117.604
117.504
116.785
116.388
118.788
119.982
120.625
120.763
120.766
118.704
117.442
115.519
115.094
115.96
114.922
115.684
116.352
115.581
114.939
116.394
117.442
117.022
116.853
115.73
115.686
118.185
118.811
118.374
122.264
123.623
124.158
124.223
124.581
124.05
122.137
122.401
123.002
121.414
122.734
121.493
118.435
117.737
116.276
114.213
114.182
115.431
114.211
113.346
112.198
113.136
112.57
113.233
112.353
112.905
112.66
115.32
115.914
116.276
115.653
114.604
116.076
116.628
117.136
117.051
117.942
117.045
116.166
115.142
116.208
114.485
112.28
110.507
110.673
110.578
110.615
110.201
108.1
106.11
109.713
112.621
113.96
113.252
112.324
110.619
110.748
110.439
111.552
112.455
112.444
113.325
112.501
112.67
113.866
112.564
111.134
110.83
