100.519
99.1928
99.7696
99.4997
102.527
101.919
102.793
103.408
104.065
102.88
101.898
104.155
100.837
103.649
103.792
101.952
100.174
100.199
99.5428
98.514
97.6259
99.2189
98.6772
101.362
102.391
101.279
100.716
101.165
103.599
101.741
102.94
102.202
100.873
102.14
103.891
103.24
103.509
100.995
100.017
100.887
101.21
100.868
98.7561
100.562
99.7006
98.2746
97.542
97.49
96.4101
96.4516
96.7237
97.2539
99.146
98.9603
97.9396
99.3704
97.54
96.7491
96.5916
92.5824
94.6627
93.9993
92.1629
95.5027
96.0945
95.5826
97.0766
97.3631
97.8301
97.6285
98.7492
100.533
99.5737
100.072
99.1422
97.5043
96.5937
95.1454
95.5548
93.3297
92.4626
91.6514
90.9701
91.7789
91.686
91.0051
89.9096
88.5952
89.8173
90.568
88.6782
86.8098
85.307
86.2254
86.94
88.2773
88.7861
90.0353
90.6142
90.3467
89.8208
88.7012
88.3194
88.4501
88.5572
87.4807
88.7325
89.3531
89.4704
87.2907
87.3939
87.1443
86.315
87.5534
88.8906
87.94
87.3385
88.7014
87.6034
87.8133
87.8572
88.2869
87.3
85.7658
85.2877
86.0486
85.7332
83.7592
84.847
84.1994
82.9648
83.5939
82.8849
82.418
82.1117
81.8801
80.9425
81.2246
81.9406
82.5862
82.7757
83.1697
82.9869
83.9042
83.3588
84.387
85.058
85.0074
85.1991
85.5544
84.8038
84.8272
84.8312
81.8827
81.2264
80.6415
81.2922
80.4877
80.7055
81.9683
82.5173
82.7234
81.6577
80.5447
80.8693
80.1557
80.9051
79.2693
77.9647
77.6456
77.3415
77.7738
77.9485
78.3823
76.8083
76.6894
76.6814
74.0892
75.1131
75.608
78.6678
78.4831
77.3598
75.8013
77.2808
78.6918
78.2052
78.7325
78.0702
78.4346
78.8512
80.1782
80.9919
81.9764
79.6085
80.0153
80.0051
79.9087
82.0698
83.1507
84.6385
85.2428
85.4129
85.5024
84.7778
86.2623
86.4472
87.3695
86.9868
86.0107
84.7625
85.2975
85.7082
84.1353
84.0528
82.541
84.1049
84.9098
85.0934
83.1406
83.1165
83.7016
83.7616
83.6701
85.0802
82.2416
82.0239
82.1994
83.2916
82.35
83.7577
82.4137
82.4769
82.2386
83.398
82.5715
82.4012
81.4659
82.6517
82.108
80.1971
79.8659
79.2976
79.4459
78.1519
78.6813
77.3733
76.6359
75.8369
74.5051
74.2198
74.4816
74.8325
77.6519
75.7018
75.1728
75.9543
75.2512
74.4065
75.4031
76.5022
75.4448
73.2422
73.4518
74.1205
74.6042
74.0925
73.8962
74.5747
74.5871
74.0462
74.3508
75.2049
76.1942
75.2004
76.3218
75.5747
77.7762
76.1676
76.0001
76.0762
74.3105
75.1663
75.8469
76.3657
75.373
75.2516
74.3911
73.2324
74.6273
74.6609
74.2606
75.6122
74.9404
75.2089
74.9138
76.8247
76.2174
76.1327
74.8005
74.7855
74.1113
74.3637
75.8503
77.3622
77.2747
77.5254
75.7168
75.2074
75.6076
73.9935
74.0665
73.7499
72.5537
72.7791
71.6097
71.1782
72.3613
70.9311
69.4511
68.2842
68.3326
66.4594
66.9847
68.0671
67.5781
68.2721
68.7245
67.7138
68.036
68.1317
68.5692
69.0753
68.4829
69.4937
68.6885
70.307
70.9698
71.7376
71.247
69.3686
69.3773
68.1205
67.8062
66.8553
67.804
69.5658
68.9174
71.1134
73.1272
71.8228
71.4126
71.9333
72.6909
74.7163
75.8087
75.6115
76.6832
75.8248
76.1785
76.2408
76.5533
77.1058
77.1006
74.9938
74.8227
75.2551
75.7873
74.5864
75.0305
75.0713
73.9644
75.198
74.8082
75.352
74.9255
74.3506
74.3832
74.3834
74.5066
74.1496
75.6412
75.3813
75.892
76.7576
78.1343
77.6147
78.6107
79.7943
80.2935
79.6643
79.4908
78.9855
80.0135
80.6403
81.2625
79.1749
77.8245
78.5028
77.9166
77.811
79.156
80.2951
79.2398
78.6282
78.6402
77.0334
77.7906
75.982
75.9249
75.2641
75.1064
74.2498
75.587
74.4085
74.5677
75.9272
75.6322
76.088
75.4906
76.2446
76.1078
76.1656
76.5575
75.6353
75.1053
75.9509
74.9744
73.2798
73.2899
72.9313
74.1863
73.3302
73.8035
73.2365
74.6472
74.7049
74.0569
75.4648
73.3532
73.2256
72.8008
72.9954
73.0463
70.6271
70.8683
71.1987
71.8262
72.0303
71.1233
69.6251
68.2759
68.4726
68.62
67.7888
68.0046
68.188
68.7329
66.9493
63.9725
63.7038
62.3475
63.3068
63.9477
63.7147
64.3948
64.3453
63.104
63.0063
62.3391
61.6202
63.5091
63.1218
63.801
62.6615
61.9368
61.1949
60.7244
61.9926
63.117
64.6048
65.0277
64.6286
64.9248
63.4235
64.0716
63.4929
62.8381
62.1684
60.5575
60.9299
60.2197
59.4785
60.178
60.8935
59.6211
60.2701
59.8436
59.9623
59.7811
59.9555
59.6459
59.7844
59.4007
59.0885
58.2182
58.1577
58.4378
59.3446
59.189
60.2467
60.1093
62.0943
62.5126
63.4113
63.4947
63.5584
65.3557
65.5334
64.7267
63.7183
64.8629
64.6888
65.4445
65.8667
65.0785
64.7435
64.9209
65.3996
64.8018
64.4131
63.6693
64.4672
63.6399
63.7133
63.4225
63.1015
63.9696
62.3224
61.7756
61.3875
62.3276
62.8415
62.2775
62.4371
63.1056
64.9939
64.9327
65.1121
64.579
64.2238
64.2904
64.4708
63.8359
66.2311
65.1506
64.2786
64.1231
63.9854
64.7888
66.4906
65.332
66.1307
65.1148
64.0568
63.988
63.2166
64.0098
62.7982
62.6568
62.8231
63.3675
64.7736
65.9813
66.0204
66.0173
65.6972
65.8764
66.4732
66.7095
67.7749
68.3548
68.5684
68.6567
68.1875
68.4181
66.9195
66.4423
66.2815
65.6124
65.2658
64.3393
64.1674
65.3627
65.1184
65.8246
64.9483
64.7585
65.7484
65.5237
