99.8662
98.7306
98.2416
99.7544
100.753
99.2389
100.97
98.7858
100.498
100.434
99.874
101.298
101.889
101
101.892
101.991
102.382
102.883
102.787
102.841
101.213
100.654
101.632
102.294
101.123
102.788
102.044
99.9387
99.7873
100.358
99.0302
101.134
99.9517
99.7286
99.7848
97.8852
96.4518
97.3773
96.2379
95.219
96.3037
95.4875
96.4313
94.0254
93.4031
94.6364
95.0693
95.0173
94.083
94.0816
94.3736
94.6905
93.3603
93.5955
93.4257
92.5526
94.1148
93.797
96.2628
97.0515
95.719
96.1922
96.0688
95.9232
94.413
93.4238
92.0385
93.0854
91.5239
90.7186
89.458
89.3932
89.6932
91.3813
91.3002
92.6345
92.4059
94.6331
92.9957
91.5841
91.5113
91.3694
88.0072
87.7181
89.8342
91.1114
90.8197
90.4406
89.2124
89.2695
89.8904
90.9689
90.9675
90.2204
90.5034
89.5271
90.4948
92.2935
92.5628
91.0647
90.9553
90.6266
87.622
86.7307
86.3828
88.0527
89.591
88.9689
87.3052
90.0119
92.5957
93.159
94.0417
93.3487
93.741
94.9339
96.5645
96.6559
96.7494
96.5119
98.6854
99.8016
100.168
97.8568
97.8091
96.6397
97.4758
100.198
101.281
101.105
99.5343
98.3219
99.3925
98.6407
99.5559
98.7696
98.8911
98.4102
99.011
100.277
100.496
101.343
100.279
98.9171
98.7538
99.6061
100.499
102.997
105.228
104.163
104.163
104.906
103.607
104.835
104.467
104.272
104.401
106.88
107.394
108.417
108.562
107.674
107.158
108.371
108.541
109.54
109.232
110.066
110.067
109.093
109.014
107.67
109.381
110.364
108.837
109.488
110.4
109.512
111.441
110.778
109.233
110.172
109.675
109.625
110.569
111.157
110.318
109.972
110.169
109.594
108.162
107.592
106.832
105.237
104.066
104.067
108.301
106.38
105.743
104.77
107.507
107.452
104.382
105.312
103.95
106.378
105.529
105.178
106.434
103.571
103.629
104.137
106.378
106.996
107.931
106.249
107.38
106.014
106.359
105.598
106.048
108.618
109.434
110.566
109.657
111.105
111.175
110.363
110.755
111.945
110.387
109.478
110.687
109.682
110.991
111.106
112.939
113.793
114.557
114.516
114.061
113.19
113.611
115.541
115.424
113.366
113.679
114.462
113.412
113.525
113.125
112.402
110.675
109.757
108.476
108.67
107.492
108.606
107.646
107.396
108.412
108.622
109.409
111.471
109.431
110.468
110.883
111.277
116.233
116.163
115.536
114.83
118.342
116.933
120.775
120.331
121.235
121.63
122.562
122.306
124.457
127.099
127.055
130.195
129.446
129.245
129.545
128.717
130.379
128.816
129.545
130.977
132.745
133.601
136.607
138.777
139.174
139.674
136.887
138.369
136.401
135.515
137.695
137.352
143.218
142.029
141.398
142.485
144.555
143.297
143.914
147.876
149.068
152.034
150.476
148.878
149.377
147.688
146.319
144.588
140.828
139.808
138.806
141.561
142.921
145.148
145.19
148.381
147.295
148.456
151.035
153.925
152.482
152.584
151.066
147.111
145.275
145.402
148.898
149.704
149.002
150.756
151.894
151.977
151.897
151.364
148.59
147.314
148.816
148.882
151.019
152.143
151.664
149.135
150.46
151.598
148.44
148.555
146.142
148.551
146.899
151.041
151.605
152.755
150.491
150.612
151.177
151.221
150.984
150.586
153.829
155.501
155.143
154.943
152.085
152.047
152.58
154.191
153.551
156.859
160.913
159.919
162.667
158.871
161.061
158.813
158.1
156.397
157.171
155.346
157.03
156.266
155.949
147.752
146.633
145.108
142.889
142.54
143.051
143.02
143.449
144.309
146.471
144.429
145.504
145.728
145.165
143.225
144.844
144.968
143.532
145.588
144.241
142.754
142.16
143.211
147.128
151.573
152.69
152.278
150.369
151.298
152.659
148.909
150.453
147.181
148.79
149.854
149.138
147.938
148.913
149.153
152.4
152.913
153.949
151.005
154.743
155.146
157.442
158.497
159.415
159.542
155.842
157.456
153.132
154.864
151.104
149.005
149.898
150.363
151.251
149.692
148.695
147.852
147.175
144.279
141.796
144.08
143.011
144.43
142.431
139.389
138.635
137.749
139.489
140.452
141.736
142.181
142.803
139.544
138.201
137.062
136.647
135.049
137.794
138.719
140.326
138.862
141.7
141.938
141.801
141.763
142.518
143.894
143.837
143.097
144.305
142.635
145.359
143.425
145.642
148.006
147.634
146.604
147.627
148.113
148.783
148.631
150.495
144.819
141.332
142.582
142.325
141.551
141.738
141.211
143.374
144.165
146.053
148.48
152.551
151.869
147.395
147.659
147.239
148.98
146.56
147.736
149.235
149.029
145.723
148.545
149.372
152.618
152.791
155.239
154.364
154.872
153.453
150.611
151.182
150.71
151.008
153.264
153.692
153.811
155.647
155.828
153.917
154.883
155.107
154.081
154.02
155.853
154.913
157.761
159.624
157.548
157.506
158.162
156.634
154.982
153.427
153.791
154.556
157.873
161.143
164.233
164.586
165.788
165.097
165.939
169.272
166.678
163.302
165.205
165.427
162.85
162.421
163.7
160.562
163.291
160.673
161.146
158.994
159.088
161.885
163.231
165.061
161.667
161.039
162.084
159.784
159.064
158.302
158.044
159.139
159.629
161.165
164.316
163.287
163.977
165.07
164.727
163.97
166.467
169.507
166.587
165.181
164.118
