98.5933
101.65
101.089
100.184
101.934
103.558
103.086
104.134
101.23
101.586
100.737
99.2499
97.7097
98.438
100.148
100.334
100.79
103.773
102.978
105.087
105.799
105.893
107.892
108.039
109.443
110.063
111.363
110.256
111.257
112.723
112.684
111.231
110.12
110.348
108.65
110.333
108.922
107.123
109.418
111.018
112.177
113.456
113.14
114.135
114.936
115.046
115.252
113.5
113.47
111.402
110.328
110.198
108.146
111.206
112.024
109.586
107.129
106.754
106.867
108.796
108.457
108.952
107.55
109.498
108.302
108.525
107.232
106.906
108.019
109.117
110.144
107.984
109.001
109.959
110.27
110.482
108.921
110.491
111.478
110.205
109.528
109.115
110.817
110.607
108.741
107.36
107.735
107.835
106.286
107.202
105.699
104.666
102.186
103.084
103.114
103.244
105.928
105.123
104.455
103.501
104.443
102.362
103.931
104.475
105.179
105.047
106.067
106.434
105.637
103.914
105.979
106.753
105.577
105.771
106.148
107.315
106.628
104.51
104.775
104.366
104.178
104.555
103.252
102.416
99.8098
99.093
99.4671
96.0285
96.5738
99.2865
99.1363
99.5471
99.9534
100.96
99.5306
101.321
101.965
101.677
102.32
103.773
104.459
105.012
104.833
105.221
103.633
101.606
101.377
103.036
104.205
105.792
105.288
107.104
104.665
103.573
104.031
103.711
105.614
104.192
104.667
103.535
104.176
102.981
100.53
98.2712
96.6638
96.5142
97.3191
98.2927
97.6797
97.6161
93.7636
92.3064
91.8479
92.9806
94.023
95.0657
95.1522
95.6547
95.6256
93.1934
93.123
93.4923
93.1717
93.2041
92.2775
92.409
92.9273
92.9302
94.857
93.8703
95.3956
95.3478
94.0796
96.0038
95.875
98.0066
98.3081
98.4326
97.5315
96.1394
96.1104
94.1124
95.1191
95.58
97.2051
96.58
94.5225
93.2484
92.8249
94.3991
96.0391
96.5612
96.9517
96.8926
95.9417
96.7641
97.9456
98.9163
97.8834
96.1701
94.8532
94.6059
95.8121
95.5047
94.0768
93.8503
94.1227
95.2415
95.3273
96.4544
96.3848
95.957
94.0189
95.029
95.5483
95.9213
94.9608
94.2991
93.1245
93.1083
94.312
92.9694
93.8719
91.9412
92.8956
92.3197
92.7443
92.9863
93.0685
92.9785
93.3245
93.6959
94.0481
94.1802
94.0719
93.8754
94.2423
96.0083
96.0297
96.3534
96.9307
96.0841
97.7301
97.3626
96.6312
96.8847
96.1075
96.3539
97.0375
96.8915
94.6895
93.2092
95.1761
94.8702
95.1069
93.7518
94.8173
96.657
93.1782
92.4979
93.1056
94.1193
93.8338
93.0064
93.2591
93.1986
92.2999
91.5233
91.1079
91.6549
90.8349
89.3925
89.6335
90.0984
91.1654
92.6797
93.4436
92.5975
90.2403
90.7787
90.6355
90.6159
90.7163
90.3633
90.673
89.218
89.4753
89.7552
89.4095
89.0489
89.5323
90.009
91.0724
91.6712
90.848
89.6931
90.9883
91.1353
90.3844
92.6234
94.091
93.4989
96.8169
96.8124
98.0618
98.0476
96.5244
98.7143
98.0613
99.2007
100.057
100.174
101.614
102.988
103.546
104.983
104.757
104.227
107.446
107.048
105.383
104.216
104.29
104.755
105.428
108.798
108.407
107.381
107.199
106.721
104.838
103.668
104.098
104.882
105.319
105.973
104.206
101.598
102.659
102.976
101.509
102.561
103.627
102.288
102.389
101.855
102.453
101.049
98.9442
99.934
99.7475
98.3639
100.036
102.175
104.705
106.22
106.506
108.052
107.896
110.544
109.666
109.782
111.735
111.789
112.295
110.653
112.465
111.735
111.959
111.144
110.622
111.481
113.041
115.416
117.299
118.75
118.675
120.288
118.166
117.047
117.836
116.285
114.807
114.465
115.899
112.962
111.636
113.684
112.406
113.982
112.508
112.281
112.436
112.973
111.621
111.986
110.37
109.589
110.393
110.106
109.825
109.489
108.312
108.016
111.203
111.98
111.618
112.023
110.044
111.826
112.001
109.72
108.691
108.791
110.513
112.166
111.488
111.504
111.488
114.166
114.216
114.289
115.011
112.544
113.65
113.523
113.187
114.273
113.659
111.598
111.205
109.839
111.308
111.101
112.049
111.955
112.54
113.216
113.101
113.582
112.167
110.761
109.954
111.121
109.255
107.491
109.486
110.567
110.258
110.965
109.878
108.043
105.924
105.578
105.467
104.257
104.361
106.093
105.379
102.538
103.804
106.187
105.891
104.866
106.286
107.003
105.715
105.556
105.952
105.097
105.249
103.897
103.411
101.711
102.56
104.223
102.429
103.801
103.121
104.718
105.576
103.606
102.037
100.959
102.104
101.173
101.495
104.284
104.014
104.429
102.328
100.792
99.7869
100.715
100.924
99.2662
98.8896
99.1466
98.8393
98.2509
98.7481
100.463
102.127
101.723
101.606
100.855
101.325
102.073
103.84
104.355
106.012
104.096
105.818
103.197
102.214
103.154
104.789
104.889
106.116
107.241
105.914
104.895
106.134
105.867
105.08
104.062
104.462
103.736
103.7
101.909
102.628
102.142
101.1
101.95
102.386
101.011
99.6546
101.034
100.672
97.924
99.6696
99.8575
97.0808
98.4811
94.7526
94.1243
93.2374
91.8024
93.4208
92.5138
92.863
92.4079
91.7996
91.5113
91.1657
91.804
90.6268
91.6438
92.2947
91.1229
89.8473
90.6363
92.6398
94.8382
94.0991
93.3854
94.0375
95.635
95.0927
93.1629
93.7569
90.9952
91.7507
92.2647
91.5832
91.1087
90.0649
91.5676
92.5932
90.2832
