100.98
101.512
101.436
99.083
98.0161
96.559
96.5366
95.6377
97.8742
97.871
96.7643
97.3401
95.7282
97.0799
96.1153
94.6464
94.156
93.7331
92.5694
92.8541
93.115
91.4467
90.9057
90.3552
92.9593
93.2034
92.2273
93.2727
95.3748
93.8966
93.1198
94.2159
93.002
94.0011
95.0416
93.9597
95.4804
94.6002
95.9782
96.0679
96.0662
97.067
95.2009
95.0568
95.9892
95.2435
96.7548
98.4565
96.1397
94.5864
93.2474
91.7763
90.7205
88.621
88.6815
88.1357
86.6956
87.4352
86.6421
85.9617
84.3809
83.2393
84.1621
84.2758
84.4885
84.9686
86.009
85.9314
85.5233
85.6867
86.1965
86.2498
88.5453
88.4847
87.6311
88.4397
87.9076
87.9217
87.0715
87.3782
89.3767
88.5196
87.0424
86.6865
87.7253
85.1291
84.1174
83.8193
83.5581
83.6693
82.7268
82.4452
81.4243
81.2429
79.9102
80.2225
80.2085
81.2161
80.7109
80.0518
80.2817
81.9357
81.0262
82.1244
81.7133
83.2569
83.3225
83.7563
84.8119
85.6368
83.2224
81.9836
81.774
81.0275
81.1813
82.8385
82.8195
83.4309
84.017
82.9966
81.5279
82.3455
80.0785
80.9584
80.823
81.9354
81.9892
81.1434
81.8514
81.4332
80.286
80.6793
81.4982
81.6814
80.9549
82.103
79.6296
79.5833
80.6823
80.1368
80.5557
79.2167
78.5165
80.8122
79.3792
80.4751
79.2427
78.7761
79.6098
79.8215
78.7672
78.376
79.7209
79.5503
78.4678
76.5447
76.0363
75.9871
76.5777
75.9806
73.9891
73.8936
75.6727
74.6181
73.8842
74.1985
75.6779
75.5645
76.2761
76.4656
74.1539
74.1242
75.1928
75.234
73.7559
73.9161
73.653
74.5682
73.7081
73.3367
72.3269
69.9818
69.9487
69.4271
70.6759
71.5368
71.7089
72.9982
73.0858
72.3784
72.825
74.155
73.2526
73.7461
74.2587
73.67
73.8484
72.4896
71.8668
71.6909
72.5879
72.0606
70.0514
69.6534
69.0843
68.4707
67.8926
69.0338
68.6838
68.7832
68.2334
69.346
70.0983
70.5186
71.2725
71.2621
71.2881
69.9853
70.0624
69.9509
71.2752
72.5789
74.6891
74.245
74.326
75.2344
75.9501
75.1733
77.0154
76.4767
75.4648
76.7081
76.6019
76.6995
76.5041
74.6049
74.2013
74.4494
75.4027
76.1829
76.3692
76.0088
77.8259
80.0115
80.5349
79.5485
78.9626
77.9474
76.4393
75.8667
75.8627
75.7523
77.9085
77.0067
77.8274
77.6236
77.2321
78.0379
80.0434
81.1549
81.8809
82.6335
83.6102
83.8667
85.3942
85.2561
84.9546
85.7806
84.5405
85.9295
85.4316
86.0712
85.5763
86.2032
85.9929
87.8601
86.9179
87.2735
88.8504
90.0166
90.6909
90.3873
89.6466
88.9893
89.5457
90.1523
89.8307
88.4296
90.4792
87.9775
87.7643
87.869
87.7043
89.6234
88.2086
89.3502
89.9706
91.6402
92.9704
94.2752
95.595
96.3865
97.3814
96.0771
98.2911
98.1932
95.5944
96.2491
96.6552
96.6164
95.5608
95.7289
95.6198
97.3726
96.5035
96.0807
97.1264
97.9761
99.9073
97.8277
94.6955
95.6809
93.8636
94.4318
95.1075
95.2341
94.9067
95.0429
93.6028
93.4868
90.1602
89.6104
88.7165
88.1297
89.8115
89.1139
89.6944
89.3327
87.651
89.0776
89.812
90.0107
90.5345
91.072
92.4782
92.8509
92.5076
92.8155
94.6853
96.0661
97.9245
100.649
101.406
101.362
101.142
101.021
101.872
100.354
98.7176
96.5842
95.5129
96.1885
94.2004
96.7508
97.2098
97.2498
98.537
97.7793
99.2622
98.2305
99.0702
97.9963
97.6276
96.3292
94.7497
96.581
95.5923
97.2989
98.0549
98.578
100.253
100.492
101.101
101.77
101.34
98.5076
97.7825
98.1578
99.4034
99.2439
98.1692
99.7378
98.4763
99.0175
98.2941
99.9354
100.407
102.805
100.242
98.6629
99.7831
100.81
99.3958
98.1522
98.3317
97.8141
97.0869
98.6957
99.0813
100.495
96.9067
96.7455
95.4911
97.2177
97.8293
96.1966
96.7841
96.6296
96.3956
98.2865
98.7344
99.2833
100.706
100.08
96.3243
94.886
95.276
95.6306
94.6599
95.9029
93.752
93.5069
95.9465
96.1597
95.2889
94.3616
94.7689
90.8799
90.3698
89.2926
88.6191
86.2781
86.4275
87.3468
87.0721
87.9295
87.4882
86.749
86.0819
86.5946
87.6434
88.0441
87.3883
88.8803
90.6356
89.4352
88.9325
90.5678
91.0728
90.0734
89.3216
89.7999
89.9514
89.6714
91.5283
90.9921
92.4085
90.5062
92.2799
91.6141
90.7149
90.597
91.5483
90.802
94.2811
95.6876
95.3783
93.6341
92.3604
93.132
94.7677
92.8058
92.9114
94.4729
94.7071
93.3604
93.8172
96.5652
94.8562
95.0348
96.3541
95.2297
94.3822
95.8627
96.8097
99.4061
100.628
102.492
103.308
104.438
103.366
101.991
99.596
98.4495
97.195
96.7749
98.2177
98.9349
100.268
99.8629
102.965
103.868
102.002
100.371
99.6593
100.689
101.869
101.717
101.53
101.31
102.184
101.627
102.878
104.046
103.082
103.038
102.015
104.356
105.437
108.035
105.548
105.202
101.479
100.461
101.929
101.801
101.971
103.071
102.636
101.444
99.487
100.231
101.933
102.854
102.047
102.733
101.912
101.722
100.079
99.9752
100.936
101.778
101.7
101.315
101.118
100.857
98.7201
98.3932
97.0666
97.3964
97.8519
99.5642
98.4256
96.7515
96.9058
96.2173
97.9424
98.8523
101.661
100.558
101.924
100.134
100.844
98.6711
98.9183
100.181
98.5744
98.4341
98.3141
97.6794
96.7176
94.7486
94.6966
93.8495
91.8071
91.7281
89.9469
91.1578
90.7569
91.6539
92.1362
91.5649
92.8045
92.4655
93.0479
92.2712
94.191
93.0414
93.1067
91.1742
