100.664
99.558
97.6458
98.3731
97.776
99.2001
99.4666
98.4204
98.7366
99.7463
97.7567
97.411
97.1265
96.6427
94.3861
92.803
92.7911
92.0325
92.9891
93.5979
94.2444
93.7655
93.8897
93.8058
93.5307
92.5915
92.1381
92.8213
95.5407
95.9367
95.7753
93.2767
93.5129
95.1503
93.8493
93.7241
94.344
93.1985
94.3853
96.7248
95.6412
97.608
97.5149
97.5434
98.3008
99.3535
99.4437
101.955
101.204
102.187
101.428
102.134
101.734
103.458
102.445
99.9008
100.637
100.793
97.2412
95.7149
96.186
94.8208
94.0795
93.3588
95.0399
96.7444
97.4826
96.9623
95.0727
94.7837
96.4983
99.2453
99.9664
99.565
98.4593
99.0662
98.9669
102.504
103.619
102.809
101.506
99.6852
101.396
100.995
101.773
102.898
102.155
104.525
105.947
107.867
107.587
108.218
109.123
109.499
107.919
107.788
108.85
110.332
108.868
107.211
107.129
105.61
103.518
101.941
104.175
102.955
102.473
101.277
101.611
102.215
104.283
105.192
107.744
106.965
105.969
102.977
103.469
104.232
103.661
104.117
101.202
103.304
101.114
104.244
104.966
103.879
102.136
100.708
99.8359
99.1496
99.2978
100.055
97.3077
99.6241
99.0552
99.7447
100.394
100.852
100
98.204
97.8627
101.352
103.031
102.197
102.07
101.9
101.331
99.3605
99.0581
100.227
98.7851
98.5302
100.077
99.9873
100.982
101.811
103.183
101.39
99.2611
98.7792
99.1546
100.135
100.85
98.4014
98.3937
97.2489
98.1085
99.2451
99.9878
99.5625
98.5554
98.2149
98.7942
98.2831
99.3854
100.153
99.3027
98.8571
99.9666
97.4553
94.7511
94.8899
95.6622
96.353
93.6988
93.4135
90.994
91.7711
91.8142
91.8862
90.8754
91.4448
90.2635
89.6432
89.9487
92.9169
92.3591
92.261
91.1525
92.0779
93.7226
95.2944
94.7259
95.3519
94.8276
95.346
97.2292
96.1213
96.0995
94.42
93.3945
94.6506
94.4308
95.1689
94.7153
94.9557
95.1687
95.4808
96.9556
95.4708
95.3614
95.7613
95.3952
95.8241
95.7522
96.2953
96.2048
95.4891
94.3165
92.144
89.4032
90.5134
90.3706
90.8208
93.9505
93.0025
91.6692
92.9995
91.6858
90.9508
92.2958
94.9169
94.7707
96.2447
95.5978
96.3401
95.0217
95.5707
95.4782
96.2397
95.9485
97.4127
97.8928
98.651
97.5772
98.5317
97.7515
97.6201
97.252
95.4041
94.0137
95.568
95.7333
95.8924
96.0321
96.0457
96.8859
95.9313
95.2803
94.9453
95.3007
93.1653
93.8932
92.447
93.0953
91.8646
91.7413
90.7292
90.9194
92.1612
92.0674
91.1753
90.9761
90.2679
91.3488
92.4986
92.9734
93.0645
94.3776
94.7803
92.73
91.2508
92.7587
92.962
94.935
94.1851
94.3453
94.9756
96.4502
95.7409
96.7345
97.2808
97.5948
95.8705
98.1095
95.0195
93.9162
94.188
94.4299
93.4525
93.3768
92.9199
94.2898
94.3191
93.0107
93.3679
92.3231
92.5313
92.2264
92.9083
90.6656
89.7549
89.5898
90.269
90.4501
89.4845
88.4691
90.2439
89.845
87.9965
87.7605
87.2759
89.0747
88.5662
89.208
88.2298
88.2893
88.2313
88.8944
88.847
88.6664
88.6209
87.5228
88.5711
88.6946
85.0307
84.6948
84.4194
84.45
83.371
82.8352
82.9023
81.8924
84.3427
83.2099
83.0309
83.1186
83.9935
83.9862
83.063
85.2716
85.4972
87.0129
87.3521
86.9278
86.3615
87.3661
88.0775
88.2384
89.1142
89.2916
90.6272
91.8379
92.9699
92.3159
91.1999
89.9592
90.7631
93.544
92.5287
93.0972
93.5938
91.3378
91.3779
92.3934
93.015
93.6852
93.0203
94.5507
94.1847
94.7236
95.2948
97.6807
96.9978
97.1116
97.5235
100.09
99.4679
98.7757
99.4292
98.5343
97.0771
95.0022
95.9423
94.7197
96.665
98.1031
98.9369
97.2003
97.1198
95.8578
95.9828
96.9444
98.3382
97.0612
96.7891
96.968
98.0645
99.7597
100.015
97.9325
99.9516
98.1669
99.4834
100.235
98.784
99.1078
98.1348
97.156
96.9194
95.5936
95.2422
95.9147
96.0083
96.5679
94.9934
95.7746
97.9566
97.727
97.4864
98.3509
97.1894
96.7675
96.1953
96.0556
97.6285
96.4784
97.6938
96.0711
96.8866
95.8603
95.6142
95.5214
96.4816
97.3267
98.3937
98.7152
101.221
100.65
102.112
102.898
103.44
102.834
101.653
103.429
103.782
103.783
100.906
102.138
101.264
102.507
101.674
103.344
102.128
101.223
98.6622
99.2072
99.0709
96.7188
96.826
96.6921
95.7209
96.8619
98.1189
96.5745
96.4934
95.7651
97.1806
97.2036
98.4787
98.3569
98.3649
100.846
101.499
101.998
101.762
103.503
103.341
104.767
103.692
102.972
103.547
107.51
107.746
109.155
110.817
108.405
108.036
107.683
109.795
109.176
108.014
107.248
107.364
109.425
111.433
112.644
111.994
113.106
110.798
108.269
106.53
106.047
105.711
106.313
107.171
110.797
111.339
113.552
114.828
115.109
113.492
113.582
114.838
113.515
113.371
112.636
113.896
114.737
115.805
117.902
118.001
116.928
117.796
117.982
120.597
119.374
120.896
121.994
123.314
122.208
122.09
123.214
121.157
120.177
120.775
122.374
123.084
119.711
119.272
118.603
116.007
118.411
115.919
113.862
110.995
108.229
107.766
106.321
106.405
103.716
103.896
103.802
102.078
101.273
102.476
104.997
103.145
103.26
102.755
103.022
104.075
103.945
101.92
101.123
100.976
100.576
101.094
100.353
100.783
101.114
100.881
102.067
100.31
98.9971
100.131
101.185
101.323
101.786
102.235
