99.8994
100.829
98.8501
99.7096
100.067
99.9866
101.573
102.45
100.428
103.574
104.893
103.719
104.771
104.529
103.492
103.56
104.273
103.045
102.644
103.955
104.054
103.991
104.608
103.984
105.036
107.272
107.288
105.422
105.078
104.584
103.34
102.771
102.075
101.65
101.654
100.858
102.237
103.513
101.69
101.017
101.195
101.69
103.401
105.062
105.79
104.301
105.479
105.179
107.288
105.644
106.339
103.521
101.342
101.186
102.116
104.966
105.038
105.231
102.793
103.004
101.657
102.379
103.257
101.981
103.749
102.578
104.025
103.648
105.972
106.181
105.385
105.837
107.05
104.49
104.94
105.352
107.566
106.071
108.554
107.389
106.607
107.775
105.73
105.861
106.789
104.981
104.425
104.975
107.032
108.523
108.715
110.474
110.235
110.827
106.376
106.913
104.261
104.643
105.421
106.45
108.556
107.228
106.598
106.238
107.894
107.988
108.262
108.232
105.98
104.641
106.351
106.682
108.723
108.87
107.701
108.234
109.559
108.633
109.068
107.979
108.079
105.908
105.086
106.332
107.181
107.309
107.624
107.995
111.511
114.674
115.01
114.344
114.389
114.795
112.55
113.265
113.245
113.207
112.473
112.85
113.242
115.305
115.349
117.098
115.564
116.223
116.81
118.847
118.184
118.171
117.507
116.767
119.247
119.314
119.816
119.501
121.722
120.891
120.319
120.851
120.418
122.067
120.78
122.581
123.67
124.048
124.158
123.671
125.712
125.917
123.612
122.633
123.696
121.579
120.269
121.206
120.264
120.377
122.837
121.705
121.872
120.583
119.436
119.451
116.083
119.54
118.871
117.645
114.822
116.625
120.422
118.606
117.122
118.587
119.101
117.89
119.515
120.914
120.254
121.529
121.98
121.379
123.298
123.774
122.384
124.789
127.468
128.632
131.619
131.166
130.077
125.914
124.297
125.142
126.298
126.785
126.11
125.614
124.956
125.322
123.221
123.856
123.176
122.279
124.171
123.218
123.186
125.303
126.374
126.8
127.661
128.852
127.209
128.507
127.346
123.591
123.39
124.585
125.46
125.664
127.006
128.236
127.256
129.623
127.387
124.595
124.947
123.481
124.564
124.279
124.516
125.054
124.485
122.243
122.754
124.683
124.458
126.626
128.741
128.157
126.739
126.705
126.65
126.323
127.626
125.028
125.299
123.603
122.251
117.859
118.488
117.062
118.297
116.956
116.079
116.25
113.322
112.226
111.79
110.781
110.696
112.549
112.841
113.341
113.643
114.277
115.405
114.142
115.029
114.811
114.66
111.582
111.443
111.424
110.957
108.19
108.76
106.111
104.388
102.678
102.315
101.767
102.371
102.192
98.211
96.5
96.4261
93.4662
92.8264
93.5306
91.4971
90.5161
90.1069
88.9172
89.433
89.9561
91.6949
90.9099
90.7508
89.5358
89.9327
91.0604
91.11
92.2569
90.2444
89.1104
88.3093
88.2111
88.0419
88.9439
87.29
88.545
88.2994
89.0956
89.5584
89.8389
89.0766
87.8129
88.0422
85.5855
85.2819
85.3703
86.8196
85.5728
87.5782
87.5126
87.2354
85.8539
85.1181
86.6854
88.9968
86.1981
86.3585
88.5122
90.5735
90.2724
91.1042
89.9055
90.0753
92.9966
94.1537
95.4845
95.1428
96.2279
97.787
97.8748
97.7993
97.2638
97.2429
97.5059
98.1829
96.9162
97.4357
96.8141
95.9257
95.9166
95.6588
95.9256
96.8009
94.1956
96.5603
94.2597
95.0486
95.4611
93.9634
94.9482
94.7243
96.2443
95.0592
94.7548
96.0608
95.8233
95.6587
96.5217
96.3519
94.9055
91.7174
91.2149
92.5779
91.969
91.0805
90.1165
89.2388
88.617
88.8577
89.3342
88.7656
89.5162
87.8896
87.3116
87.946
88.1869
88.4731
87.6267
86.9484
88.4619
88.252
88.0954
88.0838
89.7632
90.0937
88.7008
87.9586
89.7147
91.0232
90.752
91.046
90.9125
91.9603
91.4157
90.0932
88.5761
86.8299
85.9194
84.8116
84.0314
84.4504
83.8769
84.1089
84.6907
84.7789
85.5727
86.9149
85.1045
85.6514
84.3948
84.8159
85.2099
84.2389
85.4299
84.6551
84.7342
84.3513
84.079
82.4428
81.1731
81.1945
79.3162
78.8203
79.9519
79.7482
80.7545
82.4764
83.9731
85.7041
86.0159
85.0748
86.6216
85.6484
85.4573
83.6853
84.1267
83.7432
85.2766
85.5643
85.2122
83.6253
83.1678
84.8351
82.6039
81.3861
82.5417
85.1401
86.7582
85.9572
85.4337
84.193
81.8827
83.7745
84.0066
83.2841
83.4427
83.1701
85.1251
85.3757
86.8219
85.3913
84.1737
86.4397
87.1248
87.3357
85.0331
84.4874
82.644
83.8428
83.7563
83.8719
85.5674
84.6733
86.0759
85.2703
85.4212
86.358
86.8844
85.3284
84.955
84.6804
83.2582
82.5973
81.4961
82.859
83.2973
81.751
81.9322
82.9357
82.9138
82.3209
81.4531
81.8431
81.5657
84.399
83.6463
84.5728
84.6002
84.3742
84.6116
85.3979
83.5328
84.3897
83.6379
83.7884
83.1301
82.2251
81.6041
82.6029
84.0615
86.4727
87.6136
86.4861
88.107
89.2376
89.3218
88.2483
89.1362
87.8591
85.9406
84.7743
84.0249
82.9393
83.8057
85.4816
84.021
85.1743
83.6517
84.8355
85.6471
85.8695
83.7154
83.2774
81.6334
80.8148
80.5005
82.1039
82.4646
80.461
81.5802
82.4408
82.1382
81.0421
81.5283
81.9749
79.3532
79.8403
79.1267
77.7328
77.2996
78.1876
79.5348
78.8419
77.5288
76.8856
79.5917
81.2804
80.7115
80.6145
83.3173
84.7744
82.608
81.629
81.3296
