100.945
100.544
101.693
101.482
101.038
100.648
101.508
100.813
100.569
101.448
101.044
102.151
104.36
104.937
105.578
107.297
107.086
107.169
103.23
104.003
104.329
102.151
100.468
97.6536
97.2407
96.5979
96.7499
97.6682
96.6358
95.4532
96.4223
94.3307
95.4455
96.6102
96.8969
98.1903
99.431
98.6722
98.2178
100.202
99.7519
97.6977
98.138
99.5015
98.3991
97.3621
96.9108
99.1567
100.584
100.013
98.0044
97.8553
96.2923
95.2044
96.0694
97.1977
95.4588
95.9767
94.8974
94.5931
94.937
95.0337
94.6511
94.2972
95.2392
95.9557
96.784
96.3738
97.6553
97.6516
96.5826
98.7466
99.6911
100.295
98.2546
98.608
97.9107
95.535
94.7965
94.2877
93.5028
94.5703
93.3554
92.0761
92.7455
92.4283
92.8493
93.1234
93.7616
93.5593
92.8006
93.1288
92.6663
94.1176
93.2937
94.8665
91.7571
91.3689
90.7162
90.3482
88.9201
88.8754
89.7535
90.9101
90.582
89.017
88.8062
90.1564
88.9099
88.2419
88.1677
88.1714
89.0051
88.6186
91.2633
89.875
89.363
91.9874
92.7698
91.8711
92.556
93.3597
93.5979
93.895
93.3859
91.8281
91.652
91.8326
91.201
90.0323
90.0166
90.8682
91.3341
92.1265
92.2578
92.0608
92.9718
92.5387
92.0322
92.4062
92.6523
94.3944
93.7513
92.2973
91.8904
91.7004
90.6888
88.2326
88.1685
86.8257
86.9424
88.6131
88.8614
89.0789
91.2702
90.5848
90.5274
89.0997
87.6895
88.9106
88.2996
87.4016
87.1274
86.7652
85.8152
84.4268
83.3401
84.1548
83.0188
83.1851
82.2982
81.1887
81.6744
81.5359
81.8243
82.8852
83.5646
81.7665
83.297
84.9248
84.1544
83.7288
83.9092
83.7594
84.8223
83.9255
81.5898
80.9318
79.9215
81.9091
80.6189
79.6834
80.5781
80.6515
83.8786
83.8157
84.1562
83.2681
82.447
82.6243
80.778
80.1002
80.9516
81.126
79.6496
79.9022
80.9712
83.3563
82.3402
79.7502
79.5879
79.7709
79.8174
80.769
82.5435
83.1843
83.7938
84.0451
83.2601
82.5286
81.0624
81.6429
81.5737
81.1736
82.7688
84.1614
82.5944
83.558
83.0017
81.7548
80.987
81.259
80.0913
79.8775
80.4217
80.846
80.8974
81.1255
81.1277
81.3382
82.8585
81.4691
82.0171
80.3602
81.1984
80.1219
80.3876
80.5084
79.9615
79.0998
78.739
77.6148
78.3381
77.6164
78.3704
79.3957
79.5798
79.3322
79.496
79.5912
78.4817
77.4316
78.0008
77.7338
78.3388
77.3927
76.2535
75.61
76.6495
75.4224
75.6443
75.8522
77.2918
78.588
79.2597
78.718
79.2048
79.6396
80.3437
80.0639
78.9874
78.3709
77.4082
77.6746
78.207
77.3693
78.0205
79.3454
78.8597
77.5491
75.9305
76.4432
76.2743
76.8595
76.6554
76.8377
77.7678
78.3337
78.6825
77.5746
77.1979
77.446
77.2622
79.6682
79.0073
78.4078
80.0333
79.5848
79.9529
80.9712
82.2188
82.3892
82.3703
80.7327
80.8004
79.5007
79.8487
81.1123
82.7525
84.164
84.1936
85.5514
84.6927
85.0717
85.9459
86.8612
84.0443
84.6819
84.1262
81.8607
81.7023
79.6612
78.8678
78.2004
79.6747
80.0497
79.1511
79.3311
79.6701
79.1787
80.4232
80.1279
80.7733
81.4371
81.584
81.7068
82.6554
83.5869
81.8614
80.7964
81.7709
79.5446
80.2719
79.003
78.7179
78.1805
77.6001
79.5103
78.8348
78.8346
79.7632
79.7813
77.4672
78.3897
79.3963
79.1518
78.1862
77.3156
76.4111
76.3433
77.5068
77.2125
75.9615
75.2081
74.0426
73.7395
74.0186
74.931
73.4323
74.138
74.4572
72.0182
72.9728
73.4112
74.8324
74.2232
73.3519
73.8041
74.0914
75.0012
75.7066
77.3315
76.5721
77.2031
76.5754
76.0783
77.486
77.8042
78.137
79.5046
79.359
78.5696
77.8283
76.6694
76.3934
76.6617
77.2723
77.7686
77.6345
78.7105
77.3156
77.4474
77.7203
77.6043
78.1711
79.2356
80.3045
79.8411
79.6206
80.1208
80.4208
79.3999
79.8715
80.17
79.3315
79.8982
80.2505
80.7622
81.2529
82.1561
82.6645
81.1491
80.2575
80.0303
81.141
81.8006
81.8386
82.8208
82.2957
81.1253
83.1369
84.1095
83.3166
81.8407
83.1649
82.3517
82.473
82.1735
84.1153
84.8924
86.6972
85.9721
84.0968
85.0888
84.8641
86.1282
87.864
85.8013
87.2389
87.4755
87.4751
86.2679
87.6184
87.183
88.5041
87.7334
86.1536
84.9778
85.6402
86.5016
85.1531
86.1768
86.8619
87.0925
88.0895
88.0494
88.5435
88.2143
86.4593
88.3336
86.9441
85.8795
86.3199
85.2832
84.7238
84.3175
85.7834
85.5723
85.3215
86.7327
88.9273
88.326
87.6525
87.495
89.318
90.2062
89.7864
89.6368
89.2096
89.4465
88.9796
88.7741
87.9736
87.6463
85.7729
85.9919
85.1807
86.0091
86.4624
85.4386
85.7812
86.735
86.1072
86.6637
85.4973
85.5907
84.6662
85.0407
84.7281
85.3257
84.1312
82.9284
82.7038
80.7205
80.5445
80.7828
80.4056
78.3067
79.5638
81.5319
81.6555
82.6752
83.5425
81.1683
81.2422
81.6912
81.9615
82.7697
80.6609
82.3506
81.7948
81.3852
80.5361
79.5959
79.5461
81.3633
82.283
81.2836
80.9838
79.895
79.1923
78.1682
77.0063
76.8825
76.909
76.3582
77.0694
76.9078
76.9077
77.2234
77.0679
77.0098
76.3361
77.0338
77.8944
80.0129
79.9833
80.2229
81.0203
80.5868
81.9112
81.0143
81.9571
81.7003
81.5573
83.4147
82.1149
81.962
81.4374
80.6795
80.2464
81.4038
81.7135
81.174
81.8022
82.8518
84.3697
83.7172
84.1793
81.8147
81.3211
80.1918
79.6083
80.072
79.2382
80.9826
83.3481
82.4287
81.612
81.4167
