100.287
99.8602
99.6912
98.1493
99.7241
100.915
101.228
101.551
101.223
99.3381
100.249
100.153
101.164
103.785
103.646
103.13
102.445
100.592
96.6409
94.6247
93.7348
93.5989
92.6789
92.6002
90.0481
90.0349
92.4864
93.3345
93.5605
94.0558
92.3845
92.1819
89.9434
90.0315
90.3194
91.3213
92.757
90.5029
91.4903
91.4804
90.9775
89.3853
88.738
88.6703
86.6524
87.5471
88.2866
88.2937
88.6374
88.963
89.6753
90.0127
90.4101
90.0972
91.4429
91.5226
92.1008
91.7195
92.0366
93.6048
92.4484
95.1796
95.412
95.9775
96.9149
95.4482
95.5653
94.5325
95.0006
93.8166
94.9283
96.5445
97.0634
98.5411
98.0499
94.7166
94.1401
93.6743
93.1258
93.8677
95.3636
94.1694
97.2578
99.0589
99.0519
98.7829
98.6503
100.225
102.738
102.278
99.8977
98.8322
97.211
98.9237
100.001
100.442
99.7348
99.6828
99.6646
98.7947
99.5972
98.1711
96.9252
95.8588
96.8009
94.8995
96.3957
96.4988
95.7792
96.0516
96.8274
98.8839
98.6998
101.765
101.631
101.977
100.095
98.446
100.483
98.5055
99.9547
100.792
100.485
101.591
102.304
102.408
101.764
103.899
104.002
105.029
105.534
106.023
107.227
105.328
105.713
105.823
104.995
104.73
104.186
104.87
106.281
106.401
107.716
107.163
108.917
109.529
109.076
108.229
108.106
106.983
106.381
106.134
105.644
106.393
104.372
104.437
103.955
106.428
106.902
110.178
111.609
111.127
111.439
112.328
112.698
112.235
111.147
111.834
111.927
113.068
114.91
115.176
115.744
115.727
116.29
115.978
116.693
113.542
114.784
115.871
114.98
116.345
117.658
118.445
117.162
117.031
117.084
118.908
121.034
119.809
120.317
118.652
120.624
118.924
117.956
119.331
117.337
118.069
113.333
113.923
113.288
113.842
114.749
114.274
116.489
114.828
114.625
115.799
116.006
115.38
114.548
112.647
111.481
112.011
111.809
112.877
113.526
114.037
114.696
115.866
115.822
115.495
114.249
114.398
114.862
114.206
112.807
110.081
109.999
108.112
107.669
106.645
106.413
106.253
109.127
107.228
107.446
106.897
108.844
108.591
108.962
108.763
108.768
107.187
108.809
106.949
108.258
107.194
105.293
104.317
103.27
103.91
102.915
101.091
99.5851
97.7155
96.6609
94.5506
93.9587
92.8193
90.9676
91.1466
91.7283
90.8443
90.6661
91.5089
93.8254
93.2267
91.822
91.1689
91.9162
92.3061
95.3898
96.8268
96.8868
97.2919
95.0316
92.7467
93.1065
92.5263
93.1521
91.7643
91.6967
91.8909
92.3566
93.3673
93.6616
93.8046
94.487
93.2782
92.8746
89.9367
90.5314
90.8249
91.6217
92.5375
91.9885
92.6548
92.8968
94.4736
95.1322
94.6712
96.2738
94.9161
94.6706
95.0959
95.5741
95.3448
94.663
97.3309
98.2248
99.9142
102.11
102.298
102.184
100.714
100.703
100.966
99.4552
98.3555
98.1813
99.3841
98.066
98.7694
100.838
99.6189
99.4224
99.3664
98.2158
97.734
99.5236
99.0348
100.638
100.639
100.772
101.349
102.651
102.49
101.894
102.583
104.057
105.116
106.633
105.922
104.986
105.703
107.923
106.903
106.129
105.894
105.816
106.477
108.615
109.097
109.704
107.634
105.189
106.282
108.266
108.219
110.027
110.914
109.551
114.459
114.028
112.807
112.173
112.196
111.784
113.136
115.351
116.168
116.941
118.676
113.386
114.298
113.185
113.865
112.254
110.866
113.15
112.982
114.872
115.359
110.726
109.518
109.738
110.278
112.697
114.059
113.236
114.122
114.531
116.37
117.262
113.716
113.459
110.919
110.25
109.778
109.452
108.015
106.248
104.187
104.33
105.01
103.9
100.644
100.183
100.595
100.917
103.914
103.772
101.875
102.001
101.258
101.296
100.898
101.131
102.433
102.877
102.653
102.756
104.287
105.083
103.952
104.673
102.268
103.804
102.998
103.72
104.663
102.08
101.279
101.077
100.855
101.012
102.103
104.033
104.365
103.69
103.528
103.115
101.836
104.264
105.214
105.797
108.659
109.864
110.724
109.6
107.677
106.238
106.008
105.91
106.42
107.875
108.912
108.122
110.532
110.312
109.114
109.133
110.329
109.942
110.386
109.519
110.533
110.294
111.598
109.019
107.357
107.175
106.618
105.434
105.719
105.814
104.126
103.983
104.366
104.413
102.599
103.158
105.052
103.185
102.824
102.683
104.148
104.086
106.956
105.37
104.118
105.205
104.528
105.318
103.961
105.15
107.507
107.994
108.271
106.184
104.362
102.54
103.222
104.551
103.448
103.084
102.136
101.908
103.173
101.721
102.275
101.984
101.004
98.1955
98.1774
97.3185
98.1759
95.5123
94.6339
94.0069
94.4986
94.4377
95.746
96.1249
97.7195
100.173
101.097
101.426
102.258
101.912
101.456
101.862
103.38
104.462
106.688
104.343
103.992
104.403
103.185
103.111
104.24
105.581
107.629
108.347
106.762
103.862
103.812
103.702
102.533
102.016
102.635
103.572
102.414
103.518
103.161
103.697
102.442
100.392
100.551
100.907
101.25
101.72
103.584
104.19
105.657
105.222
107.384
107.045
106.339
109.691
109.333
106.735
109.161
108.523
108.914
108.281
109.829
108.028
106.18
108.165
106.192
104.663
105.479
107.928
110.171
109.811
109.492
111.587
111.06
115.562
114.545
115.048
114.698
115.855
115.434
113.747
114.491
114.326
116.371
