101.339
98.7614
99.7912
101.491
100.604
98.8254
99.424
97.5521
100.363
100.034
101.706
103.112
103.042
103.756
103.644
103.963
104.793
102.175
98.6426
96.5629
93.8294
94.2851
93.6598
91.5296
91.5058
92.038
91.5975
92.099
91.9428
91.9417
92.0592
94.0306
93.4276
93.8569
93.7749
91.9395
92.6802
91.8144
93.1242
92.9822
93.1443
90.7259
90.2575
90.1458
89.1323
89.3394
89.239
89.7084
90.7724
90.361
90.2108
90.9483
90.5659
92.3828
90.6651
89.8921
88.7536
90.5892
90.807
89.7236
92.3568
93.4195
93.7504
93.1271
93.3996
92.5594
93.8132
93.1728
92.6201
92.6625
92.4968
92.9391
96.4594
93.2247
95.0009
95.0992
93.8008
93.5975
93.9009
93.4304
92.494
92.2784
90.5169
90.5214
90.1987
90.741
87.0504
87.8769
86.0977
87.0451
85.9597
85.6787
85.2205
84.6566
84.2566
84.2161
83.6442
85.0841
84.0642
82.8376
83.3279
83.9725
84.2073
82.9294
83.5583
82.3602
81.4525
81.0681
83.0882
81.4757
82.133
81.6479
81.5718
82.1287
84.9564
84.7448
85.0809
84.5691
83.5206
83.5748
84.0082
83.6941
83.9536
83.2354
82.1387
83.2223
82.0569
82.1606
81.9058
81.8685
81.9665
81.5527
82.8082
81.7991
79.435
79.226
80.5077
81.85
82.567
82.2403
85.0414
84.9669
84.9803
83.9639
85.2278
85.039
85.4152
86.3527
85.3644
85.8252
85.1621
85.4144
85.4241
84.6924
84.0257
85.3536
83.0045
84.6659
84.7347
82.9073
82.8736
83.4165
84.5129
84.6917
83.6598
83.8195
85.7289
84.9457
83.5691
85.4733
85.0269
87.0763
88.0498
88.5934
87.0591
85.9036
83.8405
83.9233
84.4977
82.7281
81.8358
81.1058
79.3931
79.0562
77.7925
76.7447
76.7409
75.8751
76.279
76.9726
77.9176
78.126
80.6692
79.5258
79.48
78.6146
77.5045
78.1605
76.9492
79.5979
81.4564
79.4187
78.4853
78.0361
77.071
78.3186
78.3914
79.5861
79.5962
80.7401
80.2558
79.8802
81.0366
81.5679
80.1657
80.6172
82.2418
81.4366
81.0743
83.3983
82.4059
82.9553
83.6164
81.8859
79.2146
79.1295
78.914
79.9274
81.0722
80.1234
80.6548
79.0901
80.3943
78.9719
77.9319
77.9894
78.1162
79.0938
78.7495
79.8224
80.2984
80.4827
80.2725
80.2858
80.0642
80.6842
79.0485
80.727
81.7536
80.0128
81.8459
81.6267
81.6623
80.943
80.5825
81.5305
82.2424
81.4444
83.0248
83.4044
84.2356
83.8729
84.3765
83.6884
83.128
81.7718
82.2805
81.6887
81.0735
80.0951
80.3936
81.6369
81.9862
81.2855
81.4761
81.624
82.6146
82.8551
82.4509
83.1171
82.9472
84.2406
84.378
85.9465
86.39
85.2547
85.8461
86.2751
86.3814
84.9833
85.2647
84.357
85.2502
86.4106
85.8052
88.1012
88.102
88.8222
90.9075
89.7694
89.9049
90.316
90.3175
91.5364
93.4872
93.5434
92.5379
91.3796
92.1111
92.6159
92.2582
92.8354
91.7287
92.1888
90.8959
91.9669
91.7413
93.3429
93.7228
95.8307
96.6446
95.6438
96.3792
97.4384
98.5884
99.066
98.6434
99.9717
101.642
102.835
101.648
105.405
103.896
105.376
103.269
102.134
101.337
99.1537
99.2948
98.2477
97.7579
95.969
96.4549
98.7629
100.031
97.5421
96.9059
99.3161
99.1909
99.7854
98.8665
98.4149
97.3525
96.1936
95.8052
93.8689
93.7161
93.4704
92.6142
93.0566
91.8751
92.6492
92.0431
91.8377
91.2756
91.6325
93.1978
92.259
92.5532
94.1583
93.8785
93.573
93.6127
96.8556
97.0295
95.7301
97.5928
98.671
98.0924
97.5511
98.2926
99.1669
98.5986
99.6654
100.319
99.2694
98.3849
96.7697
96.9495
95.3816
95.6062
95.5184
94.327
92.0051
91.2602
91.448
90.7774
91.0798
91.0445
90.8249
92.3998
90.5457
89.9334
90.4285
90.6277
90.1214
89.5508
91.0458
91.9452
91.9103
92.7591
92.8879
93.6982
95.5643
95.3948
97.8298
98.1771
98.3014
96.9643
96.7186
95.4734
96.714
96.0956
98.3339
98.3714
96.907
97.5734
96.5844
96.8116
98.5821
98.1917
97.9189
97.8069
98.8741
101.02
97.5981
97.5056
98.6273
98.4791
100.375
100.993
99.4386
99.6437
100.067
100.488
99.5295
99.3758
99.5959
99.7301
101.073
101.124
100.518
98.7651
98.1165
98.3235
96.5568
97.8851
97.1812
96.8889
93.4565
93.5593
95.2354
96.8812
97.5603
96.2416
95.9835
96.5154
97.1512
97.0091
97.593
98.3656
97.3574
96.9117
96.2971
96.2125
96.3684
96.454
94.4656
95.1835
96.0508
96.8302
97.9497
96.2359
96.7475
97.1823
95.4732
96.8286
96.9427
96.607
94.2494
95.4335
96.7417
97.2804
95.6995
92.6472
91.3169
90.6798
89.9414
89.8334
89.1612
89.1314
89.3762
90.4307
89.1632
88.848
87.7594
84.831
84.0898
83.825
82.561
81.5204
79.8511
79.2261
78.7544
78.1569
78.7327
77.8959
76.2832
74.9148
74.8978
76.4568
76.1005
76.5281
76.812
77.9056
78.4501
77.7245
80.935
80.586
80.4778
80.0026
81.1683
79.9537
78.4671
77.0159
75.8394
75.9722
78.6633
77.6987
79.4806
79.096
79.4361
81.5577
82.114
81.6723
81.6289
80.9796
79.3581
78.2377
78.4573
77.6406
78.7811
78.6779
80.3669
80.3807
80.3592
81.0628
79.3534
79.876
79.8599
78.1863
77.5221
77.728
77.2506
78.4698
78.2149
77.3549
77.079
77.1327
75.9234
76.399
76.8231
77.3965
75.777
75.547
73.7379
74.7977
73.9647
73.2311
74.5664
75.0355
76.0359
76.7002
76.9067
77.1504
77.4547
76.985
76.4913
75.168
75.1551
75.5949
75.27
75.4543
75.5565
74.4032
74.1619
72.9038
70.8329
71.0123
69.6827
