102.455
101.985
101.463
100.874
102.091
102.516
101.953
100.731
101.409
100.552
100.542
100.532
101.753
101.402
101.318
99.9336
99.6424
98.9279
96.2662
95.6695
95.8613
96.423
95.1655
95.818
95.7621
94.82
94.7104
92.4645
93.521
93.6421
93.7201
94.9677
95.4672
96.0323
94.873
95.3806
96.0999
94.7061
95.2435
96.9237
96.7209
96.1746
95.1991
92.3253
92.0021
92.7193
91.1346
89.9215
90.0505
90.4754
90.7413
91.9246
90.6389
89.7713
88.6638
87.6851
87.0511
86.7793
86.6955
84.9002
83.4223
82.8966
83.4434
85.1387
85.5732
85.7437
86.5561
84.5245
83.4075
84.0062
84.3967
86.9963
85.4518
85.0923
86.226
86.3001
87.6656
89.0594
89.379
90.8181
91.3715
91.5227
93.6793
93.0607
94.4851
93.9461
92.875
91.6323
89.9445
91.6829
91.3475
92.3176
92.0227
92.0131
92.5762
94.5457
93.7233
94.1475
94.5237
97.7853
99.3755
98.35
98.7868
98.3041
99.0674
99.4795
100.327
101.814
103.63
102.923
101.749
100.763
100.224
98.7847
99.5549
99.1995
99.7685
98.1509
98.0862
98.7811
98.2666
97.3288
98.4683
95.7197
96.67
96.4311
95.7552
93.1762
93.8989
92.7937
93.8831
93.7894
94.2034
93.4764
94.2196
94.3153
93.454
93.8431
93.4859
91.6927
91.7174
90.849
89.451
88.4625
88.6759
91.2436
91.096
92.0266
90.0117
90.2989
89.4443
89.08
87.2436
88.0064
89.6134
89.453
90.9079
90.233
90.4197
90.0689
90.6097
89.7146
89.3239
88.9249
88.0862
89.84
89.6062
90.7443
92.6396
90.654
90.72
87.8586
86.7734
86.1108
85.2277
85.0907
85.3966
84.8876
85.7598
84.5997
84.857
84.4891
86.7338
86.3332
85.6147
84.9698
84.2058
85.8923
85.1599
87.4701
89.2301
89.0198
89.7785
87.9408
89.3182
89.2097
89.597
88.4468
87.8306
86.8642
88.2102
90.2981
91.0023
90.3803
90.8876
89.1721
88.8539
90.1407
89.8772
88.2045
85.8612
85.185
84.4767
83.9465
84.7861
84.4162
86.3737
86.4974
87.4649
85.9181
84.6248
85.6237
85.1834
85.3887
85.6306
85.5692
86.5419
85.7775
86.6016
88.9514
88.3694
87.8993
87.932
88.457
86.0336
86.4892
86.2893
86.4351
85.5667
84.2025
86.1337
85.3189
85.2462
84.1718
84.4241
83.1116
84.0449
84.1124
84.877
83.9938
83.0237
83.9784
85.6364
84.6624
83.7042
84.5741
81.3848
80.4575
79.2891
77.9537
77.3827
75.2837
76.9288
77.1994
77.1178
76.3845
77.8703
77.5651
79.2834
80.6686
81.7536
82.4598
81.1464
80.973
80.657
80.6188
77.9817
76.3502
78.2777
78.7371
77.0812
77.6465
76.8159
77.8234
78.7631
78.763
77.2379
76.6426
76.7063
77.3147
77.9958
78.0781
78.1185
78.4168
77.8285
76.6916
76.7331
76.6307
77.1195
78.118
79.434
79.5982
80.3628
81.275
82.6375
81.6585
80.758
79.7503
80.1979
80.7464
82.416
82.1989
81.4105
82.0335
83.8006
83.0717
83.491
84.0015
86.5122
86.7926
86.8395
88.1917
89.1537
88.445
88.2546
87.4883
86.0275
88.2315
90.5437
88.7859
88.5649
91.2914
90.5378
90.2281
89.3934
87.6381
89.8665
88.4616
89.237
87.65
87.8757
88.7213
89.8467
89.9832
89.8575
88.4778
88.9985
89.9086
88.9156
88.8708
89.683
88.4019
88.094
87.9647
89.3014
90.8832
91.8637
90.0665
89.2887
89.6844
90.9762
91.1273
93.7146
93.7259
94.0965
94.006
94.3032
94.2872
94.9692
95.1785
95.1564
96.5488
98.9566
98.6151
97.6709
97.7472
97.9866
98.4646
97.1631
96.8117
95.5214
93.9201
93.1394
93.2758
97.0229
99.0903
98.428
97.9868
97.1963
97.3529
96.4737
93.8286
94.1827
93.4623
93.881
94.2241
93.8521
92.4762
91.1432
91.0735
92.919
92.0656
90.4565
92.4237
93.5097
92.0835
91.9158
91.4099
92.8132
91.4291
90.4404
91.2264
89.8957
91.4393
88.7919
88.461
88.0356
86.7688
88.6264
86.2934
87.0265
89.4341
87.8309
87.3253
86.9702
84.2474
83.3755
82.5364
81.9496
83.5575
83.9306
84.4167
85.2752
84.611
84.3093
85.6719
86.8016
87.6929
87.4501
89.9394
91.213
91.4014
91.6402
89.5917
90.8268
92.0707
91.559
91.9775
91.9114
91.9056
91.4647
91.3379
92.4436
92.8464
92.2044
90.9371
93.0046
91.0274
90.4869
90.4152
90.7283
90.4822
90.93
91.2195
90.4534
90.9078
89.7321
90.0257
91.5055
91.8328
92.7948
89.8104
89.2079
87.0088
87.2009
86.2776
85.5631
85.9781
86.9919
87.1777
86.4196
85.7503
86.6452
86.9405
88.6219
89.1744
88.8204
87.2934
86.0082
88.9537
92.5462
92.7821
92.6821
94.0985
92.6765
89.6548
89.2784
88.2519
90.1528
89.2498
89.0127
90.2306
90.4302
90.7347
89.1698
90.2189
91.5284
91.2151
90.8152
91.7571
94.4832
95.1753
96.5075
97.0945
96.8838
99.1188
100.49
100.922
101.431
101.088
101.464
103.384
106.283
105.61
103.554
104.934
102.598
104.622
104.832
104.41
106.494
106.033
105.812
105.421
103.5
103.423
103.757
105
104.408
105.022
105.21
102.668
102.407
100.202
99.779
100.898
99.739
99.8109
99.9198
97.9319
96.4694
95.6202
98.2635
97.3262
97.6255
96.7243
96.4319
96.649
97.7207
95.3499
93.2197
93.4713
94.0318
93.6549
93.4181
92.645
93.8825
94.8941
94.1698
96.2729
95.3192
97.1907
97.9061
97.6167
99.0932
99.4682
99.2918
98.6475
98.3766
96.682
96.0306
96.7989
97.6626
97.4896
97.695
95.9091
94.6569
93.8396
93.5854
93.5518
93.8393
95.1995
95.3067
96.9272
97.0249
97.6976
99.0542
99.3067
101.385
98.0279
