100.194
100.621
99.6506
99.6018
99.8987
99.9867
97.5634
97.043
97.8317
98.8178
100.05
100.909
101.641
101.426
99.6296
100.122
102.931
102.79
102.589
101.428
99.8189
99.2744
99.4632
98.3699
100.26
101.428
101.239
99.8302
101.419
100.991
99.5315
99.1083
98.4389
99.0649
100.467
99.5372
100.593
101.874
102.012
100.909
101.292
103.53
104.49
102.703
102.115
101.944
102.548
98.9013
99.1548
100.657
101.402
103.318
101.981
103.74
104.765
105.161
102.968
100.689
102.609
101.265
101.271
100.173
100.913
100.716
101.334
98.8562
98.2965
95.9988
94.6289
92.0295
91.0914
89.5727
90.4809
88.5381
89.6772
89.2242
88.7226
89.6654
89.47
91.0703
90.3576
90.3316
89.3359
90.2176
89.4347
88.7782
89.3241
88.216
87.2534
87.7971
88.8248
91.7037
91.4338
91.9002
90.1983
92.6188
90.2768
93.2002
93.4072
93.7278
95.7124
95.1378
96.9004
95.9156
94.3543
94.2306
95.0254
95.668
96.6499
96.2845
96.7494
99.4545
97.9738
97.7431
97.4946
98.8663
98.5869
98.1749
97.592
96.5883
97.5579
97.0904
98.7624
98.1795
97.808
98.3694
97.8248
97.438
98.0276
97.3169
97.4371
94.7163
93.5715
91.9429
91.8863
91.8561
89.866
89.5202
89.6371
91.1069
91.9544
92.3017
90.9246
91.0558
93.4392
93.057
92.8265
94.4159
93.4647
92.8435
94.4156
95.3822
94.1867
94.7248
97.0152
96.118
96.3993
96.3966
96.6782
96.7551
96.7053
97.3716
96.521
97.1514
97.6321
96.4111
96.8714
97.4555
96.2112
98.6422
99.1904
99.5209
97.8301
98.4483
97.342
99.5126
99.5695
98.3095
99.4332
98.2702
98.5861
97.3066
98.1233
98.5281
98.6551
97.7567
99.0926
100.458
98.7099
97.7217
96.3034
96.0353
95.9937
96.0225
95.2023
94.7502
95.004
96.4226
97.5772
98.5735
97.9144
97.714
97.1142
99.0635
98.3148
97.9394
98.4731
99.7519
98.6934
98.1904
97.4657
97.1777
98.4653
98.7702
96.6368
97.412
99.9477
99.4044
98.5525
98.7319
99.5193
98.7367
95.881
94.9605
94.0563
92.588
92.0903
90.0529
90.9594
90.1339
88.6209
89.9574
90.6811
90.0022
91.8749
90.8351
91.6102
92.046
91.1815
91.0901
89.7201
87.7153
89.2138
89.728
88.0124
87.2147
87.2444
87.4297
87.7113
88.4799
87.393
86.0928
85.6816
87.5556
87.8332
85.7932
86.5199
87.1191
86.4416
85.9362
86.8463
86.077
87.9206
88.1484
89.3236
89.1263
87.5315
87.002
85.7391
84.9428
85.1179
85.9071
88.545
88.4909
88.5923
89.3865
89.6621
90.9512
91.0128
91.3216
93.3359
93.6928
95.0157
92.7435
92.3654
92.9712
93.7036
93.369
93.2484
93.6694
93.5519
94.2756
93.719
94.5792
94.5752
93.7719
95.057
97.0185
96.8593
95.3057
96.6258
98.398
97.051
96.5918
99.7205
96.5689
96.675
96.6103
97.8241
96.9284
96.8403
96.1771
93.3705
92.2278
91.6192
90.7249
87.8271
87.8956
88.6764
88.6468
88.5432
87.6426
88.1397
88.4179
88.1354
87.1312
86.3213
87.5302
86.6646
88.4528
88.0227
85.7293
86.0599
86.8801
87.3734
86.3658
84.898
84.3994
83.8525
83.5898
84.4607
83.4795
82.1113
82.2728
81.799
82.8292
84.4042
84.1422
84.0082
84.1379
85.4339
83.5618
85.1622
82.7104
81.775
81.9065
83.4829
83.086
82.7623
83.2561
83.2458
82.6397
83.2408
84.0139
84.0965
84.1204
85.2255
84.0032
80.6219
81.1211
81.3906
82.2708
80.7621
83.1834
84.2376
84.4713
84.9847
86.4913
84.9665
84.4672
84.14
85.4895
86.2395
85.1319
87.4444
90.0758
90.4121
89.0502
88.9968
88.0419
88.5037
90.4148
89.8298
89.8966
90.1222
92.2588
92.8849
92.6171
95.2383
95.2164
95.0599
94.5287
94.3571
93.6338
93.2392
94.3487
94.2365
93.7384
92.9251
90.8164
91.8914
90.5261
86.9777
86.7342
87.8087
85.7695
85.1745
85.4235
84.174
82.1102
80.3706
80.7322
80.3157
81.2099
80.5035
81.5868
81.8385
81.9135
82.1325
82.5362
84.6927
82.4722
82.8623
82.2065
82.0828
82.6613
82.8259
83.7075
82.6487
82.7889
83.5513
84.767
85.8537
84.8129
84.4772
84.6469
87.9729
89.0243
91.5443
92.6497
93.9696
91.7808
91.7267
92.9843
92.8826
92.3828
91.1568
91.7493
92.0765
93.1373
90.9272
89.8278
89.6484
90.1329
89.9904
93.1495
93.4894
95.468
94.1157
94.4326
95.4852
96.6224
96.024
95.4851
94.8261
95.3225
95.5783
95.0733
94.8714
96.4614
96.5457
96.4734
97.0238
95.9817
95.0732
94.1235
92.4005
93.2362
94.1087
91.989
90.7412
90.498
90.171
90.0657
91.2844
91.1304
90.2549
90.9133
91.2433
91.5345
92.0553
92.5656
90.7362
89.8493
90.3308
89.8925
90.5838
89.4274
88.0085
86.2835
86.7702
84.627
84.296
85.9685
86.7979
85.6391
85.4234
84.6731
86.9236
87.3893
87.0779
86.0738
86.6436
87.829
87.5361
85.7679
84.3501
82.7119
84.2038
85.3193
85.8299
85.5625
85.6885
86.283
86.3469
86.743
85.0344
86.0284
85.4485
82.0411
81.9406
82.3089
83.323
82.3256
81.8032
81.121
79.7885
81.6421
82.345
82.3677
82.0421
80.7477
81.8867
81.9472
81.2991
78.6156
78.0541
80.1461
79.8931
80.2803
80.1998
79.6884
81.5944
80.5144
81.2416
80.3619
78.9223
79.5976
78.1766
78.3902
79.0686
80.7958
80.7465
80.8702
82.0728
81.3407
81.7225
80.9236
80.3778
79.9515
81.9033
82.4995
83.223
84.2513
84.3319
83.2989
83.1329
82.5683
82.9121
83.3971
83.4162
82.4574
82.8022
83.1657
82.7261
84.0256
85.266
87.5948
90.375
88.6356
