98.9548
97.9095
96.8733
97.923
96.8652
97.5589
96.3742
94.9166
94.775
94.0549
94.2852
95.7377
95.7502
96.2701
98.3893
99.4087
97.7265
97.2076
96.9845
97.8429
98.2032
99.5678
97.6573
96.8312
98.8042
98.508
98.9837
99.9184
99.3057
98.8976
100.19
103.458
105.543
105.078
105.148
104.402
102.983
102.126
103.128
104.268
103.897
102.021
101.702
103.09
103.938
100.251
97.457
96.789
96.5565
98.088
96.4939
96.8536
94.9558
95.5856
94.944
94.8013
94.6754
94.0057
93.3487
94.6405
94.276
91.3949
91.6353
91.982
92.4884
93.4233
93.8808
94.6958
95.601
95.3743
94.7732
96.7766
95.1121
94.8466
94.8001
95.2437
96.687
93.5946
94.3529
96.6802
95.364
95.8032
95.4019
95.4435
93.508
92.3636
91.0751
89.4943
91.157
90.4126
88.4767
89.1905
89.2557
89.6777
90.2454
90.317
90.2024
92.0413
91.5665
91.806
92.2174
92.2011
92.9299
94.4037
95.0781
96.5426
98.5847
99.4523
99.6224
98.692
99.2441
99.5268
100.973
101.623
103.474
103.394
100.764
100.665
100.821
100.844
100.481
100.609
98.9369
100.332
102.794
103.036
101.578
101.615
101.091
100.586
99.4329
98.78
98.865
98.5365
100.493
98.846
99.6057
99.6876
97.8031
97.2353
95.9351
95.3215
94.3236
93.7859
93.469
92.4342
92.0396
92.0835
91.6797
93.6955
94.7759
94.919
93.8991
94.4613
94.4446
92.5714
92.4861
90.8898
90.0305
91.0686
90.01
89.9407
89.8766
90.4094
89.3639
88.9051
86.8155
86.4943
86.4236
86.6756
87.5163
86.51
86.3376
85.8987
85.9115
86.212
85.7151
85.4057
84.9058
84.4862
85.3378
83.575
81.7255
82.2221
81.7549
82.1706
81.8118
81.4142
82.3099
82.2912
82.181
82.865
81.7301
83.0666
84.4542
84.8567
86.1449
85.6598
86.9528
88.7313
89.2966
90.117
89.2974
90.5225
91.3957
92.5949
92.5317
92.0784
91.6773
90.5691
92.7824
92.6876
94.1798
94.2177
93.8326
92.1236
93.3837
92.9046
92.8535
93.0978
93.6849
96.1947
97.2467
97.3073
95.6855
95.9379
96.9249
97.8206
99.3281
99.339
99.0376
99.3577
98.6012
100.029
100.53
101.276
100.52
101.655
100.073
101.143
101.957
102.393
104.211
104.443
103.051
103.602
102.978
103.244
102.176
100.19
100.845
101.596
102.713
103.597
104.876
105.331
105.164
103.961
104.329
106.146
103.57
103.48
103.469
104.68
102.626
101.138
99.757
100.17
102.117
103.629
104.669
102.853
102.955
102.311
101.181
102.754
100.274
102.64
104.338
104.467
105.281
106.733
106.035
105.842
105.91
105.595
105.432
104.488
105.142
107.157
108.294
107.127
108.741
109.723
107.703
106.27
105.441
107.709
107.556
108.785
106.064
106.239
105.072
104.008
103.348
103.254
102.999
102.887
100.785
101.603
102.063
101.274
101.471
99.9902
98.3681
98.8416
97.691
98.1723
99.086
99.2557
98.247
97.1253
96.7421
95.1376
94.2922
96.1552
94.5822
96.0392
95.4708
96.0676
94.109
93.1113
90.5592
91.7864
93.4937
94.6428
95.7834
93.3143
92.0395
92.8471
93.171
90.7989
89.5907
87.7711
87.0271
87.4069
87.5749
87.4502
88.7423
90.0605
89.6766
87.8427
87.7875
86.4509
87.4494
87.6372
88.8454
89.5959
87.8093
89.4993
87.1961
87.4245
85.4111
86.7702
86.5294
87.3377
88.7903
90.0597
90.1508
90.4357
89.9241
89.8061
92.4246
92.1129
92.6282
92.2047
92.2432
92.3301
91.6443
93.647
93.9188
95.6665
94.492
95.9459
94.4066
95.9592
93.9853
94.1718
92.4283
92.7886
94.1284
93.7905
94.49
94.7125
94.2966
93.6088
90.9211
90.5971
90.524
89.1574
89.2302
88.2306
88.9651
89.0689
86.9333
85.9959
85.3473
86.023
87.0573
88.0583
87.8195
88.0333
87.8536
87.4931
86.9485
85.5071
83.3475
85.1138
84.0271
84.5016
83.9934
84.5315
84.3238
85.3462
85.2608
83.9912
84.7446
85.6037
86.61
88.665
88.5452
88.7346
87.2231
87.4982
89.2471
88.1827
88.0052
88.2178
86.4822
87.5213
88.8434
87.6645
88.3658
88.5869
89.0361
88.2416
88.78
89.3928
90.0751
89.1867
87.8175
86.2898
85.966
86.7233
85.8814
87.0016
87.7021
88.0909
88.8347
87.8929
87.5475
88.1598
89.4994
88.4821
86.3715
87.2521
89.08
89.2115
88.9465
89.3139
89.5646
88.2872
88.4634
86.9732
88.2656
88.5658
89.3188
89.1071
88.5343
87.5509
87.0793
84.8777
84.5327
84.6485
86.2814
85.9618
85.3316
84.9333
86.2288
86.3691
87.5047
88.3678
90.7878
90.9881
90.0204
92.1299
91.5478
91.3787
92.7128
92.6367
93.1631
94.5812
93.6606
92.9518
94.39
96.4068
96.9523
95.8822
96.1275
97.4666
97.4068
98.4731
98.567
99.4965
98.9821
98.6337
98.7023
98.1692
97.3322
96.8682
95.8285
94.3059
95.3198
94.1212
92.7903
91.1618
92.0541
93.8235
93.2347
93.6081
92.4566
92.4349
92.1617
93.1234
93.1268
95.5752
95.6356
98.134
97.4296
98.1449
98.5724
96.6226
94.8503
96.2219
96.7249
94.8574
93.4232
92.9757
93.1533
93.3572
92.6478
90.8888
92.6416
94.7804
95.287
94.3849
95.4421
95.9715
94.8015
93.6356
93.427
94.9395
92.8374
93.0548
93.1268
91.6223
92.1893
89.6749
89.2568
89.1651
88.189
87.2525
86.8858
84.923
84.4698
83.5034
83.864
84.0638
81.7648
82.8981
82.2165
83.2966
82.6198
80.039
79.652
80.8594
81.3335
79.441
79.2995
79.1476
79.4608
78.6972
78.1265
76.9012
77.3268
77.1073
77.2679
78.3376
78.0188
77.7282
