101.307
101.514
103.1
101.634
101.822
103.028
102.759
103.586
103.459
103.517
105.378
106.148
105.468
103.777
103.386
101.95
103.291
103.111
105.644
106.569
108.307
108.356
109.088
108.566
109.209
108.658
110.094
110.979
110.351
108.77
108.943
109.373
110.237
113.145
113.98
114.115
115.388
112.189
111.92
110.38
114.656
113.592
113.624
113.813
112.984
114.564
113.039
113.973
113.185
112.75
111.773
110.169
109.491
109.789
108.697
107.943
106.117
107.339
107.676
106.18
107.225
107.229
105.19
105.83
105.639
106.613
105.679
104.499
104.219
103.371
103.139
103.589
103.77
104.424
103.617
102.043
101.392
101.548
98.9792
97.854
97.6307
96.2951
97.1544
98.3215
97.1533
95.0242
94.9627
92.8302
94.6596
93.5005
93.1781
90.5347
90.4949
91.5963
90.2303
91.4503
90.4275
89.1105
89.2908
87.7777
87.6425
86.5941
85.44
85.7869
86.3924
85.8313
85.2591
82.5265
82.8051
81.2414
81.8646
80.5765
79.9611
79.3717
79.1534
78.5789
80.2815
79.938
80.3296
81.0588
80.0682
80.5058
80.0225
79.4892
79.9973
80.26
80.0965
79.2748
79.1652
80.2923
80.0466
77.2535
76.404
77.8849
79.0708
80.7093
79.5919
79.7668
79.9918
80.0783
80.4913
79.5827
80.5187
81.0786
79.6007
79.5095
78.6713
78.7794
79.874
80.3681
81.9961
82.5463
83.2424
81.6073
82.4558
83.2538
82.8518
83.5726
83.3953
82.1427
83.0971
84.5379
84.2838
83.4472
83.1633
82.7251
82.898
82.4564
81.1528
80.8297
79.9039
79.1175
80.1864
80.6582
82.7518
82.5067
82.1125
83.2278
82.4856
82.714
83.4541
84.6906
82.7816
81.54
80.2824
79.3729
78.5539
76.841
76.2772
77.1694
76.3466
76.2413
75.6926
75.8248
74.7133
72.1685
73.6053
74.5733
75.2874
76.0097
75.5511
76.8283
77.4463
76.5626
76.4651
76.6447
75.0442
74.5069
74.5032
74.5922
75.3047
75.4421
75.98
75.8287
74.7459
74.9735
74.5284
74.5807
73.2128
74.2356
74.0968
74.4253
75.4261
77.3735
76.9282
78.431
78.1444
80.0645
79.4531
79.4182
78.526
79.5815
81.0476
81.8903
81.6498
82.4055
82.1605
80.4579
80.3548
80.1656
80.0148
80.5889
81.3833
80.3087
81.1018
79.4725
79.8048
79.7437
80.336
82.9702
84.8412
85.6492
84.8098
85.6824
85.5403
87.8087
88.2626
87.9663
86.2286
84.4538
85.1817
83.7262
79.2688
78.126
77.8017
76.9324
77.8563
78.9205
79.5926
80.4141
80.2615
81.1166
80.7474
81.0433
80.7134
80.9203
79.8249
78.2199
78.3811
78.5543
77.9427
78.0585
76.6239
77.0204
76.2213
76.6179
74.2074
74.501
76.7216
77.6181
76.1998
76.604
78.3149
78.2419
77.9793
78.1326
78.5304
77.874
79.1547
78.1118
78.6606
78.9796
78.4079
77.1031
77.7926
76.6032
76.6402
77.4703
77.5172
78.7656
78.0503
79.9222
79.0126
78.323
77.1162
76.4001
76.4193
76.8969
76.0976
75.5713
75.0267
74.4087
74.2152
75.5844
76.0693
77.722
76.8004
77.0785
76.6782
76.7718
76.8894
76.9007
77.9458
75.6994
74.947
73.3843
74.9024
75.7532
75.5348
75.3851
76.1386
75.4044
75.7099
75.8825
76.8235
76.3083
76.7362
76.0348
75.0216
74.8953
75.0857
74.4371
75.6658
74.8953
75.3108
73.5178
71.1866
70.8403
70.5897
70.3318
72.7383
73.3103
73.1158
72.7449
71.7984
72.1313
70.5547
69.5777
70.139
70.4192
69.5096
69.9419
70.5738
70.7618
69.0395
70.1451
70.5667
70.3179
70.077
69.8714
69.3139
68.1317
68.0994
68.5741
68.9091
68.8114
68.3312
69.2456
70.9881
69.3129
68.3027
68.5085
67.1269
66.4479
65.5065
65.2358
64.89
63.6536
63.7079
62.2731
62.3154
61.6902
60.7214
60.1182
59.2235
59.0696
57.8137
57.2447
57.6816
56.9748
58.5325
58.6171
58.033
59.1885
58.4454
57.8628
58.2766
56.1468
56.5216
57.0003
58.128
58.4612
58.115
57.7039
58.0408
58.9207
58.537
57.8386
56.5711
56.9027
56.9645
57.3767
56.4463
55.6964
56.0975
57.2302
57.5034
56.7867
57.1977
57.4086
56.8108
56.8459
56.2469
55.9765
55.2879
55.9275
56.1581
55.8322
55.2128
54.1959
52.378
50.8288
51.0306
50.771
50.4116
51.2729
50.6495
50.4191
50.5233
50.396
49.4445
49.2868
48.9608
48.8851
48.9103
48.6209
48.7247
48.7378
47.7532
47.52
47.6053
47.3092
48.2315
47.9366
47.6994
48.8436
49.4773
49.2047
49.7672
48.2642
47.948
47.726
48.8115
48.5692
49.0295
48.3995
48.6539
48.8845
49.2247
49.7353
49.8044
49.7847
49.0398
48.6923
48.4314
47.848
48.852
49.2853
49.9199
49.9195
50.1025
49.2921
49.6278
50.6333
51.012
50.6983
50.3438
51.3866
51.8863
51.485
50.9519
51.0531
51.0779
50.4778
50.874
51.3809
50.6439
49.2755
49.8959
49.3314
49.8168
49.239
49.332
48.4675
49.3652
48.7237
49.2951
49.5546
49.1386
49.666
48.9167
49.7519
49.197
49.7076
49.2166
48.8892
48.9447
48.409
49.0289
49.4128
48.8624
49.1321
48.7764
48.5939
47.4855
47.6013
47.7852
48.5851
48.4506
47.3756
47.449
46.9961
48.0576
47.7221
47.3947
47.2958
46.9859
46.7132
46.7215
47.0287
46.8843
46.8917
46.5093
46.3385
45.8603
47.2657
46.3411
45.7134
45.6336
47.0325
46.4195
46.327
46.6468
47.2281
46.801
46.9463
46.5957
47.5677
47.7037
48.8177
48.3962
48.2732
48.2656
48.1451
49.2777
48.5627
48.2569
47.4619
47.4536
47.9722
47.8159
47.3861
47.1633
47.9187
47.2126
46.9674
46.5629
46.1519
45.7622
45.3627
