101.03
102.302
102.285
102.32
102.035
100.316
99.1493
100.093
97.8856
98.3223
98.555
98.4143
99.6242
100.274
97.937
98.9131
99.6951
99.6724
98.8534
99.2533
98.7241
96.8514
95.8629
95.6261
95.6063
95.2267
95.2992
95.8927
94.754
92.8995
93.9194
93.1071
92.9399
93.6064
93.9358
96.4565
95.2829
93.6799
94.9446
96.7343
98.974
99.583
98.7353
100.104
98.9986
100.03
100.221
102.959
100.126
98.6274
99.5711
100.57
100.992
100.079
98.1146
98.2698
98.198
96.7786
95.8443
98.7356
98.2099
102.345
102.287
102.787
101.886
102.887
102.626
101.942
101.46
101.946
101.487
102.053
101.078
101.082
100.666
101.137
100.104
100.449
97.8041
98.5361
98.6916
97.8529
100.185
99.103
99.3509
99.8596
102.003
101.507
101.504
101.966
102.039
101.219
102.692
102.909
102.721
101.725
103.438
101.714
101.596
101.849
102.698
101.893
99.2418
99.9089
96.7409
97.1334
95.5232
94.9227
94.7353
93.724
93.6538
95.4767
95.4689
95.0829
94.8464
94.7909
95.9086
93.3057
92.8926
93.4753
93.2597
91.667
91.6948
92.4405
92.12
92.5436
92.445
90.9802
92.0279
93.6133
93.8832
94.9862
94.7525
94.5782
94.339
94.2135
93.9537
95.8031
98.1301
100.08
97.8926
98.9188
100.012
99.2956
99.0421
99.1994
99.5405
99.1241
100.437
100.545
101.45
101.522
102.012
100.061
101.796
103.49
103.237
103.468
104.638
102.711
104.065
104.919
104.918
103.157
105.243
104.278
103.1
102.703
102.333
105.222
104.548
105.048
104.923
107.493
103.559
105.848
105.137
104.491
103.213
102.997
103.017
101.529
100.653
100.566
102.555
104.717
104.065
103.936
101.937
104.267
103.898
105.282
103.733
106.291
106.702
109.097
108.767
109.406
108.825
109.967
108.15
107.697
106.376
106.829
107.325
107.504
107.299
106.575
107.338
107.375
109.379
108.611
106.891
107.754
107.679
109.618
108.93
111.26
110.528
113.384
114.527
116.89
116.547
116.197
116.722
115.769
113.738
116.837
118.327
120.394
120.149
120.167
120.116
117.509
116.144
117.832
116.271
115.01
113.987
115.657
115.845
117.173
114.348
112.963
112.479
111.123
112.687
115.666
113.282
114.84
113.749
114.308
113.782
113.311
111.382
109.131
108.26
107.116
104.149
103.055
103.691
104.234
105.421
105.789
104.77
105.633
104.359
106.025
106.507
106.832
110.207
109.208
107.795
109.593
110.6
112.807
113.56
113.693
114.69
112.728
111.732
113.991
112.182
111.591
110.118
109.138
107.187
105.804
105.673
106.101
107.13
107.999
107.991
108.673
108.477
109.111
106.811
106.502
106.106
106.848
106.22
105.354
106.954
106.988
106.887
107.965
106.802
107.224
109.826
106.782
108.9
108.4
109.957
111.524
113.8
113.955
116.715
117.404
117.179
119.118
121.53
123.806
124.597
124.162
123.84
127.183
125.799
124.922
126.411
124.23
123.795
125.889
123.507
126.272
125.447
124.17
123.276
121.814
121.934
123.11
123.24
124.361
124.422
122.033
120.32
120.898
120.755
118.471
119.162
117.027
117.243
116.181
114.575
113.528
113.541
111.865
110.487
110.442
108.782
109.302
107.562
106.173
108.267
108.322
108.112
109.501
110.751
109.544
110.005
110.854
111.288
110.016
109.248
109.343
109.566
109.747
109.229
109.318
109.013
109.937
110.577
107.303
106.159
106.111
105.537
107.796
108.085
108.148
107.344
105.128
105.799
108.767
106.03
103.985
102.702
104.351
103.989
104.977
104.469
106.257
108.083
107.865
106.142
105.163
102.87
99.8263
99.4261
98.5104
98.5555
99.8012
97.8083
97.1563
95.1021
94.7848
96.3598
97.0607
95.6326
96.7985
98.5647
97.5295
96.6414
95.6606
96.7832
97.6639
98.1147
97.9239
98.6749
97.447
98.8026
97.9436
98.0325
98.0992
96.303
96.9431
97.1486
98.023
99.1975
100.174
99.6781
99.843
98.8406
98.4733
98.6882
98.0713
98.7117
99.5186
99.4037
99.2208
100.236
99.0104
99.9603
98.4539
97.2926
96.6404
97.8109
97.3612
94.7629
94.0714
95.332
94.4458
95.4041
94.2614
95.5585
95.6818
95.7131
94.1651
95.8139
95.5825
93.936
93.5337
92.9212
91.828
93.7073
94.252
94.1733
93.6794
93.1665
94.6471
94.5682
96.1671
96.4379
95.5892
97.2893
97.2384
99.0079
97.8478
98.1268
98.4376
99.26
98.1596
97.0202
97.4323
97.5802
96.4248
96.7239
97.4643
96.4788
98.5104
98.8273
99.0929
99.1283
100.42
101.547
101.983
102.142
102.916
104.089
105.802
105.129
104.713
105.717
104.824
102.243
104.87
105.375
104.403
105.424
104.568
106.594
108.293
106.942
109.151
109.096
106.741
106.592
104.876
105.651
104.903
103.929
106.295
103.956
101.23
102.541
101.717
101.677
102.567
102.711
102.983
101.656
101.899
104.586
106.216
104.221
105.082
104.162
104.567
103.774
103.636
102.583
102.745
102.13
101.546
101.382
100.579
100.953
100.302
100.449
99.2062
98.8894
98.37
96.6949
96.5941
96.2873
95.4374
94.3963
94.3984
96.0414
98.1052
96.6011
95.1425
96.61
96.8664
96.4075
95.2147
95.6268
94.4456
96.4608
97.9016
96.0769
92.9156
92.8739
95.1505
93.2968
92.0896
92.4676
91.0845
92.6582
93.5975
93.661
91.9469
91.171
91.4383
89.2447
88.0049
87.8769
88.9609
88.619
87.5699
85.9466
85.2705
