101.742
102.981
104.218
105.927
104.777
106.51
108.712
108.386
108.925
109.911
110.278
109.673
107.127
109.351
108.557
110.805
111.212
110.157
110.383
110.106
109.906
111.612
110.817
112.203
112.796
112.607
113.182
113.281
114.4
114.384
117.456
117.042
117.434
116.709
116.934
115.685
116.64
116.448
116.28
114.192
114.803
114.251
112.461
111.296
110.597
108.203
108.799
108.781
110.963
109.287
110.386
110.759
109.791
107.636
109.512
109.616
107.629
106.335
104.842
105.406
105.916
103.125
103.176
100.648
100.51
99.5599
99.2929
101.279
100.406
98.3922
99.0808
98.8012
96.6903
96.5858
94.3568
93.7423
92.5172
92.652
92.9368
91.5903
91.3786
91.7322
90.2243
89.1376
88.9919
88.8979
90.1908
90.169
91.4681
92.0607
92.9377
92.8046
91.1844
91.5336
92.7355
92.6323
92.8799
92.2587
93.0133
92.8669
93.7225
92.0837
93.1209
92.4512
92.0284
91.6422
93.1861
91.8538
91.7056
91.9242
93.6128
91.259
91.0118
89.8208
90.4825
91.2069
90.2698
90.4072
90.581
90.3936
88.97
86.9117
87.6189
86.761
88.6594
88.101
86.4627
86.0085
85.8751
85.0436
84.7405
85.3646
85.8615
84.9321
84.3386
83.9914
81.7152
81.9704
80.2664
79.333
78.669
78.5658
76.8647
76.1753
75.8048
76.0807
76.3063
76.3498
76.9111
75.8234
75.7038
75.8643
75.7825
75.4672
75.3901
75.8608
73.6554
74.0822
72.0916
71.6757
73.4221
72.4761
72.7856
71.5788
71.1044
70.2593
70.6823
71.2776
70.5349
69.9527
69.7356
68.5168
67.3909
67.0901
67.2394
67.0473
66.9856
67.9479
67.6395
67.275
68.612
67.8379
68.1334
69.1512
69.0233
66.951
64.0406
64.3812
64.1971
64.5639
64.6936
64.9033
65.1802
66.4758
67.695
67.8638
68.3676
69.7971
69.3112
67.8217
68.343
67.5061
67.2985
67.8716
67.739
66.4487
67.2751
66.3294
66.7462
66.8935
67.7334
66.7725
66.1913
67.3865
67.9965
67.8336
67.1049
65.6163
66.318
65.3769
65.1855
63.9059
64.7785
65.2905
64.9386
64.7205
64.558
63.7382
63.5788
63.9973
63.5311
64.3667
64.7773
62.6268
61.721
61.9655
63.5633
64.2695
66.4503
66.5906
65.1489
64.8719
65.7902
65.8055
65.7027
65.7244
65.1749
64.3902
64.9232
65.5598
65.932
64.6857
66.295
66.1244
66.4873
66.0881
66.3196
67.3492
67.0621
65.737
64.7906
64.0091
64.695
63.786
64.212
64.8414
65.6886
65.6513
64.6373
64.3073
63.3908
64.7399
64.273
65.1619
65.2747
65.2261
65.8079
67.7149
68.2195
68.2029
69.3629
69.4497
70.1394
70.9148
70.8247
70.3147
69.8484
69.8009
69.0041
70.8099
70.0016
69.6775
70.0718
71.4839
71.6102
71.3535
71.3031
70.2588
68.4781
69.8234
71.3348
70.5031
69.7331
70.638
71.0471
73.4396
72.6047
71.9202
71.8309
71.7036
71.0598
70.5226
70.158
70.5502
69.1862
69.4753
69.3191
68.2184
68.4795
68.7844
69.0151
70.6278
70.7223
71.752
70.9415
70.4662
70.4963
70.7536
70.5191
70.1342
69.8505
69.2357
69.4518
68.9334
70.3737
70.7481
70.8004
71.0452
71.0152
70.4975
70.1232
68.55
69.8811
69.509
69.4549
69.3807
68.8532
68.6034
69.6616
71.6141
71.7154
71.1984
70.9178
71.0905
72.0344
71.687
72.7002
72.3313
73.4735
71.8202
71.8019
71.6643
72.1972
73.0886
73.1204
74.8262
76.6912
76.412
75.435
74.6075
74.9296
73.9017
73.2718
74.0303
74.0034
74.2567
74.942
76.1269
74.5844
73.4609
73.107
73.79
73.5315
72.8123
72.6393
72.7601
73.7965
74.0561
74.0493
74.9029
73.9749
73.5561
73.4222
73.3355
73.7106
72.8585
71.6257
72.0313
71.0958
69.8559
68.2564
67.2831
66.9086
67.1507
66.8887
67.6947
67.0234
67.7019
66.734
67.0981
67.0722
65.9007
67.2095
67.0328
67.2537
67.1469
67.9398
68.3912
68.2379
70.374
71.4807
72.3074
72.0946
70.9516
71.6849
72.8511
70.9849
70.3101
70.2354
69.8364
68.8246
69.5368
68.5919
69.9803
69.8782
69.6113
69.3036
68.6654
69.3516
69.3556
68.4877
70.0148
69.9915
70.2145
69.8359
69.1192
69.4897
68.7482
67.9611
66.2582
66.1406
66.6223
66.6737
65.4649
65.021
64.3235
64.3355
63.0205
63.296
63.1066
63.2766
63.3199
62.8106
61.7964
62.0582
61.7476
62.3138
63.7717
64.0852
64.3178
64.2344
63.5025
64.0315
64.9296
65.6808
65.5312
64.8534
65.2257
65.1964
65.6973
67.0095
65.2649
63.8892
63.8092
64.3908
64.4095
64.0563
64.383
64.2326
63.9978
63.9824
63.4895
62.3827
62.3604
63.6755
63.7688
63.7987
64.7043
64.1476
63.8157
64.1232
62.5068
62.4166
61.7217
63.1809
63.3252
62.8152
62.1117
60.744
60.2455
61.2039
60.8962
60.3095
59.228
58.9344
59.5254
58.655
59.2458
59.5088
61.164
59.969
59.5864
59.06
59.3947
59.6359
59.2984
59.8833
59.1759
58.9494
58.8803
58.3703
57.9236
57.4294
57.0091
57.8074
57.0564
58.9565
58.2754
58.6838
58.2094
58.9561
59.644
59.6719
60.0996
60.0523
59.466
59.9789
60.2296
59.6507
58.7175
59.7994
60.0389
59.8184
59.3417
59.8102
59.5498
58.7959
59.4628
59.8253
60.8435
62.1653
61.9811
62.9242
62.6751
61.4058
62.646
62.8555
62.3017
61.4243
61.5973
61.6183
61.1829
60.5754
59.3975
59.512
60.0139
61.7761
62.0616
63.4587
62.3981
63.0441
63.0034
63.588
64.0672
63.8714
64.8156
64.7103
66.9994
66.9868
66.268
63.9746
63.7512
63.3918
65.7204
67.1753
67.0645
66.5544
67.5918
67.6805
68.3486
