99.6844
99.493
98.6547
99.5683
96.8693
98.0957
99.4134
99.4072
99.9031
99.1997
100.512
99.8629
100.464
97.7727
100.423
101.11
100.154
104.604
104.61
102.176
100.999
100.524
101.924
101.046
100.785
100.581
101.455
100.385
100.78
102.672
98.9732
96.7817
95.8253
94.7501
96.0663
95.255
95.179
94.2164
92.6454
93.4795
92.612
91.4242
91.3501
92.4399
92.0867
92.7052
92.23
92.472
92.5799
93.3694
94.3829
93.3458
93.3125
91.611
92.6484
93.2418
95.3624
97.2099
96.3465
96.485
98.0329
99.4259
101.362
102.779
100.745
99.5536
99.1179
100.724
102.131
100.107
99.042
99.6357
98.7909
100.74
99.2423
98.6964
100.104
100.312
98.1505
97.0908
98.2557
96.3444
95.4262
96.3845
95.2945
94.8806
95.3358
95.9051
95.3915
94.3508
93.7218
93.0816
92.1746
91.556
90.6295
90.4462
90.3244
89.9028
90.7618
90.7423
90.3762
89.5881
89.5272
89.5972
88.7322
89.0357
87.3127
86.4712
87.63
85.6077
84.2378
83.2301
81.1282
81.8277
81.5437
80.6135
80.052
79.0835
78.2229
78.2404
79.5794
80.0402
78.5396
77.6319
75.7699
76.4137
77.1091
76.9715
77.1657
77.3205
77.8299
77.4997
76.8532
77.1695
78.611
77.6355
78.0708
78.7129
80.0056
79.5068
79.005
78.9472
80.5816
80.5884
80.0761
80.4518
80.1469
80.7185
81.7324
82.9327
81.8404
83.1005
83.7445
83.542
85.2902
84.9964
86.9131
87.5666
88.5616
89.0022
88.3619
90.5363
93.2677
92.304
92.4415
91.8157
90.9034
91.357
91.4117
90.0697
91.7303
93.0799
94.0977
94.3165
94.0894
93.4251
92.1685
90.0742
89.4647
89.3157
89.0446
90.2626
90.64
89.2059
89.1871
89.7104
89.2384
87.9177
88.6273
88.769
86.8206
90.3922
90.1052
88.4218
90.8247
92.1951
92.3989
92.8358
93.4804
94.5386
94.9914
96.8371
97.5584
96.1675
95.3071
93.7529
93.1589
93.4703
94.4526
95.3728
94.5768
93.1064
92.5308
93.6923
92.8187
92.0725
91.9452
90.4912
90.4484
91.702
90.7749
92.8782
91.6211
91.5229
92.6065
93.5714
95.3652
95.6077
96.558
94.4867
94.1709
94.3248
95.0247
96.3171
96.2347
95.0204
97.0095
97.9994
96.0737
95.5791
95.4646
94.9602
96.0592
96.0349
95.4354
95.5532
96.1556
94.064
93.9258
92.349
92.1951
92.6768
93.0006
94.022
94.8326
95.6373
94.9845
95.4103
95.4207
93.351
93.3916
94.2644
96.4789
95.9961
92.7891
92.0224
92.8848
93.9249
94.4946
94.8533
95.1553
96.546
96.3307
97.5585
97.2458
96.3265
96.7703
96.123
95.6596
94.378
93.4221
92.6175
92.437
94.2571
95.9235
96.2719
93.6223
92.4955
90.8219
93.5299
93.1429
92.8108
90.9547
89.847
91.5808
90.7611
91.9632
93.8473
94.8605
93.8045
94.8075
92.543
91.1992
92.3629
93.2202
92.6022
90.9244
91.6074
93.054
90.5242
90.0099
90.3762
90.2223
88.5176
84.8891
85.0338
85.7694
87.0318
86.3304
86.4882
86.8312
85.1114
83.7864
82.7288
83.0168
83.7881
83.538
86.1186
86.5234
85.3026
87.4941
88.3298
87.9219
86.367
87.8678
85.8403
84.5941
83.6583
84.6224
87.3156
87.433
88.6725
89.4505
89.246
89.4511
88.5695
89.7965
91.4917
90.8668
88.5791
87.6505
89.6884
90.3416
90.8209
91.1331
90.4973
91.2019
94.141
94.1042
95.3297
96.5733
96.3946
96.3881
95.5762
93.6392
93.8609
94.6333
94.2967
94.2052
93.1403
93.6245
92.3184
91.2286
91.9434
90.9079
92.1666
91.8226
90.9433
89.8253
89.7749
89.3751
90.4611
89.3351
88.8501
88.5945
88.277
87.8311
88.0709
88.428
89.5473
89.4591
88.687
87.3481
88.6892
90.0586
89.5638
90.5534
90.3502
89.7355
87.9453
88.4132
90.827
89.6136
89.4881
91.628
92.8458
93.1709
93.5296
93.9722
93.4132
97.6697
96.8797
97.2221
96.2342
97.0479
96.5724
97.251
96.3972
96.1058
96.9131
95.7669
96.5209
98.2791
97.6436
96.3247
97.3047
95.9084
96.8877
96.0236
93.5472
93.7055
93.0557
93.747
94.6751
92.933
94.5391
94.1102
95.9851
95.2005
94.8315
94.6268
95.5855
94.7031
93.5903
93.2975
91.9341
91.2745
90.666
90.2147
87.3624
86.877
87.9179
88.9135
87.4173
88.8089
86.9936
87.027
87.229
86.7648
85.3924
86.78
88.1127
89.0229
87.1928
89.2754
87.2944
86.9344
86.7186
88.4542
88.347
90.2237
89.9844
90.4646
90.4804
90.7892
91.8755
91.3292
93.0203
93.1159
93.7199
92.8453
92.2354
92.5257
92.3992
93.4217
95.5426
94.9823
93.493
93.9366
92.9173
93.9505
94.9999
94.2971
94.198
91.7702
92.6532
93.413
91.2837
90.5317
90.4359
88.8982
88.685
90.0202
89.6245
89.9376
88.9926
90.1692
91.349
90.6722
90.2033
89.473
86.8033
86.3683
85.6327
84.4453
83.2777
83.2533
84.5276
85.5926
83.1658
83.3683
82.6487
81.8357
80.8901
80.2054
80.2498
78.8057
79.3897
77.9703
78.2134
78.1672
78.5017
77.7915
77.6992
78.0331
76.9573
76.9287
78.0533
77.5345
76.7557
76.9652
77.1914
77.9496
78.3229
77.7545
77.1441
76.4205
76.2895
77.1143
77.438
78.2691
79.7349
82.7486
82.9187
82.3412
82.733
82.3187
81.3774
83.6784
83.9643
82.7864
83.4441
83.0864
85.2011
85.9708
87.7608
88.8123
89.3783
90.5784
91.0736
91.6094
90.985
91.9685
90.1582
90.1766
90.3831
90.6015
90.8039
91.2113
91.8193
89.6368
88.6126
87.6892
87.8498
86.1016
85.1289
84.9298
86.861
87.3682
87.6337
86.6013
88.823
88.447
88.7928
89.0301
89.7676
91.2622
91.6209
92.6112
91.8826
