101.86
102.121
102.185
102.653
101.859
103.298
103.466
104.612
105.106
106.555
106.08
105.17
103.99
104.043
105.024
105.067
104.43
103.153
103.832
104.826
105.729
105.403
105.031
105.379
105.505
104.31
106.044
106.28
105.457
105.675
106.932
105.8
105.973
105.619
103.498
101.385
102.903
103.761
105.312
106.845
108.517
108.204
108.859
108.514
108.857
108.19
108.441
111.671
110.549
109.732
112.418
111.569
111.125
110.14
110.638
111.673
113.328
110.809
111.618
112.23
112.514
113.779
111.098
109.89
109.082
108.902
108.236
107.199
109.514
108.91
109.353
111.638
111.42
108.537
105.835
102.775
102.609
103.663
103.062
102.15
102.45
105.069
104.613
104.464
104.76
106.495
105.734
106.899
105.831
107.145
108.144
107.902
108.949
108.745
107.356
107.207
105.825
106.331
108.06
105.806
107.017
107.081
105.318
105.557
106.643
105.496
107.139
108.804
107.268
109.099
110.286
113.038
114.108
115.681
118.895
118.091
118.399
118.167
119.807
119.38
118.763
120.137
118.085
119.615
119.218
118.835
118.826
121.629
121.057
121.222
123.252
122.259
119.686
121.495
122.541
119.493
118.498
117.597
120.141
119.197
119.247
121.56
122.123
121.277
118.789
117.797
117.253
116.815
115.555
116.546
116.651
116.255
117.105
116.48
113.92
116.262
116.391
117.602
119.233
121.297
121.672
121.264
121.167
121.122
120.934
121.927
120.523
122.005
121.637
121.577
123.047
122.342
124.356
121.807
121.682
120.568
123.934
122.513
122.03
123.741
124.363
124.443
124.141
124.101
123.934
123.465
121.794
121.288
123.018
124.767
126.94
126.168
129.335
129.272
125.291
124.723
122.746
123.003
123.256
121.683
121.28
118.931
120.412
120.03
118.047
117.402
116.897
117.945
116.989
117.002
117.76
117.731
117.691
114.777
115.945
116.306
117.415
116.841
117.375
118.978
119.329
119.912
119.707
120.064
120.241
122.294
124.272
123.353
124.768
123.977
126.237
126.753
127.421
127.328
129.581
129.955
129.676
131.372
132.143
132.631
131.67
131.553
130.462
128.832
129.378
131.788
131.115
133.793
132.299
132.816
134.911
134.115
132.356
133.093
133.933
135.997
136.333
136.582
135.379
135.676
138.362
138.829
136.042
136.936
137.824
137.279
135.089
134.667
136.674
134.556
134.499
135.263
136.212
135.586
132.855
129.253
128.827
130.254
130.539
131.715
131.407
130.393
130.852
132.072
136.157
135.133
135.779
135.639
133.378
133.122
133.227
129.997
129.397
129.759
128.381
126.09
125.698
126.822
125.496
126.822
127.12
127.859
127.787
127.562
126.987
127.267
127.498
129.077
128.809
127.187
127.488
125.164
126.43
125.954
128.318
126.878
128.472
127.853
130.219
130.594
130.443
125.735
125.936
124.415
126.293
124.757
122.487
122.388
122.025
119.426
119.414
120.224
117.675
117.979
118.15
114.393
116.408
115.599
115.841
115.509
114.93
114.19
115.02
114.733
115.339
116.881
118.026
118.371
115.262
116.938
116.651
114.848
117.008
117.838
114.882
114.624
111.709
112.16
109.893
108.254
108.33
107.492
108.343
109.252
109.86
108.862
109.683
108.82
107.899
107.12
106.619
106.236
104.531
101.221
101.079
99.8853
98.8572
99.5528
97.2437
95.8465
96.5356
95.7823
94.4903
95.2164
95.5909
96.6648
95.3581
96.2044
95.1084
94.5087
94.7512
96.6518
95.959
98.0399
98.5793
99.81
100.109
98.2762
98.3473
98.6129
97.7637
98.2371
99.0165
99.698
96.9865
96.2694
96.7032
97.537
99.5574
98.534
97.2622
94.4552
91.9076
89.9818
89.1299
87.73
87.9967
87.8775
87.8555
87.903
86.3909
86.9313
87.4567
88.3665
87.138
88.5631
89.6228
90.9718
91.5572
89.8289
91.6252
90.6721
92.1992
90.7114
91.9527
92.502
91.4839
90.4373
88.6637
88.6402
89.8938
89.6312
90.3247
89.6356
87.5754
86.9792
87.7073
86.8549
87.3217
86.4277
86.3196
84.1916
82.9987
83.4248
83.781
83.7012
84.3362
84.9817
84.8415
85.1356
84.318
82.3178
81.0456
81.9175
83.419
83.5642
81.519
80.6987
80.391
79.7536
81.8667
81.607
83.3179
83.6676
82.3566
82.4506
83.186
81.4738
82.7481
83.3761
82.1025
80.4919
80.8277
82.6739
81.6864
82.5274
83.0571
83.5715
82.8499
83.1975
83.4477
82.7037
83.3734
84.2087
85.535
86.952
87.811
88.8327
88.8962
88.2163
87.8311
88.1774
88.4627
88.0175
87.9946
88.0575
86.6467
85.4583
86.0901
84.6092
83.7751
84.8707
86.4113
86.32
85.4845
85.5658
86.0624
86.0989
86.6816
87.2807
87.8315
85.4409
85.6084
84.8969
85.2531
84.6647
84.4154
85.6545
85.0297
86.869
87.2378
88.2887
88.6062
90.0493
88.754
87.4266
88.3644
85.4569
83.5876
83.9747
83.5098
83.4136
84.6609
83.2856
81.5927
82.693
83.9411
81.8571
82.8481
82.9156
83.8771
85.5093
85.3142
84.9633
85.1753
83.6325
84.3414
84.4185
85.992
87.3345
88.5637
89.7506
89.7119
89.5128
88.4431
86.3755
86.3475
85.7404
83.633
83.1215
82.1485
81.6425
82.2493
80.1532
80.6351
80.7059
80.3025
78.4343
77.5918
78.5933
78.1489
78.6135
77.6365
76.733
76.815
76.8752
76.0705
77.4371
76.8781
77.6238
77.7171
77.7096
79.4741
79.1948
78.5239
77.7175
79.5839
78.4157
80.3901
80.4384
