101.121
100.826
101.089
101.445
100.973
100.839
101.013
101.064
102.335
102.346
102.33
101.448
104.537
104.48
104.857
105.229
107.428
107.394
106.31
105.483
107.207
106.473
106.849
107.067
106.423
106.146
105.395
105.447
106.492
106.123
105.733
106.116
108.511
107.437
108.676
108.868
109.132
110.183
108.751
110.113
109.063
109.844
108.468
106.712
105.189
106.792
108.003
110.37
109.272
108.573
109.707
111.92
111.697
111.378
110.695
110.607
108.663
106.724
108.741
109.085
108.081
106.814
106.034
105.296
104.916
106.119
104.553
104.602
105.162
104.064
102.451
102.648
103.032
104.751
106.524
108.036
108.29
110.157
110.713
111.082
111.132
111.624
111.961
112.553
112.955
109.264
109.479
107.82
109.232
108.653
108.325
111.025
110.565
112.248
112.152
112.117
113.664
111.502
113.018
114.207
114.382
112.872
111.197
112.156
115.211
114.712
112.808
112.537
111.207
111.131
110.62
108.852
108.319
108.294
106.906
107.278
107.619
105.313
107.12
106.097
106.329
106.952
106.53
105.652
107.285
108.042
108.152
107.984
107.346
106.301
106.307
104.916
104.182
105.177
104.76
106.116
107.909
104.773
105.343
103.15
102.622
100.688
99.3089
97.6597
98.414
98.9729
99.4638
97.8049
96.8811
97.9518
96.9597
96.6248
95.7146
98.5295
100.837
101.272
101.002
100.013
97.9475
97.5991
98.9329
97.2986
97.7317
97.8906
97.7068
98.0144
99.6844
100.574
100.311
100.126
99.996
99.6564
98.9406
98.011
98.1987
98.1645
99.6033
101.486
98.4844
97.9171
98.2253
101.766
102.831
103.702
100.745
101.415
101.316
100.891
101.229
101.282
99.5369
99.842
97.5012
96.4907
95.1941
93.507
92.3475
90.3629
90.6444
90.9489
92.604
92.5281
92.9711
92.0359
90.4743
91.0626
91.0002
89.3783
90.0703
89.5404
90.8203
91.1676
94.4423
94.1148
94.7493
95.2664
96.6754
96.9548
95.8432
95.4497
94.8892
95.1966
96.0625
95.1422
95.2768
96.8738
97.5818
95.6489
97.1441
95.7502
94.781
95.6793
96.6919
98.0583
97.4015
97.3341
95.7352
95.1383
92.3473
91.6386
93.2512
92.24
90.6306
90.2199
89.6264
87.0352
88.4652
90.958
90.1699
90.3394
89.6563
90.2717
91.3896
89.2959
88.3838
87.0645
87.5957
87.1475
86.143
84.9469
85.8542
84.2532
86.5154
86.9014
87.8818
87.8974
87.5165
88.6061
87.7534
89.7816
90.7758
89.9447
90.9524
91.2278
92.7499
93.6225
92.8046
92.593
94.4285
95.7608
95.3223
95.5042
95.8652
95.8518
96.2819
96.9939
96.5156
95.9426
95.1782
95.3384
95.299
96.2336
96.4006
96.6521
94.377
94.7792
93.0443
93.5558
93.5283
93.9624
94.8658
95.1228
93.9074
92.7401
94.1941
93.9565
96.2454
98.1065
97.8881
98.8611
99.3001
99.374
97.1143
96.0839
94.4637
93.4912
93.5805
92.2783
94.1326
94.7791
93.8686
95.1133
94.6735
93.8045
91.5217
92.3518
91.2949
91.7611
90.3993
91.0581
90.6197
89.3326
89.1689
90.4026
90.0024
88.9689
88.4095
88.9502
88.219
87.4335
88.4233
85.5789
84.5574
82.9479
82.4098
81.6929
82.7363
82.3861
84.0051
83.093
81.2707
81.037
82.4938
80.9754
81.4212
81.4755
83.2027
82.9254
83.7222
84.0593
84.5942
86.5798
85.7538
86.7638
88.5079
87.8301
87.1819
85.2008
84.6771
85.4155
86.4068
87.9186
87.3596
86.2878
86.8872
86.3951
87.6564
86.7429
88.716
87.0733
87.3913
86.9288
87.2368
86.72
87.4136
86.6339
86.8933
87.5479
88.3045
89.0199
87.4267
88.4282
88.1713
89.2276
90.8177
91.4039
91.1524
90.3949
89.5067
89.3549
87.9495
90.1833
90.7662
91.125
90.5322
90.5257
89.8262
91.8375
90.9872
91.8215
89.6058
89.0722
89.6042
88.3476
87.5372
89.2336
88.5729
87.6799
86.2387
86.7021
87.1954
89.2041
91.2144
91.1287
91.5688
92.226
92.5123
92.7855
92.5892
92.5597
91.0083
91.8502
90.871
91.7063
90.0836
90.8526
91.0762
91.7076
91.458
92.5264
92.0873
90.5489
91.6719
90.7876
90.1327
90.6767
90.5233
91.7893
91.3102
90.6308
90.3977
91.0739
90.9397
90.5164
90.3148
89.3022
90.2322
90.3897
91.1266
92.4895
93.7545
93.3162
93.9021
93.0673
92.4737
92.9331
93.1128
93.5186
93.3885
95.1976
95.236
95.8215
96.0511
98.4008
97.6903
98.2992
100.24
99.6513
99.5502
97.9494
99.1368
99.1869
99.4873
98.7878
98.4705
96.3172
95.156
94.4568
94.8891
94.3156
95.3299
97.5194
98.9686
97.2327
96.9973
97.5759
98.8088
99.8401
99.5364
98.9877
100.489
101.651
102.096
102.304
102.784
102.515
102.296
104.038
105.746
106.527
106.795
110.831
108.733
108.231
109.446
112.915
113.262
114.649
113.773
111.875
112.058
111.386
111.004
112.379
109.848
107.598
107.957
105.917
104.85
105.562
104.886
104.571
107.305
107.141
103.824
102.812
104.424
104.056
103.665
103.659
101.432
102.204
103.766
102.146
102.761
101.271
101.881
102.307
101.213
100.91
103.667
104.243
104.727
103.614
102.78
102.507
102.349
103.905
101.097
100.946
102.388
102.522
102.72
103.122
100.702
99.9768
98.8369
96.2193
94.8335
96.0368
94.9075
94.5769
95.3119
96.0542
96.4293
95.8528
95.1012
94.8592
96.2374
95.9837
93.9869
95.8661
94.0155
93.1516
92.0844
94.8285
94.6832
92.6046
92.2124
93.3871
94.6119
97.1835
98.1141
96.4422
98.0116
98.5111
97.187
97.3749
98.4597
97.3921
