101.071
101.474
102.094
101.204
100.715
101.723
100.811
101.856
103.076
103.055
100.971
97.3999
98.017
96.8143
95.1822
94.7932
96.2166
95.0368
95.1486
94.5457
94.8834
93.3112
93.3407
94.1959
95.0053
95.2264
95.083
94.231
93.7318
92.3165
90.0819
91.0355
89.5805
89.7547
88.9947
91.5861
89.9167
89.9501
90.8982
90.6548
88.9664
90.1423
90.599
89.832
91.2539
89.3574
90.4748
90.984
91.9411
91.0442
89.1451
88.4027
89.9406
90.5141
89.9985
89.7546
89.1435
89.7198
90.2451
90.8681
89.602
88.8041
88.4956
88.6732
89.7461
90.5683
91.552
91.5179
92.6789
94.3126
94.9324
96.0882
94.5876
93.641
95.0982
95.6503
95.5416
95.9462
96.5965
96.0747
97.9946
101.583
101.563
101.988
101.065
101.997
101.178
99.7429
100.856
99.7637
99.5645
97.7381
100.032
98.706
99.224
99.5375
97.5028
96.5135
95.854
95.0463
97.0273
97.1548
97.1991
98.383
97.6872
98.8861
98.6335
100.288
99.4265
99.0509
101.013
101.383
100.254
100.358
101.384
102.414
101.713
101.722
100.287
98.5519
99.8583
100.605
102.697
102.337
102.668
103.086
103.03
103.09
100.162
99.0895
100.775
100.045
100.658
101.531
100.518
101.887
102.084
100.86
101.487
102.502
103.5
104.966
105.273
105.716
105.654
102.594
103.433
102.432
101.802
103.008
103.466
100.831
102.124
103.861
105.591
108.32
109.089
110.342
108.962
108.127
108.277
109.815
110.128
110.779
112.674
115.095
113.183
112.983
111.324
112.728
113.485
111.938
112.148
111.223
109.092
108.909
108.576
109.173
110.343
111.052
110.865
111.877
110.141
109.594
107.853
109.113
109.409
108.894
108.86
108.543
109.587
109.484
107.626
108.585
107.626
109.426
107.083
106.184
104.439
103.488
104.403
102.456
104.972
107.671
107.535
107.236
107.765
105.854
106.254
107.193
107.972
107.14
106.998
106.722
106.873
106.699
106.946
107.419
109.022
109.951
109.361
106.303
105.503
103.748
102.976
102.332
103.372
104.673
104.837
104.369
102.132
100.221
101.466
101.497
100.186
100.859
102.248
102.277
101.054
100.424
100.595
101.346
100.547
100.126
101.335
99.9561
99.72
96.6984
95.4263
94.4446
94.9612
94.3468
94.9093
97.0582
96.6115
95.497
93.8809
96.3268
94.5546
94.899
97.6397
96.516
95.4539
96.6693
99.0265
99.7814
98.5446
98.5281
97.8248
98.081
97.723
99.9111
100.054
99.811
98.2137
97.7302
98.5443
98.608
99.0679
98.6704
98.9487
99.3008
98.6589
97.8083
99.2883
99.1023
98.0143
97.9101
98.1066
99.0342
99.8673
96.8321
98.3789
100.319
99.9929
100.253
101.152
102.577
100.307
100.779
100.45
100.785
101.996
103.849
101.862
101.978
101.429
100.642
102.292
102.426
102.546
100.35
99.0568
98.6756
97.2291
97.6728
97.1208
97.4961
97.3868
96.3866
98.4401
98.9491
97.8345
97.7056
97.0002
94.2255
96.1551
95.9695
94.1347
93.0105
92.9069
92.2833
90.5014
88.8498
89.2111
88.9501
88.8886
91.5799
90.0871
89.3108
89.9787
90.0467
88.9399
90.4165
89.8266
89.6903
92.6222
94.609
96.0362
97.0365
98.8184
99.367
99.4936
99.5579
99.4516
100.565
101.634
102.468
101.425
100.349
101.105
98.8849
98.668
99.7818
100.12
98.6769
95.9537
96.2459
98.1887
97.3735
95.5394
96.3131
95.3369
95.7121
97.1867
96.4313
96.3797
96.5442
96.0233
95.7239
93.4522
92.7487
93.0623
93.1127
94.0676
94.2316
94.4208
95.19
94.414
94.4522
94.6351
95.1594
96.6492
97.8079
96.713
96.8913
97.2179
97.3738
96.5364
94.6556
94.1446
92.7402
93.0988
92.342
91.2719
92.3156
91.2703
91.9037
92.4153
92.7718
93.5886
94.6739
95.5749
92.2595
91.8536
90.4137
91.0288
91.3246
91.3912
91.7573
91.3457
91.5837
91.4701
91.8431
92.1184
91.556
91.6275
91.3298
90.8219
91.469
91.1802
91.1848
91.5538
92.2197
92.3047
92.6199
93.5247
92.0521
93.1415
93.1561
91.1306
92.9896
94.0419
92.7285
91.991
93.9146
93.2923
89.6417
89.4073
89.2163
87.6791
88.2008
88.7785
89.2936
87.1653
86.6453
87.1577
85.7698
87.4537
87.007
87.0032
88.378
86.4906
86.249
84.3828
82.2745
83.5646
84.5839
83.7597
84.0543
83.7402
84.1337
84.5732
85.7698
84.8366
85.1718
84.5591
85.0234
86.3047
84.4283
85.8903
86.1206
85.8374
83.3276
83.9698
84.6283
83.9315
83.2977
84.6528
82.7642
82.485
81.4573
82.0272
81.9459
82.2972
82.4717
81.8338
82.382
83.2236
83.5832
82.9723
82.1963
80.6884
81.6218
80.196
78.6455
77.6645
77.1522
77.3216
76.7132
76.6538
77.653
78.6107
78.755
77.3109
76.8795
77.7813
78.8236
80.1481
78.8256
79.1158
78.1759
75.6569
75.652
76.3439
77.38
76.7884
76.6032
76.1528
76.7159
76.7123
77.035
76.7355
76.2872
76.4145
74.4951
74.0585
75.7847
74.2328
73.7804
76.1788
78.0102
76.9214
77.3763
77.2738
77.7889
77.0473
76.8957
78.4356
76.992
76.7164
76.3451
76.4978
76.2678
75.6603
76.2941
76.1299
75.6747
75.4037
78.244
79.712
78.3682
79.4792
78.7232
77.4362
78.0592
76.7041
75.9594
76.3353
75.4795
75.8799
75.5621
76.3983
74.8932
74.2081
74.0719
73.0372
73.5111
75.6116
76.4072
77.2133
77.6747
78.0727
78.2405
76.7491
76.028
75.2295
75.8981
75.4149
74.5063
73.6655
73.1678
74.2417
72.422
73.5032
73.7085
72.9354
73.7743
73.5066
72.9719
