102.282
105.015
104.885
103.25
105.295
105.58
103.335
101.434
103.3
104.552
105.34
105.22
104.773
103.157
103.972
100.996
98.2996
99.0357
98.0327
96.5519
95.6936
95.5508
94.8645
94.7357
93.3646
94.6909
96.7587
96.8233
96.6996
98.5905
96.3737
97.3759
99.7263
102.671
103.2
103.047
105.365
105.394
108.547
110.671
110.27
110.513
111.375
109.6
110.132
111.245
111.339
111.218
113.022
112.4
112.691
114.018
114.772
113.952
111.638
108.718
108.747
108.375
106.495
105.843
106.488
104.504
105.959
105.044
104.977
105.614
106.114
108.806
108.477
108.142
107.947
106.679
107.319
104.916
103.505
106.226
105.565
106.096
105.842
108.91
108.972
107.581
106.494
105.388
104.524
105.93
105.15
106.146
104.105
101.685
100.571
102.027
101.665
101.972
100.885
100.362
101.776
101.957
102.463
101.621
101.231
101.331
103.182
103.456
103.516
102.635
100.939
102.167
104.249
103.499
103.377
104.264
104.697
104.42
103.917
104.293
103.935
103.598
102.643
101.15
100.846
100.536
100.356
99.2723
101.127
100.82
102.266
101.932
103.526
103.806
103.273
103.501
103.163
102.856
103.237
103.372
102.259
100.669
99.6198
97.7902
97.6647
97.0192
97.7026
98.7039
99.3315
98.9317
100.089
98.0256
98.1518
95.093
95.8541
94.9846
94.9977
95.355
94.1978
93.9243
93.9967
93.6894
93.3202
93.7888
92.3637
90.3168
91.0931
90.8421
90.9517
92.3723
92.3473
92.8334
92.4609
91.0429
91.0482
89.2651
88.2388
88.681
89.7592
89.327
88.1296
88.3196
87.6713
87.3347
86.8164
88.2919
88.4847
87.6414
87.9462
89.4563
88.7677
89.2441
88.3246
88.8173
88.489
88.6272
87.0902
87.4892
87.0487
86.6427
87.1986
86.7802
84.8538
83.63
82.5902
82.6284
83.0392
81.9905
80.5919
82.5721
83.1016
84.5854
85.4042
84.8503
84.3225
81.6948
82.9704
82.9391
81.4399
81.2472
82.7164
85.6756
85.8683
87.0673
86.5564
86.6779
87.8384
87.885
88.1123
88.8405
87.6291
88.7156
89.4312
90.8517
90.4923
90.5225
91.6149
91.404
91.5814
90.1618
90.0288
90.254
92.2541
92.8502
93.1575
93.2339
93.2861
91.4397
89.9602
87.8213
87.2929
86.3723
86.9102
85.7765
85.8854
84.5195
82.4465
83.3471
83.873
82.7612
82.9138
83.4474
82.0698
84.6492
84.4567
83.9265
84.3956
84.783
84.6751
85.8847
84.8493
84.643
84.4514
86.7425
87.9872
87.2872
86.2968
86.2749
84.6606
86.3786
87.1303
86.4958
86.1298
85.4727
85.6002
85.7843
84.3232
85.9564
87.0032
89.1473
87.3998
86.9166
87.6864
88.8988
90.1158
90.076
89.2865
89.4857
89.9495
91.1068
89.6324
91.4454
91.7229
92.8206
92.2145
91.9917
92.415
92.8023
91.5333
88.6591
88.9277
88.9147
88.4948
88.9257
88.792
90.643
89.3615
88.5513
87.3035
88.4767
88.5118
87.6137
86.4
87.3226
87.6987
89.2355
89.9602
90.326
91.1817
91.5006
92.7241
90.4196
92.3866
94.5709
94.6091
95.7382
96.068
94.0506
92.4414
92.2356
93.5412
94.6598
94.146
94.985
94.3564
93.8046
95.4268
95.662
96.9908
96.4584
99.7914
101.028
102.224
102.794
104.415
103.69
103.223
104.086
106.912
107.539
109.063
108.673
109.85
108.629
109.974
108.823
108.835
107.894
107.95
106.901
108.194
105.894
105.516
104.564
102.895
102.163
100.539
102.391
101.423
103.052
103.929
103.414
104.828
104.321
105.07
106.979
107.178
107.849
108.339
107.751
109.54
108.086
107.795
107.571
109.387
108.841
110.686
112.621
111.356
112.737
113.325
113.068
112.279
113.464
113.267
111.773
110.411
110.509
109.119
106.378
106.007
106.543
108.86
109.774
109.982
109.122
109.472
110.554
110.385
109.182
109.88
110.192
110.199
110.633
109.873
111.598
112.165
111.569
111.446
112.605
110.948
112.075
110.851
110.649
110.775
109.195
108.901
110.773
110.679
112.58
109.452
110.297
113.287
111.516
111.687
111.884
111.805
111.101
111.73
109.937
109.878
108.78
108.269
105.11
105.454
103.917
103.6
103.328
102.208
101.527
101.898
102.349
102.71
103.26
104.737
103.913
102.632
101.449
102.368
102.497
105.121
106.732
106.782
107.155
105.577
106.007
107.076
107.389
108.593
111.674
111.689
111.089
111.851
112.034
111.302
111.576
111.557
111.183
108.8
107.904
105.644
105.882
106.77
104.851
105.364
103.882
104.379
104.223
102.423
102.948
103.352
100.809
100.867
100.488
100.152
98.4685
99.706
100.344
97.9522
98.9667
97.0785
99.5062
101.359
100.05
99.8169
98.1428
97.7325
99.8784
99.2271
100.117
99.3027
101.24
102.886
103.013
103.512
104.085
104.011
107.064
107.031
108.547
106.468
106.729
106.22
108.415
108.773
105.821
108.993
110.049
110.002
108.388
107.413
108.632
108.402
108.61
108.102
109.926
108.707
107.697
106.915
108.393
108.909
108.456
109.547
109.635
110.103
108.478
107.07
106.294
106.395
105.836
108.101
106.787
107.707
106.753
107.599
106.152
106.152
104.445
106.096
105.949
108.666
111.667
112.408
111.582
112.303
112.942
108.982
111.261
111.133
108.063
106.876
105.347
105.479
105.805
105.729
103.31
104.013
103.582
103.297
102.273
102.61
102.377
103.723
105.417
105.151
105.514
106.081
104.584
104.676
102.604
103.71
101.566
100.721
103.966
