99.8084
100.94
100.313
100.431
101.19
98.3717
99.1837
97.8148
97.0796
95.8627
95.3935
95.5918
94.4347
92.6354
92.8521
93.3501
94.1111
93.8388
91.6965
91.9217
92.2589
90.7424
90.7719
89.7807
93.03
93.8671
92.8012
92.568
93.0947
92.335
92.0826
88.3052
87.0312
88.0404
87.1358
87.6802
88.155
85.5386
85.7239
84.0046
85.374
83.3594
84.541
85.5883
85.9374
87.5843
87.5997
85.4652
85.6482
86.0149
85.0095
84.6921
86.0583
84.8171
85.6642
85.4652
85.6529
85.7715
85.8192
86.7925
85.6306
85.5364
82.2812
82.038
81.8475
82.4061
82.3629
81.6012
82.1089
82.431
81.8596
80.6904
82.6138
82.3493
82.3108
81.5891
81.4589
79.0193
80.6126
79.5229
80.533
80.8532
80.2009
80.1744
80.6833
80.7934
81.3265
81.4438
79.2658
79.8337
80.3228
81.1372
80.1829
80.8455
82.5787
81.9534
82.48
82.2941
82.687
84.1772
84.3574
83.6078
82.153
82.9712
82.883
83.1579
81.5019
81.7233
81.5214
80.7851
78.7603
78.4899
79.1559
80.3486
81.4842
80.2418
80.9851
81.8541
83.0987
83.5789
83.4628
83.6386
83.7712
83.6056
84.8884
84.8532
84.9282
84.9331
83.7506
83.8837
84.702
85.5375
83.6332
83.8154
84.1471
82.5018
82.4682
81.9264
81.8221
81.8348
80.8511
80.2189
79.1219
77.2197
78.3385
80.1342
80.483
81.467
82.0338
82.5203
81.5719
81.1599
80.0988
80.037
80.3495
80.5793
82.4135
80.6616
80.3197
82.7916
84.7967
86.1423
85.1242
87.2755
86.8179
85.4034
86.6436
88.1196
88.1546
89.7995
92.4034
92.2506
94.2309
94.5394
94.5741
95.0489
95.5846
95.8801
95.7338
97.7125
96.9075
97.014
94.6459
95.2143
93.6967
94.5107
94.0955
94.7896
93.5947
91.8969
91.5319
92.8445
92.5823
93.4189
93.5001
94.0738
95.204
94.9569
94.1093
91.1459
89.7043
88.0589
87.1595
86.8975
86.8335
88.0258
88.5008
86.907
86.2321
86.4107
87.8388
86.8153
85.5127
85.0207
84.2278
84.0065
83.8918
83.581
82.2323
82.1839
82.3343
81.3289
81.6554
83.0085
83.3242
85.6217
85.4109
85.4621
87.0311
86.4256
87.0559
86.7669
86.1852
85.1404
84.4857
85.0991
85.7038
84.5381
84.7303
84.2115
85.2239
84.7858
86.165
88.1091
88.203
88.0076
87.7675
88.5944
89.1368
89.9896
92.2832
94.0133
91.3079
91.3235
93.0376
92.7545
93.7688
92.7363
92.6687
93.2712
93.0513
93.2542
94.0237
95.4204
95.0877
94.7657
96.0543
97.888
98.4363
97.4672
99.0211
98.0117
99.2449
99.2549
98.9621
98.7839
97.1013
97.9241
98.8726
98.3182
98.9175
99.3578
99.0059
99.4543
98.8608
100.059
100.093
100.982
98.1691
98.3614
97.0447
95.1715
94.7343
95.411
95.3574
96.8165
95.3189
92.1004
92.798
90.9214
88.9758
89.0186
88.5732
89.264
90.6375
92.8846
92.8108
93.8992
94.5948
95.6481
96.759
94.5037
94.7814
96.0033
95.4135
96.4605
96.5332
95.1321
94.6547
94.6539
93.6932
93.1419
93.3621
94.7959
95.4123
96.9059
95.9132
94.6983
94.9821
95.0643
96.103
96.4883
96.676
93.8816
94.1297
92.2426
92.942
94.1016
95.5322
96.6113
97.153
94.9464
93.8731
94.3529
95.7464
95.3052
95.0828
95.2664
93.5954
93.1908
92.957
91.5138
93.3253
94.5638
95.0712
93.6229
91.7485
91.7844
94.1296
97.9492
98.2066
98.4879
98.699
96.7838
95.5459
96.2919
95.9235
96.1979
97.4567
95.7952
97.0918
96.4523
96.4569
96.3278
95.4911
96.0795
97.2587
95.3892
93.4358
92.7961
93.5838
95.1238
95.7044
95.9455
95.7118
96.3396
97.5875
97.1323
98.85
100.011
99.9134
99.0502
98.7506
100.478
97.8281
99.0961
99.6145
100.598
99.556
100.975
101.599
100.188
100.054
99.7262
99.2858
100.448
101.591
100.963
100.571
97.9627
100.831
99.4804
100.478
98.9052
99.7863
101.047
103.076
103.495
100.859
100.134
100.262
101.663
99.6744
101.223
101.554
102.291
102.873
102.143
102.075
101.446
101.311
104.653
104.215
102.808
104.935
107.763
107.122
105.417
104.854
102.373
103.266
103.324
101.746
100.661
101.229
99.5396
98.4587
95.2678
94.9005
96.7571
96.1371
98.138
95.0767
95.504
94.579
94.5572
94.5087
93.6027
92.7545
93.8342
94.4924
92.4322
92.7245
93.2108
92.0843
93.1949
92.9245
93.2272
93.9925
94.1094
93.355
90.4205
89.6098
91.3663
90.9583
90.1898
91.209
89.7
89.1994
88.964
88.2464
87.8754
88.349
89.2338
88.6063
90.7842
91.2336
91.2589
89.9531
89.3879
86.4844
86.8921
88.8587
88.5642
90.0626
89.4571
88.4007
87.5716
87.5835
88.7115
87.8854
88.0635
88.6308
89.2728
89.6429
89.8068
89.5664
89.6389
90.1832
90.4948
90.3603
90.5545
89.0077
89.4552
90.0077
90.8625
91.3736
92.0162
92.0353
93.8135
92.2313
90.5039
91.8366
93.4297
90.3237
87.6659
88.8722
89.3824
89.4365
88.9312
90.8631
90.7028
91.191
90.957
89.9922
89.541
89.8001
89.605
90.9124
89.1527
89.9923
89.288
87.7618
87.8791
86.6218
86.1693
83.4079
82.2003
82.0963
83.4875
82.0204
81.446
81.4001
82.8314
83.1302
83.2649
84.5791
84.1864
82.2359
83.9653
86.1103
84.5883
85.2603
86.8784
87.5519
89.2259
87.8621
87.8464
88.6583
88.0347
89.6736
88.4197
85.2265
86.0091
88.264
88.6985
87.8075
87.8036
86.3358
85.1589
84.5131
85.1042
84.7519
85.5096
84.0609
83.2891
82.0418
82.4656
83.3887
83.8159
82.92
84.1359
84.8747
86.4617
85.0357
84.9131
83.1179
82.3773
82.3779
82.7955
