100.023
98.0704
99.0758
100.237
102.587
102.34
102.488
100.81
100.826
100.057
100.502
101.191
99.1269
100.07
99.6479
100.417
98.9022
100.889
101.445
101.135
101.454
102.114
102.528
100.907
101.344
100.558
101.774
101.421
103.477
104.193
104.362
105.636
104.878
105.99
105.519
107.896
107.581
106.947
107.728
107.587
107.02
107.195
107.741
109.097
109.616
110.724
110.122
108.886
106.28
106.98
109.387
111.198
112.347
111.607
114.682
115.414
117.192
116.837
116.011
117.506
119.511
120.452
119.204
121.068
121.035
120.373
121.447
121.065
116.333
116.074
114.978
117.879
118.896
118.568
122.744
121.811
122.703
120.641
121.035
121.682
120.404
118.451
119.429
120.103
120.665
120.39
119.733
121.39
122.354
121.254
119.67
118.149
120.735
120.746
122.142
120.554
119.558
120.251
119.812
120.979
121.913
123.097
123.021
124.021
124.363
122.304
123.816
124.931
124.208
122.394
119.958
117.245
120.008
124.722
123.16
121.185
120.026
121.392
122.67
121.843
122.058
122.463
124.722
124.357
124.501
125.533
124.179
125.435
124.6
123.992
124.518
122.325
122.449
121.825
121.719
122.783
123.811
123.935
125.177
127.262
126.151
126.105
124.408
123.261
120.635
121.1
122.006
121.518
122.206
120.695
120.689
121.692
120.723
119.618
116.37
114.014
113.094
112.153
110.333
108.986
111.543
112.396
113.423
111.935
110.798
113.455
112.605
112.448
113.268
113.209
113.288
117.187
118.184
114.785
115.195
113.794
113.828
112.376
111.098
112.732
112.376
112.032
114.194
115.114
114.332
115.283
115.288
113.396
111.842
112.316
111.885
112.099
111.322
109.464
109.152
109.735
109.086
109.311
110.725
110.22
110.608
113.854
114.368
113.285
113.845
115.933
112.912
113.572
112.209
111.269
111.218
108.2
107.84
107.979
107.39
108.406
109.804
108.264
108.063
108.731
108.381
109.434
109.868
107.942
108.938
107.416
106.086
105.607
105.829
105.896
105.251
103.726
103.998
104.158
104.03
106.083
105.382
107.892
106.026
107.074
106.665
107.449
108.643
109.414
111.161
109.768
109.833
109.433
108.533
105.854
105.752
105.93
106.073
102.686
104.073
102.519
103.563
103.483
105.774
105.853
105.461
104.581
104.477
105.756
107.201
107.505
107.345
107.981
108.828
109.508
109.246
110.334
112.53
113.479
113.477
114.498
112.475
113.616
114.461
115.125
115.368
117.22
120.353
120.301
120.115
117.504
116.426
114.73
116.061
117.271
118.307
118.265
113.809
114.57
116.783
116.765
115.062
116.524
117.055
117.435
117.419
118.357
121.051
121.795
120.681
120.024
119.52
119.788
118.747
118.706
118.88
120.454
118.376
120.974
119.467
119.573
119.727
122.109
123.079
122.732
121.921
124.684
124.407
127.067
127.916
127.708
126.353
127.203
124.655
126.913
127.663
127.581
129.575
129.732
128.623
132.374
130.553
132.115
130.745
131.635
133.429
136.433
139.308
137.54
136.193
137.339
137.476
139.487
140.364
138.572
139.792
140.065
142.24
142.936
142.054
141.426
142.447
142.125
144.865
146.75
148.092
146.227
146.208
144.262
142.4
139.271
138.629
137.448
135.876
132.701
133.318
132.501
133.289
136.026
136.696
139.012
137.17
137.115
135.929
135.777
131.325
132.533
130.665
132.249
129.872
130.769
129.897
128.969
127.471
127.681
128.917
130.005
132.918
130.309
133.433
134.018
135.367
137.609
139.501
141.649
141.759
141.132
142.624
141.758
141.223
142.469
144.038
145.602
145.692
145.134
143.884
143.805
143.75
144.671
146.173
142.142
144.029
142.511
143.404
143.625
140.1
142.849
143.098
145.218
144.002
145.158
149.076
150.867
152.954
154.545
154.754
152.804
150.896
149.673
151.153
152.318
149.68
150.507
151.199
152.636
151.996
152.462
154.291
154.441
153.263
153.088
154.064
157.568
155.522
157.295
159.283
159.383
159.124
157.036
158.143
161.491
162.805
160.768
160.612
158.675
157.153
156.433
157.994
151.624
151.178
148.373
148.461
149.177
148.63
149.238
149.394
146.442
145.136
145.507
143.291
144.104
143.43
143.92
142.877
140.188
139.264
140.853
141.379
140.02
138.268
137.592
139.412
140.063
138.369
139.23
141.647
141.249
142.775
144.595
149.052
146.168
150.153
148.236
148.082
148.443
149.871
150.229
150.561
149.672
152.93
150.52
149.776
150.294
150.948
154.026
152.055
152.108
148.729
147.677
149.092
153.301
149.978
151.053
151.922
154.262
150.228
151.364
152.22
151.143
150.245
151.453
150.964
151.442
151.721
149.542
150.295
149.823
151.986
150.868
151.088
149.072
148.965
150.805
149.653
146.954
145.97
150.504
149.506
148.48
148.374
145.446
146.044
147.86
145.326
145.617
147.373
144.943
144.995
145.609
146.362
143.495
143.185
141.724
141.996
141.332
143.823
145.714
143.288
145.71
141.366
143.86
144.79
145.28
142.952
140.239
138.774
137.443
137.284
137.812
139.037
138.119
136.265
134.403
136.939
137.467
135.822
134.356
134.541
136.563
136.347
131.922
130.693
129.29
128.439
124.739
125.775
125.694
127.997
130.939
127.233
127.754
130.172
130.097
130.102
130.35
