100.137
99.8499
100.734
97.9589
97.6072
98.4983
100.29
102.199
101.263
100.046
98.8938
97.0345
95.4467
95.0358
96.1083
96.1793
95.8004
94.8205
95.3473
95.4928
95.2031
94.4581
94.9919
96.2588
97.0095
99.2697
101.261
102.444
101.291
101.803
100.261
102.125
104.122
102.837
100.861
102.532
101.218
99.5844
98.8294
101.39
100.593
100.095
102.093
103.492
107.454
107.386
106.414
103.873
104.653
104.365
106.236
104.569
104.038
104.171
105.894
104.617
103.823
102.146
102.256
102.143
102.167
101.384
100.786
99.4405
98.9433
100.135
99.8091
99.6525
98.2789
99.3657
98.5032
99.3686
98.9619
99.899
100.23
102.311
100.805
100.275
100.403
100.235
101.175
99.8326
99.6709
100.054
101.392
99.4871
98.9149
99.439
97.1752
96.6962
94.5506
94.5732
91.2129
92.373
92.7538
93.1455
94.1077
93.49
93.5752
94.5089
93.6469
94.8042
94.253
95.7025
96.4871
95.1802
95.8654
98.5139
97.9322
98.4904
99.1239
97.7351
98.1271
97.6527
96.9055
94.839
92.8103
91.7066
90.8228
91.9946
91.1056
89.7892
86.6704
86.4854
85.7941
84.39
83.9833
83.389
83.6168
84.8354
85.4626
86.2292
85.191
85.6623
85.7331
85.2941
85.2628
85.2985
85.5672
84.7183
82.4583
80.7672
78.9737
78.1394
78.4676
78.9274
79.048
78.8591
78.0992
77.9281
76.3104
76.8258
76.8417
77.9048
77.8177
77.2693
77.0144
78.1838
76.7597
76.6127
76.751
76.9961
75.8034
76.5802
75.4468
74.9623
74.095
71.686
71.6605
72.2963
73.1448
72.9058
74.459
73.6586
73.9713
73.7837
74.5662
74.7482
74.2458
74.4363
74.884
75.1625
74.6865
75.4508
77.6529
77.0822
79.3418
77.8176
78.0227
76.832
76.3498
76.0459
73.6155
76.0133
75.6741
76.4045
76.2881
77.0576
76.4862
75.5692
75.9039
74.8658
75.6422
76.2131
76.3021
75.3551
76.1603
76.7291
76.126
76.6278
76.0257
76.6069
78.2318
77.6139
77.4926
76.5638
75.659
76.3891
77.277
76.9066
76.1148
74.9964
74.431
72.3106
71.9832
70.4297
70.3518
70.5956
70.7442
71.2367
71.7641
72.1369
71.7844
72.0478
72.0706
72.3467
72.1548
71.6752
71.9229
71.7924
73.1977
72.8192
73.5111
73.5723
74.1731
72.6578
71.6354
71.2085
70.6011
69.1291
68.1597
69.0174
68.8556
68.5543
67.783
67.8119
67.7548
66.9605
66.8975
66.0997
65.6517
66.4825
65.5817
65.5612
66.4885
65.04
66.3593
67.2521
67.8294
66.7223
67.2161
68.1696
67.5225
67.7169
68.1487
65.7498
67.021
65.8928
66.7998
67.5463
68.5107
68.643
66.8318
65.995
66.7605
66.2985
66.4494
66.9823
65.935
66.2062
66.0628
67.0229
67.9799
67.5789
68.5356
69.604
68.6108
68.8022
70.6803
71.5362
72.4086
71.8611
71.2955
70.9693
70.8513
69.021
67.8124
68.8955
71.2537
70.3694
70.6102
71.5956
71.6042
71.6782
70.8597
69.4623
69.9357
69.4236
70.4021
70.5707
71.889
73.0965
72.3985
73.2353
74.835
74.5016
75.5212
75.4156
76.7497
75.323
76.4876
76.4394
78.1896
77.9532
78.8736
78.6449
79.1733
77.6046
78.2736
77.9316
76.2947
75.1209
75.599
76.517
77.0116
78.0997
79.878
79.5445
81.0367
81.8177
80.4486
80.3911
80.7121
79.1966
79.2104
78.3806
78.228
78.0222
77.1387
77.6687
78.4254
76.9005
76.2313
75.5201
75.0772
74.1131
73.4841
73.2964
73.9908
73.9641
74.8995
75.7504
74.6371
73.5248
73.4455
73.9286
74.4564
74.7458
74.0836
75.1892
74.1662
71.2383
71.1253
70.0061
69.4359
69.9553
71.8033
72.642
72.8042
73.0817
74.6606
75.4326
76.9808
77.5162
75.7039
74.7286
75.3276
74.8485
74.633
74.7604
74.925
74.899
75.3869
75.9306
72.818
72.2455
71.8422
71.4636
72.1321
71.7323
72.3163
73.1625
71.7723
71.2105
71.7939
70.7608
71.4071
68.9024
68.8453
67.8956
67.9909
67.7579
67.9242
68.0844
67.6677
67.1347
66.5928
66.8275
66.5213
65.9697
65.9526
66.6999
67.0744
67.8804
68.098
68.9916
70.2123
70.1758
70.5118
70.8659
71.1627
71.0048
70.5404
70.5424
72.5284
72.3367
71.4161
71.957
70.642
71.6069
73.0265
74.3829
74.2466
73.525
74.0591
72.4618
72.5648
72.3397
72.9463
72.8567
71.4446
70.7748
70.4634
70.4694
69.3601
66.7921
65.9478
66.4951
68.3193
68.7357
67.7799
68.4241
69.0078
67.6366
66.8984
67.1827
66.6517
66.844
66.1744
67.3373
67.3644
69.5493
68.8117
68.9027
68.0732
68.1088
71.012
72.9705
72.4005
73.2822
73.4588
75.1665
75.2375
76.4869
76.6962
77.4843
76.5855
77.4655
74.7226
77.1624
76.3557
76.2645
74.812
74.7449
73.1081
72.8332
72.9044
72.9743
73.1276
73.9687
72.5693
71.6151
71.4239
70.2942
69.8666
68.2554
66.8196
64.5297
65.5209
66.1151
65.3484
65.6212
65.4242
66.3592
67.2462
65.1425
64.2112
65.0582
64.8802
64.032
63.5453
62.5644
60.8228
60.4859
60.8927
59.4131
58.561
58.2447
58.8821
58.7185
57.9458
58.7932
58.934
58.2799
58.5361
58.0696
59.4714
58.2874
59.2336
58.702
60.066
60.3838
59.2468
59.4708
59.9883
60.5719
61.6181
61.4717
62.1259
61.9051
62.1087
61.916
61.5686
61.4657
61.8987
62.3643
61.1435
60.7846
61.0558
61.44
60.8194
62.8014
63.9789
63.4073
62.1194
62.9205
62.4379
61.3745
61.8432
60.9022
61.145
60.5565
59.9402
60.2161
60.594
60.7492
60.2391
61.2414
61.3203
60.2175
60.0133
59.3874
59.7109
60.3597
60.2412
58.9199
58.9115
58.4701
58.4207
59.5322
