103.418
104.024
106.351
104.615
104.705
103.376
104.382
104.896
106.733
104.879
105.423
107.404
108.095
105.147
104.126
104.967
102.891
103.842
102.271
101.201
101.457
101.485
101.63
101.147
101.303
100.957
97.7996
98.425
98.5703
99.6426
99.0818
97.745
99.7555
101.591
101.682
100.477
101.62
101.602
101.524
102.708
101.788
100.277
101.459
103.05
102.182
103.581
104.428
103.708
103.462
103.285
102.842
103.632
104.184
100.984
98.3347
96.0278
93.6641
93.8297
94.0936
95.4734
96.6552
97.0712
98.425
101.561
99.5224
98.3876
97.9211
98.2388
97.5575
94.6093
96.6256
97.4787
99.5703
99.4399
98.1518
96.4843
95.9361
96.3197
94.5459
95.0095
93.0078
92.8393
91.7649
91.9381
91.5698
89.0029
91.1325
90.3565
89.8287
90.7064
91.8953
90.3365
90.4631
88.8916
89.8867
90.1472
90.2773
88.1284
87.951
89.0437
89.0006
89.6568
88.0886
90.2373
88.6783
89.2103
90.4672
91.2756
90.4297
89.9255
90.8174
91.2058
91.2688
91.1889
91.2716
91.5217
92.3062
93.2638
93.1516
94.1527
95.2765
92.7579
92.0978
93.3818
95.8874
95.4386
95.5214
95.2554
96.3247
95.7033
95.1018
95.1106
92.9259
91.001
91.6581
93.6283
94.0779
94.661
95.1515
95.8822
96.6916
95.7499
94.3826
95.1786
94.5527
93.7944
94.4622
93.9876
95.3644
94.4072
92.6951
93.4711
94.6099
95.3401
97.1426
96.7483
95.0556
92.7791
91.7561
95.0055
95.0628
95.1794
93.4319
92.9858
92.1122
92.3289
92.0355
92.7562
91.9808
91.5339
89.8371
89.8047
90.5921
92.9539
93.1522
96.2482
95.681
96.7532
97.4188
96.2555
97.0434
95.3795
95.471
97.2551
95.7639
95.7878
94.06
92.12
90.8472
90.2728
90.8183
92.7455
91.1284
91.9747
92.3746
92.0206
92.7263
92.8551
91.512
89.9262
90.1085
88.8045
90.4521
88.872
86.8353
88.036
84.2824
85.4215
85.1814
85.0395
85.0493
87.1523
88.5531
87.7127
87.2289
88.1216
89.1652
90.4315
90.8732
89.5707
90.0243
89.7662
90.1592
91.5214
90.7306
91.4963
90.6518
91.2561
90.6899
91.0477
90.9534
90.1961
91.65
92.0506
93.6184
94.1087
94.4946
93.2907
94.4438
92.1768
91.3755
91.7938
93.2691
93.5194
92.7608
91.4456
92.288
90.8171
90.7733
89.5147
91.8801
93.186
92.5607
93.0458
91.8594
91.3282
89.9105
89.9307
90.6962
91.5953
90.3026
88.991
89.5913
90.5885
89.7017
90.7423
90.2557
91.0895
90.2349
91.934
91.2304
90.8373
89.256
89.9231
90.0113
87.8786
87.2643
86.7036
86.4596
87.7563
86.9071
86.3961
86.2962
85.2975
85.5581
86.783
85.7553
87.8656
86.7551
87.0161
86.2125
88.1088
87.9733
89.7641
89.0221
88.5234
89.1573
88.5505
90.6388
91.7556
91.4535
92.0616
90.0696
90.6544
90.7114
91.0285
92.1063
91.1387
90.8844
91.2239
92.8752
92.8642
92.1864
92.416
93.1317
93.2917
93.7553
91.6611
91.9571
90.4438
90.2508
90.0438
90.3033
91.5682
91.4304
90.6263
90.2584
89.6315
88.5936
88.9441
90.3586
90.3261
91.0312
93.6394
94.9991
93.1772
92.9787
93.5031
95.6173
97.037
98.35
98.6699
100.402
100.389
99.7203
99.9504
100.646
99.903
101.247
102.599
103.488
101.978
100.051
100.213
99.9721
98.5641
100.61
99.4099
100.318
100.796
100.943
100.337
101.366
97.838
98.6465
96.7229
97.4938
96.407
95.73
96.2011
96.3899
93.98
94.2296
95.5073
94.1853
93.0631
94.7163
96.9733
96.0929
94.7237
93.9769
95.0931
93.5349
92.9542
92.4347
94.5067
94.2073
92.6883
92.9822
93.3144
91.3962
93.1156
92.707
91.7618
92.2689
91.2448
89.16
89.6974
88.6686
88.1047
88.3438
88.7955
88.3094
89.4966
92.0891
93.7557
95.5635
97.4066
97.8174
97.6
96.8429
96.8287
97.6703
98.7408
97.9877
96.5982
97.0227
96.8534
96.3392
96.103
94.9314
95.024
93.1813
93.287
93.0073
91.6039
93.9552
93.7675
94.3802
95.7364
93.8147
95.0456
94.8492
94.2759
95.5362
94.0982
94.4299
94.1956
92.6252
92.9203
91.5087
90.7764
89.2445
87.3185
87.2221
86.59
87.2528
87.5119
86.0067
86.6181
87.4136
88.1621
88.1534
86.1625
85.3783
84.7775
87.2098
87.1528
88.7519
91.8082
91.2442
90.5637
89.6959
91.7656
92.6295
90.8
90.2162
90.9979
91.7328
92.3166
92.2072
93.7121
94.9496
94.6581
96.5229
95.7994
98.2607
98.2419
99.8175
102.951
103.966
105.584
105.158
106.041
106.481
107.053
108.442
108.599
109.108
110.662
113.29
112.248
110.906
110.265
107.898
107.065
106.976
104.118
105.951
104.332
102.621
99.8458
97.5585
99.3256
100.15
100.325
100.177
100.778
96.9802
96.8102
96.9643
97.5932
96.6394
96.8893
97.015
97.61
97.2431
99.6114
98.6328
99.938
98.7571
100.565
100.201
100.467
99.1425
98.9038
98.3046
98.7532
98.9858
100.29
102.005
101.962
102.172
102.652
105.07
105.88
106.823
106.007
106.02
105.94
107.115
107.351
105.483
104.784
105.16
108.005
106.369
106.296
104.624
103.949
104.452
102.985
100.87
102.081
99.6885
100.486
100.476
102.526
103.799
106.575
107.506
108.823
107.988
108.869
109.127
107.049
109.006
110.572
112.009
111.041
113.15
112.978
112.08
112.458
113.081
111.703
112.023
110.931
107.796
106.276
106.965
106.99
108.43
108.05
110.319
110.885
109.225
112.033
112.544
112.077
110.512
111.136
107.873
110.093
110.515
107.14
108.398
108.662
111.077
109.974
