97.8507
100.49
97.9436
99.579
102.545
100.464
99.2019
98.391
98.4288
101.161
103.925
104.567
103.795
103.592
104.567
104.976
104.822
106.717
109.576
108.44
109.101
108.235
109.704
108.436
107.046
108.13
108.687
112.523
111.983
112.305
114.085
114.168
113.842
114.934
112.986
111.017
109.957
109.06
107.545
106.136
105.279
103.376
104.071
103.873
102.921
102.98
104.228
106.367
108.877
108.316
107.208
107.502
108.616
109.256
108.161
110.576
110.762
110.772
108.782
111.507
110.71
112.754
112.86
112.666
112.471
110.555
111.006
111.131
113.3
111.133
110.094
109.317
110.2
111.557
112.127
113.166
114.261
113.295
113.546
113.05
113.357
113.052
112.998
114.206
114.362
116.27
115.855
117.389
117.948
118.157
117.411
117.107
116.534
120.238
120.327
119.696
119.729
119.475
119.198
119.235
118.037
119.29
121.455
119.116
118.667
121.354
123.928
123.806
125.148
125.486
126.395
126.558
126.48
124.6
122.928
123.643
123.394
121.824
120.923
123.203
123.239
121.964
121.463
120.172
121.756
119.698
119.695
121.189
121.656
119.968
121.659
123.677
123.024
124.999
125.805
127.003
125.436
124.371
125.116
124.867
124.216
123.783
126.719
125.295
124.817
126.775
128.133
126.436
124.419
122.953
122.877
118.571
117.381
118.818
118.597
119.296
119.816
120.282
118.126
117.888
116.49
116.188
115.263
117.217
120.97
121.991
122.139
122.471
121.371
123.524
124.084
123.744
123.56
122.836
122.763
120.963
118.059
117.523
117.567
114.386
114.458
116.629
111.132
111.32
109.943
112.204
113.421
114.051
113.723
114.132
112.485
112.435
113.146
114.49
114.904
115.113
115.856
116.894
115.966
118.121
118.721
117.95
117.317
115.565
116.25
118.465
119.482
121.742
121.35
118.964
118.318
118.137
117.049
113.874
116.662
116.259
116.112
116.87
118.682
120.543
121.154
121.335
123.072
121.649
122.838
122.432
124.188
121.52
120.032
118.202
116.792
116.316
118.001
117.529
116.09
114.176
114.928
114.581
113.03
111.833
115.364
116.204
115.429
115.625
114.361
115.148
115.304
116.62
118.227
119.582
118.539
117.578
119.257
115.541
114.281
114.11
112.725
109.766
110.257
110.475
110.994
110.694
112.109
111.447
110.156
111.521
111.209
111.905
114.365
117.715
116.056
115.559
117.588
118.258
119.668
119.374
120.994
120.03
119.417
119.295
118.883
119.047
119.095
119.778
119.448
119.79
120.901
121.108
118.9
117.008
117.436
116.861
113.995
112.763
114.092
114.434
112.834
114.234
113.704
112.251
112.124
112.618
113.363
115.3
116.136
116.209
115.859
117.635
115.823
115.964
115.983
115.451
115.416
113.988
112.315
112.742
113.784
116.073
115.286
114.991
113.695
110.913
111.68
110.568
109.868
110.534
110.829
111.951
113.581
114.521
113.169
112.687
113.135
112.763
111.289
111.924
108.583
106.191
106.44
104.767
102.838
104.17
104.086
105.729
106.897
106.824
108.421
106.724
103.721
102.261
102.408
103.374
103.263
103.72
104.091
104.641
103.844
104.02
101.689
100.545
99.9187
100.654
101.55
102.762
103.013
103.188
101.572
100.321
100.703
99.4726
98.5462
96.6317
97.0595
97.2672
95.7446
96.8908
97.2726
97.6894
98.3314
98.5155
99.3171
98.692
99.8573
97.8821
98.301
100.865
99.6654
99.8556
99.8856
102.352
102.953
103.17
103.518
104.194
102.635
102.804
103.037
104.483
101.5
102.223
103.42
101.154
101.02
100.942
101.652
101.642
101.195
100.351
100.734
102.389
104.455
105.779
105.46
105.698
104.665
103.266
102.792
102.747
102.002
102.545
103.215
104.891
104.922
102.103
101.54
102.165
103.167
104.077
104.147
103.235
102.183
102.594
100.746
101.051
99.294
99.7258
101.932
102.002
102.471
102.218
101.544
102.214
100.114
101.212
99.9668
100.486
100.56
98.9763
101.662
104.83
102.104
101.788
102.195
100.864
101.799
101.163
99.281
98.6674
98.4632
96.9669
98.569
99.1023
99.2238
99.3866
99.725
99.2032
100.339
98.6399
99.5218
99.1857
97.3269
94.8605
94.735
96.7257
98.3758
99.5091
99.3646
99.9169
101.056
101.68
101.291
100.301
99.8999
96.2746
96.4991
96.0128
95.407
95.9325
95.5952
95.2839
95.059
95.7944
96.2831
99.077
98.0575
97.0761
97.4897
99.2834
99.1465
98.6897
98.2337
98.894
98.3976
96.7084
96.7059
96.2432
95.4796
93.3365
93.5845
94.3566
94.139
95.6957
95.5905
96.5333
95.0378
94.853
94.3144
94.5658
94.5675
93.7338
94.4621
95.9621
96.4458
95.0696
96.5746
96.2141
94.5812
90.8028
90.2075
91.6284
89.9253
90.1807
90.7577
89.4318
88.8681
89.9735
90.3634
91.5419
93.0743
92.4983
92.5193
91.406
93.9245
95.7812
97.321
98.0982
97.271
97.7258
98.507
97.3159
97.7396
97.8655
97.8977
98.6045
100.571
100.896
99.516
99.4252
100.074
102.75
103.015
101.929
103.596
103.006
104.881
105.602
104.353
105.45
108.06
106.751
104.646
103.942
102.058
102.96
104.22
104.034
105.286
106.437
106.23
105.942
107.259
107.312
109.674
110.309
110.83
110.937
110.87
110.454
110.766
109.893
111.335
113.012
115.315
115.673
116.359
115.125
116.358
117.248
116.789
116.844
