101.379
100.848
99.3226
98.309
96.6864
98.0924
97.5105
97.7336
97.0054
97.0556
95.3429
96.7423
94.8221
95.79
97.0631
99.5238
97.7707
95.9484
98.6204
94.9057
96.6363
95.2481
94.0832
94.5008
93.5822
92.334
90.3995
89.7846
92.7441
93.2824
92.6983
92.6733
93.8225
93.3956
94.5785
94.0556
95.2057
96.1407
95.3238
94.6632
95.2667
91.8482
91.0382
90.621
91.627
90.1667
88.9656
87.9782
86.6774
87.3978
86.8469
86.5586
86.7216
85.4346
83.6397
83.0459
83.0097
82.9653
82.631
81.6645
82.9338
82.0047
81.7763
81.6035
82.4362
83.2662
83.7748
84.4973
82.1832
83.0717
84.8032
86.2005
87.0969
88.241
87.5851
87.9829
87.6587
87.1398
87.8432
86.9148
87.5079
87.0306
88.286
88.8429
89.6
87.8762
86.232
87.6624
89.4872
90.7778
90.625
90.8345
89.2723
89.3477
90.4469
89.82
89.4963
89.3277
89.5396
91.5284
90.9828
91.1417
90.5544
93.1942
91.4609
92.5692
91.2247
89.9745
89.263
91.9917
91.2467
91.7051
91.3828
90.546
90.598
92.7493
92.5687
95.0071
96.3714
96.9594
95.6898
95.4734
98.5378
99.2948
99.3315
99.5396
100.092
101.547
99.5278
100.222
99.4265
99.1092
98.4926
96.1325
94.6038
94.6708
92.6681
91.0334
88.7354
91.1882
90.2423
91.8505
91.1154
89.833
91.7422
91.5436
90.3699
91.3974
90.0132
88.2811
88.2095
85.3055
83.5995
84.3181
84.1347
83.9057
82.6401
81.8652
81.0442
82.6795
82.1823
82.761
81.6522
81.5906
81.79
79.9802
79.2989
78.3559
77.4203
78.0873
77.0794
77.4111
76.7253
75.5517
75.6809
76.7179
76.5765
76.3131
76.7739
76.1272
76.2798
75.4395
75.6008
77.4418
77.667
76.7393
77.7437
77.621
78.1113
79.1547
79.9379
80.5039
81.0317
81.4193
81.2472
81.3798
82.7807
83.4186
84.1259
83.8944
84.1378
82.6308
82.5194
83.587
83.5688
83.2129
84.875
83.2885
82.7844
83.0061
82.9549
84.2506
85.0733
84.4246
83.6807
85.2483
84.8195
82.6358
83.8046
84.5882
84.6882
83.6916
84.0825
83.3693
83.1049
83.9935
84.8208
84.3071
84.418
85.6545
81.9153
83.9459
84.1882
83.6666
82.688
82.2009
80.722
79.5425
77.5797
78.6335
79.2971
77.8732
79.6094
79.6254
76.8751
78.8251
77.7781
76.1478
75.741
77.1646
75.7863
76.4442
75.8749
76.408
76.4306
76.947
78.3224
79.6962
80.3568
79.0994
79.0957
78.497
79.3307
79.4525
78.1281
79.0026
78.1844
79.2144
80.3077
79.2413
78.3891
79.0071
78.949
78.7095
78.4705
80.1181
80.9926
82.2167
81.914
81.5495
81.5992
80.4627
79.3886
79.8218
80.0499
79.7095
79.8554
79.6813
78.6693
80.3988
79.9535
80.2072
82.154
81.49
82.465
81.9449
81.2695
79.7521
80.1597
79.9671
79.0003
79.2414
80.5126
80.9264
79.3957
78.3038
78.0891
77.9331
76.9192
76.0915
74.737
74.8127
74.8501
74.8361
74.7455
75.3653
77.6845
78.4468
79.1493
80.3383
80.8253
79.7577
77.6623
76.4282
77.2404
78.1021
77.2011
77.2386
78.3025
76.6257
76.3693
75.9211
75.582
74.2298
73.7165
73.4447
71.3599
70.8489
69.9017
68.7634
69.4559
69.6882
70.1709
69.1183
67.9126
67.2218
66.7772
66.2974
67.2061
67.761
68.8784
69.2291
69.4423
68.7094
68.4997
68.0536
67.784
67.5892
69.0274
68.4392
68.9395
67.6937
68.2792
68.2153
69.5061
69.5996
68.5317
69.462
68.5504
69.0625
69.5253
69.5593
69.5051
69.6564
69.2299
69.7598
69.0121
68.8658
68.9948
69.0274
69.187
70.1221
69.6643
69.0978
69.2372
70.426
69.9641
68.7101
68.6806
68.9942
69.2088
68.17
68.6932
69.2967
68.7847
68.6318
68.5458
68.6125
68.7611
69.4713
69.228
69.9177
69.7279
68.4284
67.5778
68.0219
66.7076
67.611
68.4418
68.5881
67.8555
68.3223
68.49
68.0389
67.9544
66.1715
64.895
64.9729
66.0412
65.658
65.4862
64.8488
65.1903
65.0992
65.352
64.5201
65.2364
65.4192
65.5564
64.9808
67.3248
68.0965
67.4246
69.7332
68.9628
70.0862
69.7385
68.7328
68.5821
68.9874
69.1604
69.4876
71.1219
71.1024
71.0452
70.4917
71.3779
70.9956
69.3487
69.6318
71.1954
71.0201
71.1414
71.4052
72.5551
74.2963
75.1922
75.0379
75.7758
76.388
76.0308
78.1425
78.6833
79.1053
79.8149
78.6365
78.3378
78.8651
78.6272
77.75
76.9508
77.2859
76.0934
75.6385
75.3507
75.3742
75.0815
73.8213
73.7625
73.3206
72.8824
73.6488
73.6506
73.4022
72.8889
71.8444
71.5774
71.1731
69.8982
71.9832
72.6688
71.6135
70.9447
69.9465
70.3803
71.1885
70.5569
70.0162
70.2926
72.2487
72.0861
71.7219
71.9972
70.7269
72.4858
73.6984
74.1389
74.7082
74.4759
73.6781
72.9208
70.9395
69.2911
69.5362
69.3705
69.0205
67.4906
68.495
68.7671
68.8429
68.3854
67.7165
66.919
66.9281
67.1047
67.2416
66.4757
66.478
66.8288
66.355
64.8931
63.6275
62.8193
62.712
61.9537
61.3851
61.7213
61.3165
61.1195
61.274
60.1716
61.1945
60.5802
60.8931
60.3179
60.6444
60.2708
60.5562
60.4628
60.3068
60.2774
59.8273
60.0125
61.0593
60.7943
60.55
59.3018
58.5401
59.5154
58.5721
58.8462
58.5381
58.8552
59.3192
59.4401
58.3674
57.7071
56.931
58.0736
58.4848
58.4879
58.1775
57.9364
58.4323
59.6642
58.9343
58.7599
57.5312
58.032
58.623
59.7657
59.564
58.8466
59.0218
59.2507
58.9948
58.4174
59.7511
60.2338
59.3708
58.4731
58.7491
58.4255
59.3925
59.5116
59.761
60.0652
60.6653
61.1795
61.1501
