100.972
102.302
103.054
102.589
105.092
106.977
107.534
107.782
108.59
107.268
107.353
108.079
108.084
108.38
105.88
106.105
106.779
106.481
105.626
105.535
104.364
104.175
103.372
101.368
100.765
102.095
104.651
103.838
103.442
102.974
104.962
106.057
105.833
107.851
106.176
106.134
104.908
104.091
104.512
102.275
101.684
102.891
105.297
106.643
108.861
107.487
106.826
107.395
106.185
104.12
101.752
101.384
100.925
101.506
101.988
101.44
102.676
103.484
102.106
102.144
105.003
105.553
106.205
106.52
108.133
107.881
105.843
105.708
106.535
108.034
108.418
110.134
109.484
108.865
109.657
107.709
111.171
109.042
107.631
108.841
106.771
106.952
105.708
105.315
105.736
107.356
107.168
107.929
107.834
107.799
105.81
106.841
108.152
105.512
105.244
108.399
106.705
105.571
106.82
107.894
109.707
109.923
110.097
110.821
111.962
112.421
110.67
108.899
106.847
108.132
109.761
109.82
110.287
110.916
109.354
109.1
106.996
106.246
105.252
105.141
105.405
103.664
104.254
106.669
108.406
107.233
108.43
110.794
112.621
115.589
115.487
117.207
115.296
115.649
113.67
114.067
115.15
115.655
111.93
112.87
113.609
114.468
114.574
114.305
115.386
115.197
116.949
115.643
115.24
115.354
114.439
114.171
115.607
117.715
117.705
117.198
116.765
116.295
116.376
113.337
116.606
116.585
116.568
118.153
118.569
118.869
122.296
120.88
121.868
121.41
122.116
121.514
119.699
118.602
117.058
118.485
118.499
118.218
119.817
121.546
120.871
121.066
122.721
125.302
126.524
130.367
130.31
129.544
129.761
130.699
132.899
134.461
134.196
138.571
137.312
134.859
133.819
136.434
133.694
133.953
131.708
133.034
135.679
132.843
134.252
132.832
131.312
133.858
133.13
135.252
135.284
131.954
132.444
132.769
130.97
127.937
129.353
129.638
124.025
124.037
125.848
126.412
126.114
124.152
123.445
122.47
121.989
121.133
123.563
122.218
123.67
124.853
127.006
128.476
128.522
125.51
123.718
124.773
123.518
119.256
116.534
116.265
118.227
121.434
120.512
119.623
118.789
119.716
117.972
119.472
119.504
117.098
115.036
114.982
113.027
114.147
112.34
111.695
112.427
112.783
112.145
113.463
110.955
110.612
111.278
108.529
110.568
111.719
110.109
111.533
112.932
113.287
112.687
113.743
112.375
113.792
113.136
114.661
114.023
113.636
113.429
113.835
113.894
116.877
117.372
118.188
119.582
121.29
122.247
120.316
119.664
119.652
119.785
119.084
117.815
119.332
121.388
121.955
122.244
120.243
120.558
119.6
120.426
121.538
123.503
123.446
125.048
124.814
128.448
129.375
127.974
129.455
131.724
130.98
131.837
131.433
132.387
130.674
128.725
129.294
128.788
129.406
130.855
133.967
134.397
134.122
134.398
137.413
138.468
137.778
137.989
139.092
140.421
138.721
139.089
137.888
138.439
140.254
140.809
139.613
138.739
139.789
140.945
141.233
140.319
144.038
144.777
146.57
148.3
148.786
151.963
152.28
152.097
153.911
151.367
153.325
159.947
160.858
161.545
160.981
162.44
157.018
157.419
155.353
153.636
153.973
156.699
158.168
156.305
155.587
155.811
155.149
153.755
155.073
154.406
155.249
155.623
153.181
152.485
151.664
152.872
152.468
153.595
152.561
151.067
151.269
149.877
150.151
148.096
147.477
147.266
145.101
143.053
144.649
144.156
145.914
146.729
146.147
144.031
146.368
145.234
147.238
145.608
146.04
144.824
141.732
143.902
146.34
144.201
138.645
139.245
138.048
136.648
137.319
137.418
139.066
140.597
141.52
142.027
140.444
139.606
138.177
139.602
142.196
141.411
142.112
139.542
138.157
136.443
137.435
135.788
139.409
138.659
141.717
140.464
140.803
137.323
137.724
136.762
140.661
144.585
143.929
146.644
145.43
144.296
147.458
149.151
150.397
150.636
150.078
148.151
143.904
144.174
143.511
142.613
143.324
141.842
138.714
138.692
139.804
141.483
143.789
147.445
147.943
146.172
147.412
149.311
149.016
151.651
153.396
154.803
155.408
155.573
154.98
155.178
155.569
153.745
153.793
153.96
154.564
155.65
154.471
157.137
157.679
156.016
158.474
162.359
161.964
160.475
161.735
163.677
163.829
163.564
163.694
162.809
162.53
164.954
167.589
166.884
168.74
173.083
172.687
171.216
170.665
173.475
174.611
176.565
178.123
174.599
176.278
177.199
175.324
173.054
172.406
175.774
176.615
176.518
175.283
180.225
185.36
183.856
186.226
188.232
182.813
185.734
187.041
187.001
188.791
186.199
187.014
189.287
189.595
191.562
187.644
189.329
190.77
188.121
188.893
190.521
189.78
186.313
186.543
184.786
182.774
178.185
184.232
186.704
186.75
189.163
190.807
190.64
187.602
186.727
187.437
187.966
188.517
184.919
190.382
193.166
188.634
183.727
182.051
183.537
187.934
189.38
188.304
189.589
193.98
188.132
183.137
184.238
181.592
180.345
181.241
178.839
180.942
176.691
178.601
178.91
181.582
178.685
183.91
183.601
181.683
180.8
181.652
183.01
179.223
177.004
174.737
178.92
176.026
179.624
176.565
176.688
179.436
181.164
175.42
176.239
176.772
