101.078
103.582
103.448
106.026
108.524
109.609
109.597
108.245
110.054
110.423
111.615
110.674
111.315
112.052
113.227
113.694
112.093
109.904
108.893
107.643
105.364
105.851
106.854
109.974
109.14
109.387
108.728
108.894
106.578
106.617
107.58
107.134
108.075
110.942
108.567
109.657
110.26
108.314
105.105
102.97
101.649
101.657
102.183
100.936
100.692
99.7995
99.4636
101.151
102.775
102.807
103.84
104.764
103.554
102.481
102.945
103.727
104.154
103.276
101.492
101.367
101.802
100.849
97.5725
96.3608
95.8838
96.9611
97.7095
98.251
96.2861
96.4258
95.4343
96.0526
95.9868
97.3654
95.127
94.9111
94.707
94.9167
94.9932
94.3828
94.2037
93.8314
94.0299
93.5197
91.7015
93.3854
94.6244
96.5967
96.532
96.815
95.1961
93.232
91.0059
92.5474
94.287
92.75
92.6039
90.7179
93.3413
93.8227
94.1738
93.6933
93.3751
94.1549
93.0039
92.1424
91.9133
91.4884
92.0633
91.8466
89.9819
89.8422
87.9538
87.8084
89.7375
89.7914
88.9732
90.498
90.3332
92.6544
91.352
92.9368
92.9325
92.363
91.9033
93.0928
91.3103
91.792
93.6345
91.6687
91.2697
93.053
95.0559
96.001
93.7409
93.2613
93.6494
93.7022
93.1107
93.0877
92.5332
92.232
94.346
92.427
91.1385
89.675
89.9213
89.4491
89.7694
90.4719
91.5201
92.7168
93.4428
94.4984
93.6802
95.1655
97.161
98.5537
98.5457
97.4971
98.3535
98.149
96.628
95.7163
93.9373
93.0653
92.9491
92.3227
93.4998
92.9737
90.8883
89.2655
89.5016
91.9159
91.8703
91.0375
91.7283
91.8833
91.6174
90.9564
91.0513
90.9944
92.2158
92.5136
91.7134
91.0043
89.7329
90.0855
91.2912
90.2314
90.6113
90.8392
91.0452
90.9766
90.6053
88.6706
89.222
88.9244
89.5491
89.7418
89.4352
88.9641
88.082
86.8917
86.7836
85.7556
85.4763
85.5885
84.2014
82.9105
83.3239
84.1981
84.0963
83.529
85.0318
85.2782
86.4998
86.6261
87.1007
86.9625
86.0364
86.2224
86.5645
86.612
88.2745
88.931
91.0628
92.1839
93.8815
94.8179
93.5554
92.1913
92.4131
92.0214
90.7009
90.7514
91.2555
90.0323
92.0395
92.7297
91.8588
92.8849
93.1985
92.205
93.7428
93.2028
94.0235
93.9679
93.6502
92.8844
94.3214
92.6376
91.729
91.8717
92.3359
92.6213
93.8691
94.6657
93.3596
94.4628
94.3786
93.4476
91.3303
93.0858
93.3063
93.7526
96.3986
96.5174
96.0571
97.5992
97.4893
96.8952
94.8297
91.8651
92.1588
91.5035
92.2892
91.5683
93.4816
93.4352
92.9967
93.6717
92.9787
92.6543
93.2995
93.3458
93.3694
92.9977
91.718
90.052
90.392
90.5347
88.7755
88.8918
87.3226
87.5676
88.4519
86.8741
85.3356
84.2535
84.1807
85.1489
83.9623
84.6537
86.4791
87.0333
88.0802
87.3521
86.6196
87.6308
87.5213
86.8225
84.664
83.3042
82.3841
80.6426
80.6714
81.8448
83.1917
83.61
83.7569
82.6645
82.3728
83.9003
82.3032
81.9235
81.6577
81.8652
82.1164
81.1758
81.1101
81.698
80.6959
82.1772
81.9351
82.3874
83.5696
83.9765
85.0218
83.1281
82.4024
81.4566
81.9679
82.1088
80.5458
78.8152
79.4615
78.7498
77.4464
77.2723
77.3202
79.0043
79.6248
78.2101
78.1394
78.7826
77.6728
76.4841
75.8319
75.1654
76.6165
75.9748
75.2972
75.3019
76.2917
75.5051
76.3707
77.149
78.3901
76.7556
76.3978
76.6042
76.1155
76.0506
76.0934
76.1149
74.9721
75.6746
76.0056
75.4505
75.3066
75.1924
74.5318
75.4663
75.8564
76.9091
74.98
75.8823
74.1553
75.0286
74.9307
74.9367
74.8296
73.7602
74.4172
74.5727
74.683
70.9971
69.6035
69.6883
69.715
69.5499
70.0122
68.8442
69.0162
68.9174
67.5815
66.3017
64.4759
64.6652
62.9984
63.3081
63.0802
61.2888
63.3014
61.8824
61.6899
61.5101
59.5056
57.724
58.1742
58.2429
58.3925
58.9057
58.2804
59.1539
59.2725
59.5534
60.2519
59.6482
58.5496
59.2721
58.1767
57.2373
57.7873
59.1826
59.2513
59.3263
59.3783
59.453
58.8605
59.0102
59.4748
59.7968
58.7575
57.9988
57.5319
58.8576
57.8016
57.4627
56.9605
57.9648
57.97
58.5346
58.3969
59.8208
59.8131
59.6701
60.0538
60.2605
60.3312
60.8858
60.3601
60.1688
58.8964
59.3233
59.1451
58.3107
59.1954
58.6929
58.2623
57.7217
57.6974
57.5385
57.7489
56.7271
57.2236
57.661
57.5601
58.7177
58.4996
57.6476
58.3737
59.0101
60.2478
60.8224
59.1904
57.9553
57.8621
57.1234
57.4781
58.3538
59.281
57.7108
57.2429
57.1781
56.9022
56.8693
56.0054
56.2979
56.2014
56.338
57.5788
57.0336
57.0571
57.3075
56.753
57.2761
56.4091
56.365
56.0769
56.7155
56.7073
56.201
56.8396
56.2485
57.6539
57.1148
57.7234
58.5882
58.9247
58.346
57.7105
58.5984
58.0518
57.3789
58.1481
57.3014
56.9786
56.3452
56.6293
58.3448
59.2829
59.7523
60.21
60.5571
60.1382
59.7446
60.1116
61.6325
61.5366
60.9773
60.5223
60.4943
60.5171
61.3562
61.5992
61.379
60.197
59.5748
58.7757
58.6276
57.7241
58.2206
58.9444
58.4842
58.7279
58.6233
58.469
58.7717
59.9771
60.4054
59.9699
59.7418
59.8978
59.4539
58.7296
59.332
59.971
59.1608
59.8239
60.4667
57.497
56.5252
56.5772
56.5851
55.6501
55.1439
56.2744
55.4047
56.098
56.6163
56.1544
55.8571
55.4687
56.4141
56.1706
57.1517
56.9347
56.7923
56.2753
55.514
55.0266
55.5974
56.2511
55.0405
55.199
55.6479
55.9063
56.594
