99.8375
97.3386
97.5605
97.7339
97.3369
100.269
99.1616
99.5206
97.2797
97.2343
96.3766
98.2672
97.8671
97.6843
98.9957
98.5553
98.5592
98.8694
97.0163
96.4401
95.9451
95.8432
95.7591
94.4999
94.4669
93.6269
93.0269
93.1742
94.9531
94.07
95.7121
95.5507
96.6101
99.1705
97.3323
97.7685
96.8264
95.982
96.2318
96.6088
95.7702
96.5784
95.7524
95.2112
94.7172
97.622
98.2022
98.3145
98.9385
100.538
101.225
101.244
100.252
101.058
101.624
102.76
105.465
105.769
105.343
103.592
104.769
107.451
106.142
105.339
103.256
100.667
102.336
104.809
104.964
105.972
106.071
106.239
107.083
106.826
107.157
108.073
108.143
106.103
105.611
105.015
103.855
102.194
100.79
101.272
102.044
102.594
104.418
103.686
104.301
103.319
102.838
104.013
103.795
104.641
102.217
102.36
102.814
105.389
105.496
104.294
104.858
102.489
104.017
102.902
104.038
102.14
103.443
103.404
101.691
101.822
102.16
101.404
99.8515
98.7013
97.8207
97.8024
97.8766
97.3072
96.214
97.5706
99.5878
98.3801
99.6346
100.824
100.024
101.664
101.439
100.015
100.277
102.874
103.425
103.492
103.155
100.013
100.385
97.9622
95.6347
95.7959
95.8654
96.0864
96.6735
97.0062
97.7405
97.1544
96.0185
95.9833
95.2442
95.738
96.4794
95.3264
94.7339
93.5453
92.8948
93.957
93.2062
93.5888
92.746
93.6617
94.0091
95.0362
96.7429
98.0382
97.0411
96.3836
96.5831
96.8758
98.0277
100.041
99.3268
98.7199
100.016
100.727
102.001
103.798
105.369
106.906
108.153
110.838
110.714
110.984
107.344
107.32
108.971
109.796
110.106
109.545
110.353
110.111
110.55
114.305
112.824
112.873
112.654
111.962
114.202
114.22
114.087
112.296
111.111
109.286
109.311
110.61
110.736
112.389
111.884
110.57
110.144
109.413
111.813
112.305
111.92
112.253
109.809
112.71
114.799
111.811
110.529
110.931
112.953
114.045
113.318
112.476
110.745
109.582
110.442
109.964
108.413
108.381
107.903
107.216
105.62
103.305
102.288
103.419
102.673
102.992
103.311
101.852
99.2663
98.289
97.0488
96.4027
96.612
94.3143
92.7771
95.0989
97.1864
97.2426
98.0477
96.3888
95.4815
98.3519
98.0626
97.6425
97.746
98.4429
97.5742
97.8253
96.4971
96.7849
97.1401
96.933
96.5133
96.8484
97.4258
98.3412
98.4455
97.9046
96.8777
95.8996
96.7231
95.3351
94.4918
96.5721
98.6655
97.5264
96.3297
96.2409
96.4881
97.5864
97.1492
97.173
96.5646
97.1501
96.3467
95.5379
95.1551
96.501
98.1036
99.4164
98.2429
99.2164
98.3635
98.7471
98.9708
98.3065
99.0681
98.2727
99.4688
102.721
102.542
102.211
102.399
103.211
102.123
101.788
102.775
103.7
102.731
102.901
103.374
104.325
102.276
101.753
102.377
102.125
102.51
101.102
101.142
101.836
100.91
100.48
99.6893
99.7836
97.714
99.0625
100.918
99.98
99.5565
97.874
96.2121
95.4347
94.3914
92.6418
90.6071
90.1966
89.6127
90.5288
90.2031
93.499
91.3684
91.7856
92.73
93.9545
93.7153
91.003
90.786
91.6939
90.1844
89.7431
89.329
89.4689
90.0169
88.6915
90.7749
91.1782
91.7168
92.5996
91.6048
91.6899
91.5745
92.3344
93.6217
91.4537
92.4065
91.6596
91.0102
88.7824
89.3825
86.035
87.5029
87.2994
87.6848
86.3148
88.3128
88.5791
87.8967
89.097
90.4199
91.2894
91.1004
89.1762
89.5864
89.1962
89.8854
90.1427
88.99
89.428
87.3612
88.6056
86.3256
86.1245
87.4758
88.299
88.1118
89.0526
87.5502
88.5925
88.0247
87.8023
86.5465
86.1915
83.9633
84.4371
83.4736
83.5197
85.6028
84.6648
85.4948
86.9569
88.469
86.9718
85.7788
86.0625
86.682
86.7229
86.6556
85.1771
84.9697
85.6901
84.9253
83.3971
82.8996
83.7253
82.843
83.2258
84.074
84.2613
83.1219
83.4065
84.1701
83.086
82.8504
83.4749
84.3012
82.999
84.586
84.6867
85.3752
87.587
88.3477
86.918
86.2398
87.8129
86.8634
85.9
85.64
84.8462
84.9735
83.9189
84.3255
85.3038
82.3177
84.1691
84.0706
83.7414
81.4283
81.1502
80.5307
79.0848
78.1287
76.0114
75.4903
74.1597
73.1635
73.4404
73.2841
72
70.6934
71.21
70.3912
71.5402
72.9851
71.9963
69.7221
69.2469
69.059
68.4788
67.9264
68.1479
67.4737
66.6849
67.1105
67.1618
67.0189
68.1518
69.6076
68.3456
68.5757
69.606
69.662
68.6621
68.8521
69.641
70.3886
69.1444
69.1674
68.144
67.783
66.8298
65.0969
66.0019
65.1149
64.8176
63.5653
64.2147
65.281
66.4749
65.7942
64.2969
64.02
65.0777
65.3866
64.8632
65.7306
66.0041
65.9914
65.9153
65.6374
65.0292
64.789
64.1316
64.1613
63.4261
62.6028
61.436
60.9352
59.3663
57.9688
58.6593
56.6597
57.7267
57.4592
56.8705
56.229
56.5915
57.4925
57.388
57.9793
57.353
56.1793
57.1949
55.9138
56.2111
56.8884
56.5517
56.3218
55.9839
56.7122
56.8334
57.6825
57.8429
56.8526
57.1387
57.9011
57.3581
58.2658
58.7774
60.0226
60.2187
60.3241
59.1869
60.4124
59.5435
59.922
60.4734
61.3628
61.2666
62.1091
60.8386
59.3538
59.8764
59.2138
59.8088
59.3774
59.6952
59.6393
60.3166
60.8753
61.1729
60.8462
58.6635
58.4722
58.7788
58.7247
59.617
60.3961
59.9113
59.2906
58.8387
58.5369
59.1912
59.9891
59.6302
59.2271
58.2072
58.603
57.569
58.7714
58.926
