101.368
100.864
100.269
100.621
100.163
100.821
102.344
102.424
102.122
103.137
102.817
101.757
103.255
102.723
103.49
105.04
104.68
104.713
103.283
104.151
105.66
105.029
105.176
105.191
104.445
103.955
106.07
106.254
105.618
104.675
105.357
105.467
106.754
107.337
107.291
108.472
107.287
107.123
109.011
109.098
110.078
112.174
110.089
111.118
110.535
112.381
113.244
112.614
114.126
113.491
112.323
111.603
111.308
111.413
110.145
111.502
111.055
109.803
110.177
110.893
110.718
110.14
109.85
109.79
110.182
111.543
111.592
110.256
108.968
109.144
109.926
107.491
106.87
107.777
105.451
103.682
102.875
103.499
103.504
104.34
105.284
103.942
104.531
105.308
102.735
101.636
98.6393
98.8962
98.2176
99.1735
100.53
101.857
102.977
103.266
100.861
100.787
100.023
100.078
97.6286
97.72
98.5664
99.0029
96.4697
96.4932
96.7657
97.5608
95.4057
96.6063
94.4995
91.6949
89.7202
90.4581
90.2671
89.2907
89.4781
89.2879
88.8261
89.7983
88.9097
87.1621
85.5139
87.1077
88.3996
86.7226
84.9038
84.3653
84.675
83.6214
83.8641
83.6179
84.5447
85.3881
84.7841
84.9233
83.6852
85.5739
85.8484
85.8938
85.8843
86.3708
87.6911
88.5853
88.2419
87.6637
87.9185
88.3716
88.2446
86.7191
85.7608
83.6508
84.3788
84.423
81.9799
81.0364
79.2969
79.0429
78.7646
79.1833
81.0077
81.4074
79.9271
79.0116
79.774
79.5014
78.232
78.3057
77.0623
75.9591
75.8268
77.2084
78.5772
78.45
78.1148
79.4854
79.8925
81.747
82.202
83.0353
81.5189
81.2324
80.7272
79.6235
82.2248
81.8994
82.0292
81.4582
81.9864
80.371
79.9241
78.6391
77.3078
76.8203
76.6542
77.1281
76.91
76.2618
75.3029
74.3637
72.7597
70.9029
70.744
71.5767
71.6677
71.7217
72.3964
73.7831
73.49
71.6714
71.0385
71.9452
70.5767
71.734
70.3088
70.2632
69.6233
67.0759
67.6562
67.1675
67.4298
68.6564
69.1057
69.0839
67.9576
67.8467
67.8399
65.6673
65.0335
63.052
63.3252
64.3523
65.1435
65.8694
65.243
65.8007
65.6642
65.5096
65.4783
64.3528
64.0052
63.4195
62.8244
62.7283
62.9544
63.4104
64.6567
63.8473
63.7256
63.0155
64.1921
63.6661
64.795
64.7228
65.523
65.4807
66.5679
67.8453
69.1454
69.7061
70.545
71.2487
70.4582
70.1092
69.2756
68.9623
69.5192
68.1684
66.8971
67.5365
67.0287
69.5295
71.1139
71.5008
69.9164
70.7236
72.2823
72.3675
72.4034
71.874
72.0005
73.0472
72.7563
72.2427
71.9385
73.0627
71.5632
70.1983
70.9782
71.003
72.6357
73.8633
73.1423
74.7509
74.6447
75.388
75.8111
76.6764
77.9062
77.7968
78.2677
76.711
78.1168
79.5424
78.7613
77.5301
77.7067
77.07
78.0428
76.4676
76.0704
76.1686
75.2825
75.5465
75.6933
73.0591
73.1149
73.4707
74.0164
75.1137
74.6514
74.7111
75.4357
75.1741
75.2487
76.7476
78.6197
79.2656
78.4655
80.6191
81.0664
84.2008
82.4739
82.1362
81.7801
81.0532
78.9728
79.8907
80.0912
79.4425
78.6606
78.5382
78.2029
79.5259
80.1842
80.0128
78.6411
77.6643
76.5873
76.9128
77.0411
76.6862
77.854
76.5612
76.9827
77.462
77.7836
76.4514
77.8224
80.8216
81.42
81.9224
80.9405
79.6711
80.1338
79.3455
80.2681
80.564
80.0046
79.2647
80.0545
79.0543
80.2904
78.8472
79.9523
79.2534
78.4806
77.6922
77.4156
77.7546
77.7699
77.2145
77.1664
76.5315
76.408
75.1541
75.571
76.2383
75.0724
75.9724
75.3061
73.6868
74.6706
75.1969
76.1543
76.3936
75.8337
75.5816
76.1295
76.1743
74.9923
76.1151
75.126
74.9107
73.925
73.2612
73.6349
73.8913
74.62
75.429
75.1285
75.7884
74.9537
75.9997
74.7183
74.813
73.8566
73.1833
72.227
72.8327
71.0785
72.1033
71.704
71.7313
72.134
72.1387
73.4637
73.6492
73.1575
71.9486
69.7937
69.9805
69.2729
70.2386
70.0182
69.9135
69.8288
69.592
70.7181
68.4978
68.3938
68.8355
67.9292
69.977
70.2094
69.5199
69.3408
68.8612
70.1952
70.5211
69.556
70.6341
70.7255
70.4837
68.9876
67.993
69.0457
67.0107
67.3734
67.3463
66.6979
66.3379
66.6207
67.903
67.3946
69.4082
69.3986
68.6984
68.5693
67.6868
66.9945
67.3332
67.0776
65.3609
65.6591
65.589
65.5592
65.8788
66.0012
65.9668
64.8624
64.8881
65.2887
66.2708
67.4177
67.1498
66.8088
67.5486
67.2353
67.2885
66.6802
65.4924
65.2266
65.228
65.3859
64.686
65.6134
65.7328
66.2421
66.5919
67.0498
66.4446
65.4769
64.2241
64.8153
65.4679
64.705
64.6615
64.2287
62.821
63.238
63.3989
62.9066
62.756
61.7272
61.0822
60.8402
61.7595
62.3883
62.8712
63.3325
62.908
62.5427
61.5561
60.3879
60.84
61.8437
62.5546
61.0161
61.4862
61.2596
61.2425
59.991
59.6369
59.0363
58.2081
57.7512
57.9145
57.9641
57.8778
57.3879
58.1706
57.1027
56.7354
57.7632
56.9925
56.0761
54.9411
54.6658
55.6122
56.7855
57.0313
57.1849
56.8554
57.8991
57.8833
57.9294
59.6319
61.0037
60.0352
60.322
60.5706
59.9996
60.1383
59.9141
60.269
59.862
60.6781
61.3625
61.126
62.7111
63.0711
63.0666
62.3772
63.1423
63.625
65.2636
65.007
65.9107
64.8547
65.0563
63.9202
63.3936
63.1805
63.0538
61.4267
62.7083
62.7879
64.2198
64.6881
64.8459
64.2149
64.8031
63.6399
63.8775
64.851
65.329
65.8781
66.0206
67.0392
66.0581
65.7804
