99.5186
99.4761
99.6473
100.886
103.556
104.396
106.491
103.629
104.449
104.479
105.649
105.159
103.393
103.13
101.461
101.747
102.035
99.7643
100.141
99.377
99.8578
97.9774
95.8543
94.4465
97.0594
96.4975
97.5194
97.1225
97.3229
98.7871
99.0943
99.5883
99.1167
100.493
100.789
100.273
98.7618
97.0267
96.7218
94.4869
93.6628
94.0894
95.101
95.935
95.0501
96.091
94.1767
94.6405
92.6761
93.2778
94.3025
94.4658
95.9364
95.369
96.7715
98.8442
97.5695
96.2909
95.7647
94.1445
95.4358
97.0313
96.7991
96.7383
96.6054
94.4749
93.9459
95.087
94.1566
92.6666
93.5273
94.2013
94.4666
95.1482
96.8053
96.8323
96.4057
95.4174
95.614
94.332
93.7829
94.5244
94.527
93.8276
94.2032
96.6037
94.3202
94.4532
93.4835
94.9717
94.6137
95.0421
96.048
96.7049
97.3399
96.1107
95.6657
93.9497
91.3726
92.47
92.924
93.0316
94.7246
94.053
94.4195
93.455
91.4811
90.9422
89.1859
89.3207
89.2395
86.6737
85.3496
85.0411
86.3355
88.0943
88.8375
88.1681
87.419
88.0468
86.8545
86.8359
87.3876
88.9283
89.1589
85.5611
85.1036
85.6373
84.9896
84.9359
85.2438
84.8497
84.1192
86.5121
85.2584
84.0765
86.3685
86.9395
86.8857
87.6945
85.6625
84.9399
84.0543
82.4119
83.9756
83.5035
84.5904
85.5173
85.7085
86.3571
87.3915
86.4084
86.3643
84.5305
83.7978
81.8173
83.354
84.4486
85.9113
84.295
84.6223
85.9188
86.0981
86.5251
87.8184
87.6176
88.2011
89.9156
91.7074
90.5873
89.907
90.7201
92.6248
91.3579
92.4542
90.5376
91.6238
92.5898
92.7837
93.8503
92.5754
92.6818
92.8838
93.3551
92.7691
93.6029
91.8737
93.2562
93.9323
95.1221
94.9274
94.2501
95.4339
96.0837
95.4111
97.1761
97.3585
98.8068
100.923
101.006
101.765
99.8263
98.9822
98.6607
99.4985
101.076
104.086
102.655
101.053
99.6373
100.112
99.5545
98.5319
100.368
101.954
102.469
102.457
101.246
99.7784
103.742
105.042
105.763
106.771
106.987
108.181
109.469
110.384
108.914
110.258
108.469
108.544
110.01
109.969
109.929
110.426
110.579
110.541
112.734
112.626
111.597
110.235
112.269
112.949
113.997
114.343
115.062
115.387
115.237
115.588
116.719
119.896
118.456
116.988
117.967
115.565
114.508
115.415
116.193
113.064
113.024
112.699
110.336
110.943
111.345
112.248
112.656
110.445
110.132
113.539
113.243
112.773
110.756
112.338
115.603
115.568
114.779
116.388
117.612
117.707
114.092
115.196
116.869
114.279
112.989
113.908
115.38
116.094
115.81
115.383
115.365
115.365
117.12
116.362
117.149
117.084
117.039
117.325
117.607
117.163
117.762
118.965
117.669
116.437
115.504
114.898
114.546
114.589
116.874
116.763
117.762
114.195
113.534
114.023
115.185
114.478
111.834
113.111
112.784
112.61
112.182
110.892
109.057
106.373
105.551
104.736
104.48
105.153
104.461
103.984
105.214
105.498
104.655
105.933
106.392
106.48
105.071
106.456
105.48
105.856
106.029
106.441
104.302
104.855
104.932
104.79
104.606
104.931
102.069
103.252
104.382
104.56
104.615
104.398
105.245
104.638
103.6
103.497
105.662
105.995
105.295
104.718
103.168
102.871
102.962
100.973
100.299
101.782
99.3477
97.4536
96.5837
96.7048
94.883
96.1602
95.6988
96.3295
94.935
94.7873
95.1745
95.3869
95.3885
96.6136
94.8974
95.2777
95.1168
96.6224
97.2433
97.8301
96.7426
97.663
99.1098
99.4169
100.926
100.027
97.9221
97.0401
99.1074
98.4787
99.1236
98.5883
99.7487
99.731
99.1763
97.8883
97.0196
97.2118
96.191
94.5542
94.5094
94.1356
93.6752
94.5987
92.7783
91.7196
93.1051
91.9172
91.1384
90.397
88.3968
88.8416
87.0991
85.1896
85.2731
86.0105
85.3335
87.0602
85.539
85.9507
87.1504
87.8302
88.108
87.823
87.5882
87.7828
88.745
88.772
89.4634
90.0296
91.3104
91.7569
91.8372
91.8121
92.1599
93.7976
94.1351
94.2058
95.2007
97.4426
96.7968
95.2293
97.1467
97.2964
98.1461
99.8839
100.301
100.559
100.095
103.196
102.331
102.523
102.825
100.613
100.173
100.382
99.5968
101.618
100.752
102.355
102.191
102.738
101.56
100.439
100.33
99.1869
98.7888
97.0946
98.1942
96.1456
96.764
97.6753
96.9549
98.2124
96.5266
94.5248
94.5737
94.3049
94.736
94.7601
95.282
95.1423
95.3526
96.6269
94.394
95.6349
99.6998
99.6321
99.1016
100.014
100.686
100.15
99.6992
100.399
98.6252
98.7772
97.7712
97.8503
96.1009
95.6957
95.1511
96.5871
95.2735
94.8671
94.05
95.7762
96.5626
97.7708
96.2786
94.857
97.2729
95.9908
95.4213
95.4154
97.0948
97.1488
97.3305
97.5417
97.4316
96.3939
94.507
95.3383
94.1781
92.5632
93.4012
94.6036
94.6985
96.532
97.104
97.7706
97.9568
95.9843
95.6561
96.8839
98.7848
97.2852
100.611
99.7965
100.803
101.162
101.18
101.777
103.158
104.496
105.261
105.85
104.725
105.629
105.467
107.15
108.165
108.487
108.568
107.715
106.117
106.741
108.341
112.175
111.551
110.745
111.411
111.912
110.447
111.958
111.643
112.995
114.765
114.351
115.229
115.485
115.567
115.976
118.034
118.194
116.636
118.173
117.57
118.466
118.307
116.655
116.409
116.412
118.616
119.296
121.752
121.631
125.242
126.2
126.619
128.453
125.37
125.008
125.119
