101.204
100.169
97.9607
97.9951
95.7621
94.8005
94.3357
97.1084
96.6321
97.6563
97.1444
98.2858
96.2855
95.9311
93.8023
94.1239
93.0665
93.1736
93.7992
94.5883
93.7282
94.6336
93.6508
94.4498
95.7426
93.4554
94.2476
96.3742
95.0143
95.1774
93.5494
92.3301
92.0247
92.5917
93.7221
92.0073
93.236
93.7647
94.6541
94.0941
92.7922
92.647
89.6566
89.0057
88.5112
88.2652
87.2411
86.4932
87.5472
87.7464
87.3316
89.0825
90.4195
90.7077
89.6553
91.4892
91.4592
92.6598
93.4428
92.5198
90.9557
90.7932
88.7181
90.4431
89.4026
89.9533
90.1075
89.0592
90.4926
91.4732
88.7069
86.7699
86.2962
87.2545
87.8124
85.8445
85.3053
85.0982
85.7034
85.6492
85.1918
86.1964
85.8478
83.9689
84.517
82.0797
83.0084
83.4015
84.063
86.2996
87.706
86.657
86.5436
88.6889
88.3502
88.6223
88.9621
86.9713
87.3922
88.0708
89.9303
90.1985
91.5738
91.2817
92.9973
92.7967
93.247
91.2917
90.3962
90.4085
91.1797
91.3407
91.4831
90.8009
90.795
91.7851
91.7215
92.6308
94.0616
94.9917
94.1068
93.8242
95.4644
94.3329
94.4133
95.3962
94.6862
93.1734
92.1908
91.8483
92.2538
90.87
92.1573
90.7793
90.837
89.5394
91.3849
93.255
93.2855
93.4209
95.4612
94.1478
94.5833
93.0989
94.8531
96.747
96.207
97.0846
94.8908
95.2021
93.7907
93.654
91.8034
92.3705
92.678
92.5866
91.5063
91.0335
92.249
90.2354
89.9327
90.2597
90.4586
90.7477
88.5952
87.3806
87.7748
89.2206
90.3234
89.4636
89.8537
90.6042
91.0582
91.3535
92.2038
91.8121
93.3221
94.2043
96.0973
96.3492
99.6444
99.0467
99.8238
98.4794
99.407
99.3439
98.6546
100.788
101.107
101.294
102.812
100.445
102.269
102.659
101.475
101.711
99.8646
101.077
101.807
102.089
100.34
101.131
99.7084
100.235
101.918
102.003
103.733
102.74
101.807
100.821
99.1629
98.4768
98.3042
96.9502
97.4525
94.8646
94.892
95.8373
96.1519
95.5111
94.5376
95.2079
94.0431
94.9454
96.6717
95.1454
95.5429
93.6209
92.5545
91.5546
89.9984
92.0964
93.6574
95.8923
95.2006
95.1236
95.1816
93.2546
93.5559
92.2201
90.7115
91.6176
90.8662
92.517
93.9169
95.0172
96.1381
95.1785
94.8177
94.5571
96.065
95.8668
95.9891
97.7023
96.2562
97.3726
96.9458
97.0485
97.3535
97.432
96.9253
97.3465
98.5297
98.7532
99.3701
99.9529
99.8085
99.4404
98.9481
99.8442
97.7264
96.2607
97.6882
96.976
98.5537
98.0747
97.0155
97.3714
96.1076
97.0571
98.8127
98.6774
98.6107
96.1745
94.8478
96.461
98.1801
99.3946
99.1419
98.6593
98.8276
96.4051
94.808
95.1975
93.4034
93.411
93.2406
93.702
94.2278
94.5897
95.898
93.5738
91.6463
91.0196
90.0851
90.8589
91.1602
91.3827
92.3949
93.2502
93.3433
93.6323
94.5785
95.8752
95.8757
98.2328
99.4795
97.8384
98.6976
100.169
101.323
103.929
103.352
104.838
105.662
105.153
105.059
107.394
106.251
107.075
107.15
108.459
109.283
110.05
108.476
107.137
107.723
108.022
106.799
108.006
107.857
107.993
110.117
108.584
107.068
107.35
105.234
105.137
108.462
111.587
112.181
112.653
111.816
113.183
113.428
113.077
115.375
117.239
117.441
118.362
117.595
115.298
113.878
113.573
113.466
114.681
113.145
115.566
113.488
110.201
108.928
110.626
112.191
111.687
113.833
115.274
117.55
119.989
119.321
119.592
122.137
120.485
119.712
118.463
117.307
116.238
116.709
117.947
119.586
119.555
120.393
121.928
122.81
122.771
121.636
121.487
120.381
119.72
121.991
123.482
124.827
124.443
123.443
125.192
123.152
121.758
121.472
120.805
121.996
121.459
119.212
117.316
116.767
116.718
115.159
113.298
111.864
113.48
112.827
113.116
115.793
114.276
113.996
114.147
114.142
115.046
114.518
116.284
116.831
119.839
121.019
121.912
123.749
124.879
123.791
124.357
123.859
124.462
121.862
120.921
120.109
117.758
118.125
118.269
120.775
121.2
123.841
125.111
123.596
121.118
122.878
123.507
128.151
127.867
127.082
126.544
128.293
127.107
127.361
128.404
126.235
126.067
125.954
124.524
123.974
123.016
119.34
119.686
119.656
118.778
116.392
116.883
114.42
111.973
112.778
113.034
112.77
112.162
113.693
113.872
116.013
115.549
116.811
118.215
117.354
117.458
116.26
114.383
115.819
116.945
117.899
119.467
115.766
114.798
116.97
118.28
116.361
112.358
111.717
112.763
114.183
112.085
113.736
115.115
117.213
116.647
116.891
115.581
117.09
117.028
117.855
120.189
121.228
120.382
120.101
118.206
117.399
116.524
116.945
117.214
116.802
117.426
117.141
116.289
116.336
115.875
118.886
119.128
117.309
117.919
118.003
117.366
118.84
120.165
118.802
118.982
117.949
119.817
119.641
120.948
121.077
120.862
123.867
121.998
122.906
125.008
125.552
126.737
124.347
123.888
122.533
119.786
120.389
121.722
122.087
121.721
122.068
121.984
122.442
125.97
125.723
129.462
130.531
134.117
136.001
134.458
137.571
137.654
139.94
139.67
136.072
133.779
133.191
132.189
128.761
130.948
130.318
131.952
132.556
134.686
135.159
135.591
131.567
130.792
131.258
132.726
133.138
132.866
131.57
129.987
132.271
134.166
133.763
132.339
134.764
136.912
136.274
133.73
136.861
136.963
