100.801
101.586
103.514
100.771
100.665
102.472
105.195
107.562
109.186
106.671
107.044
106.259
105.201
104.2
105.102
102.028
102.512
101.661
101.386
104.233
105.279
106.639
104.911
105.1
103.979
103.077
103.041
100.939
101.696
102.272
103.073
102.025
102.973
101.436
103.774
104.1
105.043
105.058
104.112
105.201
103.831
104.321
104.349
106.522
108.981
107.73
106.452
106.095
106.407
106.15
106.521
105.747
105.465
106.982
106.734
106.24
107.746
109.6
110.395
109.242
107.241
109.614
109.485
111.134
110.561
110.746
109.302
109.033
108.935
108.313
106.925
107.947
107.295
107.136
109.855
107.293
107.407
105.324
103.935
104.299
103.433
105.046
104.659
103.247
104.416
103.827
105.321
103.159
105.886
105.99
105.166
106.958
105.302
102.954
104.239
106.987
107.69
109.889
109.919
112.045
111.553
110.991
109.787
109.63
109.844
108.072
107.009
106.871
110.157
107.866
107.843
105.938
103.641
104.255
104.588
105.069
105.724
104.832
104.147
104.837
104.438
102.388
102.624
104.051
102.158
103.654
103.072
102.41
101.065
100.656
98.8509
98.3281
99.7065
98.4341
100.101
100.363
101.539
101.919
103.486
105.033
104.182
104.676
106.389
107.737
106.698
105.959
106.463
107.9
107.661
108.436
108.668
108.754
107.611
104.875
102.024
101.423
100.192
100.722
102.008
103.272
103.913
105.165
104.488
103.1
104.251
104.082
105.473
105.926
105.29
106.741
105.437
103.371
102.447
104.035
102.93
104.266
105.489
105.695
106.625
105.828
106.117
106.815
105.319
105.795
105.724
103.67
101.804
99.9506
98.0396
96.4375
96.2573
98.5797
98.8756
98.9875
96.3687
98.2499
96.8298
96.7349
95.5913
95.9386
93.8003
94.189
95.1731
93.3226
92.4673
93.3902
92.1072
92.1967
91.2088
92.2377
92.8154
93.253
93.0783
93.6105
92.2747
91.5476
90.9574
89.105
89.6139
89.6486
90.4693
90.7842
92.1697
91.2132
90.3613
90.7694
90.5748
89.2228
90.433
90.3642
89.3109
90.4692
89.185
90.9602
91.6553
92.419
94.5186
95.7521
96.4681
97.7509
97.967
97.4844
98.3582
98.0715
97.6987
99.0527
97.1331
98.0676
97.0162
95.5815
96.4447
95.7736
98.1341
99.3071
96.958
95.9024
95.4574
95.3727
96.956
98.7408
98.2628
98.798
101.146
101.877
102.611
102.457
101.61
100.974
100.643
102.086
100.923
102.802
100.787
100.955
100.778
101.261
102.278
101.912
101.467
99.092
99.031
100.097
99.8736
99.8275
98.4487
98.9003
99.2616
97.997
98.873
97.7952
98.0203
98.7398
98.4012
97.8151
95.8621
95.3648
95.8457
98.0636
97.0922
98.253
99.4538
101.963
101.844
102.214
102.821
103.053
104.192
105.767
103.906
105.95
104.543
102.125
102.57
102.292
99.8118
98.9284
97.9552
96.4511
95.7451
96.3015
96.1418
95.8648
95.6978
97.187
94.796
96.3108
96.2176
97.2381
95.7363
95.8978
94.7874
94.1282
93.8169
92.7293
91.9856
93.1002
91.1643
90.1632
91.4678
90.8993
91.5704
91.9848
91.43
90.0443
90.3243
89.9465
89.2459
87.6966
86.7033
88.0594
89.2844
88.7266
90.0552
91.6834
93.0218
92.7957
92.5967
93.827
93.205
91.2123
91.9314
93.4094
93.3774
91.3765
91.3615
92.3442
93.4747
94.4218
94.8939
96.0088
93.9386
93.2732
92.2794
92.5463
93.5395
94.4816
96.7705
97.0464
98.0858
98.7204
99.2215
100.252
101.021
100.953
100.17
99.661
100.451
97.919
96.4318
97.2253
98.1673
100.254
100.324
99.4579
100.433
102.012
102.429
101.709
99.9148
99.4255
99.2471
98.8338
100.536
100.368
101.645
100.381
99.4728
99.5594
98.4807
100.052
99.2323
98.0007
98.0972
97.7021
97.6084
97.0564
97.1696
96.8909
95.795
95.0329
95.2103
95.9692
96.3546
95.338
97.0055
96.0838
95.1699
95.3284
95.4573
96.1605
95.0369
95.3139
96.2675
96.1733
96.3288
96.0012
96.3335
97.6805
96.612
96.8982
96.5316
97.2768
96.3997
94.2176
93.2604
94.2581
94.3849
93.7854
92.0394
92.749
92.7234
90.2258
90.3072
88.928
89.7127
90.5123
90.0495
90.963
91.593
92.8092
93.2458
92.2668
94.6845
96.3524
95.6313
97.8393
98.3376
98.8917
98.3993
98.2168
98.4582
97.8877
96.852
97.3852
97.6446
95.4303
94.943
93.9986
93.181
93.8743
93.3325
93.4152
92.9197
94.7491
94.157
92.3155
92.1282
92.5869
93.1051
93.4562
93.611
93.4204
92.867
92.7524
95.5487
96.9204
96.5239
95.9368
94.0249
94.8082
95.3466
94.4467
95.5089
94.0114
93.8915
92.2054
93.0512
92.0372
90.8336
90.1798
90.6529
91.0413
92.1746
92.895
93.6077
95.0369
94.4727
94.0908
94.8849
94.4655
93.6626
94.863
94.5571
94.0545
93.1637
91.9583
92.4813
92.4933
92.1757
91.4774
90.628
91.1201
91.1323
89.8927
91.2298
91.162
89.7086
89.3531
90.5865
91.3673
90.7676
88.6693
89.417
89.8372
91.4804
91.6869
92.9478
93.0725
92.2992
92.7939
92.0296
93.3388
93.7604
93.3107
92.5474
91.3986
90.7478
92.7056
94.3097
94.7548
93.597
92.8622
93.2351
93.4402
94.0482
93.9979
92.5078
94.9197
94.5543
94.2031
94.3087
96.9233
94.9694
95.6486
96.1172
96.4709
96.6322
96.6804
93.5426
93.3704
92.2522
90.5352
91.4115
91.2843
91.608
93.6818
94.0559
92.4791
90.4081
91.8078
93.3173
93.7023
94.1715
95.7527
94.186
94.3569
95.403
94.9861
93.118
94.5747
