97.461
97.4668
97.1783
96.8961
98.2757
98.1943
100.089
101.395
101.235
102.011
101.526
102.873
102.393
101.701
101.193
100.37
102.012
101.584
101.78
99.6938
100.079
99.2251
99.8487
102.43
103.6
103.701
104.191
107.331
107.567
106.74
108.28
110.308
111.472
110.824
108.324
109.716
109.024
108.491
105.911
102.628
101.552
101.2
100.736
98.0494
99.8301
100.587
101.065
103.399
106.684
105.938
105.288
106.285
106.034
104.262
106.236
107.126
105.948
107.262
108.667
112.181
112.225
112.1
112.66
114.66
111.243
109.155
107.681
107.221
106.33
106.483
105.963
107.994
106.007
105.507
106.617
107.718
106.525
107.138
108.212
106.783
107.506
107.564
108.607
108.679
108.261
109.064
109.471
111.134
113.107
114
113.745
114.652
117.693
119.212
123.04
124.415
125.622
125.977
125.647
124.816
125.739
125.961
126.115
125.23
126.539
126.499
126.578
124.488
123.456
124.635
123.233
120.747
122.574
123.041
121.763
119.295
118.143
118.771
119.022
119.033
120.184
120.027
119.132
120.936
121.408
120.165
121.73
122.194
122.771
123.152
125.223
127.057
128.659
126.286
125.74
126.262
125.949
127.76
125.38
122.135
122.381
121.5
119.58
120.397
122.173
124.512
124.081
124.467
125.23
126.013
124.556
125.873
126.407
130.032
129.883
130.376
128.792
126.781
125.718
125.328
124.877
126.809
126.737
128.426
128.677
132.229
132.56
131.195
129.363
130.402
129.509
128.424
128.127
127.017
125.437
126.435
127.909
127.171
127.128
129.024
130.196
132.401
133.13
132.26
131.762
131.461
130.59
130.545
130.809
129.812
126.966
125.053
124.178
124.813
124.158
124.101
124.831
126.122
124.34
124.324
120.513
120.132
119.635
118.874
121.294
121.309
122.542
123.215
123.591
123.772
123.145
119.997
120.774
121.179
121.486
121.389
122.596
124.116
124.352
123.997
125.54
125.466
127.086
126.432
125.964
124.826
125.357
123.091
124.858
124.37
122.174
119.142
118.562
122.143
121.525
120.139
118.695
117.341
116.107
116.163
116.889
116.641
116.771
116.014
116.99
115.458
115.924
115.906
116.27
117.342
120.467
120.819
120.79
119.845
120.257
118.905
114.844
114.811
114.185
113.422
114.908
114.682
112.765
111.827
110.511
110.647
110.511
109.74
109.794
106.287
104.782
102.364
101.302
100.905
100.078
103.183
102.123
101.557
104.343
103.838
102.372
100.978
97.6155
98.484
98.623
98.9873
98.3982
96.8207
98.1692
96.6484
96.3649
96.7233
100.279
100.209
99.8505
101.713
100.853
100.949
103.14
102.991
102.505
104.237
103.636
101.59
100.962
101.549
101.573
102.031
102.992
103.701
104.588
104.435
105.078
105.106
106.276
107.233
108.132
107.454
105.42
103.926
103.172
102.214
103.378
102.786
103.782
103.569
105.193
106.577
106.779
107.347
107.561
107.261
109.116
109.789
108.838
107.786
107.321
106.415
104.602
104.107
104.23
104.254
102.596
104.129
105.09
103.111
101.928
100.887
101.292
101.125
100.392
100.37
98.0468
99.235
99.0017
99.2656
99.6766
97.3368
98.7183
102.323
102.284
100.212
100.793
101.854
100.505
99.2986
99.7384
101.516
103.147
105.252
104.58
106.035
106.659
109.193
110.439
112.461
114.76
114.541
115.809
115.837
116.326
116.586
116.228
114.975
116.7
119.446
119.608
118.937
118.888
119.777
119.25
119.318
120.396
120.76
122.04
121.157
121.634
121.305
119.791
117.557
118.238
117.808
116.923
117.435
115.082
116.196
117.83
114.127
115.146
113.617
114.673
116.598
117.013
115.754
116.131
114.208
113.584
113.448
114.739
113.098
115.004
115.138
117.321
116.767
119.187
117.538
119.206
121.193
121.074
122.158
122.625
122.045
123.477
123.561
121.708
122.652
124.418
124.501
123.872
126.003
126.551
125.082
124.424
126.536
126.044
123.185
123.171
122.13
122.16
120.369
119.725
118.179
117.836
117.401
119.085
118.372
116.922
115.669
114.739
114.838
113.903
115.54
116.825
116.648
119.105
119.148
120.222
118.7
121.414
120.956
121.946
121.898
124.464
125.169
125.539
123.904
126.631
127.734
127.917
128.865
127.521
129.239
131.319
128.525
126.187
126.824
129.637
128.872
128.031
129.659
126.828
124.904
125.541
124.603
123.007
122.376
118.885
118.609
118.135
117.364
117.382
115.379
115.639
113
114.449
112.653
111.922
110.263
111.061
110.517
108.414
106.69
107.683
104.094
106.27
106.246
106.823
106.38
104.823
107.139
108.002
107.204
106.461
105.623
105.335
104.14
104
103.809
105.273
103.772
103.227
102.72
101.853
101.093
102.741
103.575
102.602
100.755
102.263
104.04
104.346
104.272
104.522
104.893
104.239
105.105
106.113
106.583
107.839
105.406
107.273
106.393
105.552
105.112
105.022
106.702
107.733
105.672
105.063
106.769
106.756
107.218
107.102
111.036
110.882
112.817
112.087
112.736
110.837
108.688
105.491
105.323
105.626
107.869
109.052
109.226
109.356
107.839
107.385
107.467
104.017
103.752
105.235
104.262
105.246
106.693
107.578
108.91
108.227
107.992
107.097
109.284
109.124
108.148
107.2
107.283
106.709
106.223
104.698
104.236
