100.568
100.69
99.7271
97.3273
97.8399
95.2352
94.9928
96.4875
97.07
94.8473
91.9194
88.8744
89.1303
88.6741
90.2793
89.8813
89.8893
90.4858
91.4511
90.9013
91.0621
88.7016
88.2237
88.4462
88.5984
87.5472
88.735
87.9717
88.5959
90.2768
89.8362
90.7251
90.09
90.101
90.4709
88.2688
88.0495
89.7762
87.4639
86.8189
87.7799
88.359
88.0922
88.8258
87.9508
88.6268
89.491
88.7427
88.6726
88.2365
87.7362
88.2692
90.0186
90.5679
91.9522
92.3726
94.3532
94.6321
95.9857
96.703
95.6281
94.352
93.3891
92.9341
93.5612
93.683
90.5666
91.3789
92.468
93.4643
93.3003
92.3904
93.8829
94.0922
95.761
95.1402
96.0919
97.4603
97.9161
97.6422
98.0071
97.9635
98.6365
99.3584
100.118
100.891
98.7894
98.2886
96.21
96.8619
96.364
95.3244
96.3652
96.8707
95.7197
97.1243
98.0789
97.4049
96.0623
97.1613
96.1899
97.4606
98.3071
99.0759
98.2426
97.637
96.3035
96.6915
98.5538
96.5348
96.3844
97.4622
96.1591
95.1634
93.9811
94.4936
92.8332
92.2854
93.5163
92.2389
93.6447
92.2931
91.6923
93.0503
92.409
93.7243
94.0069
95.5119
95.16
93.9565
92.4712
91.0165
93.0815
92.7884
93.3558
94.1555
92.1226
90.0196
89.2391
88.5232
87.6901
86.5995
87.3004
86.5835
84.4322
83.8597
83.445
84.2052
83.9045
85.8389
84.8842
84.3499
83.6397
82.4911
81.924
85.3633
85.711
87.9197
86.8125
88.5833
88.0408
87.8329
87.799
87.9464
88.9293
88.6105
89.5459
87.0495
86.9794
85.348
84.3581
85.4729
85.3171
85.9448
84.1915
82.5788
82.6879
82.1987
81.126
79.3666
78.4063
77.8184
78.4637
77.7034
78.2085
79.1781
79.5669
79.9057
80.6964
81.0143
81.1153
81.398
81.0667
81.5432
80.9311
81.6708
80.7596
79.9197
80.6107
79.0778
79.0349
81.6808
83.353
82.4566
82.8662
82.4364
80.759
81.2264
81.8327
80.6669
81.1464
80.939
80.7457
81.8077
82.8863
84.0373
83.5654
85.1937
86.5427
86.6681
87.6515
87.2066
87.9202
90.3798
90.9181
89.3429
87.8005
90.3566
89.5282
90.9072
92.8295
92.3498
91.8296
91.996
91.587
91.5229
92.7875
91.8007
89.4294
89.6812
89.8517
89.0384
88.761
88.0164
88.2413
88.24
89.4091
88.5153
88.4264
87.3941
88.9234
89.2179
89.0202
89.5314
90.6406
89.3586
87.5819
87.3406
87.387
87.3886
86.0535
86.0331
85.2443
87.5573
85.4551
85.2679
85.0498
84.8649
85.2209
85.3491
82.9615
83.6389
81.4431
81.6494
81.5995
79.9215
79.638
79.8817
78.6168
78.8965
79.0397
77.7714
79.2889
81.5044
81.3142
80.7132
79.348
79.2465
78.3121
77.6425
76.0583
76.6193
77.0018
76.752
75.8916
76.3229
76.8292
76.3123
75.3289
74.555
74.3355
74.5349
74.2562
73.7757
73.5274
72.4946
72.2567
72.9306
72.6018
71.5089
71.6303
71.2951
70.2522
68.5704
69.0738
71.1325
71.6011
72.0697
71.8439
73.6119
73.9494
74.3923
75.2697
74.0788
75.163
74.8134
75.6561
76.2935
76.7608
76.0306
74.3854
73.8674
72.9674
73.4565
73.611
71.1565
72.1504
73.7074
73.8327
73.9003
74.7821
75.1469
76.764
76.6829
77.2576
76.6226
77.0773
77.431
79.0879
79.3343
78.7862
78.561
78.5997
79.2515
78.3891
78.3481
78.5804
79.1556
78.7573
78.6256
76.4839
74.7501
73.0656
73.3362
72.8574
71.9819
72.06
72.0036
71.2137
71.4428
71.3102
71.7611
71.5253
72.9191
73.273
74.2587
74.5587
74.3475
76.2652
75.9014
75.7143
76.2593
76.7429
75.806
77.5049
77.485
77.0616
75.4942
77.2722
75.7541
76.237
75.8828
76.241
74.4597
73.3114
72.9827
74.6509
73.5479
73.8306
74.5632
74.5705
74.4806
76.4498
76.6225
75.7716
77.465
77.1743
79.1309
77.8852
78.7693
79.9316
79.9402
79.9128
79.9754
79.7111
80.6652
80.5135
80.0301
80.1473
79.7169
79.9792
80.9924
79.3461
79.8227
79.9288
78.4938
77.2953
76.1266
75.2597
74.3228
74.8428
74.7999
75.0938
75.6356
75.0189
76.0079
75.5842
75.9471
76.4245
74.525
73.5533
72.78
72.5016
72.0501
72.4415
72.8588
72.2478
71.5795
72.6953
71.2754
71.5695
70.9307
70.1941
71.2391
70.4696
71.2837
70.5745
69.7882
70.1962
70.956
74.0572
73.2064
72.8169
72.3929
72.3126
73.0286
73.5618
73.3927
74.8559
74.1161
74.2099
74.1939
73.6694
72.4313
72.6866
72.0652
71.0933
69.7415
69.3786
67.2497
68.3864
69.4473
69.1735
68.5298
68.2217
67.1471
66.3274
65.9363
66.7828
65.1782
65.9567
64.9703
65.3788
65.7084
66.5194
65.9855
66.1466
65.6518
66.9861
68.4203
68.3916
68.7509
68.6289
69.9137
70.0069
71.0494
73.3204
73.6438
72.3632
71.0994
69.4975
68.7902
68.5752
69.9467
69.6369
69.425
67.6463
67.2986
68.2425
69.1888
69.9629
71.5464
71.1524
71.3086
71.6782
70.5758
71.03
70.3446
68.7426
68.7295
68.8021
67.1247
66.7723
66.3093
65.7739
64.4856
63.628
63.7079
62.835
63.8134
63.1543
63.409
63.5231
63.0683
62.7756
61.9128
61.5665
61.0125
61.9327
62.3177
62.1869
62.6585
60.7154
60.0326
59.4114
59.1488
57.7761
57.8645
56.2661
56.5142
55.5353
56.2499
55.7434
55.7205
55.6027
55.5858
55.7829
56.3761
55.8398
56.4659
55.7773
56.9019
57.9573
57.2144
57.769
56.9706
57.3414
56.7897
55.6287
55.329
54.9867
55.9638
55.2314
56.3227
56.8477
57.8996
58.8953
58.8109
57.8499
59.5741
59.8921
59.1433
58.3674
58.6728
59.2918
58.5442
59.3867
60.5082
60.423
60.521
