100.501
99.1773
98.8829
99.9793
97.44
96.3936
96.428
96.1165
95.9095
96.7515
95.082
94.0668
92.5536
89.572
89.6746
90.819
89.9434
92.3785
91.0859
91.2628
92.2271
93.8558
93.9792
93.4372
93.703
92.7393
92.2011
92.7985
92.3284
94.1989
95.3247
96.6866
97.212
98.1942
96.5612
97.4054
96.7182
96.8918
96.1698
95.2292
95.9333
95.5664
96.0494
94.6734
95.4936
95.8698
94.7429
95.2329
96.7422
96.6421
96.7874
98.5167
98.7807
98.962
97.3375
97.642
99.2705
102.883
103.423
106.038
103.681
103.725
102.23
102.528
104.226
104.073
104.115
104.841
104.678
103.757
102.063
100.239
99.635
101.252
98.8491
98.6381
99.5386
99.9746
101.026
100.648
100.221
99.4749
97.8175
99.4046
99.5063
99.0498
99.5324
101.201
101.321
101.914
101.488
100.808
100.326
101.734
102.418
102.452
101.494
101.928
103.034
102.425
103.48
103.313
104.505
104.829
104.512
104.499
105.207
105.267
105.91
106.019
105.84
106.603
106.167
104.856
103.668
102.457
102.503
100.162
100.103
100.666
100.603
100.544
100.554
100.198
99.7847
100.825
99.8507
99.8542
101.464
103.587
103.026
101.915
101.438
100.487
98.5616
98.913
99.8314
101.218
100.748
100.056
101.689
99.5028
97.9875
97.6768
96.821
99.4387
96.4437
96.5424
97.4375
96.4875
94.5228
94.0375
94.3193
94.896
94.2784
95.1313
96.796
97.2583
96.5736
97.8015
98.1865
99.9856
98.1147
100.374
102.093
102.473
104.286
104.482
106.409
109.318
107.558
109.767
109.336
108.422
106.751
105.983
104.664
104.499
103.47
106.924
105.788
106.179
103.458
100.828
99.7947
99.4453
99.6638
99.9642
101.579
101.814
101.411
101.872
103.055
102.225
102.099
101.042
101.338
101.958
103.066
100.779
99.628
100.035
99.0664
98.8993
99.6566
100.221
99.1828
99.8385
98.3507
98.0824
101.409
103.671
103.203
103.528
102.846
102.068
100.964
100.578
102.521
102.741
103.757
104.061
102.474
102.465
100.911
99.8498
100.156
99.4236
98.096
99.0868
98.7325
99.3313
98.7532
99.3354
99.1527
100.963
100.106
99.7417
99.3871
98.6868
97.6568
97.1135
99.521
98.8703
98.4066
98.4905
97.6762
98.1354
98.1868
96.9365
95.541
96.5253
98.7044
98.1463
97.982
96.7727
96.6182
96.4451
94.5126
95.6543
96.2076
96.3232
96.5974
95.073
93.9547
92.0942
92.731
94.7319
95.8901
95.628
95.0056
96.8813
96.3875
96.9372
96.6566
95.6999
94.6256
95.0896
94.4024
96.3628
96.3516
95.7155
95.427
96.275
97.076
99.3352
99.7483
99.5247
98.0686
99.1556
97.8564
98.417
96.8807
95.4094
96.1169
96.8117
97.5369
97.0714
96.7134
95.6016
95.3699
96.5439
97.0084
97.9412
96.2536
96.8798
98.4136
98.5802
99.2219
98.6568
99.2729
101.354
102.998
102.63
101.925
101.761
102.464
101.923
102.588
102.71
101.956
102.166
103.06
103.38
104.463
104.033
104.808
105.355
107.046
106.458
104.736
105.544
103.632
103.321
103.795
102.944
102.422
103.453
101.897
104.043
105.017
105.748
105.743
106.437
106.534
107.355
104.434
103.996
101.893
100.976
103.208
101.977
100.765
99.001
98.7527
99.3352
97.7192
96.8741
96.6473
97.1344
96.9413
98.1389
97.8595
97.499
97.7668
98.0788
100.265
99.7955
102.575
101.038
100.267
101.887
101.534
104.725
103.776
100.546
101.808
102.437
102.217
100.292
98.6778
96.4423
98.1292
97.6461
97.841
95.8375
94.6199
94.6624
94.0276
93.5946
92.8148
93.7187
93.7157
92.7856
92.2774
91.3646
92.3971
93.7108
91.9394
89.6169
90.7582
88.05
89.0868
89.108
90.1877
91.5916
91.3367
91.0225
91.9109
92.4114
92.8224
95.1382
94.8923
95.2851
94.3771
93.6869
91.4944
90.1009
91.619
90.341
89.6451
90.1479
91.0535
90.4136
91.9
93.4424
92.4023
93.1121
93.5462
94.5248
93.3105
93.4755
91.8165
91.3398
89.7213
91.8852
93.8958
92.8949
92.3146
92.369
91.7388
89.9835
90.5622
88.4292
87.2091
87.3853
87.6737
87.7206
87.2634
88.4914
87.491
87.1175
85.8734
85.7549
87.0538
88.1027
89.5553
91.6565
94.6409
94.317
94.9439
93.7245
92.6628
91.6328
92.4958
91.3903
92.5384
91.3305
91.2094
91.9358
91.6288
91.8063
90.9161
91.2281
89.8514
88.1021
88.5627
89.6722
87.309
88.4718
90.3907
90.4904
90.8386
90.3496
92.1335
91.2828
91.913
92.7864
91.4688
90.4385
90.5487
89.172
87.5257
87.2788
87.1929
86.2043
85.7809
84.9887
83.876
84.76
85.3629
85.9719
86.6775
86.3747
87.0773
87.9136
88.7173
89.4564
87.3664
87.3324
88.8915
89.2938
86.2936
86.4174
85.4365
85.9285
86.5787
86.5026
87.3179
84.5523
83.7695
83.9999
83.5085
82.9888
82.5287
82.5194
81.9391
82.6539
83.5896
83.1508
82.5769
82.3153
82.9909
82.8805
85.5588
87.8147
89.1403
89.9256
89.4866
89.4055
89.6626
89.68
89.273
89.4457
88.4792
88.9446
89.4352
88.7046
88.2164
88.2823
86.459
86.4831
85.7665
84.044
83.2108
82.3697
83.018
82.7223
83.6094
83.4408
82.2695
83.9201
84.3679
85.0728
83.5786
83.0456
82.2311
81.8539
81.8421
82.2769
82.8541
81.8632
81.3328
81.4165
83.8111
83.458
83.4266
83.6878
85.6533
86.3096
85.9879
86.4379
84.6828
87.8249
88.1381
89.9678
90.6206
91.5721
90.8424
88.9725
88.8865
88.2893
89.4407
90.7378
90.2905
91.7109
91.5757
91.7867
93.4569
93.1124
