99.6853
100.074
96.8883
97.7283
97.4862
97.1869
96.2217
94.8298
92.9668
91.4098
92.7026
92.6236
91.1692
89.9823
90.0316
89.7378
89.8958
90.4942
90.7394
89.9882
89.9597
88.1018
87.6283
87.4976
87.4842
87.9836
89.7465
88.7041
88.9832
88.4919
91.2815
91.3869
89.737
89.9876
92.1309
92.0067
91.2493
90.8352
89.3425
89.5161
90.3022
89.7144
90.9612
89.8623
90.8104
90.939
89.9406
89.0432
90.7888
90.3717
90.9957
90.5006
90.6857
91.2449
90.9217
92.3222
90.9434
90.9147
90.1529
87.4928
89.7914
87.9851
89.3769
90.9007
89.5165
89.0533
88.7705
88.5952
87.804
87.1865
87.2809
86.0504
85.07
85.5504
84.9064
82.7705
81.9068
82.1388
83.5738
84.4297
85.8321
84.5528
83.6774
84.1659
84.9835
86.378
84.5028
85.6836
84.6593
86.0259
85.4943
85.7291
86.8474
87.0226
86.8795
86.743
86.7923
86.9318
85.3142
84.2299
85.3187
86.9307
86.6778
88.0049
87.5237
88.2808
88.4901
88.4065
89.0949
89.6204
88.7065
90.5324
90.9677
88.6738
89.9346
90.4866
89.5961
90.5669
90.2349
90.8941
91.4205
91.7882
91.6289
92.2511
94.1994
95.0429
96.1476
97.9062
96.1113
97.4552
97.7684
98.2389
97.5389
97.9142
97.1151
97.318
96.7353
97.4866
97.2385
96.8481
97.552
98.1162
98.1187
96.2021
96.503
96.7545
97.4022
98.0128
98.1789
97.0573
99.0128
97.0644
97.378
96.1882
94.5044
94.0367
93.0937
95.7821
94.5566
95.6272
96.0903
99.1287
96.0971
95.7278
98.0801
99.9697
99.2866
100.289
99.8701
102.081
102.775
102.442
101.89
102.594
103.42
101.191
101.644
100.734
101.549
100.422
102.792
101.052
101.46
101.461
103.031
104.205
103.6
102.99
104.246
103.088
107.053
106.61
106.87
105.944
108.887
109.347
108.868
110.725
111.114
111.138
110.106
108.392
106.297
105.324
102.74
103.639
107.357
109.009
109.574
111.299
108.838
109.734
109.579
110.647
109.088
110.065
107.878
109.509
111.076
112.993
115.49
116.233
116.407
115.518
117.552
117.27
116.251
117.369
118.572
118.46
120.763
120.088
119.009
118.01
115.57
114.828
115.747
114.232
113.636
113.364
113.993
113.31
114.273
116.184
114.609
113.925
113.501
114.52
114.65
115.326
116.415
113.733
112.233
111.096
112.485
111.894
110.315
110.834
108.987
105.593
106.753
106.688
108.375
110.26
109.662
111.106
113.318
115.444
115.733
113.293
112.429
112.719
113.302
113.633
112.287
111.768
111.553
109.198
108.345
108.6
109.538
111.377
110.261
110.74
109.349
108.633
108.854
109.545
107.921
106.966
106.414
106.069
107.204
105.21
105.782
106.262
104.991
103.683
103.751
104.079
103.06
103.48
104.413
106.41
108.728
109.778
109.707
108.084
112.312
113.203
111.47
113.023
112.113
110.394
106.822
107.515
104.847
104.692
105.738
105.989
105.462
105.153
104.659
104.56
103.441
104.168
102.828
102.536
104.602
104.75
104.83
105.001
103.797
105.543
107.205
108.316
106.089
105.852
106.981
106.408
107.004
106.453
106.228
107.64
107.796
108.142
108.581
110.197
111.294
111.942
112.122
112.023
113.051
115.353
114.326
112.364
109.501
111.959
113.649
113.83
113.103
111.609
111.944
113.291
114.137
112.252
114.403
115.234
114.61
114.592
114.483
112.56
113.309
111.321
110.497
109.36
110.622
110.807
111.846
110.786
110.571
108.523
108.745
111.641
112.659
113.472
114.26
114.936
117.9
115.079
111.408
111.169
111.304
109.763
109.628
108.151
106.292
105.848
105.251
105.565
103.931
103.188
103.225
104.358
103.796
105.504
106.199
108.004
108.522
109.485
108.858
107.407
106.008
106.195
104.528
102.82
101.091
100.359
100.692
101.411
101.487
100.507
101.313
101.82
102.841
103.254
102.825
101.706
100.791
100.197
99.4809
99.2319
97.6573
98.373
99.3231
99.5787
99.9893
102.058
102.024
102.136
101.467
102.649
103.214
102.671
101.556
101.892
102.016
99.3582
100.08
101.243
101.882
102.978
104.261
105.141
103.375
100.953
102.223
102.917
102.036
103.933
101.053
103.385
102.008
101.178
102.37
104.904
105.003
103.895
104.55
104.656
107.727
107.91
108.15
110.604
112.676
110.185
111.323
112.805
113.061
111.16
112.077
112.381
114.801
116.64
117.663
117.298
117.465
117.906
120.721
119.261
119.34
120.32
119.949
121.244
118.333
117.074
117.679
115.829
115.51
115.525
115.329
113.897
115.19
112.956
112.355
112.953
113.749
113.879
114.682
115.286
114.343
116.869
116.577
115.626
113.928
114.998
118.599
116.875
116.214
114.421
112.681
112.064
115.064
114.455
116.55
115.901
118.452
120.068
119.388
121.381
120.304
118.266
117.916
115.512
116.551
116.211
116.928
120.328
122.124
123.067
123.008
123.348
122.044
121.818
122.018
122.106
122.738
122.353
121.986
124.614
124.022
124.377
124.548
124.818
124.117
123.95
125.558
125.568
124.984
123.013
122.157
122.938
122.727
121.317
121.827
118.945
119.34
119.005
121.826
125.869
129.43
131.216
129.627
131.632
130.182
128.567
127.496
126.921
124.761
124.877
127.856
129.349
129.341
130.403
131.274
132.825
133.653
136.595
136.847
134.387
133.664
132.277
131.917
131.605
131.352
133.507
134.872
133.634
130.511
134.2
