99.3819
99.263
98.3085
96.7264
96.8298
97.7107
97.0925
97.0662
96.4119
94.6236
91.8284
92.6692
94.9097
93.8987
93.8887
94.2695
94.2486
95.6119
97.112
98.8883
97.8378
98.9882
98.2563
98.8869
101.51
101.886
100.884
101.02
100.667
102.658
101.249
100.165
102.537
101.266
101.399
99.6614
96.5892
95.7109
92.6038
92.9659
91.2113
90.1951
90.6639
92.9365
94.6031
92.9806
90.8242
90.0724
88.5957
89.4811
89.4379
89.8868
89.5577
88.4283
89.5412
90.0518
91.6039
92.9829
93.3714
94.3667
95.1469
93.1663
93.5428
93.7886
94.3552
94.8739
93.8154
95.2037
97.0123
97.1563
95.1807
95.0839
93.6992
94.554
95.4928
97.3803
96.3952
95.9712
95.4793
97.6926
96.079
98.2959
99.0406
99.0181
100.098
101.769
101.69
100.667
99.6626
100.949
101.571
100.456
101.182
99.6871
99.8965
98.1075
99.1467
96.6056
95.9117
96.2428
96.3643
96.7712
97.3946
97.4072
97.1462
96.6167
97.5728
97.1523
98.0479
99.0639
100.983
99.8219
99.1585
97.7724
96.3335
93.7873
94.6268
93.781
95.9218
97.9214
97.9243
98.6977
97.4108
97.5771
98.0179
98.6706
96.4645
95.9632
95.8592
95.0999
95.7365
96.4025
95.8821
94.6594
95.2008
94.7074
92.7215
95.8315
96.4348
95.8096
94.5488
93.4256
93.9877
92.6158
90.8325
90.9415
90.8709
91.9995
92.4516
92.6377
94.2059
94.1688
92.7006
92.8595
94.703
93.8834
92.6116
92.5217
91.3093
91.1371
92.1373
91.9138
91.4605
92.1589
91.8593
92.6484
92.2823
92.2281
94.1082
96.4628
95.6678
96.9989
97.8315
99.2372
97.9903
96.2489
97.2796
97.1366
98.6053
97.269
96.77
97.1466
98.3982
97.9182
98.202
98.7631
98.8187
98.4685
100.106
99.0903
99.2275
101.219
101.869
100.389
97.2624
99.3697
100.221
98.9881
97.4628
97.6759
99.2177
98.1788
98.4498
96.8141
97.1595
96.4115
96.3993
98.021
96.0715
98.2895
98.3291
100.985
101.667
102.744
104.652
104.645
105.112
102.398
103.003
104.652
104.079
103.182
102.758
105.018
105.345
106.302
105.094
105.031
103.035
104.942
107.086
106.152
105.715
105.399
105.796
109.654
109.354
110.605
111.986
111.109
112.163
113.057
112.935
114.594
116.204
114.339
113.589
115.563
115.858
115.489
117.285
114.573
113.239
112.439
111.461
112.47
110.516
110.455
108.392
111.095
111.417
110.433
111.316
111.511
109.551
110.726
109.455
110.067
113.126
114.822
115.757
115.226
114.98
114.202
112.671
112.837
112.936
116.676
118.826
119.31
117.995
118.92
116.921
114.971
116.052
118.285
117.117
115.592
114.346
113.936
113.442
114.904
116.006
114.105
112.817
115.979
119.248
119.631
120.004
120.734
117.391
115.681
116.358
119.203
119.519
120.18
121.26
123.272
122.807
122.603
122.91
123.35
122.217
122.475
122.485
123.516
123.406
124.524
126.807
129.32
126.889
127.249
129.112
129.51
129.164
128.002
127.388
128.455
126.174
126.273
127.471
129.754
130.896
131.386
130.926
132.975
134.637
131.675
129.519
125.453
126.445
127.711
129.321
131.495
132.096
133.131
129.138
128.326
126.405
128.141
126.981
126.991
124.828
124.698
126.729
126.29
125.146
124.593
123.471
122.701
123.108
124.434
122.04
122.178
119.189
120.759
120.503
116.337
116.265
115.134
113.414
112.107
110.49
111.622
110.675
109.182
107.466
106.365
106.634
107.43
106.535
105.428
103.816
104.179
104.019
103.139
101.299
101.554
100.27
99.9762
101.439
102.204
101.686
100.501
99.4813
100.47
99.8627
99.9564
97.9684
96.8123
94.8385
93.4937
94.6518
94.3193
95.1624
93.563
92.8204
92.95
90.8855
90.2147
88.7675
87.7561
87.5707
86.3293
85.2082
84.0603
84.4875
84.7753
83.6893
81.3134
79.9844
79.1075
79.4972
81.4223
82.4801
82.1778
81.0682
81.1753
81.3932
80.9254
81.6395
81.7293
82.9116
83.2371
83.8057
82.4888
81.8336
81.2324
80.7366
81.6715
83.532
84.8747
85.4781
86.2405
85.8215
85.1795
84.9131
84.6532
86.0202
87.3375
86.209
86.8217
87.27
87.2023
88.2547
87.5505
86.1432
87.1015
88.5343
89.2553
88.4964
90.6128
88.161
89.1917
89.6973
89.9584
89.0089
89.8362
89.0026
89.2997
90.807
90.6679
90.6245
91.5662
92.1321
91.8177
92.4948
91.5574
91.8836
92.7165
91.5713
92.3619
91.7102
90.7655
90.6874
89.2089
92.1947
94.8325
94.5918
96.654
96.8933
95.6381
93.718
95.6833
94.1333
93.3999
93.905
94.772
95.8164
95.9345
95.075
97.0961
97.0503
97.648
99.5848
98.8762
100.23
98.3235
99.2023
98.7606
98.6004
101.471
100.962
101.179
101.114
101.231
100.428
98.6379
101.207
102.077
101.181
102.466
102.712
104.012
101.762
101.473
99.7412
99.6973
98.462
96.4629
96.3756
96.0292
94.5122
93.3629
95.9298
94.8109
95.6615
94.2623
92.3646
91.2391
91.9635
92.5881
92.9719
91.876
90.7087
91.4658
92.3025
92.2327
91.8342
92.0202
92.5651
91.0871
89.5557
87.2642
84.7991
85.6914
85.0709
85.0535
85.5779
85.796
84.5714
84.8381
85.5912
85.6358
86.1351
88.6567
87.9167
88.8749
89.2502
87.9512
88.8265
86.9178
87.7137
88.2735
89.0803
88.8511
88.3269
88.299
89.5552
88.2021
89.041
89.4354
91.1071
90.5644
89.0622
88.9725
89.9248
89.643
89.6921
90.2043
89.4422
93.1935
94.0754
93.9893
95.1401
96.2954
95.572
94.1112
94.3556
94.6292
