98.1563
99.5573
98.5918
99.1474
99.4329
100.034
99.2572
99.3488
99.7744
98.7428
98.6004
100.659
100.156
99.114
97.4157
95.2729
93.8759
92.8667
91.7431
92.9984
91.1795
92.7125
94.8506
97.4534
96.3989
97.1324
99.0652
99.9635
101.535
100.089
101.539
100.664
101.357
101.736
101.488
103.181
104.938
105.181
106.948
108.156
107.848
108.232
106.375
104.976
106.156
106.529
105.688
105.796
104.491
103.618
106.651
105.704
104.985
104.819
107.674
106.42
108.085
108.019
106.326
106.693
105.089
106.14
106.614
105.115
106.791
109.17
108.619
109.204
109.966
108.86
109.565
108.298
109.306
107.269
107.153
108.065
106.516
109.075
108.103
108.094
107.609
107.807
107.297
109.997
110.694
109.492
111.858
113.445
115.661
114.393
112.033
110.509
109.45
107.043
108.246
107.302
109.33
109.295
109.311
110.319
109.477
110.693
110.456
110.107
109.378
110.721
108.976
108.596
110.284
107.926
105.613
104.643
105.24
104.34
106.38
106.444
103.522
100.59
100.229
100.746
101.856
103.491
105.54
106.057
105.656
105.963
107.088
107.331
105.519
106.554
105.919
105.822
107.856
108.952
111.79
111.716
111.062
112.721
114.306
115.732
116.551
121.446
121.096
125.829
126.554
128.563
128.071
132.051
130.724
132.326
133.094
134.211
135.992
135.11
135.813
134.585
132.439
134.053
133.227
134.18
133.31
132.981
132.173
128.571
127.507
129.232
130.253
128.334
127.6
130.481
131.863
131.093
128.535
130.23
128.899
129.723
131.043
132.563
133.923
130.674
129.824
131.779
130.329
134.194
131.943
133.325
133.288
132.838
134.929
133.729
132.315
134.882
134.655
135.994
135.732
135.224
140.055
140.933
141.422
140.045
141.029
143.067
143.816
147.604
150.369
150.034
152.19
150.975
151.848
153.237
150.533
150.294
146.332
144.185
142.025
142.834
141.007
139.227
138.716
136.576
136.426
134.392
134.398
130.126
133.274
134.431
134.762
133.914
134.658
134.127
135.281
135.862
136.78
138.419
142.175
145.309
145.499
143.303
144.08
145.242
144.407
141.368
140.235
139.807
137.939
139.044
137.324
138.472
135.777
135.684
137.349
138.374
137.989
138.041
136.328
132.001
134.383
134.352
132.635
130.963
131.664
132.225
130.288
129.025
128.535
129.916
128.251
128.536
128.311
127.014
125.16
123.602
120.546
120.986
120.481
120.471
117.782
116.069
115.905
115.82
115.971
116.261
116.744
116.803
113.897
112.896
114.454
114.4
112.746
114.405
115.148
116.318
113.617
113.68
112.997
112.953
111.512
111.509
110.717
110.403
110.714
111.512
112.094
110.801
111.333
109.463
110.924
109.365
107.885
108.156
108.433
107.241
108.435
106.17
107.167
108.519
109.906
109.83
110.758
111.989
112.92
113.252
112.244
113.449
113.407
113.79
114.455
115.609
114.51
113.354
110.556
111.48
111.345
113.397
114.723
114.074
113.233
113.352
112.65
112.476
111.745
111.209
110.866
109.398
107.235
104.812
104.144
103.098
102.292
102.414
104.007
103.605
104.117
104.489
103.464
104.109
103.367
103.082
102.363
102.157
102.121
101.31
102.209
102.598
103.947
105.816
106.119
107.29
106.207
106.525
107.449
107.226
107.189
107.813
108.39
109.193
109.797
111.857
112.497
114.231
116.446
113.472
113.924
112.692
113.942
116.003
116.776
113.918
115.454
117.645
116.617
116.607
116.956
116.399
116.508
118.736
118.642
118.838
119.872
120.374
118.032
118.467
117.951
121.567
124.603
122.48
124.424
123.495
125.515
123.537
122.937
122.642
120.229
120.468
119.637
123.406
123.211
124.961
123.604
122.306
123.049
122.776
122.441
122.077
124.211
125.951
128.077
128.314
126.153
127.068
127.781
128.402
129.457
131.846
130.699
128.953
128.107
128.854
127.127
126.327
128.35
128.577
130.981
131.426
134.235
136.078
139.008
135.906
137.032
136.704
136.445
135.285
136.15
137.106
135.259
138.508
138.403
139.219
136.59
138.449
138.275
137.745
136.743
135.851
134.504
135.982
136.237
135.513
136.849
137.684
139.95
137.011
140.432
140.38
139.023
138.68
135.853
135.656
137.337
138.97
136.642
138.164
141.227
142.676
141.761
143.864
144.784
149.166
150.864
150.036
149.811
148.989
148.606
147.333
148.64
147.639
148.113
148.703
147.711
147.899
151.546
155.089
156.536
156.566
156.967
156.575
156.672
156.675
153.906
152.125
153.614
154.546
155.588
155.914
156.283
157.713
161.328
156.391
154.962
155.462
154.842
154.373
153.908
154.119
155.146
157.229
156.627
156.83
157.835
159.875
158.611
162.026
166.771
169.302
167.969
168.413
168.356
169.872
171.284
172.738
169.482
170.837
170.728
170.471
170.12
167.007
164.948
161.658
158.606
156.733
159.214
160.045
160.889
157.52
155.983
154.945
153.576
152.073
153.105
151.916
150.468
151.304
153.733
155.743
156.019
155.931
154.218
156.049
154.038
154.97
154.01
151.745
149.434
146.898
148.11
149.799
146.961
148.827
146.104
144.154
143.111
143.437
146.399
148.351
147.807
145.452
141.469
144.441
143.201
146.365
145.425
143.284
143.326
139.258
139.527
140.768
139.9
138.002
142.79
139.952
