100.926
100.859
98.931
98.4032
98.4682
97.5155
98.0305
98.1216
97.3707
94.6641
94.6152
94.0773
92.539
92.6792
92.9174
92.7748
91.9726
90.5631
90.8849
91.7085
90.9391
90.2747
90.31
89.9847
91.8568
90.2145
92.5983
92.5974
93.2824
92.4492
92.9316
93.4546
94.7549
94.9398
95.0151
96.5251
97.9275
97.2467
95.0354
92.8794
92.8784
93.6323
93.5438
91.04
91.3064
91.6533
90.7799
90.1663
88.9077
88.6893
88.9057
88.1822
88.4757
87.426
88.6162
88.3206
88.0832
88.6829
88.3967
89.1652
89.3642
91.2233
91.4924
93.0367
93.1106
94.1054
94.7054
96.1134
97.6164
98.1016
98.7751
98.0882
96.5095
95.6589
95.0324
94.04
93.4087
94.1181
96.7809
96.5744
98.5121
98.1633
96.1746
95.1154
96.6034
96.4754
98.5294
99.0852
98.6055
97.8828
97.789
96.4136
97.5203
98.1861
95.7601
95.9605
96.1732
93.4909
95.1951
98.8324
99.5056
100.748
102.467
103.093
101.046
102.318
102.103
102.875
103.495
104.087
106.007
106.715
105.919
105.822
108.156
107.795
108.4
108.63
109.464
108.496
106.142
108.019
108.781
109.416
109.8
107.998
108.355
108.357
109.827
110.844
108.909
109.375
107.304
107.242
106.158
105.245
105.034
103.212
102.718
99.5559
99.6982
100.049
97.7019
101.009
102.344
103.314
100.902
101.021
101.133
101.412
102.504
103.131
103.589
103.408
104.037
104.135
102.392
104.236
102.847
101.652
102.093
102.887
101.85
103.078
105.844
105.822
105.557
108.297
111.318
113.339
112.61
112.1
110.678
110.497
107.968
107.868
105.798
106.682
106.14
106.332
107.669
106.866
104.057
104.76
105.076
105.728
105.89
105.823
106.802
108.708
106.795
105.982
106.566
106.232
106.988
106.564
107.286
106.427
107.283
109.437
108.6
107.45
106.233
104.108
102.795
101.997
100.566
100.497
99.6295
100.567
102.959
103.842
103.455
102.196
102.979
103.77
103.582
103.414
105.614
104.558
103.521
102.64
103.598
105.418
105.433
103.744
106.315
108.273
110.385
110.362
112.433
111.32
110.142
109.993
111.802
112.3
110.735
109.762
107.605
109.429
109.737
111.599
112.493
111.143
110.478
109.828
110.297
108.759
109.261
108.789
107.765
108.11
104.577
104.843
104.105
104.565
107.789
107.412
107.995
108.165
107.623
107.692
105.899
103.323
103.514
100.621
101.4
102.911
103.279
102.553
103.236
104.782
104.076
103.615
104.821
104.757
103.695
104.402
107.697
105.698
105.232
104.709
102.302
102.161
101.616
103.5
102.349
104.39
103.753
104.776
104.256
106.85
106.451
105.25
106.167
105.662
105.832
107.066
106.632
106.018
106.667
103.367
102.902
104.476
105.713
104.864
105.473
106.796
102.905
104.315
103.055
102.797
103.121
102.356
102.873
102.883
101.924
101.352
101.43
100.324
103.861
103.177
102.377
102.688
102.572
102.028
101.388
105.214
105.557
106.138
103.65
103.564
103.71
102.227
102.183
102.07
103.531
103.576
103.833
105.376
101.328
103.216
101.093
100.296
101.649
98.852
98.6579
98.4903
97.1526
97.7231
99.6589
100.27
102.201
103.129
103.516
103.137
101.956
100.928
101.216
101.286
101.347
100.319
101.052
101.214
101.333
100.411
100.235
103.091
102.508
101.867
103.479
104.657
105.016
106.577
105.779
107.057
104.729
103.802
105.127
106.894
105.768
104.507
104.988
103.963
105.4
104.46
104.543
106.243
107.038
104.74
104.533
105.402
105.688
105.751
105.562
103.082
103.231
103.23
101.12
102.721
101.423
102.55
100.656
99.1334
97.852
96.9536
94.7552
95.5334
95.7454
94.3656
93.926
94.944
93.5866
94.9675
94.7161
93.735
93.1358
92.2436
92.9031
93.8704
91.9051
92.48
91.2708
93.0711
94.2988
95.8983
97.4607
96.887
97.3349
99.1749
98.4272
100.558
98.7843
98.6919
97.5212
97.6907
96.6721
96.7706
97.6183
97.0558
95.7554
93.8378
94.4719
93.7455
92.7912
91.3619
89.2326
87.6981
88.7333
87.9303
87.2685
88.6474
89.2032
91.2858
91.4018
92.1905
90.608
91.9175
91.5675
94.2801
94.129
93.387
93.3011
93.907
92.719
91.3066
92.1626
91.6163
89.1178
90.1458
89.621
90.5703
93.7343
94.7964
93.0075
94.5797
95.4028
95.3709
96.2695
93.849
93.6663
93.2122
92.3866
90.9269
90.9469
92.1136
92.1662
92.5182
94.4993
95.1837
95.0216
95.0631
98.5768
99.9007
97.6636
98.0542
97.375
98.0587
97.644
99.7941
100.039
101.919
101.009
100.488
102.234
102.134
103.758
104.979
103.429
105.42
104.028
105.412
104.836
104.866
104.986
106.022
105.163
106.237
105.064
105.748
105.969
106.961
105.899
105.701
106.895
106.479
104.379
102.353
100.911
101.02
100.404
99.763
99.3041
98.6727
97.9775
95.7711
95.8927
95.334
97.554
97.8576
100.7
101.73
100.946
99.7167
99.3649
100.062
101.548
102.785
100.63
101.47
100.824
100.589
100.702
101.297
104.1
104.877
105.961
107.251
106.292
107.18
107.982
106.68
106.585
106.898
107.473
108.899
107.584
106.839
107.101
105.283
106.006
104.551
104.516
104.188
104.845
103.605
104.221
101.204
102.571
104.246
104.144
104.615
105.094
104.823
105.221
104.905
105.019
105.137
106.398
104.904
103.088
102.468
101.55
102.684
102.475
102.681
102.812
103.293
105.799
107.956
