97.9579
96.844
97.7195
96.661
96.6597
94.978
96.5339
96.1427
95.4972
95.1271
95.522
94.6591
94.8452
93.3266
91.7517
94.1455
93.3463
93.7435
93.705
90.9968
91.0504
91.3427
89.5898
90.5592
90.3617
89.0965
88.466
90.2971
89.7325
89.9243
91.2496
89.6793
89.9672
91.5213
90.9705
90.2242
91.8745
91.5383
89.7853
91.2752
90.4418
89.1565
88.7612
90.1142
89.8624
91.0132
92.2135
91.2875
90.9843
92.3162
92.757
93.5331
92.3158
92.9373
91.632
91.7856
91.2303
91.9935
93.0005
91.4241
91.3955
91.6938
89.8288
89.6337
89.1826
90.2702
91.1298
90.316
89.9142
88.071
87.081
86.1043
85.9551
85.3127
88.1569
89.0309
88.8497
90.661
90.5595
87.983
88.0826
88.7575
89.1446
90.3382
89.8357
89.7949
90.4802
89.8946
89.5687
88.6179
88.6603
87.8189
87.3239
87.0318
86.4938
88.0307
85.564
86.6816
87.2191
87.8633
89.8109
89.4027
90.0021
90.3449
91.0613
92.0286
90.6352
91.8651
90.8084
89.7806
89.3517
90.6645
90.8469
89.5996
87.5055
86.4645
86.154
86.4672
85.2372
85.2262
85.3397
86.157
86.2374
86.4071
85.4858
86.8111
88.4722
87.3922
85.9936
84.8599
86.2462
87.3149
87.3274
89.1254
88.7929
88.2488
87.1604
86.1624
86.0201
86.9547
87.2162
87.0647
86.5978
86.3508
87.4871
88.7715
89.4765
88.2135
89.2765
88.9296
89.0602
90.2229
89.5922
91.2956
91.4325
91.7051
93.7179
93.9336
93.4852
93.8329
91.6823
90.9497
92.2167
93.0044
92.8344
94.5483
96.2047
95.2254
95.7139
95.0073
95.3322
95.2424
93.5279
92.0965
92.4145
91.4664
92.3236
93.035
94.358
94.1012
93.0775
93.264
92.8735
92.0003
91.3051
91.7757
91.4345
94.032
93.1698
94.3139
94.6288
94.1395
93.0095
93.0178
92.3962
93.9731
93.2836
93.3442
93.7315
94.8793
92.1001
92.026
89.7618
89.4021
88.7605
90.2743
89.6482
89.3409
87.9045
87.5233
86.8863
87.761
86.8014
86.716
86.0031
84.1145
85.8579
85.942
86.482
84.5937
85.0033
85.5392
82.7567
82.8292
82.263
80.6464
79.9766
79.6862
76.7711
76.284
77.8424
77.9917
77.6161
76.8312
76.2889
73.731
75.0179
73.265
74.1971
74.3251
73.3321
73.4741
73.3598
73.6419
74.5821
73.5391
74.1879
73.6437
73.784
72.1466
73.0713
72.7568
73.1971
73.3713
73.1938
72.3222
72.3746
71.9441
72.0233
71.1535
71.5337
71.0095
71.4649
70.9415
70.1421
70.6726
70.5127
72.101
72.4746
72.3512
72.2488
71.9484
71.9627
71.3676
71.1481
69.9293
68.3931
67.7219
66.502
65.1074
63.4002
64.2873
63.7975
64.2958
62.4686
63.9757
64.7721
63.8807
63.791
64.9352
64.4253
64.9909
65.3565
65.9247
65.6905
64.9347
64.414
63.7766
63.598
63.6636
64.0213
64.2179
64.3157
63.5682
64.2614
64.7249
64.0366
63.9251
63.5933
64.8476
63.4317
61.9573
62.6388
63.1027
63.6597
63.8426
62.8736
62.4722
62.2001
61.8287
62.1816
61.0136
61.9542
61.4262
61.3621
61.267
61.0499
62.8552
62.976
64.4825
64.8328
65.6058
64.5613
63.6333
65.178
65.3088
64.9649
65.1075
65.8315
64.7476
65.3828
64.559
64.5752
63.6887
64.3578
63.8812
64.8017
64.6052
62.329
61.5551
61.767
61.9713
62.6592
62.7173
63.5422
62.8962
62.4921
62.3095
61.7034
60.0541
60.1016
60.0193
60.785
60.3261
61.8233
63.2776
62.7609
62.7921
62.7098
62.8397
62.1638
62.5381
61.1442
59.9805
60.5764
60.3852
60.3036
59.1054
60.4472
61.0472
62.034
60.5742
59.0579
60.0499
59.4344
59.6446
59.3111
58.707
58.9134
59.0757
61.5962
62.0028
61.2275
61.2347
62.62
61.731
62.1827
62.138
61.1901
61.0198
59.9736
59.0194
58.9735
59.9361
59.1181
60.2534
59.6046
58.9572
58.2369
58.8544
58.6392
57.9405
60.2994
60.8121
60.0379
60.2066
60.0242
60.334
60.4186
59.1883
59.4483
59.5031
59.0114
58.6314
57.2903
57.5106
57.6993
56.9117
56.5287
57.6061
57.0026
55.135
55.8773
56.4243
55.9682
56.8446
56.4906
56.8793
57.3866
56.5026
56.2694
56.5344
57.2599
57.861
56.8143
56.9394
56.3001
55.7883
54.389
54.227
55.2006
55.5598
55.2949
55.4973
56.4364
55.8238
56.6013
56.1489
56.625
57.5757
57.2836
59.0431
59.5438
59.7436
59.7473
59.8344
60.3923
59.5597
59.3076
58.8813
59.3437
58.9793
59.0698
58.6964
57.8703
57.0906
57.3998
57.2413
57.2653
57.7915
58.493
58.2359
57.9954
58.3281
57.763
57.0487
55.8841
56.2816
56.9798
57.2927
56.595
55.5162
55.5011
55.4513
55.4711
55.6763
55.7111
56.5258
56.6936
56.9651
57.0322
57.1133
56.9102
56.4899
55.9409
56.9215
57.5731
58.4067
58.6351
59.1313
59.1435
58.3295
58.0673
59.1594
59.6064
59.0935
58.3267
57.743
58.1671
57.944
58.6775
60.1697
60.1655
60.0391
58.5629
59.2971
58.7194
57.7888
58.1824
57.9073
58.025
58.3411
58.609
58.8691
59.4922
57.2094
58.082
57.6283
56.9306
56.104
56.3523
56.8715
57.0767
57.6854
58.109
59.1796
59.1477
58.8566
60.0761
60.9205
61.3181
60.7707
61.3034
61.0194
61.111
59.605
60.7187
62.4284
62.5641
62.544
62.1541
61.1418
60.4115
59.6754
59.5592
60.2639
60.1643
60.5973
61.9088
61.2609
61.9676
61.3915
61.632
61.2173
61.9179
60.5029
61.0223
59.7779
59.7637
58.6464
59.1713
59.2643
58.655
58.0747
57.512
57.3016
57.4582
57.495
56.9146
57.1312
56.8288
57.048
56.1449
56.8213
55.9243
55.8622
56.1374
56.4668
56.9016
58.3322
