99.4397
98.6499
99.7225
98.8063
99.9242
99.2131
98.5825
97.2299
97.1555
95.2913
95.4919
94.7764
96.9502
98.8275
98.6123
99.0147
100.497
100.761
101.649
100.984
101.841
100.656
102.132
102.929
101.239
101.872
100.16
100.105
100.613
101.832
102.542
103.63
101.987
104.088
105.227
106.125
106.588
107.635
106.889
107.185
107.248
107.258
108.897
108.808
109.061
111.229
107.337
106.804
104.228
102.799
102.895
103.48
105.319
105.087
106.181
107.279
107.535
109.204
108.489
111.123
110.881
110.249
112.037
111.457
109.464
110.742
109.677
110.335
112.261
113.642
113.69
114.595
113.298
116.432
115.306
113.914
113.252
112.415
112.622
110.292
111.3
110.521
110.872
109.534
108.059
106.965
108.582
108.831
109.517
110.505
110.363
109.891
109.622
112.407
111.782
111.346
111.35
109.966
110.181
111.784
112.6
113.448
112.725
110.486
109.913
108.657
108.496
109.087
110.172
108.671
107.922
107.858
109.965
110.444
109.765
112.01
112.717
112.153
112.836
114.09
114.535
115.429
113.213
113.361
112.394
112.995
111.756
111.253
111.063
108.474
108.659
106.279
106.54
105.481
105.327
103.508
102.98
104.557
104.345
105.867
104.714
104.991
106.123
106.988
107.887
108.632
107.651
108.877
110.227
111.236
109.747
110.545
109.531
110.474
108.714
106.009
105.488
105.109
103.343
102.923
101.619
102.109
100.7
100.826
99.9867
100.528
100.499
99.9151
100.366
100.079
99.8618
99.0026
101.145
100.651
100.345
99.4313
99.5042
99.5139
99.8859
100.551
101.89
102.963
101.598
102.466
101.908
102.845
106.059
105.622
103.476
105.137
104.642
103.253
102.701
100.821
98.3454
97.8982
98.734
97.9852
98.4255
99.0925
97.9424
96.8538
96.1601
97.5536
97.5912
94.7391
93.913
92.2695
92.4612
92.2641
93.377
94.752
96.52
95.4823
96.3684
96.6647
97.7976
99.8171
99.4058
98.9133
99.1152
97.6549
99.1044
97.8047
97.4648
98.7605
98.7004
98.2139
98.0245
94.2167
94.1948
94.1089
92.9085
93.0505
95.3267
95.9096
97.5348
99.9881
99.5794
101.611
102.892
103.558
102.818
103.438
103.355
100.854
100.9
99.1994
97.6208
96.1271
95.0807
95.3541
94.8043
94.5819
94.3006
93.9566
94.2342
94.7345
94.0867
94.5773
93.9578
93.0552
92.5994
93.7422
95.9762
95.7059
94.6247
92.8129
96.0944
95.2341
95.9697
98.9553
100.164
99.5658
98.529
97.6132
98.6002
97.53
97.8475
98.1901
98.9445
99.9877
99.2509
99.4011
99.332
99.0816
98.3087
99.1811
98.51
97.2498
95.3485
97.9649
97.2495
96.2436
96.7392
95.1492
95.9422
95.9777
95.0083
95.7256
95.6251
95.8206
96.0615
95.746
95.0283
95.4914
92.8663
93.1487
94.6528
95.551
95.4005
93.4655
94.0501
93.3506
94.7634
95.7127
94.9299
94.3797
92.0789
90.5938
91.1864
92.0798
93.2945
92.7399
93.3612
92.7519
91.6412
91.494
92.8162
90.8744
91.61
90.2422
89.8283
89.0141
88.1924
88.6652
87.5791
88.0383
88.8218
88.1087
89.2962
89.5005
89.1772
89.5601
88.4827
87.2312
86.9096
86.1717
87.223
85.6672
85.3253
86.3696
87.3539
87.0506
86.6071
88.4079
89.6264
89.6676
87.7294
87.075
88.403
89.1074
90.0396
92.9181
93.6118
94.1403
94.8742
96.07
97.0921
99.2447
98.3624
97.8255
96.3914
97.9767
95.6563
96.8699
98.5701
97.2856
101.191
100.706
99.72
100.635
100.838
103.093
101.679
101.991
98.9692
98.1886
98.434
97.9006
97.7424
96.7962
98.9617
99.0147
100.504
100.479
100.865
102.092
104.006
102.796
103.29
103.137
101.879
101.099
100.858
100.834
99.4833
100.305
101.689
100.21
100.421
100.759
100.011
101.809
101.266
101.007
100.552
100.825
102.525
101.913
103.376
104.142
104.512
103.494
103.314
102.622
101.851
101.479
102.482
102.174
98.6687
99.0694
97.7257
100.352
102.355
101.156
100.038
101.702
100.359
104.846
103.548
105.586
104.92
104.373
105.008
101.293
103.237
104.018
103.492
103.631
102.157
101.237
101.368
100.189
100.604
100.628
98.4502
98.4349
99.5196
97.3519
96.915
96.395
96.0777
97.4117
96.2742
96.6884
97.3682
96.0997
97.1774
96.7014
96.2193
97.3525
97.7454
99.2043
99.9304
102.241
102.833
102.231
101
101.551
100.372
100.901
100.16
100.915
99.3264
99.352
100.717
98.921
96.6715
94.5679
96.1056
95.3478
94.2964
95.785
95.0612
94.489
92.9252
94.0329
93.0587
94.6286
93.9379
94.0462
98.5343
98.6633
99.1663
99.0455
98.2526
97.5064
99.686
100.019
101.28
100.907
103.671
103.975
102.559
103.549
103.86
104.062
104.561
103.413
103.651
102.189
102.266
103.629
102.014
104.067
103.784
102.037
101.459
101.575
99.5327
99.2434
97.2421
96.5541
96.4619
96.6004
95.786
96.5375
96.2375
94.5566
94.7221
95.1103
93.1564
93.7851
92.1416
90.9255
91.0828
91.3842
90.2857
91.2632
91.7452
91.6845
92.1351
91.1141
87.9644
89.7281
90.6006
88.5653
89.11
87.6917
87.5186
88.7045
87.9933
88.1961
90.3502
88.7924
88.9007
88.4715
87.4414
85.8273
88.4316
87.7779
88.4388
87.802
88.8838
87.5925
87.2247
85.0078
85.1937
86.1096
87.2841
85.8636
86.8328
86.7776
85.5516
87.749
89.4213
90.032
90.3699
88.8702
89.5613
89.5063
87.7352
86.2948
86.4522
83.8261
82.9267
84.1717
84.4428
85.5104
