98.7898
98.0972
96.4168
94.7439
94.6103
97.3262
96.9312
96.0362
96.4692
96.7708
96.0228
94.4998
96.0992
94.2697
95.1866
97.2521
97.7174
97.1234
98.0859
96.7526
96.4343
95.2368
93.7403
92.6051
92.6644
91.6401
92.4403
91.4114
91.1519
90.2727
89.43
87.5108
88.1094
87.9053
86.8988
86.4522
86.0452
83.8394
84.1951
83.9165
84.8561
85.1598
84.9558
86.1381
86.5056
87.0291
86.2794
85.3963
84.8852
84.289
83.6448
83.2306
83.3229
82.7525
81.6636
81.6062
81.0332
80.7467
79.6108
78.8176
80.1507
80.5572
80.0259
79.2758
79.3514
79.8864
78.6717
79.7368
80.0931
80.7516
82.035
82.7128
83.1098
83.7674
84.8121
84.4143
85.9993
86.6618
86.0962
86.9709
86.7449
87.9555
89.9725
90.5836
91.9479
92.5401
92.459
92.2393
93.6176
94.8109
92.868
92.4147
91.7902
90.9239
90.8846
91.2633
91.4467
91.2244
92.3882
92.1371
92.0324
92.0129
93.3815
94.2447
94.0502
94.354
95.025
95.0118
95.6005
96.8569
98.9803
98.6058
100.899
102.645
102.465
101.983
102.263
102.065
103.824
106.597
104.431
106.759
104.416
105.013
107.275
106.334
107.131
104.528
103.543
103.892
104.198
105.069
103.831
104.153
104.042
101.924
103.135
102.82
101.486
102.633
103.477
102.16
101.645
104.441
105.305
105.667
104.165
102.586
102.83
104.018
103.435
103.281
104.318
103.85
104.006
104.523
105.607
103.681
104.925
104.341
105.9
106.303
105.782
106.528
106.903
108.083
109.014
109.219
110.628
109.28
106.529
107.991
107.631
107.409
107.115
108.792
106.939
106.824
107.982
106.251
106.147
103.93
103.918
105.28
106.425
105.643
103.585
105.42
104.932
105.354
105.17
106.358
104.92
105.055
104.716
104.055
104.637
104.777
106.727
106.88
108.172
103.776
104.062
102.335
102.502
101.712
99.974
100.034
101.708
99.108
101.55
101.058
102.54
103.372
104.772
104.321
102.952
105.1
107.575
106.133
104.884
104.825
102.472
101.72
103.759
102.885
102.923
104.497
105.519
105.148
104.279
103.236
103.359
103.065
101.258
104.384
104.936
105.334
106.197
106.91
107.44
108.507
109.039
107.406
108.369
109.79
110.833
115.442
114.365
114.945
115.569
114.319
117.354
114.72
115.522
115.292
117.369
117.889
120.91
121.38
117.696
116.641
118.469
121.585
120.059
118.704
117.447
118.558
118.421
118.027
119.891
119.136
121.032
121.092
121.837
124.045
123.64
125.94
126.362
126.55
126.223
125.029
124.845
121.629
120.862
121.315
122.558
125.138
123.576
124.579
124.568
124.295
127.354
127.644
128.971
127.114
126.235
126.12
126.521
124.63
125.572
124.254
123.188
121.883
122.66
122.284
121.572
121.051
121.67
123.717
123.877
123.765
123.524
124.078
125.515
125.944
126.886
126.241
127.811
126.28
127.581
127.186
126.429
127.108
125.94
125.621
124.242
125.803
128.566
127.04
129.442
130.113
128.176
127.012
122.891
120.538
123.262
124.999
124.976
126.258
125.816
124.751
122.74
121.451
122.613
120.264
117.958
118.182
117.72
118.067
118.746
118.464
118.228
117.649
116.992
116.574
118.453
118.981
119.681
117.643
120.139
117.672
117.426
120.644
123.104
122.984
124.498
127.383
127.836
128.101
126.686
127.097
129.99
130.148
130.469
128.254
130.518
131.407
132.701
131.099
133.973
133.654
132.42
133.365
132.328
130.916
130.656
132.759
134.551
134.083
136.771
137.634
141.272
141.352
139.086
142.663
145.062
146.054
147.065
147.491
148.533
147.546
146.914
149.613
147.405
146.107
146.991
147.774
146.29
147.091
146.774
150.29
147.25
148.631
149.262
148.257
148.143
144.547
143.742
144.784
140.944
139.445
137.551
139.063
136.379
138.97
138.377
138.838
138.085
137.018
137.051
138.46
136.895
138.981
138.488
140.336
139.72
139.36
140.704
142.24
140.353
138.977
140.966
140.024
140.127
138.667
139.215
141.423
140.596
140.229
142.083
141.013
141.516
139.503
139.774
140.214
141.993
142.304
143.276
146.135
145.51
145.459
144.388
145.398
142.489
138.758
135.891
135.114
134.551
135.67
138.999
141.098
141.202
139.007
137.85
135.919
137.535
137.334
137.207
136.988
136.119
133.394
132.697
134.477
135.238
136.862
137.686
138.453
137.898
138.342
138.472
139.915
140.165
141.116
142.92
137.718
141.325
143.53
143.013
142.023
143.906
141.754
142.034
142.935
144.911
144.181
142.278
141.908
142.108
142.971
144.72
144.789
145.483
146.972
148.99
149.506
148.691
145.856
144.368
146.53
145.628
145.669
146.252
144.836
147.823
148.514
148.722
148.081
147.443
149.007
148.169
147.55
148.299
146.487
146.186
147.608
146.754
144.972
142.184
138.768
138.764
138.807
137.854
135.724
137.198
137.84
140.036
138.487
137.498
139.463
140.419
140.745
141.147
141.843
145.689
147.235
145.798
146.956
148.352
146.49
149.374
148.757
146.16
146.34
146.554
148.737
147.988
150.361
152.045
151.095
152.764
148.497
149.124
152.879
154.783
153.253
150.563
150.024
151.735
153.806
147.971
148.084
146.439
146.541
148.927
150.703
151.715
150.582
149.958
151.24
151.956
151.755
151.105
150.608
152.149
151.775
156.632
157.496
155.64
156.722
