98.7082
97.7345
95.1832
95.8426
93.8946
92.9927
92.5477
93.6997
94.7883
95.528
95.3222
94.6714
95.266
95.2459
94.5535
94.7022
95.0743
98.2564
98.1316
99.0033
98.768
99.585
101.751
101.443
103.812
102.379
102.165
100.021
100.866
101.47
101.389
99.646
99.8204
97.8786
97.5511
98.3839
99.0298
98.3209
99.4471
100.746
100.228
99.6541
98.613
98.6843
98.671
97.1966
97.2604
96.3753
95.5573
94.6406
94.4334
94.709
93.678
92.0263
91.2635
89.5745
88.7422
88.3283
88.359
87.9748
89.1303
89.607
89.3416
89.7683
88.9065
88.3969
88.602
87.3973
88.9119
91.6548
92.5612
92.0357
93.4395
92.5823
92.1937
93.9473
92.6162
92.2955
90.2741
90.1376
88.6213
88.3559
89.8167
90.1267
90.5359
87.6551
90.778
90.0157
90.0579
88.7299
89.8859
91.5331
94.1402
92.9808
93.6153
94.1235
92.4283
91.7061
91.1025
91.1286
90.6481
89.4547
89.6439
89.4404
90.8927
91.9543
90.4705
90.6807
89.7007
90.9149
90.5087
89.1071
90.9495
91.6917
91.8371
91.7114
93.1375
93.1999
94.4015
91.883
91.4664
91.3829
90.1278
92.3093
91.3041
92.1656
90.4938
93.5528
94.9855
95.3474
94.0255
94.9292
95.5421
96.9991
96.2337
95.7187
96.5886
99.4373
99.2455
98.768
100.647
99.0017
98.6354
98.4287
98.9876
99.3789
99.4645
101.887
102.064
104.062
101.962
100.484
100.189
100.429
98.4455
96.2414
95.8613
95.6061
94.0939
94.356
95.64
95.9452
95.9719
93.4399
93.9118
94.3449
92.7009
92.4729
93.9163
94.5476
94.1034
94.0861
95.2653
96.4276
95.9795
96.3391
96.6071
96.649
95.1805
95.9814
94.9212
96.9523
94.5551
94.7971
95.2476
95.8587
95.4257
96.651
95.7123
96.6023
96.6032
98.6227
97.4826
98.1781
95.0278
95.7647
95.5836
96.5283
97.1305
95.636
96.7691
95.5422
94.9013
94.463
94.1257
94.8163
95.6578
96.2875
94.7518
93.4165
93.7373
94.9235
94.9959
95.9198
96.3823
96.4486
98.4044
97.4824
100.664
100.692
102.853
98.2256
95.8663
95.9336
95.2128
94.7706
93.5648
92.8429
94.5901
93.0579
94.8843
95.1264
95.2565
93.7983
94.6414
97.1042
98.7566
97.5686
95.684
93.0302
92.7433
92.5292
91.096
90.3953
88.6065
88.9662
88.4149
87.033
87.5318
85.2495
85.3335
83.8272
82.7855
83.858
83.3794
83.8776
82.5363
82.2081
81.3191
81.4938
80.4019
80.0372
80.0734
78.2398
78.7237
78.9789
77.4636
76.4354
78.7352
78.4252
78.4501
77.7635
75.9052
77.1596
76.9098
76.7296
76.4169
76.5951
76.6262
76.1608
76.1265
76.0543
77.3274
77.5989
77.5572
77.0701
77.671
77.5247
79.1371
77.5973
78.3038
78.8849
77.9581
76.7039
76.2159
76.086
75.2871
75.3903
76.4441
76.9025
78.2109
77.7098
78.6619
76.2747
76.6045
76.3276
74.9077
75.0241
76.4915
76.8235
76.1363
77.007
77.5437
76.6152
76.0497
75.6851
75.7795
76.3534
76.3502
76.1691
77.5032
76.5234
76.249
76.8924
77.9471
76.6581
76.306
76.8131
76.3705
78.0678
77.0964
77.7837
78.3817
79.2675
80.1541
80.9305
80.31
80.5297
81.2004
82.5846
82.7346
82.313
81.9147
82.4767
81.6633
81.1762
83.253
83.6699
85.084
85.5356
84.8199
85.0062
86.126
85.9849
87.692
88.6244
86.9489
87.1029
87.8734
90.3923
89.9939
89.0172
88.1
88.9971
88.7093
88.6825
88.2507
89.065
88.9102
89.4718
89.4439
88.5629
88.7262
88.3457
87.1622
86.3232
86.459
87.0083
88.3585
89.0332
90.3922
88.9024
88.7748
89.0209
88.3073
87.5969
87.6897
87.6819
87.6975
85.3863
84.6957
86.3027
87.0917
87.1455
86.4046
88.6353
88.1291
86.6308
87.2944
88.1753
88.9769
89.4002
88.9905
88.6805
89.5157
89.0441
89.3207
90.138
88.9168
90.6198
91.6076
92.9505
93.3974
91.8138
92.8519
92.26
91.9235
92.8485
93.7477
93.5176
93.8191
94.6359
93.3335
92.6409
94.147
93.1652
92.6051
89.6067
90.0764
91.5161
91.6023
91.6611
93.4227
93.4462
94.3571
94.7939
93.8616
93.7825
93.6395
93.2503
94.8571
95.9969
96.0973
95.9087
97.9443
96.0162
94.881
93.7304
92.7247
93.7781
93.3374
93.978
95.1872
94.6503
95.5598
95.9007
96.5312
98.142
98.6331
101.189
103.326
103.248
104.427
105.438
105.095
104.444
106.081
106.017
103.092
104.145
103.583
102.327
101.142
99.9452
99.6769
99.9917
99.2178
100.088
100.706
101.791
98.6459
98.4561
98.0569
99.1469
98.4098
97.7538
95.1661
95.974
95.9636
95.9471
96.4677
95.7405
97.1136
97.8003
98.8152
97.7221
97.0878
96.6753
96.6543
97.0505
96.3208
94.8565
96.5966
98.2098
98.6745
97.0761
94.9807
95.3858
96.0419
96.0254
95.6089
95.7266
94.1271
94.8675
93.6201
94.7963
93.3956
91.1591
91.5553
90.2342
89.0239
91.1004
90.9374
90.6398
91.0181
89.528
88.3998
89.1274
86.2143
84.7418
86.6135
86.7041
86.9288
88.2581
85.9339
85.8726
84.0843
84.6894
85.1529
84.3242
83.9503
85.1166
84.8256
84.6778
83.7138
83.6406
84.8284
83.1814
83.636
83.4076
84.3425
83.7854
82.0368
82.3784
81.2122
81.3684
81.2183
80.1978
78.6826
78.2727
79.5741
78.953
80.0328
79.7951
79.4886
79.8867
78.9332
79.6537
79.6931
82.6764
83.6893
82.9964
83.081
83.7618
82.8128
83.3643
80.4486
80.7964
81.7453
82.0753
82.7852
83.4497
83.0482
82.4278
81.1446
81.7688
81.1156
79.0775
76.6995
76.0461
76.3222
76.4348
76.5078
74.8422
75.5049
75.9221
76.8514
76.7057
78.6661
78.1141
