100.731
101.272
103.124
105.643
104.464
103.832
104.972
103.415
102.01
96.7084
97.2086
98.5609
100.167
100.105
99.9015
97.5127
97.2801
98.2559
98.0798
98.1127
96.8248
97.1257
98.1076
98.1314
98.4005
98.7598
97.3948
97.741
97.157
98.6725
98.5498
100.393
98.896
99.3768
98.5632
100.843
100.735
101.064
99.5151
100.752
101.243
100.691
101.209
102.677
102.037
101.808
100.494
98.4643
99.918
97.8183
98.4753
96.9728
98.8199
96.5594
97.3051
96.7329
98.0054
96.7876
96.3876
97.0354
96.2049
93.4948
93.6814
92.7775
91.7081
92.1546
93.3389
92.9529
91.7564
90.7084
92.6134
92.1936
91.0646
91.2432
88.1601
86.2697
84.0472
82.6992
83.9745
82.0883
81.0889
81.8235
79.8568
79.7158
80.2531
81.0239
80.364
81.768
81.244
81.5059
81.3482
81.1339
82.002
81.4372
81.5348
81.0518
81.1563
80.6726
78.3648
77.2499
76.6598
75.8108
76.6312
77.709
75.5133
76.0774
75.7204
76.1122
75.3801
77.0651
77.1241
74.5199
73.4916
73.0623
73.8845
74.2839
74.3329
72.8013
72.4977
71.4571
71.3439
70.4525
71.2905
71.1945
71.1081
71.5887
72.0245
72.8842
73.2807
72.0803
71.1776
70.907
69.379
68.5397
66.8475
66.941
67.0068
66.5311
65.8796
67.1025
67.7856
69.6508
69.5445
69.8519
69.4007
67.585
66.3004
65.5995
65.9745
67.1918
67.372
66.7305
66.6111
66.115
65.0752
64.3955
65.3904
64.7518
65.0741
65.3342
67.0859
66.4615
65.037
64.3138
64.1789
65.1437
64.7565
64.8197
64.4414
63.3385
62.0818
63.3069
62.7148
63.1216
60.7964
60.0132
60.0774
60.8129
61.1081
61.5246
60.6476
61.06
61.9503
61.4598
61.9189
61.1816
61.5727
62.9141
61.9229
62.9815
63.842
64.8394
63.8224
62.8288
62.42
62.0244
63.2837
63.6457
64.5066
64.8413
64.0686
64.8846
64.8157
63.8291
62.9651
62.7467
62.8639
62.5404
63.1511
62.7755
63.5437
64.7106
64.4755
65.731
66.0817
65.6738
66.0544
65.0741
63.8586
64.0249
62.7215
63.5636
63.479
63.3649
63.0761
62.7071
62.6761
62.1623
61.9966
60.3749
60.0973
59.775
59.8394
59.8997
59.99
59.5571
58.6388
57.7309
56.9296
57.9931
58.7484
58.3315
58.0982
57.8368
57.9928
59.4138
58.9916
58.5649
59.1947
59.759
59.5607
60.4964
60.833
59.9042
60.9
61.3073
61.2169
61.0477
61.8764
61.7487
61.3755
61.1581
61.55
61.0581
61.1508
60.0441
60.6305
59.7412
58.7186
58.1949
58.3947
58.5293
60.1297
59.7429
60.5643
60.1981
58.7382
57.3875
57.8879
59.4129
58.9943
58.7694
59.4674
58.9918
58.9238
58.456
58.3533
57.3779
57.5303
58.0683
57.9593
59.3862
59.8178
59.5744
59.8752
58.7398
59.1431
59.9847
60.9974
62.1908
62.5898
62.5425
62.6337
61.742
61.5201
60.6479
60.8304
61.3041
61.3819
61.1963
60.529
60.4378
59.895
58.7464
59.0698
58.1241
58.884
58.0511
59.8481
59.9844
59.7386
59.4848
59.9673
59.5916
58.8021
60.3459
62.0897
63.4172
64.2247
63.2027
63.1322
63.9991
64.3485
63.891
64.1705
63.524
63.8717
64.4249
64.3166
65.6912
66.3466
66.3152
66.2441
66.9796
66.2236
68.1093
68.5439
68.7082
69.1088
67.7342
67.7608
67.2078
67.4915
68.6054
67.0004
67.4264
68.4934
69.5792
69.065
68.8498
69.3257
69.8965
71.0415
71.9038
71.5776
70.6519
71.6198
73.2464
74.1417
77.066
78.135
78.8353
79.7859
79.8057
79.9172
80.0533
79.3116
78.9169
77.8913
76.8092
75.4717
76.3261
75.3484
73.9544
72.4684
73.1096
72.9241
73.7536
74.1041
73.0647
74.7825
74.3544
73.3049
72.6149
73.0728
72.9964
73.0464
72.9479
73.1618
72.8033
71.875
71.0689
70.9921
71.034
70.3822
69.7891
70.8062
70.0451
71.0231
72.0833
70.894
71.0934
70.262
69.2418
70.3757
71.8672
71.6632
71.8438
70.8224
69.1033
68.4869
68.8406
67.6564
66.6769
65.1623
65.0405
65.5283
65.0871
65.0336
63.6272
62.6919
64.5001
63.0117
63.5492
63.7334
64.0555
64.3526
63.5754
63.6979
62.5894
63.2143
64.0083
64.1315
65.0728
65.8322
65.7318
64.8723
64.7081
65.0368
63.5544
63.2423
62.994
62.7438
62.441
62.3909
62.4623
62.8416
60.4567
60.9348
61.7799
61.448
61.6857
61.2807
59.9137
58.5064
59.5513
58.8877
58.7149
57.7943
57.7979
58.7911
58.1968
57.5521
56.0435
55.6623
54.6963
53.9167
53.1962
53.1189
53.4715
53.0921
52.7524
52.4358
52.1925
52.0228
52.4765
53.4357
52.9518
52.9421
52.5724
53.2158
52.2247
52.9561
52.4011
52.5525
53.043
52.2664
52.7082
52.8687
50.9739
51.2097
50.3103
51.9513
52.7358
52.9142
53.0808
53.2896
52.5575
52.6333
52.393
52.7327
52.9248
54.0512
54.9481
55.6368
56.9656
56.7802
57.1849
55.8728
56.0601
56.3647
55.7175
56.203
56.2764
56.2402
56.7153
56.6486
56.3655
56.1139
55.7814
55.9596
55.3647
54.6978
54.1881
54.3919
53.8873
53.4225
52.1976
52.8265
52.7783
52.8191
53.048
53.0972
53.0043
54.2653
54.0628
54.6994
54.8109
54.6755
54.5419
54.577
53.8935
53.3851
53.5654
54.6159
54.4916
54.7931
53.9488
53.8678
53.0383
53.1699
53.3793
52.8331
53.986
54.2141
53.522
53.486
52.4633
51.5682
51.5837
51.0357
50.0305
49.9938
49.9909
50.2306
50.4222
49.3834
48.7333
47.45
47.2617
47.1987
47.1284
48.299
48.9844
49.082
49.0193
49.7268
50.0319
50.4794
50.3377
51.2977
49.5691
49.1837
49.1741
48.8359
49.5814
50.2425
49.9286
49.953
50.7747
