99.9269
101.089
100.583
100.015
98.6244
97.0041
98.2635
97.7973
98.2531
99.8774
99.0957
99.4974
100.898
100.587
101.153
100.311
98.9938
99.4092
101.366
102.929
104.825
105.545
106.288
107.244
106.614
107.991
111.313
110.936
110.278
111.855
107.755
106.035
106.613
106.167
107.213
106.59
106.278
105.756
105.182
104.126
105.131
104.448
104.615
104.372
103.336
105.112
106.48
104.525
105.317
107.343
106.648
108.984
107.904
107.248
107.482
108.411
106.619
107.401
108.191
108.563
108.102
104.408
104.612
103.275
104.783
104.992
105.007
104.273
103.465
103.5
105.181
104.818
105.396
103.525
98.8836
99.614
99.8318
98.0757
98.6719
100.246
100.98
101.338
101.777
100.377
102.954
101.419
100.932
101.465
103.045
101.578
100.662
101.306
101.069
100.448
99.1207
99.7288
98.0794
98.3165
98.4048
99.2932
98.7777
102.058
101.646
101.347
102.514
103.885
103.093
103.734
102.442
103.951
103.335
103.341
104.865
105.487
104.765
105.264
105.637
105.987
104.843
105.623
105.53
106.762
104.707
104.352
105.713
107.721
107.91
110.867
110.477
111.326
109.711
109.588
109.032
106.115
107.441
108.651
108.192
109.932
110.438
110.957
110.358
110.721
112.013
112.551
112.721
113.638
115.262
116.269
114.211
112.982
113.891
113.177
114.633
113.71
113.429
114.578
114.029
113.596
114.364
115.289
115.711
112.919
111.78
112.731
114.872
114.702
114.86
115.521
115.24
112.462
112.709
109.548
110.196
109.031
110.116
108.646
108.324
107.221
106.141
105.902
103.301
103.723
104.664
104.256
102.499
103.314
101.907
102.08
101.401
101.784
101.798
102.043
101.951
103.702
102.703
102.893
102.912
104.164
106.36
106.213
105.18
105.39
105
105.873
104.745
104.925
105.285
103.618
101.811
102.384
100.578
99.3709
99.3251
99.3024
100.247
100.224
102.603
103.892
105.156
104.61
105.362
106.998
109.551
111.435
111.674
110.803
110.884
111.327
110.763
112.925
112.609
112.777
110.885
109.562
108.86
108.234
108.326
106.182
107.442
108.648
109.522
109.084
108.325
106.803
105.628
104.788
104.759
104.906
106.196
105.911
106.301
108.252
110.368
108.306
107.127
106.928
107.295
107.605
109.82
109.874
109.05
108.145
108.538
109.268
108.232
107.981
109.791
110.235
110.849
110.719
112.847
111.355
108.17
107.277
106.965
105.467
104.908
104.924
104.177
105.044
104.128
105.439
108.029
108.039
106.831
107.565
108.236
105.953
106.447
106.488
107.074
107.522
107.754
109.949
110.858
109.365
108.744
109.056
109.272
110.166
109.844
110.808
110.539
110.878
111.796
114.828
115.876
114.592
116.467
115.84
115.38
113.915
115.279
115.913
115.364
115.024
115.244
116.847
115.043
115.985
117.842
119.975
120.129
120.839
121.762
122.162
123.724
122.939
125.583
123.115
122.315
124.146
125.175
123.7
121.723
121.884
120.622
118.266
118.238
117.03
118.654
120.107
121.767
120.245
122.037
120.955
118.06
116.391
114.769
114.992
114.301
112.867
113.566
111.606
110.522
110.495
112.404
113.491
113.884
114.262
114.406
116.639
114.238
117.74
120.828
121.843
120.189
122.135
122.94
124.118
125.495
126.066
127.972
131.022
133.908
129.868
129.51
131.519
129.666
128.748
130.407
131.591
132.254
133.671
134.134
133.703
131.652
132.38
132.877
133.925
135.44
134.652
135.202
133.511
135.853
135.593
136.331
137.229
137.968
136.555
136.855
139.518
137.776
136.43
136.597
135.652
135.744
135.338
134.172
129.846
127.037
127.577
127.324
126.403
125.532
126.456
127.368
126.818
128.12
128.23
126.498
126.944
129.774
128.608
128.602
130.273
128.278
127.177
127.043
127.443
126.983
128.768
128.143
130.111
131.92
132.666
135.361
137.187
136.42
135.764
135.084
134.693
133.509
134.351
134.998
134.69
136.467
138.501
138.773
136.83
135.142
137.938
138.564
140.81
144.6
144.736
144.483
145.871
143.12
139.629
141.565
143.189
144.76
144.702
145.54
144.806
144.318
146.282
145.548
144.685
141.231
141.47
142.842
145.118
143.905
140.248
140.637
140.769
138.508
140.089
140.439
139.977
143.598
143.187
142.028
142.981
141.612
141.139
136.671
137.481
137.606
139.257
141.086
141.812
144.537
144.956
145.679
144.832
142.984
142.135
139.955
137.835
138.764
139.052
138.196
140.515
137.333
133.972
139.225
140.79
139.841
136.585
136.24
137.164
136.745
137.307
136.235
134.576
134.43
134.43
132.708
133.324
135.633
138.354
139.038
140.871
143.204
145.606
142.153
141.166
140.112
141.001
141.816
139.719
141.26
142.431
140.026
139.462
137.954
141.949
142.715
139.732
139.481
139.382
142.285
142.014
139.602
141.603
141.606
142.607
144.844
144.33
145.218
146.177
146.217
144.75
146.882
148.699
148.192
144.527
146.385
147.859
148.444
147.178
144.627
143.847
145.436
143.339
143.711
142.684
142.536
141.544
140.957
139.169
136.646
137.835
135.944
135.39
135.628
138.271
138.829
140.122
139.944
141.158
142.288
140.937
144.053
143.548
140.138
141.487
145.809
144.602
143.496
143.45
146.013
145.813
147.467
148.029
147.8
146.933
