100.61
101.007
100.794
99.7362
100.754
99.2925
97.4062
99.4611
97.426
98.0251
98.1068
99.1108
99.5394
100.415
100.478
100.891
101.515
103.788
103.812
101.685
102.601
104.179
104.87
104.203
104.549
105.27
105.347
105.381
105.209
106.78
108.704
109.991
112.025
112.417
112.322
112.074
111.444
110.789
111.759
111.268
111.911
112.464
111.066
110.706
109.069
109.125
108.478
106.805
108.766
107.085
106.436
107.143
107.631
106.454
106.256
107.071
106.534
106.256
106.976
107.899
108.034
108.357
112.28
110.139
109.929
109.31
110.267
110.709
111.178
111.916
111.146
110.981
109.871
111.175
111.996
111.547
111.161
110.898
112.772
112.813
114.274
110.77
113.779
113.271
112.458
112.194
112.84
110.21
109.426
108.447
109.298
110.085
110.094
110.969
111.897
113.555
111.794
113.94
117.709
116.029
116.239
116.68
115.691
112.658
110.743
110.217
111.319
112.087
111.328
111.334
110.324
108.805
108.017
105.8
103.677
105.715
105.815
104.419
105.444
106.26
107.032
106.146
107.766
110.137
111.01
111.643
112.824
112.841
113.283
114.601
112.272
111.888
113.237
111.555
109.802
110.064
110.244
110.244
108.463
107.404
107.047
106.104
105.163
104.992
105.195
105.471
105.632
105.515
105.123
105.133
103.949
104.104
106.681
106.775
109.079
110.513
109.215
109.726
109.127
109.412
109.4
111.094
112.109
113.196
113.467
113.385
113.138
113.978
112.098
112.528
114.995
116.419
118.343
118.11
120.275
121.387
122.698
122.726
123.525
125.282
127.196
126.129
126.178
128.104
129.467
129.739
132.779
131.62
130.535
130.347
129.229
127.869
127.638
127.18
126.146
126.811
127.805
125.83
123.05
123.705
123.984
124.953
125.479
126.216
127.815
127.312
128.417
128.976
129.944
132.015
131.835
131.801
130.182
127.495
127.987
130.435
132.054
129.965
130.454
131.552
133.54
131.269
129.639
129.32
130.202
132.05
130.182
129.088
128.327
129.717
128.212
126.779
129.968
130.082
131.909
131.73
131.64
134.345
134.403
134.539
136.493
134.599
132.763
133.764
131.408
132.08
133.567
134.627
135.296
135.898
136.855
137.024
140.165
134.813
135.692
135.554
135.804
132.461
134.544
135.265
134.465
134.734
132.367
128.675
130.037
129.355
129.28
130.826
132.132
131.095
131.397
130.099
129.038
132.837
133.259
135.499
136.598
139.102
140.317
139.776
142.303
145.203
144.763
143.02
144.873
142.672
140.719
140.034
141.097
141.342
140.087
139.465
144.107
144.444
143.227
143.361
141.411
141.515
143.586
144.937
144.966
143.464
142.312
144.842
143.915
145.249
140.654
142.92
141.307
135.595
137.87
139.022
141.061
142.419
142.83
143.3
145.864
147.615
150.61
151.37
152.009
151.086
151.095
153.119
152.772
152.794
153.134
153.38
150.66
150.431
146.237
146.145
145.444
146.046
145.217
143.816
141.774
142.146
142.366
142.787
141.129
140.801
140.151
144.616
144.906
144.478
144.995
145.208
147.003
147.104
147.581
147.483
144.422
146.629
145.071
144.931
148.359
148.343
149.947
146.723
147.204
147.314
144.932
144.913
148.534
148.988
152.867
152.567
152.438
154.872
154.703
149.542
148.413
148.11
147.74
146.198
147.205
146.897
145.654
145.822
145.197
145.029
144.646
143.449
144.788
144.01
143.76
143.641
144.512
143.566
148.122
147.996
142.875
140.642
144.659
147.913
149.916
149.831
152.207
153.328
149.786
152.128
148.996
153.003
154.468
153.885
154.087
154.808
155.775
158.613
155.829
158.842
160.632
163.325
162.323
165.235
162.063
162.922
161.556
162.005
161.82
159.933
159.948
167.406
166.506
160.449
156.187
160.053
158.71
158.854
160.804
158.536
161.761
166.85
168.096
171.156
172.389
173.822
172.23
170.186
173.142
181.205
183.354
181.584
179.462
177.961
177.223
175.231
175.599
172.741
173.1
174.381
171.509
168.657
170.359
170.761
167.978
168.763
168.01
169.835
170.164
170.482
168.749
167.363
168.637
169.529
168.968
168.45
173.172
177.005
173.291
179.964
179.598
179.995
182.371
180.852
181.846
175.595
177.103
177.787
178.877
179.833
180.548
181.714
182.045
180.96
180.363
177.755
183.98
183.072
180.719
178.467
178.212
175.692
174.045
173.688
174.876
174.805
179.093
183.273
184.106
182.35
183.515
183.614
184.888
183.303
185.466
187.635
186.664
186.349
186.436
186.965
190.354
193.5
191.03
190.347
193.276
196.394
194.628
195.308
191.904
189.048
188.109
185.257
186.552
184.826
186.76
185.411
185.953
185.369
184.388
184.135
182.33
180.449
180.36
177.523
178.025
174.101
175.886
176.415
172.229
171.177
169.826
169.992
170.517
167.114
166.724
170.11
174.202
172.901
170.857
169.107
170.402
167.871
167.979
167.589
168.655
168.544
169.568
170.95
171.789
173.672
173.874
173.931
174.797
172.779
172.656
172.206
172.942
177.407
179.591
176.492
176.242
175.714
180.505
179.565
182.962
180.656
183.255
183.722
184.021
182.559
182.827
185.699
186.073
188.176
182.949
184.575
183.148
180.296
179.377
179.042
182.636
182.826
179.833
181.731
185.667
186.353
182.351
186.516
