100.658
100.067
101.581
102.814
104.007
102.475
102.675
102.113
103.691
104.372
103.292
103.649
103.543
103.271
103.741
103.768
103.313
104.098
105.116
106.62
106.713
108.05
108.166
110.518
110.061
110.134
110.268
109.65
109.585
110.088
110.541
110.413
110.402
108.975
111.772
111.4
110.656
110.236
108.401
107.273
105.472
102.811
103.194
103.25
103.51
103.482
104.198
104.847
102.674
103.229
104.102
104.676
103.017
102.167
103.307
102.114
102.909
103.924
103.961
102.948
104.453
103.987
103.572
104.413
104.02
103.273
101.149
100.717
102.9
102.495
102.853
102.997
101.778
103.894
104.935
104.695
105.578
105.739
106.938
108.871
109.191
109.041
109.541
107.528
106.816
106.72
103.413
102.087
102.095
102.003
101.885
100.904
103.682
104.154
104.156
102.629
101.655
103.352
104.317
103.018
102.171
101.489
99.6449
98.3854
97.0451
95.2738
94.7339
93.722
95.8098
94.9287
94.6323
93.9105
92.3356
93.5749
92.5135
90.8281
90.5093
91.4483
90.6353
89.1938
87.6779
85.8866
86.989
87.6827
90.1562
91.3107
93.091
93.0747
92.6102
92.4777
93.5439
93.3579
91.7229
91.49
91.3299
88.788
89.5097
90.1777
89.579
89.0892
91.07
91.8651
89.8045
91.0818
90.9222
89.9081
91.8565
91.4064
90.3464
92.0518
91.5551
91.2796
91.8777
90.8614
90.6478
89.8717
89.927
89.6184
88.1122
89.2934
89.1917
89.0097
87.335
88.7085
89.8638
90.2359
89.7047
89.5597
89.2574
89.4964
90.7461
90.3086
91.5114
91.2948
92.0299
93.5046
95.1722
95.1113
95.1548
96.0731
95.1976
96.8104
97.309
96.455
96.7723
97.4088
96.8318
97.5484
98.3516
97.303
97.5117
98.5907
98.5924
101.399
100.867
98.2347
96.8489
96.6483
97.0851
97.2344
94.8632
93.6122
90.9355
90.7372
90.4343
91.0179
91.1426
91.9469
91.8454
91.5603
91.3259
91.0775
92.0207
91.013
91.1284
91.5759
90.5647
91.1389
90.894
90.8505
91.525
89.7594
90.8895
91.4006
92.4632
92.574
93.1539
92.1343
90.8316
89.1484
89.0384
89.611
88.2889
87.3125
86.5926
84.8925
84.2644
84.4688
84.2709
85.6835
84.3673
84.7173
84.7668
84.2206
85.6069
84.8403
87.05
87.0258
87.118
85.681
85.1098
83.8464
81.9429
81.8733
81.7692
83.1493
85.3423
88.4561
88.215
86.2146
85.6118
84.6681
85.0346
83.1738
84.5518
85.3834
86.5783
86.3371
85.4619
84.9678
84.8896
85.4476
84.6074
85.2442
84.2606
82.7022
82.0482
80.6085
79.2303
80.4675
80.2127
80.8717
82.5078
83.6891
83.6726
82.9908
83.1894
84.0715
83.5484
82.7521
83.6469
84.6364
84.4831
83.1018
82.3462
81.5945
83.4671
85.268
85.957
86.2516
85.5911
85.7691
86.2556
87.3974
87.7981
86.634
87.536
86.34
87.2428
87.0283
86.1474
86.0426
86.0046
84.0681
86.1689
86.1228
85.6297
84.2577
83.6419
83.3634
82.5797
84.3013
84.1815
83.943
84.6689
84.2992
85.8761
86.5714
88.3317
87.7734
88.6013
89.3705
89.9908
89.8425
89.4195
89.6723
89.9106
89.0707
88.7344
87.6513
87.0211
85.8013
86.8944
87.6836
86.7271
86.0948
86.9064
85.9108
84.8872
85.6051
86.9815
88.2386
89.7517
88.0394
86.7941
86.8497
88.0756
88.907
91.4218
91.4189
89.7972
90.6645
91.2638
91.2956
91.0056
91.5114
89.6348
88.4321
86.0598
86.6723
87.4955
88.0208
86.3579
87.2723
87.2673
87.5778
87.0603
85.7772
86.5422
87.175
86.3196
88.8455
89.2526
90.1771
91.0905
90.6608
88.644
89.5148
87.9924
87.8709
88.3784
89.5755
90.0201
88.0282
87.5104
87.4945
87.3745
85.7932
85.772
87.3996
87.1984
84.4132
83.8138
83.4671
82.8185
81.9627
82.0002
82.5371
80.4298
79.2649
77.699
78.0035
77.9405
76.4794
75.9755
74.928
75.1979
75.871
74.6485
74.8961
75.5729
74.9386
76.0182
75.5414
75.8078
74.8824
75.6989
77.0801
76.707
77.0778
78.165
78.6154
78.3508
79.0726
80.3495
80.3608
81.0594
81.0251
81.6396
82.3662
84.1938
84.4414
84.4329
82.2579
84.8099
84.8503
84.6021
86.0499
88.4816
88.2491
88.3361
87.9711
89.6284
89.4822
87.5205
89.8281
89.6114
88.3255
89.5603
89.237
88.5597
88.026
88.1932
88.9723
87.5093
88.0782
87.4069
86.809
88.5794
88.7149
87.5494
86.746
85.6719
86.8434
87.7118
88.7726
89.2963
89.2931
87.0503
87.0973
86.9641
87.2469
89.2608
90.5396
91.8025
92.9355
94.4228
94.5329
94.1007
94.456
96.8162
95.7032
95.237
95.4384
95.1037
94.6482
94.8544
95.3594
95.7878
96.4048
95.2679
93.9551
93.8185
94.5609
95.4031
95.4701
95.0663
96.2904
96.0255
95.6868
94.7139
95.7344
97.1522
98.4658
97.5371
95.2472
95.266
99.095
101.779
102.487
104.263
103.085
102.012
103.128
105.209
105.559
103.89
103.932
102.842
104.081
105.858
105.483
103.932
105.116
107.161
108.077
109.712
107.821
106.768
108.935
111.613
113.272
115.118
116.308
114.557
114.356
115.166
115.633
116.435
117.981
115.306
114
113.227
114.266
113.212
113.753
113.402
113.651
112.41
113.76
114.412
116.862
115.161
111.936
111.472
111.258
110.995
108.982
110.347
112.284
111.55
112.389
112.95
114.016
111.692
111.409
111.676
111.302
111.374
108.882
109.576
110.242
111.995
112.67
114.645
114.029
111.439
110.976
111.535
110.262
109.077
107.41
109.846
109.781
110.999
112.023
111.691
111.962
112.849
112.599
