100.776
102.499
102.807
102.957
103.939
103.974
104.55
104.097
105.041
103.353
103.055
102.383
102.591
104.186
106.109
105.254
101.505
100.613
99.5923
99.0434
100.54
100.558
99.2536
99.1427
101.616
100.537
100.927
100.982
101.25
102.459
99.5296
101.038
101.461
101.227
99.3261
100.062
101.907
102.753
101.558
101.756
102.98
102.699
102.1
102.791
102.784
100.413
98.0787
98.1587
95.261
97.1095
97.3179
97.9599
98.0041
100.996
102.089
101.868
103.398
102.329
100.303
100.827
101.718
101.126
97.7981
97.0639
98.5133
100.018
101.751
102.391
99.3671
102.174
100.778
98.2513
96.3926
96.4191
95.8062
94.6955
94.6733
93.3914
93.2411
93.7717
93.5511
93.2746
91.8243
93.9824
94.6488
92.9093
93.56
92.1901
91.7495
93.8138
93.7371
93.1789
93.6456
95.1127
97.4605
98.5217
98.6875
98.6715
98.9585
96.4919
97.0738
98.0659
96.7975
96.0603
94.4438
96.3416
96.1647
95.6297
94.8579
95.1312
93.8047
93.3618
94.2653
93.6835
94.9252
94.3713
94.7439
93.5768
91.0639
91.4797
90.2953
89.21
90.0326
91.2134
93.6439
90.753
90.8801
90.6483
91.5646
91.7437
94.3666
92.5575
92.4741
92.8232
94.2579
93.9657
92.5932
93.304
92.4877
93.1914
93.4498
92.4685
93.1518
92.9406
91.4849
92.0541
91.8357
91.9583
91.5755
90.3341
89.7148
89.6191
90.3396
92.4595
92.325
94.133
93.3469
95.3017
95.8938
93.3462
90.4777
89.3667
89.7604
88.2423
88.7482
90.9871
92.9458
94.1893
93.8317
94.8592
93.0725
92.2825
92.4225
91.4777
90.6662
90.2847
90.0464
88.6185
86.5736
84.9332
85.3747
86.4261
87.7492
88.9009
87.7179
87.3813
87.1862
88.4198
86.9303
86.4892
86.7872
88.9782
88.5939
91.4924
91.4621
92.1146
90.6929
93.3481
91.9904
91.8421
93.8803
95.0307
94.475
93.0136
92.0108
92.6749
91.8749
91.0658
92.3546
94.1142
94.8768
95.747
94.0971
93.1772
93.2099
95.5351
95.5745
94.1534
94.6363
96.1078
96.0605
96.8998
96.7457
95.7066
95.2051
94.6217
94.6671
93.4901
92.5805
92.5471
94.5796
95.3792
94.0217
93.7854
94.8988
93.6557
93.0321
91.5239
90.2582
88.3615
86.8916
87.1404
87.8607
87.1418
86.4225
87.3883
87.2598
89.3817
87.2077
88.3141
88.1895
88.0019
87.8338
87.7517
87.2825
88.4779
87.2098
86.8002
84.6543
85.4143
86.8662
89.9123
91.8979
92.7108
93.3933
93.6528
94.5725
94.2766
94.2706
93.4569
93.3442
93.0799
91.8562
92.2714
93.2285
91.4373
91.8724
93.7195
92.8883
92.8936
93.4995
92.2226
93.5381
89.9586
90.012
88.4262
90.6406
90.2856
88.6113
88.3647
90.593
90.5129
86.7042
88.4115
88.744
88.5416
90.6843
89.1365
89.4823
91.015
89.5085
89.436
89.5011
87.5357
86.9314
86.4965
85.4338
84.076
82.5082
82.3978
81.9734
84.1396
83.8451
83.9456
84.4354
83.9308
83.8249
82.7311
81.7807
81.8187
80.5866
80.1061
79.7439
78.9792
75.9252
74.6329
76.6407
77.0088
78.3802
77.501
77.6377
77.7651
78.6277
78.4119
79.0557
79.6931
78.6537
79.05
78.8956
78.54
79.2418
78.9754
79.3607
81.1136
80.8088
81.8891
81.0042
81.3546
80.7915
81.5638
81.468
80.7034
80.3548
81.0617
79.4684
80.5645
80.4096
81.4881
81.388
80.6731
80.724
79.6666
78.4822
78.5343
77.5493
78.3281
77.6933
77.6558
76.5677
77.3649
76.886
79.9992
81.1165
81.7658
81.1704
79.8829
79.1105
76.611
76.9131
76.1095
75.3868
74.2573
74.2017
74.1749
72.8445
72.9061
72.8884
73.7391
73.0704
72.8458
73.4199
73.2565
75.5262
74.1085
73.5539
73.1763
72.4748
72.008
72.289
72.7684
72.3637
73.249
75.0946
75.7963
74.9863
73.7665
73.1951
72.3764
72.2546
70.9257
70.8458
71.1083
71.6764
70.1454
70.3135
70.6988
70.4026
70.8438
71.015
71.9816
73.3303
72.5234
71.7827
71.0217
70.8503
70.0119
68.6447
69.5804
69.7675
70.7939
72.5444
72.2592
72.0137
71.4594
70.488
69.974
69.3696
67.8077
67.2321
66.0573
65.6369
64.9459
64.0303
63.5785
62.0846
61.2089
62.3097
63.208
63.4201
63.6949
64.6319
64.8155
64.0737
64.1263
63.3806
65.1777
65.0746
65.2653
65.3915
64.4851
64.0107
63.9694
63.4197
64.7322
66.6318
65.6868
66.3791
65.483
65.6785
67.8873
69.0639
68.1182
67.4796
66.2258
64.753
65.1604
65.3914
64.755
64.6092
65.6087
67.4858
67.639
67.2083
65.7157
65.734
67.5558
68.687
68.691
69.058
69.2105
68.2782
69.195
68.5181
68.7122
67.9613
66.6659
64.7921
65.041
63.19
63.2902
62.4237
62.3926
62.6955
62.4089
63.2428
61.6508
62.5828
63.9984
63.7731
63.5267
63.9977
63.8032
62.4809
62.8065
62.5774
63.1613
62.9703
64.0599
65.792
64.779
66.4302
65.3943
64.8101
65.6439
64.1174
63.7058
62.5429
62.4026
63.6195
63.4113
63.4529
63.5644
63.6902
64.6404
64.202
63.6409
63.3535
63.325
62.6882
61.5246
62.3995
63.2792
62.7711
63.6359
63.5571
63.4223
62.596
61.9597
61.5378
62.8469
62.4017
63.4739
64.1699
63.6087
62.227
61.4239
61.0957
60.3656
60.2377
61.8191
61.795
62.0139
61.5712
62.4051
62.9968
62.863
62.3868
62.526
62.3292
62.0078
62.7487
62.8988
65.2512
64.0387
64.1355
64.6884
65.979
66.0133
66.1558
64.747
65.112
65.5534
65.4215
65.9808
64.279
62.6339
63.9654
62.9343
62.6572
63.8426
64.058
64.1564
63.2835
63.7845
63.0613
64.0934
65.1385
64.3963
64.4832
63.1901
