99.3959
98.1622
96.9126
95.0337
97.215
97.8027
97.3492
98.4488
98.1018
95.7481
95.2681
95.4066
93.8947
92.6505
92.7277
92.9391
93.9272
92.9412
93.5729
92.8799
91.7449
88.8023
89.2047
88.2773
87.7506
88.5822
89.918
88.2333
87.6061
87.8228
88.8343
88.0947
89.5084
88.7891
88.5239
89.1026
87.9773
88.5653
87.9759
87.5681
86.3349
88.3016
90.311
89.5271
89.6198
89.5939
91.3522
91.7593
91.8357
90.219
92.5679
95.8967
96.6797
97.244
98.2157
100.384
99.7211
98.0953
98.2112
98.9856
96.1568
96.0774
95.5452
96.1649
96.2292
96.6229
95.7312
96.7625
96.9347
97.0771
98.0982
100.24
99.3145
99.1668
101.169
102.271
101.012
99.5996
99.0196
98.8363
98.0924
96.9854
97.5532
95.971
96.4787
98.6538
99.9519
99.3159
99.2354
99.3534
98.8103
99.3319
99.7526
98.671
101.315
99.3819
100.439
99.3787
98.2443
97.9041
97.5444
95.9636
96.6397
96.828
97.4181
97.5373
95.7867
95.8217
95.9396
95.5017
97.1117
98.8109
98.6555
98.0399
96.85
97.1189
95.7833
95.377
95.5847
95.3751
95.5355
96.1988
94.8289
94.7927
94.1895
94.6813
95.6261
96.8929
97.1919
96.0293
96.5861
97.6628
96.7009
95.2316
95.116
97.0705
96.4285
95.8777
98.1939
97.5896
100.262
102.363
101.669
103.031
100.23
101.464
100.97
102.203
99.653
100.92
103.595
105.211
104.639
103.554
105.176
104.743
105.07
104.315
106.592
108
106.946
108.084
108.62
105.485
104.474
104.065
103.578
104.54
104.639
103.194
101.723
103.967
106.409
107.012
107.421
108.649
110.235
109.714
110.481
109.345
108.655
108.033
110.187
110.649
111.88
112.838
111.758
112.367
111.442
112.575
112.589
114.431
115.935
117.622
118.258
117.22
117.562
117.41
116.499
115.094
115.116
114.519
114.32
112.855
112.089
114.456
114.902
113.803
113.716
111.558
111.465
111.476
109.78
111.106
113.408
115.288
114.334
113.135
112.427
110.942
109.858
108.533
108.106
107.213
106.846
105.076
104.375
104.998
105.045
106.311
106.983
105.694
107.825
107.337
108.054
108.173
109.104
109.438
108.868
110.081
109.241
109.071
108.812
109.587
109.288
108.631
108.777
109.79
110.599
109.601
111.67
112.66
110.357
111.078
107.793
108.013
107.367
106.574
105.951
105.935
105.175
105.965
106.373
104.839
103.832
102.822
103.825
104.722
104.656
101.895
104.054
104.748
107.401
107.304
106.982
106.544
105.745
106.066
105.37
106.957
105.84
106.449
105.855
106.809
105.99
105.676
107.869
110.268
111.109
111.089
110.628
110.467
109.133
109.668
111.414
110.673
111.042
111.303
111.84
111.325
111.074
109.74
110.324
111.167
111.092
111.086
113.195
114.002
113.296
110.149
108.149
108.598
109.715
110.484
110.1
111.329
111.015
109.742
107.851
108.262
109.256
110.9
111.456
112.346
112.668
112.832
112.923
112.928
112.959
113.148
114.071
111.522
111.3
109.281
112.146
114.568
114.622
114.064
111.686
110.555
111.112
112.912
113.474
112.658
113.305
111.513
110.991
113.813
116.299
114.526
114.266
115.92
115.823
116.769
115.454
115.673
112.467
111.816
112.234
114.931
114.161
114.668
116.244
117.34
115.698
112.952
113.568
112.587
114.94
113.598
114.009
114.468
113.52
111.263
111.176
110.638
106.858
106.534
106.035
104.916
105.191
105.666
105.471
104.912
102.237
101.523
103.252
102.262
101.923
100.677
100.394
100.641
99.4146
98.4408
99.2645
100.331
99.2733
96.9219
96.4334
95.2719
94.1918
93.5867
92.9828
93.1599
93.874
93.1913
95.0001
96.8354
97.4251
97.179
97.1105
96.6642
96.2255
95.9642
96.5961
95.2489
95.0302
95.2222
94.826
95.5728
95.1641
94.6479
91.8524
93.0629
91.6377
92.4475
92.6476
92.8923
91.929
91.8378
93.713
95.829
95.888
95.5876
96.4388
96.359
95.9262
98.0728
98.9198
99.3563
100.308
102.304
102.169
101.237
103.157
104.767
106.658
105.495
105.772
105.739
105.231
104.733
103.102
104.302
103.946
103.881
103.666
104.261
103.265
102.814
104.314
105.568
108.44
111.102
111.098
111.114
113.007
113.359
112.616
110.862
110.927
111.083
112.629
112.847
114.159
111.913
110.604
112.975
116.496
118.475
118.084
117.005
116.346
117.214
116.346
117.125
116.542
116.502
116.711
118.552
117.193
119.097
120.337
123.276
122.933
121.35
124.835
124.56
125.14
124.505
124.52
123.598
124.147
122.745
122.744
122.014
122.121
124.183
124.374
123.968
125.78
124.895
125.854
126.131
126.109
125.285
126.033
125.676
125.134
125.207
126.202
125.788
127.449
128.269
129.24
129.247
128.689
127.827
128.115
127.575
128.026
130.505
133.159
132.301
134.507
134.243
132.065
132.585
127.865
127.52
129.143
128.629
127.364
129.508
129.156
129.713
127.682
126.001
126.968
127.024
127.67
128.203
128.734
126.541
122.935
122.791
121.29
119.283
121.293
122.294
123.267
124.557
123.375
121.939
121.386
118.766
117.035
115.379
115.468
115.178
113.53
113.877
115.39
116.844
115.89
116.239
119.542
119.797
118.714
120.254
118.255
117.293
117.663
117.818
118.987
118.115
118.447
118.876
118.651
117.783
119.885
121.215
124.503
123.453
122.203
123.629
121.485
123.289
124.338
126.238
