100.69
100.512
100.775
101.462
100.435
99.3844
99.4577
100.591
101.917
101.836
102.863
102.788
101.911
102.943
101.868
103.8
103.048
101.56
102.324
106.126
104.799
103.511
100.838
99.7068
99.8812
98.5692
97.7495
97.9663
100.281
101.291
100.738
100.418
99.2748
98.8002
98.5965
99.5392
99.706
100.831
101.797
100.95
98.3197
97.6263
97.7226
96.3945
97.9215
95.8756
95.1017
95.5466
95.7347
94.2995
95.3573
97.1906
97.4118
98.8852
98.9878
96.9663
98.3855
100.32
101.043
99.767
100.252
99.1961
99.3507
97.5851
97.0682
97.6244
96.6239
97.4435
95.7927
94.1563
93.9087
94.2895
92.5617
94.3903
94.4905
94.0094
93.9018
94.251
91.7966
91.4368
91.9616
92.3041
91.5393
91.5499
92.9303
93.4834
95.8934
94.905
94.1793
94.7282
93.856
93.3949
94.0306
94.3383
95.4045
94.2058
93.3404
92.0315
92.5275
91.8879
90.4577
89.9831
87.7572
87.5797
87.7847
87.8491
87.3026
88.0292
86.6678
87.1809
87.6455
87.4775
86.3212
86.673
86.0975
87.1151
88.0695
89.4776
88.8898
87.9841
88.3279
88.4428
88.5432
88.5314
90.6659
91.9171
90.5373
88.1167
88.6814
87.4361
89.1088
88.0443
87.4963
88.8435
89.6849
89.4763
89.0284
88.2539
86.7391
85.5181
85.3563
86.1363
85.8962
85.7854
85.6676
86.0323
85.1646
84.5674
83.9406
84.5235
85.8313
86.9187
85.752
86.1644
85.5263
85.5023
84.8517
84.8922
84.4934
84.2741
84.8028
84.79
84.511
83.9612
83.601
85.3457
86.5512
87.8686
88.1236
88.4117
90.024
89.7104
90.0601
91.5953
91.2424
91.9466
91.9652
89.9968
88.7276
89.2837
89.6119
87.95
86.8146
86.5062
86.5833
85.2068
85.6252
86.9751
86.6034
86.0567
87.0678
88.8766
87.5512
86.6348
87.4654
86.1724
83.4725
84.5715
84.6988
85.4834
85.191
85.3519
85.8677
85.4637
85.6199
85.8762
88.08
88.201
88.9373
90.4467
88.9128
90.2457
88.9757
86.7634
87.2091
86.4083
88.2137
88.709
86.7418
87.1414
87.6249
89.5542
90.3933
91.739
93.7778
93.2802
91.7915
92.5673
93.4881
92.4807
92.3508
91.8326
90.6417
88.8918
89.8404
90.2462
91.4036
93.5863
93.6607
94.4748
94.4115
93.4469
93.7083
92.1659
90.1689
90.83
91.0353
92.0177
92.7813
92.646
94.6832
93.9703
94.2815
95.5638
96.9485
97.5684
98.5255
99.2057
98.6142
99.1573
99.332
99.8218
101.227
101.277
98.7444
99.0309
98.9068
99.9352
99.0455
99.501
98.3299
100.521
100.426
99.8842
98.6433
96.7263
96.8364
97.3315
98.0644
96.7199
96.6324
95.9187
95.8589
95.5998
96.8197
97.1512
96.9191
96.8097
97.4874
98.222
98.1117
97.4419
99.9709
101.312
100.733
100.094
100.478
99.555
101.012
100.702
102.474
101.109
101.054
100.117
99.9703
99.9693
100.337
97.2257
97.8925
96.8389
95.4757
95.8131
95.1239
95.9098
95.3308
93.5559
93.6479
91.0502
89.2623
88.7789
87.6995
88.946
88.4536
89.5801
88.3487
88.3518
88.2976
87.9549
88.9728
88.0202
87.9976
87.1915
85.6779
86.7473
90.3574
88.8743
88.1005
87.086
87.1733
88.3128
87.6633
87.6152
86.9022
85.9671
85.0855
85.3854
84.9539
85.3038
83.6411
86.1303
86.0606
85.7584
85.6495
85.6618
86.1235
87.7378
87.2254
86.3091
85.2102
85.1117
85.4399
85.1462
85.7633
84.1049
82.2949
81.9559
82.0358
82.8078
83.2014
82.9115
83.2303
83.7424
82.9996
84.1036
83.4465
84.3208
84.9248
85.1294
88.0175
88.3869
88.0045
87.768
87.6382
86.9319
85.0295
84.715
84.5397
84.1336
83.5801
84.5956
84.8939
84.594
83.5241
83.121
83.9462
83.2698
82.5144
82.5352
82.0131
82.6732
82.035
81.919
82.1059
81.5829
80.5457
82.2675
83.3962
81.9105
81.3208
80.1332
79.7951
80.0093
79.6682
81.1569
81.8347
81.4616
81.5577
80.5842
80.431
79.589
79.706
78.8992
80.1786
80.3721
81.06
81.6554
81.1266
79.9494
80.8595
82.638
83.3408
82.1027
82.3762
82.5697
81.2604
81.5769
82.1154
82.1567
84.0033
82.5161
81.7909
82.9037
82.945
83.2464
83.9012
84.4531
84.0396
84.2545
83.2949
81.2142
81.866
82.5427
83.5499
83.9235
82.0372
83.323
85.1426
83.5762
82.664
82.8309
80.8111
81.5544
82.2507
83.933
83.1565
86.0912
86.7308
87.2428
88.1624
87.538
87.6249
86.6898
87.661
87.5155
88.1215
88.9798
88.7331
88.9803
88.4516
88.1051
89.036
88.8168
87.9395
87.3951
87.8979
86.7675
87.4605
88.8148
87.3456
87.3237
85.743
86.914
85.6132
84.2293
83.7228
82.1132
81.9131
81.729
82.6987
81.5865
80.3865
80.843
81.1864
79.9989
80.4534
80.2132
80.7742
80.2987
81.8716
81.1318
81.1043
80.9728
81.4626
81.0155
79.1754
81.0109
79.4094
79.2592
80.4385
80.1729
81.5729
81.7807
80.6024
81.695
81.1933
80.5445
79.2606
79.46
77.5253
76.4994
74.841
74.6745
75.1422
73.1671
72.9486
72.1157
71.8719
71.1437
70.6295
69.4635
70.0036
69.4654
69.6687
69.212
69.1731
68.7009
68.5286
67.439
66.3506
67.0039
66.3674
66.234
66.1402
66.0685
64.834
67.0429
67.4163
68.774
69.786
68.695
67.4641
67.0024
68.7605
67.9485
69.1069
69.5681
70.7162
71.5191
71.6563
70.6379
71.2572
69.3316
69.6003
68.1331
69.717
70.8713
70.2231
70.0743
70.0433
70.2514
71.6071
71.0472
71.9424
71.0647
72.2332
71.1581
70.5842
68.5364
67.3086
68.2872
67.2182
67.5885
67.8472
68.0215
67.2867
66.7032
66.4365
67.5163
68.4241
69.4664
