98.1373
97.318
97.3347
97.113
97.8715
97.4561
98.012
98.4175
99.8715
98.507
98.7254
99.4748
100.452
102.731
104.61
105.679
103.259
101.967
99.9321
100.255
99.7053
101.991
101.807
102.514
103.872
103.578
103.036
102.682
102.749
103.995
104.169
104.822
106.488
107.291
109.708
109.007
109.738
110.908
112.847
113.116
113.378
113.2
115.003
115.134
117.745
118.346
116.475
118.891
118.723
117.354
115.737
114.659
116.537
116.407
118.23
117.721
120.373
122.9
121.943
124.406
127.236
127.467
125.819
126.197
126.587
127.519
126.971
129.044
127.691
129.76
130.102
129.225
128.027
128.089
127.661
127.824
127.216
126.884
128.177
127.859
128.251
129.929
130.171
128.229
128.338
130.578
128.902
130.128
129.068
129.367
131.268
132.26
130.677
129.532
129.639
130.692
131.104
132.641
129.278
130.68
130.894
131.108
131.8
132.168
133.013
134.487
134.898
135.939
142.542
143.957
144.735
141.744
142.381
141.314
137.561
139.307
137.92
139.962
140.823
140.521
139.658
138.988
137.222
134.871
133.735
135.652
136.454
137.004
133.497
132.48
129.841
132.003
131.334
130.863
130.862
131.114
130.778
134.231
136.085
141.047
143.293
139.339
139.289
139.801
139.916
138.365
136.09
136.285
137.716
136.124
134.368
134.073
133.414
133.615
132.671
136.341
135.401
133.262
132.956
131.767
132.286
133.843
135.37
135.897
139.07
140.295
141.269
138.074
137.34
137.226
134.991
134.118
134.019
134.75
134.435
132.544
129.947
129.545
129.701
128.255
128.33
129.158
129.431
128.672
128.743
128.124
126.95
127.497
127.065
128.037
127.972
128.292
126.641
125.831
124.187
122.092
121.015
118.574
117.058
118.32
116.505
114.522
113.965
111.217
112.374
113.487
114.23
114.557
116.915
118.643
117.916
118.147
118.02
116.35
116.301
114.262
113.043
114.712
114.412
115.472
118.798
117.444
117.967
116.127
119.183
120.83
121.43
121.293
122.139
120.596
121.27
122.467
122.026
126.338
125.966
123.685
124.226
123.115
122.277
120.834
121.467
120.4
120.541
120.317
119.399
114.975
117.387
118.658
117.779
119.491
118.302
119.185
118.93
118.048
116.77
114.057
111.987
113.042
112.276
112.236
112.374
115.381
112.897
112.445
111.304
112.295
114.566
114.98
114.714
111.706
110.819
109.874
111.009
111.003
111.101
110.188
109.289
108.88
109.855
108.073
109.334
109.934
111.309
110.257
111.146
112.172
113.625
113.645
111.369
112.039
112.446
112.625
114.442
116.681
114.324
114.125
113.246
112.445
108.76
108.002
107.484
107.787
108.209
106.438
104.807
104.734
104.285
104.2
102.138
101.813
102.426
102.134
104.629
103.175
101.194
100.808
100.259
99.1594
98.8176
100.65
101.888
101.96
104.385
106.179
105.924
105.248
105.976
107.945
109.343
109.92
110.545
111.127
113.691
112.002
113.395
114.523
113.857
114.147
112.545
110.67
111.188
111.995
114.506
116.592
114.137
114.068
111.733
109.404
108.475
108.207
106.231
107.069
107.268
107.959
109.432
108.768
109.387
109.647
109.073
108.004
106.701
106.537
105.894
106.163
107.037
107.426
108.085
107.039
106.031
106.009
107.617
108.85
108.92
106.894
109.565
108.455
105.989
108.034
107.959
106.501
107.5
106.3
105.752
106.445
106.271
107.218
107.977
109.567
108.713
109.966
110.397
110.966
110.349
109.367
107.52
106.621
104.823
103.989
104.945
105.371
106.458
106.199
104.123
105.058
102.902
102.407
102.732
104.404
102.161
100.731
99.471
99.5091
98.8763
99.6217
102.087
101.371
101.15
101.543
102.812
101.136
102.843
101.495
102.049
100.746
102.332
102.36
103.255
103.111
104.382
104.031
103.71
102.977
103.436
102.623
103.696
103.333
102.656
101.787
101.981
101.437
102.024
100.562
100.953
101.91
99.4625
102.304
101.866
100.94
102.247
102.042
103.129
103.1
103.776
102.738
101.807
103.15
102.44
102.041
103.801
103.729
104.224
105.883
106.334
106.464
105.116
103.822
103.91
104.608
102.888
103.933
104.185
103.311
103.366
103.287
102.766
102.339
102.987
101.072
100.653
101.655
102.547
102.644
103.966
103.888
103.471
103.236
104.037
104.464
102.415
103.844
105.375
106.029
103.488
102.644
103.249
103.884
105.582
105.028
104.619
104.618
106.191
107.796
105.988
105.848
104.663
104.278
102.263
101.803
101.682
101.676
102.696
104.286
101.555
102.129
102.363
101.381
102.832
101.89
101.234
100.647
101.149
99.1035
99.3987
99.9376
100.503
100.708
98.5126
98.2315
98.6241
98.4416
99.6731
100.374
100.896
100.393
100.938
102.837
101.573
102.255
102.251
102.621
104.398
102.613
101.339
100.889
99.6225
98.4667
97.9809
97.113
95.406
94.9418
94.258
94.1454
93.5302
94.2253
94.2139
94.2404
94.2535
93.7395
93.6484
94.2904
94.1482
95.6533
96.9664
95.4045
94.8602
93.896
93.6457
94.0342
91.5735
91.0542
91.2647
91.8104
92.8205
91.1798
94.3516
93.9604
94.8937
94.5691
93.8483
93.4959
92.5346
91.4699
91.2897
91.0126
91.1114
91.7383
92.2816
91.3191
90.6292
90.8191
91.6551
88.845
90.5992
90.6405
92.1054
92.2709
91.6831
90.4509
90.5205
91.0043
