100.101
102.306
99.9851
99.8973
99.9818
102.249
102.479
103.641
102.339
102.704
104.41
105.8
107.181
109.137
109.884
107.552
108.982
108.48
107.266
107.617
106.8
105.76
103.357
105.445
103.977
102.834
101.51
100.85
98.9332
98.1837
97.5058
97.0256
96.5504
96.6125
96.6554
97.1973
97.7337
97.706
97.0292
96.8599
98.1206
101.187
99.4084
100.392
100.567
102.516
104.53
105.135
106.175
106.312
107.488
108.67
110.744
110.336
110.718
111.649
112.199
113.271
111.783
115.714
119.454
118.215
118.746
118.352
119.151
120.508
119.411
120.168
120.212
119.192
118.954
119.106
119.638
120.936
120.221
119.444
120.267
119.881
121.705
122.787
119.484
119.426
120.625
118.177
118.518
120.752
117.781
117.827
114.957
114.296
114.515
117.369
117.748
117.009
116.283
113.136
112.901
114.681
114.637
111.855
113.613
112.461
110.145
111.177
110.9
111.257
109.922
107.917
105.57
105.849
107.196
108.979
108.634
110.173
109.68
112.003
109.162
108.871
109.021
110.391
111.395
112.742
113.336
117.516
119.339
117.849
117.452
116.629
118.152
116.522
115.278
114.653
115.432
116.612
116.163
116.243
119.136
117.082
117.452
118.132
118.978
119.376
118.543
117.652
119.587
121.374
122.792
119.463
122.1
122.618
122.203
120.943
121.039
120.884
118.83
117.799
119.291
119.766
116.358
116.757
116.69
113.697
115.63
116.45
118.421
119.721
119.651
121.598
120.02
121.481
121.445
121.328
123.995
124.252
124.644
124.87
126.189
127.995
127.181
128.123
127.036
125.805
125.842
123.564
123.28
124.555
125.832
126.289
124.952
124.329
124.207
122.578
121.309
122.666
123.675
124.403
124.244
125.953
125.52
126.531
123.93
123.321
120.807
119.47
118.726
119.402
118.573
119.831
117.122
116.988
114.443
115.813
114.888
115.778
116.123
115.088
112.157
112.179
111.682
110.16
112.934
114.648
111.71
110.238
109.985
108.664
109.241
109.273
107.695
107.781
105.161
106.068
104.907
104.586
105.715
105.296
102.991
103.57
105.448
103.907
104.459
105.208
106.306
105.501
104.126
103.707
105.422
102.765
103.171
103.491
103.346
103.743
105.019
104.941
105.191
104.117
102.358
102.122
103.238
105.833
106.67
107.531
108.739
109.542
110.286
111.687
111.578
112.478
110.115
107.983
108.233
109.562
111.252
112.166
111.172
112.742
110.533
110.488
110.816
110.417
109.339
109.688
111.079
112.058
110.838
110.716
112.084
109.11
109.894
113.943
116.574
113.195
112.687
113.297
111.212
113.431
112.523
113.721
112.836
112.94
111.86
111.151
111.58
112.162
113.772
114.567
110.701
108.846
107.435
106.861
107.145
105.76
108.313
109.129
109.849
109.016
110.187
109.959
105.899
108.249
109.906
106.736
108.317
111.202
112.244
113.462
115.185
115.224
116.834
117.207
119.291
117.679
118.566
122.153
123.514
123.888
124.618
122.546
121.274
121.124
121.63
119.546
119.457
119.913
119.143
117.52
116.005
114.274
113.887
113.37
112.448
110.623
110.187
107.44
108.346
108.253
106.584
105.619
106.461
105.969
105.737
105.623
106.149
106.54
105.292
104.922
106.354
104.947
106.674
104.98
105.63
105.881
103.308
104.288
104.996
104.988
102.424
102.232
99.7372
99.078
101.395
102.118
105.395
104.58
104.527
103.734
103.048
103.93
104.288
105.386
105.949
107.477
107.952
107.397
106.021
107.635
106.896
107.623
108.321
108.038
106.896
106.846
107.207
105.655
106.443
106.827
104.545
105.257
105.16
104.004
101.992
100.026
101.639
100.553
101.945
102.249
102.576
102.023
104.283
107.752
106.16
105.525
104.554
105.485
104.752
106.803
105.455
106.068
105.552
104.447
107.325
107.583
106.419
105.303
107.133
104.785
105.446
106.262
106.014
105.356
106.454
105.263
107.183
110.741
109.846
109.874
109.309
111.012
109.803
108.838
108.691
109.125
109.885
109.79
108.249
109.616
109.032
109.885
110.165
108.277
109.749
107.294
107.42
107.317
106.76
106.396
107.578
109.169
108.025
109.564
111.347
110.507
110.965
110.78
111.128
109.266
112.069
110.848
109.98
110.565
111.558
112.971
113.447
114.504
113.556
114.93
115.967
115.794
115.989
114.329
114.884
114.334
114.406
113.772
114.517
113.582
113.553
113.775
113.822
113.834
112.702
113.709
111.431
111.004
111.859
112.484
112.04
112.293
110.935
110.297
111.863
113.792
113.907
114.044
115.989
116.662
116.476
116.652
115.735
116.551
116.728
117.866
115.652
116.636
117.712
119.858
119.894
119.642
121.676
120.527
121.577
121.396
121.92
123.146
123.989
122.706
121.121
117.639
116.416
117.298
117.689
117.454
118.284
117.548
119.923
119.774
118.781
117.798
118.418
117.1
117.551
117.993
116.061
116.227
117.702
115.508
114.573
113.61
114.733
112.724
113.351
112.568
112.371
112.926
113.492
116.254
112.144
111.749
111.805
112.871
112.586
111.316
110.579
111.101
108.368
109.985
109.84
111.455
112.373
111.791
110.522
111.695
110.961
111.724
110.372
112.088
113.952
114.657
114.375
115.144
115.425
114.021
113.226
113.986
115.016
113.476
111.402
112.05
113.114
111.081
