100.759
96.7572
94.9097
96.3203
97.647
98.2429
97.1795
96.3916
95.5863
94.8224
97.2551
98.3404
98.6311
96.9899
98.2642
97.6651
98.113
98.2931
96.8852
95.2305
96.3086
96.6981
97.1535
97.6042
97.6913
97.2187
97.7057
97.9192
97.3587
97.3941
95.5973
96.665
96.5744
96.4982
97.2852
98.5242
97.6688
96.1623
95.7419
97.4633
96.0279
97.313
95.6433
94.5693
94.1458
95.7564
94.0551
94.7642
93.7291
94.1582
93.0072
92.5859
92.5428
92.0398
89.7413
89.7445
90.6669
89.5352
90.9579
93.9358
93.2931
93.4412
92.8141
91.4887
90.6459
90.2067
91.8645
92.8395
90.0494
90.2651
88.2239
87.8168
86.2339
87.6434
86.1056
87.9492
84.6251
84.9007
84.5125
83.3354
83.5611
83.3173
83.7274
84.1091
83.407
83.3224
84.1191
84.044
84.2191
83.4971
83.9568
85.4655
85.5951
85.7084
85.2743
85.3744
87.4701
85.796
86.5383
87.0104
87.9417
85.6498
86.8534
86.1632
87.4829
88.583
88.6708
87.3937
87.6244
88.5191
88.8252
89.4641
89.367
90.4806
92.1807
94.1537
94.7497
95.2012
95.4296
95.238
92.8579
91.1432
88.7475
90.7368
90.7025
93.1643
92.5539
90.7565
90.4705
89.377
90.5847
91.2603
90.8794
90.6439
88.3557
89.5376
91.0474
90.9532
91.214
91.1091
90.7105
91.5667
91.514
90.3467
90.7053
91.2633
91.5582
91.0553
91.8628
92.7071
92.4836
92.0241
91.2746
91.9511
92.6053
93.051
93.271
93.2665
92.9103
92.7294
92.9682
92.3747
89.7534
89.6345
93.2316
94.8626
94.8879
96.1994
96.5247
96.3453
95.3947
95.0199
96.4546
96.6086
97.1009
95.1732
96.7038
96.9787
98.7125
100.424
97.8342
97.3037
98.318
101.265
102.77
101.094
100.364
101.836
102.627
102.022
101.107
99.0067
99.9125
101.321
103.273
100.474
100.924
97.2859
99.259
101.762
102.487
104.186
105.523
105.469
106.566
108.312
106.727
106.894
107.348
107.618
108.314
106.565
105.634
106.11
107.111
108.469
109.805
113.213
115.508
115.068
116.503
118.884
122.799
124.253
123.679
123.407
123.23
123.208
122.664
123.509
119.633
120.914
118.863
115.534
114.009
115.287
114.634
113.853
113.661
113.736
115.072
115.14
113.773
112.387
113.298
112.749
113.307
109.852
110.018
113.014
113.213
112.721
113.462
110.982
110.208
108.398
107.943
108.107
108.606
109.849
109.369
110.112
109.665
112.411
112.521
111.302
112.446
113.32
114.351
117.26
118.037
118.524
121.231
120.904
123.422
121.734
121.097
122.04
124.441
124.309
127.511
130.253
130.948
131.631
128.959
126.401
125.737
126.933
127.413
130.571
128.964
127.788
126.324
126.318
128.67
129.672
128.01
128.351
127.325
129.381
127.887
128.885
128.253
128.929
132.387
131.814
127.164
126.479
128.391
129.903
129.48
131.607
131.363
132.586
133.547
133.731
134.47
133.41
133.452
133.582
135.554
134.003
133.545
134.462
131.484
132.417
133.755
133.491
137.727
140.942
142.291
142.495
139.752
143.452
143.963
142.245
144.649
146.723
147.751
148.331
149.358
149.292
151.456
152.96
153.066
154.858
153.419
152.76
154.24
151.511
150.678
150.975
151.449
151.471
152.003
153.527
154.74
153.635
153.438
154.595
151.681
150.502
152.001
155.068
153.222
155.336
154.261
155.37
151.759
153.041
159.027
160.82
159.623
156.954
154.577
153.828
155.764
156.02
154.673
156.364
156.168
158.346
158.559
161.769
162.349
162.297
160.355
156.741
159.686
157.054
156.093
156.044
154.42
151.556
150.612
149.325
147.506
146.43
146.337
144.965
147.321
142.083
143.941
147.247
147.777
148.502
146.927
146.979
147.429
146.891
147.15
144.903
145.886
145.382
143.47
142.552
143.341
145.748
143.701
142.465
139.539
138.868
138.168
138.302
140.288
142.854
142.392
139.064
141.839
141.992
141.585
141.38
141.423
142.68
142.119
141.429
143.226
147.688
146.686
148.678
148.193
147.283
146.669
146.887
146.242
145.78
147.535
149.891
148.938
147.312
146.795
145.643
145.148
146.201
147.133
145.259
142.237
144.65
144.672
147.168
143.602
146.07
146.458
147.713
147.822
149.971
152.675
149.224
152.203
152.446
152.075
152.654
152.76
149.878
150.107
150.301
147.887
147.767
149.06
149.66
150.754
153.391
154.479
154.354
154.097
152.65
152.7
151.579
153.903
153.144
153.532
153.335
152.834
147.421
150.157
150.828
147.106
144.503
145.568
144.106
145.915
146.107
146.403
146.398
148.147
146.352
144.524
144.46
146.165
148.479
144.477
146.163
146.363
148.643
151.083
150.165
150.166
150.577
153.287
154.256
153.143
153.155
151.962
153.371
155.305
155.857
156.638
158.131
159.561
160.019
159.167
159.702
159.585
158.082
162.168
165.514
165.35
163.474
161.446
156.284
157.926
161.492
163.405
163.726
164.179
166.377
166.788
163.001
162.142
162.31
163.91
163.612
164.613
165.627
165.796
165.316
166.844
167.079
165.44
166.877
166.347
169.504
169.227
172.348
171.943
172.403
172.996
174.992
178.737
178.662
179.287
178.133
177.974
180.079
177.001
176.842
177.966
175.938
175.579
176.427
173.251
172.752
176.525
179.035
180.681
178.412
180.173
177.043
179.778
180.573
178.026
179.864
181.092
183.034
187.661
184.406
181.799
181.251
181.122
181.667
