101.063
100.383
98.217
96.481
95.462
94.8297
94.8274
94.8106
92.4565
91.6542
92.4965
92.8848
92.8891
93.6089
94.5173
95.7916
94.4929
94.9895
95.2495
97.3767
96.7681
96.157
96.7224
98.2373
99.0153
100.994
102.463
101.48
98.4218
98.8032
100.857
99.4826
99.7434
100.684
98.4056
97.7492
97.8062
95.8878
97.106
97.5725
96.5047
95.6133
95.5424
95.2682
95.3143
96.573
96.1891
95.5518
96.5394
95.7948
94.958
95.2796
95.1101
93.4927
95.6181
96.3607
95.6897
96.2101
93.3409
94.6561
94.2913
93.3909
94.9666
92.909
92.4152
91.7053
91.0939
92.1809
91.8125
91.4426
90.9985
91.252
90.2544
88.1413
90.7033
92.4866
92.4174
93.2845
95.8399
97.0765
95.2832
95.1715
95.8307
94.9406
93.253
91.4848
90.812
91.9946
91.3605
92.6285
91.7377
92.6424
93.3491
93.7717
93.7341
95.0964
94.7612
93.7543
92.9736
93.3747
94.758
95.0381
95.7372
96.1974
97.2332
95.1117
95.5475
94.0519
93.7939
97.1963
97.8213
99.055
97.7542
95.7277
94.8625
94.8524
96.6921
94.7174
93.9384
94.5612
94.5474
92.5114
90.4191
90.175
89.5948
89.0325
89.7507
90.5629
91.6114
92.1615
91.2255
90.4045
91.0254
90.7077
90.238
90.586
89.4869
89.9659
90.2746
90.3027
92.4387
93.749
93.4119
94.6032
95.3768
94.3567
93.8404
94.5607
93.8082
95.0961
96.9825
96.4932
93.9944
94.5093
95.6472
95.5181
96.6728
94.5955
94.0635
92.6203
90.638
91.7502
92.209
90.3429
88.5825
89.3699
89.8452
89.3713
90.8329
91.0836
92.1423
93.1967
92.5969
94.399
92.9929
92.8745
92.5457
94.0115
94.5495
93.7665
94.0592
93.7548
94.6763
96.4466
97.6483
95.682
95.7646
94.2185
93.5871
94.1548
93.4027
93.7111
94.6905
93.8669
93.7568
92.5217
92.9691
92.1015
92.1459
91.2477
90.7505
90.031
90.6363
89.169
89.1666
87.973
88.3128
89.7583
89.0262
87.937
87.3452
87.2446
87.9228
89.3205
89.9705
89.4561
88.5317
88.3574
89.678
87.6465
88.7062
89.1906
86.8806
86.1241
86.3719
86.1697
86.2666
86.7086
88.077
85.4762
85.631
86.0474
87.4518
85.8932
87.4414
88.152
88.1918
87.1871
87.3522
88.3478
86.6984
86.5031
88.4333
86.745
87.0712
88.5679
88.7485
89.7731
87.4148
87.8069
89.4477
90.6219
89.986
89.5435
88.5805
88.8069
87.378
88.3662
89.8458
88.7811
88.2541
89.7878
87.7212
86.5502
86.4679
86.9002
86.0373
85.823
86.407
86.5826
85.3978
86.916
87.6441
87.8409
89.4973
88.4656
88.3219
87.3439
88.559
89.9732
89.4917
89.1573
89.8682
90.3516
89.2628
90.0105
90.091
91.1559
89.9035
91.58
90.6449
91.6621
92.8552
91.8443
93.0834
92.3544
94.4033
95.6764
95.5222
95.0401
93.5581
92.1761
90.495
88.272
87.4142
89.4423
88.9128
89.4305
90.1587
89.6609
90.1638
89.8081
89.2312
90.0505
90.1894
87.978
87.6474
86.4602
87.017
87.8577
86.6401
86.2385
84.6857
85.4673
86.7368
86.6269
86.1127
86.5303
86.4758
86.1814
85.387
85.0756
84.4949
86.2726
88.5423
87.2168
89.0863
88.2593
89.78
89.4948
89.7662
87.8267
85.5811
88.2098
88.0533
88.631
88.8515
88.5723
88.6983
89.0285
88.8121
87.8972
86.7112
87.5331
85.8828
87.3564
87.9464
88.4605
88.9706
89.6018
90.9134
90.8211
90.0448
90.6075
91.0915
90.4508
90.023
91.1675
91.7022
93.4817
94.5415
97.6253
101.286
100.648
102.241
102.008
101.683
100.652
100.964
100.296
99.1634
100.028
102.065
101.998
101.456
100.946
100.442
100.913
99.7108
100.728
103.011
105.682
106.099
106.83
105.795
107.12
106.057
104.585
103.091
104.167
102.225
102.146
102.988
101.514
100.677
100.66
102.495
101.973
98.9644
98.5997
98.8804
98.8298
97.1562
98.3104
99.3308
98.5899
98.2712
99.8003
100.866
100.599
100.699
99.0144
100.022
100.202
99.7918
96.6725
96.5747
95.7973
95.2906
97.2874
96.9159
97.2287
98.0933
98.1378
99.5155
98.8687
99.7729
103.873
104.535
101.759
102.536
101.253
99.37
99.1845
99.7646
97.3082
97.9384
100.573
101.916
100.377
99.5183
99.8245
98.806
96.9054
97.6275
97.5173
98.0872
97.4526
98.0973
97.3408
97.4179
98.6748
96.7695
97.4706
97.1764
94.802
95.7979
96.7407
97.6151
97.0893
97.8717
98.2042
98.8238
98.6923
98.4589
99.9039
100.487
100.585
102.1
102.923
103.568
104.549
106.168
103.509
102.149
101.421
103.309
104.657
103.875
101.671
102.632
103.104
102.999
107.301
107.889
109.7
110.195
109.253
108.757
109.231
109.466
108.99
110.555
108.375
107.338
105.638
106.679
106.002
102.669
102.782
103.202
102.225
101.25
100.296
100.622
100.176
100.096
98.9663
98.3515
99.695
100.758
100.384
101.411
100.836
100.85
99.8134
101.58
99.8443
97.0701
96.6071
95.333
96.7201
99.5396
97.5251
97.4981
97.234
98.5053
99.1932
98.4222
97.0683
96.4444
98.2595
100.799
99.8275
98.9164
97.1912
94.4653
94.9713
94.2144
95.0744
95.5658
93.8003
92.2057
91.6956
92.2775
93.029
91.4642
90.1305
90.4337
90.5712
90.8166
90.2542
90.9381
91.5463
90.8962
90.2495
89.9073
89.5975
92.5813
92.7856
93.4823
92.5786
92.7786
93.7097
92.6647
93.3059
93.2579
93.0705
92.7862
91.0652
90.6301
90.2679
91.0235
91.0213
91.9144
92.62
92.6984
94.686
95.2358
96.6016
96.9116
95.1414
93.5521
95.6636
95.2585
96.1407
96.5708
99.0067
99.7567
99.4749
