99.9068
99.9494
100.459
100.772
101.963
100.781
100.931
99.9481
101.636
103.806
102.659
102.827
104.264
104.982
102.422
102.221
103.811
105.248
105.926
107.803
107.782
107.271
108.416
109.518
109.082
107.922
108.487
110.452
110.492
111.491
110.831
109.29
109.483
107.895
107.775
111.557
112.42
111.695
112.608
112.311
112.131
114.437
113.483
111.389
111.676
113.364
114.127
111.374
113.376
110.789
111.298
112.133
110.176
111.22
111.426
110.522
107.919
108.49
110.442
110.371
111.62
109.641
109.22
110.008
111.344
111.852
112.178
115.649
115.701
115.666
114.837
114.862
116.149
114.336
113.164
113.349
109.892
107.176
104.861
103.115
102.12
100.144
101.524
102.227
102.922
102.029
101.718
100.308
101.716
101.31
102.309
101.76
100.266
99.6735
102.037
100.311
100.276
98.9095
98.4198
98.3428
99.7251
101.277
101.313
102.838
103.95
105.2
106.544
106.4
106.33
105.908
104.002
103.184
103.406
103.441
103.952
103.429
104.17
104.577
102.792
103.922
103.831
104.349
103.899
104.846
104.603
103.508
104.033
102.503
102.822
101.26
102.15
100.079
101.94
100.838
103.345
103.772
103.342
104.088
105.507
107.291
107.382
104.358
103.433
104.186
103.891
103.538
101.557
100.735
99.5121
99.6376
99.7985
98.8674
97.9041
99.7975
99.7192
98.6746
98.7167
97.9462
98.5747
99.683
100.406
99.8165
99.8053
96.7124
96.8519
98.1873
97.5449
94.9151
95.5884
94.7025
96.0242
95.6595
96.4599
96.5523
93.7978
95.2602
94.7691
95.7289
97.0603
96.635
97.1032
98.9965
97.2014
97.7635
96.6061
96.2305
97.4815
98.7669
99.9437
97.2954
95.4326
96.5698
96.4771
96.0851
95.9662
96.2966
96.4852
96.0474
94.5109
93.3141
94.1575
94.469
93.986
92.1318
90.792
91.3552
91.5041
91.4609
92.0383
92.3795
92.9808
92.112
90.2474
91.6287
91.2428
92.6747
90.9342
88.7059
90.1753
91.4172
91.7554
89.5627
87.7049
87.0185
87.2718
85.9328
86.4465
88.0881
88.0706
88.1018
87.298
86.6544
83.9295
81.822
80.1256
77.8308
76.8987
77.4604
78.6077
77.8288
76.8992
76.636
75.7563
76.0108
75.7038
77.5629
78.2351
77.01
78.0726
78.1762
78.1217
79.0765
78.9651
78.0314
78.4513
78.3434
77.0879
76.0305
76.6931
76.4322
76.1046
76.155
76.1766
76.661
76.3261
77.2759
76.413
75.8996
77.4969
78.5297
78.4978
77.6202
76.2266
74.409
72.8904
72.3282
73.8373
73.0931
71.357
69.6616
70.2997
69.3893
68.6993
68.4603
69.3447
69.7561
68.258
68.4766
69.4812
69.6649
69.5568
69.5147
70.0582
71.2799
72.1098
71.4832
70.9416
70.0281
70.4982
68.9584
69.037
69.8772
69.1539
69.0148
70.0125
70.15
70.528
70.0963
70.816
69.9251
70.8754
69.6535
70.7673
68.716
68.212
68.612
68.1009
66.5493
66.9256
67.323
66.4782
67.6443
67.8166
66.5694
67.8335
67.2231
67.4582
68.0094
67.7462
67.0157
66.2199
64.6887
64.9563
65.7024
64.4893
64.1248
64.3921
63.7964
63.7211
64.5042
64.0855
63.4538
64.5856
63.9713
64.1173
64.5831
65.7872
66.2955
66.3123
66.8009
66.7072
67.8776
67.4626
65.5889
64.5491
63.6713
62.9059
64.46
64.3673
63.8382
63.679
63.2909
62.6668
62.4645
62.5772
63.3765
62.7528
63.0871
62.6511
62.4287
62.4095
61.2981
60.5683
60.8139
62.1805
62.9237
63.0575
63.6083
63.3374
62.9721
62.4536
63.0209
61.6745
63.023
63.0494
63.9006
64.5633
64.5756
64.4091
65.0269
64.941
66.1655
66.8789
67.2792
65.7432
66.5683
65.1642
65.7862
65.3588
63.8453
63.0854
63.4863
63.3491
63.1941
63.542
63.1268
61.7024
61.7626
61.1294
61.8794
60.7573
60.3406
59.2463
59.3929
59.1186
59.5838
60.5707
60.1905
60.3087
60.2876
60.9468
60.0311
61.0509
59.8234
59.671
59.4103
60.2332
60.9896
59.9931
59.2447
59.4246
59.732
59.9092
59.5917
59.3275
58.8877
58.7186
59.472
59.6097
59.1976
58.592
58.9797
59.5735
59.1202
58.636
58.5264
58.9031
58.6113
58.0334
57.4563
56.5391
55.8831
57.3323
56.9804
56.7555
56.0743
55.7341
55.6275
55.5935
55.5043
56.6264
56.4691
57.4361
58.4514
58.9782
58.9566
59.4992
61.7743
62.5578
62.6516
62.9372
62.0127
62.3704
62.4117
63.188
62.0731
63.1361
63.1764
63.5402
62.3256
62.7196
63.3809
64.5608
64.2084
63.3981
61.3906
61.4834
59.2342
58.2474
57.1345
57.314
56.439
56.8277
58.0577
59.412
59.8586
59.774
60.1466
59.9021
60.9587
61.128
60.9312
60.2884
60.2206
58.9554
58.5038
58.6314
58.9871
58.946
59.4023
60.7553
61.1423
60.4491
60.5844
59.6711
59.9706
58.9421
58.4041
58.042
56.4667
56.9974
56.9237
56.5308
57.0668
56.9005
56.2052
57.3673
56.7044
57.495
57.1715
57.2313
56.7638
56.0062
56.2675
56.3235
54.9332
55.3079
56.134
56.619
56.1979
55.6598
56.9334
56.933
56.0568
55.9286
55.6104
55.8338
56.1077
55.5221
55.4773
55.7224
55.1172
56.1964
55.9364
55.2285
55.9697
55.9151
55.319
56.773
57.281
56.9466
56.9446
56.4497
56.0294
57.3535
57.3422
56.0886
56.5907
55.3615
55.2019
55.5544
56.3538
55.2369
55.8386
55.7219
55.7676
55.4577
55.7388
55.6947
56.2692
55.0428
54.1404
54.8648
54.6121
55.4424
55.7125
57.4281
57.5878
57.7982
56.8363
57.36
56.8031
56.3532
56.4182
55.3126
54.8562
54.7622
54.9373
53.93
54.0076
