99.1877
99.2878
100.18
100.156
101.236
101.484
102.641
101.2
101.798
101.09
99.9943
99.6057
101.88
100.887
100.34
99.4296
97.5018
97.9301
94.3213
92.0216
94.9538
93.9691
94.7856
94.153
93.9387
94.2796
93.0371
92.5225
91.6816
92.0786
91.0133
90.7242
91.5911
92.0223
92.0098
93.2284
92.661
92.1454
93.1682
92.8942
92.1553
91.2569
89.1659
90.6055
89.566
88.784
88.4585
87.9352
86.1372
87.3645
86.6996
86.1714
88.2993
88.0325
86.9513
86.3298
87.8295
86.95
87.1922
88.4593
89.2641
88.1826
89.364
88.9563
88.2649
87.5319
87.0765
89.2049
90.0399
89.6267
89.2297
87.7728
87.9843
86.6074
86.3593
87.4638
86.8737
88.1077
88.1341
88.65
89.1985
88.1532
88.9347
88.7777
89.1809
89.9086
90.1026
89.2106
88.3841
87.875
87.9519
88.898
89.1835
89.4442
89.1348
88.2921
88.4863
87.5678
89.2065
89.1446
90.1279
90.9756
88.0388
86.8789
88.2509
89.3878
90.2761
91.0817
91.8779
88.9954
89.7312
89.1383
89.9775
90.6478
91.2284
90.6582
92.1648
91.765
90.8555
90.2309
89.7484
89.7861
89.9001
91.2066
91.7638
92.9898
93.4749
92.2098
91.0569
91.7576
91.6044
93.9145
93.6342
94.9526
94.9099
94.6817
94.7459
95.1439
95.1211
95.159
95.0554
95.4735
97.8708
99.986
99.5771
98.84
101.04
99.4815
100.173
99.9412
99.9644
99.1494
98.5241
98.5473
98.3757
98.5143
98.8606
98.3439
98.0462
97.4042
98.6123
99.2802
98.2779
95.5369
94.6642
96.0296
95.071
95.4569
94.7984
94.853
95.0712
94.1511
94.3446
93.571
91.2531
92.3162
91.7498
91.4881
91.2495
91.9117
91.3374
90.8177
90.3157
91.4523
91.8265
90.2035
91.843
93.0845
92.4736
93.6803
93.192
90.5352
88.012
88.6075
88.1358
86.0609
84.2879
85.5335
84.5159
83.7433
83.867
85.1769
84.4293
82.6491
82.8606
84.9563
84.9786
85.7901
85.6114
84.0296
84.2742
84.6556
85.2641
84.6872
87.166
87.3717
86.1115
86.5408
86.4711
86.8934
88.4373
88.2997
88.7762
89.4521
88.7349
90.0658
89.8124
90.1817
89.8549
90.8537
91.341
90.0884
89.7938
88.9812
86.6292
83.5636
83.0712
82.2077
81.9391
81.582
81.068
81.038
81.4056
81.2467
80.6866
80.6223
79.0117
77.47
76.9283
76.2657
76.4279
76.1253
76.9329
77.3559
77.2908
77.3404
76.6223
74.8076
74.4092
75.1543
75.6312
77.8855
77.9802
77.6532
78.0446
77.8931
78.8358
76.7907
76.0985
76.7922
75.9114
77.0095
77.3713
79.302
80.6219
78.8153
77.0933
77.1611
76.7605
75.3872
75.6578
76.3353
77.7578
79.108
79.9878
79.2161
79.1094
80.4866
81.499
81.957
82.8659
82.8998
84.2628
85.6556
85.6601
85.3671
86.1563
86.3764
88.059
91.2757
93.9833
96.5973
98.2883
95.9285
96.7253
97.2301
98.4061
98.3397
98.4239
97.5519
99.8475
100.378
101.644
102.299
102.484
102.792
99.5851
100.255
100.165
100.923
99.8184
99.0997
97.3542
99.7436
98.6772
98.6382
99.3451
98.7098
98.665
100.19
98.861
95.9225
93.1034
92.7872
93.7587
93.862
91.7411
89.6892
90.1489
88.875
90.5837
90.3868
89.7245
89.425
89.1042
89.9183
88.835
90.5439
91.1999
87.1934
86.9039
85.3707
84.2483
83.1844
82.174
83.004
83.3273
83.3852
85.273
86.9989
87.2388
85.213
85.3386
86.3966
84.1955
83.8095
84.7976
83.7657
84.6257
84.045
83.3379
82.9284
83.4685
83.37
82.6302
80.7293
80.7314
79.5763
79.6331
79.6497
78.1994
80.3389
81.4115
80.3945
80.2886
79.7303
79.6137
79.7365
79.553
78.7607
78.6212
77.73
77.3601
75.7238
76.1874
74.5764
73.87
72.5651
71.3492
70.2951
69.0718
68.3698
68.1238
67.0565
66.0751
65.3171
65.0136
64.487
63.8898
63.497
64.3705
64.6952
65.0303
66.2567
65.7318
65.3005
63.6053
63.7876
64.0805
64.4654
65.9352
66.7598
66.2648
66.3794
66.7189
66.1532
66.7795
67.8603
67.9679
67.4729
68.1537
66.9135
66.7481
66.9836
65.4155
66.4807
66.5468
64.2782
64.6087
65.1645
64.5843
64.0978
63.4449
64.0903
64.2816
63.6843
62.9783
62.3702
62.6368
62.9641
62.3717
62.5014
62.1413
63.3958
62.7528
62.1855
61.1008
60.4429
62.3496
61.1975
60.3392
60.0476
61.349
62.4292
61.6613
60.8025
61.9538
61.7532
61.3429
61.3287
60.3516
60.3276
58.8994
58.4483
58.1782
57.8405
58.057
57.866
55.8961
56.3342
55.1487
55.3073
55.0052
55.4501
55.7244
55.4793
55.6525
55.2048
55.0098
56.2443
56.3646
56.5729
56.4472
55.9642
56.6676
55.8413
56.5566
56.9355
56.4133
56.2449
56.1986
56.8215
55.7836
55.1684
55.3747
55.5819
55.8502
55.3722
55.5828
55.2893
55.7542
55.9404
56.5039
55.6604
55.9611
55.2197
55.2854
56.5266
56.8325
56.0768
57.0268
58.2823
58.2477
58.1265
57.1759
58.7222
59.6425
59.8155
58.6964
58.4963
58.2123
57.4399
57.8292
56.9852
56.5614
55.3964
56.1387
57.3821
56.7915
56.6856
58.0183
58.9614
59.7456
59.9284
58.8611
59.471
59.3245
58.8342
59.4207
58.6426
58.3025
57.2177
57.4725
57.4478
57.5329
56.6905
57.1883
57.7614
57.0364
58.3229
57.6792
57.2787
58.0965
58.2005
57.4589
57.6753
58.7423
59.335
58.1243
58.1949
58.987
57.5816
56.5413
56.8513
55.8608
56.3979
56.447
56.671
57.284
58.5305
58.5263
59.0978
60.2555
60.4529
60.2153
60.6659
60.1125
61.488
61.0402
60.5685
60.6975
61.0354
59.9992
60.4954
59.3059
59.4813
58.5728
58.388
59.1107
58.9616
