101.293
99.6905
99.037
99.0242
98.9065
96.2653
95.5794
96.0024
95.7008
98.6399
98.0353
98.0587
99.7838
101.128
102.596
105.436
106.025
107.671
107.731
107.306
108.82
110.418
111.759
113.831
115.917
114.747
114.094
112.972
114.808
115.068
117.313
117.765
122.945
122.958
125.297
124.535
122.091
121.533
122.017
122.989
123.261
121.975
122.842
124.779
125.848
126.571
126.402
126.281
125.531
124.622
127.374
128.58
129.29
126.513
126.688
129.466
129.415
128.897
131.54
129.303
129.032
129.002
126.877
127.861
128.938
129.531
129.979
129.886
130.718
133.137
131.478
130.923
131.551
126.41
124.024
126.629
124.306
124.908
124.989
125.559
126.064
124.301
126.543
124.639
126.646
127.367
126.122
124.793
122.944
123.315
123.285
123.793
125.311
125.033
123.192
124.646
125.697
122.67
125.029
120.402
120.09
122.032
121.791
122.198
122.468
121.213
121.245
121.055
117.391
117.416
119.929
120.569
120.188
121.314
119.771
121.413
120.081
118.401
118.678
119.343
118.609
117.309
117.519
117.956
118.247
116.616
116.597
121.335
120.565
119.809
121.997
123.75
123.783
123.949
124.654
125.133
128.55
125.723
126.756
129.357
132.935
133.115
134.165
133.522
133.232
132.428
129.522
129.909
126.793
128.586
128.539
130.512
133.517
136.091
136.724
135.072
138.822
139.431
141.166
143.611
142.771
143.803
142.216
140.78
142.281
142.534
145.393
144.178
147.704
147.17
147.91
151.155
150.227
149.302
151.231
150.007
149.519
147.702
145.191
146.35
146.391
149.551
150.642
150.206
150.029
151.419
150.326
150.616
150.178
148.667
148.583
147.326
146.582
147.189
147.559
146.027
148.948
146.972
146.038
146.065
146.224
145.247
146.291
144.152
145.98
146.588
147.542
143.159
144.192
143.843
142.952
140.104
139.719
138.32
135.354
135.471
134.501
136.361
138.46
138.101
138.373
140.732
144.446
145.257
145.14
145.038
147.184
148.516
150.158
153.291
154.065
153.644
153.294
151.734
151.436
149.745
149.67
148.644
148.785
145.83
146.345
146.645
146.668
147.31
146.33
144.035
141.492
141.125
138.845
143.817
144.847
144.749
141.065
139.114
140.061
135.734
135.889
136.478
136.821
134.719
133.845
133.405
134.135
137.368
139.209
138.724
137.523
135.756
137.657
135.753
139.407
142.251
141.16
140.842
140.336
139.161
138.993
139.516
138.756
134.968
139.069
139.869
141.345
138.974
141.642
141.058
142.4
145.683
146.591
146.995
147.713
144.759
141.522
138.01
136.748
134.85
133.588
132.239
132.86
136.004
135.524
134.211
132.478
133.989
133.444
132.634
133.092
134.032
132.561
135.602
136.09
136.617
133.286
133.122
136.251
135.512
133.322
135.412
138.985
136.135
134.203
133.66
134.803
133.821
132.46
133.885
134.463
135.615
136.146
136.839
137.643
139.504
140.212
140.495
141.711
141.677
140.522
140.35
137.487
136.291
134.379
133.709
134.117
134.986
136.783
132.95
133.683
132.508
132.622
136.602
133.913
136.399
132.504
130.373
131.633
131.657
133.121
136.011
138.05
137.568
134.142
133.624
133.535
131.91
130.873
131.101
130.014
131.229
128.761
128.002
126.806
126.565
128.274
126.088
124.811
126.504
124.819
124.999
127.21
126.315
129.323
129.64
133.564
131.344
129.469
130.974
130.715
132.55
129.517
126.897
124.726
125.057
127.514
126.18
126.643
128.346
126.292
126.444
126.743
128.044
130.27
131.53
130.29
132.454
133.541
131.694
131.648
130.837
131.527
130.525
129.732
129.44
129.394
128.53
127.174
125.526
125.936
123.441
125.749
126.282
127.415
128.963
130.161
131.276
130.658
131.966
130.396
131.495
131.344
129.334
130.649
131.368
129.431
129.501
126.556
125.962
127.18
127.281
127.014
127.332
128.591
130.356
134.745
132.966
133.372
134.745
136.138
136.781
136.492
138.261
138.733
140.676
141.67
142.764
144.398
142.273
144.499
143.747
140.028
140.465
139.212
138.439
135.393
135.601
136.749
138.131
134.555
132.589
132.441
133.31
135.266
136.066
135.895
132.057
132.597
133.318
134.391
137.216
137.893
139.399
140.717
138.833
140.083
140.363
140.426
143.644
141.149
145.369
147.057
143.039
144.21
144.605
144.382
144.769
141.569
142.413
143.802
143.883
144.583
145.029
148.01
145.722
145.406
145.691
148.023
152.849
153.884
154.011
151.768
151.988
151.35
150.231
149.481
153.167
156.616
155.393
153.751
154.141
155.054
152.413
153.662
152.847
151.429
151.5
155.47
154.821
156.512
155.709
156.615
157.152
156.512
157.101
155.615
154.801
155.511
157.462
156.272
157.674
157.155
159.874
159.105
158.175
157.494
157.453
157.635
153.199
152.585
152.838
156.05
156.408
159.704
157.61
157.776
157.894
159.16
157.398
155.796
155.986
154.509
151.311
150.768
150.599
153.184
153.53
150.707
152.953
155.084
155.206
155.158
156.465
155.865
155.087
153.972
157.432
154.023
152.311
153.921
152.65
153.035
155.431
156.972
155.812
155.421
155.571
158.388
158.591
159.085
158.961
159.618
152.763
155.165
153.636
152.959
155.51
154.071
150.671
150.322
148.203
148.615
147.8
