100.221
98.7243
96.7491
97.9051
97.6739
97.7396
98.7696
98.4772
99.6344
100.118
101.872
103.698
104.881
105.044
106.441
106.46
105.365
106.611
105.443
106.927
105.558
104.167
103.487
103.371
104.452
104.461
105.59
104.997
106.054
106.085
106.119
103.411
103.323
103.265
105.549
105.466
104.917
104.993
103.467
102.078
99.8134
98.6552
99.5736
101.389
100.833
99.8906
99.8792
97.7082
97.1188
97.8325
99.241
97.8376
100.253
99.7269
98.4111
97.713
96.389
95.1069
93.2983
92.8727
92.2688
92.8678
92.1158
93.1067
92.5971
93.9131
94.5694
94.2698
92.3941
92.3634
91.5185
92.8926
92.5976
91.7178
90.9097
91.6875
92.7827
90.1859
89.1249
88.1111
88.5228
89.3577
88.335
89.3047
88.148
86.9458
85.8871
85.6002
85.0524
86.7565
84.6411
84.1914
83.7604
83.7222
83.4587
83.3144
82.1609
80.4561
80.1733
78.2434
77.1452
77.057
76.7786
74.9959
75.3322
74.9491
74.7297
74.9936
75.6865
75.3061
75.7827
76.1764
75.2297
76.0054
75.8905
75.9711
74.5261
75.033
74.3935
76.0058
76.1505
76.0836
76.0462
75.2803
75.4137
76.9021
76.9268
78.1915
79.2366
79.2795
79.4422
80.4005
80.4289
80.9238
80.8016
82.0963
84.1615
83.1798
83.0935
81.2671
79.9235
78.2401
76.6061
76.9488
76.9818
76.8909
77.9541
77.8592
77.378
77.9285
78.1149
79.2173
78.4556
80.7792
78.819
78.4419
77.8247
77.9866
77.7974
78.7113
77.4441
78.3099
76.6804
77.0553
77.4376
77.5956
75.9046
75.8645
76.8151
76.0816
77.9143
78.5627
79.5388
79.0158
78.2751
78.7278
78.433
76.996
76.0785
75.1132
75.0137
75.2295
75.4844
75.4335
73.865
74.754
77.7596
78.8752
77.7182
77.2253
77.243
75.4118
76.011
77.8348
77.421
76.7898
77.1917
76.2234
76.4391
75.8509
75.5602
76.3324
75.7858
75.78
76.686
75.5486
76.7113
76.3295
76.071
75.642
76.3752
76.9028
77.9858
77.0186
76.2487
77.6363
78.505
77.524
78.6
78.6131
77.7707
77.4542
77.2109
76.6376
76.4832
75.8936
76.176
76.5327
77.6703
77.5092
78.3546
79.8192
79.1336
77.6501
77.3367
77.2984
75.1407
75.6364
75.2657
75.0491
75.3313
75.9278
76.1769
75.8423
74.7362
73.9439
75.5029
75.4238
75.3581
75.2153
75.9887
76.5671
75.7652
76.3543
75.2316
75.8059
77.6252
77.6382
74.5379
74.7523
74.5848
75.1322
76.0074
77.0232
78.1875
79.3702
79.1645
77.8767
77.1695
77.1171
76.8827
75.7129
75.6784
75.8545
75.2226
73.7264
75.1325
73.8355
73.1757
72.9054
72.232
72.3248
72.6822
73.1945
72.659
73.2695
71.7603
71.564
71.712
71.4078
69.9141
69.6442
70.373
70.8239
71.5705
71.7861
71.3404
72.3727
72.2204
72.7219
72.6098
73.0619
72.8509
73.2509
74.1343
73.6375
75.6702
75.8585
75.1384
73.755
74.5359
75.8999
76.7471
75.8295
75.5776
76.2
76.0431
75.7709
74.5451
73.9074
74.0307
74.08
73.9526
74.4231
75.0635
73.8253
73.7307
74.6559
75.1764
74.6315
74.2158
74.5569
74.839
73.0799
73.6382
74.2365
74.0718
75.2684
75.2769
75.2359
75.3943
75.3953
75.4651
73.7421
72.9717
71.2752
69.9081
69.5503
70.977
70.5269
73.1092
72.6485
73.5643
72.8295
73.1968
73.3752
74.6682
75.264
76.7988
76.4949
76.2675
75.5367
75.6987
75.0762
74.6374
74.7771
73.8796
74.6541
75.0321
75.9284
76.5481
75.9176
75.6046
76.2542
75.7267
75.0153
75.5277
76.7826
78.0199
77.9106
76.4281
76.0036
75.1199
74.5204
75.1358
74.9327
74.6326
75.3335
75.4059
75.4872
74.9841
76.3402
76.0048
74.9532
73.716
72.582
74.8611
75.9359
75.3036
76.4643
77.4316
78.7429
79.2177
78.0307
77.3218
77.5795
78.1669
78.6857
77.2128
77.1396
77.9336
75.4962
75.6946
74.4284
74.3885
73.2788
72.6003
73.4908
71.9261
73.5336
74.2654
72.0367
71.5765
70.0955
70.0232
69.3153
70.3105
70.7768
69.8538
70.2977
72.7219
72.2086
71.8923
73.4724
72.9683
73.7328
72.2498
72.5772
75.1073
74.775
74.7013
74.0035
74.5809
74.2187
73.5424
73.5916
73.24
72.7262
75.3383
75.6072
76.3949
75.7884
75.4297
75.8471
75.6306
76.9444
77.5193
77.256
78.258
79.4668
80.2553
80.3535
81.018
80.5437
81.1529
82.1439
80.9667
80.2921
81.4714
81.7541
82.2623
83.0688
81.7273
79.9983
80.0681
79.1438
79.9416
80.0869
78.6952
78.7678
79.549
78.4084
77.9512
77.2592
77.8198
77.8934
77.0923
77.9377
77.6073
77.4384
77.8467
78.3468
78.4923
77.0938
75.9649
76.609
77.9856
79.0564
77.4978
77.0827
76.8962
76.3924
75.8911
77.0124
77.0774
78.682
77.9687
77.6651
78.3505
80.1331
79.9515
79.1736
77.4541
75.8824
74.7347
75.8887
75.5201
75.3341
76.7924
75.4455
76.4515
77.03
77.6838
76.9216
78.2174
78.2195
78.0921
77.4001
77.076
76.3056
76.7676
77.6522
79.6863
80.5265
79.3518
79.1269
78.9794
77.1961
75.0787
75.7311
75.7337
74.3495
75.4269
74.3408
74.3341
74.3362
73.6503
73.8828
74.8042
74.7828
74.8262
72.913
74.4848
73.8597
75.401
75.808
75.9611
76.9253
77.4585
76.7831
75.651
74.1323
73.6731
73.5362
73.6739
73.0596
72.8541
72.054
72.1846
72.2499
72.8434
74.129
74.9885
73.6535
75.7157
73.7365
73.5901
73.8464
74.5965
75.0237
75.5524
75.2904
74.7286
75.4147
75.1405
74.8876
75.216
75.1924
75.7295
76.2254
75.1389
74.6359
74.8027
74.7401
74.592
75.2249
73.659
73.4536
74.859
74.1866
