100.028
98.2817
98.3011
100.009
98.1978
96.2928
98.376
98.1465
96.1783
96.273
96.8908
99.2021
98.9592
97.8228
97.3929
96.6049
95.8752
97.1131
97.3589
99.6245
99.7906
102.824
104.085
103.189
101.465
102.009
101.914
98.6329
99.4414
99.7658
99.9087
98.7847
100.042
100.426
99.6252
98.2642
99.5282
99.1823
99.0095
97.9042
97.5952
97.4563
98.0387
96.1199
95.3887
94.9012
94.0399
93.3462
91.7204
90.4913
89.6856
86.6835
86.1623
85.6305
88.1789
87.7457
87.1661
86.9737
88.8431
87.1969
86.1885
86.6363
86.0589
86.0491
86.9255
87.8143
87.4479
88.5447
88.3264
89.2122
88.7994
88.0038
88.8179
87.5367
89.3468
89.6877
88.8556
89.3257
87.5737
87.1063
87.9252
88.9126
89.5665
92.1647
93.4971
93.0117
92.07
94.3589
93.4238
94.1959
93.4862
95.2603
96.3059
95.5243
93.4123
92.4032
93.6985
92.5392
92.5596
95.0226
96.2663
94.7372
96.8876
97.5111
97.6447
98.3629
96.3571
95.9198
95.8719
93.9105
93.0082
93.5768
93.7581
92.326
92.8407
93.135
93.2294
92.641
92.4502
93.7129
94.1827
95.7248
96.3894
96.5497
95.2435
94.591
93.3937
93.1333
95.0377
94.5767
93.4656
91.7621
90.3119
90.6193
89.5296
90.4231
91.2505
91.7311
92.9353
93.2762
91.5598
92.7253
94.4899
95.2443
96.6313
97.2964
99.0893
99.2397
99.5377
100.253
100.986
99.3624
99.0146
100.751
99.8551
100.138
101.214
100.15
97.3376
99.5897
99.116
99.8416
101.097
100.889
98.7296
99.1261
100.983
99.8748
99.8646
98.7288
103.01
102.134
103.94
104.728
104.234
104.806
104.643
104.41
102.8
101.879
100.538
100.516
100.927
100.566
103.51
104.073
103.185
102.312
100.965
101.914
99.9467
100.459
101.835
103.672
102.685
102.385
102.378
101.385
101.338
101.962
101.614
102.793
101.776
101.096
102.476
104.448
104.543
106.369
106.657
106.049
106.987
107.472
110.601
111.448
112.88
111.831
112.578
111.468
113.286
114.18
113.523
112.813
110.461
110.341
111.349
111.349
112.401
111.785
112.58
112.865
116.205
111.515
114.078
113.868
112.947
115.053
115.608
113.985
114.188
114.258
115.035
116.099
116.672
115.014
116.361
115.64
116.541
115.717
117.219
119.546
119.454
119.261
118.677
119.779
118.115
119.929
123.067
123.325
123.686
123.392
123.048
122
122.881
123.716
125.372
124.802
123.147
122.672
124.603
126.208
125.945
126.542
124.324
123.465
124.029
123.849
122.846
121.762
122.409
122.714
126.026
127.541
126.948
129.376
133.528
132.999
130.689
130.267
132.488
132.761
133.813
134
132.909
135.374
137.053
137.838
141.026
141.099
140.696
141.375
140.948
144.085
141.572
140.774
140.523
144.892
144.143
141.094
142.23
141.462
141.405
141.093
138.605
141.274
139.301
137.872
137.542
136.203
135.14
138.105
136.11
133.156
134.446
133.742
132.077
130.649
130.915
131.448
134.258
133.674
134.301
131.2
130.066
128.489
127.536
126.951
125.764
126.98
125.872
128.145
126.689
128.423
128.497
129.716
129.309
130.152
127.479
125.568
128.386
129.108
129.126
130.839
133.167
136.636
136.521
138.35
135.591
134.135
137.121
139.573
139.502
138.961
141.16
140.706
136.761
135.935
136.602
137.093
137.97
138.097
139.504
142.373
144.601
139.753
141.43
140.195
140.076
140.808
140.515
141.369
144.679
145.87
147.742
146.214
142.6
143.441
142.608
141.922
140.475
143.165
142.915
143.544
144.932
147.803
148.371
147.43
146.653
145.659
144.407
143.73
144.029
142.357
140.992
140.619
138.852
140.33
139.402
141.44
141.853
139.461
137.809
139.915
138.744
140.573
137.389
137.028
136.766
141.293
138.977
137.057
135.437
135.26
136.412
136.355
134.382
133.099
131.19
131.89
132.287
132.224
131.085
133.882
133.609
132.424
133.811
134.399
133.562
134.745
133.274
131.817
131.777
131.212
130.608
126.833
128.999
128.699
129.204
127.576
128.362
128.739
124.967
128.53
125.896
126.669
127.925
128.521
129.503
128.021
131.537
129.133
129.587
127.337
128.832
130.358
130.992
131.764
132.136
131.806
130.721
129.511
129.674
132.077
131.756
132.535
130.969
129.865
131.632
131.053
133.729
133.971
135.399
135.805
137.27
137.221
137.897
136.412
134.774
131.987
132.739
134.231
136.779
137.174
143.184
145.286
146.567
146.262
149.381
153.939
151.733
152.571
152.764
152.918
153.985
153.635
153.144
154.624
154.648
154.489
153.78
153.092
154.123
152.493
150.775
152.732
151.362
149.588
149.216
150.135
148.198
146.699
144.191
145.525
144.264
144.713
145.818
145.085
144.739
144.838
145.594
146.604
146.202
146.634
146.795
145.345
143.73
142.231
142.199
145.483
143.902
142.368
144.184
144.784
147.591
148.586
146.956
147.139
146.429
146.206
145.712
146.102
144.587
146.017
145.937
146.798
149.156
147.73
150.759
150.635
147.13
145.94
150.391
151.414
150.492
150.078
150.66
150.66
149.711
148.899
150.252
147.594
145.527
147.434
144.188
145.701
145.536
146.692
147.54
146.702
144.581
146.395
148.069
147.946
148.816
149.747
148.207
145.539
147.066
147.868
150.459
150
148.867
145.6
149.017
149.013
147.227
147.124
144.968
148.575
147.579
147.237
