98.7065
99.4595
99.4261
96.7295
94.5625
94.378
95.7479
95.9847
96.6708
97.5586
96.4421
98.5889
98.1699
98.5865
100.464
99.8231
98.3084
98.5994
99.4393
99.9685
99.8421
101.337
102.62
103.11
102.975
102.717
102.294
102.843
103.586
102.024
103.059
101.088
101.555
100.732
101.504
102.358
104.272
103.767
104.661
103.395
102.89
104.662
104.094
103.836
102.893
103.179
106.322
107.814
107.59
108.513
108.448
108.643
108.555
111.184
110.989
112.359
113.688
114.265
114.148
113.485
113.286
113.203
112.636
113.279
113.261
111.647
110.806
112.231
112.786
113.278
112.703
113.507
113.069
109.64
112.403
109.613
109.583
110.769
110.284
111.961
110.945
107.6
108.199
107.859
110.443
110.193
111.373
110.783
109.911
108.937
107.569
106.546
109.178
112.589
112.027
112.056
110.403
109.467
109.743
109.005
108.907
111.118
110.76
107.299
108.481
111.035
110.905
111.89
113.402
113.229
114.385
116.467
118.942
120.13
119.012
119.061
119.214
117.125
117.789
119.19
118.539
117.011
117.614
117.876
113.338
114.823
114.773
114.549
115.346
115.047
114.86
114.289
115.63
115.265
114.54
114.379
113.377
113.991
115.143
115.514
116.622
113.386
115.118
116.25
116.12
113.704
114.743
115.355
114.703
116.135
117.572
117.816
117.693
116.248
115.677
114.972
113.924
114.439
114.384
115.161
116.447
117.83
115.347
113.92
113.516
114.545
114.311
116.672
117.935
119.76
121.048
121.004
117.466
116.576
116.335
117.334
116.469
117.273
115.338
116.791
115.905
114.81
114.992
114.083
112.447
112.174
111.644
112.008
111.115
109.745
107.27
106.781
105.016
104.782
105.786
106.411
104.575
102.829
100.823
99.3561
97.9194
96.6881
97.7911
99.2344
99.1078
97.9209
98.0571
99.4821
100.421
102.244
105.205
107.455
108.869
110.172
110.48
109.871
108.414
108.396
107.693
108.103
106.809
108.512
109.061
110.548
108.943
112.099
108.872
110.233
108.135
109.008
109.915
111.865
111.125
109.359
109.459
108.375
109.775
108.68
109.02
109.983
109.793
108.779
109.212
107.637
110.232
109.865
107.319
105.826
105.395
106.615
107.878
108.749
109.526
109.659
111.469
111.203
111.8
112.291
109.839
107.828
108.353
107.402
107.392
107.535
107.487
106.131
102.24
103.842
103.44
102.096
101.035
102.405
101.677
101.235
100.539
98.7077
98.0486
97.5237
96.4758
97.5645
97.3301
97.3504
97.2874
97.1002
97.4155
95.9192
93.7814
93.5358
91.9159
90.4977
90.1843
89.5974
89.2262
89.271
87.5997
88.5062
88.1345
89.7071
87.3584
88.208
87.846
87.7757
88.8416
87.8267
87.3838
87.1894
87.7112
88.5064
86.4524
87.872
88.6521
88.2153
87.8182
89.5069
89.2011
89.9386
90.5923
89.6202
90.0733
88.3387
87.7124
87.6149
88.6355
89.4176
88.9793
88.9086
89.1877
90.5984
90.0264
92.0589
92.838
92.0859
93.1645
93.7049
93.5739
92.0674
93.0172
94.3654
93.2474
94.8825
94.5859
94.0982
95.1263
94.4829
94.4464
96.8379
96.773
94.4074
94.38
93.3988
92.5425
94.5337
92.4673
93.1502
93.8093
92.4503
92.2166
91.5569
91.742
91.5314
90.1823
91.5241
93.0217
93.7031
95.1717
94.7076
95.007
95.5962
96.8167
98.1842
96.7615
98.5977
100.72
102.733
101.096
101.709
100.236
100.605
99.8945
97.8274
94.9664
95.6575
97.8067
97.7871
96.2131
96.5817
98.2996
98.3077
97.39
97.7938
99.37
98.6312
97.2024
96.6342
96.8843
96.467
94.4518
94.5969
93.8191
94.0625
94.695
94.9358
95.095
97.2322
96.8666
97.1521
93.6641
94.7062
92.1462
92.8646
94.3006
95.5426
97.3019
96.2633
96.3883
93.8734
91.4981
90.6381
91.3426
93.101
94.9694
96.0996
97.3428
94.3535
94.913
95.2276
96.9671
96.5085
96.1675
95.386
95.8508
96.7223
94.9263
94.5475
96.0934
95.952
96.5373
97.0752
96.1725
97.2407
97.5348
96.8619
97.1844
100.35
99.5516
99.886
101.593
101.138
102.599
103.274
101.965
101.01
104.389
103.784
102.994
105.054
106.03
102.482
103.869
105.111
104.5
102.385
102.273
101.554
104.557
105.495
103.959
105.028
105.079
105.249
104.964
105.523
104.131
103.869
106.43
106.689
107.133
107.253
106.805
106.455
105.353
104.532
104.851
104.735
107.183
105.908
105.386
104.148
103.419
104.024
103.165
103.958
104.136
104.337
106.264
105.078
104.034
106.165
105.168
105.583
105.322
105.701
104.591
104.821
106.076
106.503
107.089
106.105
106.899
108.237
108.658
109.638
110.422
107.781
107.427
110.675
110.587
111.102
109.721
112.026
109.592
107.84
107.142
107.362
109.428
107.484
106.015
106.845
105.487
104.387
100.656
99.0716
101.89
101.19
100.415
101.238
101.198
101.296
101.305
100.771
100.512
102.206
103.246
100.068
100.008
100.597
99.9605
99.7928
97.9459
98.1465
97.7378
96.2328
97.1843
98.1473
97.2529
98.8014
95.092
95.2007
94.3213
96.3291
98.0414
97.4924
95.7705
93.9797
96.4248
97.0106
95.3251
94.3338
93.8958
95.2558
95.3039
96.3512
98.3157
99.3253
99.5719
99.7911
99.7096
101.255
101.237
100.499
98.7437
97.9229
97.0148
96.5706
97.2351
97.3064
97.3621
97.4595
99.8431
97.6029
97.5616
98.0725
95.2524
95.7639
95.506
94.8912
92.947
93.4184
93.4484
94.2277
