99.9131
99.9455
100.968
100.209
101.372
102.196
102.763
102.224
101.255
100.205
101.528
102.045
103.772
104.686
102.404
99.9851
98.8067
97.0024
95.1954
95.5922
96.1253
98.1041
98.4766
97.1942
97.992
97.4069
98.0051
96.1187
95.7779
97.0666
94.4439
93.3193
93.3271
93.9956
93.4153
94.4386
94.3951
93.2796
93.0102
91.4167
91.8917
92.0251
91.4488
92.1415
91.3218
90.9206
91.2167
91.0373
88.9929
89.6967
91.2403
93.4597
92.6976
92.7498
93.8267
95.2007
95.3034
96.52
95.6495
96.4672
95.2814
94.0801
94.8643
94.2324
94.9101
96.4335
98.0853
96.0689
96.3935
94.9825
96.1857
96.526
96.9403
96.0121
97.681
98.8662
99.0249
98.2166
98.2729
99.1638
98.8646
99.0036
97.8012
98.5951
99.2819
98.2205
96.4759
98.4915
98.2958
97.0355
96.5376
95.3097
95.8649
94.0797
95.6498
95.8172
98.1852
98.9717
97.7683
97.9676
96.2829
95.3228
95.7428
96.4445
97.3638
96.5761
95.7463
95.4621
94.0942
93.9745
93.9045
94.7031
94.6896
96.3217
95.5998
94.6821
92.6928
91.1268
90.9648
90.0796
89.5164
87.6962
87.8819
87.2687
87.7998
86.333
85.5901
84.4712
83.3541
83.0927
84.1263
86.0239
87.1702
86.9173
88.1933
88.9018
89.9556
89.75
91.0042
90.4679
88.6437
87.6626
88.262
88.7819
88.2493
87.6571
88.1619
88.2096
89.398
88.9366
89.2808
90.1419
89.4615
89.162
90.5241
90.8526
91.8329
93.1654
94.8824
97.6685
97.1637
97.8042
97.38
96.4953
98.3704
99.9578
97.4465
97.0506
97.7161
95.7419
97.7446
100.365
100.06
102.163
102.612
102.063
102.753
101.595
101.69
101.957
102.358
99.5821
98.5206
97.6307
96.7574
96.268
95.043
97.3282
97.0687
97.2298
97.2636
95.6521
97.5214
96.6896
95.686
96.9058
97.8093
97.9004
98.2863
97.8496
98.1858
96.5485
95.098
94.906
96.6481
99.044
99.1003
97.5182
97.3064
97.7452
97.797
99.912
99.2727
98.0799
96.8516
96.5766
97.7161
97.1829
95.6449
94.7313
95.2778
96.8228
97.4149
97.7736
98.5219
100.171
99.0662
97.4535
96.3536
96.3932
97.3318
98.1186
97.1493
97.4769
94.5671
94.5455
94.749
95.037
95.17
93.6053
94.9656
96.4811
94.4209
94.1401
92.0454
91.2536
90.6653
90.3936
91.526
91.4218
90.6614
90.0163
91.2192
90.7788
90.6452
91.3624
91.9612
92.5014
93.4457
94.0572
92.7408
94.7046
91.7603
92.4678
92.5093
93.7607
92.6843
93.2395
93.7528
93.4003
92.3398
93.2175
92.4651
91.436
91.9373
93.5101
92.9341
94.2786
96.5423
93.821
94.9127
94.5677
95.7999
95.4433
95.2692
95.5111
95.0971
96.4131
98.4242
98.9791
98.3613
100.231
99.0137
99.3497
101.541
99.6895
101.563
102.47
102.69
101.94
100.553
100.717
99.2004
98.5327
98.0984
98.0967
98.5055
98.7044
99.8311
99.0332
98.335
97.6111
96.2401
97.4405
96.8025
96.3488
96.4329
98.3389
100.189
100.753
102.291
102.301
103.911
103.59
103.298
101.979
103.168
103.843
104.593
103.907
105.682
107.501
110.279
109.479
107.733
107.784
108.87
108.352
106.784
107.529
107.772
107.974
108.077
105.778
104.202
105.102
103.858
103.359
104.468
104.213
102.208
100.868
100.207
99.2622
97.8598
97.5403
97.2764
96.6939
95.9363
96.798
95.1893
95.995
95.6964
95.7252
96.0584
94.1323
92.6738
92.0812
93.5285
93.0448
91.1643
92.0687
91.5033
91.3064
92.0713
91.0924
92.2534
92.4059
92.7759
92.5428
91.1522
91.9095
91.0705
90.7952
88.5088
88.7665
90.138
88.2712
88.1556
87.1402
89.1448
86.8476
87.0704
86.212
85.9329
86.0006
87.1358
88.1897
89.3859
89.7153
89.7577
91.5572
91.4294
92.5002
91.2815
92.6822
93.8508
91.7387
92.0012
90.9422
92.1765
90.8175
88.4904
90.1086
88.9763
88.3382
88.9031
87.452
86.1016
88.4592
87.8994
88.4015
89.741
89.8448
88.4762
87.8468
88.4469
87.6789
88.6333
90.4041
89.9359
89.4905
88.8332
87.3671
86.1286
88.6873
90.0263
90.9145
90.6024
90.7905
91.1248
91.6188
90.6068
88.562
87.6715
84.5009
84.2951
84.3684
83.5992
84.3637
86.0268
86.5868
86.3999
86.527
86.2493
85.1716
85.0147
85.8288
87.4853
87.8181
87.964
88.765
90.8046
91.3317
91.4713
91.0005
93.4445
91.6728
91.9149
92.0754
94.1398
96.6089
97.4008
97.5482
97.4426
96.6034
96.1296
96.188
95.1581
95.3908
96.5339
95.8671
98.2393
99.8568
99.5214
98.0269
100.695
100.963
103.915
104.655
105.897
108.633
107.017
107.607
105.504
105.409
104.203
103.101
106.156
107.301
108.233
107.876
107.732
106.779
105.013
104.159
104.159
104.412
106.237
106.219
106.413
104.305
103.935
104.695
105.833
105.978
105.104
105.11
106.337
103.588
101.042
101.571
102.594
103.054
99.7702
99.5512
97.9182
97.0919
96.2884
97.5277
95.0496
96.4131
96.1178
96.6284
97.3572
96.7278
96.9393
96.0988
93.9176
93.9018
95.5156
94.1378
94.2694
95.5596
96.5806
97.5012
96.651
96.4564
96.6418
96.4145
96.1567
94.6392
95.2539
96.7118
95.3426
94.6489
96.0596
96.058
96.5543
95.9222
96.3637
96.9014
96.4751
100.038
99.0844
99.1182
101.744
101.508
101.107
100.762
100.804
100.864
99.1142
98.6558
100.229
97.0075
95.2996
93.5686
93.1925
93.7813
92.3749
92.7632
91.5743
91.0439
90.2185
90.0844
89.5848
90.4057
89.9822
89.9465
90.8518
89.4275
88.3211
88.6937
86.8675
88.5358
88.2496
88.294
87.8091
87.5803
