99.7556
98.7797
97.6115
96.3026
97.1724
98.1745
97.6285
98.4255
99.6414
100.157
100.004
100.421
100.002
99.7684
99.6747
100.644
99.6031
98.3343
95.0756
95.3546
96.2895
95.2378
95.6771
96.1316
94.6123
94.8357
96.932
97.4734
98.7408
96.4696
95.458
97.1146
97.4882
97.3242
96.3848
96.6968
95.4138
93.7401
95.1572
96.2248
98.8473
98.9305
100.067
100.377
102.303
99.5649
101.519
99.757
100.385
99.7319
100.192
101.914
103.812
103.252
102.886
103.872
103.841
102.773
103.665
105.035
102.838
103.671
105.47
106.191
105.923
107.924
109.246
108.948
109.035
109.345
110.507
111.178
107.975
108.037
110.376
109.024
107.332
107.117
107.172
106.166
105.708
103.731
104.313
106.192
107.064
107.547
105.442
107.244
106.88
106.134
105.866
105.068
104.836
105.306
105.913
104.129
107.509
109.647
109.913
107.247
107.212
108.415
105.931
105.79
106.387
104.983
104.593
105.503
107.778
106.112
104.049
102.461
102.265
102.607
101.429
101.986
103.602
105.097
105.943
103.162
101.941
102.662
104.994
105.864
106.62
107.056
109.516
109.718
109.517
111.745
111.327
112.879
113.308
112.951
111.549
111.61
110.493
110.25
111.564
113.484
112.739
111.535
111.665
109.64
108.918
109.859
108.566
105.676
107.109
106.797
104.984
102.895
101.668
101.978
102.656
104.984
105.506
102.185
103.463
102.845
102.588
103.663
100.844
99.502
100.448
97.8336
98.242
98.6678
100.033
99.3049
97.5449
99.4038
100.108
99.7687
99.782
100.856
100.456
99.2287
98.291
100.043
100.818
100.037
99.3463
98.674
100.692
100.216
103.032
103.084
103.281
105.42
103.764
104.217
104.069
105.381
105.196
105.899
106.522
107.097
111.24
111.225
113.022
112.7
112.81
113.627
112.41
111.924
113.922
115.053
113.015
110.94
110.773
111.335
110.588
112.113
108.16
109.634
109.676
112.339
112.305
114.751
113.203
116.294
114.13
112.839
114.799
114.672
115.266
115.784
117.65
117.357
116.565
113.851
115.574
115.607
117.374
120.358
119.787
121.234
120.496
122.135
123.752
124.268
122.897
123.078
118.719
119.133
116.635
116.527
116.542
116.117
115.833
115.618
115.923
116.877
114.913
115.165
114.596
116.408
117.113
116.039
114.206
112.956
113.179
114.271
114.276
113.9
111.056
109.468
109.614
109.288
110.359
109.926
107.837
105.339
107.754
105.238
106.215
106.916
106.63
105.614
104.907
105.623
107.228
104.599
104.354
105.773
104.885
105.883
106.459
107.893
106.214
105.844
103.812
106.052
107.215
106.993
106.607
106.994
106.649
106.327
106.956
108.185
110.339
110.565
110.376
110.165
108.622
108.028
107.912
108.125
108.958
111.237
111.198
109.038
106.91
105.907
107.913
106.672
109.799
107.808
108.267
109.832
108.561
109.037
110.724
112.527
112.544
109.814
108.999
109.184
109.393
109.915
109.689
110.356
106.979
109.256
108.805
108.007
106.954
106.692
108.122
108.409
109.142
110.279
111.907
110.875
110.83
113.192
113.872
112.859
113.099
113.814
115.342
115.375
118.068
118.041
115.704
116.019
117.226
120.216
117.074
119.796
119.461
118.563
118.094
115.927
114.502
115.85
117.038
118.031
116.423
114.965
112.223
110.627
111.616
111.555
111.754
111.514
111.797
112.011
112.126
110.992
109.452
110.675
109.402
106.808
105.488
104.72
104.871
104.671
102.26
104.89
104.946
106.175
106.416
108.087
109.02
109.474
108.45
108.001
111.101
112.076
113.719
113.15
117.31
117.413
117.217
118.361
117.911
119.488
118.67
120.567
121.078
119.03
118.189
120.309
121.105
121.842
117.768
117.955
115.82
117.196
116.42
115.381
117.327
114.12
114.034
109.677
111.465
111.802
114.483
114.151
114.159
115.293
113.862
109.888
109.136
107.584
110.576
110.352
112.08
112.859
114.361
112.943
110.05
107.35
106.745
107.374
108.591
109.29
108.871
110.169
110.34
108.172
105.585
108.247
108.861
110.2
110.329
110.297
107.913
107.63
104.887
104.88
107.62
107.745
107.296
107.497
108.516
108.068
108.6
107.961
108.753
107.139
107.807
105.87
104.564
103.449
103.234
102.674
104.206
104.295
104.44
103.259
103.401
103.554
104.028
107.1
106.949
106.304
105.707
103.564
103.67
104.964
104.991
102.779
100.712
101.295
103.704
104.034
105.076
105.907
106.603
107.584
107.736
108.744
107.694
106.833
107.531
110.562
110.981
108.282
108.835
108.892
105.968
104.766
103.442
105.84
103.067
102.569
101.529
102.969
101.29
100.473
101.429
98.8707
97.701
98.4144
98.8664
100.387
100.523
101.111
100.725
98.9919
97.0917
95.0843
96.8432
95.0897
95.3092
96.9956
97.4545
97.3683
96.8568
97.3939
97.3364
95.7446
93.4502
93.8354
94.6471
93.3619
94.023
93.8497
92.9658
93.4666
93.6142
95.0534
95.039
94.7821
93.9901
93.4438
94.5475
92.0997
91.2411
93.5768
93.0859
94.3612
94.9219
93.8064
96.3064
95.4918
96.2134
95.1712
94.9285
94.2407
96.8271
97.2128
96.3597
96.5752
96.7505
95.2621
95.0894
94.7858
96.5694
96.1842
95.9894
96.8439
96.7438
98.1869
97.2463
98.2344
96.9332
98.4823
95.861
94.4499
95.6306
97.3141
96.1795
96.4834
96.8436
95.6192
