100.738
98.9905
100.335
98.0129
96.3499
95.6785
95.2241
95.6584
95.5146
93.5118
93.8603
96.0707
95.9655
95.3128
93.3873
90.4227
90.301
92.9517
92.026
92.8349
94.4313
94.1385
95.1088
95.7054
94.6466
94.5878
96.7881
96.7288
98.199
98.1952
98.3809
99.5004
99.2959
99.647
98.9516
100.157
99.6637
100.946
100.134
99.7907
98.4463
100.278
100.697
99.773
101.312
99.937
98.5144
97.8183
100.186
101.225
102
105.123
106.275
105.282
107.885
106.174
108.352
108.325
109.201
108.379
110.112
110.223
111.397
110.993
112.31
108.532
110.758
109.789
109.925
108.707
108.157
109.837
111.195
112.064
113.356
113.809
113.47
113.223
113.56
112.325
109.983
110.089
110.577
108.266
108.12
107.679
108.832
108.832
106.601
105.399
107.484
109.774
108.149
110.111
112.097
109.791
108.789
110.478
110.646
111.693
110.014
109.683
108.671
105.82
103.45
101.279
99.4314
99.4131
99.7991
98.9804
97.6687
96.3801
96.4395
96.8685
96.9027
96.1666
97.0541
97.8508
97.4554
97.4982
96.2903
95.1807
96.0664
97.1042
96.7397
97.0676
95.8564
95.1861
93.0706
93.1346
91.7473
92.2341
91.1124
90.8628
90.6136
88.8794
87.7164
87.6811
86.5997
86.8694
87.915
87.1814
87.4829
88.1969
88.9165
91.6189
90.678
90.3397
89.733
89.7697
89.8966
90.3222
92.2924
91.9099
89.4477
87.9219
87.8726
89.747
90.1205
90.8701
90.1948
90.4662
89.1696
88.2936
90.666
90.9115
90.1942
88.4017
89.01
87.4378
87.0449
87.2856
85.8455
85.5106
85.0169
85.9745
86.4185
87.2863
87.5672
87.8162
86.8149
87.0935
87.7586
87.8037
85.7088
85.6934
85.2497
86.6014
87.057
86.7705
87.9863
89.3215
90.0128
89.9201
91.0275
91.6133
92.9671
94.2181
94.9004
93.2303
93.1266
93.9383
91.6845
93.0653
92.363
91.8182
90.9162
91.1988
92.5159
91.4031
89.2091
88.7243
88.9395
89.842
90.7139
90.1902
90.137
89.227
90.0707
89.9181
88.9067
90.0906
90.0868
92.146
91.1771
93.7294
94.4349
95.0973
91.6866
91.5969
94.2264
95.4722
95.6486
94.406
94.3381
94.6357
94.133
94.1082
92.3165
93.3309
93.6774
93.692
92.6243
93.1523
91.6382
93.0488
91.3436
92.238
92.8442
91.4041
93.2185
97.5396
97.351
97.4844
97.3892
97.914
96.951
96.4422
96.1805
97.3269
96.4093
96.5765
96.7783
97.1282
95.204
95.705
93.9532
92.3606
93.8667
93.0509
91.0831
91.3703
90.4584
89.5908
88.7737
87.4698
88.5896
88.0578
88.0691
87.0732
87.5597
87.191
88.226
88.9359
89.3249
87.1959
87.0388
85.9737
84.5707
85.2992
86.9899
86.1246
88.0113
86.6964
85.0485
83.0635
84.4326
83.8312
84.2111
85.6618
85.1873
85.3504
84.3156
85.4268
84.5904
84.3931
85.5224
85.6333
85.3208
85.7003
85.4378
84.3477
82.597
82.9361
83.2228
84.9285
85.1633
85.0996
85.2021
84.9063
85.5906
86.5677
86.1912
85.3732
85.3189
84.5074
86.241
85.7777
86.9981
86.8744
86.5026
86.1862
86.1493
86.7901
85.7339
86.8073
87.1125
87.0633
85.1664
84.0451
82.4486
80.8579
80.7693
82.8848
82.2854
80.1488
80.0076
80.2011
79.7485
78.519
78.9875
79.0419
78.2913
77.8624
76.8876
78.76
78.8567
79.137
79.6624
80.2207
78.7644
79.6802
80.6397
81.78
81.7408
82.6651
82.693
82.4362
82.6513
83.6586
84.5334
86.6374
86.2045
86.3587
86.889
86.7125
86.9231
88.0869
86.6889
86.8693
87.7986
87.663
86.2238
84.9569
84.4739
82.4688
83.1755
82.2574
82.3917
81.2034
80.9959
81.8604
82.6782
82.7784
83.4666
84.2293
84.7791
84.0088
83.5674
83.0059
83.2456
82.7373
83.6749
84.2825
84.6012
84.927
85.2065
85.6403
85.539
86.0628
86.7802
86.1795
86.5539
87.5822
87.718
88.3239
90.8765
91.4663
92.2926
94.2546
93.3105
92.607
92.4567
93.0074
92.0454
95.5
95.6719
98.4084
98.181
98.877
97.0621
96.3695
97.9886
97.5895
95.5936
96.0546
94.0034
95.7063
96.6067
96.204
94.7017
93.5651
93.7975
94.9273
94.012
94.0024
94.4466
93.8214
94.8562
94.4569
94.5135
95.9745
95.9512
96.3524
98.6068
97.2107
96.9468
97.3698
98.2736
99.8182
101.914
101.249
100.78
99.0483
97.3344
97.5894
98.2146
98.2284
96.3397
94.9897
94.8311
93.9512
92.455
92.0678
91.6999
91.5655
90.3586
89.6883
90.8739
89.5085
89.3519
90.23
90.0916
90.7525
89.3335
90.3277
88.1168
89.4521
89.768
90.1699
92.7357
93.1171
92.5507
91.9968
91.3937
89.4817
89.254
89.7343
87.9728
88.068
88.7968
92.1494
91.5657
90.9469
90.8524
90.2928
90.5022
91.3384
92.7934
91.9045
90.9933
91.2717
91.7077
92.2414
91.7789
91.0525
88.7205
89.3159
89.4589
89.2932
89.362
87.6611
87.0521
88.5613
88.7885
87.5228
89.1468
91.138
90.6781
91.3096
93.0137
91.9682
91.5089
90.6642
90.3027
92.3796
94.1318
93.8263
92.1114
93.4406
94.1484
94.5582
94.4694
95.8069
96.2324
97.4109
96.5889
94.5863
94.9986
95.752
95.8471
97.3169
96.2006
96.4401
97.27
98.4764
99.2872
100.142
99.3258
98.5932
98.4188
101.1
102.586
102.697
105.126
105.971
107.66
108.108
107.694
106.759
110.246
110.08
111.158
112.046
111.883
113.154
114.485
111.436
111.699
113.034
113.523
112.84
116.298
116.713
118.02
116.932
117.336
118.515
117.037
116.13
120.174
123.17
121.615
118.845
118.322
116.134
115.79
115.82
117.253
120.148
