99.7325
100.579
101.707
102.788
104.251
105.772
103.744
104.148
102.706
103.989
103.725
104.795
103.127
102.701
101.656
100.538
101.232
99.216
98.6877
98.4392
96.725
96.142
95.3099
94.2734
94.1428
94.0755
93.8296
93.0074
93.0787
93.2888
94.1839
93.0258
93.6571
92.8263
93.1176
91.2197
91.7431
91.4365
90.4951
93.2711
91.4943
93.0684
94.4226
94.8707
92.8199
92.7226
93.135
92.4329
93.9014
90.8717
89.437
90.3169
88.4988
88.3779
88.4165
88.5739
88.4764
87.6509
86.0282
86.9204
88.0842
89.2658
90.926
90.8741
91.116
90.4835
88.4168
87.9433
86.9481
87.3883
87.5623
86.6747
86.9467
88.2454
88.5671
88.7936
89.8615
90.5986
90.8449
91.0446
91.2321
92.7603
93.5131
95.4305
94.8986
95.9054
94.2663
94.5179
95.403
95.245
95.217
93.068
92.7478
93.1678
93.5089
92.9556
92.2557
91.945
90.0354
88.4735
88.9238
87.8922
88.698
87.1934
87.7479
87.582
86.4069
85.7692
85.4927
84.2867
84.3652
82.3638
81.8845
81.8717
82.0637
81.4316
81.343
83.3132
83.7751
84.7342
83.0187
83.5636
82.1415
82.4781
81.8586
83.4189
81.3366
84.4494
84.3196
83.2388
81.8992
80.7597
80.9093
80.2383
79.3542
77.8583
77.0501
78.4331
81.103
79.5068
78.9658
78.9424
79.6046
80.2117
79.4358
79.5638
79.5708
78.9221
79.057
77.004
78.2158
78.7218
79.3909
79.6606
81.1791
82.676
83.33
84.589
83.3688
84.5804
84.0963
84.19
83.8089
82.7057
82.6611
83.8722
85.828
85.5848
85.5937
84.8849
85.6906
84.3023
83.7124
83.6146
85.6228
87.8732
87.3029
85.4912
85.0109
85.811
88.5298
88.1638
89.1496
89.2528
89.9067
90.0094
91.2241
90.218
89.8926
91.2414
91.2851
92.9685
91.1907
91.7408
91.3044
91.4831
90.9807
90.7647
91.1728
92.3275
91.7982
92.3322
92.9375
92.1747
92.144
92.3476
92.8313
93.2982
93.4569
93.4424
94.4137
93.9291
94.0313
94.1056
93.6067
94.8238
94.906
95.9345
95.3373
93.9913
92.9479
94.1399
94.5434
95.509
94.785
91.5432
91.0852
90.6263
89.7842
90.7421
90.7479
91.4199
91.2455
90.0383
89.8205
88.4347
88.1155
86.6828
85.0276
85.3101
84.9404
84.6905
85.3721
84.4106
84.9276
83.96
85.2004
82.4862
83.067
82.6846
82.0767
82.0486
84.9959
83.8862
85.2053
85.5032
83.9289
83.7204
82.3178
83.0554
81.4262
82.3181
83.2921
83.4202
82.9858
82.8879
82.414
82.1378
84.3496
86.7611
86.401
88.764
87.7204
88.4997
90.8004
90.9886
89.602
87.8925
87.5666
89.031
90.0109
91.3069
90.6868
92.5302
94.0397
92.7844
93.4977
94.362
93.5281
91.6383
91.8962
92.384
89.8062
89.8309
91.2596
91.0987
90.5002
90.4999
93.8423
94.6208
91.4788
91.6557
91.775
90.9196
92.7042
92.6745
92.0156
92.062
92.9474
91.7656
92.7378
91.9357
93.9603
94.0788
92.3738
93.1419
92.7555
90.5232
86.6201
87.4525
87.524
85.7835
84.172
84.1052
83.6704
84.6803
84.1864
84.6486
85.7722
85.588
85.6092
85.2445
83.6591
84.8575
87.396
88.4159
89.1436
88.0188
89.144
87.7239
88.5427
87.7003
88.3115
87.9497
88.7091
89.9267
88.386
86.2362
87.179
90.2308
90.7932
91.3566
92.1381
90.1235
87.8432
86.7524
89.1564
87.494
86.8175
86.1087
83.3198
83.7057
82.0215
82.4661
82.6257
83.3854
82.6815
83.1671
83.272
85.0247
85.1244
84.4998
85.032
84.1095
82.5578
84.0231
84.225
85.6753
86.7835
88.5377
87.9836
88.9847
90.1435
89.5376
88.2436
87.3904
88.1605
86.782
86.9802
87.2293
89.4858
89.3453
90.6565
90.9609
91.8894
91.208
92.9571
94.8648
96.7358
96.0823
96.6802
97.4062
97.3941
99.2163
99.642
98.5061
99.0849
98.9957
99.2569
98.9518
98.7412
98.278
97.0909
97.235
98.5583
99.0432
99.9552
97.6396
97.6828
96.8168
96.4294
96.7696
95.4224
96.2178
96.8571
97.233
95.9886
96.9117
96.8834
97.7146
96.0202
94.9066
94.7144
95.6097
93.7005
92.9541
94.2585
94.9822
95.4934
94.8041
95.1386
95.9049
96.8882
94.3898
92.8256
91.4077
90.8127
90.5149
91.7807
90.5521
90.8177
92.0496
92.735
92.9325
95.2476
95.3639
94.0303
94.9016
95.8871
97.2031
97.0917
96.9769
96.675
97.6546
97.9128
97.1363
96.6127
96.9821
97.3399
96.7919
96.181
96.8543
94.5871
94.4086
96.7219
97.2539
97.9558
97.8899
98.7226
100.304
99.4563
97.5926
97.5815
98.9203
98.609
98.3861
98.4207
97.7396
96.5465
96.4131
95.0029
92.1268
91.9951
92.7755
94.5719
95.1552
89.9419
90.598
88.4756
88.2478
90.3911
89.6438
90.0181
91.3611
89.2086
89.6691
90.4646
89.671
90.102
91.67
92.738
91.1202
90.7892
90.3257
92.2828
90.2528
91.3064
89.2514
87.9368
87.8077
87.2354
85.904
84.2696
85.1967
87.4099
86.3995
86.1664
86.1531
85.4069
85.4658
83.9657
83.9428
85.4585
85.2741
85.4221
87.5573
86.7859
85.1957
83.1798
82.4864
80.8897
79.2432
80.2987
81.0312
82.8343
84.4887
83.4205
83.8868
83.7659
85.469
86.5441
87.6563
88.1698
87.3536
88.894
90.215
90.6
89.4885
90.5148
91.5566
93.057
92.7645
94.4314
95.378
96.7593
97.1032
96.7087
99.1006
99.2927
98.6906
99.2326
99.9692
98.5112
98.1977
96.6964
94.9466
94.4119
91.4553
91.0568
91.0471
91.5166
90.605
90.8273
89.9553
89.7834
90.3352
90.7915
91.212
89.8486
87.3574
86.8323
88.7473
88.8683
88.6516
89.1887
89.7493
88.2991
87.82
87.8458
88.8062
