97.8545
98.3352
99.6744
98.513
97.4449
95.8257
96.569
97.2445
96.456
94.1083
94.7748
95.6622
95.617
96.7157
96.1064
96.8042
97.9792
96.8139
95.342
93.9384
92.6739
93.2936
93.5594
92.6965
93.6882
93.1913
92.9014
93.9607
94.8837
95.8285
95.6557
97.0064
97.3164
96.347
95.8427
97.4055
99.7093
100.35
98.7708
98.1815
97.0533
96.0878
97.8066
97.2762
100.02
98.2504
98.119
97.9484
96.8262
97.989
101.356
99.5788
103.076
104.88
104.947
103.573
103.379
102.515
101.831
104.079
106.298
105.431
105.244
108.888
106.967
106.927
105.395
108.855
108.14
108.503
108.415
108.632
105.998
106.479
107.879
109.832
109.265
112.616
114.96
115.174
113.913
112.615
113.384
111.752
110.932
113.2
111.821
110.694
109.806
109.31
107.705
105.939
106.725
106.066
104.757
102.788
103.37
103.846
103.545
104.236
101.398
101.983
99.7876
101.348
100.041
99.4501
99.6164
98.4384
97.9221
99.0088
99.6346
100.901
99.7583
101.002
99.8057
101.78
100.302
100.664
101.523
101.713
100.973
99.1224
97.5337
97.8772
96.7138
94.0156
94.6241
94.5782
95.1907
95.4638
95.998
95.3162
95.2067
91.8576
91.8868
92.1233
90.0698
89.0975
91.2839
92.5139
93.085
93.1286
92.47
94.5809
94.7819
93.3424
93.7182
93.0517
91.8282
91.1873
91.7651
91.3434
93.5087
93.8804
93.8971
92.7967
93.064
93.563
91.2277
89.5915
88.2442
87.2245
87.3305
87.3549
87.9199
85.9679
83.3203
83.9694
82.6461
83.0599
83.6344
83.2971
83.1507
84.6951
84.5732
85.7524
86.5504
88.355
87.1688
86.7202
86.5704
86.7005
85.626
86.4843
84.7152
85.4663
84.055
85.6053
85.7431
84.2509
85.1382
84.9478
85.5444
86.6407
85.9897
87.67
88.6373
87.6871
87.2167
88.0226
88.2704
88.9359
88.4137
88.3529
88.5862
87.2295
86.7508
88.2678
85.449
85.7139
85.9334
85.7031
85.6356
86.2193
88.3424
90.0563
89.9234
88.511
89.7026
91.3518
93.4859
94.979
94.8049
95.3665
94.9091
94.2032
92.02
93.6862
92.2914
92.9152
94.1459
95.799
96.925
95.8271
93.5738
93.2175
93.4059
92.9818
92.4837
91.8708
90.9412
92.0867
93.2669
93.603
94.2146
92.201
91.6337
90.8138
90.2598
89.1423
89.0853
91.5659
91.1417
92.5185
90.6276
92.5179
91.0902
92.7281
91.0897
92.8707
92.4814
91.9459
93.2278
94.5854
95.1267
95.1451
97.8729
99.2077
98.5565
98.7219
99.3067
100.212
101.232
100.487
99.4938
99.9165
100.176
101.095
102.843
103.07
103.796
107.041
106.497
103.204
103.645
103.054
102.636
102.177
101.421
103.015
102.642
103.101
103.645
104.427
102.762
102.293
102.955
104.908
102.279
101.457
103.437
104.366
103.039
101.778
102.171
105.012
104.496
104.08
105.398
103.404
102.131
100.911
101.699
102.445
103.244
103.272
102.97
103.879
104.649
106.851
106.873
107.218
110.247
109.408
109.908
110.555
110.339
109.264
108.743
109.14
109.235
108.368
108.238
108.463
106.5
107.1
105.756
104.587
104.02
104.935
105.576
105.453
105.034
104.007
104.085
106.045
104.265
104.771
102.864
102.581
104.153
102.804
103.041
102.386
103.006
104.084
102.387
102.612
102.993
102.44
100.175
101.11
101.715
103.274
105.048
105.083
102.863
102.332
100.922
102.631
101.756
98.8195
99.6866
99.6402
99.4131
101.948
101.746
100.901
99.5618
99.6599
99.6537
97.481
97.3474
97.2283
98.1297
99.3073
99.5197
99.6991
100.483
100.571
100.03
101.226
102.319
104.278
101.38
102.872
102.326
101.304
100.652
101.728
98.8165
102.191
100.733
99.5483
99.4954
101.299
100.471
101.099
99.3535
100.849
101.45
102.403
100.12
102.159
99.4662
99.9216
100.886
101.247
102.429
103.688
104.29
104.043
104.45
103.848
105.37
107.258
106.412
108.43
108.07
107.483
107.802
107.341
106.676
107.212
108.064
108.322
106.661
105.86
104.954
104.059
104.556
105.053
105.912
106.898
107.538
107.661
107.955
110.476
110.318
110.475
112.655
112.399
114.388
115.359
119.229
122.771
123.797
124.887
127.19
126.104
125.239
126.667
127.148
125.908
127.782
128.578
131.373
130.27
129.669
131.039
132.355
130.025
128.289
129.574
128.522
126.914
128.012
128.091
130.421
128.436
127.46
128.783
129.268
131.5
131.623
132.898
129.896
128.265
128.858
131.175
132.226
130.705
133.14
130.299
130.353
128.649
130.163
132.998
135.991
136.767
135.428
134.337
135.387
135.076
134.893
133.899
135.167
136.266
134.907
139.494
137.091
135.99
138.265
138.453
141.722
143.002
142.247
141.357
136.563
134.704
133.087
132.506
131.293
131.635
135.734
134.448
133.965
136.847
138.366
138.264
136.671
138.897
136.894
137.599
135.802
136.064
131.603
131.137
129.56
126.152
125.895
126.124
126.803
127.17
126.105
125.167
127.508
129.087
130.028
128.817
129.312
129.467
127.823
130.777
130.354
131.153
128.999
129.446
127.443
125.383
123.058
125.229
126.919
128.304
130.494
129.035
128.938
130.944
128.113
126.939
128.741
126.568
125.394
125.519
125.655
124.783
125.628
126.772
128.041
127.614
127.371
126.445
124.948
123.981
124.042
123.54
122.704
119.845
118.312
119.414
116.886
118.119
120.8
123.811
122.72
121.827
122.832
120.581
121.398
120.001
