99.9388
99.6637
98.7255
100.326
99.0907
99.3678
98.4593
98.0179
98.9814
99.3564
99.3819
101.516
103.735
102.349
103.19
102.79
103.657
101.613
103.94
103.416
104.536
103.927
106.295
106.292
105.737
105.86
106.903
107.185
108.028
109.085
109.732
109.269
110.366
109.18
108.756
108.928
107.314
107.196
108.339
108.217
106.465
106.25
107.874
108.56
106.061
105.267
106.437
106.139
108.604
107.405
106.807
108.673
113.516
112.186
111.989
111.152
113.889
114.314
115.077
115.2
117.302
117.492
117.775
119.12
117.689
118.711
117.173
120.832
117.918
118.453
116.382
118.141
118.27
119.066
121.345
118.597
120.361
122.058
122.869
123.192
123.144
123.351
121.68
125.293
126.911
128.846
127.008
129.357
131.191
130.142
128.885
130.381
129.822
129.181
126.807
124.657
126.428
128.643
128.244
126.374
127.735
128.365
128.662
128.716
129.569
130.045
129.224
129.047
131.883
131.685
129.019
128.984
131.271
134.708
134.535
133.927
134.352
132.548
133.401
132.603
133.538
130.614
132.178
129.435
126.844
127.177
126.677
127.921
131.697
128.799
129.482
127.396
127.884
129.038
127.302
127.887
127.98
125.743
128.053
129.558
129.546
129.685
128.996
126.059
125.804
127.208
127.561
123.643
122.124
122.445
121.207
121.263
122.09
121.595
120.261
122.164
122.921
123.497
125.703
123.332
122.966
124.247
123.874
126.599
124.127
124.325
123.642
124.404
127.477
128.051
131.21
128.306
128.412
130.172
130.299
132.382
133.462
134.147
132.612
132.301
130.146
131.898
130.809
132.099
133.633
134.602
136.257
137.88
137.767
136.864
136.096
134.461
135.814
136.286
137.517
138.207
137.668
139.057
138.676
139.415
143.494
143.606
144.557
138.137
137.368
135.635
135.559
133.915
132.81
131.585
131.496
133.248
132.869
133.231
132.669
133.596
134.563
136.01
133.087
130.874
129.604
131.505
130.677
132.821
131.795
134.606
133.859
133.506
130.732
127.065
129.631
126.296
126.138
128.657
129.532
127.878
126.027
128.668
127.716
129.795
127.464
128.148
126.216
127.517
126.174
125.742
128.15
129.272
127.213
127.917
128.657
129.139
129.514
128.963
132.909
133.186
132.271
132.109
134.08
133.31
131.947
131.559
132.55
134.425
132.014
129.843
129.119
127.749
127.505
127.472
128.699
129.771
131.005
129.994
129.964
132.995
132.134
131.293
130.968
130.051
129.167
129.802
128.336
127.299
126.112
126.433
124.343
126.381
125.261
123.484
125.169
124.324
125.623
125.496
125.251
125.28
123.001
123.68
123.024
123.853
120.256
117.661
116.979
115.308
114.44
113.077
113.389
113.09
112.678
113.174
112.827
112.312
114.705
113.75
113.17
114.808
112.803
114.395
114.38
115.842
115.537
114.693
114.91
114.274
113.264
111.33
110.691
111.635
110.338
107.785
107.716
108.174
107.595
106.956
109.5
109.612
109.523
109.111
106.425
106.255
105.855
107.263
106.297
106.765
105.549
106.407
106.009
107.748
108.585
108.034
107.689
106.571
107.157
105.415
105.103
104.142
104.407
103.798
102.229
104.611
103.776
105.779
105.983
105.248
104.901
105.223
105.704
106.59
106.099
105.633
107.323
107.641
105.726
106.346
106.49
105.789
104.84
106.053
104.32
104.344
102.719
101.965
103.988
103.699
102.778
102.268
101.841
102.432
102.253
103.005
102.577
106.082
106.458
105.486
107.305
106.068
107.486
108.419
106.979
109.41
107.27
106.665
106.265
106.883
107.27
105.007
104.633
104.616
105.46
105.035
103.974
104.664
106.418
105.324
105.79
104.974
104.479
101.998
105.302
103.933
103.306
104.115
104.115
102.042
100.739
102.466
104.808
104.606
105.589
106.635
105.631
104.982
104.176
102.596
99.6836
100.66
103.091
105.727
105.224
102.955
106.15
105.677
108.96
111.375
111.969
113.71
113.804
113.595
113.814
114.474
114.994
114.415
115.155
113.569
113.293
114.584
112.998
112.038
109.234
108.599
107.494
108.055
109.314
108.747
109.734
109.282
108.769
108.537
104.414
102.963
102.22
100.851
99.5112
99.2178
98.2536
96.6581
98.7808
97.7578
97.5136
96.9948
97.5142
97.2982
96.1178
98.1321
99.0963
101.15
100.908
100.85
102.85
104.226
103.632
102.313
103.388
104.041
103.458
104.001
104.262
104.457
104.522
106.048
105.547
107.603
109.368
108.087
110.093
109.994
110.437
110.389
113.981
111.928
113.351
112.671
111.666
111.34
112.979
112.018
110.585
110.749
111.739
111.867
109.858
107.676
108.103
109.058
108.058
110.388
110.713
109.891
110.435
108.952
108.524
107.459
107.814
109.734
110.595
111.989
111.961
109.406
109.951
108.61
110.078
109.271
110.738
109.848
106.025
106.649
104.727
105.553
108.268
109.345
110.511
112.184
112.453
113.382
111.903
114.087
113.405
111.803
111.807
111.33
112.331
112.499
115.538
112.897
111.524
112.128
112.036
112.129
111.367
109.647
109.905
109.84
110.344
110.469
110.705
111.121
111.203
109.928
109.282
109.409
107.64
108.745
108.42
109.684
109.218
109.706
110.707
111.703
111.67
110.527
111.645
112.705
111.742
110.409
111.872
114.068
113.571
114.458
113.611
114.703
