99.7766
100.042
97.793
99.8714
103.222
104.046
102.284
103.704
103.526
103.528
102.643
101.172
100.624
100.454
99.603
100.143
100.635
102.634
104.101
104.521
104.808
102.846
103.399
104.162
104.842
106.093
106.559
107.466
107.36
107.966
108.14
109.596
109.289
110.897
109.962
110.155
111.055
107.772
108.512
109.56
109.576
112.214
112.325
111.476
110.538
111.144
111.439
112.464
112.753
111.914
111.832
110.836
111.803
112.965
114.207
117.54
119.052
119.364
117.668
115.419
113.496
112.294
110.691
111.654
115.284
114.367
114.564
113.661
115.474
116.671
116.965
114.846
115.387
114.824
113.582
111.548
113.443
112.039
112.934
111.463
109.396
111.089
111.467
110.323
109.344
110.57
109.225
110.87
110.771
108.468
110.79
108.643
109.572
107.702
106.626
107.667
107.316
106.413
106.039
107.387
107.172
106.314
106.568
105.505
106.308
104.791
104.283
100.464
100.048
100.057
102.51
103.644
106.342
106.872
106.308
107.572
109.194
107.648
107.194
109.941
107.282
108.393
108.19
108.091
107.585
107.978
108.303
109.898
110.479
113.698
115.101
116.98
118.919
118.008
116.959
113.166
114.94
113.997
113.732
115.044
116.245
116.934
117.196
118.663
118.044
118.705
118.974
117.721
116.129
117.155
118.88
119.143
120.055
119.448
120.028
118.884
120.095
117.422
118.859
119.703
120.61
120.071
120.779
119.263
119.906
119.479
117.404
117.235
117.823
118.686
118.068
116.108
115.239
113.582
112.516
112.974
111.379
111.455
112.028
111.068
112.52
112.968
116.112
117.822
116.706
117.734
120.255
119.37
122.103
122.675
121.456
123.183
120.753
123.731
125.829
130.214
129.98
132.094
130.759
129.209
129.877
128.463
128.426
130.136
130.808
129.054
130.685
130.054
130.015
128.106
127.445
128.899
128.7
126.692
126.336
125.589
126.027
127.027
128.567
126.662
128.113
127.819
126.727
129.434
129.853
128.842
126.518
124.117
125.165
125.597
127.732
130.752
130.583
133.162
134.617
137.044
135.094
133.26
132.095
137.734
139.038
137.223
133.975
131.851
130.848
132.993
131.709
129.125
129.143
128.853
131.556
129.565
129.095
132.515
131.13
130.576
130.434
131.471
130.957
130.522
129.258
130.511
128.184
127.083
131.585
131.529
129.948
130.427
128.654
126.243
125.914
123.446
122.57
122.3
122.129
124.426
125.175
123.777
123.696
124.381
125.83
126.933
127.945
128.875
126.726
123.724
123.432
124.12
123.481
123.743
123.639
122.388
122.151
120.832
119.322
119.624
120.129
120.668
118.98
118.612
118.008
117.265
121.405
122.627
122.2
121.487
121.258
121.924
122.811
127.53
125.303
124.97
125.627
122.481
124.049
123.154
124.218
124.862
124.93
125.007
125.959
123.808
123.481
123.621
124.146
124.126
122.051
119.759
120.258
119.849
120.134
121.671
122.723
122.488
124.174
125.504
126.947
127.396
127.405
127.655
129.731
130.965
130.013
131.302
131.167
133.086
136.5
139.295
142.217
142.417
138.576
137.01
136.824
138.016
138.737
139.226
136.081
139.095
137.06
135.473
134.406
132.545
131.389
133.901
134.134
133.064
131.515
131.62
133.079
135.803
133.609
132.266
132.511
133.56
132.839
137.621
138.949
138.104
137.577
138.918
140.076
144.198
144.08
144.428
144.542
145.081
145.568
142.524
141.854
142.501
142.926
143.675
141.397
142.057
142.788
145.201
145.485
150.06
147.634
147.322
148.235
147.165
145.699
142.566
139.637
140.805
139.953
138.809
140.105
141.654
140.174
140.431
139.661
140.746
142.475
143.244
142.785
148.04
151.892
152.236
152.638
151.049
150.91
149.441
149.376
151.608
151.672
152.549
153.627
152.957
152.834
151.239
149.794
149.477
150.154
150.991
152.533
151.993
152.665
150.781
148.12
150.198
152.861
149.797
152.731
152.911
153.237
154.452
152.787
150.562
151.942
149.192
147.085
144.456
140.527
140.437
142.781
140.185
139.245
144.26
145.371
146.464
146.442
147.465
151.439
152.766
155.259
154.407
155.086
157.04
159.272
160.42
159.425
160.698
163.595
164.76
164.296
161.215
160.029
157.932
157.415
158.626
157.852
158.707
160.731
159.224
160.369
159.972
161.935
161.274
159.772
158.032
156.43
158.02
159.521
157.001
154.17
156.132
157.812
156.917
157.549
156.593
155.776
154.416
157.272
157.267
157.133
156.204
158.176
157.438
156.672
154.066
154.604
153.171
153.97
153.615
152.884
156.705
158.666
158.005
157.277
157.586
155.334
154.406
152.933
153.384
151.791
152.698
152.873
153.092
151.935
151.606
151.079
148.984
149.762
148.597
149.934
148.683
145.388
147.287
146.439
145.214
143.038
144.424
142.529
141.052
137.191
136.067
138.886
139.425
141.173
142.157
143.781
142.768
141.984
142.942
142.165
144.309
145.437
146.556
146.043
142.045
142.674
145.37
143.027
138.644
137.822
138.658
141.994
143.942
142.908
142.97
143.25
144.692
145.189
145.789
146.981
146.334
147.041
146.729
145.922
147.258
145.32
146.616
149.195
150.562
153.016
150.642
146.119
147.675
150.003
150.97
156.015
160.53
159.838
158.419
157.214
158.097
162.193
163.799
