100.439
100.872
100.518
99.8496
101.262
100.861
102.45
103.112
100.028
100.343
100.31
101.205
99.4195
100.766
102.816
101.193
100.106
102.422
103.82
103.784
104.133
102.43
102.775
100.053
100.708
101.285
101.427
101.261
103.549
103.652
101.404
99.2026
100.498
101.365
101.458
104.438
104.18
102.704
102.627
101.707
99.6522
100.129
99.9463
99.9353
102.349
100.087
99.5313
98.9365
99.8146
100.897
100.719
98.3459
96.7606
95.6331
93.4755
93.0967
89.3167
89.5913
91.194
90.7735
90.572
91.4045
90.0352
88.6785
88.5829
91.1951
92.5724
93.6795
93.1776
94.5811
95.4117
95.6466
93.8963
93.1964
93.519
93.2772
92.542
90.9555
90.1727
90.8402
90.8832
93.8601
94.588
94.5809
94.5994
92.3734
92.1795
91.9059
90.9072
89.4267
89.8885
87.462
89.6703
89.7924
91.2496
93.576
95.0856
94.651
94.9402
93.7658
93.7075
94.5671
95.0604
94.5684
94.4563
94.9702
94.9124
96.2591
96.9829
96.4142
97.4991
96.3467
96.2667
94.1798
94.9189
94.7541
94.6985
93.3889
95.0932
95.7994
95.6987
97.1489
97.1359
96.7706
96.7561
97.3654
98.5839
99.0263
99.7319
99.0355
97.3848
96.5218
96.2946
94.9011
95.7417
97.0251
96.1977
97.3949
97.6271
98.2385
97.5976
98.8271
98.7338
98.9738
100.08
102.34
101.536
103.774
102.473
102.43
102.011
104.073
103.574
103.646
103.208
103.917
104.604
103.914
105.049
102.835
103.552
104.605
105.597
104.924
105.813
106.761
106.398
105.43
104.553
105.883
103.706
104.831
106.612
106.886
107.783
108.44
110.025
109.398
108.998
110.413
111.863
110.165
111.726
113.582
113.206
112.87
112.301
110.362
112.237
112.175
114.452
113.481
115.93
114.309
113.123
113.681
112.62
113.507
112.9
114.4
116.657
115.727
116.981
117.515
119.162
122.947
122.1
120.244
119.072
118.873
120.254
119.891
118.36
115.648
114.354
116.09
118.239
117.183
115.371
116.898
115.869
114.448
114.591
114.047
116.29
115.46
116.418
116.087
113.237
113.652
111.618
111.109
110.347
110.045
112.236
111.592
109.683
108.69
108.613
108.168
111.348
112.991
111.556
110.959
113.176
113.677
112.896
112.913
111.966
112.019
112.856
110.567
111.807
109.754
110.707
107.621
108.23
106.573
107.668
108.629
109.218
107.445
104.286
105.379
105.885
104.367
103.51
101.539
101.459
101.335
102.066
102.037
102.949
102.755
103.104
105.534
105.638
105.847
107.354
104.16
106.696
106.746
107.192
108.153
105.494
106.644
107.999
108.639
107.242
108.512
109.717
108.568
109.41
110.851
108.796
108.387
110.591
110.689
110.427
111.869
111.423
112.55
109.694
107.135
105.776
106.166
106.304
107
105.853
106.953
106.503
106.642
108.915
111.276
111.998
111.429
111.675
110.626
111.782
114.064
112.369
112.909
114.02
115.506
113.548
116.973
115.523
118.542
118.317
120.038
119.854
119.465
115.745
114.34
114.839
115.435
116.069
116.395
118.018
119.252
117.169
116.814
115.843
114.815
114.217
112.587
112.716
111.843
112.168
112.587
111.914
112.611
113.134
114.272
112.648
111.005
111.44
111.179
111.324
112.894
110.513
107.816
109.416
108.197
109.074
106.951
107.125
106.909
106.084
104.834
105.185
106.122
106.177
106.224
107.102
105.746
104.144
105.173
103.584
103.591
104.977
107.541
106.654
109.079
108.48
107.065
108.902
108.305
109.379
109.066
108.216
106.585
106.712
107.642
107.615
109.598
111.991
112.248
112.781
114.603
115.597
115.346
113.874
111.076
111.863
110.391
105.09
105.061
105.18
104.994
106.755
107.311
106.489
106.35
105.693
105.623
105.958
105.482
105.25
107.397
106.684
107.32
108.892
108.517
108.977
108.367
109.772
111.545
112.874
114.623
114.942
116.277
113.677
111.215
109.057
110.539
108.785
109.38
109.422
111.266
112.501
111.095
109.606
107.71
108.534
108.757
111.427
110.063
109.071
109.868
108.543
107.926
106.882
107.905
107.041
106.842
106.157
106.397
105.153
105.412
105.513
103.075
102.807
103.153
102.352
101.664
101.984
99.9425
97.259
94.863
95.1012
97.0779
94.7612
96.8396
97.9819
98.4419
98.1671
97.9157
97.48
95.8754
94.0612
94.3631
92.9446
93.2631
94.6664
95.0404
94.3637
94.8427
96.7766
97.0018
95.7265
94.4732
95.0456
95.3577
95.7461
96.7942
98.9458
98.6614
100.125
98.2599
99.1714
96.2509
96.3047
95.8544
94.3091
96.4194
95.3349
96.2884
95.8056
93.3526
92.7074
91.013
91.5692
90.2367
88.8511
89.4307
89.6305
89.0391
89.6378
90.993
90.3878
93.8698
93.6615
93.3657
92.9139
91.8374
91.4084
90.0921
90.8977
90.4139
90.3738
89.7531
91.8964
94.3006
94.6276
95.2252
95.1166
95.767
95.8665
96.8532
98.1487
98.9117
97.6731
97.6934
97.452
97.9185
98.3232
99.0328
96.9741
96.4255
96.5587
95.7251
95.5977
94.8817
93.1993
92.9227
91.6959
90.7768
90.2592
92.6494
91.8897
92.4368
90.7884
93.0783
92.6328
92.5922
92.5924
92.9134
92.0851
93.2955
94.0608
92.2448
91.8087
92.5459
91.528
90.611
91.3556
92.5401
92.059
91.3754
92.9043
93.0055
93.0167
91.3371
91.7381
89.5571
91.1125
91.1866
89.4601
89.47
90.0548
90.6694
89.3774
89.4271
90.0747
91.2621
91.1611
90.0423
88.1446
86.9754
