98.7486
96.7145
95.171
95.6508
97.8465
98.7731
99.0685
99.0983
97.5075
97.6438
98.5663
98.6027
98.9748
99.765
98.2586
101.171
98.0415
97.2114
99.0613
98.4933
95.7576
96.9262
96.0715
96.3874
98.4479
96.9933
92.8606
91.4056
91.9791
92.0914
91.9115
92.8174
93.6887
94.1382
94.5034
91.0612
90.5419
88.3897
89.0733
90.103
90.5846
90.1393
90.2501
88.8514
87.5148
88.5171
88.8671
87.8967
87.2028
85.8325
84.8459
86.7646
86.3549
84.0685
83.5597
80.2051
81.2024
82.4054
83.4051
82.4566
82.6227
82.5787
82.5078
83.0976
81.9018
81.7994
82.3022
82.4638
83.9082
83.2586
86.181
86.3419
85.9472
85.6943
84.8042
84.3291
84.4971
83.0384
81.1679
79.0694
78.0402
77.8806
77.1978
79.2432
79.9346
78.3189
76.1698
75.404
74.2753
74.9172
74.0545
74.1678
74.3963
73.3241
72.8182
73.689
73.0605
72.8553
73.268
73.806
73.6926
75.1259
74.9524
74.7383
74.889
74.9627
73.3622
72.1661
71.9151
73.6665
74.1163
75.654
77.5865
77.459
78.525
78.0915
78.0414
76.5092
77.0663
75.0935
74.8315
75.3119
76.1346
75.4214
75.6378
76.5026
75.7036
76.2326
77.5864
76.5554
77.3798
76.8686
77.0427
76.7791
76.6013
75.0281
75.1512
76.9016
79.0329
79.5632
79.5169
79.6614
78.2827
78.3354
79.9365
81.4882
82.8337
83.0645
83.5009
82.9341
83.2497
83.3618
82.5827
83.1267
84.6654
85.859
86.1872
86.0086
85.6259
85.6779
87.008
86.3823
84.7647
85.5661
85.7693
86.5913
84.4
83.7549
84.0014
83.5276
83.1337
84.1643
85.8204
86.8436
86.0404
84.9736
83.4255
83.6656
82.2798
83.4371
82.4385
83.5977
84.0222
83.528
84.3025
82.9178
83.7134
82.3609
81.5938
81.3405
82.4483
83.4996
84.5463
87.6644
88.3468
89.0662
90.3609
88.8963
88.42
89.7791
89.5388
91.7494
90.738
88.5353
88.5954
88.6714
89.6439
87.6469
87.492
88.2539
85.1845
83.894
84.0236
83.7545
82.7901
82.6397
82.0627
81.7246
82.0707
81.2743
82.196
82.2279
81.3659
81.1941
82.495
83.5597
85.3211
83.874
83.6324
82.8542
82.4054
81.9738
81.6492
82.7603
83.9898
87.3249
87.6646
87.6312
87.099
87.4305
86.8072
87.3474
86.8634
85.48
85.8636
87.8075
86.6136
85.5961
84.1796
85.6046
87.3593
88.2606
89.8129
90.361
90.4866
90.7968
92.1403
92.1231
91.5133
92.5204
92.4965
91.4512
93.1526
93.2541
93.2717
92.6991
94.4369
96.9743
97.4737
98.4501
98.3003
99.3702
98.2841
99.9262
100.004
99.3928
99.2501
98.4365
99.1045
97.8637
95.8926
95.4087
96.6093
97.2538
97.8784
97.3769
97.5106
98.2152
99.4712
99.9618
100.252
98.2261
96.3718
96.1787
96.2049
95.27
94.368
95.5353
95.3537
95.2988
94.1863
95.1244
91.9147
92.1462
91.6176
92.2346
92.3254
92.556
94.0994
94.6182
95.1993
93.9621
92.4899
92.4184
93.2397
94.3546
92.7396
92.9228
92.7034
93.4401
93.4959
92.1854
93.332
92.3547
92.3961
91.51
90.7659
90.8299
89.6712
91.1713
92.9929
93.3677
95.0245
95.6744
95.8775
92.126
92.5687
94.9774
95.2175
94.1686
93.6769
94.4036
92.6288
93.257
94.3624
93.2336
92.5964
91.1382
90.6471
92.4871
94.3987
93.5923
93.529
93.9899
93.9702
95.5678
94.2971
95.001
95.5477
93.6108
94.3264
94.6923
93.5308
93.6638
93.2567
92.8056
91.592
91.8071
91.748
92.2669
92.0971
92.4389
93.5691
94.3902
94.6642
94.1667
93.9224
92.5043
93.962
93.2258
90.7998
89.8967
92.1796
93.6209
95.5833
95.6822
95.7616
94.9989
96.8573
97.5484
94.9996
94.775
94.4328
94.5609
94.9424
93.0463
93.4809
94.004
94.5584
95.217
95.4754
96.0964
95.2418
94.2274
93.8173
93.7972
93.5645
93.1245
92.3497
93.2949
94.4429
95.811
93.9667
91.7777
92.7118
95.3164
95.4717
95.2138
94.253
95.5514
95.4264
93.2094
94.4614
94.0952
93.5538
93.622
92.2177
91.6598
92.4171
90.716
90.4084
90.0997
91.266
90.2383
92.2149
91.1604
91.4467
92.9111
91.1221
89.5767
88.3695
89.5882
90.2229
90.2744
90.5651
90.3074
88.6752
87.3544
88.2557
89.6932
88.6127
90.0057
89.93
91.5884
93.5023
94.9949
94.5955
93.3025
93.0758
94.0257
93.7414
92.7432
91.509
91.373
92.2479
91.8073
92.1561
90.9527
89.3293
89.6196
89.754
91.3169
90.7768
91.3014
90.6315
90.7613
90.7579
90.4298
91.0264
91.5731
92.4409
92.4577
93.5709
92.1429
91.6697
91.6789
90.7907
90.5658
90.0569
90.2981
88.6824
87.4789
89.4927
88.7201
89.3437
89.1155
88.0276
87.6383
87.0456
87.3414
89.4064
89.014
87.6773
87.1809
88.3512
87.1283
88.7029
88.9181
88.239
88.1096
87.1354
87.4855
88.1733
85.209
85.6277
84.9167
84.3776
85.8562
84.4269
84.2425
85.1527
85.3356
85.4583
83.9819
84.1599
83.3199
83.9705
82.489
83.3492
83.5899
82.4123
81.1437
81.2125
80.5486
81.8134
81.0282
81.6473
82.9281
84.2776
85.5776
86.9603
86.0899
86.3362
83.9684
84.259
83.1356
84.2632
81.9515
81.2246
83.0544
81.7709
81.7554
82.3139
82.4992
82.0379
81.3633
82.1259
81.6604
81.813
81.955
81.5562
79.6721
78.6683
80.2232
80.4966
80.2115
82.1963
81.113
80.5681
80.4295
79.6482
77.7729
78.1393
78.7212
79.3116
78.2303
78.6181
79.2465
79.1983
79.0805
79.4011
77.9517
77.5012
76.8006
75.2948
73.9893
73.5278
76.1909
75.0445
74.4877
73.2595
72.4805
72.425
72.8842
73.4097
74.0217
73.473
73.0457
73.7467
72.1523
