101.309
99.7516
98.2562
98.4007
96.2188
95.4364
94.3988
94.0881
95.8728
96.6419
95.0627
93.8762
91.7355
91.7177
91.5219
92.8088
92.0254
92.1746
93.0388
93.931
94.45
93.8575
95.4848
95.0349
96.2564
95.667
96.6158
96.4628
98.2794
100.324
99.5422
101.218
99.7333
98.8635
98.7109
98.6184
99.2293
97.5066
97.1457
96.9694
98.9082
99.1511
98.3763
98.2348
97.6303
99.4563
99.5517
99.0284
98.0155
97.9726
97.595
99.5155
99.0114
98.96
100.756
100.93
101.492
102.87
100.878
99.7829
99.2946
100.023
99.3321
98.6161
97.7256
94.5698
96.6229
98.1379
99.4846
98.4414
97.4993
96.4264
96.6694
94.7205
95.0811
93.9733
92.8327
91.7227
91.3061
90.66
90.8049
90.7296
90.4136
90.2566
90.0669
91.2998
89.8667
90.2688
91.4471
91.5044
88.5696
88.87
89.6943
88.3256
89.3373
91.3
91.5902
93.5822
93.6158
93.2194
93.5124
93.6991
94.1796
94.6447
95.3367
94.4394
93.374
92.9735
92.1486
92.5843
91.9479
93.208
93.2672
93.7585
90.9807
90.8787
92.42
90.3755
90.4742
89.4156
89.2257
89.22
89.5249
89.7969
91.8423
94.144
94.9301
94.1032
94.0799
96.4412
98.3053
97.8179
95.5103
93.0083
92.3501
93.5739
94.1292
94.8475
94.8508
94.7448
95.7313
94.268
94.0222
93.8188
92.2946
92.5506
93.4941
90.8049
92.6356
92.6217
93.272
96.4715
96.6728
98.781
99.9736
100.437
99.1605
97.4848
96.9938
96.9414
99.4517
99.8525
99.0722
98.7664
97.0784
95.0739
96.1608
97.1921
98.7175
100.224
100.28
100.156
100.825
100.058
102.288
103.288
103.092
103.461
101.996
101.921
104.3
104.186
105.248
103.994
103.673
106.076
107.31
107.626
106.632
106.162
105.396
104.114
103.892
103.87
105.092
103.538
102.927
102.585
103.69
104.724
107.569
104.786
107.971
106.613
106.203
106.299
108.008
107.131
106.546
104.267
106.412
104.497
102.049
100.112
98.7416
96.9155
97.3336
97.4485
98.0219
96.4011
95.1613
94.7003
95.5948
95.2486
94.7105
93.872
94.0853
94.4026
95.634
95.3387
94.8177
94.71
95.2089
95.6238
95.5522
92.9758
93.9655
95.9786
96.695
97.3714
97.2372
96.839
97.1254
97.2254
96.3437
96.5899
97.449
97.2929
97.7772
96.8688
98.0191
99.4172
101.493
99.3563
99.6175
100.789
102.523
101.685
101.674
99.4869
101.614
101.886
102.956
104.931
104.726
106.567
105.833
107.201
108.499
107.156
107.111
106.995
108.815
109.912
109.094
108.179
108.334
108.855
109.626
108.175
107.41
107.362
106.831
105.948
106.067
105.761
106.513
110.164
110.691
111.679
113.221
113.112
112.199
110.79
110.467
112.241
115.368
114.537
114.074
111.134
111.683
112.603
110.971
113.378
114.351
111.304
110.952
113.206
112.156
112.639
113.757
112.65
114.693
113.665
114.598
116.071
112.538
110.991
111.957
111.926
108.28
106.534
105.352
104.681
105.262
103.169
101.569
100.957
98.8434
98.8361
98.9217
100.352
99.6974
98.119
97.9535
98.5644
98.6778
99.8112
100.984
102.974
100.919
99.5596
98.227
96.2101
94.067
95.605
94.0026
93.4756
95.0754
95.5347
94.98
94.8474
94.0922
95.6307
94.7719
94.7486
93.8512
91.9754
90.3432
91.0556
89.755
87.613
86.6132
86.3497
84.3696
86.0459
86.1918
84.6243
84.6114
83.9913
85.2534
86.7455
88.0839
88.7384
87.3147
87.7932
86.1722
86.2505
86.7256
86.8634
86.0232
85.8243
85.7402
84.9449
84.0819
83.1849
83.7199
84.9469
85.8713
86.8066
87.7187
87.1715
86.3118
86.7569
85.6876
84.4494
86.9868
88.6594
89.6685
89.0311
88.9377
88.8884
88.8226
88.4181
90.025
90.2006
90.7647
89.9166
89.0527
88.5434
89.0255
88.3517
87.6157
88.2044
88.4209
89.6337
90.1276
89.0866
88.3728
90.8123
91.8686
92.3392
92.1607
92.6163
91.5462
91.9666
93.2323
92.5979
89.1702
90.0994
91.5226
91.6626
91.7367
90.9932
90.8205
91.7837
92.174
93.5032
91.83
89.4827
89.2784
88.3671
88.8568
86.6145
86.3339
85.9333
86.2885
86.6711
87.5583
89.5382
88.3847
87.0214
87.3347
85.9689
85.8178
86.0145
85.8402
86.9082
86.431
87.4358
88.6485
88.8229
88.5577
89.7113
91.061
89.3045
89.3947
89.9362
88.6311
89.236
90.667
90.6469
91.0988
91.6107
91.5036
92.1913
91.4747
93.0805
94.1282
94.7102
95.2547
93.5401
91.9364
91.673
90.4695
89.9095
89.8079
89.1534
87.1534
87.034
88.6563
87.9277
87.5891
87.4305
89.1732
90.7971
89.9755
89.5604
89.8171
92.871
92.0146
91.1641
89.3545
88.7738
88.8474
89.4062
91.3263
90.9033
91.6734
90.534
89.4532
88.1156
87.4151
87.6523
88.203
89.5624
90.6011
91.0293
92.4143
93.4628
91.8816
90.3657
91.654
88.9724
90.0372
92.245
93.6086
94.7978
96.0158
97.2749
97.1608
98.1132
96.5621
97.0423
97.319
95.4454
93.6034
93.6594
93.9623
95.3395
95.5482
94.741
93.3915
92.3594
91.7812
91.1049
91.3857
88.7382
90.1502
93.2692
94.065
94.972
96.8997
97.1316
94.5721
93.9103
94.4426
94.0774
94.5477
94.4338
94.5369
92.7051
93.9436
96.3876
95.4876
95.1345
95.0869
94.9091
95.0832
95.4403
94.8528
92.8145
92.7699
91.5699
93.254
95.8531
95.0219
95.2366
94.2785
95.1827
95.4177
94.1666
93.2689
94.9304
95.8136
94.2082
95.6024
95.0899
95.1612
93.0475
93.4456
94.2142
94.904
95.1682
96.8465
95.5897
95.6141
94.8058
94.1641
94.5912
