98.7138
100.435
102.661
103.777
101.908
100.639
100.767
99.9531
100.67
100.301
100.483
99.308
96.2058
96.8709
95.7148
94.3311
95.4669
97.5256
94.0474
95.1679
95.2842
94.389
93.2181
93.1821
91.741
91.3326
89.417
89.9663
90.035
93.5198
92.7625
92.1786
94.2263
94.5286
96.3715
97.5401
98.3133
98.4986
98.5822
97.582
99.7587
100.13
100.431
101.569
100.131
102.551
103.649
101.904
103.325
103.962
103.237
101.906
102.412
103.986
107.435
107.124
106.925
106.723
109.418
110.877
110.869
111.255
113.622
113.81
112.26
115.479
116.167
116.422
113.313
112.489
112.237
114.024
113.785
113.264
112.967
111.41
110.646
111.893
110.151
110.282
108.423
108.793
108.507
111.03
110.238
108.92
109.007
110.002
110.819
111.139
112.118
114.934
116.005
116.451
116.815
114.321
115.137
116.405
117.419
117.409
117.067
116.256
112.446
114.495
114.217
113.783
114.045
114.065
115.299
114.075
112.471
114.256
114.714
114.804
114.652
116.976
114.046
110.234
109.451
107.703
107.038
106.328
106.378
106.441
106.673
108.771
108.164
106.659
108.281
107.202
105.461
104.11
104.476
104.483
103.342
103.524
104.068
101.256
103.887
104.325
105.884
106.167
107.651
106.28
106.424
107.767
105.231
106.328
109.043
108.919
108.35
107.791
108.239
107.739
109.336
110.309
110.74
108.976
108.316
106.842
106.958
107.028
107.741
107.166
105.935
105.248
103.31
103.706
103.233
100.982
99.1742
97.2404
96.9364
96.2886
94.5147
95.0596
93.3879
94.2271
95.7161
94.913
95.4466
95.1211
93.0197
94.0437
96.0665
94.8306
94.2503
93.4142
95.3978
93.3827
94.3488
94.391
96.1945
97.4485
98.6119
98.6042
98.902
97.8618
99.8884
99.1339
99.193
98.6504
97.32
96.8049
97.4176
98.2442
98.2881
100.65
101.348
102.28
102.556
104.523
104.209
103.957
102.724
104.644
101.612
100.872
99.8362
98.3619
97.8952
98.8511
99.5839
98.9666
100.611
97.8644
97.8659
94.8388
95.2867
96.8636
97.04
98.5767
98.0272
96.1865
98.7795
97.629
98.4632
97.7294
96.0177
96.1389
96.0327
94.9299
94.3722
95.261
94.0476
94.8866
93.7878
95.2502
95.9794
97.6746
96.3795
96.3198
96.0184
94.639
97.2515
95.7298
97.6721
96.9992
95.7571
96.2217
95.8015
95.3038
94.4883
94.3472
93.7716
94.1364
94.2496
94.2124
94.8817
96.2329
95.0351
95.6546
97.8392
98.5608
97.6981
99.2486
97.3558
98.5521
101.109
102.036
101.108
100.857
100.402
100.131
100.256
100.165
99.1886
99.9353
97.4028
97.4359
98.4601
98.1566
97.7497
96.9242
95.4649
96.1772
93.8676
95.9349
96.3759
95.0693
94.2088
94.8137
94.9075
93.7139
93.5879
95.4747
94.6347
92.3281
92.5484
91.1276
90.7212
89.4835
88.3738
89.5846
90.5324
91.7989
91.4902
92.8631
93.9719
92.0572
93.4443
93.5983
95.0856
95.166
94.4937
95.2342
94.1295
95.8601
96.7427
98.3625
99.1469
97.3912
96.5703
94.7785
93.6648
92.1485
90.8802
89.5326
88.6476
89.2965
89.0924
91.8297
90.9215
93.5304
96.0617
96.7369
96.4083
93.7673
92.4606
91.5652
90.7648
90.6707
93.3293
91.7299
91.8939
92.0831
91.9048
93.7196
95.5669
94.9201
95.4197
95.442
95.8319
96.0186
96.6524
96.6777
97.7492
99.3176
101.061
99.0651
100.812
101.312
98.8532
100.196
100.611
102.452
105.017
103.378
102.354
102.836
101.249
100.263
98.6171
99.3471
98.6709
98.693
99.431
98.5663
96.1291
96.7406
96.6495
97.7913
95.7207
96.6407
94.9965
94.7336
92.5021
92.2339
93.6288
94.0232
94.6571
96.2804
96.5091
98.0134
99.1742
99.4516
98.1611
97.4902
97.2714
98.7914
98.2573
98.1108
97.2613
95.9393
95.5574
95.6612
93.8624
93.0024
94.7921
94.5181
94.5091
96.11
96.718
96.5412
98.0904
99.9942
100.651
99.8556
100.065
100.491
101.416
101.55
102.039
101.511
102.322
101.713
99.7041
101.536
104.308
104.96
105.046
104.675
104.007
103.903
104.522
104.619
105.261
104.859
105.508
106.119
106.225
105.653
105.771
104.098
104.104
107.127
107.977
109.052
109.41
109.437
108.21
107.233
105.883
106.327
106.633
104.651
103.901
102.095
103.4
102.075
104.488
105.189
105.909
106.01
104.375
103.641
104.309
104.231
103.212
101.224
101.253
100.283
100.804
98.3305
99.0424
98.764
98.5232
98.431
99.7499
100.656
104.109
103.456
104.105
107.32
105.275
105.602
106.489
106.513
105.668
105.519
105.627
102.915
104.272
105.217
103.67
104.443
105.959
107.573
108.088
109.014
109.24
106.74
107.835
109.045
108.603
109.71
111.213
112.312
113.325
113.334
112.915
114.103
115.809
115.122
112.322
112.288
111.604
111.51
109.385
110.932
110.832
109.24
107.754
107.756
106.216
104.254
104.421
102.982
103.753
105.834
105.13
104.134
106.736
104.145
104.411
104.43
104.977
105.203
105.632
107.282
107.381
108.31
110.448
108.892
106.39
106.428
106.262
109.093
108.415
108.558
109.261
108.363
108.176
108.684
110.721
109.825
110.22
108.654
109.375
110.062
110.445
109.206
108.156
109.641
109.991
110.438
110.288
110.292
111.015
111.788
110.783
111.834
109.975
110.671
109.974
109.324
109.83
107.944
106.909
106.14
106.06
105.227
105.382
106.028
105.268
103.182
102.331
102.773
105.811
104.704
