100.546
100.804
101.194
100.034
100.616
101.86
101.853
101.471
98.5161
97.9459
97.2705
96.0116
95.624
93.9446
92.6199
91.3951
90.6542
88.7982
88.6571
88.5038
88.6016
87.0413
86.3171
87.4988
88.9322
88.5903
90.2159
90.1084
89.1587
91.157
92.6949
90.8334
90.7008
91.0586
90.7231
91.8419
89.3264
89.2455
88.6192
88.8288
89.0484
88.9813
89.2589
87.9788
86.9967
86.5828
85.9101
83.9831
85.6694
86.0247
87.2494
88.3914
86.9066
86.8736
87.6743
89.2697
88.522
87.8109
89.4168
88.7035
89.4481
89.6878
90.0663
90.6079
89.4317
88.6445
88.6637
89.3232
89.645
89.3956
88.8019
89.2419
90.3132
90.0861
88.8889
89.3658
87.8335
86.8862
87.1181
86.6693
87.8889
88.211
86.7548
87.5386
87.2776
87.0352
87.3494
87.203
88.2911
88.4825
87.5963
88.4088
87.3931
87.9261
86.0556
87.1073
87.6294
87.074
87.0722
87.9515
86.7845
86.0376
87.03
89.4952
90.4255
89.3485
87.926
87.7421
86.1589
85.2922
84.2543
84.8736
86.3594
86.1259
85.0697
84.5109
85.0001
86.7544
88.1045
87.9566
88.4491
89.1426
88.9634
88.9186
87.9479
87.8949
89.0407
91.9008
92.2668
91.626
93.0892
93.6049
94.0828
94.4699
95.9645
96.2142
94.2812
94.9854
94.0707
92.0954
93.3655
94.7936
93.9342
93.7148
92.6249
92.6567
93.165
91.2946
91.5282
92.2272
93.764
96.2441
96.0243
95.474
95.9583
95.1192
94.1583
92.4257
91.7225
93.8218
95.7002
97.4036
96.8909
99.8477
102.299
100.607
98.6639
98.7476
97.931
100.268
98.1233
97.3907
96.8146
97.1401
97.5255
98.5402
98.4277
97.9429
98.01
98.8039
96.7729
96.0779
95.2511
95.0714
96.1786
95.8598
96.1015
95.2396
95.5772
95.7552
95.211
95.4129
94.9072
94.685
94.1768
94.838
94.1506
94.046
95.5757
94.0772
93.0139
93.4462
93.294
93.5649
94.2699
95.0657
94.4224
93.537
95.0151
95.4375
96.0137
95.924
97.2223
97.4866
97.8103
97.4896
97.2455
97.7756
98.5463
98.5815
100.261
98.7366
98.2928
96.3127
98.0723
97.0702
97.9808
98.7467
98.0514
97.2421
97.9247
98.4681
99.1033
99.9398
99.197
100.282
97.3632
97.8372
97.8701
95.6541
95.607
94.0455
94.1159
94.6552
96.1098
95.4775
94.1006
93.9499
93.6376
92.8661
92.9232
93.8321
93.7126
93.0675
93.8603
94.1126
92.5996
92.1255
92.2055
93.5149
93.0902
92.3966
93.627
94.4747
92.8432
91.9682
91.8001
93.1098
92.9215
94.5231
94.6094
95.0762
92.3761
92.0173
92.7967
94.3546
92.6573
94.2299
93.5864
92.275
92.5204
91.862
92.5812
92.0132
92.8335
91.9223
93.1557
92.5443
94.6045
94.7134
93.6336
93.0845
92.8618
92.7717
94.5766
92.2278
91.4373
91.4306
90.2601
92.54
94.3269
94.5962
94.4489
92.7521
92.3765
91.9478
90.2881
88.5053
88.502
88.3562
87.3058
87.8457
88.5174
87.3479
87.1264
86.823
87.7019
86.5824
87.28
88.8409
88.1827
86.8301
85.3266
86.3117
86.7193
87.1492
84.8734
84.9313
85.4891
85.3405
86.5715
85.1022
85.278
83.3712
83.6985
85.6311
86.3913
87.4258
85.8005
85.6716
86.3608
85.8936
86.7335
87.8455
88.7888
88.6688
89.4172
90.3225
90.9111
92.1473
92.8565
93.9224
93.421
92.5774
93.8365
93.367
92.6557
93.808
93.0007
93.0248
94.5784
94.2769
95.135
96.5929
96.659
97.6678
98.3208
98.8221
98.0817
97.1122
96.4414
96.1916
96.7313
97.3848
95.4595
97.3017
94.4322
94.9168
94.5157
94.2597
94.4666
92.8173
92.8883
92.3317
92.6061
91.5842
92.2202
93.2267
92.8311
92.8335
93.5015
92.8495
93.412
94.7592
93.9041
97.0974
97.375
99.5267
98.5742
99.6204
97.9433
99.8079
98.1634
99.3186
101.675
102.166
102.235
100.717
100.307
99.3952
100.418
102.755
104.3
105.242
106.401
103.687
102.824
106.278
105.939
106.098
105.337
105.412
104.895
107.277
105.992
106.158
105.997
108.504
109.148
110.281
111.932
111.621
111.682
110.867
112.238
111.369
112.548
113.343
112.622
110.332
110.247
111.17
112.456
112.975
112.267
112.361
111.203
110.872
108.276
108.607
108.714
107.905
107.876
107.091
106.449
108.108
108.724
107.563
109.499
110.591
111.922
111.516
111.316
110.005
112.741
113.049
111.617
108.981
108.241
107.524
108.508
106.031
107.711
107.543
108.331
109.339
109.618
111.022
110.167
110.282
109.905
111.6
113.124
111.507
112.788
111.498
109.754
109.574
109.727
107.433
111.028
111.928
112.36
115.661
116.024
115.045
116.021
117.582
117.081
116.271
119.515
120.692
120.341
119.705
120.505
119.951
120.692
123.433
125.305
123.41
123.805
120.277
121.965
123.28
125.474
126.186
124.811
124.919
124.994
125.853
125.779
125.346
124.42
125.109
125.445
123.446
125.854
125.13
121.875
120.301
120.727
119.028
120.043
120.71
117.706
119.989
119.941
121.499
123.053
124.345
123.729
123.73
124.292
124.161
126.064
127.017
128.614
128.084
127.044
124.307
123.342
122.33
122.295
122.889
125.23
126.946
125.262
126.417
126.657
126.17
126.381
124.424
122.59
119.913
122.327
121.275
121.948
122.177
122.755
121.6
122.606
123.032
123.113
125.649
124.131
124.684
125.602
127.286
128.536
129.658
130.292
130.117
131.561
130.721
134.145
133.18
134.232
134.629
135.691
135.475
135.497
136.647
137.936
137.175
140.407
138.976
139.852
140.47
136.93
135.628
