99.0422
100.077
99.7013
99.3866
98.3876
97.5901
95.7015
94.7577
95.7896
97.5815
97.1177
96.8109
96.0467
95.192
95.9624
94.8974
95.3413
96.395
95.7178
96.35
96.0195
96.4089
98.5583
98.4545
98.7358
99.8125
101.206
99.2401
99.303
101.346
101.285
102.808
101.777
102.584
100.618
99.7466
100.614
101.404
100.96
100.174
101.649
103.311
106.277
108.331
106.679
107.946
110.484
110.426
108.544
109.054
108.999
108.607
110.345
111.04
112.635
110.843
110.712
110.138
111.449
110.734
113.629
113.941
114.728
113.712
113.95
114.217
113.47
113.045
112.75
111.048
111.37
111.839
112.185
110.64
111.787
113.923
112.205
112.48
113.357
113.138
116.99
113.575
112.383
113.583
116.169
114.169
115.698
116.578
115.341
113.759
111.85
111.732
111.132
111.843
110.715
107.424
110.893
111.948
114.571
114.842
116.811
115.922
117.136
115.436
117.134
118.206
118.897
117.122
114.117
116.211
114.132
112.319
110.192
109.787
109.094
105.836
105.686
106.922
107.233
107.325
108.437
108.676
108.82
110.721
110.144
109.939
109.896
108.197
106.984
106.005
105.425
104.605
105.06
105.949
107.835
107.458
107.431
108.323
107.868
107.234
108.882
108.115
108.993
110.945
113.61
113.558
114.134
114.207
114.312
111.937
110.074
110.003
111.232
110.959
111.968
114.773
114.222
115.555
115.086
112.076
113.715
114.478
113.154
112.549
112.358
113.499
113.389
113.846
115.836
115.324
112.661
112.198
110.663
110.692
111.416
111.201
113.4
113.944
112.513
109.228
109.929
111.854
111.108
111.378
111.052
106.69
107.015
104.805
106.774
107.541
106.315
106.373
107.633
106.46
105.954
108.738
110.813
110.962
109.583
110.689
108.639
110.06
108.741
110.595
111.272
112.56
112.028
110.7
108.858
109.586
108.945
107.758
107.019
107.717
107.074
105.119
103.159
103.908
104.771
107.279
107.358
108.793
108.94
110.864
109.41
109.771
109.313
109.342
108.14
107.726
110.585
107.677
109.271
109.818
109.692
106.38
106.145
106.662
106.394
105.629
104.989
105.687
106.11
105.176
104.807
103.6
101.92
102.645
101.149
102.796
102.037
101.285
100.563
102.193
102.806
102.139
102.362
102.531
102.89
105.273
104.892
106.127
105.261
106.76
110.765
109.718
110.72
110.856
109.616
111.551
108.778
106.76
106.44
104.758
104.015
106.136
102.919
102.453
102.5
103.118
104.973
105.266
106.118
105.424
104.876
101.684
100.066
101.966
104.487
105.042
105.26
103.837
103.216
101.61
100.771
100.044
102.516
104.024
104.108
103.371
103.009
101.911
102.758
103.28
102.965
103.457
103.223
105.155
103.66
102.24
101.924
102.417
103.863
104.526
103.952
103.527
104.555
102.44
104.081
103.745
102.772
104.541
101.552
100.214
101.659
100.473
100.627
101.946
102.229
102.276
102.582
102.251
101.317
101.245
102.177
103.135
105.373
104.423
103.634
102.911
103.087
104.093
106.042
107.405
106.157
105.945
104.733
103.808
105.205
103.462
103.862
105.346
104.531
106.969
106.456
105.741
105.99
105.856
107.131
106.58
109.394
110.178
109.216
109.495
110.761
110.17
110.056
111.68
110.996
109.389
109.829
109.368
110.184
110.019
109.994
112.08
114.055
112.605
112.268
111.794
112.45
111.301
111.289
109.739
109.613
107.793
109.73
110.573
109.408
109.917
111.615
111.656
111.175
111.225
111.143
111.081
111.399
109.276
109.385
110.049
110.12
110.323
111.421
112.545
113.176
115.377
116.274
114.736
112.81
112.869
115.926
116.575
114.157
113.883
113.306
112.963
111.466
110.919
110.58
110.473
109.281
108.923
108.289
110.385
110.596
111.366
112.819
111.735
108.017
105.081
105.364
105.267
105.938
105.434
103.659
106.482
106.985
107.368
106.985
104.819
107.068
107.765
110.221
109.299
108.723
106.895
106.941
107.148
107.708
108.002
109.254
109.494
109.583
109.164
109.588
109.035
107.939
107.531
107.081
109.321
109.443
111.981
111.13
111.729
112.205
114.697
114.933
116.399
119.437
120.61
120.714
123.047
121.599
122.625
122.076
124.122
125.302
126.582
130.341
130.262
127.369
128.025
127.187
131.308
130.676
130.832
128.704
126.113
125.24
125.322
124.015
120.869
121.508
121.813
120.855
118.693
120.17
119.434
120.806
122.848
124.015
123.933
123.189
124.331
124.343
123.479
125.579
125.668
125.196
126.268
125.375
127.613
129.07
129.263
131.511
134.071
132.905
132.95
132.084
131.061
130.699
132.152
129.905
127.859
124.501
123.382
123.02
123.344
124.45
124.23
122.405
122.831
123.366
123.378
123.923
121.238
122.228
123.872
123.007
122.515
121.39
119.399
118.876
120.188
121.893
123.17
123.399
123.388
121.986
122.891
122.977
123.665
121.001
121.624
119.993
120.994
121.302
123.395
122.001
122.728
125.363
123.454
121.688
124.158
122.173
120.762
120.203
117.297
116.728
115.41
115.589
116.84
116.812
117.511
115.624
116.668
115.271
114.145
114.795
113.601
116.052
117.524
117.18
120.272
119.424
120.058
119.414
117.929
119.077
119.174
116.117
115.656
117.329
116.497
118.273
119.219
121.118
124.135
126.998
126.836
