100.2
100.142
101.605
100.155
98.4408
98.6185
99.2472
99.2656
100.271
101.738
104.248
106.13
104.93
105.1
102.662
101.67
103.363
100.809
99.9364
99.6288
99.4327
98.8681
101.189
99.1546
98.0446
96.3368
96.7113
98.3841
99.3389
98.0262
95.6626
95.282
94.7804
93.897
94.4895
92.5785
92.0298
94.3544
93.1748
93.2595
92.3627
93.1281
93.9746
95.2628
94.1124
94.0345
92.0641
92.6758
92.6036
93.2075
92.8982
94.4528
94.6068
98.0127
98.0213
97.965
99.4483
99.692
98.2642
98.2135
96.3228
96.3132
95.7146
97.7653
98.9303
98.4285
99.5033
99.9453
98.9126
98.3616
95.4538
95.2401
93.8348
94.1171
93.2518
92.2218
90.956
90.2965
91.8574
90.6489
91.6846
91.0475
88.6112
89.5654
90.4672
91.3806
93.4674
91.2504
91.5562
90.2142
90.0376
92.3183
91.9489
91.5396
92.6145
92.9041
93.5765
94.9018
93.3683
92.219
91.5428
94.6298
94.3626
95.4946
95.0413
95.3188
96.1417
95.3186
97.3626
95.6657
97.2452
97.9246
97.954
98.7103
98.1211
96.7043
97.8965
96.651
97.5376
96.8018
96.6343
94.9407
94.2163
94.7365
95.4814
95.2892
94.7658
95.921
94.4133
92.8804
91.3774
93.2949
95.309
94.5556
93.8655
95.1357
94.5766
93.5767
93.5932
94.2387
93.8672
93.8969
95.5782
92.8626
92.7483
91.7529
91.4523
92.2776
93.8283
94.6926
92.8262
92.9153
93.6598
95.9157
94.727
93.9103
96.0994
93.7772
92.1854
93.5049
93.5692
94.7526
95.5842
96.6312
97.1248
96.7211
93.689
96.1516
96.437
95.9761
95.8214
95.1343
94.8503
94.1647
95.8604
95.1166
95.4266
92.7055
93.4495
91.6792
91.5992
89.303
88.235
88.1387
84.9701
83.4274
82.5757
84.5618
84.5425
84.1221
83.323
82.2106
81.9572
82.0347
81.3373
82.8981
83.5798
82.0652
82.7234
82.2547
82.0136
82.7565
81.9545
82.5685
79.3605
80.1618
81.2167
81.7571
80.8281
82.1193
83.0757
83.4868
81.4655
80.0608
81.7313
81.6148
80.2478
81.3399
80.2666
81.2057
80.861
80.8653
80.4276
80.0551
79.4103
79.4077
78.9544
79.2818
79.4868
80.4952
80.697
80.0827
78.3414
79.2034
79.4182
78.6658
79.2241
79.8035
77.7195
75.7168
74.9398
74.9811
76.7199
76.2133
76.6359
78.1499
78.4951
77.0711
75.3758
75.4605
74.2956
73.9872
74.0963
74.0505
73.6501
75.1808
73.4465
72.7957
72.4384
70.2634
70.3511
70.3141
71.0886
70.7083
70.2808
69.089
69.5046
70.9874
70.962
70.6864
71.4236
72.2764
71.3382
71.4939
70.9359
70.2615
69.9575
71.5184
70.9426
69.6325
67.6666
67.5402
68.9056
67.8569
66.8164
68.2402
68.9397
68.7418
68.4554
68.2945
67.5317
68.5606
68.3036
68.3734
67.9933
68.4436
67.8197
67.4618
67.4006
67.3
67.2791
68.2796
68.1647
69.1426
67.5962
67.9779
67.9923
68.1038
68.0021
67.746
68.319
67.7262
69.041
69.1745
69.0733
69.6672
69.1153
70.8113
70.8115
71.7634
71.6012
72.1552
72.26
72.0696
72.8281
73.2516
72.7802
71.9337
70.7061
71.2526
70.2694
70.0156
71.8158
71.9698
74.8947
74.3662
77.7927
77.8383
78.5432
78.4027
78.1167
78.8041
78.576
77.9696
76.7699
77.414
78.8966
79.1694
78.2599
79.3901
77.6979
76.7352
76.3764
77.0305
78.0718
78.9097
78.7391
79.0215
80.8181
79.3193
78.7656
78.4913
79.397
79.1852
78.9998
79.4486
78.4524
77.6215
77.3551
76.1872
76.3991
75.7695
75.0799
74.8022
75.3377
75.8739
73.5656
74.1609
75.1764
74.6996
75.7272
75.9317
77.0054
76.8068
76.6486
77.7045
78.9964
79.3158
77.5832
79.0768
78.3481
78.3117
76.9487
78.4534
79.0439
79.2164
79.9664
80.2918
81.0938
81.9711
82.6697
83.7095
84.6831
84.2699
84.9125
86.6661
84.1401
84.1284
83.3095
84.0181
83.2913
84.7528
86.2115
85.0363
86.4238
84.6236
84.9733
85.172
85.7085
86.6296
87.2468
88.9053
90.0872
89.9942
89.3979
89.5762
89.241
89.303
88.8905
87.7765
86.9662
88.8335
90.0012
90.8643
89.5215
89.55
88.8797
88.3309
88.8282
87.1918
85.5346
84.8595
85.7733
83.9311
83.855
83.9703
84.8429
84.9022
85.5908
85.8364
86.1452
86.5442
86.5424
85.8281
84.2153
84.6803
85.9926
84.199
85.3586
87.4606
85.8241
86.0836
85.3594
84.4981
84.4895
83.8858
84.4809
85.6264
86.0621
85.2183
86.0327
85.1441
84.7261
85.2597
88.6804
89.5911
89.6258
91.5641
92.7311
91.1067
91.7389
90.939
90.0894
89.2992
89.0993
86.6837
86.6056
87.5464
86.2178
85.1873
83.7901
83.3318
83.729
83.8638
83.1167
83.624
83.3836
83.7906
83.2834
82.7652
82.0836
81.2092
79.8177
80.5475
79.8091
79.0439
78.4578
79.2857
79.6428
78.6703
76.1828
76.0405
74.2829
73.6102
72.465
72.1003
71.672
72.1327
73.2669
73.0438
72.9086
72.7598
72.7276
73.0207
73.146
73.6158
72.2792
73.5264
74.1727
75.0688
74.9661
74.9975
73.2958
72.9911
72.7782
72.4822
72.2562
72.761
73.117
73.2813
74.0824
74.6617
74.7055
75.1008
77.4902
76.7133
76.6692
79.1798
80.0306
80.4965
80.237
80.0995
79.3826
77.3864
77.6829
77.6723
78.1083
78.0016
77.6245
78.455
78.4529
78.2835
77.9589
79.2779
80.4605
79.2821
80.8658
79.3629
78.8471
79.1725
79.0069
78.3083
78.2861
79.577
79.389
78.771
78.6714
80.2946
80.0889
80.3953
80.4776
80.751
79.1504
79.287
77.9188
78.4434
78.0183
78.9579
77.8283
78.1292
77.526
77.4853
78.5921
79.5617
80.1754
79.7971
81.5807
80.8909
83.4147
84.1268
