100.254
100.446
100.9
101.287
99.3719
100.194
101.398
102.531
101.865
101.916
100.765
99.9357
99.915
100.415
101.236
100.273
100.011
99.0443
97.4695
98.0999
99.5268
100.572
103.68
103.77
102.232
101.433
101.78
103.172
102.324
104.373
105.093
106.343
105.502
104.081
104.755
104.968
101.787
100.587
101.191
99.3587
99.4157
99.9664
101.9
103.085
104.039
102.679
103.468
104.723
103.843
102.698
103.68
103.648
103.171
104.27
103.623
105.526
104.474
105.855
104.696
105.074
105.11
104.486
105.196
106.962
110.043
109.628
110.666
108.486
109.318
107.759
106.618
106.395
106.189
106.515
106.619
108.437
108.141
109.195
109.463
109.399
109.696
112.607
113.058
112.284
114.236
113.592
114.594
113.855
114.345
113.771
112.717
111.721
110.247
109.276
110.738
111.709
110.045
109.382
110.03
110.681
108.435
107.079
106.77
108.403
108.618
110.806
109.95
109.479
106.913
106.096
106.259
105.512
106.532
106.834
106.861
106.679
109.643
109.31
110.448
111.278
109.39
108.34
108.748
109.599
109.558
112.506
113.265
114.046
112.813
113.552
112.697
110.502
111.81
111.987
113.063
113.472
113.764
111.45
111.356
112.641
113.345
114.84
113.651
114.603
114.55
113.35
113.132
112.048
109.721
109.45
109.024
110.611
109.201
108.479
107.197
107.563
106.727
107.58
105.325
104.681
106.015
105.547
105.059
104.091
103.448
104.356
104.539
102.994
103.281
101.498
103.099
102.679
104.646
104.437
106.15
105.971
103.552
105.175
104.596
104.131
104.403
107.466
107.003
106.916
107.897
109.548
112.144
112.052
111.203
111.035
110.109
112.098
110.231
109.495
107.753
107.544
109.093
106.718
105.734
105.264
104.827
105.1
106.59
110.167
109.203
108.138
107.952
106.974
105.433
105.409
105.349
104.644
103.377
105.22
105.127
104.062
104.968
104.422
102.365
101.824
101.052
101.699
101.398
101.777
100.301
99.3984
98.9894
99.1888
100.324
101.891
101.874
104.831
105.519
103.506
102.707
103.636
101.895
98.9636
98.5202
96.6548
95.9499
98.2844
98.0634
97.1138
96.6899
95.1517
96.038
94.2551
95.0506
94.907
92.8963
93.9692
93.1226
92.228
93.0497
92.1479
91.7162
93.1789
93.3021
91.5121
91.2065
89.4367
89.1495
88.8121
88.7876
87.9609
85.704
84.6111
84.492
84.0898
83.4589
83.2765
83.6873
85.7232
87.0144
87.7227
87.3056
87.2517
89.7036
87.6667
88.5195
88.5578
88.7726
88.6354
89.9836
89.6792
88.5843
88.5749
87.4802
87.4273
86.644
86.298
85.3259
85.2913
84.5013
87.1419
87.2937
88.6269
89.2177
88.7632
88.8777
86.0976
84.7128
84.7329
85.7979
85.1149
85.2182
87.6798
86.2055
86.0673
87.038
85.9786
85.9208
86.7193
88.6799
87.7693
88.0888
86.6624
87.4038
87.3023
88.0491
88.5873
86.7223
87.442
84.4369
84.377
84.8023
86.3196
87.3267
86.5575
86.9097
85.4032
85.528
86.0067
86.4824
84.9517
85.5623
85.5886
85.1872
84.5261
86.0175
86.8105
88.4654
87.7336
89.9351
92.3477
92.785
93.7238
91.514
90.4966
90.896
89.7623
87.3555
87.3168
87.6709
86.1073
86.7147
85.3613
85.8963
86.1599
85.8597
85.9859
85.109
86.3102
85.6678
85.655
85.1203
87.189
87.2562
88.08
87.2102
88.093
88.8741
87.8376
88.425
85.7063
86.0356
87.3744
86.1909
86.5698
84.8759
86.5296
86.336
85.66
84.1428
82.5647
82.053
83.9992
84.3593
86.309
86.8363
88.4978
89.9629
90.8248
91.7421
91.3139
92.7411
92.338
90.7645
89.2622
86.5943
88.6596
88.5209
89.1847
87.3525
87.0041
86.542
86.8294
85.7068
84.5518
83.6917
81.8754
82.3677
84.5725
86.1277
85.9636
86.0282
85.5692
86.8758
86.3786
85.37
85.5492
86.616
87.0504
87.7026
86.8387
86.4485
87.2995
87.8684
88.5926
88.4082
86.6066
87.6832
85.372
85.2055
84.8676
85.1502
86.6737
86.9048
88.0236
85.9525
84.9794
84.1564
83.3782
84.1764
83.1902
83.4733
83.4476
83.509
83.3722
83.4956
84.8783
86.3243
86.2591
84.5485
82.8072
84.0969
84.4895
84.4638
85.7516
86.7811
86.9736
88.6499
87.0592
87.7663
87.4328
89.4532
90.3988
89.6065
90.6246
90.1052
91.0585
90.4499
89.8029
89.9274
90.7049
91.0723
91.7736
92.1068
91.0466
91.6719
91.1268
89.3505
89.8441
90.0275
91.19
91.7755
92.6071
93.6976
93.1826
91.7991
92.0972
93.7043
92.8654
94.6186
94.4353
94.5164
92.521
91.5309
90.8702
89.8796
92.4312
90.4266
89.6193
89.4141
87.9394
88.4406
90.1124
90.0976
89.8204
88.6353
87.1459
86.8523
86.5466
85.6592
84.1452
83.1768
82.7524
82.7986
82.1543
83.4073
83.6157
83.7663
84.386
85.3402
85.4647
85.4191
84.8023
86.0667
86.6293
86.7357
87.0894
86.4847
86.8933
88.5953
87.276
87.9769
89.3141
90.0287
91.2178
91.8819
90.9424
91.7379
91.9165
90.0236
90.4532
90.6875
91.6026
89.4995
89.2853
89.2066
89.092
87.7181
88.5619
88.4976
90.8627
92.6818
92.4472
94.4159
92.2058
90.8028
90.9241
91.0462
91.7896
91.6796
91.7834
91.348
91.3768
91.9571
90.7635
90.7702
89.671
89.5822
90.3577
89.4669
87.8093
87.285
86.2641
87.3552
88.4932
88.2317
86.3774
89.3955
89.9683
91.7471
92.0612
92.1575
92.9333
92.5037
93.1294
91.9971
91.8016
93.5672
94.2705
95.4761
94.2435
93.7005
93.1014
94.7018
93.4459
