98.583
100.482
99.6259
99.5696
99.3904
98.4307
97.9862
98.653
98.4275
96.7751
96.7335
96.6946
96.0248
97.228
98.7895
97.4731
97.8734
99.0078
99.2848
98.3669
98.5797
99.2339
97.8712
100.242
98.3406
99.6646
102.016
102.266
103.061
102.335
102.621
104.299
103.793
102.675
102.517
101.477
100.147
100.356
101.346
100.645
98.8082
99.7569
98.9373
100.126
101.104
99.2237
101.109
101.224
101.099
101.846
100.649
100.927
101.671
102.656
101.663
101.693
100.951
100.927
102.334
101.622
100.451
101.722
102.018
103.055
102.964
102.477
101.981
100.063
99.2887
99.3304
99.2717
97.9763
97.7207
97.947
96.345
97.9017
96.0494
95.9136
95.3118
93.6659
91.9019
93.2349
92.352
91.3611
94.3448
93.2474
94.5377
94.7983
94.8941
95.4607
96.289
96.5858
96.6653
96.9773
98.2896
97.4811
98.2867
99.6229
100.204
99.7343
100.453
99.4108
99.0284
99.3885
99.3278
99.549
101.491
101.212
101.567
103.512
103.342
103.05
102.664
104.09
104.071
104.307
102.895
103.272
101.895
104.039
103.335
104.148
103.669
101.764
100.919
99.6351
99.4321
100.951
102.473
100.683
97.9084
97.3589
97.1154
96.0718
96.8291
96.5571
96.502
98.2992
98.0929
96.4612
97.7629
96.1653
99.4802
99.9042
100.317
100.133
99.7724
99.6012
101.078
101.315
100.584
99.7101
99.9214
101.854
97.7677
98.7426
95.7785
97.9166
100.221
100.444
100.002
100.388
101.647
101.739
102.609
102.688
101.543
97.9872
99.6454
100.911
101.92
103.698
104.718
105.31
106.157
106.936
107.061
104.476
105.108
103.997
104.61
103.803
102.598
102.159
102.766
100.344
100.303
102.807
105.126
105.261
106.457
106.685
106.749
104.719
104.765
104.431
104.128
103.602
102.161
99.7376
98.4017
99.7053
99.8205
99.0497
99.4724
97.539
95.7996
97.4882
100.164
100.939
101.392
101.818
101.234
101.481
101.701
101.951
104.559
102.586
103.895
103.277
104.234
103.571
104.175
103.217
104.024
102.392
103.49
104.574
103.719
105.42
107.681
108.341
106.723
108.76
109.862
110.479
113.352
112.493
110.896
109.736
110.93
109.27
110.192
111.507
110.383
108.878
109.545
111.181
112.448
112.412
113.462
113.364
112.39
110.986
112.227
112.483
113.558
115.188
116.232
119.597
118.997
118.343
121.062
119.272
119.854
121.5
122.034
121.788
123.686
124.156
124.411
124.338
125.651
125.201
123.114
123.614
124.067
121.979
125.376
123.061
124.028
122.818
122.919
120.648
121.721
123.517
124.464
123.878
123.429
122.337
119.819
118.862
118.046
116.895
116.211
112.556
115.503
114.331
115.918
114.419
114.626
112.818
115.882
116.849
119.208
119.934
121.515
120.089
117.904
117.087
118.637
117.819
118.556
117.697
119.021
119.423
120.592
120.657
121.569
118.225
119.351
117.38
118.852
118.379
119.953
121.441
121.707
118.915
117.243
119.779
121.34
120.991
120.772
126.271
123.814
124.825
122.915
120.472
118.463
117.856
115.848
115.675
114.051
116.081
114.575
114.558
114.762
112.139
112.214
112.61
114.944
115.048
115.466
116.195
114.793
114.416
114.802
115.917
113.424
112.728
111.584
114.309
114.952
113.888
114.682
111.688
109.715
109.283
108.166
106.255
106.35
107.417
108.836
107.297
105.636
106.446
107.108
105.453
106.928
105.442
105.694
108.688
108.857
109.421
110.209
108.74
107.812
107.077
107.016
106.062
104.922
103.357
102.949
101.792
103.308
100.981
102.017
102.858
99.8136
99.2666
101.065
99.7778
100.594
99.6669
100.317
100.456
98.8054
100.806
98.6145
96.6946
96.2449
94.4435
96.5409
93.2524
93.1925
93.0847
94.29
93.6042
92.9007
92.8569
92.0454
90.7624
93.1515
91.9717
92.1118
91.0809
92.0264
92.5334
92.3077
93.3234
93.6163
92.9149
92.7109
91.3264
92.6639
92.9359
93.4728
94.2785
96.0481
95.6378
94.2329
94.2742
95.2085
95.4617
97.3778
95.9962
94.3387
93.977
94.6171
94.3486
95.7228
96.131
93.5974
94.9297
96.8783
98.7871
98.6654
98.6977
99.2317
100.884
99.4676
100.175
99.1517
101.21
99.1715
98.8111
98.4082
97.342
97.2733
96.0135
96.072
96.5411
94.517
93.1664
90.8369
90.8097
89.6733
90.7888
89.619
89.5457
89.231
90.9753
92.3841
93.9284
93.3994
93.2784
93.1407
93.7118
94.9151
94.0575
93.7752
94.4735
93.7327
92.4059
95.3154
94.7359
95.4191
95.9242
94.3339
92.8227
93.1815
92.9804
94.4112
94.7609
95.4513
98.0333
98.4615
99.8286
100.259
100.789
101.01
100.677
99.7449
98.9537
98.3681
97.4519
96.6483
94.8156
94.6411
95.2432
96.3663
97.5818
98.1795
100.358
102.617
100.164
100.149
100.747
100.422
98.6499
99.4096
99.1351
100.909
99.2875
98.3842
96.2845
98.2415
101.543
101.231
100.647
101.139
101.608
101.271
101.441
99.5468
99.5412
100.205
100.759
100.794
100.78
102.108
101.807
100.983
101.041
101.383
101.145
99.4002
98.9318
100.89
102.26
101.02
101.424
100.601
99.333
101.172
103.463
102.955
103.002
100.476
100.713
101.19
99.3154
100.042
99.9302
99.6766
100.851
100.951
99.8874
98.4039
98.0471
98.2685
99.9303
99.8297
99.3305
99.8398
100.528
98.6473
100.554
100.336
99.644
100.661
99.7484
99.3087
98.955
100.885
101.238
101.969
102.048
99.4896
99.4519
