103.537
102.146
104.643
104.693
107.462
107.416
106.146
105.574
108.887
112.362
112.645
113.357
115.041
114.195
113.037
113.945
114.465
112.793
112.931
111.7
108.858
108.957
109.549
112.571
111.512
108.903
109.775
109.677
109.973
109.467
111.793
112.451
111.532
111.098
108.774
108.78
108.362
109.288
113.598
112.285
110.299
111.55
111.426
109.265
106.575
106.91
106.245
106.187
110.265
109.149
107.15
106.689
108.412
107.736
106.099
104.455
106.455
106.282
104.157
105.417
104.94
105.321
107.672
108.354
107.482
107.477
104.921
104.577
104.4
104.462
104.287
102.797
103.326
103.245
101.42
99.8776
101.286
99.1742
98.7978
99.4815
98.7472
97.2173
97.0536
96.832
97.6725
94.8257
93.2628
92.5479
91.689
90.2739
90.9081
91.0773
89.8536
89.9304
89.2686
90.4999
91.7201
92.5961
93.9714
93.6641
93.7146
92.2165
92.6292
90.8384
90.6598
89.5796
89.6611
91.7331
93.4495
93.0311
92.624
92.8456
94.5026
95.119
94.888
94.9632
94.1768
95.312
96.7126
94.7928
95.3525
93.7215
95.9304
96.6852
94.9802
93.6787
93.5594
91.577
90.1609
90.6539
91.997
93.0748
93.431
91.9449
91.2652
92.0058
92.0075
94.0687
94.2207
93.8918
92.352
92.8822
92.3744
92.2642
90.6882
92.3776
93.2929
93.0239
94.4207
97.1066
99.7049
97.6078
99.9271
100.331
99.2162
98.5501
97.112
96.2709
95.7851
95.8622
95.2478
95.9385
97.1437
98.7872
99.2338
98.736
98.3765
99.1426
101.134
100.466
101.18
103.564
105.039
103.662
105.117
105.549
106.964
108.342
109.59
110.148
110.974
109.699
109.845
110.944
110.066
108.091
111.959
112.073
112.015
109.694
108.944
107.916
106.163
104.024
105.151
104.111
105.164
102.456
101.941
101.635
100.843
98.5478
97.7984
97.035
98.091
95.6254
98.5785
97.6729
98.8437
100.409
101.106
102.995
104.771
103.067
103.282
104.283
100.824
99.2143
99.0847
98.3669
97.8551
96.602
98.321
97.516
96.5688
94.7789
95.6126
96.05
95.3454
96.3218
96.683
96.3444
96.1367
95.8252
95.5494
93.428
92.5957
93.1877
91.6096
92.1528
93.4819
91.756
88.9049
88.7583
87.9931
86.4775
87.0928
85.5751
84.8763
86.4669
87.1947
88.9933
88.883
88.6769
89.0808
90.4876
90.9897
91.6718
90.2116
94.262
92.9548
93.2492
92.1421
90.8521
92.264
91.9713
93.235
94.6777
91.8796
92.1398
91.9377
91.2238
89.6009
90.4854
91.0137
88.5691
89.1543
88.8918
88.4239
87.9355
88.1412
87.2114
86.4486
85.4755
86.075
84.3758
84.8947
84.9856
85.6394
85.4064
84.8026
84.3563
85.4164
85.6079
85.241
84.7306
84.4827
84.4257
83.5292
84.174
83.9518
84.7252
84.8634
84.5105
85.6208
87.0287
86.7464
86.3346
88.2394
90.894
92.4427
92.8747
93.735
93.6584
92.3755
91.1241
89.0622
87.311
86.7971
88.6198
88.3606
87.5778
88.0249
91.2284
90.7435
92.8469
91.0554
91.8249
90.6797
89.6301
90.0884
90.6545
90.6754
90.8294
90.6295
88.9634
90.1945
90.4028
91.0862
91.0601
92.3677
91.1559
91.5825
92.3408
94.6187
94.5354
96.6178
96.8917
98.1215
98.7945
99.3333
101.771
99.2655
99.4811
100.694
100.712
102.325
103.618
102.961
104.983
105.297
107.517
108.143
107.04
107.45
106.31
105.282
104.633
106.219
105.75
107.196
106.396
107.685
105.898
107.478
107.418
109.312
106.718
104.2
104.18
104.972
104.819
104.542
102.613
102.743
99.6593
98.7239
100.097
99.722
99.0321
100.329
100.887
101.015
100.053
100.35
99.9171
99.065
98.1087
98.4291
98.3734
99.3989
99.9487
102.026
104.056
104.076
106.439
106.364
105.68
106.425
105.85
109.149
108.37
106.788
107.004
106.796
105.833
105.887
104.791
103.812
104.312
103.44
103.017
103.903
106.764
106.28
104.5
105.198
106.336
106.032
104.716
102.813
103.58
102.613
103.366
103.145
102.708
101.054
100.291
98.2137
94.4682
93.7525
93.7158
91.9999
93.0883
93.1718
93.4886
93.3582
94.3785
94.5573
93.6336
93.7868
94.4204
94.3584
94.5708
94.0853
95.4429
94.3031
93.7583
93.4174
93.4928
90.9398
91.1016
92.9492
90.8303
90.274
90.6215
90.6485
89.5912
90.7256
91.3818
92.202
93.1781
95.8843
94.9378
94.15
93.4984
92.6866
93.8373
95.5711
96.3532
96.5453
97.9211
99.2561
100.309
101.013
99.1488
97.8638
96.7343
98.8409
96.3869
95.0666
95.8767
94.6956
92.0843
90.7648
91.2702
91.7307
92.1182
93.89
92.835
94.7776
94.0027
92.1426
92.8919
92.6368
90.6217
90.0872
89.7875
88.8137
88.6339
87.1017
87.6975
88.6225
86.7761
87.2047
87.3931
89.4523
90.7492
86.7206
85.9841
83.5373
83.4896
83.7746
83.8791
83.9616
83.8405
84.5391
83.8626
84.5076
87.1474
84.4872
83.4069
83.0152
83.1342
83.3674
84.5595
84.48
84.9458
83.4713
83.0248
82.7672
83.7821
83.3155
83.1076
81.8601
80.9828
79.4052
79.1275
79.3516
81.4223
82.6606
80.1899
77.9979
77.7572
79.7543
80.4896
81.0082
80.6159
81.9777
82.792
84.2801
82.5364
81.2075
83.1199
82.3857
82.4334
82.5569
81.9095
84.1606
83.7911
85.9992
87.5734
91.1088
91.4688
92.0749
92.6992
92.9349
95.0843
92.6767
93.2612
92.3162
94.2286
94.1357
94.5551
94.7945
94.6517
94.5495
95.8807
93.9901
95.9323
94.5007
94.2317
93.3882
94.0348
93.3547
91.9931
91.9474
92.2725
91.8827
91.0722
