98.1411
97.9936
99.867
100.376
99.5767
99.0017
99.9849
99.4264
101.301
99.8453
100.138
100.413
101.168
101.423
101.568
102.272
100.488
99.6013
99.9307
99.0045
96.2763
95.4668
93.6763
91.8455
93.7251
93.6441
92.8905
92.504
91.3693
91.1608
89.3616
90.4542
90.5548
89.2522
90.2316
89.9905
90.6315
91.2485
89.838
90.8368
90.3564
89.0557
89.6587
89.9349
91.3302
91.2828
90.9626
93.0596
93.4515
93.1716
91.1461
90.3036
90.1169
86.6195
85.0367
85.0026
85.5354
84.5915
86.2046
87.7328
88.4548
87.514
88.2651
89.1466
87.4316
88.0361
86.2322
84.3844
83.9525
82.8195
81.6644
82.6385
82.7413
81.9033
83.6829
82.5882
81.8556
81.169
80.3482
79.6606
79.1585
78.2131
77.9703
76.8333
76.4215
75.8421
74.6432
74.5972
75.8345
75.6535
75.6692
75.7532
76.6416
76.359
75.5825
75.3616
74.6833
75.4158
73.1763
72.2607
72.9053
72.3881
72.6906
74.4548
72.9437
72.2451
72.7072
71.1566
69.5792
70.6101
71.6365
71.9295
71.6405
70.3508
69.2767
70.5617
70.4339
71.4449
70.085
69.9078
69.0179
68.6824
68.6461
69.2432
68.254
68.7618
68.6535
68.8845
68.7049
68.2582
66.9633
66.4118
65.6061
65.7158
63.8447
63.0652
62.7511
63.275
63.6694
62.4762
61.7402
62.2456
61.2283
62.1106
60.8038
60.1535
59.8912
60.1764
60.9886
60.5064
60.3137
59.2274
59.0898
59.9085
60.1232
59.8955
60.657
59.6338
58.9781
58.6014
57.8624
58.1707
58.7674
59.1896
59.2846
60.1475
61.4771
61.4757
61.2037
59.4236
60.8046
60.4932
60.1579
60.3188
60.7321
60.0387
60.3264
60.9487
61.3529
61.0452
61.3929
61.4035
60.8244
60.9391
59.5319
60.6455
59.7956
59.5496
59.2705
58.2178
57.8867
57.2062
57.567
58.1169
57.832
58.6277
58.2363
58.585
57.8493
59.1438
58.1584
56.7641
55.4777
54.8292
54.8261
54.9206
54.7955
53.9248
53.8916
53.7056
54.3484
55.0956
55.1953
56.0466
56.4719
57.1264
57.8301
57.4818
57.2993
57.181
57.741
57.793
58.5819
58.9737
59.4489
58.8717
59.9896
58.2966
58.4169
59.0643
59.5738
59.2921
60.1511
60.4473
61.5392
61.2522
61.1265
61.6778
61.7326
62.8227
61.8052
61.9959
62.2601
62.6795
63.4786
64.645
65.1555
64.6081
65.7558
67.5174
69.5829
68.7216
68.4414
68.4353
69.4866
69.835
69.3591
68.6865
69.0085
67.7273
65.6047
66.4563
65.9096
65.9601
65.1844
65.5174
64.8674
63.4464
64.0852
65.2631
66.0687
66.7716
66.5726
65.7624
65.8228
64.6152
65.5852
64.8886
65.6626
65.865
66.1372
66.9025
65.8204
66.2797
66.9986
68.962
67.8817
68.4677
67.2763
67.5175
67.4262
68.413
67.7908
67.8256
66.906
66.9903
68.1648
69.0809
69.2397
67.7466
67.797
68.7281
69.6449
68.5998
69.46
69.9209
71.0902
70.5142
69.6145
68.3216
69.4177
70.1987
70.8005
70.4175
69.3834
68.6495
68.688
67.9148
67.16
67.6531
66.1901
65.4111
66.8708
66.4416
66.2942
65.6858
65.9717
66.9096
65.3361
65.9531
65.2862
65.1243
64.9475
63.9382
63.5697
63.4475
63.5629
61.929
60.8037
60.9319
61.5104
60.8363
61.9387
61.2654
61.7709
63.0759
62.5125
62.0062
62.9144
62.7819
61.9441
60.8413
60.2554
59.6766
60.5957
61.3958
62.26
63.343
64.1165
64.1372
63.2379
63.6999
63.9578
64.2924
64.4871
64.8611
64.0022
64.0126
63.6758
64.405
65.8234
65.5425
64.0875
63.2881
63.4242
63.8099
64.3839
65.701
66.1044
67.6139
66.4338
64.611
64.3934
63.7747
64.0434
63.1198
62.9176
62.8391
63.0328
63.2436
61.3844
61.3048
61.0384
61.3674
62.1615
62.1818
61.9122
62.6367
61.8092
61.3598
60.1367
60.4773
60.9151
61.6389
61.8861
61.8122
63.0456
63.5699
63.8999
65.3372
65.3985
65.082
65.9181
66.2237
64.3706
64.3508
65.4045
65.2695
65.5351
65.8751
65.7102
67.2401
66.7769
66.2984
64.4401
63.861
63.5136
62.6253
63.5578
64.0778
63.266
63.0077
63.7987
63.1846
63.5472
63.8569
64.225
63.9166
63.0574
63.9454
63.8219
65.3768
65.8231
65.4989
65.6287
64.9207
65.3253
65.7144
65.3264
65.5526
65.5813
66.3556
65.7998
66.031
67.0315
66.565
65.6785
65.9113
66.7825
66.2621
67.4679
66.9221
67.3963
66.3222
66.3334
66.224
67.3059
67.8895
67.8789
69.4765
68.3086
67.6926
66.4922
67.1461
68.0349
69.3901
69.9832
70.814
70.6712
70.5986
70.0326
70.3311
70.3373
70.9152
70.3642
71.1312
70.7882
69.568
68.7929
70.8231
69.7506
70.7306
70.9756
71.5385
70.2417
70.1535
69.8689
70.3312
69.4291
69.9767
69.7389
70.5135
70.5125
70.8176
71.0595
71.7672
71.4035
71.081
70.9118
71.8557
71.7335
72.6393
73.5271
73.9077
74.1007
75.2201
75.433
75.333
76.9605
76.6427
76.191
75.8845
76.744
76.4371
76.0924
77.4026
76.3457
75.0021
75.4585
76.5501
75.1074
75.9432
76.6405
76.4087
78.2165
77.0647
77.4758
77.3359
76.3783
78.1489
77.9164
77.9987
78.4883
78.9227
79.9313
80.0914
80.4792
79.8915
78.5924
77.736
79.1674
80.8141
82.2885
83.1164
82.2677
82.6409
81.2741
80.2389
80.345
81.0183
78.8612
81.0021
80.7175
80.3907
82.254
82.7866
82.7062
84.3181
85.2259
82.8519
80.8838
80.2496
80.039
79.812
79.251
81.695
83.1336
83.0946
82.834
81.8875
81.8728
80.7026
81.7769
81.4151
81.4218
81.645
82.1747
82.13
82.6889
82.1279
82.1333
83.0618
83.692
85.2765
86.1838
86.9739
87.4254
87.168
88.4502
86.9916
