99.1203
99.8473
101.505
101.491
99.9637
101.151
102.643
102.224
102.921
101.077
98.3106
99.3706
97.8032
98.5251
97.2318
97.6418
98.0458
98.1889
99.0651
98.4135
97.9213
97.6438
97.4311
97.8982
96.0867
96.1562
94.6913
92.8733
92.2944
89.9363
89.6059
88.2974
89.6767
89.3888
88.6507
88.5813
89.6937
88.2408
88.3566
89.1311
88.215
92.2686
93.4591
92.9218
90.187
91.1724
89.7936
89.7561
87.8891
87.0447
87.3549
86.9989
87.4119
87.8197
86.3449
85.3025
84.4776
84.5961
84.6647
85.4557
85.7604
85.5256
85.3359
86.1249
85.8697
86.1743
85.9093
84.828
85.2889
85.1924
84.2513
83.6451
83.9851
82.4507
82.3812
83.5094
82.1845
83.1188
81.9827
81.8842
82.2338
83.0069
82.8765
80.4776
81.3798
81.7127
81.5236
82.9327
83.0297
82.3925
82.2925
84.1341
83.2203
83.807
83.4387
82.3892
82.0704
82.0459
81.2723
82.9032
83.3451
82.979
82.7268
82.8885
82.9084
83.6265
83.1392
84.0987
82.5493
83.1068
82.6594
82.2339
82.5679
82.7341
84.5122
85.3273
85.5026
84.2162
84.9195
85.6862
83.0853
82.3745
83.0023
82.5566
81.7912
81.4034
79.1581
77.7556
77.8754
77.0592
78.2074
77.6113
78.0488
78.6068
79.0509
77.14
75.1529
76.0357
75.9807
76.2324
75.1955
76.5318
76.7817
76.5229
76.092
77.1546
75.1344
74.5114
73.9753
73.2862
72.509
73.1557
72.7158
72.1708
74.1904
75.3757
75.1852
74.1747
74.675
75.4531
75.899
77.6345
74.7062
74.2371
74.7193
74.7257
74.9717
76.6554
77.3524
76.5108
76.7208
78.3819
78.9907
79.1796
78.3756
78.6431
78.2569
78.1837
77.8293
79.0327
81.084
82.0084
79.893
79.8367
80.8847
79.0284
79.7189
80.1876
79.504
79.6505
79.0468
77.5296
76.4739
76.4282
76.6354
76.9711
76.9181
77.3491
79.06
77.632
77.9366
75.737
76.1968
76.6095
77.206
78.8465
78.7311
78.183
76.6327
75.6376
76.5148
77.4908
75.7774
76.0058
74.9935
73.9435
74.3045
73.707
72.9446
74.9399
74.0341
73.8582
72.8684
72.019
71.4208
70.7411
71.7003
71.9973
70.2841
71.8331
71.611
72.3039
73.8252
73.4366
72.3291
71.6709
71.9683
71.276
70.6657
71.8013
72.3668
71.2761
71.4276
71.243
70.3648
69.0831
67.6919
66.7422
66.9847
65.9032
65.8283
65.4806
65.4087
65.4358
67.2983
67.7553
67.6318
68.3543
68.299
67.8318
67.8176
66.4927
65.126
64.7513
65.0382
65.8502
65.1469
64.2044
65.0103
64.6768
64.3076
64.4381
63.8186
63.4135
63.6816
64.0712
65.2395
65.5117
66.9408
65.712
64.9146
65.2227
64.5728
64.7369
64.2785
64.0734
63.7299
64.2138
63.5088
64.6778
64.3701
64.29
63.3781
63.9897
64.3009
64.0888
63.6979
63.5022
63.454
63.8772
64.9286
65.2156
66.0644
66.3942
66.006
66.5869
66.5923
66.423
66.0664
63.7393
63.612
63.7384
64.2018
63.6637
62.3157
62.7631
62.8894
63.5651
63.187
64.1537
63.685
64.0034
63.219
62.6284
63.717
62.9267
62.6362
63.1046
64.2576
64.4682
64.1595
63.1916
63.0382
63.5299
64.6272
65.1505
65.5699
65.3289
63.9644
63.9487
63.425
61.9463
61.1574
61.1601
60.5162
60.3631
61.6382
61.6317
60.711
60.45
61.2151
61.4864
62.1552
62.6231
63.0095
62.8616
62.4847
64.1894
64.2445
64.4761
62.8673
63.2456
63.646
63.2673
64.5654
63.2623
63.6574
63.8421
64.6643
65.1613
64.4844
65.5555
65.3687
65.1111
65.7454
65.715
65.5279
66.9162
67.202
66.2619
66.7111
66.3616
66.9158
67.6428
68.0297
68.4998
67.9435
67.557
67.5184
66.1107
64.9118
64.2848
65.2117
66.2947
66.3596
65.5316
64.326
63.4992
62.3785
61.9824
61.9772
61.4396
61.7198
61.1858
61.7474
61.1239
60.6235
59.839
59.057
60.2853
59.3621
58.5336
57.725
57.8853
57.2566
57.3644
56.6801
56.311
56.0803
55.0447
55.7623
54.7194
53.7439
52.9412
53.7902
53.158
52.5888
52.4704
52.9857
53.6032
52.9406
52.0585
51.9668
51.831
52.2258
52.0664
51.0789
50.6461
50.9296
51.1951
52.0106
51.1963
51.6511
52.1752
52.1548
53.5924
52.9728
52.0329
52.8729
53.2989
53.8796
54.5846
54.309
54.4522
54.1122
54.7418
55.5887
55.2562
55.0157
55.1469
54.1885
54.5346
54.4451
54.0922
54.2561
54.9557
54.3475
53.7739
55.4878
55.4647
55.7342
55.5714
55.0878
54.57
55.8965
55.6942
56.3184
57.4979
58.8039
57.4381
57.9042
58.8758
58.7327
58.5593
58.5282
59.1513
59.2354
58.6698
58.0578
57.0924
57.0398
57.3738
57.8909
57.5372
57.8311
58.375
58.3396
59.1456
59.4871
59.2488
60.357
61.0967
61.3046
61.9467
61.3952
61.261
61.2135
60.8023
61.8639
62.8471
63.8421
64.6618
65.3971
65.6946
66.2978
65.334
65.4173
65.534
66.5001
65.9581
65.6726
66.4282
66.0016
66.2152
66.7312
65.2183
64.3034
64.1885
65.4283
64.4405
65.1887
65.0686
63.7667
62.7292
62.2356
61.4751
60.8411
61.2953
61.3856
62.7953
62.5065
63.0816
62.4811
61.9337
63.6711
64.7795
63.8366
63.8084
63.5978
63.3173
62.1943
61.8619
61.5904
62.3017
62.5742
62.6489
61.6671
62.689
61.8043
62.3736
63.0045
63.5682
63.986
64.5326
64.5984
65.8026
65.8535
65.0582
66.2395
66.3212
65.5681
65.2326
65.7667
65.7622
65.4648
65.1833
66.0367
66.4761
66.685
65.7726
65.0409
64.6492
65.4421
63.794
62.611
62.5848
61.9102
59.666
60.2727
60.0852
60.1297
59.7008
59.4984
59.2249
58.9492
58.8184
58.618
59.1236
59.8331
60.2357
