97.7678
99.0546
97.0995
96.2555
95.4668
96.5001
97.4517
98.0703
98.1642
96.8296
95.6738
94.755
95.2248
94.087
93.4787
94.282
95.5188
94.0906
92.0191
92.958
92.8895
92.7182
94.7751
92.907
92.2969
93.1209
93.2419
92.874
94.6864
94.3486
94.1415
94.9219
95.1143
96.1731
95.3792
95.1335
94.1709
94.7356
95.0016
95.3576
94.722
94.8007
95.1674
93.1316
92.9195
93.0232
91.4052
92.1845
92.0179
90.8142
90.1786
88.4926
87.3246
86.6394
87.8433
88.0559
86.7363
87.3629
88.2274
88.2613
86.7551
85.4435
86.6453
86.4349
84.9401
84.9883
85.4626
86.2784
85.7239
85.4592
86.2658
86.3869
86.8293
86.6563
85.7584
84.9546
84.1741
82.6251
81.1899
80.8228
80.2811
79.8818
78.5859
79.7858
79.524
77.5596
78.732
79.3808
77.4819
77.6237
77.8061
77.1667
78.2179
77.9829
76.7381
76.6399
77.731
79.0759
78.9099
77.5265
75.7142
77.2405
77.2502
78.2455
81.2213
82.4681
83.0938
84.7749
84.8022
85.9086
85.6271
86.4735
85.6526
83.1776
83.7165
83.4297
86.0052
85.7877
85.962
87.493
85.839
85.7208
85.8374
85.7321
85.2263
85.0085
85.5626
84.9689
83.9266
82.8292
81.73
80.8284
79.832
79.7356
79.3069
79.3134
79.9297
79.1541
79.5146
79.261
79.4712
79.644
78.9804
79.8745
82.5304
82.5775
82.8397
82.3628
82.5074
83.4088
83.8672
82.9896
83.7998
84.7486
83.5779
85.2468
84.4637
83.7588
83.3917
84.027
84.0794
82.8912
84.1147
83.5587
82.9868
83.5037
82.5002
81.241
80.7681
80.8267
81.7607
82.4025
81.4328
82.3792
82.8001
84.7147
85.4178
85.0129
85.2034
85.0772
86.723
84.5934
83.4574
83.3715
82.82
82.3167
81.7809
82.5135
83.8157
84.2549
84.1105
85.6327
86.8094
86.9154
86.6924
86.941
86.4849
86.3343
86.4631
86.513
87.0829
86.6578
86.9104
87.5966
88.865
90.4433
89.7924
88.6917
89.4106
88.9152
90.0526
90.9084
91.6731
91.2904
89.4298
87.5962
89.285
91.2779
91.3312
92.8892
92.9118
94.922
97.5498
97.9768
97.3258
96.6721
98.688
99.3405
99.6452
97.5915
97.9735
97.6414
97.8906
99.5142
98.7404
97.3921
98.7076
96.8874
96.5966
97.6007
99.7522
99.306
99.6868
99.8372
97.4697
98.5276
101.219
101.088
100.992
98.7361
98.9181
99.5238
100.245
101.98
103.04
103.513
102.611
101.02
102.653
101.363
100.094
102.925
103.704
103.461
103.611
101.378
101.156
104.019
105.978
105.038
104.206
102.804
103.162
103.695
101.045
100.991
101.571
103.655
107.527
109.34
109.319
107.926
108.115
107.154
107.83
104.975
105.628
108.078
105.929
106.559
106.545
106.286
104.502
104.93
106.66
106.189
104.71
103.57
101.117
102.089
102.313
103.74
102.694
101.278
101.59
101.057
102.193
102.172
100.411
101.2
100.713
101.283
98.049
96.977
95.4751
94.9123
95.331
96.0085
98.6916
99.6376
101.076
102.485
101.4
101.853
101.428
101.383
103.299
104.645
104.709
103.058
102.809
103.928
103.415
103.559
103.269
101.864
103.445
103.058
102.761
103.68
104.826
105.442
104.215
102.775
102.432
103.749
103.737
104.617
104.108
105.567
104.834
105.801
103.896
102.356
100.821
100.197
99.2467
99.2233
99.0427
99.997
101.141
103.993
104.9
107.845
108.051
112.079
113.58
113.359
113.788
114.105
114.523
116.324
116.549
117.133
117.045
117.722
122.006
120.742
120.791
121.315
121.911
120.515
118.028
117.984
118.069
116.146
119.945
118.124
119.356
119.226
118.242
118.999
120.106
119.502
116.882
118.099
119.899
119.058
119.849
117.312
117.982
117.434
117.99
117.147
115.839
114.834
113.784
113.734
111.904
110.479
111.047
111.997
112.91
111.011
108.676
108.977
107.406
107.741
106.648
105.411
105.504
105.154
106.085
106.33
109.608
107.92
107.721
107.57
107.746
109.071
109.954
110.622
109.747
108.065
109.244
110.16
110.788
111.708
113.635
113.952
112.825
112.2
108.824
109.374
108.348
108.74
109.969
109.01
108.741
109.522
107.998
110.424
110.598
112.701
114.556
114.836
115.097
115.56
115.582
115.244
116.259
118.047
117.219
116.581
120.593
121.008
121.491
119.967
119.913
120.346
117.099
114.302
111.874
112.289
109.224
108.802
108.019
107.827
107.638
107.607
108.448
107.437
106.785
106.611
106.15
105.864
104.554
103.961
105.124
101.771
102.335
102.994
102.819
100.349
101.174
100.962
101.789
102.625
102.4
102.212
99.9461
100.648
101.482
99.6154
100.404
97.0099
98.3765
100.179
100.374
99.053
100.396
101.421
98.5046
98.137
98.4119
98.2409
99.7273
101.263
103.521
104.364
105.431
105.149
105.941
107.974
111.339
112.506
110.481
107.294
106.578
107.395
108.072
109.032
108.671
110.412
109.563
109.389
108.702
109.319
111.465
112.489
114.379
111.844
112.919
110.904
111.992
112.208
112.591
114.499
114.094
113.868
113.006
114.677
115.636
116.31
115.987
117.227
114.037
116.257
117.505
115.298
115.418
114.822
114.158
114.348
115.326
112.519
113.206
110.651
109.345
108.124
109.36
108.614
111.745
111.758
114.379
113.953
114.461
113.985
110.927
110.957
110.178
110.111
107.161
106.429
106.23
104.316
104.98
104.827
103.308
103.871
104.599
105.824
104.677
102.59
105.001
104.218
103.999
103.536
102.599
102.311
