98.1687
97.0264
95.5132
94.4237
93.4735
93.4008
93.8805
92.7536
92.0505
92.3606
91.8068
92.3043
93.3669
91.5843
89.4701
88.3527
87.8125
88.1317
88.3625
88.0238
87.0926
87.1857
86.866
88.0681
85.814
86.99
87.4526
87.8413
86.6057
87.1048
87.9176
86.1136
85.837
87.6072
88.0789
87.0601
88.2735
87.9916
87.8239
88.7893
89.4892
88.7918
89.0324
89.4669
91.4664
91.6013
91.7323
92.3625
94.2797
91.4881
91.4603
90.4387
89.0066
89.636
87.8387
87.6082
89.1388
88.5183
87.469
88.3913
86.4112
89.3481
89.2535
87.7091
87.7174
85.1669
85.4324
84.9491
84.1531
84.0054
83.2261
82.4737
81.0763
80.7085
82.9166
82.4616
82.5429
81.8899
82.845
82.581
81.0437
80.6783
80.558
79.2697
79.6504
81.0625
81.4219
81.5293
80.7657
81.1921
80.4981
80.0141
81.5379
80.3432
81.4618
82.6275
83.4821
85.2923
86.1463
87.3464
87.2409
87.171
88.6955
89.5272
89.2593
89.0157
89.5584
89.0062
87.7983
90.6751
90.6948
89.4727
90.0848
91.3745
90.1383
90.4482
88.8967
89.1279
90.7799
89.9449
89.93
91.2741
92.5506
92.3707
92.8381
91.8445
91.3275
92.817
93.5958
96.032
97.0376
97.6269
98.213
97.1795
96.5139
97.2471
98.3386
98.9269
97.5776
96.9145
95.9631
95.0136
94.0878
92.7811
93.3532
93.9722
94.6997
93.1607
95.2426
93.3394
95.3843
94.8362
94.7589
93.1917
93.9353
91.1299
91.3617
93.0188
93.4055
92.0364
92.5586
89.1778
89.1112
86.8806
84.1498
84.0452
84.9261
85.1989
84.498
84.9016
83.3406
82.1981
82.4639
82.8106
81.409
81.2785
82.0219
82.545
83.931
84.2955
86.364
87.1062
89.6292
89.9365
89.9286
90.8472
91.038
91.1923
90.8203
92.2655
90.6953
91.3772
92.0642
93.3441
91.5637
91.9138
93.3088
92.8933
93.8241
93.9719
91.4238
92.3324
91.1998
91.2083
90.7083
90.4005
91.2712
89.8377
88.9998
88.5452
89.1858
88.8086
89.5305
88.9705
88.7172
88.5574
88.2593
86.2437
84.9827
85.7058
85.0204
83.8153
81.1562
82.475
80.6519
81.0637
79.9065
80.5477
80.0749
78.4602
77.5232
79.1492
77.9572
77.878
77.2874
77.1955
76.9437
77.6225
78.4558
77.695
75.825
76.2288
75.6103
75.5793
76.336
77.8528
77.3927
76.6032
78.4536
78.5402
78.7037
78.5398
77.6578
79.4876
80.3638
81.4003
80.9233
80.5076
80.5443
81.7815
81.6913
81.7266
79.8349
79.4883
80.2057
79.4953
80.9845
81.6011
81.4626
81.0081
80.9848
81.6185
82.4294
83.0844
81.8344
81.1899
80.8244
79.8476
79.6719
80.0229
80.9345
82.0179
81.4175
82.6492
83.847
83.1971
81.9666
81.6691
82.397
82.1206
82.1832
82.2918
81.2082
80.8643
81.4796
82.3011
81.498
82.6157
81.877
81.0743
81.253
82.1302
81.724
81.1378
81.5781
81.6613
79.5086
78.0344
79.2448
78.0774
77.6213
77.397
77.0652
76.8095
77.7563
76.6845
77.7338
76.8989
77.9801
78.0746
77.6717
77.0111
75.1285
75.3314
74.6173
75.2604
75.5754
75.1394
74.5183
75.2717
75.6897
75.9746
74.7018
74.1391
75.2361
75.6309
76.0861
76.1762
78.0041
77.6669
78.4553
78.85
78.7095
78.4819
78.3054
77.1592
75.9296
77.2606
76.5097
77.9624
77.7159
78.0542
78.4159
77.1495
77.3669
76.3581
76.2602
75.9206
76.9498
77.2518
74.9241
76.9753
77.6061
77.5867
76.2588
76.0473
75.0544
75.2484
74.5909
73.9492
72.776
73.6546
71.1456
70.7466
71.1217
70.9948
69.9722
68.9283
68.3497
68.077
67.4085
66.16
64.6198
66.7779
64.0162
63.4651
62.7645
63.4176
63.4118
62.8505
62.3361
61.7401
61.2366
60.8904
60.6207
60.8613
60.6628
59.7066
59.5673
59.7618
59.2848
59.672
60.7545
61.7646
61.8456
62.0361
62.5689
63.5441
63.4824
62.3834
61.9825
60.9235
61.3957
62.0969
60.4663
60.6731
59.084
58.4891
58.0613
57.8831
58.7041
58.6769
58.6568
59.7676
58.7118
59.3498
59.4678
59.9093
58.8077
58.9821
57.8423
58.1531
58.386
58.5475
58.3361
58.2487
56.7347
57.0239
57.5226
56.6132
56.189
56.7038
57.8543
58.4183
58.8952
58.769
58.6405
59.298
58.4145
58.723
58.593
58.0306
57.6052
57.5067
57.6038
58.1684
58.1181
57.6367
57.6171
58.4661
57.8958
58.1559
57.5776
57.4318
56.7423
57.5679
56.7468
57.3481
57.4954
57.6079
56.0387
56.481
57.2562
57.2409
56.8869
56.6124
55.8566
55.7263
56.6548
56.0316
56.1583
56.768
57.3395
56.2413
57.1285
57.1345
55.6683
54.7413
54.941
54.762
54.1286
54.1234
54.4999
54.4846
53.5453
53.1248
53.9377
53.0998
53.076
52.5622
52.603
52.7585
53.0877
54.4636
54.384
53.6272
54.5215
53.6322
54.2071
54.4352
56.2355
55.2118
54.7692
55.8556
54.1036
52.8663
53.3617
53.7945
54.5643
55.5714
56.0401
55.6484
57.7764
57.2165
57.9784
57.2203
56.228
56.2363
56.0666
57.3942
57.8598
57.9248
58.6177
57.5001
56.4485
56.986
57.6342
58.076
57.8438
57.9799
58.2974
58.3781
57.0655
57.162
56.0348
54.8812
55.9279
54.5121
54.4036
54.109
54.7916
55.2186
54.2128
54.7444
54.8683
56.131
57.5324
55.7643
55.9487
56.779
57.2209
56.2564
56.4176
56.0009
55.8379
56.8136
57.0149
57.6193
57.2404
57.7884
57.8791
58.4205
58.2417
59.6211
60.2317
60.2174
60.7186
60.9357
60.4435
61.2128
61.2929
61.8694
62.5205
62.3894
62.3583
62.1256
62.3089
63.7866
64.5458
64.1571
63.5227
63.9206
64.4387
64.4637
65.0499
64.1404
64.6043
66.1087
66.8336
67.9702
