97.394
98.1201
98.3969
97.6428
97.8711
97.4585
96.2511
95.3074
95.9277
96.1574
97.3148
97.9172
98.6074
101.669
101.819
102.672
103.046
102.252
100.562
101.018
99.3809
100.206
99.0757
98.5454
97.7038
97.5236
96.2067
96.8635
96.8199
96.1027
96.6636
97.4559
96.1425
97.8672
98.3706
94.8175
96.2477
94.1491
92.8079
92.0601
93.3445
92.9161
91.6906
90.8825
92.0241
90.6569
89.792
89.8297
90.7447
91.3938
93.6638
95.6292
95.4604
95.9752
96.2367
98.651
100.665
99.3152
100.817
100.554
100.372
99.2468
99.4801
98.9997
98.4407
98.3645
98.913
100.469
97.3501
96.5232
93.7362
92.6653
93.4618
94.5347
93.5691
94.6446
95.6996
94.6646
95.3484
96.095
97.1432
99.6164
98.278
98.3051
99.5452
100.143
100.701
97.7939
97.1571
94.5078
95.9718
95.5841
93.8047
94.0481
93.8713
94.8179
96.0918
95.5412
96.3805
98.7515
97.6638
96.7144
98.0698
98.0025
96.4525
95.8009
96.6149
95.7317
94.23
94.0438
94.8578
95.5927
95.7637
95.9869
96.4331
96.0027
95.558
96.6295
96.2429
95.2721
96.9924
98.2164
98.648
96.4197
95.8901
94.8157
95.5905
92.5544
94.3701
94.9176
96.1669
96.8543
97.657
98.61
100.62
100.484
99.3262
97.9827
97.5873
97.8208
97.7017
97.4401
97.0643
98.5488
97.7814
96.0313
97.0444
95.2337
95.5097
97.154
98.0795
98.7529
97.5352
98.114
101.456
100.665
100.808
100.8
102.815
104.538
104.132
101.233
99.7302
98.5226
97.1756
99.2202
98.2294
96.5313
95.2543
95.6301
95.5636
96.3451
95.2563
94.7901
94.1971
93.5058
92.3931
93.6745
93.1304
92.2976
92.7317
95.1395
95.9871
95.0698
94.5139
94.231
93.0049
92.8222
94.0547
96.341
95.0768
93.945
93.786
93.3984
94.1759
92.61
93.6154
93.1842
91.8349
91.0211
88.2085
87.528
88.9228
88.6355
88.5433
88.2875
88.0004
88.6447
88.806
89.9758
89.63
88.0984
90.4268
90.0895
89.6169
90.4404
89.9468
90.0384
89.1983
89.2724
90.1588
89.2757
88.5459
89.2663
89.7727
91.0533
89.674
89.4337
88.1812
87.6955
87.5676
88.5552
89.1652
90.7203
90.4033
91.0855
92.1727
91.6464
91.9868
92.7196
95.7072
96.0194
96.1905
94.7036
95.1693
94.2968
95.8311
95.9524
97.0088
98.2424
96.3602
97.3181
96.7367
97.6012
97.8061
98.8046
98.6087
98.8067
98.1202
95.4516
95.3304
94.9324
97.1004
95.828
95.1978
95.8887
95.7384
97.8962
96.0043
95.6327
96.1804
95.5181
96.0607
96.5721
97.8681
97.3312
96.4937
95.1907
96.8312
99.1274
98.9192
99.4238
100.064
100.243
99.5003
97.7087
97.9231
99.5168
96.7956
95.5973
93.2219
94.7748
94.7039
94.9492
95.9978
95.9237
95.0714
94.6193
95.0702
93.9483
94.5576
94.3506
95.3563
96.0795
96.5239
93.2345
93.513
92.947
92.1895
93.5617
93.3268
93.5837
94.3547
95.3194
96.1352
96.5977
98.0185
97.6809
94.6844
94.4155
94.0517
95.5635
95.708
95.6986
97.2993
97.3879
96.587
95.7134
96.2949
95.8968
94.7841
95.738
94.7594
94.2868
92.0824
91.1597
90.2145
89.3962
87.1623
86.3122
84.7867
87.5095
87.3717
85.9361
87.142
86.7087
88.057
87.8517
86.0227
86.2469
87.0387
87.1097
88.2682
87.3263
88.2813
88.2368
88.7949
89.2521
88.7962
89.9766
88.8486
85.518
86.9772
88.002
88.6454
88.5687
88.4174
90.0023
88.707
87.4324
90.5317
91.49
91.391
92.1186
92.7633
92.2316
91.7862
92.4808
94.097
92.6512
92.8755
91.1565
90.3569
89.2945
88.199
86.8302
86.7385
86.7454
85.8676
84.9694
86.7367
85.0859
83.8394
84.4621
86.1186
85.28
87.3093
87.5925
89.152
87.8523
89.5408
91.4233
91.4311
89.344
88.7243
91.1552
90.9742
91.8865
92.9117
90.8588
88.1123
88.6936
89.2784
89.563
89.7204
92.0375
91.0494
90.5596
90.1294
90.3839
89.7152
90.4553
89.7577
89.5047
90.8704
91.0491
91.3392
92.7737
91.6166
91.3951
92.3124
91.6722
91.7269
91.2446
92.8124
92.5332
94.1601
94.6895
95.1059
95.1974
94.8048
95.3656
96.3293
92.8759
92.8735
95.0006
94.1074
94.2981
93.7346
92.7744
94.6688
93.6121
95.2186
93.111
90.476
90.2834
88.8643
86.6811
86.6534
86.2317
86.9609
85.7724
85.7784
85.3063
86.1519
86.2104
86.6866
87.3004
85.1866
83.833
84.2576
84.583
83.5924
83.0847
81.1784
80.9509
80.0012
77.9755
77.641
77.3425
75.8183
76.4565
76.9212
77.8863
75.528
74.9632
76.0249
76.0467
76.0347
76.37
76.794
76.9306
75.1021
74.8742
75.6632
74.872
75.9744
78.5502
77.5021
75.9435
74.537
73.289
73.2623
74.5134
74.6635
75.1631
75.4149
74.1992
71.5508
70.8458
70.1648
69.4427
69.4076
71.7826
70.5181
70.0731
69.7422
69.6353
70.0641
69.4893
69.2636
69.6156
69.0362
69.5773
70.0529
69.6475
71.5072
71.3432
71.7024
72.3335
72.2586
70.6785
71.2233
70.234
69.6537
69.0213
68.4818
69.7757
70.9279
70.857
71.0266
70.0249
69.6468
69.6824
69.7882
69.357
69.5793
70.6256
70.2417
69.6889
69.9968
70.4025
69.5899
69.1127
69.0844
69.0368
69.5195
70.129
67.828
68.6388
68.6391
66.3548
66.9477
67.5592
67.2396
67.4387
66.3392
66.5103
65.7343
66.2945
65.6887
65.3509
64.8919
64.1705
64.1612
64.9402
64.6193
64.2922
65.4869
64.8338
64.8849
63.7313
63.6392
63.4097
63.272
62.2393
61.2322
61.1375
60.7182
60.1553
60.1863
59.567
59.6324
59.524
59.4263
58.0998
58.1388
58.9439
58.5691
58.5564
