99.0994
98.4159
99.7959
98.4534
100.068
101.153
101.064
99.7362
99.0084
99.7731
98.5615
97.8789
97.0188
98.0155
99.5704
98.5612
99.4274
100.52
99.2279
100.351
99.6104
98.5162
97.7591
97.759
98.7951
99.3833
99.2211
98.9917
97.7496
97.471
97.9355
97.0122
96.7502
98.9123
99.7006
100.985
101.719
101.48
100.969
100.792
100.81
100.354
100.762
101.05
102.846
103.394
102.791
101.903
102.245
102.143
103.802
102.132
96.5505
96.5992
98.3604
97.7892
97.8295
100.135
100.247
99.6528
99.4761
99.1565
100.227
104.054
102.637
102.102
101.354
98.8757
104.28
105.178
105.285
102.76
104.181
105.39
105.447
103.209
100.511
100.79
100.364
102.665
101.374
102.445
102.45
102.008
99.9302
99.0976
99.0499
97.8866
96.1774
95.3042
92.3621
90.927
90.4754
89.684
90.4295
90.2337
91.2654
92.3085
92.2945
92.9517
91.8007
91.9573
94.7558
95.5947
97.4642
98.3276
97.2301
99.8522
99.5626
96.6095
96.2827
96.8032
97.822
98.1272
98.8306
99.838
99.8175
99.9664
101.255
101.734
100.423
98.7303
96.6142
96.8426
97.1089
95.3006
93.7698
95.8849
96.1616
94.4532
94.2677
94.8034
94.6533
95.5119
94.8634
96.956
95.9285
95.9998
96.1713
97.541
96.3102
94.0214
93.6353
93.3068
94.4108
93.5394
93.939
94.0678
94.5504
95.1136
93.1846
92.2336
90.8449
92.9325
93.7125
96.6056
94.8237
95.0623
93.5436
94.4929
94.9222
95.7535
96.5328
94.8414
94.9156
94.3387
95.7021
94.2521
94.7007
95.2343
95.4769
97.6553
97.1677
99.1578
99.5401
101.131
99.8453
100.208
100.358
99.0763
100.498
98.7336
100.094
102.468
103.167
103.553
104.89
105.875
106.967
105.961
107.81
105.98
104.015
104.92
104.451
101.943
103.261
101.397
102.287
101.212
101.971
100.609
100.685
100.516
101.664
100.603
102.298
102.567
100.24
98.3909
97.8644
97.5618
98.1477
100.55
101.395
100.951
99.7289
100.346
98.9802
98.7838
100.025
103.094
105.197
108.018
109.303
110.497
110.14
110.125
109.686
112.302
112.094
111.477
110.224
111.655
111.372
113.847
115.718
114.068
110.809
110.856
109.392
111.13
109.974
109.603
110.253
112.2
110.803
111.567
110.723
110.365
110.342
110.098
108.337
106.134
104.962
105.267
104.548
104.448
104.811
104.776
107.845
106.05
107.36
107.63
105.976
107.716
108.236
108.797
108.973
107.033
107.335
108.655
108.556
108.711
109.106
110.469
111.173
113.056
109.322
110.226
112.439
113.96
114.151
114.949
113.181
110.435
112.671
113.5
113.304
113.609
114.002
110.935
111.254
109.713
107.142
107.643
105.98
105.41
105.149
104.397
102.441
101.915
101.974
100.289
101.014
100.571
100.237
102.735
103.765
103.809
102.629
101.798
102.08
104.937
105.566
105.682
104.433
104.843
104.475
106.744
106.403
104.933
102.836
103.557
104.305
106.055
104.276
105.311
105.26
106.743
108.11
105.837
105.995
105.899
107.68
107.556
108.72
111.795
111.017
110.727
111.31
108.51
106.57
105.634
107.587
106.733
106.366
107.118
107.884
108.897
110.339
110.194
108.05
107.208
107.055
108.277
106.33
103.848
103.565
102.126
99.4103
99.7609
100.215
99.8103
100.134
101.019
101.695
101.324
101.189
101.703
101.983
100.842
101.166
101.14
102.026
103.914
105.156
105.725
106.185
103.188
102.252
103.279
101.314
101.659
101.509
102.945
100.916
101.809
101.562
101.317
102.733
102.842
101.596
100.647
99.5807
98.1776
97.0812
96.8982
96.9004
96.2786
96.5429
96.8301
97.9455
100.567
99.6728
99.6084
99.8137
99.481
99.3248
100.891
100.663
102.381
102.158
101.27
100.268
101.8
103.44
104.448
103.104
103.357
105.119
104.767
104.923
106.708
107.523
106.522
108.404
108.314
106.406
107.429
108.087
108.095
108.18
107.693
108.325
107.475
107.22
106.223
104.923
104.846
105.194
103.149
101.524
102.227
101.602
101.186
100.488
99.4841
98.5767
97.853
98.1089
98.317
99.7653
97.951
99.4995
100.737
101.327
100.126
99.7973
98.272
98.3534
96.1273
96.4428
97.8525
95.4492
94.5935
96.1346
96.8169
95.7334
97.5021
96.6381
96.249
96.9547
96.9419
96.7091
96.1714
94.7541
93.1129
93.0404
91.7402
91.6335
89.2684
89.273
89.1009
90.419
90.9965
90.725
90.292
89.3993
89.9477
93.8887
91.5191
91.3604
91.5248
91.2769
91.7545
89.2913
88.4851
89.8387
89.1252
89.2668
89.108
89.2562
90.8829
89.0145
89.9362
89.3414
91.0516
89.8944
89.1354
90.3937
90.5699
91.0364
92.9952
93.4758
92.9482
95.0253
93.5546
94.5736
96.5571
97.9345
97.6642
96.8406
97.0901
96.45
95.8163
95.8605
95.9978
97.58
97.7396
96.5402
96.316
97.3164
97.4204
98.6066
101.051
98.954
98.9573
101.506
98.8535
98.7707
97.9957
96.9579
96.9055
97.3513
98.6294
99.042
98.312
99.0739
98.1055
98.349
97.7378
98.8883
98.3082
96.2864
95.2349
93.4877
92.1633
94.0024
94.8314
95.0393
97.5812
96.3718
97.041
98.1854
98.3131
100.016
100.788
100.294
102.369
102.645
105.736
103.616
102.776
101.319
100.593
98.0593
98.2264
99.0282
98.6143
98.102
100.161
101.481
100.575
99.7255
101.319
101.614
99.7646
99.2334
98.0014
98.1704
98.2459
98.3137
96.9237
98.6183
95.7029
96.4509
97.2646
99.3086
101.164
