101.214
100.458
99.3214
100.219
100.874
101.266
103.8
103.38
102.723
102.12
103.677
104.241
102.601
103.501
100.746
101.532
101.393
101.893
101.435
103.936
103.307
105.48
103.802
102.388
102.831
100.294
100.578
102.6
101.273
102.234
100.569
101.301
101.194
103.212
104.358
104.879
105.871
104.26
102.643
101.077
102.031
103.024
103.761
102.186
100.103
99.8997
99.1408
100.167
100.64
101.484
101.196
100.203
100.119
97.7296
98.4726
98.7497
100.719
102.487
104.139
105.075
104.405
104.93
103.43
103.44
103.521
103.815
103.815
102.783
104.305
102.658
104.364
104.724
106.404
106.98
108.608
110.37
109.98
110.805
109.07
108.375
107.317
106.095
105.495
107.047
106.207
108.002
108.917
107.224
107.872
108.146
108.833
107.163
106.443
108.166
107.465
107.211
107.704
108.096
109.465
109.728
109.819
110.722
109.791
108.437
108.732
106.689
104.945
104.812
105.373
103.692
105.919
105.666
104.655
104.553
104.757
105.538
105.805
108.064
111.132
111.252
111.949
109.411
106.896
105.377
103.893
105.143
105.711
106.135
105.405
103.528
103.992
104.746
104.019
104.124
103.834
104.648
105.121
104.012
105.042
104.031
107.761
107.656
107.138
107.421
105.706
105.212
105.363
103.648
103.935
103.424
104.651
104.095
106.16
108.422
110.591
109.73
111.064
110.53
108.552
106.674
106.383
105.348
104.914
105.247
105.924
108.107
110.211
108.556
108.569
109.242
109.447
108.983
110.14
110.609
110.019
109.942
112.396
112.298
112.449
110.874
111.379
111.476
112.133
111.36
111.15
113.187
114.548
114.758
112.445
111.039
111.154
112.037
110.667
111.12
113.213
113.064
111.226
109.87
112.213
113.786
112.053
112.99
112.619
111.237
111.556
110.277
111.408
111.554
113.393
111.487
114.814
117.292
115.671
116.636
116.828
116.703
115.954
114.248
113.775
114.756
112.778
114.429
115.754
116.857
116.447
116.458
118.677
117.664
115.531
116.761
115.703
117.387
115.469
111.937
112.18
110.935
112.81
112.037
111.144
112.722
115.761
114.203
113.212
114.024
113.489
113.909
114.527
111.945
112.565
110.304
112.601
111.219
110.775
109.935
110.024
110.952
109.617
109.876
110.666
111.848
113.423
113.438
113.125
113.342
114.862
116.67
117.054
115.915
115.492
115.758
116.005
116.358
118.478
116.308
117.785
116.368
113.834
114.39
114.853
114.37
113.271
115.195
115.067
115.575
117.172
116.136
115.474
115.313
114.143
113.39
113.254
113.172
111.155
112.391
113.138
112.857
114.421
112.928
113.278
113.29
112.294
112.499
112.93
114.543
118.183
117.084
116.931
115.729
112.383
112.822
110.241
108.734
108.334
109.29
108.072
107.108
106.647
106.291
108.129
107.401
104.934
102.896
102.265
103.05
101.998
101.739
101.212
100.836
101.407
100.775
101.784
104.234
104.231
104.949
103.311
102.132
104.489
105.406
103.588
102.587
102.025
104.297
102.64
102.671
100.98
100.327
100.833
100.735
98.491
97.3547
96.9099
96.6143
97.9244
98.1687
96.0148
96.1249
96.6322
98.0753
94.8803
93.884
96.251
96.1531
96.1957
95.9397
95.5459
97.6915
99.4926
98.816
97.3663
98.5017
99.0255
98.6287
100.824
101.226
99.7214
100.251
97.3835
98.1244
98.8574
100.878
99.7108
100.208
99.9932
99.5243
99.5494
99.101
100.137
102.647
101.297
103.5
104.872
105.532
105.181
105.346
106.746
106.134
106.754
107.818
110.512
111.744
112.885
110.369
109.165
110.375
108.938
110.149
111.404
112.116
110.371
109.979
107.479
105.577
106.114
105.718
107.272
105.984
105.141
106.956
107.543
108.726
106.636
108.935
110.262
111.2
111.912
111.593
114.366
114.289
114.697
114.996
115.964
118.022
121.594
122.205
123.287
124.838
125.01
123.198
123.389
124.127
124.284
125.78
124.738
126.078
127.098
126.229
126.452
125.965
124.883
125.074
124.327
126.466
126.323
127.377
123.465
121.293
120.081
121.382
119.247
117.628
116.817
116.677
116.188
114.552
115.698
116.937
115.384
112.687
114.161
112.959
113.079
114.883
116
115.254
115.195
113.783
116.174
116.89
121.279
119.175
121.615
123.193
123.471
123.842
123.671
124.257
125.367
124.856
127.23
126.661
128.579
126.966
126.588
126.126
126.865
126.234
125.179
126.662
124.19
123.541
125.66
124.304
123.924
124.829
125.009
128.066
130.335
130.716
130.653
133.153
133.55
135.117
134.517
136.414
134.623
132.498
130.273
130.383
130.696
129.024
129.244
129.231
129.172
130.199
132.693
131.459
131.211
134.088
134.725
134.627
136.32
136.558
138.837
139.935
138.851
136.722
137.06
136.765
138.104
137.799
139.602
140.305
143.62
144.722
147.257
146.394
143.479
143.679
142.386
141.429
143.335
143.02
143.188
142.513
141.195
138.721
138.173
137.785
136.846
137.371
137.499
137.641
136.562
139.615
138.939
140.22
143.881
143.221
145.04
144.928
145.523
143.017
139.814
140.147
139.114
138.841
138.084
137.329
137.592
136.034
136.074
135.626
135.152
139.211
139.267
137.022
139.117
138.093
141.221
140.588
138.582
139.391
136.393
134.5
133.225
128.097
129.388
127.662
127.963
130.388
