99.1232
97.5238
96.7602
99.8305
101.595
102.226
100.969
101.643
101.486
102.108
100.768
101.031
99.9035
98.9562
99.3423
96.4678
94.425
94.8632
96.4518
97.6982
97.4496
97.5979
99.8647
100.092
100.179
98.9795
98.9917
99.4082
98.3463
102.224
103.817
105.915
103.389
102.018
101.794
100.152
99.1877
100.586
104.992
107.175
107.34
103.51
104.23
104.3
103.938
102.646
101.633
100.9
101.702
102.549
103.063
103.74
104.608
106.46
106.863
108.482
108.097
108.021
106.973
107.294
107.522
108.663
107.091
109.54
108.832
110.591
110.871
110.066
108.251
112.216
111.451
111.238
110.405
110.109
109.856
109.475
110.308
111.228
114.062
114.388
113.702
112.081
113.526
113.263
110.928
111.479
110.044
110.424
111.198
110.719
110.919
111.467
110.167
108.594
110.83
112.319
113.527
114.721
114.916
113.279
115.8
117.374
115.706
114.836
116.188
117.931
117.504
118.632
117.934
117.663
117.496
117.037
116.728
119.446
119.117
117.815
120.69
119.881
117.193
118.216
120.285
121.875
120.41
119.081
118.302
115.294
111.171
113.527
115.093
115.63
113.622
113.218
112.411
110.602
110.22
111.397
112.84
115.809
114.757
115.638
115.827
115.039
114.836
116.016
118.352
116.849
116.1
115.558
117.858
115.101
115.822
115.588
115.791
113.536
114.772
112.469
111.918
112.289
112.433
112.454
111.426
111.253
109.32
108.824
108.964
107.357
105.597
108.318
105.983
103.995
105.752
106.667
104.301
104.208
103.686
105.682
107.423
110.444
107.925
109.231
109.311
107.946
107.612
108.786
109.172
108.236
107.751
107.38
108.62
106.777
106.354
108.528
109.839
110.009
107.426
107.354
104.031
102.657
103.496
103.518
103.033
102.953
102.216
101.676
102.181
103.81
103.719
104.372
103.691
105.135
103.214
101.468
102.101
101.979
102.428
105.392
105.323
106.601
105.02
104.969
104.439
103.259
104.681
107.556
106.219
107.973
110.089
109.432
111.034
110.692
109.794
108.553
110.568
113.864
112.868
113.974
116.499
118.178
118.954
121.122
120.895
123.59
122.347
122.011
123.987
122.999
123.072
120.87
120.656
123.187
120.404
121.037
121.189
123.315
123.326
122.633
123.03
122.644
120.916
120.311
123.941
125.916
122.586
121.194
121.025
121.547
126.59
128.671
127.721
129.397
128.073
125.291
124.794
123.394
120.182
121.458
120.398
119.496
120.095
120.381
119.798
118.972
119.027
123.575
125.578
123.509
124.563
123.63
120.369
119.52
118.487
116.713
119.08
119.406
120.133
119.425
116.318
116.191
115.999
120.073
120.151
118.48
116.433
116.812
116.312
115.591
114.556
112.81
113.36
112.656
113.17
112.831
114.507
114.468
117.321
119.162
123.213
120.164
122.352
123.6
121.854
119.848
120.005
119.158
120.177
119.15
120.848
121.359
120.829
117.532
116.324
115.415
114.379
111.701
108.958
107.637
108.08
107.741
108.678
107.283
109.167
108.423
108.629
108.837
106.492
107.483
106.365
106.418
106.76
106.807
107.306
106.542
106.06
106.836
107.725
104.252
103.221
106.771
107.885
106.954
106.372
107.489
105.181
104.675
105.695
106.882
106.939
105.703
105.984
107.06
106.397
106.757
104.205
103.972
104.472
105.565
103.82
102.624
103.808
105.26
106.615
106.27
105.931
107.151
107.284
104.878
106.741
106.651
105.994
105.068
104.565
106.457
108.748
106.859
105.624
107.002
107.249
107.286
105.489
104.409
103.729
102.973
103.086
104.205
103.799
104.003
104.164
105.635
105.202
104.415
102.843
102.198
99.2914
99.6284
98.674
99.2097
97.1543
97.5429
96.592
94.9561
96.5991
96.4807
97.9721
96.8358
97.9522
96.1484
98.795
100.479
99.1068
98.9835
97.5983
96.8795
99.0366
98.6387
99.796
99.5241
99.056
99.8289
97.8903
98.405
97.5216
95.8723
96.7809
97.0704
95.4662
92.4187
90.8246
89.4965
89.2331
88.6443
87.7922
87.8537
88.1237
89.846
87.452
88.1209
89.5075
91.8557
92.4165
93.0355
93.5525
92.5081
91.8885
92.7489
91.6087
92.6746
93.331
91.9808
91.6547
91.759
93.765
96.3193
97.8884
99.5102
100.727
99.5491
98.658
95.8392
95.3618
94.951
96.7458
96.153
94.7852
95.2408
96.5935
97.1027
95.288
96.2604
96.2433
95.9922
94.239
96.3003
96.3087
96.1431
97.4273
97.9523
98.196
97.0867
96.1658
97.2199
98.153
96.3701
96.9522
97.2607
97.2528
98.6309
97.6885
97.3359
98.6828
100.324
101.914
102.08
102.417
102.55
105.197
103.554
101.249
100.806
101.687
103.059
102.92
103.338
103.038
102.974
102.927
100.208
101.442
99.5914
98.6716
99.4104
102.367
102.691
102.405
102.509
102.552
104.104
105.891
103.66
102.709
101.696
100.435
100.496
100.305
101.531
100.142
99.7331
99.2292
99.1807
101.229
100.997
102.084
100.974
99.6565
99.0016
99.8675
99.9828
100.339
97.4346
95.7621
96.534
97.5247
97.2894
98.4681
100.463
99.016
99.6511
98.4142
99.9395
100.868
101.929
103.205
103.273
103.288
102.421
104.286
105.98
108.213
108.479
108.409
110.48
110.363
110.886
110.935
108.769
108.905
110.063
109.22
109.132
108.677
107.487
108.293
110.763
109.898
109.65
108.977
109.894
110.338
109.944
110.786
111.739
