100.954
100.81
103.624
103.63
105.305
106.459
106.202
108.256
112.21
110.996
113.33
113.138
113.392
112.193
111.796
111.475
112.878
112.729
111.082
111.575
111.266
111.945
113.706
116.233
117.235
118.571
114.207
112.411
111.722
110.887
107.551
107.82
106.525
105.242
103.794
104.821
104.911
106.018
106.622
109.671
108.216
108.438
108.504
108.09
107.978
109.424
109.933
109.979
108.182
107.288
108.431
109.223
108.913
107.165
107.407
107.627
107.944
109.426
112.066
114.746
117.052
118.536
120.324
119.582
121.398
122.468
122.552
122.876
121.627
119.67
121.796
122.784
121.871
122.987
122.757
125.249
125.742
124.06
124.887
122.749
123.556
120.026
122.102
119.849
119.346
118.42
121.488
122.404
122.066
121.427
119.404
116.216
117.069
115.846
115.925
116.61
117.165
117.621
116.417
115.203
115.147
115.824
113.263
112.863
112.525
114.94
112.582
112.937
111.535
111.326
109.936
109.098
110.438
109.635
109.637
108.891
110.909
110.851
112.205
111.37
110.836
113.554
112.882
112.76
112.921
112.42
110.978
113.352
114.602
113.733
113.335
112.219
111.497
110.081
111.939
112.33
111.424
109.45
107.201
107.924
109.356
109.765
108.815
109.73
106.81
106.589
107.126
106.266
106.651
106.078
106.058
106.844
106.383
107.119
105.871
107.678
107.287
108.907
110.215
110.381
113.608
112.823
112.875
111.702
111.605
110.142
109.937
110.546
110.446
112.295
111.685
113.299
113.59
113.252
115.909
117.458
116.642
115.397
115.484
114.296
114.591
115.445
116.85
119.052
117.746
117.402
115.677
115.484
115.565
112.661
113.538
117.775
116.993
116.252
118.418
117.16
119.17
120.265
119.94
119.965
116.958
117.667
120.713
118.94
120.529
120.896
121.617
123.442
121.103
121.493
124.403
125.758
127.15
128.681
128.746
131.558
132.415
130.792
126.807
126.927
129.459
127.293
127.009
127.617
128.521
126.736
125.732
122.72
124.477
125.046
124.235
124.118
124.358
126.874
128.222
129.988
129.99
130.25
129.142
128.467
127.366
127.402
129.909
129.93
132.026
130.922
130.076
133.084
132.191
132.54
132.483
131.488
131.343
128.213
127.893
125.49
125.82
126.8
125.576
125.243
126.926
129.274
131.721
130.342
131.815
128.921
128.181
129.298
128.098
129.984
129.726
129.406
127.589
126.578
124.503
124.339
124.193
125.792
126.137
126.285
127.965
128.142
127.714
125.657
125.628
124.129
126.588
124.137
125.22
128.425
128.682
127.96
127.275
126.59
127.38
126.102
128.093
127.949
127.944
127.883
126.672
127.62
127.784
128.833
130.655
134.567
137.437
135.609
141.142
140.995
141.023
140.731
138.847
139.085
141.398
139.335
140.728
144.839
143.718
144.657
146.745
144.998
143.527
141.009
142.951
140.538
135.487
135.576
136.527
135.062
130.556
131.478
135.434
137.213
138.285
137.043
139.267
136.923
138.156
136.855
137.321
140.637
140.341
140.719
142.857
143.345
144.868
144.858
149.967
150.43
152.355
152.102
149.423
151.375
151.115
152.589
150.972
152.136
150.448
148.356
146.532
146.743
143.056
145.333
147.218
150.033
148.465
147.74
145.646
145.096
144.917
143.842
140.91
137.693
136.748
135.316
135.467
135.691
136.095
136.916
136.561
134.094
136.236
138.365
137.239
139.662
138.91
140.615
142.915
146.168
146.188
147.774
151.809
146.673
144.336
144.337
143.865
142.106
140.19
141.453
144.512
146.722
147.748
149.69
148.681
145.953
144.745
143.199
141.537
141.205
141.456
144.088
143.965
143.932
146.034
144.341
143.611
139.134
141.264
141.419
138.177
139.171
140.31
141.063
142.269
141.62
145.678
146.371
146.806
145.566
144.031
143.488
142.333
139.033
137.179
134.976
136.122
136.887
133.669
134.815
135.289
137.745
135.187
133.352
134.465
137.632
137.998
139.317
139.772
138.066
134.616
134.799
136.671
136.046
136.209
134.933
131.703
130.555
130.97
130.839
129.171
128.067
129.119
131.33
130.815
129.918
132.408
130.722
131.618
130.392
130.429
127.69
127.336
128.366
129.749
128.606
126.658
126.304
126.421
126.493
125.913
125.406
122.744
123.98
124.429
126.183
122.256
123.628
120.932
120.435
120.573
117.628
114.36
113.36
114.042
114.448
113.005
114.146
113.464
113.079
114.063
116.986
115.365
115.347
114.335
112.347
110.972
112.259
113.723
113.347
115.008
116.258
115.526
115.32
114.728
113.829
109.18
108.5
107.952
109.094
107.783
106.97
107.572
107.585
109.865
110.472
106.461
106.471
105.968
107.048
105.195
104.282
102.52
101.884
101.631
100.247
101.163
101.92
104.41
104.242
103.415
102.787
101.477
103.783
103.211
104.356
105.135
104.565
104.769
105.128
106.637
108.016
107.891
107.387
106.673
106.972
108.165
107.086
107.075
107.928
105.989
106.203
107.985
108.053
111.159
109.125
107.054
108.437
107.774
106.88
106.653
106.806
106.862
108.773
106.971
108.54
109.249
107.855
106.691
107.167
106.983
106.811
105.298
107.593
109.187
108.142
108
108.23
107.485
106.998
108.416
108.505
107.338
109.448
108.282
106.372
108.566
109.55
110.465
111.873
