99.5075
97.5389
95.6017
96.2505
95.5214
98.3606
100.192
101.138
99.7712
99.7055
100.181
101.923
100.557
101.465
103.05
102.818
102.475
103.105
99.8856
98.9404
100.035
98.4795
97.0151
97.7291
98.9269
99.1264
97.8149
98.599
98.5789
98.1051
100.178
100.582
100.689
102.221
102.467
102.83
101.738
102.855
104.385
103.082
102.991
103.562
104.276
104.654
103.49
101.89
102.287
102.161
103.785
102.057
101.037
100.785
100.756
102.497
101.678
99.6755
100.401
100.393
99.7564
99.4136
99.6267
98.6005
99.3319
100.65
102.607
101.284
101.422
101.554
101.46
99.8568
101.402
103.205
103.241
102.863
103.031
104.09
102.941
102.606
103.27
103.503
102.215
103.518
102.682
103.145
101.149
99.1695
100.464
102.103
102.549
103.558
102.737
105.932
106.128
107.527
110.016
109.537
108.751
108.671
109.11
109.898
110.163
108.179
108.741
109.275
109.667
109.321
108.963
109.143
109.837
108.934
107.235
105.9
105.74
107.981
107.849
109.843
110.8
111.069
111.828
111.563
112.292
110.236
112.259
114.397
115.047
115.672
115.189
111.116
110.555
109.446
109.385
106.166
102.594
101.619
100.458
101.927
102.175
101.74
101.509
100.014
102.077
101.694
100.293
101.134
100.96
103.196
103.453
103.915
103.656
101.131
102.099
100.8
100.309
98.2165
98.4671
98.3353
97.4471
97.0272
98.6987
98.0525
98.1311
94.356
92.9212
94.9319
93.4346
93.1419
95.1171
96.0426
95.2984
96.3411
96.6878
95.7895
97.228
96.8429
96.7103
96.0958
96.8563
94.1609
95.0745
95.7358
96.464
97.9258
99.4131
97.5993
98.1816
97.3976
96.0389
95.5762
93.1281
92.7407
90.267
91.031
91.9241
94.0118
93.6174
93.6359
92.7114
93.0679
92.9854
94.1947
93.1207
93.0639
92.9569
94.1252
94.9238
95.227
94.2899
94.4341
93.8969
94.798
96.7736
95.7235
95.5051
95.7703
96.2349
94.8225
93.6319
93.0415
92.9584
95.0438
95.5907
95.0562
95.4958
94.7455
94.4
95.9699
95.4866
95.295
95.1181
96.0841
97.2354
96.603
97.0704
95.3203
96.3114
93.9175
94.6073
94.3821
93.9335
95.0295
94.7036
94.262
92.9374
95.2758
95.5787
97.6066
98.2288
97.711
96.8456
96.402
94.613
94.9884
96.8198
96.5537
96.931
95.606
95.6972
95.5078
94.0022
94.0963
94.3681
95.0782
94.4145
96.1313
96.1993
96.6748
96.938
98.8064
99.0605
101.681
99.5819
97.3157
96.1098
97.2176
97.8442
96.7721
97.4151
96.0756
95.2903
95.7222
94.5713
95.2703
95.3459
94.2352
93.6827
92.9971
93.2777
93.8639
95.4178
94.3575
93.721
91.5995
93.8365
94.307
93.5659
93.9992
94.722
95.022
96.3286
97.1822
97.3886
97.6514
97.1697
97.5736
97.1256
96.0799
96.4918
97.1785
96.3284
97.3777
97.0419
96.742
98.1478
97.0651
98.098
97.8492
99.4544
98.7428
98.3045
97.611
98.0699
97.6644
97.8342
95.081
98.3516
97.4303
98.662
96.7453
97.0876
96.2478
94.0668
95.8409
95.6036
96.4784
96.8104
98.062
97.5197
96.6966
96.4899
95.68
96.1642
95.9431
97.5314
99.4436
102.746
104.606
105.103
103.269
104.353
105.511
105.176
104.602
102.688
105.327
105.354
102.665
103.12
104.169
102.561
103.316
102.438
104.858
105.277
104.415
105.654
105.506
105.284
107.696
107.538
107.468
106.891
108.806
109.859
111.448
111.896
111.455
110.529
107.035
107.34
105.906
103.901
103.7
103.393
102.032
103.369
100.621
99.4565
99.3773
97.9154
99.9821
99.1465
98.1025
98.7505
98.0961
98.7011
98.4339
99.0791
99.9586
98.8329
99.2703
95.7556
94.4768
93.3085
93.5519
94.0085
92.5383
94.269
95.0519
96.1643
95.3744
95.8376
93.4151
93.7381
94.0098
94.8683
95.7406
96.0531
96.9499
98.1491
99.4916
99.2729
99.1247
99.6589
100.323
100.285
100.183
101.931
101.673
102.666
102.479
103.297
102.143
101.811
103.675
105.157
105.137
103.214
102.607
104.809
103.735
101.238
101.044
99.5744
100.896
103.068
104.594
106.662
104.674
104.368
105.483
106.195
106.923
110.005
111.772
113.761
114.896
114.47
113.418
111.608
108.595
108.523
108.225
107.961
106.749
107.019
106.619
106.032
104.907
104.923
105.235
105.479
106.601
104.78
105.01
103.325
104.089
104.636
104.821
103.286
102.137
101.41
100.584
98.9746
99.6537
100.337
100.59
101.388
99.134
99.5558
98.29
99.7339
97.4113
96.645
96.7947
98.095
99.4311
100.223
101.35
103.377
103.412
102.904
103.707
103.008
103.924
103.171
102.87
102.166
102.81
102.444
103.289
103.021
104.131
103.748
102.415
101.091
99.5895
99.8178
101.153
102.183
102.131
100.662
100.867
98.97
97.6727
96.4103
95.6107
95.6777
96.8456
96.1696
96.859
97.1137
97.4394
95.9995
98.3943
97.0895
96.8555
98.8431
99.8817
97.4998
96.8565
98.7283
95.2599
95.5731
96.2441
95.4511
94.6932
94.9542
95.9609
96.4753
95.7627
96.308
96.0967
96.0589
95.4792
97.4063
96.3184
96.1258
96.6184
97.4932
97.2205
97.5964
97.9238
99.5139
99.9591
100.278
100.031
98.7812
98.4415
101.365
102.997
102.183
102.312
102.625
100.788
101.565
101.998
102.573
102.539
101.999
101.833
101.207
103.816
104.454
103.497
102.326
100.852
100.074
100.635
101.383
100.265
99.7605
101.709
103.188
101.85
101.614
103.494
102.703
104.404
104.541
105.674
