98.8154
99.3901
98.8099
100.15
100.712
100.569
101.628
101.315
101.396
100.275
99.8111
99.1499
99.5198
100.111
100.198
99.9001
98.529
98.4177
98.096
98.5404
98.2858
97.022
96.4016
94.695
96.0152
94.0523
92.5904
92.2246
89.7533
89.2461
87.93
89.2149
89.9545
87.8952
88.5968
89.2085
90.2293
90.6581
90.4889
89.6295
88.8261
89.8354
89.6459
90.8075
89.9014
89.5354
90.1093
91.8614
91.3808
90.9621
92.5548
93.4812
92.9837
92.986
93.3936
92.0305
93.1787
93.4928
93.9536
93.8654
92.6288
91.8397
91.5813
92.2813
93.3183
92.7778
92.6268
92.151
90.853
89.1774
86.3677
86.0303
87.5652
89.1287
89.1566
89.7779
87.3111
87.235
89.2141
89.0811
90.9257
92.9998
93.5612
94.4378
94.1817
92.5466
92.0432
93.9151
92.983
94.226
94.4104
92.8247
94.5126
93.9812
93.3292
93.64
93.4266
91.6998
90.9396
90.0337
89.3302
89.2859
89.8377
89.0668
88.3796
86.3749
86.7153
86.2453
87.2612
87.1669
86.4597
86.538
87.4901
87.5628
88.387
88.921
90.8483
89.897
91.4739
91.9705
92.5607
91.2859
90.3434
89.0998
87.4367
87.7708
86.1125
87.6443
89.1093
88.8942
89.4819
88.4068
87.1593
88.2599
90.1795
91.1073
92.8938
92.9616
93.8869
92.6275
92.965
91.7197
91.0612
91.0151
92.7909
92.6747
90.1088
91.3392
91.2439
89.172
89.0438
88.7795
87.1475
89.0252
87.0784
87.5155
88.6747
87.3096
86.9615
88.8186
90.7885
92.191
92.4355
92.7508
94.4318
93.6773
91.6163
93.8543
96.2866
95.9707
95.2676
96.4581
97.3712
96.4609
97.1768
95.3399
95.3014
95.1034
93.5299
94.0779
93.4919
92.4507
92.5941
92.0728
92.7456
92.9401
92.3865
91.6448
91.1756
91.3184
90.8768
92.1361
92.756
93.8694
93.9725
95.0797
95.0652
94.1253
92.7798
91.7036
94.0816
93.9171
97.8084
99.5124
99.1505
99.7813
99.6597
100.12
101.537
98.6908
98.0856
97.3249
98.3419
97.4617
97.1816
98.1586
97.378
99.325
100.563
100.965
103.623
103.971
104.449
105.531
105.401
104.196
102.945
102.038
102.144
104.164
107.292
107.618
107.545
107.014
106.726
105.143
107.149
107.99
110.093
109.562
109.948
109.783
109.571
107.655
107.861
107.768
106.335
105.834
105.998
106.532
106.352
106.137
105.262
105.074
107.244
107.328
108.744
108.519
110.65
110.399
110.118
110.55
109.622
107.758
109.063
108.415
107.54
106.73
108.418
108.604
108.212
109.901
108.608
108.114
109.203
105.588
106.647
106.545
107.099
104.895
105.035
105.448
105.215
105.013
103.311
104.562
103.431
103.725
102.218
100.64
100.886
99.875
98.9791
98.9975
97.6067
97.8796
97.5273
95.8362
96.8755
95.4917
96.5464
96.721
97.6022
96.1755
95.4324
95.9526
96.8843
97.4877
97.4688
100.038
101.438
100.295
101.149
99.3495
99.1287
96.7993
96.211
97.1959
96.7758
99.0236
98.4665
97.4675
98.7385
98.1487
98.9619
102.07
101.904
103.194
103.109
103.78
104.72
107.409
110.275
108.409
109.955
108.172
108.735
108.625
106.277
106.577
108.82
107.446
106.883
107.411
108.701
108.257
108.05
109.225
109.283
110.701
112.306
114.71
115.697
116.891
118.149
117.943
117.991
120.15
119.832
119.397
117.88
117.058
115.588
118.299
119.96
117.532
119.526
117.289
118.282
118.912
116.434
117.208
117.1
113.223
114.846
116.636
116.12
116.403
117.969
116.611
113.191
113.229
113.627
111.027
110.931
113.093
110.914
108.181
108.89
109.672
107.97
108.09
107.454
108.781
108.872
109.646
108.355
109.079
107.758
105.309
103.792
102.43
103.673
104.353
105.882
105.115
107.279
104.652
104.506
104.568
105.816
106.931
104.741
106.464
104.765
106.121
107.039
105.075
105.99
105.498
102.831
103.522
103.916
104.081
105.443
108.804
109.069
108.01
106.157
106.577
106.096
104.688
103.187
100.84
101.795
101.207
101.305
101.74
103.744
103.77
104.182
103.619
103.403
99.4587
100.117
103.005
104.224
105.23
105.839
105.262
104.352
101.808
97.7317
96.8444
97.2947
97.9803
97.1521
97.7898
97.8569
96.7564
96.719
96.5578
96.602
95.8818
96.595
95.989
96.4954
97.613
98.4999
100.2
99.2973
100.607
100.364
100.901
101.53
101.399
101.318
101.167
102.096
100.889
101.617
101.384
100.403
100.015
100.088
99.4267
100.011
99.5173
99.2695
98.9152
99.0562
100.07
98.156
98.3884
98.4535
96.4062
95.8824
95.2858
93.8046
95.8987
95.3255
95.8466
97.3198
98.0385
96.2712
95.5848
95.4503
95.2806
94.7636
95.2025
96.5877
96.3602
94.889
95.7005
96.4714
95.3103
96.0547
96.6428
95.5403
93.3016
94.7019
96.2592
97.2725
97.1422
97.8848
98.5991
96.7491
96.8378
97.1498
95.2105
92.5748
92.5317
94.1224
92.4904
90.8902
92.3408
92.4021
92.2476
93.1661
94.1975
93.9074
94.5189
97.4197
97.9271
97.0467
99.0335
99.3429
100.059
99.2118
99.0268
98.1958
97.4738
95.9888
97.1088
97.5474
97.6968
98.3751
96.2742
94.8497
95.0937
95.2785
94.9823
93.486
92.6548
94.4568
94.7759
94.0727
94.4916
94.3734
96.0151
94.9026
95.9273
95.8897
93.994
94.3882
91.65
92.2416
91.5923
92.0873
91.7639
92.2307
92.6173
91.0133
88.8098
88.8491
87.3533
88.1506
87.118
85.1534
86.1094
88.5644
89.5596
92.1256
92.0643
92.5259
92.7754
93.906
93.7716
93.727
92.3634
