100.463
99.0881
100.743
102.054
102.468
103.576
104.708
104.489
104.284
104.412
106.627
108.733
109.065
107.987
108.092
107.378
107.468
108.423
106.612
104.133
103.791
104.477
101.1
104.093
104.407
104.418
102.439
100.81
99.1892
101.003
100.35
98.1602
99.5947
101.88
104.635
105.068
104.624
104.145
106.349
104.34
102
104.198
101.464
100.942
101.591
100.068
99.5925
102.146
100.888
100.85
102.163
101.827
102.524
102.776
101.953
102.501
104.169
107.019
106.65
104.869
106.652
104.99
104.686
104.418
105.144
105.78
105.918
104.927
108.022
105.742
104.272
108.856
108.366
108.216
109.357
106.372
105.556
106.461
104.597
102.46
100.9
100.05
97.4528
97.0011
96.4807
95.7217
96.4715
95.0799
93.1156
93.9206
94.0126
95.7336
94.6068
94.9504
94.8568
94.7353
95.3282
94.7787
95.7947
94.5298
92.7159
92.7508
91.8368
91.2925
94.0166
93.0288
92.7967
91.6246
91.754
91.5243
89.8719
91.2887
91.1818
91.0678
89.8067
90.2096
89.9353
89.3482
89.0589
88.6692
88.8597
87.2187
86.3931
88.505
88.0054
86.8814
87.2873
88.9564
88.6202
89.1325
90.235
90.2694
89.0387
88.4645
87.3782
88.7899
88.1952
88.6053
89.0146
88.0853
88.4813
88.0117
88.0182
88.6437
90.2111
90.6138
90.0093
90.1539
92.4174
94.5432
94.2329
95.9132
98.3878
100.69
100.972
100.297
98.9591
99.0572
100.244
100.48
101.462
101.625
101.279
103.279
104.794
104.55
103.194
105.093
105.167
104.395
104.992
103.524
103.244
101.975
103.566
104.19
104.112
104.552
104.472
104.086
103.94
102.566
101.278
102.44
99.6044
101.406
99.4241
99.6273
98.7362
97.8358
98.59
99.5715
100.403
99.9937
99.7065
101.504
101.366
102.013
99.9279
99.7135
100.196
100.376
101.133
102.216
101.428
101.814
101.686
102.634
102.7
103.424
100.21
100.801
100.432
98.3764
98.4911
98.5824
98.496
98.0467
101.29
101.315
100.676
101.716
102.833
103.944
104.661
101.262
102.711
102.101
101.724
100.663
101.884
103.97
104.126
105.214
105.588
105.652
104.668
104.208
101.778
103.734
101.492
103.36
103.054
103.092
103.418
103.873
102.363
100.715
99.5459
99.1998
96.9677
97.6057
99
96.8516
97.0869
97.2171
97.2912
97.8203
97.8901
98.0785
98.9157
99.7223
100.739
101.233
101.793
101.463
100.38
96.0854
94.5405
94.3166
94.3833
96.0183
93.8429
94.1057
95.4489
95.1147
95.0606
95.6079
93.0501
93.4581
92.4512
95.3103
94.4492
92.9407
93.7002
93.2608
92.6421
92.8005
93.3237
92.5828
93.8749
94.2964
93.8672
95.2807
95.3106
95.3943
95.4073
93.3777
91.6328
91.2634
91.8134
90.4661
91.9688
92.2725
91.5033
92.2637
93.0635
93.9315
93.3724
92.288
93.2005
92.9488
91.2766
90.8109
92.6256
92.6266
92.0615
92.9349
95.7656
94.5512
95.6417
96.5552
96.8479
96.3602
98.8788
98.5578
99.5543
101.247
101.219
101.842
103.062
102.668
103.287
102.124
98.1124
98.4375
99.1234
99.8099
98.7473
97.9184
94.4623
95.3558
94.1438
94.2075
93.5368
94.3718
95.1762
94.4649
94.9979
94.235
93.8649
91.6184
90.4871
88.5897
86.7569
86.4864
88.6198
90.23
90.6721
90.7327
89.9587
90.4956
90.3048
89.2736
90.3015
89.5948
91.2401
90.3659
92.9819
93.8139
93.3489
93.6236
92.554
94.179
94.7435
96.232
96.5865
97.7382
96.4638
96.9464
96.3231
95.5478
98.712
99.3227
100.236
99.7661
98.9931
97.9949
96.9451
98.298
99.3505
99.3866
99.3057
99.0302
100.517
100.152
100.326
99.5464
97.9824
98.169
95.9301
96.4583
97.4822
96.8688
97.3842
97.592
96.647
98.1278
96.3235
96.6247
97.0029
98.0198
98.7064
94.254
94.5849
94.2021
93.4862
92.6642
92.7443
92.3848
91.8534
91.5293
92.0558
92.0007
89.7163
90.0507
92.517
94.9147
95.3111
96.0652
96.6419
94.7506
93.0594
94.5872
94.4209
93.3519
93.0689
94.3718
93.7933
94.2407
94.9013
93.3309
94.4655
93.85
94.9798
95.7866
96.4578
97.3162
96.5234
96.6405
98.0355
96.0213
94.8549
95.6882
95.9814
96.4668
96.2461
94.9676
95.3475
94.6817
94.8647
93.2547
93.8268
94.6729
94.6479
90.912
89.7179
89.1777
87.4676
86.7893
87.175
86.8608
88.6352
87.6903
87.44
87.8453
88.8773
90.7034
90.6828
88.411
89.281
89.8816
89.0891
86.7682
87.1153
85.0461
84.3185
84.6992
83.1522
84.4254
85.2953
84.0673
82.4957
81.6061
82.5004
82.4334
82.0847
82.6649
84.5252
87.2743
87.0519
86.3412
84.7316
86.3658
86.5947
86.2153
85.0751
85.6044
88.2067
88.1193
86.9139
87.2398
87.6683
88.0244
87.8956
90.3719
88.7756
90.5425
93.068
92.5708
92.2396
92.3368
92.8339
94.0556
96.1089
96.4615
95.6134
95.574
96.4749
96.7983
95.3066
95.8009
95.5773
96.6091
96.8641
98.5239
96.8152
97.3535
97.5371
95.774
95.4587
94.906
96.2541
95.5646
96.2061
95.1732
95.0436
95.4112
95.2225
93.2839
92.6737
92.5264
91.2818
92.4414
91.7746
90.1575
90.8084
92.7149
92.7096
92.5965
92.6673
93.3949
92.2503
91.0895
90.2245
88.6081
88.4069
88.1723
88.7087
87.4536
87.6375
88.0123
89.5009
88.8927
89.073
88.4422
87.312
87.4246
88.0008
87.244
85.678
88.6015
87.5317
86.2416
87.2349
87.3784
88.0777
87.6826
87.0829
87.4188
88.4269
89.8732
88.0886
89.5314
87.5505
85.6793
84.0714
83.6815
83.1358
83.6065
