100.541
100.722
100.546
100.588
99.491
100.019
101.545
102.655
99.8459
101.62
102.422
104.057
104.641
104.848
105.871
107.102
110.533
108.4
108.898
109.744
109.178
109.438
107.941
107.532
105.397
105.437
107.406
107.814
108.66
108.125
108.707
106.714
108.064
109.048
110.582
111.5
113.21
113.794
109.986
108.427
107.001
105.909
104.967
105.458
106.493
107.31
106.693
106.902
107.665
105.949
107.472
107.119
108.181
110.306
111.909
111.53
111.106
114.516
112.949
111.361
114.299
115.843
117.155
117.549
116.357
118.384
117.339
117.946
115.147
116.317
116.092
117.243
116.567
118.913
121.402
120.546
121.054
122.864
123.34
121.563
122.4
121.003
120.16
122.506
122.03
120.474
121.189
118.929
118.352
119.066
120.59
120.498
121.771
121.727
122.709
121.584
121.675
123.6
124.366
122.123
122.659
123.932
124.119
127.536
129.583
131.048
130.324
129.62
131.499
130.166
132.764
135.436
137.801
138.341
139.622
143.323
143.803
144.788
142.151
143.154
146.078
145.291
144.293
144.132
141.104
140.088
139.886
139.503
139.701
138.904
140.332
138.98
141.624
146.99
146.547
145.14
145.957
146.733
144.635
143.027
144.338
144.448
143.399
141.98
141.319
141.937
140.777
142.723
142.374
142.162
142.802
138.983
135.933
136.544
136.415
138.969
140.111
139.885
139.035
137.035
136.386
135.436
137.35
136.581
134.757
135.259
133.829
133.36
131.621
133.059
133.151
135.539
137.661
140.644
139.603
140.438
139.983
137.901
138.033
138.363
137.69
133.126
133.721
132.174
135.969
139.709
140.545
142.265
141.246
143.208
144.145
143.755
144.194
145.533
148.249
150.06
153.479
152.717
150.059
150.671
151.037
148.853
145.968
147.738
146.779
148.638
149.174
146.771
146.118
146.027
147.217
147.296
145.455
146.903
146.505
146.83
147.191
146.178
149.114
150.944
147.626
147.02
149.763
148.967
148.854
148.201
145.988
143.498
143.232
141.241
141.861
144.486
140.77
140.779
141.181
141.687
139.44
135.284
137.537
139.242
142.311
142.482
144.33
147.273
144.729
145.952
144.216
143.144
144.275
144.391
144.642
142.94
142.632
145.382
147.505
145.725
144.965
145.133
148.722
153.431
151.635
152.209
153.345
153.037
152.933
153.274
152.126
151.297
147.393
147.752
149.353
153.766
157.496
158.322
161.861
161.634
158.31
156.716
156.887
155.557
155.219
156.109
155.559
154.377
152.88
153.319
155.456
155.492
157.847
155.998
156.819
158.657
157.746
160.598
159.531
158.6
159.395
160.087
158.337
156.541
159.929
162.373
163.856
166.273
168.98
168.396
164.573
162.577
161.444
160.515
158.625
157.967
154.949
153.137
151.843
149.911
149.735
147.035
148.668
147.329
146.614
150.449
151.175
148.706
146.312
145.336
147.856
147.35
151.83
154.127
156.57
159.461
158.735
160.581
159.597
160.635
158.976
154.282
153.502
150.521
154.119
153.763
153.936
153.318
154.003
154.153
152.404
154.837
157.147
158.945
160.619
162.387
161.987
158.589
158.848
162.165
159.598
160.21
159.19
162.315
157.167
155.85
155.691
154.966
155.34
157.157
154.469
155.113
155.568
157.371
158.977
155.695
159.648
158.649
159.514
157.493
159.783
157.636
156.887
156.447
156.48
159.46
159.896
162.228
164.266
164.109
167.725
168.201
169.96
172.551
174.609
173.804
176.633
178.364
180.442
177.968
178.57
179.503
182.721
183.973
184.02
186.59
186.409
185.191
188.086
187.268
187.959
186.892
187.898
184.444
183.811
183.023
179.055
181.368
183.637
186.791
190.57
188.924
188.419
192.049
192.891
187.395
189.039
188.687
191.804
192.186
191.78
191.69
193.503
194.235
196.391
197.806
201.098
199.445
201.848
198.756
196.274
198.764
202.091
197.449
195.919
195.271
193.101
192.417
192.346
191.396
189.373
191.374
191.329
188.828
188.432
191.557
190.74
188.3
186.227
180.85
178.902
179.435
184.027
184.441
184.267
184.74
184.563
184.067
183.285
179.252
183.624
181.35
185.941
188.242
190.951
187.302
184.049
181.192
185.302
189.583
189.894
187.307
187.645
188.243
188.566
185.153
183.919
184.757
182.332
184.612
184.306
181.072
182.133
176.135
175.462
176.629
177.054
177.857
177.015
177.338
178.013
181.385
183.135
182.835
183
182.842
182.359
181.941
178.047
179.712
181.004
181.578
178.395
182.481
187.308
184.015
184.526
185.257
185.527
185.167
185.532
183.577
184.028
181.538
182.796
179.877
177.852
179.052
177.966
175.26
173.467
173.684
176.246
173.142
172.272
170.818
170.083
167.849
169.455
169.815
167.87
171.357
171.57
171.584
173.095
169.659
173.121
177.823
172.782
170.159
169.174
169.278
166.566
168.882
168.935
170.758
170.695
171.444
168.362
167.793
169.909
168.717
171.242
168.954
170.841
170.846
168.813
166.832
168.933
164.136
164.144
164.445
163.385
168.359
174.032
174.411
177.853
176.221
178.168
177.682
175.446
177.365
175.806
175.213
173.477
177.212
179.819
183.96
183.424
184.768
185.505
180.339
176.916
177.142
177.347
176.126
177.842
180.709
180.591
183.516
179.171
179.913
177.937
177.454
