100.355
98.8355
99.1155
97.6699
98.1769
98.2135
96.4389
94.4743
94.823
96.2347
98.1878
99.9604
100.449
101.616
101.074
101.695
102.942
102.349
102.979
102.007
103.094
103.703
103.963
104.168
102.946
103.581
104.463
103.322
104.358
101.988
102.082
102.958
102.538
101.289
99.5123
101.038
101.434
100.798
101.049
102.97
103.485
101.134
103.662
103.537
101.823
103.526
103.816
103.109
102.708
102.621
104.158
102.117
103.188
104.924
104.791
104.291
103.077
105.069
104.483
106.019
104.863
102.469
103.002
103.729
102.14
98.2959
97.4893
96.9459
95.7047
94.0798
93.8829
96.6304
96.8662
94.799
92.9431
92.7038
92.4921
90.1405
90.0166
91.4248
91.0438
90.137
89.8994
90.8912
91.9466
91.8007
92.5675
92.5642
92.3066
90.0432
91.5724
93.3527
93.8272
96.1082
93.7202
96.077
96.9719
97.5572
95.3
93.4534
91.9991
91.4166
92.2354
93.4264
93.1767
92.199
92.8366
90.8438
90.6501
90.7004
89.0193
87.8131
88.8335
88.3533
89.5732
89.7223
90.7272
91.6379
94.1049
93.3175
93.3205
94.4495
95.377
96.5127
97.4642
97.1941
98.2965
99.3332
98.348
97.6243
97.6259
95.8383
95.7252
95.5902
94.6524
94.1263
94.382
94.3143
94.5292
95.6019
94.3674
93.6754
94.2481
94.4779
95.6301
98.0533
99.322
101.232
100.915
97.196
95.8742
95.0914
94.5304
95.2655
94.7065
94.212
91.8653
90.5054
91.1375
90.4256
91.4047
91.4196
88.6303
90.1536
92.231
94.9049
95.1288
95.169
95.8575
97.9415
99.0497
100.678
102.17
100.908
101.172
102.029
102.634
103.251
102.371
103.172
102.262
101.566
100.85
101.773
102.547
104.535
102.945
103.729
102.327
100.376
98.9546
97.5757
97.0639
95.2661
96.4644
95.9664
95.3364
94.6583
96.9881
98.0554
95.8859
94.7286
95.0116
94.6244
96.2419
95.8917
95.5873
95.879
95.8842
95.9678
95.5793
94.8641
95.3794
97.2202
96.3318
97.4275
96.7866
95.3933
93.7311
94.2517
95.8891
96.9513
96.3775
93.9002
93.1649
94.378
93.8916
93.2791
93.784
94.2243
94.5054
94.0482
95.3278
96.4737
94.9424
92.6822
93.9673
93.5254
95.8515
96.3552
94.3883
94.2186
95.5163
94.8517
93.7087
93.5991
94.4256
93.4508
90.3101
88.7033
89.9447
90.215
91.0836
92.4703
89.9866
88.2914
88.5497
89.2351
90.411
90.0177
89.6159
90.0714
89.2815
90.2619
90.9002
91.4087
92.3149
90.4191
90.4782
90.2176
90.817
90.3667
90.4297
91.4229
92.4642
92.6353
91.3431
90.5399
89.7885
89.8179
90.911
91.316
91.6711
91.9855
93.3586
93.7817
92.7337
92.043
93.7626
92.6628
93.6532
91.7172
91.1744
91.7949
92.7457
92.1599
91.558
91.3399
92.3388
92.5421
94.4411
94.2755
96.3876
96.333
97.898
98.346
98.3043
95.7814
97.1436
98.4345
98.4641
97.5605
98.6556
99.6168
99.4012
98.6169
100.448
102.14
102.678
102.045
101.498
99.8442
101.111
100.577
101.288
100.836
99.7883
99.4068
97.2535
97.8892
98.4849
98.653
97.0983
95.1935
97.3241
97.9082
98.1911
99.2792
98.2814
99.3254
99.7001
98.1416
96.7609
96.7009
96.9329
97.6815
101.005
101.645
102.988
102.665
100.227
98.4072
96.6565
95.8998
94.8366
95.5818
96.0948
96.8255
95.9475
95.753
95.6015
94.1035
94.8824
94.8999
96.2575
95.6555
96.1124
95.7705
95.7978
97.1423
98.867
99.0424
98.8762
98.88
97.9974
98.1116
98.9823
98.2859
98.6375
97.8623
97.9321
97.273
99.1936
95.3233
96.3102
96.2028
95.8452
97.2314
99.1147
97.9168
97.6174
97.8678
98.4176
99.0185
99.3096
99.9124
100.503
100.748
99.2739
100.581
101.082
102.019
100.634
101.848
103.053
100.621
98.2347
98.775
97.0243
96.5047
97.0855
95.9249
95.1157
94.8345
95.4795
95.2881
95.9048
94.7049
94.6348
93.5361
95.2398
94.8915
93.9303
91.5388
92.1971
91.9306
90.2936
91.415
91.7706
91.9811
93.2732
92.9166
93.3581
93.6546
94.1342
93.851
93.2175
93.2725
90.3559
89.6077
87.6613
87.5135
86.8158
88.5585
88.7455
88.1746
88.5003
88.4951
88.9703
88.6169
89.5603
89.8992
90.6957
93.0191
92.9473
93.0298
96.1869
96.4752
97.712
97.1045
96.7727
95.8575
97.4945
98.1556
97.9254
98.7463
98.6027
98.1592
97.306
96.4375
98.0544
97.5795
98.4181
99.5797
99.2682
95.3742
95.8999
94.2132
95.0319
97.07
98.0887
98.6732
97.0223
98.219
99.345
99.1851
99.599
100.375
100.953
100.345
99.6796
100.204
99.5916
99.0062
97.4512
96.7142
94.9584
94.885
94.3268
93.3285
91.4835
93.4811
92.0559
91.3942
90.9449
91.6541
91.9328
92.2633
92.5923
93.3887
92.712
92.9037
94.5214
94.6848
94.1701
92.5347
92.6314
91.0225
91.7589
92.1044
90.5202
90.7513
88.9218
87.5864
86.6629
87.5575
87.1497
88.6317
88.8855
89.4171
89.7608
88.6361
88.3934
88.6859
88.8894
90.0279
90.8884
92.9768
92.6285
90.3634
89.8835
89.6497
91.6067
91.9203
90.7749
89.2009
90.3149
89.7307
88.7182
89.2543
88.3792
88.2803
88.9961
89.4355
89.7645
90.6722
88.4254
87.1779
86.9941
87.7276
88.315
88.2709
90.059
88.5219
88.0174
89.4154
89.4048
87.0654
85.9381
85.967
87.3426
87.4282
87.122
87.8232
87.5963
86.6039
87.8561
88.6751
87.5364
87.8576
87.4424
88.0247
88.1218
87.4274
88.1926
87.9196
89.5337
89.124
91.8702
92.779
93.2374
92.4355
92.5788
92.6466
94.2293
95.4885
93.4163
95.2356
95.3802
95.2065
