101.661
100.611
101.488
101.942
102.952
103.356
102.964
101.316
101.634
101.015
100.618
102.381
103.152
105.117
106.215
107
105.594
106.13
104.544
105.247
103.004
102.267
100.29
101.054
101.663
102.763
103.772
103.217
103.47
101.419
100.83
101.682
101.943
103.211
102.723
101.123
102.281
101.043
101.713
105.202
104.31
105.612
106.394
106.683
106.139
105.339
102.888
103.906
102.721
103.805
102.601
101.425
101.421
101.361
101.044
100.791
102.479
101.17
99.0469
99.3752
100.87
100.724
102.174
104.217
105.662
108.91
107.275
106.791
105.373
106.008
105.557
105.25
102.34
101.753
102.02
100.166
99.0235
98.4819
98.1091
99.2744
99.1389
100.009
98.3536
97.6592
97.5144
98.8735
99.2531
98.4764
98.6415
97.34
100.462
101.242
102.565
102.256
103.352
101.02
100.55
99.9396
97.9567
98.4885
97.1336
98.8636
99.1642
98.7281
99.1956
99.4997
99.4037
98.3869
99.1369
98.4308
99.126
100.057
100.033
99.5566
99.8179
99.7559
98.8425
95.9032
93.1312
95.2742
95.5188
93.1388
94.2904
94.722
94.4607
93.6937
93.4664
92.9641
92.948
91.3877
91.454
89.9872
89.6255
89.2394
88.0095
87.5311
87.4306
87.6811
86.5852
87.249
86.335
87.9404
88.0018
89.81
89.9552
88.7146
87.0318
88.1508
87.5244
85.9372
86.1497
85.5844
84.0745
83.0145
83.8369
84.8487
84.2171
84.1055
85.3766
85.184
84.3594
84.9713
86.1524
86.8507
86.933
88.4966
88.5976
88.8341
88.9026
90.4629
89.1504
89.6278
89.5637
90.4617
89.5916
88.9986
88.4768
89.3968
90.5628
89.3264
88.5741
86.7642
85.2944
84.8453
87.129
86.0159
86.3057
85.1784
84.2204
83.47
85.6854
84.1243
85.6699
86.5056
84.5628
83.2528
82.8167
82.5287
84.0545
83.9293
85.5941
84.8381
83.0376
82.698
82.3873
81.2861
81.4003
83.0264
84.8813
83.439
83.4225
85.1769
84.6967
86.2027
84.8991
84.7856
83.2444
83.7639
83.0237
82.9364
81.7106
83.8157
84.7507
84.3416
85.9436
86.3967
85.969
86.3195
87.2641
86.937
85.3388
86.6631
86.3793
86.8015
87.0968
87.2944
86.3972
87.1124
86.4825
86.3152
85.93
85.0627
84.8565
85.1968
85.7383
84.4575
83.6891
82.6568
83.856
83.3348
84.3414
85.132
85.7617
85.0621
85.0985
86.0004
86.5387
85.4355
85.1522
83.9491
83.5696
84.9948
84.8898
83.9296
82.4338
82.5449
83.6373
83.5569
83.5832
83.9207
86.6808
85.8502
85.3904
85.2175
83.8841
84.2327
85.803
85.7377
85.8928
85.4705
86.1824
87.0003
89.194
88.2201
88.3004
88.5212
87.9819
86.7446
85.8241
84.5185
83.9602
84.0354
83.7969
84.5951
87.4757
89.3765
89.298
89.6809
89.6676
92.1304
91.885
91.8471
91.0681
92.8708
92.491
93.2542
93.8749
93.7263
94.7187
94.1516
93.9469
93.472
97.1015
96.9673
97.5493
96.9919
97.6662
97.789
99.7052
99.0135
99.9624
100.258
99.7632
100.164
101.437
100.905
99.8424
98.4591
97.7453
98.4464
100.321
98.0619
100.671
102.701
102.891
103.471
105.549
105.114
104.033
106.141
105.45
106.651
107.962
106.23
107.055
106.472
104.779
104.304
103.274
104.209
105.309
106.011
107.789
108.274
109.768
111.763
113.761
114.533
114.52
113.722
114.221
114.402
114.941
116.362
116.213
118.767
115.84
117.89
120.097
120.929
117.221
118.174
118.267
116.04
114.105
113.073
112.68
112.23
111.299
111.255
113.134
114.022
113.673
113.284
113.654
112.45
112.777
114.038
116.3
116.105
116.607
115.785
114.056
114.785
113.37
115.947
115.667
115.596
115.904
113.247
111.407
112.475
109.709
112.243
114.436
114.316
117.137
118.551
117.714
117.516
116.714
114.763
115.188
117.388
117.726
116.34
116.365
119.806
121.892
122.878
122.631
122.625
119.67
119.278
119.693
119.422
120.326
123.589
122.76
121.807
121.231
122.235
124.364
125.295
127.035
125.555
124.772
123.983
123.719
123.777
125.984
126.153
126.762
127.71
129.826
133.925
136.319
139.291
139.487
136.864
138.714
139.645
138.985
137.859
139.986
139.653
137.254
135.369
135.93
137.907
137.837
136.382
136.968
136.003
133.022
132.159
132.568
129.914
127.847
129.445
127.156
129.281
130.475
127.785
124.952
126.713
124.978
125.098
123.474
123.891
125.023
126.368
127.421
123.175
121.401
118.788
115.5
113.198
113.274
112.014
113.098
113.108
114.921
114.284
112.292
111.459
109.787
106.666
108.182
106.919
106.97
104.604
101.887
102.086
102.919
103.528
101.744
101.715
100.022
102.322
103.051
100.294
100.692
99.4143
98.0377
97.8178
98.9292
97.1598
98.119
97.9127
96.7217
97.4945
96.3621
97.6951
95.808
95.1846
96.0026
96.0346
95.7766
97.0804
96.2821
98.1025
95.3289
94.2948
95.4565
95.4238
94.2326
94.9829
94.5779
95.2049
96.0848
97.6049
99.821
100.071
98.5858
97.1342
97.0757
97.4558
97.6741
97.8582
97.895
97.0263
96.895
97.1753
97.7753
97.3213
96.6028
96.2338
96.0297
95.2149
95.92
95.5326
95.3988
96.4898
97.8294
97.1588
97.0969
97.4763
96.0735
95.977
94.1462
94.7107
95.0887
94.1577
96.45
95.4397
95.0344
94.1987
96.1057
95.5552
94.835
94.0436
96.1143
97.8985
98.3006
98.9879
99.9228
98.5194
100.873
98.1831
96.807
99.0772
96.1408
96.729
99.521
99.2315
99.1717
99.4555
98.8024
100.124
