99.4406
98.3385
100.327
102.053
102.3
103.285
101.508
101.743
101.979
101.212
102.652
103.76
102.286
100.08
100.044
99.5467
100.074
98.562
99.856
100.718
103.904
103.122
104.027
104.265
104.303
104.907
106.986
104.637
105.195
105.341
106.159
105.516
106.053
106.702
106.371
107.541
108.351
109.904
109.818
110.966
110.372
109.826
107.35
105.445
104.447
102.193
103.554
103.871
104.125
105.024
104.066
103.399
105.365
103.102
104.057
102.605
102.668
103.219
103.092
102.497
102.116
100.897
99.2513
99.4226
98.8562
98.668
99.8048
97.8389
99.2725
99.1925
101.349
103.744
101.379
99.6872
100.003
98.616
97.7401
98.2017
97.4416
99.3254
98.4656
100.981
101.782
100.556
100.821
99.7374
101.209
100.796
101.179
101.836
101.638
101.243
102.337
102.553
101.738
101.658
101.703
103.951
104.677
103.889
102.488
101.478
100.111
99.1992
101.405
101.176
101.896
101.667
104.107
107.282
108.982
109.307
110.294
110.668
111.894
111.747
110.013
110.248
110.631
112.377
113.317
114.862
114.774
112.877
111.661
111.188
111.957
113.144
113.835
113.095
111.991
113.238
112.636
112.332
113.095
111.499
110.145
110.502
111.58
108.341
107.521
108.775
109.446
110.774
112.24
110.54
111.354
111.787
111.544
111.51
111.257
112.586
113.028
114.057
115.787
115.089
115.188
117.673
117.133
120.531
118.61
118.92
119.995
121.717
121.272
121.623
121.272
120.49
120.415
121.519
121.144
118.164
116.262
117.84
115.721
115.042
115.424
114.372
116.253
115.098
113.083
112.983
111.725
110.164
112.124
109.855
109.133
109.313
110.123
110.746
111.369
112.19
113.28
112.422
111.491
112.105
111.578
111.296
113.086
114.936
115.977
117.183
118.067
118.186
118.329
119.994
124.15
122.959
124.942
126.107
126.302
128.598
129.437
130.836
132.697
129.859
129.017
130.359
129.915
131.133
129.8
129.663
129.757
129.843
128.194
124.811
124.248
125.247
124.612
125.625
126.189
126.534
125.003
125.104
125.693
127.539
127.147
126.182
124.999
123.5
121.629
122.341
120.366
121.373
124.062
124.145
122.569
121.731
123.031
126.71
124.944
126.244
125.397
124.303
124.18
122.924
124.425
124.45
124.175
125.683
126.46
126.657
127.714
125.329
124.715
125.246
125.455
124.183
123.532
125.694
126.798
127.643
126.447
124.49
125.967
123.239
121.354
121.026
121.96
123.767
123.675
125.185
122.469
120.159
118.81
120.177
121.402
120.056
120.518
120.355
120.773
121.378
121.327
121.108
119.262
117.375
117.313
115.427
114.931
113.392
113.824
112.157
109.653
108.763
106.749
107.337
107.766
109.078
109.052
106.864
108.091
108.152
106.953
104.503
104.183
103.265
101.822
102.113
101.827
101.944
103.528
103.755
101.76
102.515
101.655
100.981
99.4451
99.2301
98.19
99.2369
97.9339
96.6215
97.2673
98.1153
96.186
96.5214
98.3622
99.3988
99.8653
97.7028
97.9887
99.0262
100.602
99.8028
99.7745
99.3702
98.4798
98.7585
98.892
97.1332
96.9036
96.8884
96.8943
97.3444
95.0207
92.8681
92.5312
92.6239
93.6072
94.0608
95.3366
95.4494
93.9492
93.9921
94.6637
93.5074
93.5739
92.1242
91.9424
90.7573
92.7779
92.9552
92.7152
92.4939
93.5427
93.8287
94.1545
93.6907
95.0457
94.4612
94.3211
92.6631
93.1198
94.402
94.2427
94.0662
94.2229
94.8426
94.4786
96.3679
96.9324
98.6273
101.777
101.901
101.663
101.598
101.65
102.483
104.423
104.971
106.197
106.188
106.287
105.595
107.029
108.682
109.333
107.62
107.564
107.949
105.684
103.459
103.96
103.498
103.002
101.655
104.803
103.911
104.56
104.609
105.926
106.347
106.466
106.369
104.407
104.396
106.572
108.282
108.139
106.417
106.041
106.706
105.075
103.483
103.67
104.069
101.185
100.971
101.838
103.096
102.707
101.879
102.473
102.447
100.804
101.419
101.338
102.092
102.226
101.882
102.1
103.176
99.4753
101.54
100.946
100.195
99.8577
98.0189
98.6209
97.3019
94.5239
93.2873
93.4293
93.8462
95.565
95.3186
94.5787
95.3962
96.7846
96.4279
96.6774
97.2311
97.5072
99.2687
99.7088
100.383
99.4745
98.9075
98.8591
98.0306
98.263
97.2595
97.2208
97.61
97.6041
98.6607
99.8198
98.9152
98.1364
98.8424
99.7142
98.0801
99.0574
100.795
100.295
102.9
103.046
103.731
103.007
103.05
103.072
103.039
100.496
99.8192
97.2224
97.6969
94.9339
93.3845
93.5687
93.9109
91.6331
90.9707
89.4463
88.5861
88.6959
88.3877
87.9981
87.5422
87.1021
87.7438
86.4495
86.0696
86.9639
85.0302
85.7986
86.4927
86.4819
86.7361
89.3328
86.6871
87.7738
86.6335
85.711
86.4251
86.9779
85.0988
83.3647
84.7171
85.4814
85.2981
86.0522
84.9412
83.2146
83.0738
82.4814
82.4296
81.9779
80.8208
81.3175
82.4525
82.7551
84.1579
83.4268
83.5325
82.8791
83.2624
79.7646
79.3518
79.392
78.4755
78.5901
78.7714
79.3972
80.0251
80.4982
79.5769
80.3066
80.6527
80.3723
82.0983
83.0295
83.5174
81.0753
80.6941
81.5268
81.7141
83.2141
83.7252
83.307
82.4045
83.0667
83.6955
84.4214
84.2569
84.9222
86.1342
86.3017
86.1866
86.9206
86.323
85.3971
85.3746
84.8407
85.676
84.7251
85.0535
83.8625
83.348
82.1968
81.0113
