101.084
101.971
101.728
101.655
101.715
102.012
101.914
102.423
103.266
101.053
99.4808
100.95
101.572
101.226
100.32
99.4705
102.708
101.532
101.61
100.427
102.329
102.117
101.907
98.5578
97.3014
97.2228
94.8829
94.9668
94.0006
95.4237
92.7422
94.605
95.8709
94.9438
93.6003
95.0853
94.0703
91.1261
91.0931
92.2317
89.5399
88.3914
90.6153
91.7668
91.5491
90.5857
88.6098
88.8429
90.041
89.3491
89.8476
89.0605
91.0809
92.3869
92.4032
92.8121
94.4753
95.3029
94.1864
95.5771
95.9061
94.4134
93.8552
95.6635
93.8905
92.3683
92.4863
92.4561
91.6865
93.5447
94.361
92.1164
91.6705
92.2329
91.9033
92.1298
91.653
92.9318
92.6223
92.2975
94.439
95.2409
93.7051
92.6635
93.1061
92.4826
91.3634
90.1828
90.0463
87.8269
88.1817
87.8249
88.5762
90.9446
90.0222
88.9576
90.7188
90.7487
89.6991
88.0596
88.6678
88.2681
88.2894
86.8285
86.4111
87.2764
87.7132
85.7536
85.0855
86.2438
84.8138
86.2838
85.3452
87.6642
88.6383
88.3333
86.1876
87.5275
87.7279
89.0754
87.6558
88.8593
89.3129
90.3586
91.2447
89.7181
89.4102
87.3209
88.1323
89.1618
87.229
86.8383
85.7549
83.9422
84.766
85.9127
84.0384
85.2947
86.0943
87.8415
89.259
90.5424
89.868
89.5928
88.9356
89.8057
89.7682
89.592
88.6056
88.2264
88.5605
88.5081
89.5858
90.6942
91.398
90.291
90.0325
91.6383
91.2305
92.446
93.1731
93.8034
96.8975
96.839
98.3964
97.8745
99.2415
98.5017
97.2175
96.8209
97.2545
97.644
97.2011
97.022
98.6157
97.2969
99.1825
98.1008
98.0329
98.5616
98.8737
98.1635
98.2244
96.286
97.0131
98.0841
97.6394
98.3613
98.8341
99.5351
99.439
99.6402
101.052
100.205
102.233
99.3826
100.492
100.731
100.598
102.912
103.998
104.201
104.89
105.343
104.553
103.914
104.571
105.805
107.517
106.371
106.847
106.161
108.214
107.881
107.561
106.979
109.032
109.376
107.419
107.838
105.255
104.591
104.185
103.986
103.689
102.837
102.426
103.526
104.349
104.187
103.257
104.715
103.313
103.53
106.205
106.899
107.668
107.341
106.574
109.317
109.382
110.311
111.381
108.451
109.566
112.088
113.657
112.22
113.569
114.798
114.132
115.023
116.189
116.048
116.305
117.682
116.402
113.585
114.989
115.408
114.898
112.69
112.315
112.049
113.372
110.294
109.027
110.682
112.442
114.288
115.751
114.599
113.986
111.461
111.213
110.884
111.024
110.846
111.142
112.523
109.988
108.763
109.07
110.928
110.417
107.468
107.642
106.81
106.782
107.349
104.955
105.135
105.873
104.51
104.908
103.211
103.962
104.003
102.826
102.307
102.474
102.928
104.828
104.999
105.6
105.125
105.521
103.968
104.74
103.124
104.053
105.218
105.904
107.051
108.776
108.381
106.631
106.268
105.869
109.4
106.527
107.201
107.347
107.989
107.931
108.706
110.237
113.394
112.419
115.205
117.702
116.266
116.587
117.059
118.453
122.039
119.159
118.533
119.753
122.311
122.123
122.676
121.323
122.065
121.588
122.359
123.097
121.161
121.67
122.132
121.725
124.503
123.013
124.603
123.541
125.204
127.41
127.223
128.377
126.138
127.15
127.285
128.441
129.359
128.859
129.65
126.9
126.045
127.07
125.724
126.883
125.979
124.856
122.095
123.788
123.22
120.766
116.535
117.782
119.247
121.489
121.731
122.368
123.522
122.769
123.539
123.838
121.304
119.985
119.931
116.65
115.384
116.815
116.408
116.901
118.811
120.079
122.131
123.827
123.382
124.357
126.042
124.063
124.286
127.24
127.011
122.453
124.197
125.531
124.555
122.447
123.98
123.371
124.394
125.487
125.849
123.135
123.734
126.025
125.203
124.641
122.23
121.805
121.575
122.392
121.38
121.271
123.256
119.737
120.924
120.667
120.079
116.937
119.187
119.382
119.131
121.169
119.917
119.807
118.43
118.254
116.872
118.486
117.276
115.652
113.474
115.679
116.996
115.283
115.809
114.519
112.793
112.716
111.148
109.595
110.362
110.364
111.555
111.721
111.515
113.229
113.233
113.268
111.463
109.413
109.244
109.721
108.577
107.902
107.684
104.82
103.049
103.365
104.579
105.749
106.33
106.1
108.456
108.17
110.605
110.709
109.361
107.525
106.963
108.69
107.862
108.4
107.257
107.631
107.249
104.252
104.568
104.848
104.654
105.402
108.175
107.968
106.405
107.161
108.599
110.178
109.123
107.924
106.735
106.124
105.145
104.689
104.716
103.439
99.713
98.0267
97.6849
97.5717
98.209
97.903
97.7818
96.1998
94.8426
92.5962
91.9416
92.4876
92.7725
93.269
92.8039
93.1438
93.775
93.4614
95.6861
96.078
95.4103
92.6499
93.9692
93.0263
94.697
93.1042
92.5715
90.9046
93.3307
94.6309
94.6634
94.3502
95.3032
94.8111
94.5966
94.1497
94.7868
94.835
94.4382
93.6267
93.0707
92.6025
93.6338
93.3631
93.428
90.7711
92.1424
93.2227
92.1397
92.3035
90.8691
91.1787
90.4832
90.1119
89.9463
91.065
91.6725
90.7284
90.2181
89.2293
89.3248
88.8037
88.251
87.9549
87.9866
87.4568
87.0999
87.1873
85.5277
86.7677
86.0573
85.2259
85.4678
85.2548
82.2601
83.1732
83.1934
83.7232
84.6557
85.7615
86.9238
87.1984
86.8241
89.0263
87.9987
87.1862
89.8854
88.8294
88.2673
86.2851
87.3726
