99.3124
98.1251
95.3426
94.7832
94.3065
92.8014
92.0606
90.4012
91.2424
91.1428
90.5717
89.8767
89.0923
91.5227
90.396
89.957
90.1193
91.2922
90.7949
92.4873
92.3196
93.35
95.902
98.1866
97.7871
96.486
96.3461
97.043
95.839
96.3456
97.2292
98.2922
100.267
99.9379
100.723
101.351
100.646
99.6099
99.5014
101.093
102.66
102.219
102.002
104.181
103.184
103.082
101.106
99.3789
100.822
101.682
100.705
98.6995
99.2268
98.2589
97.5108
98.4503
98.0483
97.3016
96.7904
97.7679
98.6448
98.9775
98.0129
96.3532
96.5183
96.819
96.6568
98.4723
98.8652
98.5187
97.6047
98.0492
97.0507
98.7623
100.599
102.18
103.416
104.615
103.2
103.834
104.182
105.116
105.475
106.872
105.432
105.692
102.569
101.749
102.338
101.192
100.866
101.51
99.9455
99.8449
99.745
101.099
103.006
103.553
102.276
103.199
104.551
103.819
104.852
104.47
105.485
103.642
101.781
101.883
101.477
101.332
102.987
102.206
102.195
101.698
101.95
99.6694
98.1524
97.6204
99.1325
100.46
100.29
99.913
100.113
101.268
102.722
101.261
102.844
102.919
103.732
104.352
101.899
102.735
104.486
103.655
103.832
103.523
103.688
104.223
105.427
103.456
105.53
106.413
103.532
103.602
105.713
107.202
105.85
109.72
110.739
109.828
108.894
111.061
112.541
115.149
114.809
116.314
116.411
118.358
118.729
118.596
120.027
119.848
120.781
121.688
123.42
125.363
125.225
126.952
129.348
127.165
129.09
129.261
131.131
129.785
130.005
127.629
127.638
132.099
131.019
131.392
130.85
133.083
130.239
133.022
130.996
130.247
130.954
132.697
133.667
132.993
132.236
132.276
133.633
136.116
131.808
132.577
130.986
131.016
128.683
128.774
128.316
128.018
128.488
129.082
129.729
128.633
129.459
128.37
125.336
125.867
125.162
124.868
121.549
120.173
118.953
118.79
119.95
121.253
123.784
125.478
124.084
124.461
124.927
124.516
123.743
123.559
122.837
118.239
119.397
118.688
118.441
117.148
117.592
113.561
115.422
116.035
115.1
115.66
115.765
114.777
113.104
112.709
111.848
109.872
110.834
113.145
113.293
113.223
113.612
112.606
111.413
109.659
110.227
109.607
110.713
111.492
112.858
110.632
115.074
114.549
116.319
115.125
116.884
117.308
115.478
116.44
116.887
115.72
114.875
114.916
116.1
112.742
113.035
111.898
109.664
108.319
109.859
110.621
111.195
110.576
112.345
114.746
113.226
112.16
113.064
113.364
115.714
117.556
119.164
116.82
116.765
119.066
118.805
118.2
117.62
118.155
115.064
114.313
116.032
113.858
113.135
110.621
109.703
107.794
108.513
107.399
107.439
110.231
110.64
111.82
111.677
110.791
111.053
112.792
110.926
111.23
113.733
114.422
114.05
114.617
114.668
116.451
116.842
116.639
115.197
114.589
112.995
111.516
111
110.68
111.121
112.712
112.937
113.793
116.685
116.835
115.421
117.817
117.507
114.801
114.269
114.388
114.412
113.635
112.562
112.034
109.536
110.732
110.803
113.104
113.157
113.403
113.988
113.973
112.093
111.452
110.724
109.719
108.617
107.9
108.337
104.156
104.096
103.566
103.795
104.804
102.728
102.429
105.817
103.232
102.895
101.891
103.66
103.098
102.432
101.512
101.474
102.782
100.787
101.979
103.087
103.185
105.16
104.557
104.169
103.49
101.039
100.791
100.478
98.7534
98.6218
98.0774
98.1398
97.7504
96.2743
97.3233
96.7515
97.3489
97.4422
97.8906
99.8009
100.896
99.8723
100.99
100.67
100.239
100.57
99.4274
99.7286
99.1597
98.5986
99.7655
98.2371
98.195
97.9071
99.139
98.3452
97.8876
99.9257
100.84
101.828
101.775
102.509
104.655
101.985
102.095
99.4279
100.116
98.6444
98.2754
99.2466
100.514
101.664
100.856
101.894
101.383
100.871
99.0072
100.657
99.95
100.472
100.998
99.0247
100.609
101.113
104.285
106.935
106.31
106.098
102.667
102.835
103.717
103.486
102.676
102.59
105.462
106.264
107.735
106.731
105.308
104.717
104.854
103.359
103.55
104.124
103.141
103.424
102.12
101.932
101.584
100.732
102.303
105.84
104.523
105.49
106.857
106.897
106.183
105.851
104.144
103.741
102.652
103.077
101.762
101.953
102.957
104.315
102.755
102.172
103.376
105.188
106.208
109.019
107.717
109.116
107.747
108.764
108.258
108.389
108.854
109.213
111.841
112.051
109.353
109.763
110.295
110.384
110.616
113.14
114.037
114.629
115.057
115.399
115.629
116.595
116.652
119.349
121.758
124.589
125.078
127.348
128.636
130.318
125.551
126.061
125.836
125.036
126.636
128.546
126.51
127.283
131.31
131.75
130.233
132.525
129.897
132.325
131.659
130.959
130.965
133.02
134.004
132.247
132.195
132.798
134.388
131.696
130.889
131.819
134.266
134.423
134.837
135.5
135.842
135.138
134.58
135.155
136.898
133.291
135.342
133.92
135.24
135.313
137.617
139.284
137.395
137.25
138.025
137.368
139.272
137.507
137.334
139.231
133.961
132.309
133.911
133.211
132.718
132.301
130.269
129.748
131.588
130.547
130.109
131.846
133.312
133.405
133.803
136.587
134.336
133.697
133.481
132.215
133.32
132.829
132.678
132.781
134.933
132.445
135.015
