98.2006
98.3459
99.2849
98.8333
100.121
100.913
97.9769
97.9647
97.2205
95.4984
96.7408
96.7974
95.9327
96.6156
96.26
96.8434
97.5144
98.9435
97.8869
99.1882
97.756
99.0627
99.0528
99.0636
99.9595
99.9505
101.014
99.9472
98.8357
98.9209
98.9918
99.3602
100.05
102.459
102.852
106.058
106.914
108.69
106.727
106.605
106.588
105.146
105.186
105.731
105.827
102.554
102.903
105.473
106.759
105.554
104.825
106.023
107.12
107.429
106.146
106.125
107.027
108.446
109.984
110.785
110.16
111.647
115.615
115.309
115.78
116.265
113.84
112.156
112.27
113.492
113.364
114.556
111.98
112.013
112.32
111.543
113.317
114.448
114.956
114.617
115.739
118.776
117.136
113.373
111.534
111.421
110.214
109.719
110.91
110.368
107.847
106.71
108.076
108.332
108.185
107.426
109.144
109.836
110.681
110.056
108.993
108.971
109.994
109.37
107.607
107.113
104.54
102.94
103.605
103.755
104.709
105.087
107.438
105.959
105.955
104.512
104.111
103.96
104.266
102.18
101.175
102.846
104.205
103.795
101.563
101.548
99.6704
100.72
100.566
100.163
101.042
100.329
101.732
102.931
103.073
104.468
105.115
105.543
106.766
108.53
107.591
107.938
106.759
106.399
105.422
107.284
105.199
107.611
109.028
108.384
108.242
109.223
109.653
109.28
109.897
110.349
112.949
114.265
112.83
112.503
113.055
113.583
113.782
112.256
115.626
115.143
112.693
114.751
115.066
115.497
114.103
112.854
113.654
114.162
114.417
114.089
116.914
113.751
112.416
112.219
112.93
111.229
113.146
113.943
112.647
111.029
110.766
110.152
108.271
106.552
107.271
107.484
107.821
107.571
108.385
107.004
107.251
108.253
107.752
109.093
108.805
108.442
107.006
105.804
108.151
110.553
109.158
108.791
111.293
111.294
111.375
111.77
112.458
112.132
111.889
112.894
111.279
112.169
110.614
109.705
111.219
109.146
109.174
109.642
110.342
110.512
113.202
114.08
115.715
116.956
116.76
115.614
115.429
113.77
112.543
113.413
114.554
116.823
116.297
115.094
115.731
114.523
115.222
115.226
114.083
112.429
112.184
113.493
113.601
115.895
118.659
118.134
118.681
118.601
117.945
121.315
118.767
118.023
115.633
115.947
119.578
118.965
120.111
119.441
117.834
117.806
120.035
122.586
123.813
123.935
124.222
124.005
125.268
123.484
123.12
123.298
122.525
124.053
123.191
125.555
125.447
125.901
124.3
120.775
121.723
123.186
120.984
120.476
122.623
124.753
124.608
121.911
123.276
121.268
120.187
117.688
119.514
116.774
114.631
116.419
115.528
116.905
118.53
119.689
120.577
119.921
120.279
120.109
118.141
117.669
115.731
114.014
113.167
113.842
112.909
112.078
113.469
115.912
115.288
118.085
119.426
118.612
119.588
120.211
120.683
123.455
122.517
124.742
124.91
125.548
125.816
127.014
124.554
125.678
127.131
128.412
129.765
131.918
130.795
133.032
132.07
132.959
134.66
134.446
135.51
133.903
133.423
131.204
130.318
128.843
130.045
130.787
131.031
129.46
127.522
130.358
132.026
129.547
128.702
132.932
132.985
131.96
132.281
131.37
131.284
132.284
130.605
131.219
130.559
130.262
128.331
128.114
130.478
133.637
135.067
135.58
135.953
134.46
134.443
136.243
132.383
131.166
131.123
131.538
132.718
134.168
135.815
134.039
132.35
131.903
131.742
131.127
129.847
128.871
128.601
128.943
126.391
125.657
127.009
130.15
129.104
132.151
132.303
131.399
133.673
134.52
134.775
132.397
133.835
137.927
136.317
136.604
133.492
132.375
129.247
128.832
127.973
126.79
125.553
126.115
126.776
126.928
125.233
122.386
122.115
121.793
120.821
121.773
123.516
122.05
121.548
122.199
120.051
121.234
121.417
118.823
116.856
117.67
117.911
116.943
112.786
117.027
114.148
114.588
113.851
113.39
114.146
114.222
114.309
113.301
113.157
112.74
110.406
110.032
107.689
108.227
108.57
109.289
108.038
108.279
108.952
107.231
107.26
110.389
108.882
107.827
110.996
111.054
110.458
108.555
108.34
109.094
111.672
113.843
113.982
112.202
112.592
112.157
111.893
110.294
109.361
109.372
107.573
105.27
106.65
107.906
107.623
107.034
106.764
106.173
105.035
105.69
106.324
108.085
105.236
104.581
104.238
104.539
105.261
103.995
106.361
107.526
106.389
106.538
105.644
103.22
104.45
104.638
104.39
103.228
102.471
102.236
101.141
101.302
98.3355
95.6508
97.1957
97.3558
98.0672
99.2799
98.1714
99.2685
97.2399
99.7822
101.165
100.756
102.691
104.435
104.911
103.699
101.832
101.484
101.124
102.287
101.947
100.647
99.323
98.1153
96.6387
97.6652
96.258
97.0226
98.7668
100.54
101.382
102.727
101.387
101.907
101.855
100.794
102.269
101.235
99.8441
101.289
100.306
102.514
102.75
102.334
102.537
102.158
101.625
100.988
100.994
102.191
102.312
103.22
106.472
105.684
107.568
109.411
109.738
110.682
110.323
112.3
113.784
115.545
116.479
116.899
117.281
118.981
119.263
118.384
118.983
119.09
118.338
117.713
116.175
116.993
115.037
113.797
112.566
112.926
113.94
114.001
113.463
113.782
115.481
112.192
113.282
112.789
