101.939
102.076
102.719
103.637
103.327
103.855
104.251
102.116
102.622
104.591
105.119
104.007
104.332
105.009
105.539
105.112
104.693
102.937
102.333
101.903
103.814
102.1
102.707
103.022
102.821
100.902
103.776
105.663
104.917
106.278
104.357
106.16
106.105
105.468
108.973
108.459
109.98
109.783
110.227
110.799
113.566
113.531
115.217
115.814
114.833
113.927
115.965
115.349
115.024
111.015
108.992
108.349
108.204
108.418
105.619
106.216
105.903
106.825
108.212
107.258
107.606
108.115
110.28
110.627
110.357
110.99
109.865
110.48
111.09
109.399
109.474
107.585
107.132
105.718
103.383
102.002
101.605
101.343
101.803
100.965
100.729
102.02
102.785
105.173
105.253
105.674
103.673
103.933
104.355
104.678
105.321
106.38
106.993
106.152
108.1
107.804
106.437
105.394
103.643
103.256
102.182
101.911
102.543
102.65
102.787
103.124
101.582
100.46
101.757
102.915
103.036
101.985
101.361
101.532
105.618
107.257
107.129
109.319
108.871
112.192
111.47
115.833
118.648
119.338
120.573
122.396
124.538
125.545
122.315
126.002
126.284
124.94
124.571
124.801
126.12
126.012
124.382
123.159
121.834
121.691
118.823
118.2
117.956
118.126
120.41
121.083
121.714
120.767
122.441
122.071
118.616
119.988
120.68
118.853
117.706
117.061
116.293
114.112
117.418
119.288
119.132
120.701
121.223
120.55
121.887
121.962
121.387
122.382
121.792
120.088
120.007
119.898
120.583
117.412
118.408
119.652
120.036
120.188
120.288
119.814
118.949
118.874
119.385
122.726
120.849
123.584
124.758
124.896
123.138
123.311
121.455
122.074
121.677
120.269
119.846
119.205
121.821
124.452
126.263
127.26
124.821
125.142
127.156
126.771
124.411
124.119
124.747
125.788
127.092
127.766
127.093
127.83
126.506
126.311
125.057
125.693
122.984
125.737
129.078
129.959
128.733
129.528
130.565
128.138
127.213
127.554
126.812
126.551
127.313
128.944
130.069
129.607
129.303
130.78
129.542
129.36
132.281
129.111
128.137
127.875
128.785
128.243
126.98
128.36
129.401
127.832
127.189
123.317
125.84
125.442
124.267
123.716
122.219
122.397
125.038
122.598
120.649
121.296
120.552
119.758
119.9
123.113
122.572
122.813
124.366
127.134
127.316
128.379
127.408
128.824
128.469
129.582
129.496
127.5
126.062
125.778
126.803
126.894
129.142
128.057
130.186
130.524
133.619
132.463
133.774
136.877
133.792
137.636
135.394
138.864
138.911
142.418
139.48
138.09
140.126
138.235
139.959
140.389
138.337
140.088
140.95
139.186
134.957
134.565
135.284
136.957
134.78
134.155
136.049
137.868
137.008
139.004
135.591
133.971
134.054
134.143
132.304
133.139
135.822
137.137
136.776
135.854
134.383
133.744
133.764
134.379
132.248
134.074
135.81
137.809
135.762
136.861
135.415
134.276
137.146
141.437
141.265
144.212
142.648
143.803
143.099
144.483
148.259
149.555
147.447
148.583
149.561
151.022
148.665
150.212
152.454
157.891
159.015
158.893
159.68
156.659
155.767
155.847
156.935
152.651
153.704
153.513
154.281
157.616
158.662
160.491
160.085
161.225
163.545
169.191
170.032
171.496
171.562
172.094
170.415
168.824
170.235
174.274
173.274
174.533
174.313
174.527
176.2
176.811
172.595
172.276
169.814
166.056
169.672
167.608
168.083
168.758
170.504
169.004
170.408
173.705
173.613
174.218
171.52
172.528
173.894
170.844
170.573
170.655
172.614
171.095
168.6
164.087
160.469
157.791
157.278
156.861
154.91
152.344
152.404
151.258
151.773
151.988
150.105
147.36
145.763
144.622
143.351
143.054
142.685
143.3
142.093
141.992
139.417
136.057
136.493
137.249
135.816
135.524
136.784
136.565
134.618
135.895
133.393
133.113
134.166
134.896
134.158
135.629
136.292
137.528
135.494
136.995
139.572
143.019
141.896
142.743
144.288
144.44
142.661
142.894
142.313
140.987
140.792
142.809
142.826
140.737
140.781
140.912
141.118
143.192
146.672
147.232
146.272
143.071
143.125
144.246
139.255
139.576
140.39
139.782
138.61
136.951
135.511
135.114
134.39
133.149
133.26
132.192
131.326
130.676
130.426
130.066
129.427
130.038
131.762
130.962
131.494
131.209
128.802
128.822
131.315
131.811
132.001
130.936
132.027
134.682
135
136.673
138.284
135.054
133.985
134.831
136.167
134.292
136.239
136.427
135.964
137.094
134.385
134.19
135.45
137.924
140.282
138.612
139.092
139.96
140
137.189
138.836
138.201
134.45
135.414
136.082
133.635
132.747
133.326
133.957
132.276
134.328
138.224
143.098
141.869
147.16
146.667
143.189
143.694
143.908
144.199
144.085
145.484
143.699
141.555
141.898
144.636
146.302
146.456
148.208
149.495
149.056
152.013
153.374
156.023
153.371
153.861
153.731
153.106
150.798
149.958
148.724
149.625
149.498
148.667
149.977
148.196
151.674
149.054
148.212
146.412
147.626
142.113
144.162
145.848
144.729
145.68
144.97
143.134
145.023
145.062
141.665
139.785
137.771
141.511
143.34
145.553
143.016
144.278
144.933
143.04
144.71
145.009
147.425
149.207
147.637
150.516
