99.352
98.9405
99.1908
95.6719
95.2087
94.8727
95.702
93.4187
94.2489
95.246
93.9534
92.3175
94.5719
94.5056
93.8152
91.9061
91.1395
93.4334
92.3167
93.102
94.9189
92.0244
90.7827
90.7553
90.5858
89.2245
89.1851
89.6741
90.4335
90.7482
90.6358
91.1291
89.6575
89.2346
88.1446
87.5163
87.1886
87.4652
87.127
85.7306
86.2176
86.7719
86.2363
85.2848
86.2796
86.6266
86.8028
86.2755
85.8806
87.9351
86.4598
87.8946
88.4959
89.1423
89.1749
88.8949
90.7796
89.0714
88.2335
89.742
91.9555
91.7206
94.532
95.7302
95.8953
96.1056
95.6589
96.2092
95.6494
96.591
97.9069
98.4647
98.7821
99.3399
97.9843
97.9053
97.768
98.1435
97.6848
98.7267
98.112
97.7128
97.2978
96.2702
95.3474
93.0091
91.0739
90.7876
91.9183
94.2839
92.9884
92.499
94.2807
94.9617
94.7706
94.8932
92.4988
92.6391
92.4254
92.9114
91.5713
92.1154
92.0449
92.8097
91.8802
92.6262
93.7789
95.7266
93.6015
92.5184
94.3993
94.4478
94.0678
94.6641
93.8834
93.6324
94.8494
94.4009
93.5934
93.6779
94.8148
95.2364
96.4385
97.0479
97.5766
96.3454
96.8955
98.3673
96.8806
97.2261
100.005
101.278
101.587
101.502
102.354
105.858
103.175
103.791
105.682
103.103
104.678
105.405
103.017
100.817
103.683
104.082
104.269
101.988
101.247
102.3
101.012
103.038
101.91
100.513
101.096
102.048
101.716
100.946
99.3775
98.7841
98.5667
98.5833
99.8351
100.259
99.9259
98.6733
98.0494
99.8449
99.2349
99.8259
99.4805
100.844
99.4447
100.263
99.1281
97.2896
95.767
94.1258
95.6957
95.5971
96.5695
98.3967
96.9094
95.355
96.563
95.2996
95.6044
94.4266
93.2659
93.0964
94.3436
94.2926
93.5695
91.6322
90.5756
89.9796
88.482
89.2119
91.0935
92.4293
94.519
95.929
95.6844
96.8291
98.1251
96.8531
97.8795
99.2707
97.2539
98.1021
99.0873
100.421
102.145
101.868
100.669
102.429
100.489
100.784
99.955
99.9502
99.762
101.972
103.016
102.524
104.764
106.038
106.385
106.764
103.509
102.196
103.758
102.709
104.65
104.982
105.013
105.235
105.674
105.65
102.99
104.734
105.639
105.191
104.428
103.527
104.977
103.369
103.891
104.675
103.277
105.195
104.344
105.674
107.18
106.504
108.298
105.609
106.783
105.243
108.227
111.42
110.069
111.158
112.82
110.798
109.014
109.7
110.386
109.969
111.027
110.222
113.46
114.774
114.226
114.207
115.661
116.772
114.796
116.522
117.133
114.992
112.004
111.519
109.917
110.92
107.067
105.471
103.711
103.907
103.945
103.221
103.288
104.122
104.075
103.659
103.753
104.979
105.582
105.099
105.469
107.686
107.374
107.854
107.002
107.943
105.435
105.324
106.705
104.225
103.771
102.817
101.203
100.45
98.5535
100.18
99.4936
98.7297
98.2232
97.0136
94.0876
91.9951
91.6671
90.9303
91.0898
90.341
88.1219
87.6994
84.9464
85.6242
86.2063
85.0413
83.5887
85.977
86.4948
85.5754
87.0329
87.3393
87.8173
88.6991
89.1402
86.7501
86.5879
87.0807
89.4158
89.3641
89.5564
89.6719
87.9653
87.4131
84.5264
85.6642
84.8335
84.5949
86.2776
87.4486
89.3267
88.6645
88.0049
86.2033
87.1756
86.9736
85.4951
85.3746
83.7016
83.2231
82.9887
83.7938
83.2594
82.7488
82.7648
81.8
80.8212
81.9672
81.3776
82.1906
82.8354
81.8986
82.539
83.2263
83.4265
84.529
84.0348
84.4298
84.7216
83.9138
83.8808
83.7662
85.2941
84.7545
85.7921
85.9675
84.4393
83.3319
82.8178
80.6842
82.5443
83.0029
82.2477
80.9279
80.7891
82.9482
83.2914
82.67
82.5663
82.011
80.8842
81.2346
80.0253
79.0623
80.3197
80.2184
79.0142
79.189
78.5593
79.4376
79.6866
78.4563
77.7294
76.9285
76.9575
76.5815
76.6701
76.2312
74.8223
74.1813
74.3162
75.1811
74.9658
74.251
73.0669
71.7173
71.5813
70.7372
71.5976
70.7836
70.2805
71.5105
70.1918
70.8008
70.6243
72.6106
72.2177
72.177
72.5289
71.7517
71.1879
71.1643
70.7232
70.4682
72.111
71.9298
71.2264
70.8554
69.7639
70.7156
71.4232
72.2635
72.2648
72.6056
72.3556
72.4238
73.7995
74.5308
74.913
75.8871
76.8223
78.1953
78.2363
78.6161
78.2131
78.0645
77.6039
77.7883
79.0633
78.344
78.6059
80.8381
80.119
79.3295
80.3259
79.8591
79.2333
77.6008
76.6629
75.655
76.6824
77.8424
77.4175
78.056
76.5799
76.586
76.3191
75.5141
75.7884
75.9078
75.5382
76.4736
75.4418
74.6642
75.0734
73.8089
72.9735
72.5945
73.4713
73.553
71.4751
72.1385
72.5169
72.4049
72.6373
71.6178
71.018
70.0968
70.5006
69.3916
68.7705
69.732
69.4082
69.2668
69.2639
69.4882
69.8533
69.3157
69.9588
68.6044
68.4136
69.1124
69.4447
68.932
70.7009
71
70.2694
68.9787
69.7855
69.7904
69.3098
69.5388
69.1022
68.9272
69.2061
67.736
67.5632
67.0184
67.5666
68.4066
67.5481
66.8694
65.4442
66.3913
66.4139
65.3433
65.1249
65.0867
64.8644
63.6419
63.8805
63.5233
64.6731
64.5164
63.2975
62.413
63.4126
64.1033
63.3788
63.7195
63.0349
62.8021
62.6235
61.2152
61.0891
59.4712
58.8914
59.8573
58.7825
58.3429
58.3851
59.1178
59.08
60.3428
60.3191
59.9562
59.8269
60.7551
60.6161
61.9713
61.5007
61.5911
61.9205
61.5964
63.2281
64.367
64.6948
66.1752
67.2837
68.4657
66.6886
65.1367
65.3589
64.9824
63.8795
64.1073
