100.912
101.874
101.905
102.967
102.693
100.949
100.893
101.164
102.14
102.871
102.746
104.397
103.069
101.741
103.093
102.994
103.202
104.666
105.704
104.218
103.824
102.416
102.12
99.9646
97.9164
99.4479
98.9353
100.609
99.0927
99.0555
99.1525
99.8011
101.155
100.598
99.3588
97.9207
100.221
101.788
103.574
104.493
104.319
105.475
105.453
104.21
107.079
107.602
107.873
106.607
106.597
105.261
103.443
104.767
105.758
105.178
107.233
105.46
102.652
103.322
103.113
104.007
104.009
103.817
103.374
104.288
105.754
107.532
107.486
105.72
105.664
106.41
105.72
106.598
107.272
108.486
107.808
107.978
108.776
108.155
108.128
107.195
109.338
110.167
111.241
112.087
112.868
112.968
113.259
113.125
111.239
110.737
109.234
111.067
109.707
109.924
110.661
111.975
111.889
113.731
116.878
118.715
118.656
119.75
119.439
119.01
120.489
121.828
122.897
123.465
127.541
128.927
127.435
128.827
127.011
126.018
125.452
125.935
126.993
127.635
123.87
123.427
120.609
120.686
121.687
121.901
122.831
122.82
122.873
122.07
121.147
124.053
125.348
126.149
126.967
126.657
129.672
129.975
128.16
131.436
133.429
129.83
130.886
128.269
126.345
127.463
127.255
127.222
126.876
127.32
126.685
125.209
121.95
121.026
120.923
121.473
120.754
117.415
119.433
119.067
118.869
119.697
119.602
121.509
122.23
124.406
122.782
122.881
121.541
124.894
124.152
124.708
124.925
124.095
123.591
117.836
117.155
115.661
116.183
117.075
117.626
115.598
113.102
113.28
114.634
113.155
112.471
113.582
113.48
111.431
109.728
108.982
108.258
106.597
106.583
107.185
107.018
107.475
107.471
107.367
106.219
107.255
109.105
108.708
110.056
110.898
111.121
111.257
111.823
112.599
109.871
109.379
106.514
109.109
107.499
106.317
107.211
108.617
108.35
106.594
106.188
106.162
106.024
107.314
105.325
103.79
101.469
102.621
106.283
107.183
108.303
109.08
109.813
110.983
109.742
109.103
110.244
106.8
108.591
108.631
111.041
111.811
110.723
110.869
110.319
111.499
112.383
113.251
114.766
113.598
112.465
113.32
112.514
112.841
112.044
111.95
110.552
110.894
109.709
110.383
108.425
109.942
109.042
107.239
105.059
104.594
105.838
104.256
102.995
103.453
101.292
100.009
101.113
101.172
98.8633
98.5481
99.4262
100.658
98.5933
96.888
96.2529
96.8602
97.2497
96.7074
97.9626
99.08
100.47
100.744
98.3271
99.1714
98.9472
98.7838
97.3912
100.035
99.7597
99.3641
100.83
100.924
100.44
100.595
100.711
101.238
102.445
102.29
101.632
100.051
99.7961
101.262
100.745
102.275
102.966
102.197
102.845
101.501
101.424
102.127
101.211
103.794
105.792
106.134
104.099
105.73
104.94
103.346
104.039
104.508
105.35
108.724
106.803
105.979
105.252
103.258
101.819
101.018
101.444
101.617
100.814
101.015
103.623
102.731
103.747
105.212
103.894
101.873
102.67
100.63
101.432
101.732
102.02
103.442
101.197
101.911
100.292
98.9366
96.1997
96.8945
96.5398
97.2236
97.1451
97.1719
95.2737
95.3487
96.0337
95.5709
95.9692
95.0312
97.0351
96.9497
98.1119
97.0015
98.4444
98.2122
99.9469
101.165
100.112
99.5399
97.6926
96.9448
98.6558
98.2478
97.1398
95.1851
95.2519
95.7971
96.6507
97.6269
95.8359
99.6961
100.201
100.966
99.7318
98.3728
96.9713
95.6
95.0684
94.5175
95.8586
94.5058
94.0932
95.913
96.6626
99.1725
99.3657
98.9963
101.091
100.989
102.386
103.099
103.267
102.151
101.319
101.45
102.184
103.074
103.323
104.81
107.672
106.345
107.654
107.209
105.721
106.476
105.733
103.983
103.41
106.72
106.221
108.581
109.885
110.225
112.936
112.709
113.707
115.167
115.165
115.314
114.841
115.343
115.837
118.635
119.638
121.606
121.501
122.647
124.473
125.785
125.655
126.463
126.933
124.343
125.207
124.74
125.062
123.312
123.555
122.745
121.782
121.725
122.546
121.053
122.356
124.014
126.26
126.997
123.399
126.398
128.164
129.479
129.052
128.554
127.658
128.597
129.799
130.062
128.404
125.613
125.317
125.479
124.242
122.406
120.652
122.239
123.878
123.046
122.554
123.027
124.504
125.843
127.842
130.35
131.402
131.145
130.546
131.409
128.847
127.905
127.702
127.106
126.847
127.193
125.874
126.234
124.296
126.711
128.593
128.777
130.385
131.818
130.978
131.556
133.234
133.017
132.467
129.85
130.646
129.525
128.109
127.164
126.094
127.46
126.997
125.977
125.084
127.252
126.933
125.397
126.092
126.886
125.71
125.48
123.97
124.123
123.008
122.49
123.643
124.431
126.292
126.652
124.201
124.488
124.704
124.946
127.45
125.484
125.119
127.025
122.466
122.592
122.047
123.187
123.365
122.185
123.577
126.278
125.569
122.351
122.161
121.404
121.178
119.723
115.022
116.564
113.52
114.951
117.217
116.478
115.773
113.927
109.395
109.752
108.617
106.386
105.763
106.58
107.443
106.54
109.028
108.811
108.544
110.316
110.053
108.64
107.908
107.426
103.287
100.243
100.088
100.646
103.017
106.424
105.413
106.793
106.292
106.173
104.321
102.328
104.85
104.632
105.442
103.191
103.453
101.487
