100.136
101.337
99.8476
98.8269
99.8568
100.988
99.1855
98.3547
98.1073
97.2885
96.5263
98.5855
96.3947
95.9462
95.4234
95.7768
96.2679
94.3921
94.8744
93.2673
93.3647
93.7479
93.1793
94.2104
96.8649
97.4502
96.6418
96.3571
95.4801
94.2237
94.1076
93.6896
94.0407
94.3349
93.987
91.8378
92.2651
93.8382
91.2234
91.3844
90.7613
89.9662
91.7981
90.8192
89.6621
89.4806
89.4552
88.2292
85.117
84.9739
86.9114
86.9103
87.2659
86.8346
86.1254
86.8434
88.2227
86.7985
88.5753
89.3669
87.5446
85.7146
86.6839
87.2821
87.2508
88.2724
90.1291
89.7684
88.8206
91.3947
90.1972
87.8228
87.6949
89.7538
90.8272
91.839
92.7547
92.3289
92.5941
90.9309
89.7663
90.899
89.4063
88.2908
86.9268
85.6344
86.0411
87.2102
86.6174
85.5085
85.1768
87.1006
87.4117
88.2693
87.7792
87.8578
88.4954
89.1472
89.2738
90.8032
91.0319
89.2876
89.6965
90.7482
90.3512
90.8043
90.9988
90.6625
90.4984
89.2621
88.4711
89.3768
88.8249
87.4179
85.074
87.2934
87.1805
85.9657
86.1475
84.3557
84.9995
86.2517
86.327
85.1253
84.0082
84.4362
84.5357
83.9138
82.9277
82.8606
83.3145
84.1116
83.3304
83.6487
85.2259
84.9638
85.3716
86.0563
87.843
87.9644
87.3594
86.7182
86.3201
86.6709
87.2344
89.4213
90.7107
91.1738
91.5605
91.451
91.417
91.4881
90.86
90.1152
90.2972
90.4989
89.4056
90.1986
90.6184
90.2104
88.9696
90.0831
89.5413
92.4502
91.5555
91.5448
91.4633
92.6029
93.3289
92.0848
88.6703
90.2869
89.9015
92.0933
93.9602
90.2385
90.3985
88.257
89.1142
90.573
90.5065
91.1085
90.5035
90.7218
90.6997
92.1313
92.1866
91.5078
90.7153
92.678
92.4003
93.0463
92.3524
92.816
94.333
95.7914
92.523
93.0668
94.5728
92.3832
92.2748
93.8694
93.2979
93.8201
94.6727
93.7263
92.4331
92.5174
92.061
92.2115
90.5713
90.9884
91.9323
91.2663
90.432
88.2057
89.4799
90.4102
90.2729
91.9097
94.5602
95.7318
96.6612
97.8662
98.6324
97.5565
98.3492
98.2661
100.36
99.5267
97.3032
100.492
98.8349
98.6736
98.0178
96.5375
94.3693
94.7508
94.6141
95.4021
98.5549
97.902
96.7555
98.5596
96.9212
97.4995
97.9053
98.1954
99.4681
97.5901
96.6629
96.6323
95.8861
94.4012
93.6379
94.1292
95.0754
95.5006
95.1723
95.1989
93.5351
93.0722
94.3142
94.9221
95.284
94.5152
92.573
91.7197
93.5047
91.2944
90.5319
88.7144
90.1026
90.7102
89.3114
87.8014
87.6021
88.5861
89.2195
90.0921
90.4765
91.9867
94.0891
92.7343
91.8064
91.1377
90.8335
92.6101
91.9043
92.2489
93.1526
92.4912
91.6481
92.0452
92.9541
93.2809
90.6626
90.6697
90.5753
91.7463
90.4193
90.599
91.5475
90.2058
88.2909
88.0366
87.0229
86.9297
85.6393
84.934
85.5039
86.6932
87.1948
87.3863
85.9595
86.0914
86.1994
85.7857
85.8896
86.4704
87.6877
88.2599
86.7766
86.4604
86.866
87.526
87.4474
86.3226
87.6893
87.1818
87.9385
87.5354
86.7807
86.659
87.2085
88.1422
88.4861
86.8533
85.6722
85.6949
85.0277
83.6151
84.4998
84.3285
82.104
82.3419
81.8532
83.8167
84.2878
84.3101
83.7409
83.9405
84.5545
82.7191
83.2639
82.4153
84.2797
83.8984
83.5989
84.2637
85.5899
85.7466
86.4245
88.0518
89.704
90.0707
88.4014
86.0057
85.8157
85.9227
85.7301
85.301
84.4259
85.9537
84.6894
83.3706
81.8434
83.6549
83.1756
83.2863
82.8462
84.105
83.0767
83.2911
82.9623
80.895
81.2782
80.1322
78.4237
77.5631
76.7065
75.715
76.8932
79.3489
77.9292
76.635
75.8206
75.7052
74.415
75.2806
74.7064
74.9896
74.7806
75.0931
74.9018
74.2445
74.2489
73.7151
72.6212
72.4819
73.0979
74.7873
73.5199
73.4357
73.9924
73.311
73.4345
73.9692
73.8374
73.5553
73.0843
73.5413
73.6011
73.8105
72.763
73.0499
73.2477
72.3104
72.7658
72.5154
72.9492
73.1664
71.7368
71.6017
72.7199
73.4611
74.7976
74.3515
76.7795
77.4292
78.2927
79.3241
78.262
77.832
76.2439
75.7244
76.5153
76.8747
77.1131
78.1788
78.2095
78.2303
77.9209
78.3262
77.1296
77.5392
77.4606
78.2773
78.3775
77.1441
76.3859
77.0182
76.0475
75.1795
74.3257
75.4086
76.0775
75.4419
75.3119
74.5401
75.2316
74.6776
74.4775
74.3594
74.9145
74.7262
74.3006
74.4151
74.0542
75.2853
74.87
75.3854
75.5209
76.7973
75.0612
74.4503
74.2254
74.5576
74.9942
75.268
76.3877
76.6916
79.7152
78.6386
80.2039
80.0041
79.6675
81.072
80.5195
79.2356
81.5716
80.7406
80.0566
79.8527
80.6345
79.6111
79.4034
80.0602
78.9934
79.9185
78.574
78.2716
78.6912
78.7595
79.4355
79.9245
79.3009
78.6657
79.1485
79.1687
78.9226
79.0211
77.7079
77.5833
79.0761
79.7133
78.8404
78.8437
79.6161
79.2257
79.0578
79.2604
77.5087
76.7673
76.7275
77.2235
78.3463
78.5351
78.4999
80.0131
81.6424
81.7185
81.5834
81.185
80.0964
77.9718
78.1309
79.0833
79.6616
80.9403
79.4392
77.9984
78.2763
78.358
78.3995
79.4742
77.8497
75.9521
75.2028
74.7437
73.1072
72.8001
72.9966
72.2113
72.2533
70.7806
71.3464
72.4776
73.1937
73.6677
73.1506
74.0632
73.6934
73.3067
73.8851
75.0756
75.629
76.0333
76.1292
75.5591
76.1365
77.4779
77.1952
79.1572
79.3519
77.6738
79.3719
79.5952
79.1427
79.3551
79.2441
79.9849
79.7415
79.217
81.0306
79.415
79.7082
81.1135
79.98
80.7667
