101.926
99.5162
101.697
102.187
99.3854
96.9597
97.326
95.4325
95.2943
94.627
95.1992
95.1956
96.5639
96.7729
97.2087
98.9616
99.2516
97.538
97.1345
98.8393
99.2979
99.5989
98.6408
98.226
98.2427
97.2243
98.1865
100.592
101.042
100.979
99.5295
98.0639
97.8631
99.0435
98.417
97.7036
96.9709
97.7357
95.9804
96.0685
95.2395
93.4534
92.4648
92.9869
94.9116
94.2095
93.9168
93.7773
95.0659
94.6087
95.459
96.6283
94.2569
93.4217
93.455
91.3211
91.3438
91.9475
91.2431
93.261
90.5882
90.9781
91.7502
93.2888
94.2729
94.8979
96.0286
96.7726
97.2556
96.9375
96.0402
96.8103
97.4252
97.8261
98.9733
99.327
99.1476
101.707
100.053
100.875
101.795
103.088
103.195
102.907
103.235
103.139
103.124
102.968
102.987
103.476
103.648
104.26
103.115
102.25
102.16
100.307
102.122
101.038
102.176
102.622
101.326
100.598
100.473
101.305
101.325
102.425
100.597
99.3106
100.693
97.8513
96.8156
94.3396
94.8426
95.029
98.3007
98.2548
97.3396
98.9283
98.7145
100.707
100.807
99.6659
100.669
100.546
102.985
102.577
104.484
103.913
104.263
105.278
104.722
105.274
103.802
103.711
104.599
104.374
103.47
102.688
103.209
104.841
105.369
104.897
103.942
104.546
104.041
104.783
103.538
103.845
104.573
104.559
105.096
104.934
106.696
107.193
104.039
102.452
101.702
102.104
102.588
100.775
101.341
102.237
103.325
101.89
101.656
102.615
98.8988
99.7279
100.041
100.356
100.172
100.76
101.631
100.682
101.235
100.823
102.538
102.262
102.912
101.2
102.32
100.82
99.5623
101.995
101.351
101.731
101.677
101.319
101.743
99.3097
99.7796
99.9341
98.7208
99.3587
98.7374
98.0802
99.4806
99.3383
100.557
100.795
100.684
100.8
100.198
100.976
102.317
102.015
101.824
99.3805
97.8871
96.8948
99.8832
99.1841
100.706
100.916
99.3891
100.352
100.565
101.454
99.3676
99.0765
100.553
100.109
99.5545
98.8539
98.1497
97.6603
100.67
101.637
100.187
101.14
102.155
103.103
103.684
104.619
106.184
104.696
104.153
104.366
105.355
102.852
102.4
103.421
103.874
104.963
106.135
107.972
106.373
107.109
106.958
105.751
106.724
106.554
105.182
105.158
105.883
106.798
107.204
107.034
106.158
107.201
109.765
113.499
112.797
112.896
114.469
114.702
112.098
112.728
111.829
111.144
109.9
108.441
109.074
107.195
107.582
107.047
106.487
106.628
107.026
108.594
107.317
105.73
105.865
106.133
104.343
103.125
100.889
100.463
100.714
99.7888
99.3586
98.5075
98.6443
97.9563
98.8805
99.452
97.9732
97.5488
97.2384
97.1763
99.1548
100.025
99.9156
101.13
99.8036
97.4824
96.417
96.9033
96.6112
96.537
97.7136
97.4669
98.5292
99.5755
97.7685
98.2909
99.0053
98.3606
100.058
98.5108
97.4618
98.0935
99.2365
99.3255
99.4835
99.4027
97.619
96.6942
97.6079
97.5834
96.7152
94.8283
97.4817
98.8037
97.5686
96.9044
97.498
97.8331
98.7137
97.4686
94.9623
95.197
94.2362
94.966
92.4766
92.712
94.2681
92.8763
90.6356
89.7855
90.2855
88.2449
88.3878
88.0298
87.905
88.5884
89.2373
88.5984
89.4541
89.516
91.953
90.7454
92.1408
90.7851
90.48
90.8955
91.4432
90.2231
90.821
89.7207
91.3449
91.4671
92.2799
93.609
95.9106
95.0557
95.5472
94.578
92.8114
90.81
91.4874
93.7899
94.5567
92.6819
95.1618
95.8274
97.1233
96.5227
97.866
97.7998
96.991
96.9546
97.6509
98.3437
97.6012
99.3743
97.3741
95.2781
94.8765
94.4826
96.6914
97.69
96.9192
96.9938
96.6584
97.465
98.5276
97.5991
97.2996
95.6788
94.4946
95.4689
96.0951
95.75
94.5367
94.6662
93.7279
92.268
90.6375
90.0092
88.0189
87.0633
87.7633
87.011
87.0854
88.1854
88.2649
88.0418
87.6323
86.8752
85.8202
88.0082
89.0281
90.1319
89.9549
90.162
89.9077
88.3861
89.4371
89.4709
90.4746
91.6436
91.4824
88.8078
87.4125
86.1433
86.7109
86.8652
87.4699
85.9317
86.3341
87.262
87.5356
86.6186
86.5582
86.0752
86.442
87.7386
88.7247
87.6405
89.2305
90.2824
90.8065
92.2815
91.4748
90.8806
91.4977
92.1584
90.4668
92.5653
94.5272
95.1268
95.7257
94.0719
94.8682
96.7083
97.668
98.0307
98.6788
99.1913
100.166
99.5754
98.6537
97.3634
95.4084
97.5033
96.6438
96.6902
97.7229
97.7067
97.5345
95.9747
93.8543
93.1824
93.3026
95.9984
96.2636
95.8898
97.8577
95.77
95.3204
94.0656
92.4935
92.9054
92.3062
92.2622
91.7745
88.9681
89.1673
89.1715
89.1283
90.7952
90.5124
90.2343
89.2812
91.2471
90.2044
89.9189
90.5465
89.4368
87.9507
88.0323
88.5056
87.1642
85.8982
87.475
87.3199
86.3507
85.8331
86.7862
85.8489
86.6248
84.9779
85.9006
85.3878
85.4092
86.2165
84.7011
83.3277
82.5829
83.046
83.37
82.4492
82.8365
83.528
83.3406
83.2409
82.9318
82.5558
81.9837
81.1498
80.3204
79.1186
78.7244
78.5478
79.8131
78.3933
78.5457
78.5529
78.0822
77.0285
77.0881
77.384
77.0032
75.9125
77.2797
76.6175
77.8325
76.5781
77.1225
76.9588
76.8079
76.0727
76.3099
76.4733
77.7647
77.2234
77.4122
78.1765
76.1765
76.8014
77.9066
78.5165
78.2511
77.6692
78.4237
77.8768
78.1678
77.0515
77.6666
78.5939
76.9144
77.8955
77.5501
77.8433
79.6092
78.9103
78.7468
78.4982
79.7187
