99.6552
100.101
99.7195
99.7597
101.453
100.018
99.2811
101.51
100.802
102.454
103.152
103.829
104.553
103.244
101.899
98.8752
97.4826
95.8903
96.1879
97.6317
98.2334
97.6917
96.5654
96.0283
94.4024
93.2172
93.5704
94.3309
95.8671
97.9003
98.6624
99.2684
100.864
100.989
100.467
101.578
100.751
98.693
99.981
99.1724
97.9491
100.823
101.29
101.636
102.715
103.512
103.901
104.87
103.971
100.869
100.367
100.767
99.7359
96.1113
96.0527
93.9706
93.3224
94.0966
92.6198
94.152
95.1735
95.8929
97.3876
98.4194
99.6849
100.575
101.659
100.883
99.1288
98.929
100.629
100.382
99.2626
99.4588
99.2706
100.308
98.8775
99.5576
97.3212
96.8623
95.5739
95.1485
96.6003
96.0595
96.9594
98.6543
99.8796
98.9752
99.053
98.6109
99.658
98.7529
99.5545
101.102
101.291
101.126
100.237
102.115
105.063
104.632
105.206
107.133
107.746
108.502
108.577
107.327
106.051
106.341
107.657
107.26
105.081
105.906
104.472
104.945
102.944
100.87
102.405
104.851
106.864
107.275
105.309
105.229
105.24
100.972
100.888
99.3635
96.7822
95.9619
96.2681
96.0874
96.4863
96.1887
96.3933
97.2522
96.3731
95.2896
95.7031
95.8187
96.5283
97.2518
98.761
101.83
101.59
101.709
99.3797
99.1128
99.5958
98.9175
97.8281
99.2064
97.6138
96.1148
95.388
94.3841
93.2407
93.5376
92.3674
92.1903
91.0222
92.4724
91.9401
93.4852
93.8991
93.1729
90.2972
88.3246
89.0491
88.468
88.0974
88.5041
89.3235
88.8977
88.4947
89.9628
90.3276
89.4342
89.171
90.2624
91.7166
91.9282
91.5345
90.8568
89.6913
89.6823
90.1132
88.5693
86.9921
86.0779
86.5325
86.5807
87.1901
87.2289
88.2145
88.953
88.9789
89.3612
89.0526
90.9253
90.9341
91.5857
91.8825
92.0904
92.7906
93.0103
94.0011
92.6449
92.4155
94.459
96.3228
95.7134
95.0099
95.7562
95.7151
96.782
97.6066
99.9846
101.552
101.811
102.024
101.737
103.009
105.275
105.747
106.152
107.867
108.877
108.667
108.602
108.123
106.872
108.362
109.139
109.755
107.812
107.257
108.52
109.03
107.323
107.124
109.603
110.123
109.378
110.467
109.457
108.586
109.765
109.8
108.658
109.205
109.833
108.479
107.196
106.655
107.109
104.081
102.823
105.144
104.044
103.129
101.297
99.9859
101.219
99.2679
98.0283
97.4141
95.0553
96.762
98.0981
97.6176
98.4677
99.1706
99.8889
100.871
98.3845
97.9506
97.4671
99.5675
100.055
100.234
101.043
102.5
101.471
101.814
101.633
102.983
104.288
107.638
106.284
107.613
108.851
106.739
105.938
104.384
102.556
101.563
102.581
103.105
103.96
104.795
104.85
104.068
102.106
101.947
99.8077
99.2885
99.4052
98.7768
97.4228
97.0645
99.8741
100.094
100.636
102.323
101.453
101.67
100.755
102.439
102.234
103.521
103.251
103.636
101.979
101.77
99.0379
97.0936
96.4379
96.8011
95.1556
94.2609
95.1643
94.848
96.2331
97.6678
97.8073
97.5847
97.4113
96.1857
96.0125
95.6926
96.3035
96.2019
95.0631
97.565
97.997
96.9706
96.353
97.7531
97.3591
99.4898
99.4288
100.431
99.7184
99.8035
100.923
99.621
100.202
101.224
99.0443
96.2789
96.6898
96.783
94.7971
95.0549
95.1019
94.49
93.857
94.0869
93.2959
93.2289
93.9018
91.971
89.4663
91.2559
92.4019
93.2595
92.8415
92.899
93.6961
94.1825
93.1294
91.9593
92.6773
91.1449
90.6867
90.1236
89.0477
89.3431
89.7128
87.9702
90.2933
90.6327
89.9446
88.5697
88.4436
87.7785
86.3937
87.138
86.9257
88.9072
87.9001
89.4083
91.5923
92.7368
92.113
91.8349
92.3127
91.2043
92.6236
93.0626
93.7716
93.7139
94.682
96.6485
97.4513
98.4054
98.509
100.152
100.831
101.021
97.6858
96.3014
96.3815
95.7837
96.7962
95.5726
97.4117
98.7857
99.5529
97.615
95.1464
95.6364
95.5703
94.1445
95.8
96.0112
95.4495
97.3037
97.7384
97.6595
96.5584
98.6665
97.8102
98.3245
98.1531
100.253
101.392
101.753
99.3439
98.8161
99.4633
101.224
101.859
101.157
100.12
101.539
101.811
101.924
100.127
98.9281
97.3208
99.6059
100.513
99.6544
98.9541
99.9568
99.1372
100.745
101.08
101.115
100.541
102.434
103.135
103.607
103.307
102.874
103.48
104.149
103.864
107.071
106.519
105.545
107.434
106.211
105.656
106.427
105.394
107.135
107.563
108.902
107.34
108.439
108.818
110.525
109.667
110.562
110.507
109.132
109.014
107.211
109.563
110.171
107.857
105.534
105.965
102.377
102.421
101.674
102.16
103.4
104.756
103.752
103.684
102.13
102.144
98.6264
98.6511
99.4622
101.909
101.428
102.293
101.894
99.3065
98.7784
99.0319
96.527
96.0606
96.1396
95.9184
93.6297
93.7249
93.1585
92.289
92.9772
93.1279
93.806
95.4267
97.0354
94.2013
93.8016
92.8385
94.2017
95.7836
95.3056
97.1412
97.6023
97.2016
97.0713
98.3136
100.114
99.9187
100.392
99.4244
97.9243
100.013
101.31
99.6771
101.389
102.714
100.912
98.5318
99.3472
98.7949
99.8423
100.387
99.0381
99.1019
100.599
103.219
105.353
105.517
106.31
105.974
106.776
108.994
110.964
110.173
110.195
109.936
111.944
111.428
111.361
110.408
109.793
112.239
110.485
110.884
112.667
111.793
112.066
109.595
108.371
106.76
106.672
104.279
105.86
105.923
107.773
106.65
104.259
103.73
