99.8196
99.3634
98.926
98.0922
96.0746
93.729
94.2113
94.1934
96.3711
97.3086
98.3883
99.6367
98.3899
98.6363
98.7362
100.37
101.996
101.571
101.294
101.85
101.822
102.331
103.38
105.273
103.658
103.719
105.667
105.672
106.568
106.743
105.225
107.171
103.306
103.717
103.831
103.942
103.487
101.249
99.7121
99.1818
98.0434
96.9918
96.6927
96.7342
95.2288
95.7359
97.495
97.5323
95.8511
96.1603
95.8919
95.1753
94.9528
97.1983
96.7417
99.6408
100.832
103.346
101.694
100.791
99.4718
100.605
98.7714
98.8803
99.3771
98.9253
100.341
100.517
101.259
100.119
99.5534
99.5248
100.535
102.472
103.656
103.32
105.382
106.822
105.789
105.811
106.292
104.317
102.543
103.766
102.012
102.295
104.09
104.862
105.581
107.252
106.785
105.74
106.597
107.487
109.338
108.89
109.423
108.163
109.764
109.494
107.483
107.146
107.762
108.186
108.502
109.418
107.21
106.76
108.606
109.421
110.715
111.891
111.183
111.768
111.732
109.056
108.238
108.261
108.853
105.976
104.346
104.66
106.226
105.015
106.36
105.873
107.403
108.192
109.961
108.002
107.582
106.584
105.57
104.421
105.527
105.288
105.578
103.823
105.08
107.071
106.135
104.991
106.007
106.178
105.374
105.456
103.896
104.752
104.127
104.055
107.229
108.476
105.842
106.166
105.856
105.436
104.806
105.579
102.448
103.71
101.977
102.002
100.651
99.4527
101.196
100.808
100.074
100.979
98.9646
97.8171
98.6126
98.6993
98.6736
97.2851
96.2772
95.4495
96.6606
97.9362
98.0094
99.9525
97.2839
97.8629
97.6174
98.2392
100.087
98.8136
97.5442
98.0689
98.873
100.591
99.5825
100.147
98.4894
96.5079
96.2694
96.6722
98.1127
98.7404
97.8133
97.9372
96.1141
99.0202
96.5676
95.1907
96.416
95.1743
95.0612
95.1593
92.392
93.0992
93.6678
93.5434
93.0967
92.9357
94.3589
94.0663
94.6678
94.3279
95.5458
93.9789
93.0351
92.3494
91.6616
92.6071
93.0934
94.7441
96.1623
97.0411
97.182
94.8111
93.4579
94.3688
95.3021
94.8882
97.4049
96.2133
95.8101
94.0722
92.1543
93.4343
93.0028
92.8124
93.1705
92.5249
91.0023
89.6863
87.6733
88.4309
89.737
89.7385
90.7936
92.2438
91.3245
90.3096
89.296
88.4614
87.2836
88.6597
87.3471
86.0464
86.4323
87.6292
87.5452
88.0111
88.9883
90.1857
91.18
91.7166
91.275
90.4172
90.7236
89.4682
88.7595
88.4892
88.9728
89.564
88.0951
87.0095
85.8655
83.7254
83.5969
83.1686
82.0376
82.4203
82.2945
83.3732
82.8869
82.8602
82.9403
84.0133
83.7547
83.3007
83.3013
84.0308
82.8343
80.5535
81.8282
81.0769
80.3119
80.6726
79.804
79.7433
81.3489
81.3216
80.9929
80.9192
81.7986
82.411
84.1974
84.326
83.1526
83.3178
85.2111
84.7567
84.6889
84.6756
85.7414
86.8939
88.5511
86.8766
87.0349
85.6189
86.5644
87.2871
86.2543
85.7248
86.8208
86.4761
87.3949
87.2704
87.3347
85.3172
83.6979
85.5474
85.3092
86.0841
86.3629
87.3635
86.2787
86.172
86.8196
87.4111
87.7473
88.0012
86.7551
86.1408
85.635
84.6141
86.1128
85.6503
87.0557
87.5925
86.4749
86.4319
86.1137
84.5285
84.7275
85.5143
84.1527
83.4501
81.0373
81.1708
81.4186
82.5349
81.7871
79.1338
78.8738
79.2288
80.2118
80.3582
80.4479
79.5468
79.0446
81.1884
80.8562
79.8965
79.6703
80.6875
79.5524
79.3754
78.643
79.1257
78.44
79.3064
78.1356
78.1766
78.1597
78.5443
77.0256
78.2517
81.0434
81.2918
81.2283
81.4947
81.0514
80.7029
80.6685
80.5716
80.9954
79.8383
79.7215
80.6233
79.9986
79.3965
79.1695
79.9451
79.7158
79.9387
79.6324
79.0391
79.1586
78.9032
79.9778
79.302
78.0864
77.8942
77.5115
77.7414
75.6499
74.9698
75.5895
76.7417
75.2556
75.9329
75.2192
76.4869
76.1041
75.0913
76.5112
77.4586
78.5074
78.381
78.1729
77.8567
77.2795
78.0568
78.9595
78.0766
77.4739
77.8725
79.6189
77.502
78.7589
78.2847
78.2851
79.2655
79.547
80.1476
80.3047
79.8052
82.0886
81.4476
81.4663
81.5464
81.8405
82.3711
81.5208
81.1564
83.1247
82.6914
83.0555
84.5953
85.7565
85.7171
84.9205
84.3705
84.5656
84.8936
83.4134
83.487
83.1484
85.2331
85.8414
87.7644
89.478
88.2819
87.3283
87.9482
87.7942
86.8975
87.5778
88.0234
87.8947
86.3175
87.0261
87.3029
86.7257
85.8006
85.4891
84.5368
82.9017
82.028
82.7155
83.1182
83.0718
82.4179
82.9499
83.3501
83.0746
81.8066
80.3242
80.5265
81.4116
81.8239
82.1548
81.7614
83.1663
82.42
81.2122
82.0204
82.5515
82.3268
84.7073
85.7892
85.4091
85.7515
86.5682
86.6318
85.5511
85.8172
84.519
84.125
84.0926
82.7647
84.5002
85.6309
86.4892
86.2204
86.0212
86.8278
87.2522
88.1951
88.5449
88.0044
88.0315
88.9476
87.2921
87.9641
88.8417
88.1082
86.8466
85.9171
85.9609
86.265
85.8534
85.1196
83.1577
83.7522
85.3902
84.5438
84.3279
84.7885
83.0688
83.3323
83.0883
83.1838
82.6172
81.6448
81.6526
81.2642
81.7177
81.5308
81.9694
82.3549
81.6165
80.5713
80.2415
80.5561
81.9152
81.6898
83.4744
82.5449
83.0798
85.1559
85.6235
84.4028
84.4179
84.4869
84.6318
84.7923
85.2904
85.3406
86.1243
85.1593
86.8252
85.5532
84.099
83.1295
83.5758
83.4907
83.4809
83.5205
83.7287
85.3515
85.6612
86.6336
85.4784
86.4081
86.1834
88.3117
