100.953
99.5641
99.7287
95.7922
95.9109
97.597
97.1693
94.4007
92.8297
94.4513
94.6816
94.6075
95.0748
94.4923
92.1712
90.3433
91.6833
88.8624
89.6567
89.3108
89.8236
89.8993
91.2517
92.239
92.7378
92.9373
93.4274
92.8683
91.9032
93.209
91.5709
91.5654
90.5981
91.3004
91.6523
93.747
92.5714
93.567
93.3875
91.9203
91.1922
90.0439
90.8299
88.4565
86.7201
85.6447
84.2252
84.4335
84.3936
84.9469
83.5236
84.6357
84.8519
83.5791
84.1432
83.8907
86.3599
85.2087
85.3049
83.5767
84.2729
83.9401
84.8685
81.4362
80.7917
79.127
78.4087
78.7032
79.2504
78.951
79.6672
80.4796
80.0708
79.2306
81.1409
82.7782
83.574
81.4899
81.3774
80.0514
78.3624
80.6454
79.9323
79.5168
80.4924
79.2034
81.1255
80.344
81.3001
80.1366
81.6521
80.6445
80.0876
80.3968
79.2384
79.4642
80.2559
80.7126
81.6234
80.6324
82.5418
81.5862
81.695
83.3511
82.2828
82.9424
83.2271
83.6428
84.4256
84.0807
83.8754
82.3686
80.8898
81.2754
81.6245
81.1436
81.5002
80.3331
80.7245
79.6847
79.644
79.0902
78.8037
78.9386
79.1544
78.7469
77.6066
78.5888
76.8747
77.2811
76.9754
77.6052
78.1437
77.1513
77.7672
77.7827
79.3929
79.0697
79.0674
77.5313
78.8038
79.791
81.3798
81.5755
80.2377
79.1118
79.8889
80.286
79.3918
77.1636
76.7064
77.1676
76.9467
77.173
78.1051
78.8757
78.6359
78.7876
78.3088
80.1754
81.002
81.8295
82.3994
82.2972
82.404
84.1027
84.6276
86.5688
87.8695
86.4163
85.6775
85.2345
85.0191
87.6362
87.6601
87.1615
89.4539
87.3075
86.2927
83.1361
82.7532
84.0277
84.1886
86.0794
86.9805
86.5583
86.9433
87.5577
88.203
88.1143
89.2849
87.4166
86.5516
85.7759
83.9247
83.7385
81.3904
81.5734
81.9319
82.2705
82.6378
83.6364
85.5604
85.8431
84.3867
83.1921
81.7637
82.1679
79.2716
78.2886
78.8016
78.8387
78.6463
77.4144
77.7487
79.229
80.1465
80.2671
79.6436
80.8196
82.63
83.176
84.6077
85.6717
85.8509
84.8158
85.2397
85.8229
85.5912
85.5018
84.6665
85.7343
84.2862
84.2993
82.6056
81.7608
83.0419
83.7066
83.4064
83.6731
84.4533
83.7377
83.4962
84.5971
86.3984
85.958
85.8675
85.7787
86.2309
86.3209
84.7455
84.5671
83.7687
82.2203
82.3144
81.4455
82.1356
84.981
83.8307
83.5966
84.7348
86.2435
88.9903
88.2406
86.3174
86.9767
86.8561
86.6259
86.2884
87.2453
86.9797
87.0905
87.7309
87.5314
89.9073
88.3273
85.7931
85.2612
83.835
83.7767
83.2539
85.3748
85.0148
84.8094
85.2328
85.0655
85.5486
85.5828
84.5838
84.0245
83.5847
83.2288
84.3683
85.6938
88.0572
89.3936
90.8552
89.5346
91.68
90.8895
89.8275
90.6533
89.7851
90.211
91.6764
91.2379
92.1151
91.9927
91.2397
90.6932
91.6186
91.4474
90.3091
90.3786
91.5322
91.3607
93.3067
92.7201
95.6853
96.4019
96.8212
96.7278
94.6382
93.4388
91.1065
90.1356
90.286
91.3546
91.9969
90.9875
89.1772
88.0816
87.6615
87.5392
88.2385
88.4465
89.5337
91.3106
90.5385
90.7103
91.5772
90.2506
88.2159
88.9859
90.1038
88.7111
88.9793
89.787
91.8651
92.0699
92.1275
95.9025
97.7621
98.0869
99.5554
102.186
102.568
105.465
106.133
105.527
107.033
106.236
106.086
107.194
108.051
109.365
112.126
111.077
110.959
108.868
107.445
109.276
107.492
105.721
108.931
109.583
111.482
111.881
112.566
112.703
113.865
116.611
114.317
110.852
110.96
110.025
111.714
110.849
110.184
109.269
110.659
111.427
111.51
109.067
108.729
108.154
108.009
108.425
106.62
108.221
106.07
105.319
105.56
106.28
106.092
107.524
106.846
107.715
109.916
108.99
107.183
107.085
107.797
108.525
109.945
109.051
109.265
109.017
110.784
111.156
111.664
109.181
111.496
111.578
111.859
114.049
111.792
111.449
110.683
110.831
110.305
111.17
109.616
108.229
108.056
108.627
111.176
109.58
106.177
104.426
103.013
100.692
101.916
101.284
101.674
101.447
101.985
103.682
104.782
105.279
105.507
103.821
102.905
104.959
105.43
103.759
104.108
102.613
100.573
100.618
101.362
100.884
98.9887
98.6834
99.3516
95.4274
94.9988
94.9178
94.6447
93.1162
93.4709
94.2642
94.6686
96.8819
96.4389
97.2428
99.1547
97.5546
97.1624
97.5299
98.6421
97.7393
96.0996
95.1334
94.4289
91.669
92.465
93.9663
92.1017
93.7891
94.2185
95.1583
93.8909
93.9581
93.6584
94.2205
94.2876
92.732
93.2185
92.6685
93.119
92.3031
93.134
91.9513
92.3397
93.5435
93.4817
94.531
93.7125
93.2477
93.5619
92.1472
91.5064
91.5399
91.8327
92.1492
91.6108
90.5312
90.6293
91.411
90.4443
88.7844
88.6751
87.6738
87.4218
87.1739
85.4393
85.3335
87.4417
87.2016
87.1863
85.6326
87.2054
85.3061
86.145
85.1174
85.2986
85.4791
83.3483
81.6117
79.806
78.4983
78.8921
77.9318
76.8995
77.5051
76.2545
77.4315
75.6945
75.1614
74.1559
73.8895
74.2693
73.2869
74.088
73.8179
75.8857
76.8256
77.2012
77.3839
77.5801
77.9874
76.1984
75.9656
76.9808
75.2174
73.3204
73.6918
71.5895
71.2999
72.4687
72.0897
75.3382
73.8219
74.8011
75.7229
74.5502
74.5539
75.1698
73.8533
75.3261
75.842
76.111
76.5319
77.7099
75.8702
77.4048
77.4832
77.7592
77.5191
78.0794
77.7187
78.4752
78.1535
78.382
77.2387
79.2134
78.5463
78.1425
77.5073
