96.7928
96.1662
96.7113
96.4988
94.6695
94.4111
92.6192
91.6845
92.2662
91.4416
91.669
91.9638
92.5351
94.2789
94.26
92.6106
93.6089
93.1996
93.6188
94.1186
92.6741
91.101
90.4674
90.2757
89.5562
87.2782
85.5296
86.856
86.6869
86.8406
87.4998
86.4933
89.6741
90.7805
92.3095
92.318
92.5601
93.1606
93.9041
95.4792
95.256
96.7499
96.5853
94.7721
95.1214
93.2246
91.5194
91.8097
90.8929
89.074
88.6392
87.8227
89.1331
89.4615
87.597
88.4786
86.9429
87.0938
86.4994
88.4497
89.0939
88.9623
89.6521
89.0973
87.8257
89.1077
88.9985
89.2424
89.6089
90.7286
89.6972
89.97
90.3319
90.4229
91.9176
90.1126
89.3666
89.2597
90.0869
91.215
90.757
90.949
91.0016
92.0533
90.9683
90.2357
89.1231
88.8524
90.1383
89.7191
91.9925
90.2365
90.2898
91.3127
92.129
90.3659
91.1192
90.7269
90.8976
89.5095
87.9581
87.025
85.3552
83.7189
83.9281
82.7941
83.2009
82.0462
81.3317
81.7289
83.748
85.3313
85.0716
84.4475
83.6999
83.9287
84.3498
83.3363
83.6834
85.4873
86.1564
85.6948
87.6478
88.72
86.8984
86.5749
87.588
88.3009
88.9379
89.9203
90.0027
89.2768
90.2375
88.9243
90.6148
90.199
91.0298
90.8011
90.6701
91.7007
91.5764
90.5565
91.4426
93.0817
91.1091
89.907
89.6619
88.8721
88.8643
89.3558
88.93
90.0906
89.7491
89.5114
88.9804
88.1844
89.0042
90.5148
89.2347
88.2909
87.7595
86.9166
86.2668
85.9034
86.7888
86.5309
87.2224
86.9566
86.0874
86.3231
87.277
86.3827
85.2763
84.0784
84.6799
84.9786
82.8606
83.9504
83.4685
82.9513
82.6314
83.159
82.2245
81.6523
81.73
81.0198
80.0616
80.6504
81.6966
80.6148
82.2759
84.1047
85.7835
87.9239
88.7783
89.223
90.0581
88.7203
88.232
87.6432
87.7883
87.6647
88.1336
89.6168
88.3679
86.9395
87.0045
88.2236
88.3598
87.6228
87.106
85.9369
83.9911
83.0675
83.4993
81.7919
81.1166
80.8058
79.66
79.8514
80.9449
81.3767
81.2013
79.7922
80.2815
80.7034
79.5919
78.7875
79.3624
80.5154
79.672
79.5331
79.3083
77.4539
77.9116
77.2798
76.3035
77.4177
78.1692
77.8852
77.5217
78.6546
78.6362
78.4974
78.2316
76.9485
76.3152
75.6032
76.4813
76.2072
75.9719
77.212
76.7195
75.5162
73.8749
74.3212
76.3914
78.468
78.2916
77.6844
77.9674
78.2508
79.5275
79.9961
80.2777
79.3932
78.5464
78.5199
76.9184
78.9979
78.1184
76.6641
77.3875
77.6233
77.7795
78.357
77.4249
77.9407
77.4359
76.7501
76.9987
76.2412
77.9126
76.6624
76.7428
77.7364
78.5204
78.8941
79.3741
79.1384
79.4469
82.2218
80.6358
80.7227
81.5857
81.4382
80.8539
80.3898
80.3919
81.0267
81.5141
81.6153
81.4983
81.8044
81.4149
81.7408
83.0966
84.7611
83.5207
83.505
83.1152
83.13
84.4487
82.5797
81.5355
82.6733
83.719
84.5465
85.9893
84.923
84.9658
86.4653
84.6916
85.7425
86.6774
88.2897
84.9788
83.8351
85.121
87.0956
85.0942
83.8482
83.1226
82.9419
85.4034
85.2728
83.4207
82.9125
82.4792
83.7088
83.8834
84.7613
83.8862
81.5093
81.534
80.0282
80.9771
81.4964
78.5185
78.8194
79.7769
81.1299
79.2778
80.9073
80.0667
78.7697
81.7496
80.4487
79.7522
79.314
79.001
78.7828
80.2704
79.2497
78.2179
79.4506
81.1562
78.5059
78.0258
80.2773
78.7909
79.5551
79.5563
80.5931
79.5872
80.416
79.0418
79.9848
78.9583
78.9164
77.8879
76.866
75.7646
75.9922
74.5188
74.9344
74.3893
74.6441
75.2707
75.963
74.1262
75.3317
74.6888
76.0203
75.2706
73.162
73.1958
72.5774
73.516
73.2169
72.3426
73.1593
72.4445
72.7203
72.7321
73.2725
73.5562
73.2052
74.3371
74.6994
74.7784
75.4696
76.6884
76.8689
76.2962
75.4699
75.6228
76.4457
77.8576
77.6326
76.7429
77.7119
78.8129
76.3871
76.8084
76.7532
77.1882
77.8326
77.4919
77.2059
78.5161
78.8131
78.8815
78.9074
79.8092
81.526
81.6602
80.1104
81.7261
81.0612
80.5321
80.4142
80.8616
79.8318
77.8895
78.6839
77.3651
76.4705
77.883
76.6269
76.0422
76.0974
76.7294
76.3573
77.9263
77.2807
78.5174
78.9824
80.1713
78.6469
78.8786
79.6686
80.5227
79.9091
81.0436
81.0191
81.9079
81.5442
81.6124
81.5079
81.9236
82.5421
80.7478
79.5311
79.8196
78.839
78.9722
78.5235
77.9928
77.5301
77.4178
78.0069
75.8661
75.1853
74.4711
74.2861
73.1345
72.3486
71.466
71.0225
70.7156
70.744
70.5887
69.6372
69.6138
69.2432
69.7494
69.6683
71.1093
70.2635
70.6554
72.7376
73.5906
74.5039
74.7739
74.5259
74.4268
74.0911
75.8121
76.3745
77.1337
79.3527
81.006
79.2262
78.6246
80.1673
80.0822
80.363
80.8045
79.8555
80.1698
79.8198
80.9311
79.4409
78.0627
76.5945
76.4429
76.3508
75.853
75.9861
75.7954
76.059
74.6985
75.3479
75.5414
75.6433
75.3619
74.4957
73.427
72.7955
73.1576
74.1322
72.9578
72.0715
71.6863
71.3237
70.881
70.4713
70.615
69.9496
69.013
69.0972
68.5961
68.7682
68.7064
68.9921
70.1073
70.8802
72.1675
72.2291
72.2127
72.5374
71.3798
70.2194
71.1087
70.7783
72.6038
74.5162
76.0612
75.1786
76.4101
76.2439
77.3446
76.4906
75.7632
76.4621
75.031
75.4755
76.1281
76.8985
78.0754
78.6504
78.7367
79.4285
79.8027
80.3422
80.241
78.4024
79.8467
80.5339
80.8185
80.4367
80.3257
81.5533
80.8263
80.1921
81.1306
81.5072
81.735
82.5014
