100.314
100.863
100.661
100.316
99.8949
100.84
98.2078
97.9578
96.9074
95.1981
93.3535
92.4647
92.1219
92.993
91.0978
89.7198
88.7871
88.3059
89.5574
91.3576
91.7529
91.4812
90.4555
90.3556
89.0207
89.8019
89.0693
88.3537
86.4152
86.685
84.6475
84.6124
84.1919
84.173
84.0144
83.8864
82.5464
81.9574
81.3157
79.6027
81.2329
80.4365
80.9393
81.179
80.4788
80.1413
82.6931
80.9702
81.6246
82.871
84.1027
85.2724
85.618
85.4022
82.6369
82.6925
83.5212
84.0852
83.0889
83.5591
83.6025
82.3715
81.053
81.0978
82.3596
81.8003
81.2571
81.1009
81.9759
82.3769
81.7809
81.6943
82.3531
82.1165
83.1336
82.7615
85.0814
85.2554
84.7377
83.0709
82.465
81.1954
82.2642
82.1448
82.2024
82.796
81.3907
82.5219
82.1471
81.9591
81.2167
80.8066
82.2986
81.3965
80.5075
80.334
81.4281
80.8438
80.3207
81.072
81.8884
83.1101
81.6567
83.5118
84.533
83.1795
83.4654
82.8514
81.5488
81.6057
81.5931
82.9996
82.8208
83.4562
83.0237
83.4047
84.1801
85.4332
85.2704
85.6067
86.0259
85.1091
87.1175
87.4315
89.2313
91.7275
92.0638
92.4843
91.6356
91.5426
91.9528
92.5561
92.3276
94.1371
93.2997
94.1117
96.2533
95.6059
95.0629
94.4731
94.6082
94.0836
93.0153
90.4392
89.8461
89.9425
91.533
92.0937
91.6132
93.3546
92.7038
93.3741
93.5016
94.2532
95.2658
96.3777
97.0377
96.066
97.2319
98.0629
97.6212
99.1459
99.5623
95.0793
94.3997
93.8539
92.8754
93.4022
94.693
93.9802
95.6279
95.6766
97.6721
97.6856
97.8328
98.7771
99.5535
100.724
102.657
102.456
103.48
101.584
102.937
104.483
105.034
103.584
102.301
102.074
100.003
98.4175
98.6634
100.08
100.28
98.6279
101.186
100.136
100.024
100.634
102.739
103.247
102.401
101.253
102.926
104.08
106.044
107.245
107.701
110.271
112.056
110.721
111.547
111.448
111.377
111.376
110.143
108.352
105.867
105.574
106.305
105.892
107.214
105.449
105.33
107.344
104.712
103.453
103.438
103.461
102.525
103.209
103.829
104.092
100.824
102.123
101.911
103.201
103.448
104.96
103.261
105.346
104.885
103.582
103.236
102.309
99.9775
99.2145
99.3268
98.3798
97.4183
97.677
98.5285
96.6905
96.8471
98.5569
97.0843
96.7324
98.2288
97.3421
98.5418
98.9137
98.3629
100.88
101.478
102.048
102.131
103.672
105.642
105.045
105.126
105.46
105.161
104.058
104.883
103.82
105.286
106.146
109.251
110.473
111.985
113.083
112.985
113.24
113.046
112.83
113.918
113.555
114.662
114.055
114.761
113.336
111.804
111.704
111.847
112.381
112.975
111.585
112.417
110.21
109.24
111.345
108.86
112.538
111.766
113.639
112.948
110.515
110.167
109.888
108.344
109.581
108.079
109.486
108.275
107.175
104.748
104.83
105.029
105.701
107.436
108.299
108.62
110.276
108.545
109.536
110.655
111.326
109.67
110.951
111.444
109.808
109.852
110.947
110.995
111.836
113.388
114.056
114.422
114.009
114.946
113.069
112.42
112.525
111.696
112.506
116.266
118.491
117.555
118.597
119.846
120.111
121.622
121.317
121.217
120.037
119.885
117.589
118.751
118.001
116.371
115.133
114.694
113.904
113.72
111.589
113.098
112.58
111.872
110.296
111.357
110.751
109.807
108.027
108.654
108.684
106.537
107.944
107.165
107.66
108.171
106.341
107.162
108.312
109.733
107.996
107.348
105.876
103.898
103.841
103.639
101.746
103.639
102.618
101.827
101.414
100.704
101.501
101.302
99.1494
100.827
99.2391
99.8352
100.044
99.8604
98.5584
97.7695
96.6968
95.2629
94.5921
92.1013
93.0408
92.5179
94.1638
94.1063
92.7201
92.7245
89.7164
89.4647
88.7985
87.551
87.7287
86.9264
87.5747
87.3747
87.6083
90.0632
88.9555
89.9232
91.086
91.0287
89.8413
88.983
89.1278
87.4879
87.0791
88.2434
88.556
88.725
89.7014
91.0075
90.1793
92.8249
92.9333
91.3721
93.3383
93.9335
93.6949
95.9248
93.7634
92.885
93.5351
93.7753
92.1949
92.5797
91.6085
92.5495
92.1981
92.4255
92.3331
92.3055
91.9893
94.4214
95.8075
96.1341
94.5168
93.1713
92.9463
92.0767
91.005
89.9787
89.4095
89.7289
90.6046
90.4697
91.2886
90.367
91.5771
92.3664
91.7524
92.3325
91.8941
90.5261
91.8894
91.3393
94.5897
94.0477
93.8491
92.8793
94.8542
93.0351
93.4799
92.8208
94.418
93.8633
93.5488
94.0145
94.6678
89.7931
88.7125
87.985
87.7346
86.9927
86.5482
88.5278
87.9684
86.7408
88.9156
90.8021
89.4138
89.4434
89.7093
88.5098
90.1285
90.5187
90.5188
90.4631
89.497
89.2082
86.6459
85.0325
84.2162
82.5845
83.4589
81.0267
80.7406
79.8699
78.3625
79.0329
78.2104
78.3357
79.71
81.364
82.0711
81.1462
80.6726
79.71
78.6047
77.6743
79.5861
79.8913
79.0772
77.8219
77.3408
78.2467
77.449
75.1285
76.1258
75.1583
74.2898
73.2776
73.8428
73.1674
73.923
74.6498
73.9065
73.8699
74.4778
75.7715
75.9503
74.651
76.2325
76.7453
76.2624
76.0012
74.7701
73.6851
73.2771
72.4662
71.9974
71.3626
72.0235
72.7526
73.7844
73.7527
72.938
72.6853
72.2262
72.5752
73.1638
72.5307
73.6788
73.0704
72.8866
74.118
73.5607
75.523
75.7493
77.4849
78.0155
78.6639
79.4235
80.2055
77.9381
78.9619
79.4296
81.6803
82.0816
81.4901
82.0908
82.396
80.7208
