101.164
102.72
100.706
101.581
99.7512
99.8426
98.1627
98.9346
99.0245
99.7383
100.285
101.299
100.543
101.448
100.876
101.393
101.201
102.134
103.022
104.329
104.396
102.643
100.823
99.9826
98.3378
98.9658
97.3423
99.4745
100.381
102.355
102.861
103.197
101.019
102.146
101.96
103.474
102.759
102.14
103.164
101.206
100.775
102.325
103.817
104.356
103.379
103.841
102.819
102.093
101.537
104.578
102.257
103.02
102.937
103.979
104.423
104.483
105.441
104.083
102.481
102.739
101.921
102.117
101.32
102.704
102.479
102.008
104.119
104.977
104.273
104.391
104.031
102.968
103.606
103.31
103.24
103.388
104.592
104.772
103.445
104.152
104.037
101.387
101.516
102.139
104.229
105.112
104.663
105.882
103.784
103.091
102.661
100.745
100.025
100.592
99.1417
97.3046
98.1797
97.9959
97.3591
97.4883
95.4978
97.304
97.2233
97.1476
94.676
93.7635
93.3785
90.0101
89.6613
89.2939
86.7211
87.807
87.4596
89.6938
87.8593
87.9133
87.9633
88.4414
86.9315
88.3531
88.3841
87.384
85.8492
86.7107
85.2073
85.5159
85.3583
84.845
85.9578
85.7444
86.7289
86.8236
85.8139
84.4425
83.512
83.2866
83.7282
85.0113
84.9643
85.5375
86.0444
87.7511
86.5415
87.0132
87.023
87.396
85.877
84.0168
85.2392
84.4103
82.0439
81.4688
81.8634
81.5134
81.623
81.0437
81.0926
80.8887
79.8887
81.5366
82.3356
82.6157
81.4563
83.588
83.7084
82.4938
82.3063
82.2922
82.8353
83.6394
82.0155
82.1751
82.2487
82.064
81.3896
79.6066
80.0543
79.3176
79.9086
81.4278
81.2282
81.8553
80.7985
80.0005
78.3183
76.1362
78.0432
77.341
77.4545
78.8003
78.751
77.3498
76.9925
77.2082
76.2054
74.3384
74.6315
74.0925
73.4857
72.2667
70.3653
70.4047
71.3858
73.3178
74.7949
74.9228
75.3999
75.9808
76.4403
74.9117
74.1849
74.2619
72.8107
71.8498
70.9512
70.6535
69.377
69.7849
68.5939
68.8476
68.838
68.2751
68.3117
68.5758
69.2289
69.9873
70.643
69.5906
68.056
69.2154
68.9403
69.7992
68.7992
69.7727
69.5973
68.9796
68.621
69.2021
68.9226
68.2769
67.7706
68.9426
67.4708
68.2599
68.3363
68.1133
69.8923
68.8979
68.6771
68.0483
70.345
69.8046
70.2291
70.346
69.6183
69.0856
69.3953
69.9026
69.2395
69.3584
70.0249
70.0825
70.7201
70.2533
69.7363
68.3319
68.6087
69.2397
68.5131
69.1716
68.604
69.6274
70.4838
70.6725
70.4315
69.8263
68.6303
66.7049
66.8656
66.4639
67.4827
67.7683
66.5372
65.9404
65.5923
67.2993
67.8455
67.8496
67.707
67.2477
66.8719
66.1292
66.2587
64.8273
64.1175
64.3917
65.4376
66.1291
65.8043
66.5162
66.7406
66.1042
64.9054
64.4586
64.467
64.9349
64.5147
62.5083
61.2635
62.2972
62.9382
62.0208
60.9748
61.4888
62.1063
62.6858
62.8801
62.1225
61.4839
61.5889
61.4419
62.487
60.7215
60.0721
60.0142
58.9777
60.1507
59.7256
60.1975
60.122
60.6408
61.4138
60.6855
59.4331
59.4961
59.8395
60.1046
60.2246
61.0149
61.8926
62.764
62.5621
61.1352
62.2994
60.7255
60.406
59.8716
61.841
61.2607
61.7232
60.0267
60.6482
60.7843
61.1338
60.8462
61.5481
61.4824
61.4612
61.5382
62.7331
63.3912
63.6333
64.483
63.7937
64.4469
65.5398
66.438
66.6176
64.7406
64.1287
63.6763
63.7074
62.8233
63.536
62.7982
63.7214
64.0604
63.1123
63.2442
62.7242
61.5977
61.6871
62.1904
61.4628
61.2096
61.0002
62.3497
63.1057
63.4101
64.5319
64.336
64.7372
65.4232
65.5761
66.2799
66.089
65.8697
65.3292
65.5649
65.7763
65.2658
65.7216
63.925
62.307
62.912
62.4544
62.7292
63.1475
63.4655
63.5523
64.7625
64.8509
63.5605
63.3737
63.7767
63.0069
64.2601
63.7196
63.0254
62.8439
63.4826
64.7031
64.2288
63.842
64.7717
63.9452
62.3556
62.4921
63.159
63.362
63.2907
63.0831
62.8206
62.9505
63.32
62.4193
61.9563
61.9397
60.1538
60.3248
59.1057
59.9813
60.2254
60.2018
60.3183
62.1233
61.4276
61.7143
61.6387
61.086
61.2287
61.1923
61.1678
60.3916
60.6213
59.9068
59.151
59.8558
59.8312
59.103
59.9307
60.0925
60.244
60.599
60.2788
60.5241
59.6289
59.3083
59.2455
59.8878
59.9794
59.2481
58.7713
58.9811
58.2681
56.8998
55.9012
55.6301
55.3748
56.4525
57.4646
56.8012
54.7975
53.5566
53.8571
53.9157
52.6896
54.1117
53.8366
53.9249
53.9052
53.6759
52.0238
51.9561
51.4961
51.8259
52.0557
52.5403
53.908
53.7943
54.4965
55.2654
55.7917
56.5986
57.3045
56.7406
56.3775
56.3299
57.2974
56.9264
56.8493
57.637
56.8719
56.9023
56.2499
55.7616
56.1239
57.5262
56.4427
56.3297
56.7444
57.3068
57.4355
56.391
55.7967
56.1008
55.4972
56.469
56.4191
57.1548
58.0695
58.3571
57.6333
58.7376
57.8375
57.6988
58.6703
58.8267
58.1346
58.0955
59.4639
61.1183
60.3134
59.9665
60.4771
59.6973
59.3378
59.44
59.4171
59.2212
60.3056
60.2423
60.5781
61.0278
59.8712
60.5313
59.7642
60.6291
60.7229
59.8801
59.4128
58.1681
57.4545
57.3865
57.0063
57.9714
56.9274
56.5031
57.8349
57.469
57.9776
57.9026
57.4344
57.6741
58.3104
59.5208
59.9618
60.5058
58.8266
58.3932
57.7869
58.4907
58.4975
57.8866
58.0211
56.986
56.2225
56.8438
56.681
56.177
56.588
57.1811
56.2435
56.0778
55.8878
57.0907
57.5438
56.6233
56.2533
54.8143
