99.4705
99.4346
98.929
99.2976
100.588
98.307
97.7414
97.4447
98.5738
97.4612
95.8907
98.1977
101.197
100.06
101.683
101.458
101.312
102.504
104.821
106.212
107.592
109.081
108.309
107.864
109.241
108.435
107.369
105.703
104.976
103.968
102.972
101.663
100.656
101.663
102.15
101.705
101.333
100.259
99.8082
100.913
101.132
100.624
99.8866
99.0984
98.8449
98.737
98.9929
98.0739
101.123
102.009
100.167
100.95
100.463
102.357
101.151
103.521
105.091
107.367
109.864
108.844
110.239
110.867
111.379
111.105
111.383
112.184
111.883
112.56
112.984
113.279
112.085
114.974
118.067
116.709
114.44
115.829
114.299
114.045
114.965
117.082
117.476
115.228
114.851
112.401
112.148
111.452
112.896
112.839
112.886
113.046
113.851
113.773
113.02
111.706
112.001
111.225
112.138
113.858
113.517
111.922
110.887
108.629
108.395
108.398
108.513
108.932
108.297
108.883
110.731
110.769
111.094
113.028
114.442
116.85
115.596
113.806
114.046
116.102
116.603
114.937
113.624
112.909
112.144
114.274
114.465
115.313
116.526
115.608
117.645
116.927
116.313
118.328
116.882
117.164
116.144
115.475
115.149
116.388
117.295
118.256
117.601
112.452
111.257
108.866
111.887
110.788
109.425
109.457
107.623
106.408
105.357
105.934
106.861
107.651
106.433
106.22
107.877
107.673
106.719
104.151
103.589
103.435
104.005
105.971
104.287
105.969
106.095
107.369
106.233
106.723
104.494
106.38
103.595
102.803
104.582
102.579
100.871
102.044
100.43
100.5
100.933
101.503
100.975
100.359
100.382
101.478
101.461
102.6
103.131
102.304
101.364
101.537
100.113
98.2147
98.3195
98.5592
100.194
100.752
99.9584
99.4431
98.2852
99.2408
98.5849
99.4625
96.8931
96.1054
96.3179
95.6986
96.4444
96.9555
97.0734
97.6495
98.7338
98.7812
99.5971
99.018
100.051
100.255
99.0889
95.8691
96.5469
94.874
94.2759
95.6488
93.6807
91.3361
93.0429
92.4042
90.9036
90.0708
89.9935
90.4179
90.9776
90.347
90.409
92.8051
93.9239
94.18
92.4021
93.2309
91.6065
90.8333
92.2079
91.5982
91.2207
95.2139
95.147
93.817
92.7077
92.6302
92.4317
93.4461
94.1262
95.61
94.7089
95.0408
95.5506
94.2467
93.9457
92.2464
89.6912
91.1137
92.682
90.6092
90.8702
91.3705
92.0551
90.2371
89.7656
90.0317
90.9596
91.284
90.9942
91.6775
91.9202
92.1985
91.2837
91.3851
92.543
93.4748
93.1962
93.0554
94.6919
93.1805
93.8755
93.8934
93.8987
94.7581
94.748
93.6914
93.4984
93.4119
95.0431
95.2565
94.612
93.9072
94.7388
95.4144
96.1464
96.5883
96.3427
97.9787
97.9972
97.7855
98.2472
97.9078
99.1038
99.4511
101.236
99.9954
102.306
102.627
102.953
101.831
102.575
104.315
105.115
103.827
104.274
102.895
101.518
103.938
105.307
106.303
108.123
104.786
105.673
106.518
106.987
106.647
107.448
109.175
109.303
106.193
106.943
108.231
108.356
108.646
107.701
107.253
108.127
109.739
111.448
111.613
113.477
113.506
114.612
116.45
118.868
121.156
119.905
120.168
117.189
116.904
117.97
116.641
115.842
118.273
118.161
118.488
116.278
118.614
120.331
119.031
116.383
114.813
114.572
112.593
112.309
112.72
110.947
111.008
112.906
111.415
112.376
112.175
113.446
113.556
116.343
117.027
118.419
116.886
119.989
116.274
117.581
118.573
118.967
118.588
119.366
116.363
116.103
115.333
116.227
117.201
114.493
113.98
113.17
114.403
115.27
115.977
115.205
113.579
117.133
116.881
115.891
118.269
119.155
116.862
119.892
120.702
121.247
119.433
120.416
120.255
120.627
120.35
121.483
122.665
123.702
121.797
124.689
123.343
123.435
123.887
127.597
128.247
127.076
126.841
129.372
127.983
130.945
130.517
131.46
131.107
131.666
131.77
130.054
129.869
132.942
132.468
132.463
131.723
131.346
132.135
131.338
131.634
130.087
131.231
132.793
136.04
136.442
138.16
136.781
136.582
138.558
139.15
139.059
136.133
134.912
136.31
136.762
133.995
134.301
132.298
132.809
134.963
135.758
137.847
134.864
136.872
139.169
136.952
137.01
137.8
136.769
132.236
132.366
133.52
134.77
135.839
135.925
134.807
133.681
133.239
132.656
133.295
130.867
129.822
128.375
123.499
122.906
120.382
123.163
122.756
122.287
121.916
120.673
120.188
118.431
117.068
118.002
118.3
119.921
119.251
119.154
116.183
116.385
115.912
115.547
116.184
114.259
116.126
113.523
113.547
113.279
115.398
116.643
117.923
117
116.549
116.846
118.001
117.499
117.961
117.892
119.08
119.837
117.689
120.74
120.362
120.38
122.516
127.791
130.733
129.278
130.69
129.329
129.27
129.199
128.783
129.472
131.639
133.559
134.339
133.13
134.361
134.277
133.359
132.499
131.558
135.361
135.34
135.475
136.268
136.562
138.747
141.203
139.652
136.424
137.109
135.31
134.899
132.175
131.702
131.73
128.258
126.821
129.884
129.962
133.092
132.364
134.097
133.176
133.723
130.221
128.733
130.019
127.577
128.35
127.872
126.322
125.702
126.566
130.382
130.971
127.941
130.149
131.452
129.183
128.1
128.767
128.658
130.07
129.175
126.342
127.258
126.554
130.539
132.818
131.604
