100.195
100.81
101.738
102.87
101.161
99.6656
99.5058
99.8554
100.247
101.341
100.839
98.1429
94.3764
94.7369
93.2322
93.1893
93.31
93.9618
93.1874
91.0266
89.8185
91.2568
91.4117
90.7844
90.7642
90.6148
89.1427
88.5482
88.7608
87.9403
87.2334
87.492
87.6062
86.9385
86.7766
86.7831
86.5158
86.2162
87.4676
88.1462
87.9793
87.842
87.1329
86.5018
85.6832
84.9392
83.5764
82.9529
83.3386
83.5503
82.2302
83.226
81.389
79.938
79.3011
79.2525
78.8983
81.7606
81.5873
81.6713
80.4093
80.0302
79.9955
80.336
81.9163
80.4342
80.2919
80.5208
80.2985
80.831
80.0836
79.2749
78.9933
79.286
78.7594
78.3725
78.2868
79.0149
78.3167
78.5759
77.2741
77.8891
78.1017
78.4578
78.6307
76.9093
77.8387
78.1437
77.2646
76.2865
74.8505
73.6199
74.7535
73.7298
74.672
75.3802
75.2278
74.4935
74.8715
73.9902
74.4117
74.6933
74.1135
73.9702
73.8859
73.2329
71.9027
73.0414
73.1104
74.455
76.4956
76.8465
76.5205
75.6329
77.193
78.182
78.6985
76.3971
75.9656
75.3995
75.7008
77.5132
78.7676
78.8705
78.7524
77.4353
77.5033
75.3811
76.6323
74.2611
75.7874
73.9087
73.6109
73.2246
72.9523
74.4463
75.2997
73.46
73.3754
73.8921
74.2947
72.5838
70.8819
69.1806
69.9727
70.6284
71.7789
73.6195
76.2736
76.5237
76.5837
76.3098
76.6607
75.3837
76.5406
76.8027
75.747
75.7792
75.1281
76.6142
77.0493
76.8975
78.4559
79.8386
80.874
79.657
79.8935
79.7128
80.641
79.9308
81.3378
81.6306
81.0451
80.8674
81.0084
81.8969
82.5257
81.4531
82.2051
82.4904
82.5838
83.4459
83.1527
83.146
84.2705
83.7225
84.8698
84.0064
84.0277
82.2098
82.493
81.2735
81.2718
82.0655
81.586
81.9655
81.6559
80.274
81.9155
82.6743
81.8725
82.4732
83.7849
83.2422
84.0166
82.6554
82.8108
81.7403
82.2473
82.0711
82.1844
83.4051
80.6546
81.6006
81.6073
81.7141
80.233
79.4756
78.0203
78.6714
79.0823
78.8993
79.1415
79.9501
79.7576
79.01
79.9947
79.9127
81.3015
80.9543
79.2801
80.36
79.5894
79.572
78.192
79.5758
79.9841
79.2022
79.9002
79.1078
79.2638
77.6915
78.4838
77.1
77.4004
76.9026
76.8409
75.1754
76.0529
76.7301
76.9732
78.0728
76.6155
77.0646
77.9358
78.2472
79.4949
79.6045
79.345
79.9995
79.5661
79.2069
80.5144
81.7923
81.511
80.5767
78.7119
80.1416
79.9109
80.622
80.7975
81.1203
81.1979
80.9599
82.3427
84.6632
84.8644
83.067
82.5661
83.6522
85.1555
85.1459
86.3459
87.972
87.3779
87.3386
87.217
84.9862
85.692
86.8034
86.266
87.8832
88.862
89.6351
88.1686
88.8855
90.1854
89.2051
88.6779
90.3411
88.927
89.7613
88.5934
88.3571
90.3192
87.7134
87.2735
88.6906
88.287
88.1793
88.4549
88.7076
89.4494
88.9707
87.739
86.0325
86.2457
86.4547
85.5258
85.1827
85.4202
86.0277
84.4918
85.2751
84.3365
83.2945
84.8613
82.8057
82.9752
81.6931
82.3779
83.0737
83.0956
84.3678
83.9665
82.9281
83.5698
82.8358
81.8655
79.6394
79.2071
79.0217
79.9285
78.9133
77.3757
77.5383
77.2282
76.4325
75.8038
77.6579
78.4209
78.4762
77.138
77.4977
77.919
77.1773
78.7926
78.6848
79.4706
80.1072
79.796
78.4022
78.8801
78.8822
76.2553
75.9893
75.8412
75.5013
74.5951
76.0868
75.7234
76.3156
76.1487
77.0675
77.0155
78.8483
77.5207
77.7444
76.2344
76.3806
75.1257
75.6732
74.666
73.7896
73.4746
75.6351
75.3905
76.0401
75.2267
75.8534
74.6822
76.1104
76.6179
77.2882
76.9331
76.1373
75.0984
74.2179
75.3494
75.2394
75.9415
75.8449
75.7017
75.2256
75.0788
75.082
75.5581
75.7394
76.1032
76.5783
76.314
76.5002
76.7182
76.364
77.0273
76.8922
77.5943
75.9739
75.6579
74.7399
74.7257
75.1685
75.3409
74.898
75.4819
75.8187
74.0309
73.4391
72.9398
73.1815
73.0564
73.0898
73.6616
74.8304
74.2004
75.108
74.7524
74.8277
76.2885
75.5937
75.4058
74.4078
74.2564
73.1032
73.2114
72.9407
73.2704
73.047
73.4189
73.7271
74.4885
74.7729
75.7616
75.2466
75.0955
74.7751
75.2651
75.2794
74.942
75.1058
74.58
74.4908
75.8128
75.1683
75.2388
76.5302
76.4796
76.3062
74.9507
75.28
74.833
73.7229
74.4891
73.3573
72.786
71.1136
71.6956
71.9586
73.4955
72.7766
71.228
72.9946
73.8138
72.3389
71.0159
70.2978
70.0288
70.0057
69.4285
69.8788
70.2651
70.719
71.2125
70.5354
71.0764
69.4934
68.3501
68.1653
68.359
68.8532
69.2516
70.2499
70.606
70.8
70.8056
70.4271
69.6292
68.8246
67.3836
66.4136
65.8244
65.875
66.2279
68.135
68.3952
69.1099
70.0539
70.5757
69.8501
69.7903
70.9622
71.1962
70.4322
69.3559
68.5403
67.9914
68.123
67.8492
68.0013
68.4878
68.7161
67.6592
68.8776
68.9381
68.5339
67.9674
68.4347
67.9032
67.6181
68.0149
68.124
67.3599
67.8681
67.7098
66.8664
65.7103
65.7572
64.9866
64.3381
64.135
65.4888
65.5183
64.8108
64.4884
65.3368
65.4186
65.1953
64.1122
65.4582
64.8046
66.4796
65.4633
65.7601
65.6154
66.0314
67.4194
67.224
67.5641
67.8552
66.7068
67.0463
67.1139
68.3285
66.6565
67.5542
69.7901
68.6141
67.4921
68.0805
67.2484
66.5299
66.1159
66.7549
67.9918
68.9465
68.7974
69.2659
70.7314
70.882
70.0381
69.877
69.6068
70.672
70.0558
68.8441
68.9214
70.1687
69.9987
69.4385
68.2765
