97.5306
99.0376
100.262
101.501
102.257
101.632
100.657
101.225
103.066
102.059
103.78
104.474
105.523
105.237
104.779
105.029
103.013
102.827
102.663
103.75
106.603
108.055
110.312
112.276
110.646
107.075
105.914
105.082
104.49
104.912
104.646
103.633
103.663
103.084
103.234
102.279
100.801
99.0765
99.3184
99.0248
98.7595
99.3331
99.4439
100.219
100.384
100.703
101.196
101.323
99.6828
99.6266
98.3105
97.2806
95.304
94.2489
94.7685
95.6314
94.1998
94.6925
91.9345
91.1529
92.0616
91.9336
90.5171
90.6333
91.2387
92.0145
92.4107
92.7138
92.5726
92.5236
94.1698
97.0018
94.3891
94.5623
95.8235
97.7282
99.6242
100.386
101.665
99.2216
101.039
99.7174
100.448
100.937
100.711
99.4986
100.568
100.176
99.5058
97.5358
98.4761
99.2826
100.927
99.4028
97.9236
97.062
97.2938
98.5078
96.6132
95.3376
94.1674
98.3799
98.5414
96.9865
95.8053
95.2352
95.984
97.6565
95.9906
93.5271
94.3731
93.1318
92.6476
95.9878
96.5683
96.8491
96.1892
93.1414
92.9223
92.9425
93.6798
93.4752
93.2253
95.6452
96.8659
98.1172
96.3588
95.4546
97.4806
94.9016
94.1183
95.5354
95.9214
94.2677
94.0312
92.3308
93.3122
92.6125
93.242
92.8384
91.3398
91.524
90.3988
88.7431
88.6723
88.333
87.0279
89.1713
88.9154
86.6054
86.1655
86.6717
86.206
87.5333
87.2111
87.9866
87.8165
87.4496
86.3133
87.148
87.3747
86.7194
87.0643
86.078
85.9576
86.1577
87.259
86.6724
86.8596
86.9986
87.5759
87.9088
88.6344
87.3323
89.3891
87.749
89.4028
88.8993
86.9657
86.922
87.8558
89.1716
88.0559
89.301
88.31
87.559
88.8399
89.7236
89.7096
88.759
87.4472
87.0877
87.4256
90.4602
90.6107
91.6889
90.959
91.7007
92.5288
93.7433
93.7589
93.7155
94.2361
95.512
94.9909
95.0422
95.9104
94.4389
93.0986
91.0272
90.5159
90.8516
91.2388
89.565
89.6502
88.8447
88.3043
89.6789
88.1464
87.5878
87.8752
86.6105
85.3177
84.3166
85.003
86.6529
87.3973
88.1197
87.5156
87.1883
89.6244
88.7976
89.6868
88.3218
90.6684
89.7945
88.7844
87.1725
87.5478
86.2564
86.3812
86.6081
87.4794
85.7006
85.1247
83.7528
83.8155
84.092
83.8865
84.6157
83.242
82.0977
80.8854
79.1302
77.6045
77.162
77.4462
77.9911
78.2098
79.0764
80.181
79.4811
78.9334
78.0439
78.3168
77.3545
78.4191
78.5732
78.0693
77.2355
77.7892
79.83
80.0201
80.9442
80.751
81.2505
80.0919
80.1256
79.5235
79.8712
80.2802
80.9785
80.5244
80.078
78.8613
78.0173
78.9205
78.0071
78.322
77.6346
77.5611
76.93
76.9656
76.0952
76.3832
77.6957
76.0675
76.3819
75.5552
75.3621
74.929
75.8186
75.1055
76.2506
74.9007
73.2837
71.9594
70.9382
72.2027
72.3701
70.828
70.131
71.8726
71.9542
72.1966
72.5091
71.8575
72.7143
72.1308
72.6933
71.9468
71.0781
71.5532
71.7804
72.1748
72.3098
72.4114
73.0198
72.5902
74.0319
74.6373
74.0082
73.2365
73.8793
73.2882
72.2423
72.937
74.109
72.6809
73.9021
73.8567
75.0061
73.6404
73.6054
72.9335
73.8627
73.9244
74.5737
74.8428
73.9414
75.6387
75.3795
74.4509
73.4016
73.1321
73.5644
73.0087
73.3827
73.3771
73.2251
75.0508
75.838
76.5174
77.3934
77.0126
78.948
78.7515
77.52
77.091
77.3861
78.5427
80.0733
79.4615
78.4371
78.8916
79.5285
80.096
80.3226
79.0643
78.7485
78.1402
78.8774
79.5624
78.4837
77.9017
77.3477
78.525
79.2253
76.9775
77.3978
77.3418
77.6434
76.0686
75.154
77.1828
77.0357
77.9496
78.4661
77.558
79.1733
78.3834
80.2518
80.8383
80.0176
77.7487
78.971
79.4085
79.6147
78.5703
76.9014
78.1709
78.1297
79.1644
77.3436
77.9087
80.6538
80.0323
81.1283
80.9115
81.4746
82.7565
82.2545
82.0568
81.5594
81.8272
80.5638
79.4188
78.9869
77.5667
76.8995
74.7573
73.8477
73.5903
74.3153
73.7355
71.4278
70.9839
69.8706
69.8685
68.7148
69.4551
69.1114
71.9966
72.1783
71.9951
70.8842
72.7032
71.6348
71.5519
71.9054
71.9293
73.1629
73.6536
74.6824
74.5983
73.778
73.1617
73.2484
73.6632
74.2203
73.0603
71.3065
70.1594
71.327
70.85
71.4861
71.7599
70.9313
71.9847
72.1932
71.5788
71.0476
70.1647
70.9353
71.1182
72.6177
71.9403
73.1135
72.6554
73.5797
74.2046
73.7935
74.4874
73.8985
73.4577
75.0957
74.7159
75.4945
76.0574
75.0096
76.0608
76.65
76.5557
76.915
76.8275
76.9662
76.4468
76.8033
75.795
75.4091
75.6892
77.2362
77.7543
78.0124
78.7051
77.3531
77.5414
74.759
74.7965
73.9032
75.0571
74.9779
75.063
75.4106
74.883
74.3387
73.9168
75.6944
75.5077
74.1595
74.6846
73.2391
74.6191
76.0384
77.068
78.4781
79.5996
80.5108
80.9023
81.2855
79.6712
79.2823
79.9687
79.2742
77.7608
78.3716
75.7132
76.4785
75.9955
74.478
74.0115
73.5667
74.185
73.0685
71.806
71.8546
71.0542
71.723
71.7119
72.4381
72.2552
72.4593
73.5852
73.6309
75.6711
77.1278
79.0511
78.6889
77.4663
75.8325
74.3763
74.6604
73.1648
73.5855
74.0163
73.9108
74.2381
74.6069
75.6332
74.916
73.7866
76.6263
75.5552
74.898
74.5863
74.2341
73.3149
73.9407
74.0758
75.5915
76.4434
77.3818
76.1138
75.6172
75.8563
76.453
75.4842
74.7637
75.1768
75.5439
76.0756
75.2806
73.9811
73.8671
72.9392
71.9111
71.9523
72.1418
71.3904
71.8005
