99.8838
99.9581
100.34
101.855
102.053
101.06
99.0115
99.0027
98.8672
96.538
95.051
92.4994
93.2276
94.3034
93.4312
94.3788
96.0578
96.3619
96.8719
95.4456
96.4679
97.7868
98.8753
98.6967
99.4356
100.762
100.537
98.7099
100.594
100.169
100.206
99.7308
100.664
100.331
98.3325
97.649
98.9669
100.14
99.2932
100.337
102.272
103.025
103.038
104.175
104.668
103.854
103.915
105.135
104.994
105.328
104.706
105.243
106.319
108.171
109.928
111.082
109.6
108.736
107.112
108.665
110.635
112.689
112.504
112.88
113.604
110.825
116.063
119.942
119.396
119.964
121.624
123.364
123.329
122.707
123.358
124.508
123.984
122.246
122.505
119.348
120.937
119.795
121.388
123.94
124.287
126.453
126.265
125.056
127.232
127.201
126.559
125.443
125.049
126.156
124.284
125.156
124.282
125.949
125.861
128.623
127.473
126.889
125.713
129.193
130.737
131.84
129.108
129.623
127.619
129.06
128.077
127.776
129.343
130.219
129.525
132.391
130.458
131.299
132.852
131.409
130.087
129.827
131.64
133.6
134.029
136.082
136.399
133.521
133.141
138.428
137.12
137.605
138.689
139.137
141.204
140.975
140.105
137.29
140.053
138.97
141.402
141.547
141.252
143.616
144.707
146.228
144.177
144.503
146.184
147.628
146.113
147.065
144.875
147.303
147.968
149.137
147.887
145.902
146.172
145.864
143.868
142.785
143.371
141.206
143.523
144.246
144.209
144.169
143.391
145.679
143.896
145.07
144.02
141.121
142.061
140.361
138.243
137.354
137.07
141.25
142.434
141.131
142.766
141.198
140.513
138.645
136.346
135.2
135.574
134.119
134.468
135.161
134.497
135.466
135.125
136.633
135.805
133.047
135.309
136.566
135.09
136.103
134.078
133.414
133.25
133.869
133.856
131.882
133.518
133.531
133.528
130.972
131.735
130.818
129.373
127.918
129.015
127.648
127.689
127.502
130.85
131.527
132.084
133.068
131.924
133.958
133.519
132.483
130.293
127.935
128.748
127.071
127.467
130.107
129.725
128.971
131.046
130.216
129.932
129.233
127.369
130.337
126.456
129.271
125.858
124.673
122.599
123.283
125.322
124.523
122.442
123.197
122.966
124.332
124.079
123.406
120.626
121.062
120.274
118.311
118.964
115.216
117.096
114.506
111.573
111.227
111.487
111.815
111.99
111.679
111.528
113.904
113.918
114.477
115.097
119.318
116.866
120.248
120.217
120.264
120.939
119.064
116.24
115.828
114.03
114.916
112.539
110.823
111.273
112.017
111.849
114.004
113.395
112.242
113.015
112.076
111.212
109.339
109.412
110.274
108.273
109.419
110.607
111.424
113.311
113.627
113.781
113.414
114.933
115.033
116.88
115.398
118.498
117.644
119.573
118.63
121.063
121.726
121.209
122.285
123.202
127.311
125.135
125.807
126.68
125.967
126.977
129.7
128.874
129.12
129.497
130.195
127.592
127.608
129.141
129.834
129.855
129.882
129.355
130.11
128.8
127.693
128.06
129.081
131.709
129.098
128.669
129.425
130.789
128.256
124.649
125.451
124.556
125.029
123.015
123.753
124.202
124.669
123.661
123.997
125.47
124.56
127.165
128.266
129.829
132.255
132.243
132.321
132.715
131.55
132.302
133.372
132.358
135.751
134.309
136.522
136.034
136.12
135.937
136.015
137.507
137.718
136.739
135.707
135.695
138.83
137.436
136.255
135.766
136.822
137.244
134.323
135.237
132.715
134.269
136.944
134.856
133.366
134.394
133.458
133.782
132.751
131.972
133.336
131.317
131.705
132.554
131.507
130.387
130.275
128.415
130.048
131.304
131.413
129.791
129.183
128.287
129.209
127.151
124.803
124.412
124.859
123.619
124.145
127.573
127.234
127.844
128.563
132.19
135.328
134.537
135.117
134.856
133.978
133.765
134.234
130.883
132.086
129.284
124.085
123.61
122.387
122.115
120.705
121.893
123.611
125.268
125.251
125.736
122.693
119.109
120.668
122.135
122.694
122.611
122.067
122.16
121.909
122.562
123.701
124.594
122.188
122.805
122.19
123.963
122.62
122.4
123.275
122.474
118.384
115.472
114.186
115.66
112.9
112.911
112.081
107.946
107.773
107.47
109.386
109.069
108.654
106.052
108.023
109.397
109.245
111.778
113.854
115.483
114.488
116.212
115.196
111.924
112.861
111.774
111.433
112.44
113.702
112.405
115.32
113.436
111.465
109.863
113.157
113.345
111.964
111.989
110.166
111.142
111.451
109.666
107.571
106.416
107.092
108.316
108.831
109.392
106.971
107.1
105.546
105.962
105.862
107.323
108.193
108.05
107.964
108.397
108.571
110.068
109.567
108.527
105.675
107.861
106.691
109.162
108.117
108.138
109.202
106.928
106.471
106.837
105.515
106.971
104.79
104.468
104.232
101.605
101.961
101.717
102.107
102.922
102.22
103.475
105.018
105.226
107.027
106.903
104.477
103.599
104.818
104.241
105.165
105.115
105.094
106.262
105.709
105.442
104.362
103.828
102.947
103.754
103.799
103.821
103.927
101.146
101
104.297
105.87
104.643
103.109
104.626
106.542
108.451
107.108
106.909
105.277
105.956
105.024
105.107
108.929
109.07
108.167
108.041
106.383
106.325
107.543
105.965
105.255
106.182
105.731
