98.1632
99.2555
99.0273
99.0502
98.4435
97.3713
97.5582
99.2985
98.9569
98.8029
97.265
99.6481
100.933
100.512
101.93
103.602
102.512
102.488
101.543
101.867
103.774
104.049
101.839
101.048
99.6543
98.5832
99.8286
100.211
99.5437
98.5121
98.4562
96.205
95.4679
94.1943
96.6727
98.1419
98.834
100.357
98.5445
97.2982
98.7098
97.0649
94.1712
94.042
95.711
96.5137
97.9596
97.5753
97.0231
93.4045
94.1378
94.8162
95.7242
93.625
93.1351
92.4704
91.9888
90.9746
91.2368
92.0526
90.7169
89.1626
87.3146
86.9883
87.0899
87.46
88.0644
86.7941
86.4999
87.0171
84.7769
84.2006
85.0416
84.3571
83.6902
84.9564
86.048
88.3997
88.1677
88.2204
87.4783
85.9536
86.4546
87.768
87.8924
88.4526
87.8105
89.865
87.4999
84.9098
84.5431
84.4178
83.3638
81.8592
81.8734
82.7186
81.9966
81.9607
82.9512
84.0953
84.0504
82.1808
83.2221
81.8366
81.9348
82.8515
82.2105
82.6926
82.7187
81.4595
79.4389
79.7651
80.4339
79.7118
78.7885
79.1604
78.275
79.2999
80.4467
81.3825
82.3135
81.6386
79.4845
78.031
78.7187
78.8367
77.7548
77.5139
77.2135
76.9995
78.2656
78.9987
79.0604
78.4964
79.3296
79.6257
79.4644
80.2949
80.016
80.7066
81.7563
81.7105
80.1617
83.4278
85.0917
85.2156
84.4285
84.705
83.8597
84.8937
85.4121
84.6668
84.8096
84.0682
84.2598
82.5841
83.9107
84.3513
85.1106
83.4214
84.2338
84.2057
84.3283
83.7349
84.3404
84.0277
82.8492
81.8106
81.6916
85.2647
86.2526
86.8927
89.0963
90.9351
91.247
92.4175
93.0436
92.512
90.4702
91.2751
90.4751
89.8227
88.4301
89.5944
90.1577
90.6566
91.1498
91.8259
93.5938
94.0732
94.7637
95.0294
94.3991
94.4993
94.8381
95.8004
94.4937
95.0524
95.8604
97.6201
96.1223
96.1571
95.8168
94.5201
95.5046
95.2994
94.4421
94.7182
95.1986
97.6887
99.1343
100.198
101.301
101.033
99.5008
97.7866
97.0532
96.818
97.7205
97.5191
98.4223
98.8127
99.7453
99.5886
98.3943
97.5787
97.1653
97.8407
97.9608
97.4902
95.6205
94.0961
93.3379
94.1848
93.9817
95.7665
97.079
95.0645
95.3864
94.2559
93.011
92.7693
91.8554
91.4709
92.1478
94.1356
96.2819
96.8533
95.8023
96.0646
96.099
98.4989
99.4254
96.9575
97.4787
96.3498
93.7929
93.838
93.0341
92.7212
92.7015
92.9788
93.5165
93.2212
91.8854
92.9076
93.5283
94.9021
94.1544
95.0559
95.1632
97.6415
97.3756
96.5971
96.3129
98.3959
95.8722
96.2567
97.8832
95.483
98.399
98.9961
99.0066
98.0139
99.4215
99.1709
100.296
99.7782
99.5466
101.815
100.686
99.8087
98.3831
99.9637
98.9605
98.137
97.0854
99.1325
98.4655
95.802
94.7246
94.7259
96.1254
93.6827
95.1054
95.2586
94.5394
94.3066
95.7455
97.6688
96.8961
94.3727
92.0047
92.9314
92.8418
93.6865
93.3059
96.2266
96.8229
98.2325
97.464
94.6899
94.9406
94.5169
94.5609
94.0042
91.9574
91.9712
93.178
92.246
93.0619
91.8477
92.3311
93.5169
94.5502
95.3162
92.2297
90.7639
91.5547
90.8355
92.6618
93.0671
94.6874
94.8502
95.4365
95.1866
94.7035
94.0352
92.6859
93.4912
91.4371
91.9069
90.8488
91.9398
91.306
91.2029
89.5064
92.0975
92.1682
92.6728
92.522
92.5121
94.0792
93.6046
93.5384
93.8046
93.9984
93.9318
94.7208
95.6803
94.5944
94.7257
93.646
92.9019
92.871
91.8233
93.9998
93.1786
91.2544
92.1652
91.1948
92.9084
91.3741
90.8356
91.5804
90.3188
91.5119
91.332
92.4482
94.9627
93.9548
92.3
90.3863
88.708
90.9352
92.1615
91.5529
91.7871
90.8558
91.1492
92.1278
92.8752
93.5805
95.1806
94.7982
94.6683
95.6517
94.8054
95.4147
94.4999
95.4237
95.543
95.5289
96.7569
96.5732
94.6237
93.4393
92.9201
93.7028
93.5215
95.087
93.7235
93.185
92.9233
92.6799
91.6177
92.3693
92.8228
92.3877
92.9458
93.1264
94.2462
93.9698
94.4374
94.6291
93.9671
94.5213
94.0365
94.5353
93.8531
93.0254
93.795
92.5761
95.0053
96.7672
96.4069
93.4126
94.7717
93.3886
92.0974
92.5699
93.2487
93.1604
94.0986
93.8843
94.1235
93.7904
92.231
90.8381
91.2516
91.6767
91.2412
91.0424
92.3826
93.1545
90.4996
93.479
92.5188
93.6589
92.2513
93.5839
92.3009
91.8665
91.668
89.3451
90.053
90.1207
88.6162
89.5857
89.2937
90.6367
89.729
93.4366
93.9521
92.5235
92.992
92.419
92.2218
91.8353
91.9732
93.9021
92.428
92.2653
92.613
91.8705
90.2044
89.9099
88.7253
88.555
86.7754
87.9319
89.0753
89.7892
90.8548
89.9225
89.8045
89.1352
88.6851
88.8278
89.7337
90.9407
89.7349
87.4292
88.2298
89.8663
91.1953
91.631
91.2822
93.7799
94.5418
94.9495
95.7214
95.0794
94.6592
96.4366
95.1811
95.2795
97.8512
100.019
99.6747
100.126
96.5753
94.1287
94.4344
95.4035
95.8964
95.4695
95.8801
97.2763
98.2888
98.2638
98.8285
97.7308
96.7949
95.9981
95.3346
94.6034
96.8315
97.4419
99.0554
99.8517
100.274
100.032
99.8379
99.2279
100.025
99.414
99.5944
98.431
98.1026
95.8612
98.0183
97.4276
97.8546
101.263
100.726
103.116
103.497
104.515
103.286
102.107
102.743
101.965
102.651
102.777
103.078
104.149
104.037
103.549
103.128
102.018
103.151
103.285
103.672
104.094
105.246
107.06
105.364
104.326
103.891
102.842
104.342
103.713
102.246
103.681
104.834
105.802
106.255
105.956
105.129
