99.457
98.7227
98.2612
99.6213
99.8514
99.3519
98.7333
100.218
103.96
103.737
102.577
101.113
102.356
101.238
102.504
102.916
101.958
101.776
102.929
103.548
104.494
106.281
108.461
106.588
106.79
107.29
105.353
103.748
104.68
104.047
104.651
103.592
103.271
103.27
102.184
101.846
101.1
101.742
102.54
102.107
103.744
105.596
107.546
106.15
106.95
106.378
108.445
106.787
107.344
109.804
111.584
109.117
107.409
108.246
105.631
107.378
110.493
108.169
108.42
106.276
105.668
106.626
107.577
108.115
109.164
111.185
110.297
111.069
109.674
107.449
108.547
108.566
108.451
108.525
110.576
110.284
111.844
111.916
110.87
109.1
110.962
113.214
111.346
110.717
110.073
109.174
109.823
111.293
111.364
110.979
109.033
110.214
109.967
109.472
107.981
109.07
108.807
108.981
108.799
107.601
105.154
105.288
103.179
102.705
100.61
102.222
101.391
99.6371
98.5352
99.9785
100.918
100.193
99.6734
99.6706
99.3734
99.3903
99.7542
100.813
99.934
97.4466
95.9726
95.5756
95.9432
96.5479
96.1847
97.2871
96.6089
99.0293
99.3488
99.6613
101.499
100.568
99.4025
100.969
100.196
101.339
100.598
100.497
101.772
101.405
100.361
100.306
99.9669
98.1108
99.8769
102.182
103.608
103.519
103.544
104.365
104.36
102.796
101.134
99.6951
99.1163
100.217
101.685
102.044
100.536
100.079
101.917
101.322
102.558
101.749
103.274
103.495
100.622
99.8915
97.7189
97.6382
97.6806
97.9948
96.799
96.5325
96.5025
96.2115
95.527
95.3881
95.8269
96.2221
95.5975
93.5613
94.258
93.2267
94.0901
92.4665
93.5145
91.4449
91.5231
90.6218
92.282
92.8748
93.9432
92.7611
91.9986
92.7131
94.6526
93.4804
93.3893
95.1312
97.188
97.4576
98.3174
98.0763
97.1515
96.8113
95.5163
93.4122
92.1794
93.5602
93.6249
95.2616
95.6879
97.3717
96.5535
95.1633
93.9269
93.4395
93.7013
90.0485
90.6582
88.9537
88.9243
87.6702
88.4804
91.5182
91.3081
91.9856
91.8494
92.2996
92.2311
92.7776
92.2754
92.0648
89.4998
90.8798
91.627
90.2274
91.499
90.7039
91.0688
89.5763
89.1428
88.0621
89.8064
92.4471
91.6805
91.9835
89.9739
88.7764
88.186
87.857
87.4917
85.5843
85.7921
85.7623
85.2107
83.825
82.622
83.7348
82.8527
80.7298
81.6335
82.3269
80.3407
79.1227
79.3564
79.9436
78.7045
78.7137
78.837
79.309
79.7949
78.5511
78.1074
78.3624
76.5594
76.9308
76.9573
77.792
77.7603
75.5722
74.8307
74.7172
75.1941
75.3687
75.7848
76.1648
77.0792
77.6242
78.1165
78.8589
79.2794
78.952
78.1129
79.1276
79.1467
79.6835
79.3817
80.4417
80.9097
80.9392
82.4792
83.7102
84.4182
83.6297
82.2698
80.1701
80.9347
80.6186
79.8807
80.8984
80.0149
81.2733
80.6767
79.6274
79.3359
79.921
78.9793
79.9229
76.992
77.1147
77.7371
77.9766
75.6124
75.7356
74.4664
75.1435
76.9914
76.774
76.6792
77.471
77.9604
78.1194
78.1512
78.6914
76.2323
76.6048
76.8855
76.765
77.3818
76.268
76.4873
75.5213
76.7785
76.3452
76.9248
76.0067
75.6786
76.7372
77.6995
79.1035
78.4138
77.3414
78.0734
76.401
77.0946
78.5279
79.3342
78.4668
78.128
78.4371
77.614
77.0484
76.7683
78.0959
78.3336
79.5892
78.7409
79.918
79.7508
79.1739
80.5489
79.9538
81.4111
82.6119
82.7188
82.007
80.898
79.8479
81.0434
81.9018
81.8574
83.721
84.1707
83.6318
84.5146
82.6806
81.9641
82.5928
84.0724
81.0558
79.4778
77.5008
77.4396
78.0227
79.6978
79.7295
79.9156
79.5763
80.6771
79.5403
78.9013
80.2427
82.0539
80.5932
81.1543
80.9679
79.5472
80.0408
80.704
81.4335
80.4556
78.7639
79.7559
78.9737
79.2579
78.7811
79.1103
78.3289
78.1495
78.6167
79.4971
80.1302
79.9575
78.6491
78.3736
77.8364
79.162
77.5289
76.8882
75.6306
73.3078
75.2681
74.4121
73.9636
73.1486
72.9283
75.6401
74.8204
73.8138
73.0847
72.1677
70.8196
70.1245
69.6575
70.2
69.4204
69.6296
69.6236
68.6979
69.2161
69.0629
69.2939
69.2202
67.9321
69.9335
70.8122
71.0246
72.3781
71.9818
71.7589
71.4285
69.7366
70.755
71.1389
71.667
71.8002
72.5
73.0252
73.2411
72.5131
72.5859
74.2137
73.8449
75.4823
75.4095
75.5473
74.4058
75.0975
73.0648
72.9443
74.2618
74.2158
74.039
76.1439
75.7584
75.6692
77.2085
77.4663
78.7211
79.7187
81.5148
79.6442
78.4157
77.232
76.7511
77.4411
78.0743
76.6371
76.0346
77.979
78.0703
79.1444
78.1636
79.1944
80.1846
80.9446
81.4306
82.2441
82.0695
80.0204
81.1097
81.9418
79.6107
79.4939
78.2128
78.6034
79.9645
80.0108
79.4951
79.8133
78.8992
76.9575
77.9243
77.9008
77.6147
78.799
78.074
77.2073
78.887
79.4673
80.5163
79.523
79.0363
79.7765
81.5358
81.9314
82.3993
84.2871
83.2792
83.1426
82.3095
82.0442
81.5207
82.3131
81.1185
82.105
81.8466
82.224
82.6415
81.9829
82.3397
83.1581
82.347
82.5253
81.8514
81.2036
81.8602
80.8156
80.6523
80.5082
80.6647
82.4132
82.5369
84.4706
85.1519
85.4859
84.3986
85.5612
85.2508
85.1852
86.7118
87.6349
88.4623
89.503
90.632
89.2808
89.612
87.9357
88.6815
87.6017
86.7474
86.3003
86.1861
85.7369
85.5612
85.6253
85.049
85.9789
86.1274
86.1819
86.8748
87.3927
86.3596
85.9307
85.422
85.5803
84.3731
86.4166
