97.9466
96.8532
95.8138
95.3143
95.6519
95.4868
96.106
98.0071
95.7581
94.2775
94.1646
92.5774
94.6515
92.8892
92.7859
93.9388
94.7885
91.9809
91.5709
90.5401
89.7941
90.0495
90.1451
89.8012
88.9665
89.3451
89.0097
90.3214
90.4198
90.2014
89.8464
90.2423
90.1818
89.4234
89.6748
88.5274
89.0781
88.0641
88.7776
88.2786
88.7153
89.6067
91.1935
91.3589
89.9536
89.1917
89.4455
87.6391
87.7321
86.5066
86.0601
86.0887
82.9927
82.402
81.3644
80.757
82.2987
82.8891
82.4451
82.496
82.8743
83.4794
82.7038
83.4412
85.2506
85.1585
84.8175
86.2653
85.2327
84.595
84.0618
83.226
81.9094
81.4124
80.4887
80.3457
79.8301
79.689
77.934
80.0598
80.6037
80.5467
78.743
78.9929
79.579
79.7123
79.6421
79.9659
77.9363
77.6944
77.614
78.8144
77.287
75.5713
76.1554
75.8552
76.6746
76.8447
76.0719
76.8516
75.5883
74.4333
74.5177
74.2489
75.3541
76.728
75.9902
75.752
75.5184
73.6298
74.9047
75.638
75.3944
74.3477
73.4723
73.783
73.791
72.8327
73.3739
73.9868
73.952
73.6014
71.7387
73.6171
74.1715
72.7437
73.535
72.2187
71.1143
69.8875
69.6946
70.364
70.8326
70.6194
71.4237
71.0834
72.7542
74.2737
74.738
74.005
72.6719
73.7125
74.2009
73.6883
73.7212
73.446
73.0452
72.0662
72.4046
72.5969
72.4848
71.8611
71.5161
70.7944
71.5776
73.3916
73.4061
75.7237
76.4758
77.4939
76.6448
75.6233
75.9456
76.7661
76.5368
76.225
75.9202
73.5754
75.0464
74.8092
74.5072
73.6539
74.4745
76.3762
76.6527
75.4168
75.2916
76.5014
76.1499
75.7502
75.7772
76.3832
77.0594
78.9045
78.7356
79.6272
77.9817
79.2939
79.8495
78.8622
79.0728
78.8955
77.5111
78.1126
80.4221
79.9686
79.6646
79.4002
78.3787
78.6619
79.8282
80.301
79.6474
80.8328
82.6876
84.1761
86.7847
89.408
90.3866
90.2231
91.6222
91.4649
90.9203
91.2621
91.5394
92.9136
91.1156
91.5573
92.1743
93.1405
92.2371
94.4
94.4741
94.2378
95.6892
94.7537
94.7855
94.3917
95.6998
95.8056
97.9194
96.6902
96.2822
95.4552
95.6767
95.3851
94.7732
93.8256
92.9117
93.0861
94.0869
94.8797
94.2491
95.2402
94.6265
95.5451
95.6078
95.9298
95.6674
96.5486
95.391
96.328
94.6145
95.1932
96.4568
98.0775
97.5822
98.1684
99.7617
99.8823
99.4882
98.1175
97.6564
97.2938
98.8577
98.0362
97.7406
97.4836
98.2356
99.194
98.6907
98.0581
98.8285
98.6994
101.16
100.957
101.021
99.9161
99.9506
102.404
100.451
101.662
103.452
103.315
105.663
104.866
104.566
104.184
103.873
105.83
105.528
104.333
104.223
103.856
100.702
101.086
101.738
101.283
102.195
102.776
102.562
100.867
99.4723
100.86
102.671
102.472
101.433
102.242
101.824
100.682
100.548
101.477
101.361
100.832
101.089
99.8519
99.2086
98.5463
99.6
99.6281
100.61
102.955
102.342
102.522
101.39
101.121
102.74
103.135
103.722
103.863
102.016
103.294
104.539
103.624
103.866
102.258
101.513
103.043
103.378
101.637
101.529
104.619
102.952
101.485
102.623
102.314
100.128
103.195
103.156
103.68
103.851
102.813
101.458
100.923
98.9421
99.9361
99.24
99.2961
97.8205
97.9678
101.281
100.5
98.2063
97.5881
97.3072
95.6244
96.4155
93.6583
94.3885
94.9636
97.7968
98.4636
96.8816
95.8929
94.6084
94.2863
95.6007
96.2403
96.185
98.1858
95.8359
95.7203
93.0979
93.2702
93.6176
91.3034
93.5428
94.9043
95.6506
96.8039
96.2455
95.6279
95.9788
96.8162
95.7393
95.3315
94.4336
95.1489
96.0037
94.1985
95.3541
95.2952
95.028
97.5706
97.1375
98.1172
98.3422
100.035
99.4622
98.1927
99.587
99.6838
98.3404
96.335
96.1625
95.9012
95.86
95.5045
93.5475
94.7587
95.5665
95.6858
96.1761
97.9046
97.6152
97.5981
97.3803
96.7521
97.6257
97.4214
97.9508
97.1905
98.9037
95.7041
96.6752
97.3011
97.5916
96.5451
95.3826
94.7215
94.0957
93.5565
92.1508
91.7238
90.7574
91.3334
93.1724
92.1629
94.0246
92.3801
91.195
89.2406
90.5936
89.9111
90.6719
91.9113
91.0257
89.4929
89.6115
89.48
88.5575
89.1508
89.1507
91.2966
90.9504
90.4689
92.7086
93.457
94.5192
92.9414
92.733
91.7101
91.0927
90.0832
90.5004
90.5481
89.988
89.7883
90.0437
90.1861
89.5569
91.7646
90.1684
88.4936
87.0959
88.2305
88.6717
87.8387
87.7201
87.9169
87.5794
88.4981
88.4008
86.3804
86.2992
87.1789
85.5496
87.0674
86.639
88.3225
88.4328
87.9813
88.7379
86.8729
86.0862
85.353
84.6246
86.1696
84.7835
83.5629
83.079
83.6299
84.2128
82.0726
81.9409
82.0258
81.5674
80.8927
80.1867
80.4927
79.3164
81.787
81.5218
80.194
80.0933
78.9633
79.4092
78.1418
76.7524
76.5625
75.802
76.9616
76.957
77.3329
77.1718
76.7324
76.9954
78.3793
78.3278
80.2308
79.5973
78.056
77.5256
78.3454
79.3198
79.4174
79.7734
80.4682
82.1012
80.8229
81.269
79.7059
81.3741
81.3172
81.5145
83.2829
81.2763
82.8218
83.6759
85.1557
82.1401
80.8354
80.2689
80.8623
79.6133
78.822
78.4472
78.1136
78.4462
78.4472
79.2491
81.6359
82.4035
82.9672
82.0266
81.9287
82.4918
81.3396
81.1869
80.4334
80.4671
79.74
78.3123
78.5839
78.7355
79.413
79.6344
78.2567
78.8593
79.0786
80.8196
81.7801
81.2938
81.5907
81.2397
81.8945
80.4445
79.8387
80.6214
79.1196
