100.772
99.7609
101.703
102.131
102.163
102.424
99.6882
97.7829
98.2167
99.0183
96.9395
94.3862
93.6407
93.0279
93.2356
95.8742
96.0882
95.5549
97.0712
94.5154
94.6346
93.8881
93.5724
94.4073
93.0652
93.6555
92.5207
92.1098
91.7103
91.4779
91.697
93.345
95.7378
95.4804
96.3014
96.5202
96.6908
95.4242
95.1451
95.4529
96.6129
94.9632
94.0518
94.6159
94.538
93.3357
94.7201
96.5527
95.9459
96.5489
95.437
94.0887
94.025
91.9882
90.812
89.3213
90.0838
90.2425
87.4235
86.5526
87.4392
87.4505
86.2947
88.6826
87.9489
86.9441
88.3307
88.8859
88.7156
88.4804
88.7032
88.0629
87.7724
87.7057
87.818
87.4295
86.8526
86.0618
84.4964
84.0965
83.9022
85.8877
83.2631
82.2453
82.6326
82.0552
83.071
83.6793
82.6005
81.7826
81.8183
80.613
80.129
80.718
80.9871
80.2715
79.8973
78.7219
79.6679
80.1892
79.0863
77.8122
78.3202
77.3688
77.8309
78.9235
79.9955
77.3116
77.3826
76.4269
78.5243
79.0323
77.8494
76.5604
76.2761
75.4356
74.2403
73.7285
72.9782
70.7011
70.197
69.7007
68.6379
68.9327
68.4171
67.3372
65.7887
63.8903
65.2424
66.8772
66.0004
65.6216
65.2572
65.524
64.9963
66.2491
64.4846
64.0717
64.1401
63.4052
62.0732
62.1398
62.4293
64.1394
64.0598
63.6774
63.9886
64.6643
64.0406
65.0567
66.2133
66.5001
66.5422
65.4133
65.3002
66.1039
65.6859
66.4406
67.1955
67.5188
68.025
66.9804
65.5019
65.3239
65.9065
65.2255
65.0701
64.609
63.1056
62.8997
62.6146
63.1079
63.5684
63.083
62.9287
62.7956
63.2459
62.9029
61.9202
62.2071
61.0089
61.335
60.21
60.7801
60.8742
61.3439
60.9811
60.22
59.8345
59.442
59.5644
58.4615
58.454
58.0875
57.2398
56.619
56.0992
55.365
56.3034
54.7061
55.8538
55.8462
54.3725
53.4381
53.5645
54.2977
54.4447
53.8001
53.9037
53.4074
53.1132
54.1014
54.5747
55.7287
55.5287
55.5853
57.009
55.9249
55.4434
55.7921
55.4843
55.5976
55.9277
56.5967
55.881
54.7508
54.4751
54.8938
54.1717
53.9409
52.8908
53.445
53.3349
52.8604
52.8555
52.0232
52.1506
53.4408
53.3067
54.5183
55.0754
56.1212
56.5023
56.3371
55.9268
55.2344
55.2359
55.2962
55.4489
54.9146
55.0384
54.4773
54.925
54.8176
54.7165
54.1499
53.3078
52.5662
53.1845
52.4593
52.1944
51.734
52.0145
52.0877
52.156
51.86
50.8216
50.8828
50.1568
50.2266
51.4665
51.009
51.7863
51.3602
51.9208
52.2137
52.838
52.9711
53.4429
53.6509
54.7525
54.4455
54.7624
55.5095
55.392
56.0433
55.9268
55.4308
55.5242
54.3785
55.0412
55.8683
55.8163
55.7486
55.5042
54.8621
52.6813
53.0644
52.8801
52.9313
52.6076
53.2
53.7707
52.9667
52.6181
52.3967
52.3034
52.8909
52.922
53.1159
51.9928
52.3049
53.189
54.0247
53.429
53.7374
54.9792
54.4494
54.6848
53.72
54.0266
53.781
53.6078
53.2931
53.3977
52.7073
52.2355
51.5162
50.932
51.5113
51.5499
51.3077
51.6821
52.8562
52.7189
53.5113
53.5286
53.4216
53.1382
53.4512
54.4173
54.9367
56.0556
55.4046
57.3965
57.7438
57.0743
57.0124
57.1191
56.496
56.1821
56.7545
56.6503
56.7336
56.7279
56.95
57.6415
56.9717
58.4787
58.8214
59.3626
59.5816
59.4706
59.0117
58.5668
59.1091
57.9309
58.9294
58.7325
57.3269
56.5016
58.0241
58.2868
58.8454
58.4614
57.0011
57.3337
55.7601
56.1284
55.8181
54.8995
54.1135
53.4756
53.1424
54.1336
54.4566
54.1977
54.5126
54.5445
53.5261
53.1931
52.4271
51.7095
52.0895
52.5359
51.3974
52.0334
51.7283
51.5191
51.3716
51.6037
51.6516
52.2951
53.1931
54.8584
54.7069
54.7004
55.2014
55.0984
54.7217
54.9001
53.9716
53.499
53.8269
53.0046
52.3168
52.4772
51.7796
52.4706
52.5135
51.7616
51.8667
52.0021
52.0337
52.4935
53.714
53.5475
53.7389
54.7896
54.7653
54.488
54.9806
54.2198
53.8095
54.386
54.0623
55.2328
54.8557
55.4199
56.3507
57.0634
56.5451
55.9986
56.6164
56.5776
54.9055
56.2832
55.3613
56.6539
57.6154
57.9036
57.6243
59.4655
59.3003
59.6882
59.851
60.5224
60.9087
62.552
60.6734
60.5928
61.1339
61.3555
61.0416
61.5889
62.2757
62.4459
62.4942
61.989
61.98
64.3121
63.6726
63.2227
62.2468
62.0439
61.7945
62.7131
62.3475
61.5838
61.4447
61.5473
61.5755
61.5234
61.366
62.8208
62.9276
63.2849
63.9689
63.6838
64.9384
64.125
65.3209
66.6038
66.4017
67.1555
67.4208
68.6864
67.8485
68.0962
67.0157
68.5273
68.6418
69.4079
69.1531
68.8161
69.5501
68.9614
67.9401
69.1941
68.2705
69.5745
70.6278
70.8626
70.3352
70.3254
70.1384
70.1376
70.6142
69.8292
68.6754
69.2618
68.6674
70.331
69.4818
69.9646
69.8125
69.8589
69.2142
71.0508
70.1315
69.5507
68.8502
68.7188
67.6157
67.7731
66.9591
66.1055
67.015
66.7682
66.4629
67.713
67.9868
68.3719
67.6761
68.9711
68.5406
69.465
69.5953
71.6752
72.7438
71.9219
73.0235
73.4508
74.415
74.6717
72.3367
73.0013
72.5335
71.7108
70.556
71.5572
71.9059
74.0894
75.8605
75.9502
75.2575
75.638
74.4705
75.581
75.6606
75.0318
74.1137
73.8849
74.6214
74.4482
74.8724
75.6397
77.1181
78.4941
78.3755
78.6034
79.2429
79.5907
79.1263
80.6467
80.6936
81.8631
82.2714
84.1679
83.7464
84.6792
85.5992
86.5803
86.906
86.8147
87.0178
85.937
85.4002
86.2275
86.9558
