102.617
102.2
100.995
100.826
101.565
103.526
102.633
102.555
102.565
104.208
103.838
103.363
101.076
100.467
102.064
99.4608
98.917
98.5388
97.7338
98.4385
97.9019
97.2886
97.6307
97.5683
98.5093
98.0463
99.1715
99.8369
101.116
100.664
101.938
104.236
102.309
101.733
100.53
100.176
99.7087
100.275
100.971
98.8545
98.2041
99.6818
100.3
100.54
102.617
102.796
100.693
101.941
102.005
101.734
102.515
102.44
105.378
104.442
105.455
105.951
106.582
107.272
108.626
110.326
110.756
109.903
109.392
107.912
110.368
109.976
108.541
105.736
102.076
101.315
101.344
104.223
103.742
105.093
104.072
105.663
105.721
106.117
104.303
104.37
104.019
104.889
107.81
107.619
108.572
106.854
106.872
107.113
106.372
106.399
109.332
110.421
111.704
112.89
115.897
115.137
117.698
118.341
118.357
117.343
115.174
115.46
116.814
114.928
116.098
116.578
115.802
115.329
114.618
115.306
115.258
116.457
116.061
114.437
115.37
115.825
116.863
118.656
118.694
119.009
116.694
115.095
116.966
117.073
117.535
116.792
115.619
119.05
117.822
118.57
116.86
117.675
118.711
116.453
116.515
117.19
115.924
114.821
115.491
115.848
115.405
116.702
116.14
116.113
115.803
115.152
116.841
114.659
113.374
113.17
115.435
114.612
112.66
112.559
114.269
113.904
115.366
115.597
116.371
116.707
118.506
118.278
121.236
119.766
121.128
120.238
121.55
123.012
121.509
122.503
123.031
125.847
126.023
125.952
128.078
130.224
130.365
130.674
129.667
129.887
129.951
131.926
132.263
129.018
128.93
129.482
128.897
128.935
130.238
132.857
130.063
130.822
132.706
129.958
129.571
130.133
129.94
131.782
131.551
131.501
131.289
131.993
132.427
134.375
134.234
134.408
136.213
136.864
134.989
133.959
135.957
138.178
140.398
140.156
142.831
144.077
144.909
146.821
145.514
149.295
151.545
150.953
150.242
150.602
153.364
153.835
152.635
150.995
150.152
150.743
150.595
152.604
150.061
146.561
144.4
143.646
142.499
139.952
139.218
137.734
138.328
140.836
145.187
145.652
146.029
146.083
146.617
143.337
144.156
144.174
141.882
144.465
146.598
144.434
140.773
141.226
138.477
139.197
142.089
141.832
143.663
142.163
142.779
142.297
143.283
140.946
138.943
137.69
138.623
137.291
138.639
139.757
140.927
140.125
141.445
142.495
142.454
143.221
140.677
138.671
142.094
140.371
139.804
136.727
136.946
134.175
137.232
136.271
137.854
139.388
140.574
144.724
143.622
146.291
145.16
145.735
147.07
151.589
150.625
149.728
150.053
148.836
146.148
147.039
146.257
147.967
145.146
145.524
145.677
145.025
142.936
141.847
142.1
142.847
144.18
144.919
143.665
141.17
141.917
140.15
137.477
137.447
138.159
135.66
135.218
133.707
134.783
133.562
133.966
134.091
135.485
135.763
133.581
136.275
135.191
133.392
132.755
132.169
130.556
132.21
133.382
131.447
133.034
134.35
136.339
139.181
138.662
140.375
141.178
141.095
141.595
142.64
143.999
143.42
142.992
141.017
140.773
142.209
141.762
140.092
139.633
140.344
141.788
143.098
142.66
144.047
146.7
144.796
148.404
146.409
150.474
149.088
148.671
147.397
146.627
147.191
143.198
140.293
139.792
139.376
139.53
140.186
139.542
140.988
140.324
141.846
144.524
143.07
142.168
140.873
139.999
139.062
135.483
135.147
136.493
135.504
135.527
134.786
134.908
133.864
133.684
135.746
133.672
134.147
135.631
135.635
134.911
135.025
135.49
136.225
134.104
136.694
135.596
136.445
136.501
137.377
138.397
138.897
140.527
141.795
139.978
140.015
140.551
140.22
139.51
142.108
145.559
145.016
144.838
141.588
143.721
145.071
144.161
144.109
145.516
146.369
148.276
150.092
149.865
151.06
147.349
144.182
142.803
144.839
144.714
143.822
144.649
142.22
138.307
137.907
137.601
137.293
137.984
138.853
136.248
137.54
135.32
133.883
131.472
132.588
135.838
133.864
131.612
133.885
133.619
131.364
132.773
133.695
130.805
130.106
126.798
127.443
124.83
124.256
122.504
125.5
124.343
125.844
128.834
128.712
126.312
125.825
126.032
127.105
127.045
125.539
123.133
122.175
122.701
122.03
121.21
120.338
119.302
119.167
118.606
118.002
119.589
120.135
119.008
120.528
117.739
117.694
118.876
121.293
122.527
122.371
124.245
122.195
121.088
118.401
121.707
121.496
123.028
121.731
121.935
119.755
119.873
119.269
118.588
116.102
115.176
113.076
112.964
113.59
114.362
114.533
112.081
111.511
113.657
113.718
112.011
111.491
112.478
112.672
111.252
112.297
112.953
112.499
112.954
112.756
110.807
110.611
112.479
111.593
110.582
110.521
110.093
109.275
107.565
108.017
109.412
106.913
105.493
106.09
107.413
103.811
104.266
104.26
104.405
103.465
103.41
103.229
106.123
107.123
107.334
107.488
106.379
105.941
107.095
106.282
107.244
107.402
107.656
107.254
107.162
105.647
107.809
106.934
107.303
106.669
106.561
105.467
106.021
106.987
106.995
107.473
107.506
107.814
106.053
105.648
108.855
106.928
107.712
107.966
109.298
110.547
111.686
113.643
112.726
110.955
