101.432
101.927
101.392
100.945
100.542
101.158
101.959
101.547
100.899
100.148
100.115
99.994
100.939
100.46
103.226
105.89
105.715
106.295
105.491
106.125
105.425
105.339
103.168
103.338
103.861
101.291
100.372
102.211
100.068
100.187
97.4785
95.1953
93.8688
93.2862
91.4862
89.6468
91.4456
92.6861
92.0905
92.282
93.5347
93.6629
94.6732
93.7107
93.3607
92.2112
92.1085
91.6752
91.7823
90.8195
91.0519
91.5324
88.3627
87.5061
88.0246
86.9353
85.9638
84.1408
86.7335
86.5838
85.9354
84.7263
86.1327
87.2822
88.5368
88.4009
89.755
89.1894
88.8478
89.0415
88.8292
90.2628
89.1631
90.0381
89.7693
89.9136
90.447
91.1101
90.2488
89.6881
90.3401
89.9174
88.1464
89.1351
89.3048
89.5756
89.8412
90.2148
92.9097
92.6996
92.9559
93.6909
94.5827
96.116
97.4445
97.5308
98.4394
98.5053
100.385
101.315
102.119
102.999
102.582
102.75
104.368
104.235
103.408
103.459
103.72
103.372
101.204
99.4719
98.9224
100.021
101.03
98.2521
97.6467
97.4989
98.5163
100.744
101.525
99.4474
98.8966
98.0652
98.0921
96.7218
96.88
95.7808
95.9281
94.3777
93.6694
94.9224
94.7032
95.3462
94.2842
93.4537
93.504
91.7872
92.9045
92.6888
95.5288
95.4006
95.2773
95.6419
97.3172
99.4116
98.6754
100.323
99.5411
100.426
101.581
100.923
101.124
101.096
100.731
100.976
101.478
101.952
101.538
103.911
102.422
101.678
101.711
101.163
100.38
100.521
98.5606
99.5551
98.0953
97.8882
98.8246
96.8448
96.6381
96.5975
95.1815
95.8971
94.6121
95.4955
97.913
99.8181
99.533
99.4361
101.075
99.2654
98.9238
99.485
101.124
101.003
102.513
104.031
104.796
105.275
105.455
104.107
103.624
102.439
103.2
104.223
103.578
105.033
103.575
105.571
107.081
105.164
103.144
102.84
102.292
101.119
100.293
100.2
101.097
98.6105
100.847
102.133
104.024
101.007
102.55
104.068
102.949
104.545
105.139
105.317
104.73
104.836
103.832
100.473
101.159
102.3
103.349
104.136
103.694
105.624
107.684
107.181
106.965
105.866
106.039
103.818
102.536
101.862
101.832
100.616
100.069
100.298
100.691
101.906
102.039
103.609
106.493
107.368
106.722
105.069
106.145
108.929
110.51
108.527
108.172
105.375
104.87
104.507
104.445
102.461
103.393
104.07
104.638
104.278
103.945
100.71
102.511
101.672
104.352
106.928
107.362
105.939
104.71
104.996
104.354
102.622
102.128
102.625
100.913
101.141
100.535
99.2598
99.6363
97.1753
97.1985
95.1236
94.6058
93.3932
93.7052
93.7682
93.5485
94.4333
96.562
97.8629
98.445
99.4614
99.8239
100.551
101.839
99.3387
100.858
100.417
99.6408
98.6608
98.7207
98.8325
100.55
100.134
98.3347
99.7059
99.3841
98.8227
99.5799
99.6575
99.0369
96.8603
96.7842
96.3978
96.2556
94.4834
92.716
93.943
94.3384
96.2034
97.6021
95.9296
94.2929
91.3586
89.6206
88.5557
86.5435
84.7842
86.3856
86.8443
85.0057
84.1783
85.2869
86.0005
85.4313
85.2852
85.2482
85.006
85.1079
85.5726
84.8772
85.0765
85.7367
84.6749
83.1148
82.8397
82.8442
83.3337
83.7297
82.4481
83.3339
85.1397
86.0804
86.096
86.6473
88.0776
86.9715
85.5528
86.7745
85.8841
84.6068
82.6591
81.8917
81.5968
81.8694
81.5248
80.5418
82.1814
83.9816
84.9869
87.4087
86.5402
87.8613
88.6258
90.867
88.9912
89.0959
88.9752
89.579
91.1741
90.6875
91.4421
91.8586
90.9434
90.7794
92.5856
93.3361
95.0503
94.3974
92.4811
93.0254
92.1707
93.077
93.4929
93.4002
93.4572
94.7179
94.3007
95.1955
95.9233
95.9463
95.0087
95.0353
95.6114
96.2815
95.4535
94.2796
95.5802
96.8137
98.0198
97.5114
95.6588
96.3607
95.7515
97.2763
95.5624
95.6678
97.025
97.9478
98.5642
97.2232
96.4744
96.6816
95.5866
95.8738
96.6549
98.4259
98.7374
97.7076
98.1092
98.0576
99.0296
100.027
99.9609
99.257
101.519
102.518
104.41
104.621
104.22
106.36
107.277
107.245
105.497
105.727
104.136
105.144
104.122
104.056
105.208
106.824
105.974
106.773
105.728
105.1
105.506
106.01
105.748
103.198
102.477
102.364
101.829
101.478
100.43
100.891
100.332
101.153
100.635
99.8764
99.8317
99.2334
97.6022
96.5652
96.7435
98.5859
99.1235
96.8088
97.641
97.6531
98.3218
96.4194
94.627
96.2822
95.3955
94.1829
91.983
91.9166
89.7118
90.0175
90.5992
89.196
90.5195
90.3563
90.6236
90.1318
90.622
91.1313
90.2392
89.0046
89.4528
90.4533
92.2842
94.4282
92.3281
92.3318
92.6306
92.3452
93.2048
95.2363
93.7918
91.5917
91.761
90.6505
89.9403
88.926
89.3749
89.4853
89.3022
91.3658
91.5386
92.0412
92.1191
92.2187
92.6853
92.3304
92.2239
94.4919
95.302
98.1274
97.7254
95.8701
95.9648
97.5465
97.7232
99.8715
98.3943
101.79
102.704
103.206
105.564
103.991
103.749
100.76
100.124
99.3999
99.6253
99.9874
102.142
100.908
99.8467
99.4049
99.9404
100.717
100.951
100.097
99.8554
100.715
98.8116
100.056
99.8932
98.8785
99.1698
99.0599
97.6035
96.5992
98.3839
98.4046
100.388
100.836
99.4372
99.6182
99.4641
102.241
102.787
100.829
100.479
100.146
99.6868
100.149
100.403
102.123
100.985
100.035
100.41
99.6348
99.5303
99.1062
98.6324
99.5149
100.009
98.7995
98.7768
98.478
98.3999
