99.7472
97.8106
97.3445
98.0084
97.6826
94.9052
95.4548
94.9831
91.7813
91.4311
90.7238
90.7583
90.3
87.561
86.3985
85.8143
85.2998
86.9922
88.4488
86.1345
86.0301
85.1727
85.8159
86.2949
86.2624
84.7307
86.4712
86.7464
88.1735
89.2389
88.6905
87.3372
86.4869
85.5742
84.7166
83.3888
84.9746
88.8271
89.1402
90.6623
90.591
90.9822
89.8819
89.7648
89.9377
89.4292
89.1722
88.0232
89.5297
88.8145
88.0758
87.1083
87.6593
89.1372
88.8888
90.4782
89.8204
90.1018
87.8612
89.8284
91.3344
91.709
91.8914
92.3709
90.6824
89.0828
88.1279
86.2343
87.7992
86.3614
88.417
86.0735
85.7325
85.9767
87.2316
86.5249
84.799
84.188
84.5319
83.0371
83.0336
82.5022
82.153
82.8265
82.4579
84.3691
85.0594
83.4658
83.0013
84.56
85.1494
84.9937
85.935
85.8365
87.032
85.7812
84.7844
84.6507
84.2351
83.9287
85.2117
86.6281
85.8546
84.3264
84.2212
85.4419
85.5198
86.7809
87.0446
87.3098
87.4844
87.8483
89.0106
90.6129
89.7911
91.9073
93.2678
93.2627
92.2185
91.2851
91.7823
91.1843
89.9042
89.7071
87.9404
87.7138
87.4269
86.6025
85.2562
86.4253
85.7766
85.3737
86.684
87.8834
86.8236
84.1641
85.8991
85.8811
85.637
84.1907
84.4833
85.1663
87.6913
88.2551
88.2929
89.4688
91.1917
90.6136
92.2306
93.6595
93.5129
91.8269
92.1639
91.5679
93.5352
93.9835
94.5259
95.6884
95.6563
98.1502
98.1452
99.6528
100.206
100.893
101.112
101.494
101.135
100.79
101.131
103.118
102.901
100.818
99.629
100.64
101.195
101.562
100.107
99.4334
99.5371
99.1945
101.131
100.253
101.534
101.386
103.817
103.162
102.238
102.712
102.833
104.622
103.538
102.289
102.182
102.319
101.877
101.943
101.531
103.048
105.573
107.117
107.764
108.962
108.724
109.988
108.945
107.936
109.199
109.272
111.566
110.92
113.134
112.508
111.126
111.974
111.817
111.049
114.859
116.334
115.272
112.45
111.668
112.006
110.971
109.91
108.631
107.272
110.707
112.37
111.394
112.11
110.447
108.215
109.953
110.871
110.446
111.045
113.202
113.663
114.053
114.094
115.16
114.014
113.879
113.913
113.708
112.936
112.754
111.036
110.146
109.169
109.371
107.366
109.111
109.321
108.853
109.175
109.132
109.789
108.149
108.993
105.899
104.889
104.024
105.546
105.734
104.649
104.073
103.81
104.193
105.108
106.799
106.347
106.601
107.534
107.801
107.508
107.264
108.255
108.868
109.256
111.866
113.764
112.768
112.222
109.34
107.8
108
108.157
109.346
108.085
108.786
105.206
106.894
106.793
109.001
108.501
108.857
109.472
108.285
107.95
106.679
104.948
103.339
103.825
102.381
102.821
103.055
104.236
103.168
104.011
105.588
107.236
106.264
103.973
103.231
99.6697
98.674
99.0936
103.045
102.683
101.234
103.567
103.657
104.53
103.648
102.942
103.466
104.252
104.779
104.502
104.876
106.146
105.277
105.746
106.121
105.961
105.81
105.65
105.351
105.149
107.325
107.351
105.596
106.127
108.746
108.473
108.845
109.069
107.555
107.825
107.942
107.788
106.515
105.479
104.354
102.793
101.769
99.8357
101.063
100.838
99.7799
100.505
101.03
100.208
99.9149
96.9954
95.0555
95.5598
94.8994
93.7278
93.7039
94.085
94.2231
94.1027
93.4748
91.7275
91.6205
90.6761
90.8766
91.6868
92.1907
91.754
93.3762
93.1786
93.0957
93.7841
93.9808
93.0607
92.5114
94.2589
94.9409
95.5613
95.0717
94.8915
94.3115
94.8817
94.3769
92.8832
93.0235
93.9434
94.6944
94.4295
95.7743
96.6414
95.8878
95.8258
96.5441
97.4214
99.3861
99.662
100.477
100.65
101.052
100.333
101.185
102.085
102.697
101.713
103.544
104.03
106.398
104.8
105.697
106.416
105.481
103.967
102.512
102.209
102.682
103.189
100.786
101.06
102.413
101.137
101.861
100.614
100.072
100.72
99.0345
100.022
100.761
100.398
102.216
100.862
102.326
102.779
101.426
99.9942
99.9812
97.2877
99.3404
101.724
101.566
100.191
102.039
101.12
101.101
102.224
102.382
100.567
101.393
102.028
102.019
103.994
106.178
106.406
106.41
110.315
110.413
111.24
111.72
113.087
114.143
113.526
113.146
113.206
114.391
114.766
116.284
116.858
118.959
118.06
115.278
116.61
114.656
115.888
117.537
118.563
119.785
120.23
120.205
120.438
120.741
123.857
123.497
122.891
125.01
123.425
121.142
122.575
120.256
117.513
119.617
118.272
118.569
115.262
116.437
118.357
118.724
115.563
117.312
116.861
115.641
114.86
116.285
118.372
117.769
117.241
117.75
119.063
118.016
119.061
120.698
120.839
119.407
117.128
116.96
115.047
116.489
116.335
113.934
116.696
113.751
114.45
112.889
112.86
113.442
113.12
111.3
112.419
113.24
114.167
114.398
114.264
113.595
112.544
110.759
111.669
111.288
109.511
110.69
110.524
109.113
110.129
110.683
113.483
112.377
112.334
114.833
116.752
116.481
117.489
116.557
114.316
116.045
118.921
118.011
118.239
116.784
117.02
118.077
118.701
118.083
115.733
117.317
117.272
114.132
116.622
116.297
116.154
117.24
118.037
119.382
119.088
119.942
121.578
120.414
120.281
118.159
116.276
116.813
115.91
116.791
118.405
118.601
117.824
119.236
121.039
121.135
119.441
