100.223
99.4598
99.2767
100.313
100.998
99.4066
100.262
98.6184
95.695
94.7339
97.3444
97.0413
97.393
98.5703
96.3046
96.4512
95.9422
97.6008
97.5579
96.5613
94.7851
95.2743
95.227
95.8553
96.9783
98.9064
97.2276
96.0636
95.0437
94.6367
94.5962
92.681
92.5588
91.3843
90.1944
89.3397
90.0723
89.2145
89.2268
86.7138
85.3879
86.6966
86.7215
84.1305
85.2654
84.8639
83.0514
82.8414
80.9553
80.7224
79.3879
78.5857
77.6424
78.8905
79.4432
80.7072
80.3591
80.1989
80.3323
79.3965
79.1748
77.9049
78.805
78.3787
80.0736
79.7165
79.7914
78.5575
78.7308
77.9258
76.9831
77.1382
78.2585
77.9486
78.2544
77.6675
79.4386
79.6929
79.7797
78.1144
76.8468
78.1513
78.9459
78.4539
80.0387
80.6538
79.8368
81.3683
80.559
79.0614
79.6295
79.9095
79.9528
80.2181
80.0451
80.8791
82.9689
82.3651
82.9372
83.2855
82.317
83.0683
82.1792
83.6361
81.9454
80.7487
80.3702
81.9382
80.82
80.2929
80.0752
81.3584
79.7664
78.8176
79.011
78.6361
79.452
81.3464
81.4132
78.457
78.5235
79.3024
78.2836
77.7406
77.0584
77.5743
78.3107
79.7845
80.3655
79.9302
79.6729
81.542
80.6739
81.0294
81.436
81.2928
82.9445
83.0647
81.2596
81.4227
82.8955
82.6303
84.3825
84.1016
83.8151
83.5394
83.356
84.4306
84.2621
84.5579
84.4503
82.9628
83.0944
83.3684
81.5812
81.5548
81.937
81.8216
83.3295
84.1024
83.7115
83.3433
82.2451
82.148
81.1509
80.8749
80.8971
79.6085
80.1347
79.9787
79.2195
78.4854
78.279
77.9937
79.5657
79.5337
79.6598
81.8241
81.4934
81.5467
82.2522
83.2439
84.2197
82.4428
81.768
80.8369
81.1304
81.0089
79.9221
79.9445
80.6237
80.9829
82.0627
80.9922
80.6514
83.4676
83.8228
84.1282
84.3192
83.5705
84.2382
84.2788
83.6174
83.2887
83.1015
81.7783
81.5434
80.5356
81.2635
82.0368
83.6208
84.7482
84.8759
83.9943
80.5147
78.3317
77.4873
76.6653
76.1602
75.2629
74.2916
74.3625
72.9646
74.8459
73.3513
72.9724
72.3867
72.9078
73.7833
74.2886
73.9402
73.3868
74.3397
74.9728
75.1167
74.5509
73.7728
73.7629
74.9711
74.4381
75.0781
74.6353
74.2922
73.8105
73.4648
71.7181
69.9324
70.3745
69.4157
69.1675
68.9945
69.3296
67.4389
68.0301
66.9575
66.2506
66.3351
65.9726
66.0981
66.7353
65.6581
66.9617
67.3109
67.5841
67.2867
67.7274
67.6881
67.7173
67.9507
68.3438
66.5643
66.2389
66.5474
66.0199
67.2214
67.3886
66.7981
65.961
65.4485
64.6093
65.7139
65.4969
65.8035
67.1578
68.8671
68.5986
69.98
69.6913
70.3617
69.6328
69.7821
70.1454
71.7532
71.5659
70.6859
70.1969
70.6402
69.1539
67.7475
68.2652
67.2698
65.306
64.5878
64.2299
64.1364
64.0514
63.5862
64.8225
63.9069
61.7693
61.9901
61.9468
60.9116
60.6397
61.2254
61.8469
61.8152
61.9523
60.2455
59.944
59.5444
58.3496
58.8011
58.8366
57.5536
57.1607
57.9002
56.8726
57.9493
57.6875
56.5956
56.4164
55.9945
56.9785
57.3712
56.3934
55.0598
55.0116
55.7313
56.0336
55.4749
55.533
54.5255
54.1166
54.5183
54.9447
53.2199
53.339
53.4631
52.0642
52.2251
52.4028
52.0014
51.6028
51.4839
50.9328
50.4081
50.5289
50.4413
49.905
49.2477
49.0943
49.2217
49.0147
49.7134
50.6841
49.7059
48.5686
49.1229
49.5653
50.0055
49.1229
49.6132
50.051
49.4242
50.2744
50.5267
51.3869
52.3394
52.6371
52.9142
53.5444
54.1328
53.2404
53.2035
53.7722
54.1094
53.3431
53.8105
53.3982
53.6874
53.8889
54.5251
53.7147
53.0891
53.5699
53.6778
53.3874
54.0013
53.3335
52.8312
52.5501
51.9911
54.0906
53.087
53.7285
53.1456
53.1188
51.913
53.0993
52.394
52.4525
51.1443
52.0386
51.8382
52.4972
53.0107
52.6391
52.6347
53.9383
54.4448
54.8018
54.9996
55.3785
55.1692
54.5824
54.7038
54.552
54.7706
54.7751
54.7546
54.2468
55.1958
55.6839
56.1411
56.5585
57.7226
56.502
56.4691
56.9301
57.1076
56.5733
56.9261
56.9978
56.9606
57.1933
57.3033
58.1405
57.8522
58.4569
57.9351
57.7343
57.3324
57.8552
57.6205
56.5749
56.4363
55.5344
55.4569
54.9947
55.3334
54.895
56.2344
54.9791
54.3988
52.325
53.0349
52.3736
52.4574
51.7701
52.0925
52.9004
51.8635
51.9157
51.3382
50.3273
50.1412
49.3282
49.8839
50.1523
50.6856
50.7557
50.8668
50.9046
50.8461
50.6655
50.4199
50.6731
50.9666
50.773
50.9971
50.4103
50.6825
50.0917
49.1475
48.6774
48.9881
49.6517
52.0001
51.8194
51.9593
51.9432
52.32
50.8585
51.8451
52.0755
52.3549
53.8476
54.5068
53.121
53.9487
54.596
54.956
54.8821
55.6871
56.2141
56.8965
57.5263
59.0546
58.968
58.05
57.9214
58.166
58.188
58.0266
57.7966
59.3148
60.3033
59.3492
60.4046
60.8445
59.5912
59.529
58.8159
59.5619
59.4212
58.8024
58.1228
57.8704
56.8708
56.9791
56.1561
56.2358
56.6196
56.7722
56.2891
56.1142
56.9936
57.0303
58.0367
57.8223
58.1162
58.6618
60.5756
60.727
60.6516
63.0588
62.8574
62.6779
62.4926
61.3601
60.8559
61.3635
62.8428
62.8753
63.1759
63.388
64.3602
65.6021
65.9304
65.4439
65.1594
65.9147
67.1241
66.2237
65.0852
65.246
65.7629
67.9672
68.0606
68.9143
68.2349
68.2454
69.4476
69.4357
69.1647
68.1899
68.6168
70.3729
69.5106
70.3393
70.4188
70.6261
69.5975
68.8958
69.4053
69.6487
70.0834
69.9242
69.9226
