100.315
101.308
101.295
103.128
101.81
101.903
101.676
100.684
102.187
103.593
105.222
104.954
105.126
106.046
107.247
106.589
105.263
105.46
105.171
103.525
103.646
103.098
104.406
102.853
103.158
104.368
105.134
107.011
106.579
105.369
105.048
105.177
106.149
107.452
106.987
105.951
106.909
107.053
105.32
106.517
105.727
108.752
109.383
112.391
114.309
112.594
112.774
113.59
113.949
112.753
113.733
115.6
115.151
118.708
116.794
114.963
115.035
113.539
113.275
113.059
115.329
115.877
115.286
112.452
113.769
115.331
115.459
116.157
117.656
117.826
118.833
118.756
121.344
122.158
122.213
125.166
124.499
124.958
124.003
125.689
126.728
126.73
128.716
128.58
126.852
126.828
123.89
124.935
124.835
124.836
124.673
124.666
125.735
121.795
118.653
116.978
116.755
118.077
118.872
120.98
121.823
123.899
123.052
127.042
126.421
126.016
126.215
127.818
130.714
129.219
129.965
128.215
126.602
128.742
130.679
128.757
131.046
134.523
133.625
133.327
134.408
136.803
137.88
135.902
133.624
130.928
130.425
127.975
131.515
132.767
129.161
132.686
133.594
133.4
137.064
137.071
134.856
135.474
137.112
137.047
135.543
138.355
136.26
139.747
139.552
137.711
139.784
141.027
139.825
140.253
139.792
138.292
135.094
136.667
137.764
136.42
137.88
135.357
133.692
135.084
135.859
135.673
135.61
136
133.858
136.258
136.249
136.846
137.995
136.808
137.513
138.413
135.902
138.234
135.836
137.832
137.587
136.851
134.455
133.153
133.429
132.565
133.169
130.305
130.775
132.802
134.285
130.67
129.548
126.836
128.102
130.462
129.895
130.772
132.301
131.154
128.161
129.602
130.168
129.865
128.526
132.439
137.777
137.881
137.93
139.814
138.504
141.307
140.244
140.734
140.577
143.555
139.504
140.425
138.405
137.741
139.783
137.589
137.981
140.771
142.597
145.529
144.753
146.773
146.557
152.341
152.967
152.895
155.805
157.715
159.809
159.547
162.867
161.141
160.462
161.494
163.896
162.829
162.455
161.731
158.818
160.131
160.636
160.673
162.183
166.35
171.096
174.777
171.995
170.359
169.433
170.785
172.089
172.99
175.13
170.421
171.102
171.008
169.658
171.403
170.792
172.44
172.192
173.599
174.643
179.067
178.096
175.733
173.482
177.264
178.418
175.465
176.655
177.594
176.998
179.341
180.679
179.224
178.122
179.888
179.122
174.849
172.138
172.278
172.301
168.394
170.98
171.809
171.652
169.699
170.79
170.322
171.221
173.262
174.277
177.879
175.57
179.38
181.959
183.676
187.466
186.424
186.607
187.527
188.703
189.97
196.281
202.807
204.958
204.462
200.909
207.348
206.395
202.253
200.829
200.455
196.745
198.944
201.166
200.061
202.41
202.057
201.607
202.323
202.398
203.891
204.128
204.704
204.457
208.056
209.705
207.75
211.851
212.254
213.753
209.982
209.324
208.997
207.295
204.259
201.856
204.138
200.905
203.421
202.804
203.095
203.888
204.351
204.036
203.791
207.685
209.022
207.712
206.693
207.513
207.15
209.703
212.28
214.403
219.67
219.755
220.044
220.866
217.519
220.026
220.638
221.35
220.248
221.582
220.902
221.547
230.447
230.718
234.114
238.103
241.45
241.039
240.718
241.441
237.1
233.544
228.606
226.679
227.384
225.105
226.953
221.15
223.77
223.181
223.496
223.163
227.522
230.989
232.956
235.937
239.915
237.197
234.186
230.364
226.389
229.67
224.263
226.557
226.225
220.026
217.946
220.941
222.296
214.428
217.303
216.626
213.129
214.598
217.389
220.401
212.265
214.488
213.504
216.893
214.628
211.038
214.389
216.619
217.705
209.238
209.84
211.349
209.547
208.207
210.779
213.89
211.128
209.204
209.313
214.236
213.624
215.73
218.557
220.635
221.26
218.156
216.798
214.846
216.745
219.612
220.835
220.172
219.731
221.935
221.294
224.118
226.041
224.094
222.551
224.807
223.358
225.347
224.829
224.902
225.655
222.126
224.012
223.471
221.693
218.982
223.809
220.447
224.589
227.085
224.307
224.5
225.833
228.847
228.857
223.877
220.654
222.399
220.693
219.399
216.393
214.079
215.389
211.435
209.633
205.275
204.144
200.512
203.6
201.904
198.647
197.736
199.502
202.6
205.227
205.023
207.84
204.231
199.767
202.525
204.263
202.959
202.237
201.362
197.262
197.046
195.014
197.308
195.647
193.263
193.802
193.419
192.947
195.216
196.173
194.104
194.121
194.799
202.177
201.135
202.054
206.932
205.511
204.3
209.223
212.516
213.515
210.517
210.988
210.429
210.257
212.737
207.692
207.574
212.669
210.726
211.973
213.278
209.775
210.895
213.286
211.065
207.732
208.096
208.873
204.464
203.16
204.389
202.872
202.252
201.608
196.237
195.08
196.055
194.196
190.502
187.809
189.244
187.039
188.122
188.015
183.554
183.483
184.112
187.048
184.45
187.309
185.504
187.892
186.014
184.657
183.289
181.615
185.231
185.827
185.059
186.24
181.719
182.096
184.095
186.609
185.248
186.594
183.991
183.285
182.991
183.385
185.264
179.048
181.235
184.423
186.345
187.88
191.373
188.064
190.64
187.748
186.322
185.611
189.167
188.195
