98.4169
98.969
101.033
101.917
100.573
100.714
100.718
100.021
99.0993
98.7479
100.528
100.047
98.165
99.1296
98.8656
98.605
97.9657
99.1731
98.0451
97.3122
98.461
96.9723
96.8414
95.1265
97.164
97.4378
95.0636
96.5827
97.6494
97.8169
97.6904
96.5448
95.4925
96.9953
98.7414
96.6866
97.2618
95.7625
96.5474
97.2769
98.325
97.6063
99.4093
99.6722
97.4574
98.8254
100.039
100.812
100.121
101.193
103.84
104.464
101.907
101.343
102.927
101.466
102.685
101.92
100.622
100.686
98.9266
99.4022
100.173
98.9835
97.0393
95.1324
96.3965
97.1958
94.4649
93.128
94.8942
96.1974
97.9917
97.8774
99.1716
100.317
101.727
100.649
100.197
100.104
97.7998
97.1204
95.5307
93.6064
92.2614
91.1692
90.4281
89.819
90.961
89.8967
88.3951
89.8917
88.3056
87.6373
84.9735
85.0861
86.3346
84.594
86.0781
85.7048
85.726
83.2288
83.9925
83.0734
84.0262
84.0169
82.5428
82.6385
83.085
83.2467
81.7992
81.2871
82.0802
83.0216
83.5735
83.8739
85.2413
85.3383
83.9353
82.8979
83.4308
84.8432
85.2063
83.6382
84.7589
84.8307
84.7319
83.3867
81.888
81.4686
81.3562
80.9733
79.3869
79.6203
79.4091
79.2228
78.161
77.8989
76.9855
76.9804
76.1495
74.6186
74.0491
74.6811
74.1812
74.422
74.5008
72.798
71.6533
72.9008
73.8765
76.0639
76.6673
76.9457
75.4376
76.3482
76.9433
78.8209
78.2306
79.5774
80.2998
80.109
80.7105
83.5993
84.0399
84.5073
86.0079
86.3973
86.7835
89.0853
90.3424
89.6884
91.1382
90.9739
92.1633
92.7342
91.7426
92.1546
93.026
94.0694
95.6873
95.4658
95.5999
95.5089
96.1507
95.801
93.2078
93.004
93.5211
95.5497
95.5371
95.4453
95.5113
95.9204
95.995
96.8015
96.6909
98.0158
100.053
100.854
101.794
100.991
102.153
101.142
99.304
97.5182
99.6643
99.7928
99.8596
99.3397
99.6638
99.7295
98.4932
95.8353
96.1583
95.875
98.1234
99.3701
100.509
99.9483
100.175
99.9004
100.011
103.63
104.147
101.975
101.156
98.7242
99.9492
100.628
100.426
100.288
98.7908
97.899
100.021
100.469
101.815
103.604
103.679
103.322
104.856
104.178
102.519
103.455
101.327
101.662
101.874
103.393
104.563
104.233
104.86
105.235
107.144
108.334
108.398
111.641
111.524
112.146
111.375
113.694
112.358
112.533
111.602
110.703
111.62
113.086
111.476
108.955
108.095
107.655
108.936
109.674
109.636
109.017
110.033
111.257
112.038
114.328
114.034
114.692
116.145
115.876
115.537
114.023
115.768
117.485
118.895
116.914
119.311
118.895
121.005
119.665
118.452
120.978
119.696
117.352
118.129
117.686
115.814
116.838
117.137
115.323
115.759
116.518
119.056
117.928
118.892
118.081
117.91
118.027
117.07
119.001
118.759
117.149
114.453
113.617
112.635
111.041
110.909
108.291
106.24
107.294
108.226
105.964
104.769
104.452
103.447
104.076
104.759
103.948
102.756
102.175
101.57
102.057
102.967
102.344
104.567
105.383
103.904
103.917
103.153
103.017
103.721
101.687
103.11
103.583
105.223
104.179
105.175
104.941
105.086
106.106
104.324
105.054
107.23
106.771
107.033
108.312
107.42
108.062
109.623
110.126
110.813
110.674
108.976
107.142
107.603
107.695
107.64
107.419
104.176
103.204
102.193
100.734
102.789
103.493
104.594
104.954
104.932
106.916
106.904
107.447
108.02
106.445
105.395
104.469
104.805
103.154
103.223
101.937
101.767
101.139
100.446
100.527
99.6695
99.2857
99.9207
99.866
99.7562
99.9708
99.2114
99.7431
102.062
102.513
102.583
101.465
102.382
101.045
98.9402
99.6588
100.207
99.273
98.4415
96.1072
96.1507
96.1528
94.5909
94.3569
94.4215
93.6393
93.6102
93.5347
92.6417
95.0823
94.5046
95.1083
94.9614
96.9265
98.087
97.3986
96.4937
95.2657
96.9046
98.6968
101.726
100.116
100.92
102.443
101.107
99.1139
100.387
99.525
97.8812
97.6256
94.833
94.1315
94.4154
90.6995
90.2398
90.1587
88.0557
88.2234
87.7437
86.8695
87.7517
87.2151
86.8836
85.3895
85.2003
84.8681
84.9603
84.482
84.214
83.5489
82.8684
83.2027
82.7211
81.7382
80.3647
78.8483
77.8746
78.64
78.9207
78.0395
77.6188
76.3115
76.7277
76.0505
76.6144
76.1735
75.7446
75.0535
76.3813
76.8939
77.1028
78.3476
79.1629
77.0756
76.9351
79.1582
79.5696
79.4954
78.5754
78.6634
80.5369
81.082
80.5926
81.2028
81.4635
81.7579
82.4289
81.0089
83.3713
83.9361
84.416
83.963
85.724
87.3477
86.6743
84.9937
84.7821
84.764
84.3289
84.0007
84.5166
84.0727
83.1465
84.5458
83.0241
82.7726
82.667
82.4595
83.5953
82.3688
80.9376
79.6574
77.3665
78.0004
77.887
78.6337
76.825
77.8865
78.28
80.4566
81.5664
80.0043
81.2553
78.6823
80.0708
79.6987
81.0668
81.1413
80.3
80.7041
79.5622
78.4645
79.0149
80.5237
79.9528
80.8527
79.0107
78.424
79.0523
80.4463
80.6051
80.4542
80.444
80.959
79.2761
78.8254
78.0389
76.6228
76.5887
76.646
77.2104
76.6391
79.0844
78.296
78.9613
78.3814
78.4481
78.2916
78.0467
77.4799
78.1103
77.8792
76.8825
76.8994
78.8353
77.3591
76.2984
74.0306
74.3188
75.0973
74.8059
75.4544
75.9401
76.2856
75.4934
74.5326
72.6104
71.0845
70.9514
72.1001
72.9183
72.9102
73.349
73.8758
73.4185
72.8045
