100.444
98.4861
97.7768
96.0446
96.3445
97.1784
97.5208
95.0575
95.177
94.4826
95.4265
93.3619
93.6504
92.0875
93.8262
94.204
93.6566
93.5715
92.3619
92.6642
91.8713
91.8334
91.7456
90.4755
91.6135
90.4652
89.8691
90.7773
89.026
88.7781
87.5569
87.4291
87.8309
87.2365
87.9582
87.5694
89.055
89.7119
89.813
91.1264
92.4046
92.3434
93.0563
93.7752
94.9905
96.3675
95.4103
96.5861
96.6175
95.8896
97.0493
96.2189
95.9985
96.5215
96.1041
95.8204
95.2929
95.7364
94.9622
93.1496
93.4396
93.9507
94.0935
94.4944
92.4966
90.5451
92.0539
92.7443
90.9334
92.3848
93.1272
92.7616
91.982
93.7578
92.923
91.3993
92.4868
93.739
94.3578
93.7358
93.8591
95.1395
95.664
98.0318
97.0766
97.9169
96.8291
98.233
98.0371
96.0995
95.5562
96.473
97.2536
94.7209
93.1691
94.8128
95.5706
97.212
96.6923
95.8348
96.414
96.7629
96.0837
97.4155
96.0558
96.2154
96.0718
95.9219
96.1003
96.0818
95.405
95.3519
96.8983
96.3579
95.6854
95.7389
94.6324
96.188
96.5744
95.2629
98.131
98.9263
98.8082
99.355
99.4209
99.9851
101.193
100.28
98.785
99.107
99.2982
99.0166
99.6222
99.7311
97.2658
95.9296
94.8034
93.3343
93.7898
91.981
92.2422
94.2739
95.3861
95.0948
93.0026
94.0992
95.8428
95.5276
97.0391
95.2722
94.72
93.7534
95.8885
97.2386
97.553
97.1099
97.615
97.8152
95.8786
97.3873
98.1756
99.6679
99.7334
99.4793
99.8606
100.969
100.432
100.885
102.756
103.842
103.879
103.391
102.575
101.262
100.993
101.994
104.036
105.179
101.965
102.538
102.116
100.221
98.1417
97.0078
98.2345
99.6464
100.592
101.481
101.914
100.958
100.117
99.777
97.7251
97.3854
97.1752
96.6385
96.5783
96.5885
96.0899
97.6052
97.1443
96.3372
95.5342
96.2733
96.9249
95.9281
96.2597
97.0475
97.0426
99.5376
100.696
99.0098
97.9064
98.1198
97.1036
98.5317
101.042
100.723
98.7286
97.1465
96.6475
96.1049
95.8656
95.626
96.168
96.8392
98.3821
96.4564
95.2478
95.6664
95.0824
92.247
93.2632
94.5615
93.9046
96.9977
97.5309
98.6697
99.238
98.6089
99.1079
98.4321
100.811
100.558
101.003
100.93
101.511
99.6071
101.723
101.204
100.787
101.11
99.4422
98.7064
97.6045
96.024
94.3404
95.0803
94.7067
93.6357
95.0875
95.8684
97.2016
95.9015
97.1937
96.342
96.0237
96.4478
97.7845
97.8123
97.3147
96.6978
96.0675
95.8525
95.1676
93.8104
90.4676
90.1018
88.5794
87.8494
87.0498
86.7553
87.0449
86.9775
89.0945
87.028
87.5338
89.1277
89.28
89.107
90.8547
90.3939
90.7346
90.8121
92.5811
91.4847
92.5777
92.9156
93.9505
92.2498
93.8185
94.2418
94.384
95.79
97.2116
97.4692
95.7047
96.0441
96.6318
96.2553
95.0166
96.0462
95.7588
94.5874
93.5046
93.6739
94.0433
91.5941
91.1449
91.3854
93.0606
93.5833
94.1856
94.4949
94.7008
92.5587
89.7287
89.418
88.8534
89.6033
88.9201
89.0352
90.7713
90.5752
90.6113
89.2181
89.3707
90.7557
91.5125
90.9099
89.4207
89.6883
90.3799
90.4527
90.8521
90.3874
89.8035
88.0237
88.9522
89.0389
88.4351
88.1414
87.9175
88.0579
88.4806
88.0473
89.6987
90.6069
90.542
90.1847
89.1046
88.8811
87.8203
88.5265
88.4143
88.4555
87.247
86.7064
87.0135
87.2447
86.2657
87.0924
87.2776
85.8218
85.6035
84.9644
85.6364
85.016
84.4714
83.7528
83.9725
83.7986
83.9383
85.003
86.0869
87.0225
89.8521
89.5402
89.9984
88.4166
89.5048
88.9899
90.7136
91.2781
93.3612
91.119
90.4038
91.6202
92.8961
94.8432
93.6621
94.6542
94.3144
94.0266
92.2415
92.3212
92.5869
94.0857
94.5588
93.2211
93.1368
93.1799
93.1503
92.326
92.806
94.7102
94.4747
94.355
95.298
95.795
94.4852
93.783
94.3769
93.2824
92.9161
91.9741
91.2349
89.8132
91.5867
89.8977
88.2643
89.2868
90.0981
89.7317
88.0383
88.3872
88.721
88.0155
89.2484
90.9573
91.2904
92.5507
93.958
94.7862
94.4054
93.1446
94.1894
94.5044
95.6796
94.8233
95.4673
96.7292
97.487
97.3238
96.2517
95.3727
96.2473
96.5228
96.9981
98.2324
98.047
96.6485
98.4303
97.3742
95.6205
94.1397
94.8248
93.7475
92.6404
91.9443
93.4672
94.2039
93.3449
94.4441
96.0333
94.7488
93.206
92.033
91.7272
90.5532
89.8509
91.4446
90.9505
92.1537
92.7771
93.2936
94.1045
94.6536
95.7208
96.3592
96.056
94.5892
96.1977
97.5737
97.2469
97.8243
98.1965
97.8187
99.382
101.917
100.354
101.409
100.462
100.545
101.615
101.218
101.533
102.984
104.724
104.104
103.154
103.746
101.388
100.101
100.294
99.996
102.055
102.246
101.448
101.911
103.79
101.977
102.114
100.317
101.097
100.637
98.354
98.8177
97.136
96.6143
95.3814
95.3273
95.5803
96.3399
96.7735
96.3346
96.521
95.9731
94.633
94.9838
94.0308
93.9028
93.4392
94.8954
94.8744
94.9572
96.1962
98.4738
98.0017
99.6796
98.9253
100.541
100.733
102.566
102.702
101.504
102.95
102.335
103.883
102.712
102.194
101.782
102.054
101.718
103.267
104.239
105.387
105.372
105.953
108.966
108.015
107.643
106.917
104.686
103.735
103.942
101.837
104.561
105.737
107.051
106.661
106.175
104.421
104.71
104.241
105.3
104.27
105.844
106.54
107.023
107.015
105.991
104.804
102.967
102.426
99.0542
98.6637
97.9185
97.658
97.0809
