97.317
97.4659
98.2956
97.777
97.9695
98.5084
98.0483
97.8126
100.363
101.428
100.703
99.6043
100.549
100.013
99.0155
98.1747
96.6085
96.4059
97.5857
98.2331
100.291
100.742
100.854
101.474
99.0495
98.5856
99.1125
99.7707
102.358
103.081
101.201
102.309
101.459
102.419
104.01
103.667
100.161
99.3596
99.4534
100.185
100.313
98.5714
97.6164
97.5392
97.7378
97.1445
96.7495
94.8337
95.3972
95.7273
95.6923
96.5206
98.1258
99.0307
97.351
95.0205
92.2326
91.874
92.6956
91.9468
90.3721
90.778
89.9086
90.5441
92.3056
92.4088
93.422
91.1616
91.8952
91.1731
92.3103
93.2849
93.9633
95.2147
93.0016
93.7498
93.5916
92.8205
92.6129
94.2146
94.1102
93.4612
94.1924
95.7469
97.5294
97.486
96.2812
97.6971
96.8476
98.5357
98.0161
98.2951
97.3973
97.4684
98.2617
98.8953
98.9999
98.3745
97.8295
99.5603
100.739
99.3501
97.8071
97.8612
99.7167
101.263
101.639
100.913
99.4454
98.1529
99.4197
100.893
99.4081
97.5723
98.4841
98.0168
99.0807
98.9501
98.3265
99.2856
99.2532
99.3932
100.286
101.003
99.2012
97.7866
98.1366
100.038
99.1264
99.6345
98.1498
97.6776
98.3553
98.6221
100.666
101.091
101.733
102.366
105.137
104.694
104.303
104.14
102.895
102.254
103.898
103.538
103.399
102.332
101.081
100.721
100.46
104.907
106.638
104.775
102.454
101.979
102.084
102.682
101.6
101.338
101.268
102.29
99.6599
100.217
101.188
103.128
104.593
104.342
105.26
103.401
103.057
102.23
101.779
102.166
102.927
103.045
101.607
102.772
103.134
104.645
106.818
107.65
108.519
109.949
110.368
110.433
109.952
111.298
110.287
110.323
109.11
109.537
109.381
108.333
108.178
110.48
111.41
113.172
113.469
113.809
113.133
112.385
112.313
111.008
108.241
108.125
108.832
109.268
109.871
107.765
106.373
107.765
107.817
105.912
105.52
105.813
106.573
105.034
103.367
102.974
103.71
104.671
103.23
101.92
101.597
98.5289
96.9889
98.0086
97.9596
97.1054
95.3993
97.1059
97.0071
95.2859
95.9366
97.5932
99.1133
100.168
103.426
102.54
103.01
101.155
101.394
99.8303
99.6704
100.659
101.95
100.49
100.983
101.506
99.7765
100.32
100.049
100.013
100.242
102.117
103
103.887
102.632
102.203
101.841
103.29
103.187
100.182
99.6601
100.709
100.349
98.02
101.2
102.867
102.387
100.466
100.194
101.341
100.598
100.231
101.419
102.807
102.621
102.936
103.059
104.626
102.448
101.811
99.7307
101.011
99.94
100.645
101.641
101.172
101.393
101.161
101.659
101.838
100.8
100.315
100.079
99.3082
99.3815
101.304
103.194
105.261
107.046
108.959
108.961
108.422
108.142
107.579
108.637
109.413
108.165
109.411
110.667
110.584
109.207
110.187
108.892
104.623
103.978
104.046
104.161
103.097
103.368
102.384
101.577
100.291
100.82
100.946
101.888
103.107
102.695
103.652
103.963
103.982
103.017
103.603
103.397
104.057
102.164
103.142
104.029
103.444
103.358
102.901
99.3112
98.2538
99.1274
99.7027
98.2315
94.8844
95.2591
94.6813
96.2605
94.5089
94.3838
96.28
99.0512
99.2178
99.7449
98.8865
100.468
98.5667
98.1141
96.7457
95.0382
95.0301
94.7565
94.9786
97.158
96.7849
97.5238
95.3914
95.4746
95.0983
96.4132
97.0395
97.3384
98.0282
98.6224
99.7402
100.567
97.0365
95.8817
96.7241
101.161
103.534
102.298
101.453
100.123
102.321
101.987
100.187
101.534
101.344
101.027
98.9157
97.5865
96.2324
98.1871
100.277
99.9165
99.2449
97.421
97.1467
98.6866
99.4243
100.412
102.651
101.796
104.771
104.923
103.97
102.226
103.154
103.085
101.435
101.415
101.51
103.742
102.217
102.314
103.539
104.404
106.257
106.16
106.671
104.267
106.084
105.254
103.781
106.011
106.411
107.916
107.93
108.654
110.945
111.643
110.061
111.84
110.506
110.156
107.718
109.208
109.698
109.279
107.478
107.985
107.701
108.775
109.444
110.214
108.595
109.481
108.237
110.108
111.094
111.516
110.316
110.56
109.26
109.417
109.321
110.693
111.179
111.234
109.799
108.397
108.038
106.08
104.962
106.358
105.743
105.068
105.787
104.787
103.319
103.434
104.584
104.95
105.725
103.812
104.022
102.226
102.564
104.508
103.907
104.89
103.398
101.461
103.594
105.487
104.719
104.677
104.969
104.862
103.649
102.637
101.818
101.201
101.753
101.104
101.871
103.011
101.569
103.024
103.071
104.552
104.433
105.395
104.962
104.78
103.981
101.699
103.471
103.887
102.08
101.631
101.48
102.187
102.591
102.274
100.421
102.664
102.507
102.309
103.041
103.011
103.112
101.696
100.174
101.687
100.422
99.8325
99.5566
99.5107
98.7344
98.2769
97.8814
100.235
99.8432
100.048
100.891
101.596
100.742
101.019
98.9835
101.734
102.988
100.416
99.6432
101.864
100.539
102.293
104.501
104.699
102.148
100.555
99.2298
96.9925
98.3417
98.0918
97.5703
98.0754
97.3006
96.5465
95.8042
94.9341
93.0854
93.9918
94.581
94.9002
94.6454
95.3737
95.3845
94.8432
94.425
93.4889
91.9169
92.2569
93.4201
93.4598
95.7537
96.2206
98.4381
98.8101
96.3926
98.2596
98.0709
98.3004
98.1597
100.13
98.9485
98.4349
95.0243
94.9441
96.172
95.2183
94.9815
94.4441
93.9952
