101.401
102.44
105.663
107.464
107.517
110.354
112.316
112.578
115.144
113.879
113.252
114.63
115.324
114.754
115.729
116.835
116.287
114.673
114.483
112.057
112.999
114.181
116.263
118.88
116.567
116.222
114.098
115.519
113.445
113.112
114.051
111.18
111.815
111.198
111.75
111.101
111.038
110.752
109.038
108.102
108.71
108.178
107.84
107.025
105.796
103.474
103.249
103.948
102.999
103.715
103.699
103.736
102.226
104.679
105.173
104.413
105.691
107.042
104.998
105.625
107.717
109.027
109.166
109.47
109.56
107.442
106.721
106.151
105.561
105.107
103.823
105.958
106.232
105.262
104.857
102.641
101.938
101.877
102.56
102.52
101.307
99.6697
98.2576
100.859
100.589
102.108
102.225
101.133
102.581
101.259
100.925
101.585
102.114
100.854
98.9241
101.049
100.048
99.181
97.4231
94.9909
95.1064
95.3838
95.3803
93.4474
95.5357
93.1924
91.3202
91.8158
89.4195
89.1409
91.0895
88.1438
87.5146
86.9252
88.0179
88.9529
88.6764
85.9925
85.3601
85.1938
86.1673
84.5883
84.8223
85.913
85.178
85.1371
84.4207
83.7095
83.362
84.5691
84.6406
84.6068
82.8761
84.9674
84.0622
83.4857
83.8718
81.7247
81.9986
82.0152
81.113
80.3733
80.7851
82.0334
82.7281
82.3296
80.1058
80.6042
80.2046
78.7474
79.8886
79.886
79.9382
79.9749
79.7367
78.1955
78.6873
79.0155
79.3928
78.9889
77.9081
78.2455
79.8388
80.619
80.331
81.5048
80.0775
79.6221
78.1899
76.8372
76.1792
75.981
75.2891
73.4118
73.0417
73.8759
72.9012
71.9549
72.2207
71.7667
73.302
71.9024
72.2392
74.3987
74.9375
74.8897
73.7512
74.1021
75.1989
75.4085
75.0283
75.2446
72.9029
72.7213
73.9014
74.5738
74.3411
73.0788
72.9933
72.249
74.138
75.7588
73.4667
73.4792
73.6933
74.5369
75.0392
73.6478
75.1944
74.4651
75.0429
74.0269
75.6207
75.1854
74.0405
73.0687
73.6456
73.2349
72.6847
72.2573
71.1736
70.2681
70.9965
72.8185
72.9574
72.5786
72.0694
72.2889
73.8242
74.8793
75.4166
75.3064
74.6619
75.266
75.6289
75.4716
73.6689
72.6372
72.0205
71.649
72.8261
72.9659
71.6271
72.0962
74.3491
74.0312
73.9192
74.2695
73.0664
73.8432
74.138
74.4357
75.3529
75.0857
74.2646
73.778
74.2958
74.9652
74.3959
75.6685
75.2626
74.8673
75.2117
75.8378
75.2982
74.5141
74.835
73.8917
73.6339
74.5043
74.4908
74.5082
74.5077
74.2104
72.1346
73.253
73.7845
71.3326
71.5048
69.6809
68.1575
69.3221
71.5136
70.7158
70.1264
69.1436
69.3764
69.5519
69.5398
68.9112
69.4543
69.8828
71.1955
71.5743
71.4829
72.2607
73.1731
73.0623
73.9625
72.0643
71.4004
71.9611
70.2613
68.4759
68.188
68.0716
67.9303
66.8747
67.2153
65.1485
65.0698
65.4421
67.0296
65.9544
65.7485
65.1763
64.8764
63.7699
63.2204
62.7706
61.643
61.7918
61.9654
61.9966
62.8287
62.6115
62.0915
61.9483
62.521
63.1755
62.0313
62.5831
63.0222
64.6801
64.8097
65.9191
65.7449
66.0723
67.4741
67.5387
65.8747
66.4014
65.9211
65.3385
64.801
65.1517
65.9504
66.7889
65.64
66.6236
67.905
67.5176
67.3286
67.8391
68.2857
68.4097
68.008
67.2779
67.2348
67.4545
66.5826
66.9947
66.4426
66.1076
64.732
64.0939
63.6938
64.2566
65.1292
65.4037
64.2582
64.1898
65.4432
65.3989
65.7881
66.8674
65.8287
64.9645
64.6682
64.5863
63.9381
62.8893
63.6547
64.5625
65.0246
64.1915
64.4365
63.4262
62.1768
62.4773
62.3074
61.292
62.5139
63.0666
63.9761
64.4924
65.2116
63.8992
63.0787
64.025
63.5362
62.606
63.3198
64.6746
64.5998
64.7967
64.9385
64.2249
64.372
64.4398
65.2739
65.1784
65.4875
65.7504
65.6834
64.1672
63.3712
64.0979
63.9657
63.3135
64.3762
64.4039
63.7627
64.7195
65.7292
64.657
63.7566
63.7205
62.6223
64.2844
64.3843
64.1532
64.3498
64.4823
64.0949
65.0282
64.7147
65.5545
67.5189
67.6134
68.3669
69.0197
68.6592
67.9098
67.5399
66.2834
65.9674
65.8689
66.0765
67.0177
66.9417
66.6488
67.3
68.7508
68.4999
68.1682
69.5639
70.7715
71.3709
70.9896
70.8529
70.3647
71.0616
69.982
69.141
71.3338
71.5363
72.495
72.2118
71.7044
71.868
70.6492
70.3496
69.1944
68.8801
69.7204
69.1126
70.1948
69.6127
70.9816
70.3557
69.9314
69.1782
69.0328
69.9221
70.2072
69.8833
69.7919
70.1418
70.5488
71.5117
70.9927
70.0603
69.5841
68.3491
68.0536
68.376
68.1991
68.2609
67.9972
68.4335
69.0362
69.7734
70.8702
73.1827
73.8261
71.8291
72.1026
72.8863
72.0462
71.4703
71.5647
71.1211
72.138
70.504
70.021
70.241
69.9582
69.9448
68.8383
69.5138
67.9809
67.8062
66.3598
66.6771
67.5827
67.9319
68.3633
67.7603
67.5976
67.2022
67.2734
67.4013
66.3884
66.0901
64.5807
64.9456
65.6746
64.8659
65.0807
64.7955
65.7902
64.9979
63.4509
64.7379
65.9781
67.2682
67.9451
67.0399
68.2795
68.128
68.3073
67.6125
67.4813
67.4827
66.8687
66.2349
64.6638
64.3345
63.2921
63.1385
62.076
62.8025
62.2855
61.7516
61.8283
62.0263
61.7538
61.885
62.1627
62.6487
61.7358
62.2982
62.4466
61.8232
60.3993
62.2008
61.1984
61.8138
62.2517
62.6589
61.8905
60.7812
59.9409
58.7976
60.2093
61.09
62.0572
62.938
62.0226
61.2517
63.1412
65.1829
65.2562
64.7816
64.9747
65.3121
65.6968
66.1503
65.3541
