98.6287
99.887
101.579
101.153
100.935
100.902
99.4461
99.2302
99.3337
99.6358
99.5591
100.099
100.832
103.185
102.758
102.952
102.957
102.851
102.275
103.269
103.741
105.833
105.99
104.906
105.341
104.133
103.642
105.646
104.682
104.303
101.369
102.056
101.654
100.95
102.111
102.644
100.109
96.8237
98.6615
98.3081
97.3732
98.8115
98.6313
99.16
98.8798
98.9926
98.8892
100.324
99.5335
100.501
101.471
100.966
101.049
100.204
100.636
101.625
102.555
103.159
105.016
104.982
103.864
101.325
103.363
103.279
105.325
106.742
105.961
105.333
104.725
104.536
104.025
104.751
104.509
106.315
104.309
102.678
102.026
103.425
103.898
104.621
104.151
103.667
104.942
103.83
104.61
104.9
104.129
104.332
106.069
106.635
104.947
105.384
104.911
107.878
106.419
109.21
108.687
106.971
103.425
103.955
105.59
106.332
105.924
104.738
105.802
105.965
102.976
100.072
100.559
100.832
101.899
103.443
102.666
105.291
104.118
104.844
103.404
103.362
102.6
103.329
103.7
103.874
102.305
102.79
104.26
103.364
103.273
102.806
102.13
101.438
102.793
101.988
101.955
102.38
99.8689
98.0686
100.482
99.2563
97.9321
97.5418
98.4646
98.2031
99.431
101.49
99.9395
97.9037
95.6194
96.1444
96.3868
94.8543
93.9131
94.5462
93.137
94.2553
96.5556
97.3541
97.5402
97.8264
97.7709
97.4018
97.7055
98.0204
96.4594
95.8311
97.1249
95.8716
97.4305
97.4044
94.4848
95.9471
95.7301
96.8351
94.8696
95.5606
94.8555
93.6277
92.6554
92.4222
92.0492
91.077
91.1503
92.8417
91.3186
91.3677
91.6288
91.5366
93.1194
91.3442
90.6494
90.2137
88.3108
89.1706
88.7209
88.3475
88.3799
87.8561
89.1073
88.6576
86.8067
88.9006
88.8335
88.3471
90.0573
88.9086
88.9314
88.1013
89.74
90.8153
91.8765
92.0964
92.4111
92.2713
93.6069
94.0814
93.4978
93.1661
93.5161
93.0806
91.5719
92.9036
93.0789
93.0951
93.5828
94.3418
92.1178
92.7174
92.8534
92.6826
93.652
91.7434
90.6474
90.3553
89.6722
90.7804
91.4964
92.9507
93.1577
93.7598
91.734
92.1559
90.8235
90.1615
91.8303
92.5264
91.9982
91.949
92.177
88.6922
88.5865
89.9751
87.7692
88.7817
88.4664
90.2635
89.9824
91.8891
90.9587
88.9028
89.1128
89.4255
91.7044
91.3152
91.7007
91.7529
92.9801
92.5811
91.4969
91.6627
93.3547
93.8067
94.2227
93.0937
93.1974
93.4154
93.8436
93.0929
93.1638
93.3558
92.8852
92.2798
92.5977
93.1564
92.5653
93.897
96.6061
97.6885
96.077
97.3753
98.9672
99.2889
99.7219
98.1936
97.8112
97.8368
98.2887
96.6266
97.5005
99.1774
97.7093
95.37
94.0984
95.3258
96.8109
97.6448
99.3432
101.599
100.389
99.5109
98.3033
99.0405
97.933
98.4479
98.312
96.9847
96.9443
97.4353
97.3714
97.2445
98.8955
100.911
100.74
100.807
98.8014
102.848
101.89
100.643
99.6785
98.8872
99.7917
98.967
98.3272
98.8713
97.3355
98.9519
96.8866
97.3228
96.7549
95.5449
94.6911
94.5846
94.8153
94.1354
93.5532
94.3755
96.7899
95.0848
94.3148
96.8595
94.9137
93.6401
95.2484
94.2394
93.1958
92.9142
92.9683
93.9262
93.4596
91.2433
91.6242
92.8601
91.4634
89.7607
91.0248
91.4643
88.8155
89.217
89.4632
89.3302
91.1053
91.6353
90.5515
88.5111
88.438
88.7376
86.1668
86.6415
85.2316
84.5674
85.7996
86.6938
86.849
87.5643
86.8804
83.5977
83.0592
83.2681
83.6906
82.5962
81.5032
80.5384
80.4587
80.2415
81.734
81.707
82.2053
80.888
78.7251
79.8177
79.2925
78.7038
78.4425
77.8455
77.3309
78.4836
78.6431
78.9544
78.5411
78.7469
79.5793
78.873
78.2901
78.9838
79.5089
80.4486
78.6484
79.2434
80.3727
80.1244
79.2375
79.7532
78.6845
78.3537
79.0548
80.0402
80.0232
80.7181
81.9746
80.3834
81.5573
81.7723
81.2736
81.1352
81.9006
81.4149
82.1868
80.8063
80.871
80.6858
80.1884
81.7661
79.2688
80.3228
80.1254
79.4241
80.0184
80.8686
81.3281
82.7901
82.0036
81.6319
83.2021
81.8372
82.3258
81.505
83.2774
82.1848
83.8942
82.2109
84.3924
84.4162
84.645
83.7871
84.3724
83.4237
83.2688
81.6972
82.5599
80.6866
80.7617
79.3495
79.7013
78.7098
78.3441
76.4859
76.4358
76.2849
76.4489
76.2738
76.2553
75.7244
75.5185
75.169
75.4252
75.8249
77.4453
77.9288
78.4281
79.8825
79.9414
82.1245
81.3991
82.4733
82.6874
81.7565
81.1717
81.1431
81.8599
80.028
81.1589
81.8882
82.1321
80.2698
81.4073
81.8521
81.7999
82.9673
83.6926
82.6216
82.3638
83.8055
84.4739
84.6464
85.5595
83.2887
82.9972
84.5923
83.2632
83.5237
84.5904
85.0131
83.7329
83.8797
85.0158
83.7372
82.817
82.2345
83.673
83.078
84.6495
85.7913
83.544
81.5477
80.6704
80.9365
81.9837
81.3499
82.883
83.2756
83.3376
83.6384
83.9054
84.0231
85.2205
86.5227
85.0052
84.6396
82.5955
82.5872
81.9087
82.2008
81.9882
80.8756
81.5525
81.0888
82.321
82.0811
81.6497
81.2082
82.624
80.4182
80.9554
80.921
80.2841
80.1764
79.6225
78.491
78.1375
79.6164
81.8487
80.3652
80.0338
79.1829
81.4367
83.1742
82.449
81.0625
82.6811
81.8276
82.0924
82.2932
83.2901
83.1205
83.1751
84.1959
85.0072
85.0561
83.8979
82.065
80.9173
81.6759
81.1734
80.1474
80.2293
79.9265
79.212
77.5233
78.4657
78.4778
77.3509
76.9158
