100.827
99.9481
97.6851
95.3561
96.2555
98.9242
98.5573
100.642
98.3298
97.7785
95.8866
94.5667
93.8742
93.6013
94.0561
95.5982
96.0027
95.0537
95.3998
96.0904
96.1393
98.9756
98.4847
99.1156
98.8945
97.7425
97.7407
99.1865
99.8071
100.88
100.524
98.0141
99.6977
99.3454
99.0329
98.6945
97.2708
97.544
99.0334
99.5008
100.091
102.756
103.888
104.004
104.219
102.899
104.333
101.403
102.078
99.215
98.8543
97.4374
96.4844
96.8232
94.6192
94.2328
93.4671
93.6355
94.0323
95.1631
94.6907
95.2307
96.5763
96.9966
99.681
98.9964
97.8535
98.2022
98.3162
99.0182
96.8883
96.6756
95.1394
97.3995
97.1803
97.0697
96.4489
94.1363
94.3159
96.0652
96.3295
96.157
95.8367
96.4097
96.1903
95.5494
97.3932
94.8393
94.6754
94.2664
94.2769
95.2658
96.2263
95.9085
97.8098
98.4626
98.4113
98.6323
99.5486
100.707
100.876
103.684
104.192
102.315
103.398
105.02
106.039
106.011
105.497
102.776
102.862
101.593
102.311
101.647
103.456
100.696
100.016
100.333
100.426
101.719
101.031
102.375
102.917
102.664
102.789
102.354
103.29
102.817
103.755
103.185
103.075
103.394
100.493
99.9557
99.0279
96.9561
95.1115
95.7203
96.0878
97.3434
96.7832
98.0543
98.4153
97.5093
99.6557
100.073
99.9193
100.667
103.274
102.168
102.769
101.989
103.033
102.065
102.662
103.58
105.362
105.175
106.306
107.589
106.143
105.792
105.388
104.75
105.798
107.175
108.739
107.237
107.115
105.688
102.885
101.165
102.071
99.8376
101.122
100.9
101.704
99.4393
98.2146
94.781
94.6326
96.7877
98.4667
99.2266
99.3228
101.606
99.7471
97.6589
98.8438
99.1285
97.3384
97.6803
93.838
93.7412
94.6188
93.5591
93.6249
95.0132
93.0415
90.9784
90.8434
90.878
90.9222
90.3389
91.5665
91.0347
90.6987
91.2309
92.388
90.6883
90.6316
90.6627
90.9841
90.8641
90.9952
92.1062
92.7244
92.1198
93.2107
92.1684
91.7668
90.9455
91.3969
90.7277
91.8424
91.2859
90.4923
90.6667
92.0337
92.4147
93.0014
92.8969
93.9334
96.4991
96.5195
91.713
90.7532
91.2824
91.4798
91.4362
91.8127
90.503
89.9301
90.6104
89.7893
89.0433
87.2902
87.9195
87.7437
87.5235
86.194
86.3338
85.9367
87.4414
88.0627
88.1823
87.6818
84.959
86.5284
85.2802
86.2477
87.0327
86.9473
88.2496
88.9322
87.1356
87.4015
86.6839
88.0497
87.4296
87.4152
89.1862
88.341
90.2258
89.2294
90.7217
92.4974
92.7416
91.5977
91.3829
91.65
94.9393
96.6216
99.1786
99.7399
101.179
103.12
103.139
104.14
104.668
104.533
103.714
102.874
102.939
103.917
103.952
102.705
102.252
101.547
102.37
102.506
101.048
102.658
101.649
102.454
102.241
101.148
103.471
103.024
102.219
101.036
98.9867
97.6997
96.9473
96.4026
96.6974
97.7289
98.3307
98.68
99.9872
100.701
100.685
100.842
99.0775
99.1014
97.7341
98.0411
96.6639
95.6094
97.0129
97.6885
98.2005
97.387
96.9491
98.9811
98.0122
99.4216
97.1081
97.304
97.2295
97.552
96.9426
95.5724
96.4452
96.2788
95.8895
97.27
97.781
99.0107
99.6721
98.8
96.2061
96.7798
97.2389
99.151
99.1883
98.1453
96.8687
95.5799
94.7388
92.9189
93.6469
93.2066
93.4907
92.4527
92.5151
93.6092
92.3484
93.8947
94.9443
94.7715
96.3387
96.6239
96.0952
98.5647
97.4753
97.9086
97.1482
97.0998
96.0977
97.533
97.7787
97.8065
97.7018
98.3018
99.2459
99.0694
97.633
96.4368
96.4046
96.8848
96.5202
97.0588
97.6151
98.2077
96.8878
94.909
94.2369
93.0946
93.4296
94.539
97.2413
99.3224
98.955
97.0022
96.1968
96.171
94.9302
95.7471
96.2121
97.6808
97.8853
95.6655
94.6908
94.8902
96.2508
96.4884
97.0608
95.6825
94.6773
94.1583
91.9999
91.7396
90.389
89.8728
91.6796
90.0629
89.8895
90.3447
88.6278
88.9529
89.1581
90.7765
90.2272
89.9549
90.2094
89.8971
88.5246
87.7452
88.1769
87.5658
87.6866
87.1944
86.6473
86.4374
85.7398
86.2
86.4368
86.423
86.3373
87.2643
88.9587
89.8335
90.6484
89.8268
90.5175
89.5882
90.9078
91.5791
92.2268
91.8947
91.7789
91.8537
93.1739
93.5107
93.6955
94.3806
93.4299
94.3697
94.5835
95.2646
96.8523
95.3692
92.6666
93.2822
92.6677
94.9558
94.3291
93.7864
93.1181
91.4892
92.509
91.0636
91.6613
91.4468
91.012
89.3552
87.3374
87.0705
86.4241
87.39
87.0241
87.2295
86.2599
84.6559
86.2974
87.4864
88.0255
88.0353
87.8088
86.9465
88.044
87.0549
85.9798
85.4068
86.3775
85.469
85.2267
84.0325
85.9626
87.2977
86.0083
86.0073
84.6298
83.9459
82.775
81.7013
81.2912
81.8134
82.0437
82.5418
82.7236
83.0409
81.0709
80.6982
78.7464
78.2576
79.0727
78.8515
79.2439
79.2841
80.0742
79.2335
79.4713
79.0037
77.5009
76.7695
76.3156
76.5099
76.5458
76.1995
76.8042
77.2702
77.6979
77.4789
76.364
74.1174
74.6482
73.5902
73.7918
72.3451
73.2779
73.7331
73.2005
72.9596
73.0059
72.6226
72.8567
71.7781
71.4056
70.9652
71.056
70.7082
70.6229
69.4419
68.7209
68.6058
68.9427
69.6093
69.0019
69.1549
70.7592
70.3857
68.998
70.331
71.1994
71.3217
71.11
71.0856
70.6105
70.0075
69.7752
69.2652
70.334
70.3813
70.649
71.0864
71.5887
73.3868
73.1217
72.9363
73.7976
72.7232
73.3323
72.2042
71.6793
71.8573
71.1878
72.1362
73.4383
