101.635
102.229
104.615
104.675
106.745
103.746
103.719
102.729
104.049
105.496
105.803
108.368
105.734
104.735
101.932
98.8164
99.5116
100.629
103.182
104.088
106.753
103.462
104.275
102.586
104.013
103.153
105.793
103.848
102.927
105.066
106.192
107.623
106.658
103.825
105.589
104.337
101.785
102.273
101.692
100.469
99.7724
99.1684
97.8936
98.7724
100.193
99.7528
97.8036
97.5316
100.356
100.381
99.7787
99.1797
99.4273
100.532
100.253
99.5434
100.384
100.444
98.2199
98.1188
98.3709
99.138
103.099
102.051
101.576
101.755
101.552
100.029
100.85
101.503
98.8981
98.3118
96.4068
95.9402
98.7193
98.1577
98.925
99.5137
99.9625
99.6409
99.5748
98.599
98.7181
97.8842
98.1137
97.0647
97.6193
96.6487
94.7403
94.3336
93.4155
94.9969
94.4167
94.6636
95.2692
96.2671
95.6281
95.6988
94.3454
93.8007
94.6566
95.1318
96.4391
95.1674
97.729
99.2032
98.7172
96.0384
96.809
97.7856
97.0027
97.6328
99.1885
98.7485
101.062
101.72
101.46
100.96
97.922
96.1528
92.7168
92.902
92.6562
90.9051
91.7201
92.1223
93.7774
93.6186
91.5348
90.1859
90.8142
89.6396
90.943
91.2611
88.9909
89.6104
89.8428
90.273
90.4477
91.007
91.8103
91.4458
91.9515
93.2286
93.6318
94.0509
93.787
93.8608
93.4979
94.9792
93.5156
92.5203
92.3847
92.8254
92.9662
94.3653
94.3822
95.09
95.1627
95.316
96.994
95.611
96.6304
96.0361
95.6661
94.8603
95.1537
94.2335
93.2462
92.6775
92.2567
90.6272
90.2728
89.9201
88.5307
87.5536
87.3578
88.4819
89.1453
89.8435
90.6153
90.4926
91.0938
92.0055
91.2197
91.8033
92.7493
93.1286
92.2305
91.0748
90.9763
90.0047
88.277
90.2647
89.0643
89.1316
89.5011
90.8581
89.6204
89.8078
92.9526
95.015
96.0638
95.704
97.6014
97.6406
96.875
96.8317
98.0495
98.7423
98.996
100.871
101.482
102.554
100.765
98.7665
98.8997
102.018
102.431
102.211
101.303
100.39
98.443
98.4943
98.6965
99.5399
99.1739
98.2
97.638
96.2354
96.309
96.4658
93.5235
90.0808
90.4006
91.4843
91.4095
92.3336
92.5104
92.0396
90.036
90.2192
90.9297
89.6134
90.5572
91.0733
91.7395
93.8214
92.9909
92.5945
91.3733
91.3433
92.2419
92.7989
92.0673
92.2679
93.9867
92.9675
93.5744
94.3985
94.0226
95.0404
92.8141
91.7704
90.9112
91.5244
92.2755
92.791
95.9174
95.3871
95.0575
94.6869
93.7704
93.339
94.061
94.8611
93.7146
92.1857
92.0276
93.2901
93.5366
95.025
94.01
93.7614
93.0867
92.6782
92.4262
90.8853
90.7994
91.9097
93.4852
93.9722
95.8486
95.9333
98.8047
97.6983
98.4542
97.9658
96.8951
94.917
93.8911
95.7751
97.5758
97.5495
97.5647
98.6431
98.9659
98.8319
100.034
100.491
100.303
101.876
99.85
101.454
102.686
104.299
101.591
103.732
103.812
106.661
105.947
105.8
105.684
103.024
104.116
106.393
106.469
107.143
108.928
107.933
108.808
108.732
105.658
107.401
107.561
107.376
106.206
107.015
108.4
106.067
105.903
103.461
103.063
102.827
100.274
99.006
97.5101
94.3371
96.0508
95.1623
93.8537
91.6637
90.5128
91.0496
90.3864
91.474
91.9215
91.3267
90.7534
89.1326
87.0003
87.6598
88.0185
88.5308
90.0991
90.1591
92.6097
94.5009
93.2344
92.9795
92.7599
92.9338
92.5379
91.8618
90.4534
92.6401
91.8495
93.32
94.6897
94.7706
93.1813
92.951
92.6318
94.499
94.6931
97.6867
97.0361
97.6165
98.7349
99.9612
102.375
101.222
103.828
104.637
105.481
103.686
103.559
102.291
101.851
100.988
101.881
102.197
103.075
101.907
103.507
104.36
102.609
101.758
104.765
105.198
104.957
106.271
107.884
109.084
109.013
108.304
108.854
109.16
109.821
110.587
110.108
111.438
111.531
111.192
110.9
109.342
110.194
111.662
109.202
106.741
106.252
106.68
105.019
104.578
105.595
107.74
106.942
107.553
107.641
106.516
105.751
106.998
105.821
106.518
106.913
107.014
107.074
106.998
106.573
109.346
110.803
109.202
109.186
107.395
109.571
110.212
112.381
111.057
111.584
111.339
112.212
112.342
113.433
114.612
112.564
112.289
112.606
112.658
113.181
113.238
113.124
115.389
113.947
115.179
113.794
113.555
111.731
107.74
106.741
107.546
107.676
106.965
107.76
105.091
105.909
106.645
107.861
106.279
107.281
107.259
105.863
103.767
105.507
105.187
104.667
105.237
105.635
103.777
104.511
107.84
104.856
103.257
102.039
101.744
101.978
98.6648
98.3751
97.8629
98.8471
98.0651
98.7747
99.7153
99.724
99.3022
99.7892
100.625
101.3
99.4657
98.7653
99.8179
100.934
100.683
104.299
102.329
102.361
100.851
99.8599
97.8162
97.6866
94.9955
96.3165
95.6569
95.1475
96.4446
94.7442
94.857
97.7531
96.5363
94.1543
95.2594
95.6939
94.3499
94.321
95.1422
96.8524
97.4709
98.4398
97.5146
97.2298
97.7556
97.5166
97.395
96.2965
96.8035
96.8796
93.834
93.7701
91.3106
90.9662
92.6319
92.4162
91.8424
91.2768
91.243
88.5972
87.9384
88.1641
87.8996
87.0443
87.9355
89.0158
89.7828
89.3007
89.615
90.2086
89.8775
89.9617
90.3108
90.5715
92.702
92.2167
93.6492
93.0859
91.5615
90.2817
90.6302
89.9309
89.9767
88.2013
87.1033
88.2457
86.7114
86.8665
88.1601
85.6866
85.9351
86.6833
86.2394
85.2238
85.8722
