100.567
98.1704
98.3756
97.4704
98.0702
98.7808
100.359
101.134
101.559
99.9977
99.6493
99.6932
98.8969
98.5083
99.4456
98.6811
98.6307
96.8452
96.9071
98.7675
98.1191
97.1967
95.8351
94.2632
94.697
96.474
97.466
97.6118
95.5959
94.8163
95.1583
96.0745
94.5558
94.9205
93.9666
95.4616
95.6834
94.4538
94.5063
92.6533
92.2623
91.6762
90.7053
90.0903
89.5407
89.9834
89.0051
88.7218
89.378
88.8861
87.2073
86.3086
86.241
87.3554
86.7371
87.5472
88.8467
91.5829
90.0321
88.7813
88.9831
89.2129
88.3192
87.8685
90.5154
91.7164
92.4266
92.1956
90.89
90.3218
88.5083
91.8326
92.0015
93.891
93.3884
93.7355
94.7574
94.0525
93.7916
95.5188
95.4955
94.5658
92.5457
92.4597
94.0043
96.2756
96.7654
96.7017
95.2303
95.0573
93.662
94.1583
95.4513
95.2404
96.9357
96.1023
96.993
97.4089
96.7144
99.4509
96.5296
96.1951
94.2483
92.7795
91.5629
92.2471
93.9811
94.9249
91.3547
91.8513
91.1189
91.3233
91.8107
91.7303
93.3752
94.1034
94.3285
91.864
90.0357
91.6612
92.0236
92.1121
92.6162
92.1482
90.997
93.5817
92.1274
92.8432
90.6089
90.6706
89.7957
89.5458
89.7043
89.5646
88.3106
88.3504
88.7656
86.0722
86.6336
86.8102
85.5592
85.8057
86.9328
87.0312
88.463
88.0827
87.4039
88.3266
91.2589
90.7588
91.8845
91.4304
90.3883
92.1477
90.9302
90.2356
88.568
88.0203
88.4565
89.1907
91.443
92.3111
93.6089
93.5439
92.7508
92.6185
93.8368
93.597
93.2652
93.7954
92.827
92.5727
94.2531
94.614
91.4914
91.8599
90.2926
91.0591
88.7743
86.3211
86.4657
84.6447
84.2411
84.1384
84.4509
85.918
86.9717
89.3986
89.6011
89.2798
90.6213
91.6824
93.3421
91.2618
92.0457
91.0099
91.0177
91.3304
91.6719
91.35
92.8762
92.6242
92.4557
93.6009
93.6875
93.9434
91.8192
89.3161
88.1769
88.2732
89.8947
90.5617
91.702
90.676
91.2926
91.5122
91.7824
89.8286
89.4396
86.3137
87.3108
86.3076
86.9733
86.77
86.3967
87.5598
87.4705
89.4781
90.4712
88.9561
88.9522
89.8795
89.6484
90.3353
89.1784
89.9164
92.0964
92.9362
91.501
91.6728
90.392
91.8138
89.8986
88.41
88.7899
88.5766
89.5541
88.5038
88.5884
88.3558
88.105
88.8382
87.35
88.1931
87.0416
86.8299
87.1807
87.2276
85.6514
84.784
84.9927
83.5058
81.025
79.6862
79.9186
77.6538
77.4387
77.5117
76.3602
77.1048
78.1433
76.7234
76.9241
77.5221
78.6301
78.012
76.8028
78.1223
77.5159
76.5167
76.0392
77.0283
77.999
77.8867
78.8458
80.159
82.7767
83.1746
85.6663
85.9743
86.3729
85.4107
85.2196
86.978
86.2304
85.8429
85.3648
85.3134
84.7388
86.2842
85.0264
84.752
84.3149
83.9396
84.4686
84.5712
84.1198
83.1508
82.6451
82.6955
82.8172
85.2238
86.7552
85.7621
85.7203
86.7102
86.0671
84.8129
83.7696
84.462
82.0213
83.3558
83.938
82.2771
82.4656
81.6513
82.1383
82.2344
82.5923
82.5639
83.8037
82.9966
82.1944
80.1423
78.986
79.8107
80.253
82.0732
81.255
83.1339
82.3016
81.9813
83.2088
83.5058
83.1113
84.0016
83.5121
84.4206
82.903
81.9986
80.9505
81.9417
83.401
83.807
81.0988
80.8984
80.0888
79.8784
80.9332
80.34
80.1988
78.7635
79.9776
79.0137
79.1638
79.5171
80.0921
79.5971
80.9888
80.2147
78.9793
78.1137
76.6843
74.5736
73.8114
73.5585
74.5217
73.6217
75.3384
74.6295
73.0228
71.8649
72.3146
72.9019
71.9988
72.3101
73.4911
72.8513
74.011
73.8141
75.3025
75.386
74.4148
74.4834
74.4223
73.6112
73.2613
73.4394
73.0744
73.9613
72.6393
71.7307
70.9123
71.1134
71.5649
70.7968
70.7556
69.1892
68.5446
68.1079
70.3588
70.8789
72.7361
74.9741
74.0976
73.9558
73.0372
74.426
75.3693
77.0854
76.5678
74.8066
74.8627
75.7973
76.5822
76.8905
76.1418
77.0894
76.1882
76.5176
77.2954
76.9552
77.1126
77.4386
76.477
77.5847
78.7419
78.4702
77.7407
77.4413
77.9856
76.925
76.0091
76.4374
74.7247
72.3742
72.7297
73.5883
74.7532
74.3492
73.5671
73.4525
73.2669
72.4763
73.0998
73.3189
71.5233
70.7888
71.9342
72.0274
72.6207
72.491
73.2201
72.8996
71.8099
71.5989
70.066
70.992
70.1935
69.7234
70.2784
70.6227
69.4196
68.3154
69.2652
70.7533
70.8034
72.5427
73.9484
75.4228
76.9105
77.1154
75.5957
74.5508
74.164
74.1316
74.2039
75.0649
73.4383
72.1717
72.7117
73.5757
72.5417
71.7392
71.8822
72.055
73.1413
74.9357
74.9088
75.0112
75.5359
74.6442
73.2897
72.9286
72.804
73.4216
71.7346
70.9999
70.2808
69.9345
69.7011
69.5611
69.5063
70.4066
70.6525
68.9779
69.44
68.5615
67.6718
68.3436
70.1569
69.8814
71.0491
71.0446
69.4652
69.6048
69.7265
69.8716
69.192
70.9928
69.7117
69.0631
70.1581
70.5452
72.35
73.0501
73.8125
74.8294
75.9846
75.4078
74.4893
75.0038
76.443
76.9189
76.9237
75.5499
77.5701
76.994
76.5814
76.3099
76.0496
75.3578
75.0187
75.1512
74.6669
73.8472
73.1294
73.1928
72.7488
73.4671
73.5846
74.7177
75.6642
75.5382
74.3482
74.7539
74.3709
74.103
73.0997
70.1977
70.5448
69.2144
69.8055
70.6587
71.5786
69.6805
71.0907
71.7206
71.0289
71.7001
71.434
72.928
74.5916
75.043
72.8057
72.9616
73.1738
75.1364
76.3587
77.1911
77.436
77.1328
77.0848
77.122
76.9042
77.8084
78.4343
77.9121
77.7322
77.688
