100.422
102.005
101.364
101.713
105.678
108.283
109.795
108.705
108.934
108.958
109.687
110.199
109.517
108.285
109.735
110.3
111.109
110.303
110.531
110.575
110.264
105.704
103.685
104.703
103.978
106.402
105.166
105.216
105.377
107.468
105.674
105.187
105.961
106.195
105.736
106.968
106.76
106.853
105.974
105.955
105.111
104.827
104.631
104.577
105.449
104.07
103.599
102.215
104.524
104.968
105.666
105.86
107.228
106.76
108.258
108.666
110.934
112.422
113.373
113.44
110.93
111.525
110.526
110.314
111.393
109.309
112.873
111.86
110.925
108.398
105.533
105.71
103.887
105.17
105.179
107.864
107.405
107.461
107.11
109.791
109.43
107.821
106.738
106.187
105.544
106.107
106.505
104.679
104.303
106.728
105.964
106.9
108.584
110.1
109.185
108.577
108.983
108.07
105.485
107.01
106.856
108.42
108.987
109.095
108.302
105.495
104.476
104.425
103.343
103.878
103.859
102.97
105.536
106.008
103.944
104.722
104.45
103.798
103.343
103.714
103.994
107.267
103.917
105.287
105.08
103.863
101.106
100.722
101.996
101.637
100.952
102.351
102.669
104.034
103.758
102.833
101.429
99.5757
97.9997
98.1232
96.5622
95.8569
96.0689
94.7174
96.8251
96.5571
97.594
98.8649
100.735
99.7332
99.1173
97.6001
99.3084
101.009
100.601
100.903
100.654
101.318
100.928
101.7
102.982
100.032
101.315
102.767
100.832
101.419
101.626
99.2825
97.8846
98.9918
98.7685
98.7559
97.1517
94.9648
93.259
93.5522
92.444
91.6092
89.3348
89.4576
88.5108
87.3909
86.5
87.6364
87.1013
87.9954
88.5419
89.402
90.5191
90.2954
90.6445
89.5504
90.4157
90.0111
88.8848
88.4096
87.9204
88.5991
88.6765
89.1918
88.532
87.9719
89.1831
88.968
87.5962
88.0826
87.772
86.8436
86.402
86.3737
85.7903
86.3003
86.2065
85.227
84.8275
84.0246
82.4321
83.3581
84.3113
84.9667
85.6511
85.4206
85.4557
86.9108
88.7678
89.9485
90.6378
90.0505
89.921
90.7344
89.8082
88.3433
89.5492
88.5079
87.6119
88.0039
88.4123
87.3588
87.6172
86.908
86.3873
87.4211
87.8004
86.6618
86.0492
83.863
83.0464
82.3558
79.3926
79.8273
79.9695
80.3504
80.1832
79.781
80.3589
80.7023
81.8997
82.8605
82.7168
82.1554
81.1268
80.3814
81.3046
81.951
81.379
82.9826
82.3096
82.4098
83.7908
83.8271
83.4265
82.676
82.4081
80.7563
82.4779
84.8495
84.424
84.6293
84.9864
85.4005
84.0606
83.4341
84.4659
85.6944
85.5749
83.8091
83.0408
84.0305
83.8751
83.1752
83.5238
82.9847
81.9029
83.0334
82.4429
82.9956
84.0391
84.0639
83.3136
83.0197
83.0153
82.7341
82.278
81.1945
82.1973
83.5375
82.9156
82.7452
83.128
83.0124
83.427
83.4935
83.7924
83.4601
82.5599
82.9277
83.4924
84.0518
85.0392
85.1831
86.1291
87.6953
86.026
88.6493
87.3905
87.289
88.9793
88.8064
88.9395
87.7546
87.4585
85.9514
86.7079
86.5299
85.0265
83.2765
82.616
83.7873
85.7946
86.2052
86.8137
85.6635
83.8941
82.1692
80.5146
79.1776
79.3364
79.258
78.3221
76.8678
76.9822
77.9896
78.868
79.3309
79.1974
80.0224
79.0378
79.5509
79.331
77.3765
76.8815
77.7556
76.2478
74.804
74.6354
75.2094
76.6416
76.0158
75.2704
73.2411
73.2047
73.1196
73.0913
71.8631
72.1088
71.351
70.9823
70.9163
70.1765
71.7484
72.3425
71.6825
71.5053
71.1813
71.4583
72.7003
73.6804
73.7924
74.9602
75.4212
75.0818
75.6897
74.5667
75.2652
76.0504
76.2093
79.6407
78.4818
79.7104
79.2765
79.6155
80.6428
81.3314
80.5467
80.048
81.9366
83.841
82.9061
82.1575
81.85
82.2147
81.0213
81.2464
82.1056
81.4617
81.5873
80.8207
80.3073
78.8002
76.5306
76.3982
75.4731
74.8086
73.6634
73.1012
72.5205
70.8469
71.071
72.2899
70.2815
69.8153
69.4609
69.6135
70.0662
70.1012
70.329
69.1881
69.9563
69.972
71.3193
70.6319
71.6146
71.6937
72.2837
73.2006
72.4513
73.6962
73.7595
72.3731
71.4395
71.0796
71.3403
72.1519
71.8836
72.8486
72.1119
72.3394
71.753
71.9395
72.8525
74.6792
74.7563
73.311
74.5054
75.2251
76.4808
78.29
77.9971
76.8345
76.9407
76.6458
77.4896
77.0932
78.9318
79.7307
79.8834
80.5684
80.6726
79.7949
80.2278
79.7463
79.1044
79.9331
82.2797
81.3753
82.4508
83.0201
83.9322
83.7477
85.8548
84.4977
86.0865
86.396
85.8986
87.6505
86.5155
88.2962
88.8152
88.6339
90.0631
88.2662
88.0112
88.8493
87.6853
91.8746
91.658
90.8858
91.4895
93.1056
93.9679
93.6463
93.8956
93.357
92.4747
92.0193
93.8369
93.1387
94.4254
94.4416
94.2053
91.8278
92.5934
92.0485
89.3541
89.2535
88.9762
89.7245
89.1801
88.7881
87.2316
87.4387
86.6496
86.0369
85.3318
84.3265
83.0128
83.1251
81.3873
82.728
82.3673
83.2143
83.5062
82.4261
81.7631
82.1436
81.8926
80.2156
79.2943
78.749
78.9713
77.5004
77.5969
76.8946
76.1553
75.4769
75.5815
75.1381
73.6615
72.9068
73.2808
72.4803
72.1994
71.2589
71.4677
72.3668
71.5949
72.6003
73.5452
74.8179
74.6248
74.7724
73.2791
72.8988
72.616
73.618
73.8914
73.5521
74.0941
73.6328
74.9815
75.6465
76.0329
76.4386
76.7586
75.9018
75.5846
75.6847
75.8361
74.949
74.4673
75.1697
77.2651
76.872
76.5069
74.6034
73.6465
73.9104
72.9388
72.179
72.595
