99.8309
99.2971
96.8341
98.2231
100.468
102.257
101.983
100.883
100.63
102.268
100.979
101.227
100.784
98.1536
97.6265
96.503
95.5583
96.5124
95.4538
94.5041
92.8905
93.6614
92.375
92.741
92.7885
92.9223
91.5016
90.6415
88.5406
90.9194
90.4875
89.258
90.8122
90.9253
91.2739
90.3492
90.7549
92.5491
91.785
91.5939
92.0635
91.9042
92.1827
93.1945
92.7417
91.7025
91.3901
91.6948
93.011
93.0878
93.7591
93.8213
91.29
90.7214
91.728
89.9494
90.2574
89.9505
90.6647
91.9821
94.0512
94.3106
94.3512
95.2582
94.6696
93.7335
93.9319
94.8428
92.0087
93.6892
93.5584
94.6628
97.2327
96.8721
97.842
99.0491
100.126
101.752
99.8541
99.4531
100.493
99.934
100.575
100.836
102.6
102.337
101.22
102.496
104.482
105.369
105.931
106.755
111.603
112.886
113.483
113.816
116.472
116.963
113.97
113.084
110.688
111.075
109.961
109.762
108.202
109.134
110.002
110.704
110.684
112.513
110.706
110.176
111.747
110.204
110.242
111.258
112.344
113.836
112.813
113.298
114.702
113.664
114.667
116.206
115.226
117.056
114.484
114.753
117.633
115.681
115.972
120.1
118.994
118.56
115.007
116.105
115.37
115.553
115.877
115.636
112.487
112.599
112.433
112.604
113.092
112.567
114.5
116.409
117.019
115.671
113.236
114.576
115.143
116.969
117.041
119.185
117.693
117.956
116.978
115.456
118.767
116.878
116.871
116.466
119.119
121.031
121.035
120.154
120.791
121.962
122.402
122.753
124.937
123.752
124.637
124.87
123.037
124.287
124.43
125.194
123.93
122.667
121.531
121.711
121.567
122.681
122.376
123.027
126.247
127.2
127.686
127.441
126.798
128.182
129.938
130.919
134.632
134.624
134.177
133.643
133.739
134.532
132.634
133.886
134.751
134.796
135.345
136.071
133.954
134.628
134.394
135.964
134.585
130.763
131.835
127.869
128.273
129.469
130.728
129.689
125.211
128.649
127.244
127.525
125.126
127.363
128.16
128.895
127.268
124.296
124.536
124.159
123.501
126.028
127.956
129.573
129.997
130.077
132.338
134.391
134.51
132.697
130.925
130.126
130.862
131.796
132.435
129.291
129.545
129.843
128.136
129.569
130.238
132.755
132.257
131.755
132.064
131.595
134.233
131.469
134.797
134.705
133.516
137.399
139.834
138.021
140.451
140.48
142.428
143.019
144.789
144.051
143.544
143.334
143.827
142.135
139.019
140.09
143.423
144.886
145.821
145.316
145.988
148.589
151.071
152.817
154.332
158.52
163.557
160.163
159.6
159.869
160.571
159.628
157.838
158.513
159.603
158.957
157.203
154.847
154.987
153.674
153.394
151.901
152.239
155.973
158.674
158.852
158.636
158.013
159.583
161.701
161.207
162.575
165.756
166.136
168.332
169.367
170.863
172.819
171.442
173.137
172.878
169.327
168.456
169.722
171.983
170.596
170.898
169.804
163.716
162.776
167.221
165.729
161.629
163.383
166.852
167.151
166.485
164.444
165.441
165.179
165.371
166.599
165.69
166.554
168.262
167.195
167.709
170.861
169.652
169.733
170.255
172.538
175.105
173.122
173.67
172.798
172.16
169.905
170.932
170.257
172.137
174.067
173.65
176.465
175.168
176.138
178.708
179.309
178.705
183.638
185.616
189.286
190.261
191.224
191.866
193.784
190.536
187.885
191.215
186.585
187.477
184.369
183.204
184.111
188.08
187.909
190.976
190.011
192.204
190.487
188.472
194.098
193.304
190.899
191.389
191.906
193.753
191.429
194.58
193.939
193.627
193.782
191.36
193.656
192.5
193.58
193.694
193.276
198.349
197.245
196.709
198.02
191.654
192.529
191.823
191.385
192.901
191.959
191.474
193.351
193.026
192.941
193.335
184.276
185.275
185.338
186.811
189.285
187.484
188.684
188.317
190.537
185.498
185.661
184.113
186.721
185.527
182.748
184.367
185.825
187.106
186.66
185.602
185.474
189.758
191.918
192.457
193.554
190.882
193.38
193.201
194.847
192.825
189.504
191.365
189.756
190.313
190.832
191.915
190.791
190.639
187.4
188.556
184.158
184.564
185.298
187.058
187.732
185.364
188.627
186.764
186.396
184.778
185.685
180.732
180.44
179.288
180.852
177.708
179.924
178.57
181.276
177.376
178.013
176.653
175.538
175.112
177.221
176.171
178.046
176.605
177.905
177.885
178.433
177.262
180.47
183.362
181.739
182.356
184.089
180.646
179.34
181.899
180.089
185.22
186.937
185.871
185.335
182.312
183.648
191.43
191.55
190.249
185.469
188.64
187.942
188.353
184.111
184.775
181.351
186.161
187.192
186.249
185.681
183.677
184.507
181.689
183.894
181.772
180.399
180.52
181.455
178.704
180.057
179.703
179.477
175.173
173.312
172.757
171.748
173.231
172.421
171.439
169.865
169.411
167.106
169.27
170.918
172.944
172.76
169.52
170.696
174.408
176.212
173.217
176.13
171.645
173.542
177.962
176.456
174.039
173.714
178.77
180.357
177.651
174.577
171.821
171.353
172.514
172.39
171.831
171.569
174.138
172.611
175.33
177.506
175.881
182.488
181.645
182.542
178.78
175.672
176.059
176.542
176.699
174.15
176.347
178.33
177.558
180.37
181.998
182.393
181.579
183.564
180.25
180.789
179.198
177.731
