99.6665
96.7838
96.8571
96.1588
97.8936
98.1741
97.5864
98.932
100.074
99.37
97.9483
96.292
94.4721
94.6791
95.314
94.6665
95.1021
94.6021
94.9563
96.3142
97.135
96.3157
96.4724
95.5685
94.0491
94.5854
94.3938
94.0309
94.8024
94.8204
95.3415
96.1868
97.4162
97.4282
96.9134
96.1687
96.5738
95.7491
94.9187
95.5933
95.5247
95.6814
94.3282
91.9583
90.2355
90.054
90.5695
90.9237
91.4124
89.9061
87.8342
86.422
85.0888
86.3085
86.9327
86.7615
87.2719
87.1432
86.0752
85.3445
84.7064
84.9615
84.2327
83.5264
84.4173
84.1224
85.8852
84.2701
85.3848
86.514
87.7024
87.6226
87.7513
89.3668
89.8329
91.1441
92.5312
90.8414
92.6722
94.8975
93.2467
91.2436
92.145
93.103
93.346
93.9567
91.749
93.7364
92.2065
92.5989
93.5681
94.6099
95.0948
95.4564
94.2442
97.1361
96.1392
96.4146
97.0914
97.0957
97.4759
97.6231
98.5147
96.46
95.474
97.7471
98.1416
97.7987
100.521
99.1121
98.8517
97.7584
96.7469
96.8778
96.8081
95.6802
97.6486
98.3058
100.819
98.2094
98.381
98.6638
99.0131
99.8337
99.7445
100.181
99.656
101.155
99.6636
99.2039
99.5025
100.856
100.371
99.1383
100.535
100.648
101.906
102.774
102.928
102.152
102.77
100.657
101.558
98.6986
99.8687
99.9673
99.5743
98.5692
98.5077
98.2569
97.1901
98.6412
101.156
101.69
102.239
101.092
99.5988
100.625
103.856
104.145
102.327
106.319
104.762
104.787
104.483
103.416
105.237
104.017
106.223
106.926
106.549
107.86
106.374
108.545
110.472
109.493
110.483
112.891
112.777
113.538
112.022
110.714
110.763
107.903
107.112
108.461
112.155
110.737
113.179
113.396
111.923
112.852
112.06
114.444
111.784
110.067
109.851
108.688
111.886
110.223
109.215
110.487
113.268
113.948
113.622
114.29
114.423
116.544
113.873
113.776
112.65
112.886
114.423
113.676
113.659
112.458
114.051
114.2
114.153
112.352
111.487
111.778
110.953
109.783
111.097
112.279
114.421
113.448
113.858
117.666
117.813
117.001
117.338
116.734
114.856
116.491
115.135
116.508
116.216
119.345
119.55
119.886
120.772
122.101
123.223
121.739
119.83
118.236
116.641
115.292
113.891
111.065
109.986
110.433
109.627
107.375
107.014
107.2
105.449
106.025
103.94
103.86
103.647
106.439
102.254
102.52
101.878
102.359
103.167
104.932
106.215
107.437
108.232
109.582
110.711
111.443
111.977
109.775
110.195
109.022
109.067
108.787
108.066
109.007
107.262
105.894
107.371
106.307
106.434
106.815
106.848
106.669
106.529
105.631
105.942
102.738
102.753
104.517
104.023
105.09
103.734
103.126
102.014
103.313
102.014
100.611
102.592
102.261
102.589
102.714
103.333
101.495
103.119
104.032
104.422
104.672
108.859
109.458
107.801
105.752
105.179
106.053
104.492
105.034
103.394
103.148
101.59
101.373
101.598
103.727
100.608
100.389
98.7297
97.766
98.202
96.9162
95.5714
95.5672
95.3533
96.4003
97.6463
97.771
96.0544
97.4786
99.0692
96.8609
95.6825
94.4352
95.1114
92.1985
92.4895
92.0348
91.5106
92.1095
89.4147
87.2257
85.3985
85.114
84.4235
84.059
85.5093
86.156
85.7238
84.6149
84.3349
83.4302
86.3934
86.2086
86.8347
87.118
85.8561
84.9092
85.8147
86.0345
87.2723
86.5963
87.3095
87.2152
87.764
85.5721
84.9483
86.1317
85.5612
85.5069
86.9903
87.6465
88.9683
88.2742
88.5526
90.1519
88.6745
87.9156
88.7899
90.2045
90.9635
93.0133
93.3696
94.5247
94.2691
93.8339
92.7166
93.7614
94.5893
94.311
94.4533
92.7798
91.2327
91.1161
90.9346
92.3171
92.612
91.6549
92.5906
92.1173
91.673
91.8376
93.4063
93.5613
92.5452
91.7902
91.1717
92.3533
92.1512
93.8832
91.5219
89.1942
88.7857
88.8138
86.8209
86.3513
86.1038
86.1058
85.817
87.7768
87.2627
87.441
86.1447
86.795
86.8051
84.5015
86.5498
87.0861
86.7804
87.4505
86.9246
85.8251
85.9709
84.2675
81.7524
82.1366
83.3666
82.3897
83.5338
83.058
83.0487
84.2209
84.5813
85.1807
86.4768
85.7365
86.0321
86.2224
85.7571
86.4646
86.9031
87.374
89.0551
88.2573
87.5928
88.3962
89.8807
91.2393
90.5585
88.3656
86.7919
86.9516
87.3952
86.4183
83.86
82.4142
82.5331
82.0938
80.3232
80.0049
79.9614
79.3513
81.7375
83.0259
82.6139
79.9766
81.3128
79.9819
79.9782
79.208
77.3112
77.2886
76.3521
75.9705
75.784
76.217
75.2813
74.0782
75.4585
76.1958
76.9693
76.3077
76.463
75.5381
74.7743
76.6668
74.4088
74.6645
76.3658
78.019
78.9854
78.9578
78.2627
78.6746
76.9741
76.9764
76.8264
76.2939
77.6311
75.434
74.81
72.8798
71.453
71.8753
72.2848
72.1237
71.0391
69.6409
71.0234
72.2035
72.8757
71.904
71.723
70.4881
70.1407
69.4757
67.807
67.1838
66.7028
66.2071
66.5181
67.0062
67.4597
68.5228
67.2681
68.9844
68.8071
69.1655
67.7894
67.0442
67.013
67.4645
66.6677
66.4233
65.6161
66.1366
66.6279
66.3258
66.6525
66.075
66.4307
64.9701
65.465
64.1468
63.857
63.255
62.1371
60.461
61.3167
60.8447
60.3048
59.4947
58.6745
59.9342
59.7206
58.4779
58.2119
57.8033
58.2585
59.0197
60.2777
59.893
60.0463
58.9939
59.2028
59.5676
59.4759
59.4348
60.329
60.4033
60.7582
61.1101
61.7151
61.0218
60.3578
60.0624
