102.702
102.882
101.959
103.112
105.486
104.288
103.949
103.457
105.631
104.812
104.767
105.677
107.262
108.869
108.819
109.536
109.621
109.504
109.144
113.034
113.219
111.536
113.723
113.721
112.486
113.765
112.734
112.099
109.293
108.394
108.765
109.466
107.592
108.32
107.802
109.492
107.879
107.824
108.113
110.176
106.742
105.812
104.731
104.072
104.092
104.618
103.291
103.56
102.511
101.48
100.429
98.3234
98.9474
99.2878
97.5204
98.6479
100.664
100.78
100.114
98.6966
98.3309
99.0718
99.3494
98.9779
97.9887
96.4131
96.7005
97.2352
96.628
96.6305
96.8542
96.8917
96.5554
96.5717
96.8133
96.3022
96.7078
96.8248
97.5424
97.9306
96.9222
97.5235
96.4817
93.4716
92.4494
91.7912
90.5205
90.1922
91.8372
92.1662
93.0042
93.8321
92.8244
93.7479
92.907
93.3147
96.1171
95.9771
96.7546
99.0381
100.207
99.4158
100.966
98.3386
98.2138
97.8794
99.1943
99.5468
99.5738
99.8385
98.7076
98.5624
97.7541
96.165
96.5325
96.6418
98.1371
100.195
101.547
99.7683
104.851
104.173
104.769
105.005
102.203
104.191
103.999
102.116
102.493
101.577
101.527
99.8968
100.36
99.4437
97.9024
96.71
96.247
98.9196
99.0973
97.939
97.1204
96.227
96.8432
96.9071
97.9383
97.5785
97.7398
98.424
97.9108
97.2125
98.7131
97.3183
98.5111
97.0629
96.5822
95.2005
94.4257
93.6499
92.7464
93.2623
91.6049
90.9601
91.0631
92.2473
94.2951
94.1536
95.3619
95.2499
94.7657
93.863
94.124
91.4847
90.4658
89.5801
88.8788
88.4777
88.6638
88.8154
89.1228
88.7617
88.7623
88.9802
88.2811
87.3691
86.4001
87.6022
86.2703
87.461
86.5758
85.5412
85.8878
85.8714
86.2592
86.6216
87.9155
87.6177
89.283
89.7995
88.7272
88.2731
87.5673
89.2448
89.1218
90.0101
91.2947
92.1815
90.9437
92.6203
92.8648
92.6872
92.2272
90.9944
92.1296
92.6919
92.5215
93.227
91.7707
91.3362
91.28
92.3581
93.6086
92.3526
91.9107
93.1867
94.7048
96.1132
97.192
96.9356
98.5202
97.2033
96.3612
97.2763
97.3584
98.5948
98.9699
99.6038
98.8678
100.883
100.491
104.009
103.315
103.46
104.5
105.869
106.474
104.688
104.702
104.556
106.237
105.337
106.459
107.871
105.74
105.721
106.764
106.666
105.501
105.252
104.363
104.897
106.227
106.182
105.838
105.42
105.279
105.39
104.541
104.32
106.129
106.395
107.167
106.908
105.945
107.263
106.839
104.86
105.584
106.698
106.625
104.814
103.536
102.312
102.404
101.252
100.407
101.873
103.333
103.072
103.351
103.603
104.743
103.79
104.652
102.167
103.929
101.663
102.639
103.11
101.505
101.623
101.344
100.493
100.437
100.766
98.3389
98.6082
100.334
98.6055
100.022
100.546
99.5237
97.2417
98.1914
97.391
98.4963
97.919
98.5852
99.8567
101.088
100.578
101.614
100.865
101.429
101.361
102.846
102.071
102.835
102.013
101.721
100.98
101.104
101.576
101.336
99.9743
100.201
99.9136
101.676
102.048
102.722
99.7451
98.6629
95.9902
96.1859
100.467
100.583
100.429
101.131
100.677
102.498
101.059
98.8302
98.7411
97.6475
97.7825
100.872
100.813
100.703
102.384
103.862
102.695
102.193
104.141
104.911
106.585
106.942
108.939
109.617
107.181
107.439
107.065
106.605
107.238
107.318
109.927
113.023
113.18
113.623
115.513
114.989
118.472
118.298
120.076
120.828
119.62
121.358
122.92
122.617
121.748
121.487
119.909
119.002
118.452
118.691
119.857
119.762
119.175
119.491
118.244
116.493
114.399
113.337
114.344
112.79
113.662
113.512
113.823
116.773
116.55
117.349
116.921
116.358
115.91
117.101
117.41
116.838
116.168
113.567
114.93
114.029
111.058
108.392
108.489
107.057
108.79
109.394
108.611
109.293
110.472
112.022
109.864
109.048
109.659
111.225
112.443
110.877
111.179
112.228
114.388
113.853
114.591
117.659
116.709
113.838
113.375
112.74
112.433
113.183
114.166
113.427
113.671
112.789
113.821
113.954
113.227
113.713
114.838
115.336
114.824
113.615
115.99
119.281
122.309
123.801
122.079
120.383
120.476
119.73
119.698
121.096
119.072
120.121
121.485
122.844
121.863
119.094
119.798
119.406
121.402
120.34
121.549
120.413
121.954
121.639
121.267
118.727
117.898
116.135
117.914
116.634
116.838
117.578
119.628
120.219
121.896
119.953
120.269
119.871
121.257
118.817
117.746
119.251
120.263
121.601
121.26
122.147
122.666
119.825
120.592
121.311
121.054
120.311
121.188
123.093
122.419
120.81
121.692
119.468
121.627
119.879
120.13
117.565
116.508
116.769
117.659
117.965
117.994
120.098
120.83
119.616
117.646
115.28
113.946
113.656
115.098
114.648
112.263
111.525
111.919
112.59
112.1
113.095
113.48
111.818
111.677
113.645
112.831
112.288
111.278
109.946
110.998
109.784
108.529
107.899
107.34
106.847
107.601
107.611
109.368
107.09
106.316
106.928
107.94
107.871
106.556
105.828
103.559
102.156
101.535
101.814
102.35
100.157
98.4139
99.0035
98.791
97.7117
96.65
97.3825
95.5551
95.5064
95.296
95.3442
96.8414
96.9759
97.4402
97.2459
97.7125
98.1428
98.4345
98.139
99.5109
97.2599
96.7883
95.9969
95.9657
95.2642
96.6836
97.6385
98.9416
99.7033
99.8172
