99.1023
100.545
100.2
101.477
101.879
102.858
105.481
103.985
102.355
102.568
104.14
103.176
103.237
103.108
103.587
101.89
100.033
98.4765
96.1686
98.6137
97.1814
97.2326
97.577
98.7985
99.3844
100.559
99.9296
97.8153
97.0409
98.2603
98.825
99.8879
102.879
103.966
102.583
101.95
100.88
101.95
101.505
101.558
102.544
103.586
104.193
105.409
107.409
108.344
108.597
109.321
110.398
112.064
112.017
110.553
110.762
109.829
108.841
108.287
108.884
107.825
107.055
107.557
106.677
106.517
105.505
105.917
104.804
102.265
102.262
102.842
104.117
105.909
107.168
108.894
111.116
113.212
112.808
111.692
113.904
117.046
115.184
114.08
115.48
114.311
112.131
111.079
114.361
112.338
110.376
110.587
111.445
113.577
112.889
112.351
111.39
112.682
113.289
113.679
112.733
110.981
113.318
112.466
111.607
112.421
113.701
112.922
112.5
109.905
108.829
108.575
109.876
112.113
112.936
111.141
110.001
111.635
112.326
115.223
114.752
117.499
116.814
114.732
113.797
114.311
113.655
116.522
116.654
115.962
117.892
117.506
116.665
116.079
116.331
114.293
113.166
114.453
115.261
115.58
116.795
115.292
116.79
115.804
116.026
115.958
118.594
119.589
121.987
120.192
120.83
120.352
121.885
119.746
119.886
120.625
122.103
125.343
124.323
122.203
123.533
124.801
125.295
128.513
127.076
128.634
130.337
128.791
127.956
130.183
130.418
130.813
132.73
133.231
135.786
134.632
134.417
134.907
136.564
138.108
139.224
140.513
140.797
137.412
137.422
138.744
138.952
136.914
138.916
138.437
139.213
139.861
141.556
140.898
143.003
143.346
141.004
140.413
139.002
139.465
138.944
139.234
142.146
142.419
140.486
139.443
138.889
140.559
140.798
141.542
142.002
143.043
140.824
142.767
143.009
142.803
145.474
143.563
140.515
139.101
136.952
134.074
136.127
136.095
138.383
140.248
140.66
143.891
142.696
142.421
139.717
141.195
141.469
140.198
138.792
140.344
140.771
141.531
141.018
141.736
140.944
141.095
138.755
134.381
132.925
136.743
138.01
135.636
135.943
137.402
137.937
135.313
134.655
135.765
133.457
133.479
134.368
134.876
133.953
136.222
137.612
137.494
139.958
140.186
141.839
140.088
144.172
143.412
147.113
144.943
144.081
141.706
140.548
142.945
141.45
144.528
142.957
137.809
140.528
139.437
140.933
138.834
138.134
138.158
140.255
143.895
144.302
144.278
145.994
146.486
144.458
144.82
146.225
146.949
146.417
146.054
147.094
148.972
150.05
152.283
155.682
153.18
154.776
152.057
152.651
151.876
149.158
147.73
147.629
147.327
146.531
145.108
143.555
146.753
146.728
143.597
142.302
142.466
141.714
141.713
142.003
140.013
138.046
134.886
134.752
135.811
133.631
132.71
131.039
130.733
128.647
129.246
129.131
127.486
126.176
126.345
127.275
124.247
123.668
123.041
125.032
126.625
125.388
126.88
127.961
130.088
129.343
130.144
131.96
129.937
129.154
128.955
126.361
127.223
126.179
126.088
126.243
125.271
127.253
128.326
126.564
124.836
125.944
124.358
124.364
125.414
124.13
125.517
122.642
124.133
124.049
126.007
126.48
126.195
125.602
128.419
131.523
127.94
126.59
124.817
125.369
125.222
127.566
124.778
125.277
125.218
122.985
123.598
122.24
122.169
121.617
120.918
122.343
120.748
120.918
121.149
120.382
121.693
120.362
121.848
121.394
120.198
121.337
123.306
123.329
122.766
120.353
119.702
120.806
119.566
118.786
118.994
116.968
116.61
117.255
117.228
117.383
116.63
116.359
115.739
115.933
114.181
114.765
115.195
116.418
116.235
116.875
115.762
113.478
112.89
114.673
117.903
117.962
117.783
116.887
115.348
115.547
114.749
114.381
113.489
111.623
111.736
112.953
115.882
117.669
120.934
119.86
119.961
120.474
119.703
117.028
115.25
115.211
112.696
113.39
114.887
113.279
111.764
110.772
110.167
109.958
112.06
114.058
116.152
115.924
117.13
116.431
119.204
119.722
117.272
117.962
118.536
119.622
118.796
116.996
118.126
113.984
117.033
116.585
113.413
114.675
114.122
112.399
112.807
110.154
111.729
110.097
112.152
113.219
111.05
112.628
110.142
107.882
107.932
109.934
109.394
108.655
109.025
110.171
111.515
112.183
110.868
108.432
108.954
107.493
105.871
104.343
105.306
106.102
107.734
109.816
110.414
110.06
109.978
109.496
109.672
109.122
108.532
109.188
108.535
109.842
111.727
113.238
114.724
113.657
112.014
110.784
111.669
111.779
108.155
107.324
108.605
107.931
107.036
106.145
105.759
105.659
106.37
105.201
104.938
103.741
103.788
103.766
104.43
105.303
105.917
106.16
106.474
104.4
102.553
101.963
104.004
104.013
105.152
104.632
103.724
105.009
105.231
104.91
104.76
104.128
104.437
105.408
107.173
107.25
108.114
104.077
104.855
105.607
107.576
111.068
112.022
110.82
110.582
111.573
111.407
111.845
113.348
113.961
112.417
114.513
113.945
111.733
112.763
113.353
114.69
114.634
114.731
113.851
111.807
111.767
111.137
111.241
114.071
112.377
109.686
109.577
109.03
110.577
110.376
109.837
108.576
107.175
106.836
