101.311
99.7578
99.2767
99.5217
99.6438
98.8404
98.5482
96.9992
96.3897
95.3294
95.7795
97.0199
96.2491
96.4281
97.7373
97.7927
98.0339
98.2887
99.4962
99.525
99.8614
101.774
101.962
100.427
101.939
103.828
102.829
104.443
104.522
103.522
103.769
103.359
104.413
101.668
102.157
100.213
99.4468
96.5754
97.1819
96.0202
95.7772
94.6928
93.2138
92.3054
93.1413
92.932
93.1089
91.4266
91.1798
91.5967
92.7343
92.9026
92.555
94.527
93.0618
91.0735
92.4291
92.3628
92.4008
90.6937
89.6403
88.3922
87.5761
86.6094
86.1179
87.8961
90.4134
90.0832
89.7837
89.6707
89.1817
88.6596
88.2036
87.5912
86.9981
87.9536
89.1785
89.9969
88.9007
89.1772
89.6633
88.5417
87.9654
88.7628
87.6934
86.7436
86.3958
86.1095
87.0257
88.0238
89.1726
89.7876
90.5911
91.3037
93.0792
94.5632
96.7599
97.0493
99.8045
100.842
99.156
100.52
100.61
100.302
101.274
100.496
100.969
101.609
102.668
104.473
103.09
102.978
103.08
101.083
100.952
99.5889
100.799
102.014
102.13
100.691
99.5116
100.042
99.3073
100.456
101.315
101.686
104.573
105.452
104.977
103.897
106.899
105.457
104.75
103.838
102.48
102.38
101.307
101.448
101.266
100.036
100.108
100.473
99.768
99.6265
101.284
102.232
103.469
103.876
103.169
104.251
104.469
104.063
103.264
102.249
102.401
102.541
103.549
102.487
100.87
101.162
101.323
103.457
104.954
103.171
102.965
103.196
102.979
102.225
101.413
102.863
103.547
104.317
103.768
103.664
103.346
100.312
100.166
99.634
100.833
101.381
100.294
99.3136
99.4097
100.874
99.678
98.3903
96.4514
94.0309
93.4468
91.9326
90.7359
90.7089
91.2887
91.6149
93.2357
93.3738
95.0582
95.6753
97.6513
96.6108
96.8953
98.5104
97.2497
96.6868
98.3509
95.7275
94.9159
95.4934
95.3559
93.3381
92.4921
93.519
95.2175
96.3141
95.1004
98.0695
98.7176
100.878
101.18
101.825
100.107
101.887
102.703
102.184
102.163
101.469
100.377
101.214
102.396
102.413
100.268
103.747
102.026
102.106
103.16
104.131
102.351
103.092
102.996
101.285
102.761
102.376
104.189
103.474
106.693
104.682
107.053
110.113
109.439
108.691
110.692
109.072
111.344
111.634
110.841
111.607
110.696
112.302
112.714
113.368
112.066
114.318
112.48
112.407
114.366
113.431
110.011
109.337
109.177
112.653
114.903
114.401
114.26
117.63
117.094
116.941
116.356
115.129
115.935
115.68
115.497
116.654
117.504
115.566
115.856
117.432
117.487
116.868
116.426
118.06
117.865
120.92
121.542
118.875
115.459
115.395
116.117
115.125
113.303
111.981
114.127
114.055
113.717
112.19
113.91
113.103
113.203
114.713
113.841
114.459
114.599
114.127
113.062
114.455
113.561
111.339
107.906
107.73
108.779
109.386
109.328
108.254
109.007
109.683
107.425
109.134
111.457
109.747
111.242
110.704
109.942
111.207
109.615
109.719
109.503
111.947
113.555
112.293
112.664
112.373
112.741
110.812
110.206
109.689
110.624
111.948
113.135
115.601
118.046
115.813
115.619
113.145
113.898
113.974
110.627
110.365
108.367
109.531
109.05
110.063
109.485
108.572
109.368
109.56
108.234
106.333
105.165
104.373
104.231
104.091
105.741
106.39
105.758
104.983
106.242
103.517
104.677
104.326
105.048
104.062
103.659
105.641
104.694
103.365
104.37
107.737
109.799
109.271
109.53
108.455
109.233
107.729
106.612
104.934
103.392
102.349
104.363
106.793
106.201
107.651
108.007
109.253
108.638
109.451
109.797
108.246
107.013
106.847
106.19
104.459
103.536
103.219
105.025
104.79
104.285
105.067
104.4
104.627
107.398
106.474
105.222
102.171
101.926
101.36
100.012
98.9012
98.4867
98.5457
99.067
100.673
102.291
102.916
101.769
100.062
101.109
101.24
102.263
101.812
101.47
98.7872
96.9798
98.6226
100.203
101.08
102.777
103.06
103.394
101.1
98.6186
98.3081
98.232
95.2103
92.5695
92.3336
90.9011
90.7044
90.1364
87.9676
87.1592
86.8991
87.3825
87.6106
88.2238
89.7255
89.1612
89.2287
90.1385
88.5305
88.5333
87.2841
86.5073
85.5371
85.3468
85.6447
83.7726
82.6548
82.4909
83.1548
82.9983
83.7476
84.8443
83.812
83.8942
85.1769
85.6741
86.6708
87.2028
87.9984
88.3001
86.8332
84.46
84.265
85.5742
85.8063
86.9125
87.4592
86.6413
86.8104
85.643
84.4944
84.8672
85.6783
85.3147
84.6301
83.302
82.4343
83.782
85.464
85.3797
85.9617
87.3405
86.6403
89.6526
88.8142
91.5316
89.6147
91.3901
89.714
89.2744
88.6988
88.9581
89.9886
89.2997
89.3184
87.9526
89.1471
87.2999
87.661
89.2741
87.6121
86.0429
86.517
86.3372
85.7963
84.9737
85.3181
84.9363
84.1561
84.3804
82.5384
82.4046
81.6834
81.8102
81.389
83.1736
83.1262
83.9224
83.0431
83.0685
83.1645
82.3317
82.2459
80.9571
81.7754
80.9584
81.2053
82.7769
82.6258
82.6988
82.3794
82.1587
80.9778
82.6439
80.7236
82.1125
81.0883
81.2827
81.5721
82.4538
81.3189
80.5188
79.613
81.0206
79.6747
79.3944
79.765
78.6422
81.078
79.9904
80.0867
80.7961
80.2209
83.4389
84.0415
85.2664
84.8277
85.7749
86.452
85.2436
85.4909
84.9199
84.7126
84.2215
83.105
84.4097
83.4756
82.2938
81.5589
82.123
82.6598
