99.31
98.0902
98.7863
100.929
101.787
103.755
103.212
101.804
102.117
103.509
103.426
104.735
104.235
104.234
103.353
103.378
102.921
104.683
104.884
104.359
102.58
101.746
103.101
104.637
103.821
103.765
105.314
107.295
105.614
106.846
108.393
108.073
109.507
109.018
108.51
109.379
110.711
112.01
114.541
115.21
115.707
113.996
112.386
111.281
109.803
111.147
111.316
113.615
112.367
113.005
111.121
109.015
110.932
110.341
110.684
109.734
109.779
109.156
108.125
108.349
109.076
107.762
109.873
110.257
108.286
107.454
104.057
104.148
103.681
104.598
103.945
102.003
103.447
103.123
103.067
103.983
104.089
102.198
103.35
102.011
102.299
101.882
101.815
99.7854
96.8245
97.3169
96.4752
98.4203
97.9113
99.6379
99.1005
100.166
101.918
101.363
101.023
100.634
103.428
102.988
102.694
106.011
103.722
104.483
105.791
105.808
106.428
106.478
104.929
104.217
103.979
104.887
103.501
102.871
102.79
105.078
106.344
105.93
104.884
106.204
107.011
108.3
108.04
107.77
110.651
110.222
107.265
106.153
105.208
105.086
104.191
103.968
102.669
101.44
99.1676
97.5953
97.6598
99.9142
102.289
101.439
100.465
98.7276
98.3522
98.3289
98.1332
96.8463
96.6582
96.5266
95.0732
95.76
97.178
97.4668
96.6574
95.3159
96.1831
96.0313
95.4577
94.6033
95.8547
92.7728
92.0064
90.8691
93.0769
92.9378
90.4928
90.9783
90.8029
90.495
91.2943
93.1379
92.2803
91.1487
90.4767
89.864
88.4813
88.9259
90.3878
91.0119
91.3239
90.5772
88.7255
88.9044
89.2986
88.6415
89.8384
91.1533
88.9345
90.3842
89.7366
90.9297
92.6813
91.633
90.8227
90.2687
90.3879
89.8597
87.5239
88.2197
87.2488
88.5246
88.9063
88.7362
89.7232
89.5962
90.7472
91.5857
94.0448
91.1656
89.7446
90.0195
90.5492
91.2999
89.6666
90.9774
90.7123
89.0813
89.6595
89.3626
88.4195
89.2203
89.0867
87.9722
89.5415
90.5932
89.6868
89.6793
90.1119
88.9929
87.6409
88.3145
88.5583
90.098
88.7841
87.7879
90.4972
91.7144
91.9847
92.2942
93.5017
95.7648
95.5692
95.1335
95.0573
96.6586
96.4248
97.8006
98.2995
97.4333
99.2961
100.637
99.9944
98.5079
99.3522
97.8928
96.5945
98.5036
102.262
104.482
105.368
106.09
106.092
105.773
105.713
106.683
104.697
106.638
107.798
106.954
105.275
103.915
101.278
101.167
103.169
105.992
105.292
105.252
103.645
102.629
102.233
104.743
106.961
108.17
107.971
107.905
109.711
109.879
111.012
111.694
111.503
111.682
112.17
113.064
114.582
111.693
113.595
113.755
111.934
108.906
109.71
109.206
108.792
110.008
110.545
111.294
108.081
106.995
106.449
106.058
106.692
105.028
104.76
104.679
104.749
102.966
103.054
104.608
104.929
102.35
103.109
102.25
103.016
104.747
106.374
107.487
106.07
104.352
103.731
103.292
105.055
105.564
105.951
106.517
108.773
109.765
108.489
109.108
106.888
107.768
109.756
109.325
111.323
112.676
114.848
117.885
117.135
119.448
119.082
120.019
119.566
123.151
120.559
121.074
121.14
120.6
121.532
121.698
124.001
123.561
122.855
122.512
122.986
122.051
121.254
121.386
120.347
120.399
120.316
122.171
121.075
121.306
125.928
125.706
126.047
125.3
127.452
126.749
124.749
124.004
125.296
127.559
126.049
126.647
126.507
126.645
127.839
128.374
125.811
123.482
122.833
122.093
120.612
119.572
120.27
119.169
122.307
121.804
123.034
122.443
120.232
119.916
119.405
118.75
121.041
122.609
123.811
124.818
123.137
122.711
123.539
124.379
124.493
125.142
125.279
127.816
131.401
132.107
132.899
132.771
133.527
133.751
132.506
131.855
133.776
132.625
136.121
136.483
134.267
137.756
134.696
136.021
135.93
135.27
135.675
133.955
133.016
132.789
132.351
131.902
132.515
134.758
136.544
135.778
135.678
133.415
132.033
129.038
128.178
128.209
125.735
125.783
124.295
124.697
126.017
127.658
126.037
125.38
126.908
125.901
125.027
126.601
126.196
128.859
128.736
130.744
130.293
127.929
126.962
129.392
130.349
129.194
129.831
128.516
128.244
132.957
134.743
133.337
134.081
134.231
132.389
133.57
135.392
139.831
136.597
133.524
133.54
134.106
131.943
131.003
130.815
129.743
127.976
129.49
127.843
126.289
129.598
129.653
132.312
133.372
132.074
131.649
134.631
132.723
132.434
132.476
131.216
130.679
127.951
126.672
128.977
128.852
128.656
129.253
126.379
127.717
128.872
130.397
131.479
128.056
130.469
129.124
130.81
129.788
130.402
128.182
130.592
130.044
130.139
128.774
130.04
130.617
134.816
137.185
139.088
137.939
139.448
138.303
137.458
138.856
138.196
136.818
137.316
136.381
136.519
135.159
135.932
136.359
136.117
136.063
135.456
135.234
135.894
134.371
132.526
129.735
131.974
136.13
137.235
136.241
138.197
139.962
137.115
142.725
140.268
140.164
141.612
140.365
141.086
141.494
137.174
136.985
136.897
136.871
133.919
134.054
131.055
133.055
133.588
133.706
136.001
134.494
135.617
137.625
139.036
134.268
136.403
138.3
137.934
137.99
137.369
139.137
140.608
142.762
144.287
142.062
139.522
137.276
136.581
136.576
138.02
138.57
137.744
137.814
