101.869
100.495
100.098
101.62
105.313
106.283
107.174
108.117
106.166
107.46
106.655
106.284
106.427
106.858
106.986
108.12
107.38
109.438
109.123
110.12
111.822
111.782
111.65
109.762
110.417
111.513
112.021
114.916
115.334
115.393
114.452
113.023
110.861
112.579
110.985
109.252
109.914
112.179
114.857
112.598
112.093
110.678
111.96
113.06
113.741
114.23
114.019
114.378
115.977
116.938
116.529
113.082
113.133
109.888
111.994
111.995
110.394
111.904
112.251
108.754
108.57
109.341
109.448
107.335
108.243
110.87
111.123
110.627
109.634
108.778
109.539
110.257
107.159
107.484
109.974
109.431
108.412
107.7
107.187
107.349
106.99
109.767
110.611
113.456
113.282
114.303
114.812
116.269
114.258
114.379
115.309
116.367
114.811
113.994
112.564
111.067
111.716
110.995
110.861
111.076
108.785
108.527
107.766
110.075
109.186
109.627
109.04
108.663
111.079
108.945
108.873
108.461
109.307
106.126
105.888
106.984
104.091
102.208
103.047
102.478
101.771
100.563
100.204
100.081
100.911
101.813
101.714
101.41
99.6912
100.188
98.9515
98.0284
99.2403
98.972
99.9685
97.3894
95.333
96.8965
97.1685
97.4878
96.6129
96.0371
94.6811
97.3242
96.3138
95.04
95.9839
95.3252
95.0097
93.4107
95.4455
93.9407
95.5166
94.9608
94.6435
93.9467
97.2595
96.7831
97.1823
96.3289
98.7667
99.7233
97.3086
95.9049
94.6741
95.3667
96.9809
95.6006
96.218
96.6624
96.8571
96.6253
98.5771
97.2046
96.065
95.8146
95.4601
95.026
94.4456
94.6159
94.0826
91.9575
91.7569
90.1463
91.2352
90.9841
90.2371
91.4801
89.0551
88.4159
88.2848
87.8982
88.557
87.8132
87.7741
87.027
84.8982
84.0878
84.9283
85.4001
85.296
86.7004
86.485
87.83
87.8675
88.0127
87.7387
88.0543
89.0742
88.1234
86.5991
84.7849
85.6829
86.6828
88.6618
88.3908
88.0534
89.1548
87.8158
87.7831
87.6138
89.4986
89.8055
90.6617
90.5805
91.8633
90.2283
88.0805
87.3517
87.0374
86.6464
85.9813
85.6122
87.7803
86.0686
87.9774
88.4645
89.2235
91.6535
90.3104
89.7181
89.3687
90.0016
89.2351
88.3583
87.8227
86.9794
87.3144
88.7594
89.8676
89.712
87.7791
88.2719
87.2748
88.2435
89.3365
90.1729
90.9219
89.5808
90.7593
88.8976
89.6104
91.3486
89.7526
90.2245
87.8755
89.2157
91.4815
90.4094
91.9727
91.4263
90.5116
89.6004
89.4221
89.2555
89.5344
90.782
90.1946
89.988
88.7659
89.8175
90.4268
92.6784
95.1659
95.4663
96.475
96.0447
95.0259
94.701
96.7676
96.6297
95.9212
97.1104
98.8248
99.5413
100.4
101.802
104.889
104.66
104.255
104.083
103.691
103.919
103.353
101.34
101.019
102.988
102.602
103.096
102.751
104.382
103.79
103.696
104.118
104.04
104.908
104.841
107.077
105.803
104.536
103.678
104.71
103.944
104.693
102.69
103.186
103.052
105.123
104.104
104.111
105.621
104.877
104.86
103.385
100.512
99.2374
99.505
99.6728
99.6662
100.706
100.324
98.8733
98.3301
97.7499
97.2977
96.883
98.2922
96.8906
98.212
98.6032
98.2259
97.3102
95.421
95.0054
95.206
95.6538
96.7207
99.4364
99.7835
100.49
100.803
100.059
100.367
100.534
99.9394
98.8989
98.5382
99.6816
100.505
100.717
101.19
98.7187
99.7141
100.356
102.943
102.268
102.965
104.89
105.147
104.58
105.318
107.411
107.622
108.055
108.33
109.884
109.602
112.234
113.557
114.08
117.168
116.493
115.817
116.39
116.913
115.414
113.661
114.054
113.987
110.026
110.229
109.726
106.287
104.55
105.396
106.331
107.315
108.303
106.756
106.272
106.768
107.17
106.87
104.936
106.184
106.006
107.646
108.957
109.613
111.181
112.64
113.279
113.763
115.811
115.465
116.966
118.444
117.798
116.557
118.859
118.119
118.566
118.021
116.335
114.021
115.097
115.11
115.09
114.594
114.508
114.343
116.712
117.708
115.928
116.964
115.97
114.406
114.454
116.678
113.792
112.368
114.111
113.959
116.297
118.849
118.401
118.872
119.032
119.578
118.937
122.474
124.799
124.74
124.247
124.325
124.404
123.481
124.574
121.958
122.741
122.874
121.129
121.823
121.68
121.685
122.81
124.191
124.61
123.415
122.6
123.735
125.194
124.821
121.588
122.027
122.349
123.173
121.662
119.79
120.449
120.843
121.669
124.424
127.883
127.602
127.347
128.585
131.462
132.097
130.422
130.503
129.134
129.732
129.555
130.197
129.53
130.732
129.701
129.615
128.65
129.379
131.932
131.908
133.386
131.009
128.593
133.116
134.378
136.011
137.746
140.738
140.782
141.757
143.846
142.992
142.783
148.395
145.229
142.736
137.895
141.516
140.657
141.217
140.185
142.084
142.234
141.874
141.796
139.093
138.225
138.962
134.793
135.017
137.044
139.702
139.582
141.962
140.16
140.327
139.961
141.282
144.119
144.865
144.757
147.319
151.099
150.351
150.468
148.598
146.433
147.968
147.7
145.95
146.945
147.144
147.848
148.763
148.045
150.236
150.071
147.267
143.132
140.539
142.412
143.228
144.577
149.39
153.596
151.961
151.846
154.916
156.943
153.632
152.714
154.704
155.583
155.074
154.078
155.126
153.926
152.544
151.29
153.078
156.272
152.076
150.831
147.929
146.86
147.314
143.648
