100.016
100.065
102.785
104.039
104.256
104.692
105.714
107.151
105.937
105.53
104.995
105.092
104.944
107.245
104.967
102.855
102.934
102.128
101.141
101.586
103.007
101.137
97.6017
97.093
96.3824
96.842
96.2022
98.0115
96.0594
96.3605
95.5297
95.7802
96.3309
95.9805
94.2361
93.6447
92.9768
93.51
94.2489
94.942
95.7895
96.9553
96.4935
95.9627
97.182
97.3517
99.0672
99.742
100.642
98.9268
98.6583
100.015
100.124
98.5224
98.1781
98.2791
98.6502
101.289
102.472
102.506
102.007
103.446
104.548
104.541
103.985
104.687
104.456
103.9
103.437
104.908
106.179
106.847
105.32
105.332
104.525
103.701
102.342
101.831
102.891
104.263
102.086
102.584
104.436
103.244
104.236
104.031
104.074
103.482
103.926
104.393
106.289
106.021
107.549
106.574
106.019
104.494
102.463
103.132
102.32
102.111
103.011
102.783
102.09
101.774
101.029
101.64
102.065
99.3543
98.7086
98.0841
100.002
102.244
103.096
104.14
107.441
106.233
105.766
107.592
107.284
105.092
105.54
104.864
103.334
102.242
101.782
100.406
100.948
101.006
101.037
101.904
102.069
101.825
100.188
101.159
101.391
100.893
102.091
105.515
104.053
106.092
104.2
104.1
105.283
104.213
104.896
104.665
104.099
104.89
105.557
104.903
106.192
105.891
105.785
106.534
104.986
105.944
106.872
105.634
107.507
108.557
108.21
107.334
106.09
104.604
103.558
104.907
102.504
104.69
105.957
105.605
102.683
103.564
102.41
100.176
102.282
102.073
102.572
102.294
103.195
104.92
105.256
104.703
104.319
105.091
103.823
102.763
104.242
102.814
103.245
104.147
107.708
107.306
110.381
109.748
111.622
110.582
110.844
112.954
111.452
107.248
106.254
105.448
104.304
103.423
102.829
103.839
104.303
105.211
104.65
105.296
106.297
108.15
105.692
106.6
107.374
106.98
107.763
107.229
106.463
105.14
105.54
103.85
101.781
101.864
103.645
103.371
102.164
102.726
102.844
102.036
99.0432
99.7012
99.7345
100.218
99.2222
98.6254
98.6402
98.8536
98.987
96.247
95.9723
96.5111
95.8357
95.8322
95.9648
94.5605
94.9461
93.4861
89.9036
88.1525
88.8678
87.8685
86.0318
84.9856
83.57
83.7675
84.1875
84.9023
85.6392
84.9633
86.2994
85.8953
86.6114
86.8257
86.3437
86.9751
87.2628
87.4261
87.4045
86.8492
86.7504
87.6807
89.251
91.4498
94.9709
94.9128
95.2601
96.3234
95.7994
94.4648
94.004
96.4142
97.3918
97.2125
96.19
96.023
98.1897
100.716
102.604
103.117
101.426
100.466
99.6772
98.5425
100.177
100.488
99.9511
99.1348
98.9374
100.175
101.044
102.123
102.643
104.125
103.115
103.804
104.499
107.347
105.182
106.657
106.274
104.937
102.978
101.203
101.267
100.546
98.8757
97.8045
98.6722
100.167
101.173
102.115
104.734
100.53
100.919
101.703
98.6992
99.3642
98.0962
96.8048
97.556
97.575
97.2014
98.9215
102.035
101.357
101.697
100.737
101.607
102.16
100.905
100.486
100.928
102.107
99.7162
99.1601
99.2943
99.0373
97.0171
96.6655
93.0715
90.0281
90.2071
90.2484
89.8507
89.9909
90.523
89.2749
90.9529
89.9106
91.5326
91.5982
91.1598
89.6228
89.9923
88.7407
87.6733
87.1328
88.1262
86.959
89.2275
87.5377
86.9705
88.5523
88.7752
89.3471
91.3779
89.975
90.3006
90.3298
89.9823
90.0818
87.7358
89.5251
89.4616
90.559
92.3157
90.8098
90.9108
92.8176
92.9859
94.6346
94.8514
93.823
93.5023
94.9541
93.3305
94.1485
93.0741
92.8446
93.297
92.5936
92.905
91.8089
93.5421
94.6436
94.1544
95.5158
94.1872
93.5338
90.5973
92.4521
92.9163
93.8677
94.2643
93.4109
95.1091
95.4957
95.2246
94.3011
94.4226
91.2408
90.9714
91.3242
91.5281
91.9692
92.8294
92.1671
91.7199
92.1765
92.8202
95.8424
96.7705
97.088
95.2445
94.1615
95.2386
95.4016
94.0477
93.3442
93.6081
94.6802
94.1695
94.9806
96.2363
94.8195
96.0327
97.0323
98.866
100.865
101.577
102.09
103.087
104.837
104.809
103.837
105.357
104.867
104.068
103.771
101.41
101.845
101.057
99.9831
101.522
101.862
101.257
101.85
102.101
101.276
102.743
103.179
103.78
102.737
102.22
102.65
101.163
102.529
102.139
102.157
103.916
104.442
103.038
100.974
101.308
102.153
101.918
102.333
102.939
102.328
102.569
101.412
102.795
102.737
102.703
103.385
104.555
104.644
103.08
103.123
100.635
100.232
99.0724
98.5151
100.287
101.645
101.003
101.433
102.237
102.134
102.856
102.405
104.099
104.269
103.959
104.97
105.844
106.939
107.576
106.129
104.135
103.303
101.561
99.1576
98.7748
97.7136
97.3458
95.4034
95.6062
95.3368
95.0456
93.2362
92.3551
92.5837
92.9025
94.639
93.0686
92.0298
91.6714
93.0455
94.1737
93.5476
93.4455
94.4223
98.0337
97.952
96.5532
96.8911
98.4703
99.8854
101.338
100.049
98.7468
97.4864
98.3859
97.1767
96.3974
94.6038
96.6867
97.2762
98.3231
97.4417
98.1242
98.8752
97.8062
97.6435
98.8662
98.1624
97.1117
97.5886
98.5159
98.7809
98.8236
99.9431
100.66
100.699
102.292
100.906
103.053
100.88
101.565
100.783
99.1388
98.2307
99.0439
97.6842
96.9502
98.4645
98.6331
98.2713
96.9112
98.1085
96.9531
96.1445
98.1305
98.5183
96.3048
95.9477
96.5233
95.5244
