100.323
101.215
99.6509
98.7123
99.8503
101.001
100.587
103.607
104.646
104.879
103.05
103.363
104.259
104.226
104.1
103.274
103.999
102.93
101.433
102.167
101.671
101.121
101.804
103.096
105.799
107.442
108.246
108.234
109.239
111.362
110.213
109.564
110.983
108.185
107.924
108.319
108.009
106.424
106.255
104.737
105.341
104.029
103.863
104.962
106.749
104.888
105.666
106.862
106.443
106.619
106.465
104.724
106.214
105.623
104.331
103.767
104.39
103.619
105.534
105.268
105.036
105.712
105.602
105.486
106.754
109.071
107.758
107.361
108.677
106.591
106.617
108.034
110.024
111.339
111.266
110.152
110.026
112.136
111.7
112.516
111.333
112.238
112.66
110.219
110.495
110.64
108.243
106.507
107.065
107.464
105.926
105.085
107.918
108.58
109.057
111.447
113.98
114.101
110.687
111.857
111.597
110.481
111.307
113.13
111.774
111.279
111.977
111.329
113.497
114.065
114.581
114.516
114.32
115.807
116.302
115.09
115.143
116.042
115.784
117.156
118.145
119.817
119.501
121.199
122.645
122.25
118.745
118.734
118.039
119.671
117.812
117.525
116.998
116.297
117.374
119.845
115.506
113.894
113.603
113.487
114.624
115.085
116.42
116.654
118.658
118.49
117.072
117.67
117.477
117.132
119.467
121.678
120.072
120.39
122.365
122.213
120.968
121.625
121.555
122.163
120.402
118.993
118.632
119.195
119.454
120.577
123.192
124.028
122.218
120.444
122.09
122.679
124.677
124.978
124.027
125.65
126.002
128.138
128.639
125.321
125.458
125.367
123.957
122.759
121.721
121.745
122.339
122.047
121.292
120.695
120.603
122.025
122.926
120.22
118.09
116.104
116.898
114.134
114.797
116.665
117.022
116.12
113.913
113.84
114.261
113.104
111.609
112.075
115.361
115.495
115.018
115.644
118.649
117.44
117.126
117.697
119.188
122.173
120.559
120.461
119.85
121.105
119.196
120.954
121.722
119.31
118.392
115.989
116.252
116.395
117.273
117.726
118.291
117.849
118.431
117.962
118.562
118.852
117.408
117.201
117.608
117.174
120.64
120.068
120.338
120.782
118.767
118.805
119.556
121.58
121.054
120.242
120.389
118.585
119.044
118.92
118.772
117.843
118.453
118.883
119.436
120.259
115.949
111.524
109.785
110.884
110.452
109.671
110.585
111.917
114.665
113.653
116.392
114.185
112.752
112.549
112.172
110.965
111.312
112.176
113.02
111.863
110.932
111.06
111.032
111.544
112.233
111.554
112.956
112.289
111.992
111.696
111.854
109.801
107.605
108.033
108.309
108.871
108.524
110.822
110.517
110.981
111.565
113.451
113.254
111.456
110.231
109.434
108.321
112.524
112.718
114.075
112.71
111.907
112.723
112.461
114.648
115.195
117.489
113.386
110.19
110.785
110.564
109.679
109.151
109.59
111.351
111.257
112.967
112.622
113.427
112.837
112.522
112.472
109.809
109.386
108.624
109.606
111.146
111.457
111.033
113.187
113.632
113.104
112.095
113.943
111.996
113.285
116.274
115.121
114.355
113.542
114.385
115.155
115.785
113.57
113.914
113.287
112.527
112.013
112.437
112.07
114.206
112.894
112.254
110.809
112.222
113.695
111.281
112.876
111.855
113.106
111.532
112.069
111.81
110.984
110.186
108.87
108.162
107.141
104.615
106.417
106.523
107.07
107.621
107.756
108.496
108.815
110.505
107.767
108.845
108.005
107.878
106.684
105.638
107.483
109.566
109.964
109.892
111.303
109.162
107.795
107.666
108.789
112.01
112.394
112.963
114.384
114.165
113.948
116.018
117.089
115.812
114.574
115.155
114.776
118.144
121.501
120.429
123.024
121.97
125.827
125.14
126.652
127.364
128.176
127.789
128.271
133.633
136.47
135.974
136.811
138.131
137.355
137.745
138.559
138.496
137.063
137.918
137.637
135.682
138.548
135.202
133.799
132.369
134.598
133.794
133.72
135.084
135.89
137.219
140.675
140.217
140.256
138.978
139.823
139.256
138.245
139.599
139.628
137.323
138.216
139.111
140.789
137.467
137.141
137.073
139.403
139.973
142.097
141.446
142.646
141.028
142.621
142.379
143.45
143.716
144.296
144.298
146.9
148.256
145.399
144.286
146.132
143.829
143.513
142.099
143.518
142.598
142.096
142.484
139.575
137.397
135.998
135.822
133.533
134.076
135.28
134.876
133.745
130.257
131.104
129.54
128.204
129.14
129.65
131.516
135.481
134.609
134.829
137.964
132.971
136.353
137.473
139.901
140.217
140.352
139.536
139.439
142.054
141.543
142.306
141.559
142.232
142.929
144.01
144.993
140.855
136.028
137.489
140.56
141.67
145.712
148.75
148.974
146.952
146.77
145.796
146.01
146.067
145.559
145.034
145.498
144.724
144.914
145.366
146.739
145.925
145.635
146.248
145.045
143.445
141.425
140.909
139.435
138.909
138.723
138.259
137.3
136.74
137.656
139.847
139.248
139.334
139.294
139.431
140.025
142.719
142.014
138.614
141.717
141.085
140.929
144.177
143.055
142.141
143.691
142.316
145.188
144.744
145.529
146.063
144.188
145.066
147.313
146.56
144.564
147.099
149.407
150.066
154.389
156.066
156.214
156.824
160.21
162.261
163.881
163.837
162.869
163.54
