98.8162
98.8363
99.3724
97.0813
98.6538
97.297
98.1019
97.9007
97.5958
97.2245
97.5696
97.2078
97.0649
95.9291
93.9741
95.8283
94.5063
93.5412
91.177
91.5722
90.557
90.0708
90.7216
91.5191
89.8119
91.8193
92.9725
89.7936
88.9884
88.5305
87.81
86.2175
86.7442
84.805
86.5345
88.5214
90.7551
88.5141
87.3557
86.6688
86.2468
86.9149
86.53
87.794
88.6906
89.6415
88.5033
89.2874
89.0367
89.018
89.9588
88.8255
89.3237
88.5032
89.1947
89.1093
89.5434
89.6166
87.3347
88.1191
87.4657
87.0226
88.8523
88.4149
87.7265
87.4061
87.6972
89.4572
88.7093
87.9402
87.0153
89.3599
87.6233
87.6103
87.2329
86.9897
86.8213
88.4715
89.3717
89.4636
89.4613
90.7923
90.8877
91.2279
88.7992
90.7749
92.4182
93.5183
95.1887
95.3431
97.7956
100.015
100.074
97.5434
98.0004
99.4029
99.314
98.0257
99.7231
100.61
99.3166
98.312
97.9161
97.7729
97.1715
98.3565
99.2838
97.4542
97.0163
99.9288
99.8286
99.3242
102.16
101.9
101.368
100.918
100.617
102.288
103.46
105.708
105.802
104.633
104.575
106.064
103.315
105.339
105.578
105.032
103.155
103.595
102.737
99.8697
98.1042
99.4102
99.4081
99.3186
99.09
96.012
97.4045
96.279
95.7979
93.7982
94.2125
94.2713
95.4037
94.4732
94.5776
95.5071
95.2095
94.9003
96.3368
98.2724
101.312
101.622
103.43
102.008
102.581
103.593
104.936
105.773
105.778
107.202
109.816
111.317
110.754
109.347
112.081
113.519
111.219
112.342
110.777
112.59
112.698
112.069
110.856
111.196
111.607
113.112
115.656
117.207
119.113
118.82
119.476
116.949
117.18
118.8
117.562
114.797
115.14
116.262
115.476
115.161
114.651
115.57
119.393
117.936
117.761
119.082
119.474
120.257
120.764
121.008
121.28
122.873
124.327
124.872
125.684
123.406
123.876
126.348
127.391
129.887
131.169
131.344
130.096
130.937
133.699
132.258
133.021
137.205
138.047
138.063
139.116
135.574
135.374
136.021
132.181
130.891
129.84
130.686
128.945
129.344
130.22
130.936
132.812
132.687
133.73
132.159
131.103
131.8
133.477
132.653
131.977
132.255
135.276
136.275
136.882
139.141
137.438
135.56
136.785
136.21
137.671
139.229
140.319
141.063
144.434
143.112
144.88
145.902
146.415
146.625
147.35
148.375
148.765
147.059
146.977
148.096
145.472
149.382
150.169
148.042
146.17
146.97
145.058
144.437
142.942
143.488
143.919
144.098
144.448
144.748
144.003
146.22
146.775
147.215
145.41
142.741
143
140.84
140.897
138.662
139.7
138.949
139.472
141.079
138.712
137.098
138.721
138.219
140.226
136.601
137.647
136.221
135.455
134.622
133.908
133.1
131.17
134.681
133.044
135.442
137.539
136.205
132.687
134.847
135.861
134.643
134.727
134.647
134.646
131.51
128.48
127.203
125.023
126.834
131.099
129.526
131.871
132.636
134.099
135.616
137.873
136.278
137.941
135.026
137.423
137.514
138.99
137.304
136.483
138.198
135.68
135.358
132.378
132.652
134.175
135.528
135.675
135.318
136.865
135.873
135.154
136.168
136.489
137.896
136.762
134.858
135.03
133.305
133.904
132.931
133.527
134.673
133.941
131.955
132.463
132.387
131.037
132.23
129.139
131.252
129.636
128.482
130.8
132.733
133.716
135.353
134.493
139.861
142.889
138.151
137.105
133.324
132.643
132.838
131.664
130.029
131.235
132.924
136.411
139.068
143.431
140.402
140.494
141.278
142.882
146.645
149.595
154.026
151.942
151.928
151.122
154.819
156.09
156.628
161.147
162.615
161.696
159.104
159.137
157.051
160.224
161.38
163.899
163.888
163.023
165.023
164.749
165.47
164.899
164.826
162.384
161.081
163.847
161.628
162.697
162.739
160.813
162.677
162.739
161.444
161.611
159.349
161.306
164.924
165.077
164.61
164.764
167.128
164.819
161.584
158.365
160.049
157.908
159.833
160.16
163.571
167.791
167.584
169.675
169.179
166.985
166.604
165.699
166.727
165.274
164.561
166
164.452
163.359
166.31
164.435
165.704
168.89
162.549
162.559
166.591
163.497
164.192
167.339
169.087
167.751
167.084
167.162
168.37
169.351
167.606
166.112
169.638
172.949
173.604
171.336
172.651
172.721
178.907
180.111
178.272
177.24
172.603
174.856
173.188
171.443
167.169
165.729
167.658
166.456
165.684
164.196
165.042
160.835
158.568
157.967
156.424
157.488
158.292
159.721
159.327
155.787
156.351
156.074
155.429
158.965
159.223
158.793
160.75
163.026
163.92
165.556
165.215
169.924
166.64
167.359
169.35
170.456
170.685
168.407
166.578
168.235
171.807
170.569
165.917
163.741
165.402
171.096
172.518
173.786
171.576
173.296
174.147
176.823
175.366
172.764
175.92
176.47
176.882
174.341
176.966
175.721
176.529
176.723
173.259
173.15
171.082
170.579
171.613
172.475
176.576
177.785
177.845
181.915
179.153
181.219
179.493
176.326
178.524
180.906
181.843
182.004
179.99
181.265
178.02
177.072
177.144
172.817
173.632
173.428
174.027
176.216
176.585
173.586
174.59
173.441
172.099
170.777
175.355
174.603
172.921
175.549
173.848
172.781
167.851
167.478
165.973
165.454
166.952
166.616
169.479
171.74
173.566
