99.1449
99.3723
100.752
101.196
102.957
101.625
100.711
99.9159
99.496
100.022
99.3365
96.7946
95.714
96.2217
96.6327
94.567
92.8824
92.132
91.5872
91.9569
89.2797
88.6992
87.6244
87.1685
86.155
88.1522
87.3215
86.5797
87.7472
88.8429
88.3879
88.6522
89.0644
88.4093
88.2398
86.1563
85.8819
85.9531
87.6854
86.3493
85.4253
84.9654
86.5445
87.3275
87.8114
87.9351
87.2395
87.3717
88.8773
88.1994
86.8007
86.2587
85.8928
87.6279
88.1949
87.064
88.1791
89.2968
88.6985
90.3221
90.7654
90.7765
92.0493
93.4272
92.2103
91.6586
92.8202
92.8972
91.4041
91.8625
93.2049
92.9594
94.1933
95.5349
94.147
95.3531
94.6031
94.3582
94.6086
93.4112
94.483
93.7212
92.7676
92.4165
91.1688
90.8115
90.2632
90.6016
91.948
93.5036
96.9031
97.138
97.959
99.7816
101.348
99.9729
100.245
100.494
100.33
103.134
104.269
103.716
102.852
102.072
101.105
100.265
100.606
102.169
102.798
103.326
104.649
104.401
105.61
106.004
102.744
100.086
101.101
98.7766
100.859
101.948
102.305
103.756
102.742
101.142
100.597
97.2622
96.794
97.3922
99.5221
98.0849
97.7772
98.8207
97.403
94.4322
93.8092
94.3853
92.8497
92.8594
93.7506
90.8309
90.366
90.4792
90.8116
90.5831
90.2477
89.8655
92.5224
91.3866
91.8398
89.5814
89.9262
89.3034
89.8474
91.1927
91.079
92.4219
91.6983
89.1709
88.3075
88.996
87.0772
87.7508
88.9274
88.9096
88.463
89.9202
89.4273
88.5793
88.7659
89.6431
89.0849
88.7827
88.0057
86.9246
85.2391
86.8455
85.0447
84.565
85.0485
82.7274
82.7113
82.7696
81.5257
82.9559
82.2223
82.5931
80.7213
82.2211
83.0411
83.1145
84.2051
83.9976
83.5916
83.5309
82.597
82.3132
82.1364
81.5051
80.9009
81.3892
79.9504
79.769
80.9941
79.0397
80.3541
81.5252
82.793
83.6845
82.8166
82.474
84.9868
84.0747
85.234
84.0347
84.362
85.1894
84.8262
83.3792
83.271
82.4713
81.2794
80.0142
80.9445
81.5292
83.1592
83.8351
82.4383
81.1482
82.0882
82.641
84.2014
81.8635
80.6422
81.6975
81.1983
81.9556
81.7471
81.6067
79.7146
81.4539
81.8634
81.9399
82.6211
82.9922
83.2052
84.6248
84.0811
85.7689
84.4369
83.5981
83.2341
82.0909
82.4902
81.6264
81.3583
79.7268
79.0417
79.5474
80.1511
79.129
79.1103
79.3031
79.633
79.1854
78.5956
77.8049
78.1766
78.6981
77.6316
78.2781
78.4439
77.3661
78.7883
79.1179
79.4771
79.624
79.277
79.593
80.4994
81.8795
81.5987
81.6689
82.4103
80.8785
79.5481
78.5739
78.4129
77.7574
78.0814
78.8873
78.9509
78.3828
78.9579
80.2365
80.4981
80.2904
80.811
80.3466
80.8043
79.4311
78.9039
78.9103
78.4678
79.7897
79.2977
79.9512
78.7517
80.2962
79.9833
82.0089
81.8249
82.602
80.5178
83.1602
82.9359
82.7527
82.7487
82.3202
81.7871
79.9808
80.0616
78.6872
78.1541
77.6735
78.2527
77.6587
78.8271
79.1437
78.7329
79.5193
78.195
76.5941
76.1925
76.0279
74.445
74.5907
73.8763
73.2277
73.1619
72.7323
72.0582
71.8503
71.13
70.5297
70.3328
70.2837
70.7753
69.1261
69.4621
69.3492
71.9201
71.9432
71.5045
71.1515
71.9221
71.6008
72.1246
69.9311
70.1692
69.4728
70.4761
70.4971
68.7426
67.4054
66.9779
68.3474
68.4135
67.4047
67.1144
67.0342
66.0538
64.5565
64.6818
63.2845
62.5033
63.0676
63.5658
62.5165
63.9158
64.1742
63.7647
64.5141
64.9898
65.175
64.8489
64.5966
65.5065
66.8041
68.5409
68.9007
67.8295
67.019
67.7594
68.1612
68.6229
68.0913
69.4002
69.0229
70.3118
70.5572
69.7552
71.3231
70.5451
70.0213
70.0159
69.6745
70.4265
69.2869
69.4247
66.8052
65.5656
65.1205
65.9631
65.7826
67.2034
68.0633
68.8611
68.0321
67.6358
67.5399
66.1299
65.6494
66.4796
65.9249
66.6413
66.6114
66.5912
66.3282
66.7418
66.9235
66.5932
65.12
65.3212
64.2479
63.9834
65.0287
65.6183
64.4922
64.9298
64.5757
65.0471
65.8119
65.9638
63.7424
63.1259
63.327
64.6221
64.8294
64.9637
63.5198
65.0446
65.609
65.6675
65.1095
64.3028
63.293
63.79
62.2704
63.3064
62.7947
63.5546
62.5188
62.416
62.4861
61.0065
59.2504
59.959
59.8006
59.288
59.3991
59.5203
59.0318
59.9899
59.2141
58.6891
57.8963
57.4451
57.7241
57.5462
57.3482
58.8522
59.1096
59.9471
59.8629
61.0401
61.3762
62.2902
62.2546
61.7785
62.4948
61.2047
62.0085
63.3777
63.0212
63.4091
63.6056
63.1398
63.255
63.9296
65.0685
64.6279
64.8277
63.9616
64.146
65.0231
66.5738
68.1482
68.5506
67.6184
68.0283
68.3271
67.1359
67.8239
67.6904
68.0244
69.0468
69.6902
68.9521
69.9856
70.0046
68.8036
68.7629
68.0522
68.8979
69.9004
70.0923
69.535
69.5943
69.2186
68.8061
68.8136
67.5763
67.0817
67.9854
69.1013
69.4203
68.8405
67.2096
67.5604
68.526
68.1993
67.9287
68.6183
68.6438
69.6734
69.5529
68.6157
67.3697
65.3574
65.0532
64.3219
64.9775
64.9388
65.5633
64.3542
64.4831
64.9603
66.5066
66.9927
67.349
68.3363
69.0681
68.4198
67.6932
68.5051
68.5758
68.3055
68.365
67.6146
68.3656
68.1997
67.9445
67.8491
67.9603
68.395
68.0508
68.5928
68.5511
68.6723
68.1884
68.5299
67.5762
67.1052
66.0334
65.9389
65.2288
65.4637
66.6223
65.7721
65.7453
64.6241
64.6906
64.4408
65.0031
64.4609
63.4638
63.4431
63.2456
63.6181
63.5901
