101.156
100.429
101.069
101.41
98.7857
97.0542
98.5248
96.1873
94.1822
94.4481
94.4648
93.5061
93.5589
93.8961
93.9641
93.361
93.5238
93.337
93.2448
92.6653
92.1699
91.6257
90.9997
91.6828
91.9802
90.8445
90.8304
90.0047
89.4732
92.7014
92.5818
93.0686
92.983
93.0238
92.7296
89.6964
90.1219
90.8422
91.2151
91.8267
93.0159
93.15
91.6955
90.4101
92.9357
91.8197
92.8013
92.1552
90.7758
92.3141
91.9892
91.2116
89.8061
88.6189
88.5483
89.3835
88.8605
89.902
90.1031
89.6787
87.1776
87.1506
87.2037
86.2773
86.0751
86.1446
86.7418
85.6334
83.8404
83.5529
84.3509
83.6877
82.5374
82.7123
82.4703
82.7752
81.7973
81.7289
79.8311
80.8951
81.0039
80.65
80.7459
80.8864
81.4565
80.7001
81.7234
81.278
81.2698
82.0644
82.8289
83.6335
83.2463
84.0759
84.72
86.6811
86.5699
87.1463
84.845
85.0196
86.1783
86.7822
88.5633
90.4867
90.4425
90.9901
91.4395
93.9306
94.4541
94.6218
93.749
94.5667
94.4092
93.0487
93.5376
93.3709
94.2572
93.9156
94.4317
94.7686
94.0305
93.3814
92.8446
92.1532
90.3349
89.03
90.3776
90.3767
90.2594
89.7885
87.1668
87.3226
87.1789
88.8837
89.5411
89.913
91.3764
89.4793
89.735
89.5171
90.6376
92.2063
91.3124
91.6695
91.5326
91.8995
90.9495
91.248
91.4799
93.6467
94.2486
93.1608
93.1142
93.0265
88.9877
88.2802
88.9558
88.8779
89.6539
88.938
87.7392
89.7654
88.3226
89.5787
89.3414
88.1213
87.6881
87.7979
87.6417
85.8957
87.7566
87.9557
86.8488
86.6894
86.2306
85.6177
85.5543
84.851
83.091
83.2016
82.7664
83.7383
83.3712
85.6765
85.8036
84.1399
84.2899
86.0223
85.546
84.99
85.1239
84.3173
83.9511
85.1826
85.9298
84.831
84.0924
84.3432
83.5174
82.7771
82.4862
82.0444
81.7358
83.6578
81.5092
80.5617
81.6887
81.6912
81.463
83.8541
84.2409
86.3905
85.4531
87.5209
86.8737
84.9066
85.1643
86.6413
86.5299
88.4163
86.1318
84.7481
84.0728
81.4168
80.3901
79.5602
78.5819
78.3984
77.7771
76.9097
78.1863
77.8589
78.5027
79.3927
80.3281
82.0852
82.9473
83.6445
83.054
83.2945
83.0799
83.5015
82.9431
83.11
84.0798
83.9438
84.4596
84.5116
85.1527
84.0477
85.2229
86.1489
86.2284
87.5843
87.6411
88.1344
86.9727
89.1889
86.8058
85.8866
85.6753
85.3702
84.7861
82.559
81.3097
81.6322
81.6498
81.1784
80.899
81.6898
81.4208
79.6789
78.6823
78.2966
78.1071
77.8658
76.8264
75.6896
74.5806
74.3791
73.5709
73.0246
73.9492
71.6999
72.4625
73.1247
71.1196
71.8699
70.8457
72.6968
73.9734
74.5562
74.51
73.3579
74.9243
74.64
75.2883
75.6631
75.1175
75.715
76.2892
76.9251
76.2291
75.5297
75.7117
76.5608
77.1569
78.172
77.5221
75.2672
74.226
75.8688
74.7183
73.8832
75.5206
75.1499
74.7262
74.7534
74.6215
74.3233
73.4919
73.8286
73.4127
72.566
71.7613
71.1941
71.1631
72.0028
69.7319
70.0588
68.8906
69.8734
70.3735
70.3911
69.6198
70.0597
70.0342
71.5057
73.0217
72.7083
74.5224
74.1153
74.9156
76.7794
76.3168
76.1216
75.7726
77.2383
77.1513
77.2066
77.4754
78.0305
77.4058
77.6542
77.6922
76.0147
77.1728
77.4828
77.9887
78.2644
79.9678
81.2831
80.6323
79.3268
79.6492
80.3621
80.215
77.776
78.1589
77.0372
76.6813
76.5732
74.495
75.6655
76.2737
77.5672
79.0149
78.051
78.848
78.9054
80.0863
80.3775
80.635
79.5624
77.1769
77.0892
77.5628
78.287
79.25
79.7309
81.0231
79.8836
80.0093
80.2063
81.0717
82.9766
83.1727
82.2664
81.0962
81.8657
83.7702
85.2388
85.1599
86.395
86.076
86.4575
87.1296
88.2582
88.5264
86.6734
86.7668
85.6782
85.6587
88.0298
89.0334
89.2818
91.0006
91.5383
92.1354
92.2261
93.2372
92.919
92.7249
92.0562
92.0527
93.6679
92.9309
92.1374
92.3878
90.7953
91.5513
92.7547
95.3589
95.0831
94.9826
95.8602
95.1747
96.5042
95.2596
96.6312
97.5444
97.6215
97.4579
96.1921
96.6871
98.3897
97.6053
97.3476
95.4424
95.6876
97.5125
95.7017
96.3442
98.2995
98.8754
98.9273
98.9897
98.6749
96.5398
97.184
97.9044
97.9822
98.0352
99.474
99.9999
100.858
99.7192
99.1889
101.177
102.619
103.132
101.973
102.231
103.779
102.469
102.542
102.923
105.438
106.654
108.14
107.343
105.783
105.21
105.848
106.635
104.948
106.703
108.838
107.987
108.189
107.226
107.349
105.591
105.126
102.126
102.238
100.225
98.925
98.6536
101.316
100.387
100.109
100.793
97.885
99.0185
99.5876
99.9622
101.994
101.506
101.477
103.147
102.963
103.605
99.4451
97.9151
97.0618
96.1492
93.5358
93.0616
92.4626
94.3295
94.0731
94.7978
93.2834
94.0123
93.3741
91.828
91.8965
91.104
92.4994
93.6905
92.7593
93.6671
94.7673
97.7799
98.3403
99.5064
99.6954
98.0626
98.8632
98.6586
99.5391
100.045
100.627
100.268
100.952
99.882
99.618
100.029
98.5503
97.5277
98.8687
100.033
101.814
100.083
98.3085
98.7672
97.2165
99.7765
99.7714
100.717
101.725
100.219
99.9149
101.496
103.328
103.636
104.436
104.979
105.565
105.055
104.357
103.224
99.943
99.0828
100.616
103.736
103.639
102.137
101.798
102.009
100.354
102.444
99.9588
100.435
100.485
100.558
98.9765
97.0877
96.0183
95.9013
95.145
94.9407
92.7771
94.3181
93.7526
93.3846
93.9834
95.14
95.7046
