98.9164
100.06
103.606
104.161
104.182
103.102
102.117
100.315
102.87
103.997
103.196
101.61
102.108
102.579
103.298
102.005
101.568
101.649
100.604
100.007
96.8489
97.9168
97.8977
97.781
97.5293
95.9239
95.3153
94.7751
96.3134
96.3682
97.3165
99.4221
97.4124
96.9931
97.6472
98.3233
97.631
98.7689
101.206
103.274
101.614
98.3477
98.038
97.286
96.5211
94.9649
96.8962
95.9367
97.3186
95.1343
96.542
96.0118
94.1505
93.1274
90.8223
90.4612
89.5957
87.8397
87.6122
88.3523
89.4291
89.9718
91.6723
89.6104
89.7304
89.2065
90.0185
92.9263
91.9241
91.0204
92.1509
95.1323
95.8761
97.2793
96.6752
96.9641
98.0345
99.0801
99.3238
99.2764
99.5843
98.855
96.078
95.9921
95.7744
95.5438
94.9967
95.3182
94.9526
93.8656
95.184
96.8141
95.8044
95.6512
95.3073
97.1682
96.6348
97.0526
97.3978
100.249
101.694
101.098
100.224
100.004
101.49
101.452
100.03
101.97
104.051
105.083
104.994
104.94
106.639
104.905
106.557
106.013
104.665
105.61
105.351
107.009
107.572
108.106
106.384
107.29
105.156
106.805
107.505
107.054
106.125
105.531
106.426
104.503
105.916
105.227
104.546
104.837
104.113
101.32
102.892
103.245
100.385
101.21
98.9603
98.9088
99.7558
98.5032
100.166
98.9138
99.4748
97.8632
98.4979
98.2073
99.6777
100.216
100.434
100.656
100.068
100.794
102.011
101.614
100.534
99.6592
98.9099
99.0789
98.2859
100.522
98.7918
98.9053
99.1956
98.6259
97.8209
97.1436
97.4945
98.232
97.2513
98.0427
99.3338
98.171
99.9441
100.165
100.163
99.8973
102.074
104.658
106.195
105.061
106.374
106.843
107.688
108.864
110.138
109.449
109.17
106.336
105.602
104.728
101.823
101.778
101.369
102.932
104.259
103.116
103.696
104.101
102.458
101.513
102.337
101.772
102.672
105.259
104.705
105.446
105.721
105.824
103.987
103.111
103.967
104.721
103.742
103.62
104.824
103.485
102.566
102.645
102.213
99.3052
99.9937
100.74
100.021
99.5784
100.25
98.5139
97.7972
97.6392
97.9646
98.1045
100.51
101.143
99.4478
100.785
103.108
103.715
103.437
104.057
104.719
103.445
104.938
106.669
107.31
105.546
107.127
107.044
108.128
107.555
107.226
108.375
107.582
109.092
111.033
110.95
112.5
113.122
113.754
113.741
111.303
108.722
107.499
107.453
106.728
105.785
106.203
106.52
106.091
106.294
106.155
105.692
108.441
108.88
109.108
109.479
108.966
108.866
109.725
108.029
108.264
108.075
108.164
107.46
107.14
106.39
106.125
105.247
106.032
106.613
103.9
102.65
102.047
100.669
99.5963
98.593
100.793
101.351
99.1565
99.5816
98.6913
99.6572
100.032
101.17
101.313
103.804
104.089
104.411
103.266
103.611
105.122
105.943
106.467
106.241
107.346
110.012
111.1
112.17
111.142
111.693
111.204
109.475
107.684
108.259
107.116
105.413
106.328
105.537
107.031
107.258
105.517
106.563
106.203
106.295
106.392
107.538
105.088
105.899
105.789
105.284
104.8
104.491
103.834
103.688
105.363
106.148
105.274
107.173
103.213
103.818
101.404
102.593
100.459
99.4545
98.7167
100.594
99.0337
98.103
98.2259
98.2085
98.1371
96.6716
96.4757
95.2613
94.5359
93.4076
91.9647
91.4639
91.1757
91.1859
91.6444
90.4729
90.9676
90.8911
92.4392
93.8093
93.7651
93.911
91.4404
91.284
88.3243
87.1533
88.1812
88.8572
89.0102
90.432
89.1693
89.2951
90.4493
90.1226
90.5175
90.7213
90.074
89.0808
89.7191
90.0053
88.7086
89.6187
90.978
89.9459
89.9349
89.3566
90.9954
90.2149
89.9687
90.0922
89.4218
89.655
91.5261
93.0339
94.3704
94.6819
95.1713
95.2202
93.3727
94.1373
95.1229
95.6056
95.0429
96.4219
94.9376
92.8924
94.8375
94.3102
94.2449
94.9441
94.9182
95.244
94.3027
96.3138
98.358
97.7208
99.6857
101.971
101.068
102.11
101.952
102.858
103.397
105.409
105.453
104.368
102.997
102.147
101.204
103
103.775
99.8176
101.106
102.522
102.816
104.315
102.871
103.039
101.745
103.676
103.019
103.33
105.813
105.666
106.433
106.595
105.15
106.495
104.468
104.95
104.546
103.894
104.707
103.696
102.226
100.856
101.757
103.462
102.631
100.559
98.0506
95.8631
96.6724
96.3693
96.5351
95.2143
94.733
95.3507
94.4622
93.6663
93.0375
92.3194
90.4514
89.8629
87.7883
89.0226
90.3636
90.5414
90.4752
90.0321
90.9776
90.9686
92.7484
91.7879
93.583
91.3057
91.0498
90.6999
93.3288
91.8542
93.3928
92.9944
92.3903
93.1659
92.4323
92.9105
92.1411
90.658
90.8065
90.651
89.1735
86.9586
86.1486
85.3312
84.8061
83.7295
83.9964
84.744
84.8843
85.1938
88.0926
88.8844
89.1201
88.3024
89.1047
90.3533
90.0135
91.0736
90.2659
90.2069
90.2987
90.553
91.9009
92.0644
92.0249
93.5052
93.1956
92.1678
91.8012
91.0256
88.2045
88.286
89.4434
87.7695
88.3514
87.2885
85.4939
83.9946
84.953
85.5898
85.1647
87.2749
84.9606
84.3654
82.9306
82.622
84.424
84.3563
83.9413
83.5391
83.9324
83.9609
84.9834
83.5799
83.756
84.5182
84.2862
83.8043
82.8501
84.4743
82.8972
81.7496
82.6807
80.5663
81.8296
83.3126
81.4714
81.1843
79.6856
80.3348
81.9214
80.3799
80.2623
80.1125
79.6971
78.2952
77.8228
78.011
77.2715
77.3222
