98.3612
97.4727
99.0912
99.2467
98.7038
96.6656
95.4142
95.8637
95.8419
95.0891
95.4924
96.1334
98.2224
97.9134
97.4659
99.2633
99.3572
100.142
98.3634
99.0242
100.26
99.3664
99.5871
102.459
101.971
101.307
98.5964
98.813
101.036
101.638
103.508
102.853
104.349
103.906
103.574
104.369
102.996
103.277
102.206
104.511
107.556
107.807
107.941
106.875
106.921
104.95
104.391
105.79
107.687
108.919
110.692
110.002
111.184
110.933
111.848
109.63
111.046
109.918
110.786
109.141
108.592
110.049
109.775
110.46
113.57
113.935
111.953
109.952
108.714
110.01
110.403
109.159
109.989
109.534
108.18
106.516
106.612
107.471
107.202
110.53
111.267
111.353
110.887
110.952
110.84
110.104
109.157
108.214
108.857
110.926
113.667
115.763
115.34
116.255
116.664
117.883
117.263
120.005
119.268
116.217
115.584
115.946
116.24
115.518
114.787
118.003
121.326
121.047
120.741
123.468
124.466
123.869
125.468
122.764
121.91
124.541
125.768
124.22
122.762
118.535
121.719
120.644
121.972
121.705
122.008
122.159
120.858
123.785
123.896
123.788
124.374
123.353
123.842
124.867
124.888
125.722
126.185
128.316
126.968
129.557
133.878
131.056
129.655
128.021
125.885
127.32
127.146
126.919
126.579
125.458
124.966
124.892
128.537
128.453
128.646
126.722
127.111
126.668
127.363
126.352
125.359
124.335
123.249
121.929
119.909
121.532
117.699
116.953
115.773
113.683
114.726
113.329
113.71
113.508
112.446
112.969
112.107
111.115
112.677
114.155
114.496
113.75
113.467
113.161
112.991
110.687
112.766
111.493
110.81
111.304
108.831
110.633
109.913
110.764
109.984
110.69
110.839
112.619
111.831
112.776
109.918
108.052
107.246
108.058
106.879
109.077
109.401
110.901
113.858
114.152
113.027
112.305
114.759
112.664
111.183
110.328
108.206
109.874
109.125
110.463
109.405
109.176
110.575
110.533
110.808
111.49
112.653
111.858
111.764
111.24
110.704
112.736
113.68
112.536
113.528
113.325
112.179
112.185
113.015
116.367
115.147
118.723
119.039
117
115.22
115.901
116.311
118.485
118.351
119.317
120.189
120.338
123.257
122.834
120.284
120.695
121.681
118.422
117.651
120.038
118.733
117.425
117.131
116.717
115.106
113.301
113.609
112.881
111.714
110.487
112.676
112.929
112.483
111.817
112.24
114.062
113.19
113.346
115.605
115.831
118.414
116.234
119.817
119.157
120.495
121.757
122.873
119.661
121.485
123.735
122.284
121.077
121.709
121.247
123.196
125.35
125.196
122.901
124.795
123.787
124.36
126.589
128.916
129.654
129.734
131.809
132.818
134.805
134.698
131.721
133.897
135.752
137.35
138.095
139.906
138.403
136.983
136.274
132.444
135.259
135.112
135.657
134.57
132.675
131.836
132.872
130.916
133.706
135.441
137.806
137.482
137.091
136.328
135.425
134.689
133.149
132.296
131.4
131.168
130.169
128.748
128.849
127.066
128.769
129.788
128.165
129.209
128.189
127.547
127.573
128.352
127.605
128.584
128.662
130.025
129.45
126.373
126.327
125.651
124.541
124.772
128.285
128.978
130.069
129.105
127.543
125.212
128.029
129.773
129.763
127.86
128.075
127.744
127.96
126.191
127.346
126.152
125.855
126.48
126.725
127.185
128.582
130.417
126.526
128.466
128.923
128.379
129.57
129.398
130.246
130.062
131.56
137.09
140.393
141.761
142.264
141.21
143.498
145.732
147.915
146.282
148.992
150.767
150.825
148.385
151.926
150.599
150.526
153.876
153.294
153.434
150.636
150.978
156.564
158.845
157.158
157.719
159.647
159.398
158.143
154.586
151.974
151.111
151.613
151.274
153.488
152.012
154.309
154.549
153.111
155.397
156.259
153.036
155.178
154.741
152.465
152.687
151.287
150.195
151.177
151.596
151.057
150.265
148.857
147.498
146.341
147.081
148.852
148.974
147.545
148.993
147.267
147.178
148.857
146.89
144.873
140.768
142.301
141.736
143.346
141.659
141.29
143.249
142.716
141.515
138.814
136.624
134.23
137.886
138.853
140.946
141.623
142.037
141.039
143.615
144.994
148.23
148.259
150.491
151.117
150.533
152.671
150.501
152.73
152.984
154.785
153.898
155.869
156.841
155.327
154.521
155.489
153.882
151.681
152.815
155.57
153.315
152.968
154.018
152.772
153.337
149.315
154.257
154.031
153.556
153.127
154.068
152.036
153.799
156.204
159.735
159.519
157.055
158.575
156.629
159.761
162.912
160.238
164.366
166.084
162.771
163.011
164.625
159.63
159.983
163.036
161.427
159.868
162.431
159.678
159.5
160.435
160.205
161.412
159.392
154.702
157.849
157.449
157.788
157.727
160.256
159.677
157.856
158.274
158.51
160.387
160.989
158.098
156.492
155.955
157.941
158.193
156.894
157.865
156.793
159.213
159.268
156.549
152.951
153.313
154.199
151.969
153.684
155.841
153.922
152.416
152.843
151.589
151.968
153.424
153.933
154.022
155.068
158.688
155.943
156.432
155.643
158.173
159.439
158.636
158.604
159.504
157.058
158.682
156.906
158.967
159.422
158.194
160.285
163.047
160.592
158.865
160.564
160.02
158.626
159.403
157.518
156.969
155.516
153.295
