99.1567
99.5789
99.6568
100.192
101.051
101.025
101.913
104.28
104.708
103.262
101.842
103.865
102.963
102.135
103.448
105.422
106.624
107.707
106.254
105.879
106.933
107.515
107.503
109.566
109.698
109.552
108.716
108.48
110.004
109.601
108.613
112.711
113.711
113.919
115.868
113.343
109.334
108.016
109.032
109.588
109.64
108.455
109.653
109.877
110.822
111.067
112.277
111.679
112.58
111.816
112.11
112.105
112.196
113.15
112.632
111.381
110.279
109.15
111.286
109.466
107.436
108.425
108.152
107.593
108.396
108.526
108.685
108.837
109.92
112.337
113.905
116.954
117.716
117.121
117.651
114.652
114.515
116.395
115.059
114.521
113.242
112.404
111.186
110.93
111.178
109.674
109.499
107.775
107.798
107.342
107.679
108.541
107.628
107.826
104.514
104.53
103.724
105.51
104.009
101.784
101.847
102.245
100.38
100.803
101.784
102.665
101.792
102.01
101.733
101.373
100.548
99.5588
97.8317
97.4506
99.4226
100.056
100.648
101.356
99.4879
99.2
100.071
98.8284
101
99.9807
98.5869
98.1956
97.8513
99.4318
97.45
100.443
99.9508
100.153
99.9559
99.6497
99.2457
98.7047
99.0888
101.056
100.519
102.47
101.779
103.245
105.489
104.958
105.918
108.472
108.444
106.614
105.752
108.053
108.531
110.951
110.132
109.912
109.489
111.012
111.126
110.25
110.433
107.19
108.279
104.764
106.575
105.578
104.018
102.672
101.912
103.895
104.478
104.976
105.087
107.243
105.182
106.56
105.756
105.862
105.789
107.53
107.724
107.119
106.837
105.577
107.198
107.729
105.268
103.401
105.953
106.625
105.522
102.817
103.615
104.135
104.331
103.358
101.582
101.88
99.3665
98.5228
97.3624
97.5597
96.4786
97.3756
96.6683
96.6139
94.7391
95.6083
93.5033
92.8903
92.3175
92.3802
92.2066
94.0467
96.5755
93.6437
93.0964
92.7629
91.9766
90.1367
92.6599
93.0905
93.7572
94.3815
93.5996
92.8309
92.9758
94.475
95.6679
95.2284
94.9601
95.269
95.1822
95.1132
94.7259
94.6213
94.5501
95.8424
94.0849
94.7529
94.4911
93.3192
95.4122
94.4544
95.5295
97.6367
98.2414
100.799
99.1538
99.8238
100.52
100.098
100.52
100.113
100.457
99.4987
99.3995
99.8889
98.7175
99.1707
97.9833
97.3348
99.3814
99.1394
99.0863
98.6817
98.6855
98.3285
96.7346
96.4672
97.9957
98.3473
98.6845
97.0358
96.862
97.7997
97.4733
98.6105
101.1
100.076
101.305
101.082
100.224
100.564
100.626
100.734
100.233
100.989
101.48
101.718
102.62
104.681
104.79
103.956
104.112
103.255
104.891
104.248
104.824
103.925
103.723
104.656
103.643
102.257
102.626
101.454
103.94
102.118
101.364
102.217
99.8634
100.004
101.246
98.6296
98.7928
98.3303
100.923
99.8372
100.249
98.0243
96.7638
93.4181
91.9503
91.4468
92.3433
91.7557
92.6774
92.9212
94.5474
94.3184
96.2581
94.3083
95.4622
95.193
95.9268
96.5978
98.1133
97.0794
96.3368
98.1324
96.8478
95.8098
95.0053
96.5477
97.7097
95.994
95.5475
94.2856
94.5059
94.2571
96.1149
97.8346
97.0484
96.1798
95.0998
94.9766
95.5757
96.5317
96.438
95.5582
95.1304
95.664
97.7579
96.986
98.8784
98.1257
96.3467
96.8708
99.1812
98.185
99.972
100.581
100.396
99.9109
100.247
100.737
100.117
100.322
100.155
98.4286
97.6902
98.3585
98.7338
96.5816
93.7415
93.6859
93.1696
92.7678
93.3526
91.9394
92.1791
90.8218
89.6031
87.7243
86.9332
88.0139
87.6718
88.9505
89.8353
91.6617
91.2313
92.8356
92.306
94.538
95.2544
95.1068
95.6649
94.8424
92.9032
92.8924
93.1138
94.8311
93.1698
94.5038
93.984
93.7478
93.9049
93.6248
93.5364
94.6918
93.7681
93.8961
92.335
93.1379
94.3956
94.2691
96.0402
95.0225
96.418
96.6084
97.5205
96.9361
95.6024
95.1658
95.672
97.4646
96.5831
95.9767
95.0248
95.4384
96.4044
95.9366
96.3178
95.7307
95.9828
95.4362
97.1532
97.1144
97.0431
99.6975
98.802
100.746
101.11
101.475
103.738
102.91
101.803
102.559
102.765
103.137
105.061
103.978
103.306
103.59
104.178
103.645
105.819
108.43
107.204
105.688
105.072
103.946
104.476
104.278
102.176
101.379
102.205
101.866
102.017
103.806
101.127
99.8669
99.1284
100.83
99.1938
100.498
99.1885
95.9959
95.0178
94.3728
93.6133
92.7494
93.136
92.5535
91.2829
91.325
89.93
88.2745
89.6514
89.9406
90.6852
93.4709
92.8417
93.1907
92.3589
93.0988
94.6993
94.5175
94.3087
93.6198
94.1117
94.1627
95.3834
96.4139
97.057
96.775
93.5459
95.7886
93.0767
92.4353
92.2935
91.9016
92.7922
91.628
93.2003
91.6379
92.6414
92.9587
92.0828
93.6531
96.2404
96.2326
94.6332
94.6477
94.7813
96.48
96.8679
96.3441
96.0833
94.8671
93.8255
93.7394
92.6231
92.403
93.5479
93.1964
93.4064
93.5364
91.8242
91.8726
91.893
92.439
92.0543
92.1274
92.1589
92.8098
94.7929
94.6687
94.9287
95.2023
95.3389
95.7007
92.535
93.0396
93.8183
93.9523
93.266
93.5712
94.9988
93.1838
92.9911
91.863
92.1246
91.2305
90.0477
92.4746
93.868
93.6765
92.179
92.1607
89.6035
89.7531
89.7709
90.5394
91.2377
92.303
92.6917
92.8858
92.4993
91.5237
91.0616
90.5135
91.23
93.5035
96.3411
98.2324
98.8353
98.6166
100.127
98.7135
98.6215
99.4626
