100.554
100.954
99.6443
97.6252
96.2027
96.3147
96.5952
95.5837
94.1692
94.6879
95.653
95.5881
96.4847
97.3829
98.2307
96.0888
95.9941
95.5478
96.7625
96.739
96.224
97.6619
97.3629
96.1409
96.5076
95.8403
96.7273
95.7453
97.0529
96.6983
97.0496
98.8441
98.1127
96.3542
97.4579
97.2815
97.5465
95.7294
94.6108
96.0834
94.9779
95.7439
97.7141
97.5957
97.8441
97.7183
97.484
99.4606
100.73
99.0884
98.5484
100.643
102.193
102.348
102.089
103.241
102.242
101.272
100.336
99.1853
99.5577
98.3082
96.6438
97.6291
99.2805
101.975
103.59
103.68
104.669
104.982
102.773
102.745
102.057
101.429
103.087
101.658
101.11
102.172
99.9633
100.227
99.4318
100.877
98.7043
99.1845
99.6936
100.686
100.005
100.701
99.8369
98.996
97.492
96.9277
95.6588
96.9449
96.9682
98.554
101.427
101.565
101.799
105.052
106.272
107.278
106.069
105.846
103.135
102.07
102.757
102.54
100.68
100.945
101.302
101.631
101.034
100.447
100.215
100.015
97.6727
97.256
96.1418
96.3569
96.4189
99.1956
98.6896
98.3861
97.4382
96.5989
95.9392
97.8605
97.401
97.9527
97.6729
97.925
97.803
98.2508
98.1678
95.6557
96.8421
96.4722
96.3203
95.4517
96.1949
96.1893
96.0425
96.1482
95.244
95.1414
93.7074
94.2948
93.3694
94.0919
93.4222
92.3218
92.3033
92.6256
91.5976
91.4318
90.8496
89.7583
88.414
89.0966
88.9856
88.5806
89.9792
90.8784
90.7815
91.2075
93.4419
92.3654
90.7701
90.2138
91.0988
91.8134
88.8024
87.8982
87.9372
88.3884
88.2739
88.2943
86.993
86.0413
84.8617
86.1836
89.0815
87.13
86.4022
85.9763
84.1711
83.9974
84.366
85.1974
85.5117
85.8626
85.7249
85.6122
85.0712
84.1293
85.3558
84.4254
84.9795
86.4198
87.3665
88.4535
89.0595
89.6866
90.1368
92.8751
91.5566
91.4415
89.5698
89.1667
90.3086
89.6678
90.544
90.2743
90.289
90.8903
91.6026
91.475
92.6944
93.6895
91.8719
91.22
92.3696
90.9333
90.9178
91.2184
91.5864
92.8426
92.2175
90.2381
88.6833
89.6519
91.0969
90.512
91.1938
92.0962
92.2277
93.7292
92.4663
91.5244
92.7247
92.059
93.76
93.6232
93.1814
92.7232
91.6759
90.4257
91.1329
90.9014
90.5558
93.1471
91.627
92.8486
92.0249
91.7127
91.0671
90.4136
90.9542
90.8863
90.5766
90.6453
89.6113
89.7579
89.6731
89.155
89.6927
92.4271
93.2962
92.6321
91.9411
91.9701
92.8332
92.3942
94.3452
95.6663
95.1104
95.4472
96.2135
94.2596
94.6964
94.2736
95.7495
96.293
95.2532
97.218
98.6006
99.656
100.832
100.142
100.428
102.044
100.784
99.8746
99.6199
99.8199
98.521
100.065
97.7103
95.495
95.7886
97.2476
98.2877
98.5104
98.8658
98.1831
98.0804
99.5949
96.9952
96.6116
95.5896
95.0547
95.4299
96.6628
96.2602
96.5774
96.8368
96.4349
97.55
96.6181
98.3609
98.6631
99.4708
100.071
103.793
105.327
107.784
109.028
112.07
113.535
113.647
118.708
118.037
116.474
117.941
118.755
115.204
113.9
114.032
114.37
113.396
112.926
114.834
116.031
114.534
116.45
114.41
115.635
115.337
116.058
116.549
117.934
120.632
120.917
122.275
123.03
124.216
125.758
129.119
127.028
129.602
131.646
129.843
134.555
132.139
134.552
134.452
137.444
138.249
140.945
142.463
141.345
142.16
137.708
138.078
138.747
137.819
137.999
140.128
138.846
137.812
136.002
136.091
132.356
131.607
132.422
133.687
136.914
136.779
135.988
135.451
137.58
139.712
138.986
138.148
139.238
141.545
142.324
142.154
140.789
143.645
141.409
139.72
138.374
138.497
138.384
136.885
135.017
131.183
132.427
130.98
131.419
131.773
133.94
133.087
131.442
131.724
128.828
129.575
127.079
129.563
127.441
128.791
127.189
125.779
125.756
125.051
124.879
125.413
125.02
124.646
124.555
121.658
120.233
121.194
120.764
119.465
118.485
118.333
117.545
117.295
116.593
115.686
116.063
115.377
115.075
116.119
115.366
118.01
117.494
118.802
118.224
119.983
123.014
124.327
125.965
126.181
128.123
125.789
129.329
129.395
130.609
132.07
131.793
128.338
125.886
123.714
124.396
124.48
122.841
120.64
118.68
117.889
117.764
118.14
118.851
116.107
116.354
117.354
118.961
118.382
117.481
116.728
115.953
115.018
115.192
111.675
110.894
111.68
113.23
113.26
112.44
111.982
111.663
111.499
112.129
112.856
112.989
113
112.57
114.984
115.344
114.137
114.25
114.627
113.825
116.22
114.422
113.319
112.602
109.473
107.972
107.649
107.632
110.313
109.608
108.787
108.732
108.639
107.96
106.461
102.585
103.349
106.126
105.549
106.343
105.806
103.863
103.678
103.421
104.557
103.233
103.501
105.947
108.727
108.476
107.102
105.645
104.837
104.606
103.988
104.724
102.806
104.415
106.648
106.529
106.287
105.239
104.805
104.795
105.64
102.778
99.7679
99.8043
99.0757
98.0953
98.7218
99.7317
99.9949
99.6128
97.1706
96.21
96.6258
97.1305
100.032
100.615
101.692
99.7609
99.6405
99.7993
100.225
100.001
100.236
100.2
102.3
102.927
103.638
102.607
102.834
104.801
105.797
105.568
106.311
106.125
107.139
106.407
105.504
104.97
104.552
105.29
105.842
105.836
103.815
103.883
102.545
103.583
101.798
101.89
101.34
100.821
