100.174
100.849
98.8616
97.3025
95.8411
97.1945
97.8157
96.3047
96.3128
96.1825
95.185
96.8835
97.203
95.6411
96.1268
95.8335
97.9771
96.871
97.8342
96.8083
96.8468
96.2403
94.2455
93.5735
92.8645
93.3041
94.9075
94.1288
93.2814
93.2677
92.458
90.8313
91.1784
89.6359
90.5094
90.1042
90.2615
90.9405
91.7799
91.8515
92.9197
91.9944
95.551
94.0034
94.2559
93.1107
92.8637
94.425
97.3553
97.0543
99.8699
99.0903
99.6514
99.163
99.2516
102.242
101.2
103.6
102.782
102.339
101.71
101.995
101.687
97.9145
98.1489
97.298
95.8778
95.6288
94.6489
93.7871
92.5572
93.8893
92.8268
90.7104
92.397
90.5328
91.9234
92.796
93.3173
94.3743
92.3776
91.8374
94.0857
93.046
92.4131
92.4303
93.2201
93.0411
91.8921
91.6367
93.2613
93.8859
94.0606
94.5158
94.8062
94.2198
95.7447
95.0393
94.8109
94.0125
93.9214
93.0094
89.9249
88.7686
86.8818
86.021
85.3193
81.5956
81.3801
80.7722
80.3741
78.7656
78.6428
77.9979
78.9729
80.1198
79.7024
79.1519
79.0244
79.3782
78.6396
78.4169
78.5949
79.688
80.8846
81.746
80.9117
79.4969
80.6122
81.7054
82.5556
82.888
84.2512
82.3852
82.9553
83.6164
82.2185
81.4415
78.9865
78.578
79.9329
79.3578
79.6695
79.9329
79.7291
79.68
79.2511
79.182
80.7381
80.415
78.8077
80.4945
80.1484
80.528
79.7982
81.9914
82.773
81.4654
80.0578
81.057
81.3035
81.8862
82.2793
81.8759
80.8425
81.5731
81.5123
84.1227
84.1446
84.5176
85.4124
84.6592
84.8545
84.8459
83.7202
83.4216
83.7947
85.46
85.8986
85.344
86.7298
87.16
88.2115
86.6858
86.7004
85.2358
84.5162
85.3908
84.3206
83.3308
81.2767
81.1936
81.6737
83.0168
83.9137
84.3536
85.0635
84.4184
85.5704
84.9686
82.7335
84.4769
82.4701
83.3301
82.3634
81.7793
80.5734
79.1364
80.3167
79.0861
81.0064
81.4561
78.4086
78.289
80.2821
78.0949
78.8356
77.6108
77.3851
76.9568
79.7582
78.1051
78.3956
78.975
80.4175
80.9723
82.2864
82.0626
82.2829
80.5861
79.4926
79.8735
79.1402
79.4589
79.3915
78.257
79.7626
79.0465
78.3083
78.4804
77.9628
78.3941
77.6665
76.2759
75.8847
76.451
75.7286
76.561
76.9537
76.4572
76.4755
74.7679
74.9462
75.0488
74.187
73.1446
74.3142
71.8887
70.2088
70.3333
69.5007
69.5067
69.8132
67.8474
68.3749
67.732
67.1481
67.7477
67.5495
67.242
67.7697
67.5019
66.5601
65.2585
64.5852
65.494
66.0022
65.6257
66.145
66.9699
67.3987
66.496
66.2833
65.629
64.8102
65.1907
65.1748
65.3471
65.0827
65.828
65.5846
66.1252
66.36
66.8533
65.8002
67.1149
67.2384
66.3112
65.112
65.9963
64.6871
64.3044
65.5862
65.1397
64.836
65.3096
65.2252
65.1637
65.3204
65.3775
66.6427
66.7435
66.1985
65.5825
66.4755
65.4811
65.1795
65.4744
65.741
63.9697
62.0769
62.0152
62.4998
62.7821
63.2369
62.6094
63.1965
63.1226
61.3596
60.8186
60.6942
60.6137
61.0093
60.6704
60.0807
60.4631
60.6334
60.1736
61.2665
60.7349
61.8417
61.5681
61.544
62.3172
61.8059
61.8087
61.1797
60.9445
61.1837
60.0909
59.3519
59.8561
59.2057
58.7901
59.2825
59.6397
59.904
60.408
60.3044
60.1697
60.4051
60.3485
60.1042
59.8703
60.1315
60.8379
60.0644
61.1026
61.9019
62.4877
62.8026
63.9326
63.3464
63.9907
63.9238
63.9544
63.2489
62.6621
62.3871
61.1588
60.5969
61.4244
62.0998
60.5075
59.6784
58.6455
59.3187
59.3138
58.83
58.0898
57.9622
58.4282
58.3332
58.7301
58.1242
58.6348
58.6776
59.1225
59.0377
58.4326
57.7487
57.5248
57.65
56.9729
56.7799
58.0879
57.106
56.6231
56.5105
56.8219
57.1708
57.935
58.6345
58.4384
59.9923
60.7275
61.4558
60.6687
59.9154
60.1833
60.5184
58.4588
58.6028
58.7787
58.6295
56.6031
55.3637
54.8785
54.3319
54.7572
55.3683
54.7682
55.5736
55.7937
57.0587
56.3572
56.9209
56.8986
57.6029
58.1065
57.9065
58.6079
57.8393
57.9909
59.2407
59.1118
58.2767
57.6835
57.2744
58.0708
58.6257
59.0555
60.386
59.5991
58.7848
58.9553
58.9802
60.3415
61.0056
61.5125
61.9272
61.5148
61.3137
60.539
59.8059
60.6899
60.0705
59.7024
61.0206
60.4515
59.362
58.7848
59.0905
60.3951
59.5131
58.8912
58.8634
57.9535
57.6324
58.2927
57.7775
58.2265
58.1706
58.1189
58.9765
59.903
59.5107
59.1064
58.4576
58.7502
60.199
60.0147
59.5751
59.6872
60.6119
59.79
60.5286
60.6287
60.6795
60.0711
59.2199
57.3352
57.098
56.901
57.6658
56.4931
57.7488
57.0629
57.8142
58.5506
58.3113
57.6619
57.7066
59
59.2386
59.1918
60.249
59.811
60.1767
60.5169
60.3087
60.8977
60.5354
59.7496
60.6
60.968
59.6144
60.0085
60.5131
60.7062
60.1939
60.3499
61.2791
61.5005
62.2441
62.9345
62.2748
62.658
63.4364
63.9345
63.332
62.2572
61.9326
62.075
62.7635
63.6262
64.3727
64.0745
63.2741
63.3966
61.6608
62.208
61.2182
62.4516
62.3045
62.0892
61.7824
61.6243
62.1639
62.575
62.6473
63.2027
63.8046
64.6126
67.1969
67.6417
67.5469
67.9348
69.0316
68.101
68.1605
67.6301
68.402
69.2575
70.5344
70.2885
70.0922
70.8074
70.7535
70.1522
68.6471
68.9378
68.6102
69.8806
70.7684
70.5646
71.1271
70.6357
70.7976
69.2274
68.5169
69.8255
69.48
68.7781
68.4608
69.0135
69.069
68.5163
69.615
70.1676
