100.415
100.704
98.9557
96.983
97.4059
96.7059
97.9819
97.286
97.1278
98.1963
97.5574
98.5317
96.7716
96.9887
96.5834
96.7191
97.1559
96.4994
97.1876
97.7193
96.9254
96.017
95.649
94.5462
95.5302
95.1829
95.7896
95.6032
94.2192
94.7036
95.4472
95.3431
93.7509
93.4996
91.998
92.2312
91.6911
91.3793
89.9789
90.39
90.4931
90.2211
90.3634
90.4329
90.0131
91.2737
92.7823
91.961
88.2534
86.9861
86.4374
86.4943
86.3063
88.1636
86.8677
85.878
87.321
86.9725
86.1337
85.5311
85.3535
86.749
86.2803
85.1559
86.0829
86.0355
85.674
87.6357
86.7576
83.3283
82.3774
80.6781
80.9861
79.4563
78.893
78.0858
79.6132
79.4219
81.341
80.8984
80.9073
81.7115
81.505
83.2573
85.0661
85.9947
86.7533
89.0137
88.712
89.8688
88.1322
89.7798
90.5486
89.7041
89.0122
87.8265
85.9186
84.673
84.5653
85.3675
86.0138
86.6501
87.1045
88.8074
91.133
91.443
90.71
92.227
91.9953
88.5731
89.5232
88.4515
91.5046
93.381
92.2584
90.53
89.8764
90.5792
91.1038
90.7564
92.6523
92.7556
94.4411
94.5472
96.3368
94.6061
94.8165
95.6814
97.218
96.0122
93.6508
95.5745
94.8495
95.4518
95.0136
94.9487
95.5777
95.5399
95.9655
94.4556
92.0132
90.6369
90.2044
91.9244
90.051
90.2832
92.3153
93.236
94.698
95.0186
95.5165
97.4239
98.2367
98.5857
97.0728
99.3843
98.6209
98.0959
98.09
99.8279
97.065
97.8908
97.1944
97.5634
98.4386
98.3106
98.3351
97.5904
95.5196
96.5289
95.5421
96.2733
95.7308
97.0534
97.4852
96.5195
95.5175
95.1364
96.5309
94.4878
97.0584
97.902
97.0723
95.6096
95.6603
95.4206
96.1377
96.4286
97.3231
97.9385
97.7349
97.2831
96.4083
97.3807
98.9954
97.7602
99.2437
97.9409
98.4179
97.2676
97.2334
98.069
97.3848
96.5491
96.1602
96.8485
97.4491
96.0607
96.2474
97.1949
97.5549
99.0819
97.8414
96.4024
93.6403
94.7554
93.8677
93.2772
92.995
93.8492
95.0463
93.9347
91.9414
90.921
92.2703
91.5112
92.7854
92.4149
94.24
94.3159
94.4066
94.0666
91.6009
92.8182
91.3112
92.7184
90.4661
88.5957
87.0686
89.2005
89.11
88.6549
87.4373
88.5759
88.9854
87.9365
87.9961
88.9605
86.7518
86.0131
85.119
86.2752
83.7623
84.3886
82.7929
81.3035
83.3618
85.4396
84.8981
85.1881
85.0696
84.6808
85.1261
82.8476
84.6223
84.5952
84.2576
83.8101
83.6229
83.3322
81.6931
82.1379
81.9621
81.2857
80.5897
80.614
81.8977
80.5366
80.854
80.7265
81.4075
82.6611
82.1805
80.0024
79.9985
82.2025
80.3833
79.4302
78.433
79.6747
79.9501
79.0235
78.9757
80.5426
80.2166
80.096
81.4688
80.6444
80.1824
78.4794
76.206
76.6565
77.137
78.2553
78.5628
80.0011
78.3269
76.2579
75.7989
74.397
73.8906
75.1762
76.2041
75.5711
75.7381
76.1761
76.2554
76.3966
77.1932
75.4705
75.7421
76.4093
75.7166
75.82
74.7439
74.0625
75.7406
75.7619
75.0495
74.3666
72.7463
73.502
74.0215
74.0886
73.6682
74.2144
73.5099
71.7352
71.5997
72.9275
73.6249
74.4999
75.8083
76.9031
76.442
76.0434
76.7248
76.4788
76.0158
76.5701
76.3274
78.1274
79.1651
80.1159
79.9772
79.2763
78.0866
79.8012
78.8549
78.728
77.4599
76.8838
75.3788
75.5791
74.8939
73.1109
72.1575
74.1877
75.1314
73.6171
74.3006
73.9508
74.1407
75.1238
74.0614
73.7756
73.279
73.4162
72.9055
74.047
73.5025
72.5817
73.0933
74.281
74.6966
75.1384
76.1531
75.1614
76.0499
75.4843
75.2488
76.276
75.561
75.9806
76.6215
76.5605
77.5515
80.368
80.765
80.1934
80.5106
82.4709
81.1966
79.9189
80.7493
78.6827
76.0774
75.9531
75.2325
74.258
75.8948
75.5773
74.7598
74.5665
74.7911
74.4894
73.933
72.0624
72.2294
73.963
74.7153
75.497
75.9273
75.6248
75.893
74.8712
74.4391
75.3979
74.6212
75.5649
75.6537
74.5588
75.6338
76.7504
77.2843
77.0745
75.4026
76.752
76.7852
77.2681
77.5114
77.1192
75.6812
75.008
75.2066
74.9556
75.0052
74.837
75.0209
72.9297
72.5027
74.0023
74.6705
74.4784
74.8954
74.8324
74.9659
75.206
74.4861
75.3109
77.0499
76.6872
77.7144
78.5017
80.0318
79.15
78.9413
79.1281
79.3265
76.7302
77.5868
77.3091
77.7425
76.8795
76.3101
76.1717
75.6332
74.385
74.0021
74.728
72.8849
71.3889
71.1199
72.0378
71.0989
73.0644
73.2771
75.3995
75.0727
73.8397
73.6817
73.7617
72.9946
72.9923
73.9033
73.3191
72.8305
74.0091
75.0438
74.7501
75.9388
74.9715
74.1703
74.9496
73.9342
73.6647
73.5107
74.6896
75.1767
75.4402
75.5498
75.5628
75.497
76.2931
74.258
75.1195
74.8161
73.5247
73.3566
74.1532
74.5626
73.3748
73.0513
74.1726
72.8718
72.1806
71.2038
72.1074
72.5217
72.1975
72.8315
72.1251
71.0301
72.0675
72.9699
73.4273
73.967
74.0555
74.1147
74.3025
75.0421
76.2303
78.1898
77.8667
76.8978
76.1622
75.5335
75.3949
75.3633
76.607
76.4323
76.3413
76.7573
76.7419
76.974
76.3089
78.0496
78.396
80.7868
80.6668
80.9538
80.2748
80.1772
80.1314
78.8604
78.7913
78.6196
78.6673
78.0077
78.6177
78.4909
79.1808
78.018
80.1111
79.4953
78.9995
79.5525
81.7283
82.6591
82.227
83.447
83.217
82.2026
82.2375
81.5794
81.0441
82.8589
81.9246
83.2064
83.1617
82.4057
81.278
82.0851
82.2418
82.8976
83.0315
83.4303
81.6011
81.4481
81.3807
