98.8384
99.2023
101.65
99.888
101.544
102.532
105.049
104.456
104.628
101.416
101.088
100.627
99.9221
99.0805
100.81
100.707
103.44
104.494
105.89
106.231
104.924
105.46
105.176
106.498
106.581
105.099
107.212
106.905
106.896
107.631
105.905
106.172
104.39
103.751
103.744
106.369
105.643
105.625
106.162
105.223
105.88
104.476
105.834
103.291
103.83
104.566
103.636
104.967
103.491
105.514
104.33
105.129
102.608
104.847
104.288
106.46
107.458
107.194
108.605
109.547
113.118
113.175
110.589
111.146
113.168
114.587
116.163
118.825
120.012
120.417
116.985
119.036
121.563
123.515
123.193
124.338
126.034
126.539
124.06
123.86
124.051
124.485
125.508
124.476
122.144
119.451
121.319
121.266
119.467
119.053
119.305
119.595
118.798
118.501
118.569
118.78
120.282
120.265
122.915
122.426
123.296
124.945
125.282
123.088
121.026
121.299
118.263
117.944
118.585
118.027
115.725
114.907
116.473
117.102
115.417
113.854
113.555
117.331
113.922
112.455
110.182
110.495
107.033
107.822
105.234
105.68
104.861
105.999
106.833
105.236
107.521
108.118
107.746
107.467
108.709
106.875
108.629
109.465
110.694
113.026
114.026
112.101
110.849
110.37
109.342
110.264
109.529
108.719
106.859
105.122
106.762
105.86
105.994
104.102
104.506
104.887
101.808
101.291
101.365
100.006
97.2695
95.9914
96.0222
95.6112
94.6224
95.3748
95.1983
96.4583
97.8166
98.3591
98.5861
98.7114
96.3133
94.7065
94.0195
91.1399
90.9592
89.3786
89.9871
89.4209
89.6545
89.726
91.1136
91.6636
91.356
88.3834
88.5391
87.7355
86.4098
86.3162
87.1694
86.5611
87.3569
89.089
91.4676
91.2674
91.9671
92.2275
94.2084
94.2125
94.5518
92.9307
92.4542
95.3273
95.9033
94.3196
94.1227
92.7587
92.6367
93.1398
93.3065
94.1306
93.5988
92.1931
90.5701
90.4161
89.8835
89.9793
87.5009
88.506
89.9897
87.9992
87.8481
87.8316
87.8943
87.4169
89.6247
87.8341
89.2433
89.2853
90.8771
92.3469
91.2865
91.1969
88.6688
86.3926
86.3505
85.2816
87.1823
87.1669
88.8279
89.4228
87.7816
87.6678
87.259
87.3346
87.1121
86.8459
85.478
86.3745
88.2324
88.5307
89.9402
90.2518
88.4295
88.6344
88.4466
88.3471
89.2021
89.6326
91.1216
90.8372
91.2727
88.7804
86.1658
85.2633
84.3744
84.3431
83.5834
84.1463
85.1593
84.4791
83.8042
83.0412
81.9114
79.5663
79.9438
80.8613
78.8485
77.7101
77.0226
75.7315
75.6181
77.3675
75.5296
75.895
75.6964
75.5217
74.5389
74.6437
75.3859
75.3562
76.898
77.6322
76.2654
75.3977
75.2996
73.8053
73.3305
74.283
74.1686
74.6543
73.6405
75.6939
74.3603
74.5694
74.7133
73.7961
73.3565
74.8722
74.4513
73.8114
73.0107
74.7939
74.3693
75.1015
75.0735
74.261
74.7369
74.3617
72.5556
73.4686
73.2645
74.2075
73.2439
72.5992
73.1883
70.9762
71.0216
69.8407
70.1913
69.881
70.3563
71.2633
71.6653
71.6484
71.1646
71.1239
70.5922
71.8374
71.0827
72.0051
70.6279
71.5475
71.233
70.4928
70.0312
68.4238
70.1873
69.45
68.6795
68.5224
68.0459
68.3946
68.5969
68.4407
67.3533
69.4157
69.5789
69.2188
68.3551
69.0772
67.9287
68.6249
68.084
68.4917
69.0079
67.9544
67.0251
66.4637
65.6766
67.1735
68.9674
69.2153
67.936
68.8382
68.3751
69.2016
69.3743
70.7903
71.5711
72.0564
72.6252
73.6647
73.1088
73.4844
72.9023
73.0347
73.5986
73.403
72.3881
72.8946
70.945
70.6402
71.1031
70.9165
71.2039
71.6915
72.9868
73.3886
74.1085
72.9086
71.8682
71.8789
71.8431
72.5351
71.2376
69.6279
68.9815
69.4586
69.9311
70.7581
69.871
70.6132
69.0721
68.7545
69.9046
69.7328
69.9575
70.6326
70.5057
71.5848
71.3158
71.9385
73.1106
74.7823
75.4265
76.365
76.4192
77.4727
78.578
78.0744
77.2186
76.8161
76.7671
77.6527
77.0243
77.4983
77.9129
79.191
79.3176
79.6991
79.4049
79.916
79.9209
80.7868
81.6274
82.7603
83.0994
83.0766
82.7058
80.8962
81.0039
81.8323
80.9028
81.5906
80.8584
80.6155
80.791
80.1796
80.2406
80.4302
81.5049
80.9282
82.1091
80.828
81.4668
79.2137
79.5797
79.271
78.9166
77.699
78.2528
78.327
76.4688
77.2579
78.5787
79.3418
77.9395
78.5256
77.0691
80.0976
81.8418
81.3931
81.7992
81.9106
83.4267
85.9458
84.2997
84.6741
83.6221
81.3466
80.0836
79.8442
79.9492
82.1969
82.5551
82.6947
83.0615
80.9788
79.9832
80.0896
80.5864
79.3268
79.3818
79.97
80.6164
80.0992
80.0455
81.4364
82.8524
83.608
83.6609
84.0798
83.8538
85.4953
85.9747
86.3476
86.9274
88.4349
90.0323
90.3653
88.949
87.4393
87.1903
87.0578
86.7998
85.8565
85.6208
86.6666
87.4689
87.9433
86.485
84.0473
84.2813
83.5891
84.6597
84.8426
85.775
86.3726
86.2933
85.4769
85.0383
85.5244
84.3333
84.1808
84.6096
83.8928
83.1712
84.7314
85.1246
83.1661
83.5304
84.0451
85.3492
85.1623
84.6483
82.6593
80.485
80.0595
79.7692
80.1804
79.127
78.5527
80.4413
81.3508
81.6595
80.8526
79.925
80.9741
80.2347
79.077
79.0691
78.6222
78.0731
78.2546
79.1346
78.7605
77.3064
77.1777
76.4255
75.8334
75.7556
75.6249
76.3557
76.032
76.8572
75.5379
76.3463
76.1456
77.1958
76.0559
76.3179
75.4085
76.5244
75.1422
74.9931
73.5979
71.8639
72.3205
