100.313
99.0818
97.6082
98.4162
96.7066
96.5863
97.124
96.069
95.9462
96.1529
96.9904
96.9107
97.7115
98.4
99.0827
96.8793
97.6285
96.81
97.8098
96.7073
95.189
93.274
93.8202
94.1978
94.481
94.1078
93.9709
92.7705
94.3788
93.1659
94.4203
93.2454
94.5793
94.9806
97.1978
96.2308
95.3477
95.0867
96.3564
94.5741
96.3915
97.3257
99.5314
98.5545
98.0304
97.3223
97.7787
98.8861
96.9278
97.6626
99.5223
100.267
100.338
101.712
100.108
101.132
99.2299
99.8285
99.8033
102.282
100.965
101.322
103.231
103.216
101.046
101.467
103.025
104.227
100.624
101.715
102.128
102.906
103.902
105.282
104.916
105.162
105.783
106.604
105.301
107.496
108.995
110.662
109.23
110.525
110.054
111.38
110.819
111.527
111.479
112.972
111.566
111.202
112.458
111.644
112.553
112.055
114.37
116.37
116.619
116.367
117.465
117.726
117.572
117.491
116.325
117.733
115.505
117.909
117.999
116.655
117.645
116.112
116.519
115.086
114.531
112.197
111.636
110.794
110.333
110.53
110.79
112.447
112.151
111.781
111.591
111.5
110.924
113.445
115.769
113.263
112.141
111.818
109.499
111.275
113.799
114.525
113.682
114.269
115.739
117.267
116.318
117.048
117.994
117.368
115.165
114.433
116.991
117.74
118.689
118.214
120.581
120.615
119.81
120.562
120.49
122.314
122.189
122.217
122.18
119.063
117.933
118.934
118.33
117.616
115.179
116.307
115.651
116.497
116.02
118.949
119.986
118.412
120.226
120.713
121.113
124.355
124.22
123.039
125.786
124.56
124.412
127.288
126.174
127.799
124.669
126.846
125.463
126.874
128.579
127.939
127.512
131.049
130.46
130.772
130.275
130.224
129.509
131.259
131.433
131.983
132.79
133.848
132.031
130.301
129.102
127.56
125.421
125.045
123.589
123.154
122.884
120.562
120.087
118.138
116.769
118.763
118.03
119.042
117.468
116.566
120.356
120.219
122.843
120.257
117.959
116.034
117.313
116.536
116.756
117.155
117.1
117.887
117.572
117.121
112.575
114.54
112.404
113.207
111.092
111.753
111.869
108.775
107.806
107.522
105.793
105.546
106.063
105.183
104.931
106.048
104.756
103.694
103.347
102.559
101.181
102.6
101.743
99.1206
101.023
100.366
101.103
101.597
102.028
100.817
97.9338
97.2098
98.5939
99.9514
100.266
99.6855
100.991
99.8324
99.8556
97.2561
96.9335
96.2783
96.0314
97.4204
98.1068
99.3624
98.9142
96.563
97.4762
95.5352
95.1896
93.7119
94.3139
93.9113
95.8861
94.7657
95.6808
95.3825
98.2551
100.374
102.357
101.741
103.276
104.229
103.645
102.999
104.077
104.219
102.573
102.482
103.276
105.455
104.883
104.173
104.533
107.143
106.369
104.651
105.519
104.146
104.822
103.553
105.276
104.022
105.929
104.664
105.099
105.223
104.282
104.129
104.07
101.466
98.6728
99.1583
98.4075
99.5993
97.9352
97.7604
98.0776
98.8425
97.5244
95.8544
96.7107
95.644
96.48
98.1428
98.1185
99.5932
100.341
100.921
101.543
102.661
104.481
104.467
105.149
104.25
104.767
108.342
107.273
106.378
106.404
106.577
104.538
104.932
103.133
102.251
102.772
103.538
104.963
106.17
107.911
107.347
106.369
102.826
103.232
103.969
102.956
103.288
102.759
106.664
107.56
107.07
109.485
110.974
112.578
111.2
111.434
110.739
111.783
111.02
111.487
109.556
109.239
108.28
108.084
110.294
112.793
111.902
113.13
112.772
113.42
113.909
113.119
114.21
114.342
114.168
114.505
115.59
120.435
117.58
120.658
121.131
119.319
119.748
120.106
120.368
120.117
119.893
119.993
120.784
122.483
124.765
124.48
125.078
124.675
122.845
121.552
121.002
119.315
120.742
117.554
118.728
119.693
119.725
116.998
116.755
117.201
118.204
116.322
118.485
117.208
116.804
118.112
116.484
114.155
113.893
113.389
111.887
111.224
112.099
112.058
111.996
113.848
113.956
112.648
113.782
114.268
114.261
114.117
112.216
111.104
112.037
112.487
112.421
112.652
115.148
112.489
113.759
112.569
112.019
114.149
114.395
113.994
112.5
110.317
111.948
112.835
115.099
114.89
115.812
114.479
115.271
112.022
110.712
110.994
111.416
109.938
109.124
107.211
108.276
109.069
108.624
108.587
108.255
107.724
105.077
105.424
106.489
105.142
105.329
104.662
102.371
103.099
101.603
101.238
99.654
98.9969
97.1126
98.8076
98.5895
98.211
97.5966
97.3141
96.1304
96.218
94.253
93.1477
94.641
95.5246
97.083
97.8903
99.7765
98.6011
99.7543
99.6563
99.1702
95.8221
95.8252
95.6335
94.8314
94.2639
95.0934
93.9484
92.0599
93.2709
92.1586
92.2915
92.2075
92.317
93.7058
94.3692
92.1781
93.855
95.3905
97.264
95.755
96.5027
94.1641
93.261
92.9135
91.7815
91.1167
91.7239
93.552
92.4292
92.4822
91.7434
91.1128
90.8403
90.0737
89.8303
89.1489
87.3804
87.9615
87.987
88.6302
90.2952
90.8789
90.7192
91.3977
89.7862
88.07
90.9671
90.9146
91.6692
89.5117
88.8898
88.7327
86.1643
83.7905
84.5317
82.513
81.5371
81.7096
80.5298
78.7705
78.9063
80.3868
80.5465
81.1719
81.7953
81.609
83.3133
82.7052
83.2627
85.7074
86.6005
87.3844
88.3034
88.2383
88.197
88.6141
88.8177
87.1081
86.5659
86.2962
