98.7814
95.7897
98.3406
100.26
97.9491
98.2695
99.2126
100.386
101.609
102.032
102.649
101.447
102.192
101.331
101.222
101.243
101.134
102.102
101.691
100.398
100.281
100.108
100.298
100.217
98.8957
96.5688
98.7187
101.072
100.804
101.336
102.21
102.86
105.5
108.824
110.066
109.134
109.05
111.499
109.92
111.44
109.622
107.349
107.108
108.835
108.977
108.13
106.869
107.281
104.717
106.194
107.849
108.312
109.059
109.992
111.071
110.277
109.267
107.899
109.299
108.633
108.373
107.799
110.253
109.772
109.907
106.442
106.449
106.48
104.502
105.859
104.184
106.325
104.863
104.831
102.969
104.09
104.531
104.607
103.045
104.064
104.592
105.519
104.112
104.294
104.938
104.686
104.306
105.813
102.639
101.745
102.517
103.558
104.425
105.162
105.123
105.898
107.276
107.031
107.348
106.732
106.689
104.945
105.052
103.243
102.978
104.178
102.755
102.361
100.986
101.373
102.093
103.386
104.209
105.015
102.901
103.928
103.75
104.119
104.277
101.945
101.73
102.596
102.691
101.755
101.229
97.8744
96.3739
98.1455
99.2283
99.3533
98.5304
98.443
98.6304
98.4504
100.256
98.8632
99.6187
97.6791
98.0223
96.9517
96.2168
98.4807
98.6367
100.556
100.779
103.18
103.001
102.148
103.184
104.025
105.426
105.869
103.889
104.015
104.325
104.412
102.719
102.129
101.895
102.278
101.835
102.461
100.492
99.9992
99.6093
99.385
98.5482
97.2489
98.8492
98.4257
98.8124
98.5011
99.7243
99.0977
100.578
98.4102
96.5269
97.6123
98.228
99.425
100.469
101.202
99.9617
100.346
101.627
103.323
104.322
104.452
106.835
106.969
108.47
108.417
109.728
107.918
108.247
107.272
107.595
108.658
108.576
106.126
104.105
105.726
106.644
104.751
107.041
105.387
105.275
107.457
108.117
108.661
109.29
108.872
109.011
108.529
108.48
107.161
105.36
105.716
105.435
105.114
104.578
105.235
103.347
101.506
102.348
104.077
105.381
107.493
106.05
106.234
107.344
106.843
106.563
104.693
106.007
106.662
105.281
105.443
107.859
108.906
107.716
108.761
108.189
109.255
107.651
107.356
109.513
108.416
109.233
107.547
107.268
106.274
103.852
105.964
106.625
104.143
101.763
102.175
102.754
101.462
102.551
105.38
105.051
106.832
105.096
104.66
103.817
103.3
103.158
104.598
104.643
103.718
104.032
102.574
102.076
102.165
101.822
101.522
101.738
99.9237
98.3108
98.3741
97.5693
96.3681
95.6698
95.7467
98.1161
98.8774
97.2867
96.927
98.4258
98.2615
98.1495
98.1059
96.3751
97.3365
97.7986
99.3216
99.6949
99.1959
100.416
99.3776
99.701
98.9647
99.616
100.31
100.294
99.0095
99.7348
100.411
100.334
100.96
102.304
103.34
103.926
104.413
105.219
103.865
101.297
102.21
101.765
103.242
102.998
102.356
102.551
103.131
103.969
103.021
102.567
102.461
101.346
99.5696
98.8579
96.5847
95.9191
97.1635
96.9977
96.4032
96.9419
96.7716
97.9417
97.282
94.9246
93.4293
94.5657
95.6005
97.9546
98.2071
97.624
98.9844
98.4844
97.9118
100.134
101.383
101.846
101.39
101.363
102.162
101.9
103.062
102.973
103.551
104.528
104.377
104.99
103.789
104.162
103.973
106.181
106.175
107.495
106.502
107.61
108.805
108.432
110.745
112.154
112.46
114.062
113.877
112.246
110.184
113.62
114.901
114.787
113.965
112.443
113.257
116.357
116.749
116.859
117.661
118.946
114.963
113.8
116.805
118.979
118.411
119.604
117.342
117.324
118.99
117.97
118.014
118.92
117.445
117.564
118.089
116.751
115.649
116.508
115.525
116.137
114.741
116.026
114.317
113.465
111.975
112.508
112.922
113.597
114.131
113.972
115.6
117.477
117.042
117.513
117.103
116.888
116.979
116.081
114.346
114.361
113.04
114.178
113.25
113.458
113.764
113.596
115.258
114.933
114.94
112.621
110.523
108.805
108.155
108.879
106.762
108.503
107.029
108.713
109.063
107.624
108.589
110.178
110.82
110.321
108.908
109.846
112.172
111.769
112.628
115.03
115.549
115.54
114.713
115.542
117.435
118.561
118.654
118.971
119.913
123.129
123.732
123.639
123.872
124.752
125.522
126.738
127.411
127.499
125.779
123.175
124.863
125.078
124.999
122.637
124.504
122.435
122.592
123.262
121.703
123.074
121.125
120.949
120.004
120.011
121.155
122.876
120.076
119.415
118.565
118.659
117.302
117.553
118.31
118.609
117.165
118.965
117.289
118.044
115.706
116.846
114.238
116.107
117.169
119.459
119.285
118.565
116.129
115.281
116.331
116.78
115.722
115.411
114.923
113.511
115.348
116.015
117.594
118.165
116.565
119.558
119.488
120.463
120.489
120.415
121.536
123.018
121.574
124.619
126.198
126.756
124.202
120.326
119.154
117.816
118.482
118.083
116.436
113.806
113.944
112.555
110.919
109.13
108.941
108.012
109.235
108.891
109.273
109.991
109.851
110.74
110.409
110.166
109.175
107.787
106.939
106.518
108.666
110.474
112.581
112.067
111.106
111.511
109.637
109.582
110.386
108.812
109.902
108.843
106.571
107.146
106.017
105.522
105.461
106.069
106.1
106.106
105.648
105.274
105.665
104.026
104.704
105.167
105.141
106.808
106.009
106.549
107.49
