101.693
102.634
104.861
104.068
102.995
103.384
103.509
103.224
104.096
103.599
103.995
104.936
106.19
105.664
106.833
106.437
106.34
105.939
103.734
105.719
105.34
103.023
101.683
102.761
102.326
101.196
99.4732
98.266
97.6661
98.5829
101.271
101.88
102.781
101.265
100.275
101.534
100.147
102.736
102.283
102.865
101.726
101.393
100.181
99.7862
100.195
100.01
100.259
101.58
101.058
100.084
100.495
102.52
102.73
101.84
100.677
101.332
100.949
101.743
100.285
100.419
101.5
101.478
101.769
104.19
104.938
105.139
103.521
103.236
101.221
101.114
97.178
96.8916
100.387
100.345
101.139
99.4316
101.51
102.231
102.475
102.407
102.673
102.464
103.242
103.181
103.233
100.842
100.337
100.735
101.975
101.366
100.969
100.848
99.5726
100.433
98.8935
99.4104
99.3481
99.74
100.615
99.3681
100.169
100.971
99.2856
97.9646
99.0845
98.4492
99.0743
97.9174
98.8763
99.9525
100.632
100.924
101.215
102.046
103.936
102.647
103.241
102.814
103.17
104.847
106.682
107.025
108.574
110.395
109.003
111.017
114.243
114.354
115.368
114.172
113.752
110.665
112.348
112.551
112.983
114.254
113.563
113.723
115.38
116.399
117.425
118.015
116.264
116.737
118.919
119.921
120.2
121.591
122.104
122.471
124.345
121.891
120.282
118.669
119.659
120.099
121.932
119.956
121.385
122.02
122.343
121.547
121.089
123.187
124.067
122.423
121.988
120.584
119.647
120.963
120.488
122.684
122.836
125.031
127.23
127.244
127.914
128.993
126.996
131.036
131.907
130.712
131.813
129.285
128.932
129.525
132.101
131.976
132.25
133.279
134.533
134.247
136.981
138.43
141.3
143.323
145.264
144.733
143.4
142.345
141.464
140.166
139.568
140.302
144.886
145.426
146.219
148.938
149.244
151.155
150.413
149.686
147.947
149.224
148.614
146.171
149.036
149.161
150.542
148.701
149.208
150.166
149.835
150.271
150.828
151.664
152.058
149.132
147.9
148.125
146.739
149.258
148.465
149.645
150.911
152.045
148.342
149.409
153.172
156.815
156.142
152.735
152.628
157.422
160.356
155.472
159.599
159.321
157.425
159.773
159.01
164.169
164.303
165.239
165.229
163.062
164.696
164.454
165.751
165.354
167.009
167.719
168.14
165.517
164.542
167.808
170.15
165.606
167.949
165.832
166.803
171.052
168.823
166.065
163.407
161.526
162.768
163.61
166.939
169.718
169.137
170.483
170.709
173.524
170.265
170.965
169.822
170.498
171.284
171.171
174.993
173.319
175.66
172.51
173.855
175.823
177.014
181.201
178.701
178.521
176.967
176.773
174.987
172.998
173.457
173.448
174.245
176.158
176.907
177.222
179.387
178.629
177.416
177.155
175.632
174.771
176.928
177.375
179.378
177.385
178.923
178.373
175.835
177.008
175.741
177.676
177.136
174.191
173.366
175.962
176.985
180.066
184.122
185.796
182.888
181.939
179.724
180.289
179.377
178.989
180.558
179.507
176.657
179.853
180.371
181.774
182.714
183.337
183.214
180.085
178.997
176.676
178.947
178.16
172.049
170.301
172.134
170.488
171.323
169.873
173.094
172.298
170.568
170.865
169.342
166.873
168.723
168.027
168.403
170.613
165.895
172.934
173.232
172.431
170.11
170.481
171.875
169.202
171.709
168.856
167.301
166.895
167.065
169.165
166.981
168.991
168.845
169.143
170.756
169.689
168.637
165.476
164.962
162.398
162.873
163.134
164.805
165.618
168.779
168.259
166.221
166.754
170.191
168.549
166.071
166.075
166.773
165.825
168.182
165.596
164.888
162.018
162.527
161.805
161.85
164.74
167.223
168.463
164.948
164.923
163.627
164.04
168.197
165.696
169.507
170.544
170.215
170.566
170.646
171.712
169.308
166.698
167.817
165.068
167.229
167.072
167.063
166.701
169.496
167.953
167.898
165.743
165.068
165.236
164.687
164.372
165.843
166.996
167.992
168.632
167.269
165.467
167.616
166.15
161.305
158.601
157.635
158.019
155.053
159.786
160.491
164.486
163.72
164.732
162.996
160.184
158.517
159.832
160.296
159.908
159.231
158.786
160.691
161.434
160.874
158.57
158.959
157.695
157.504
157.584
159.263
160.982
158.085
154.92
155.594
154.784
154.235
153.081
153.579
155.227
155.669
154.183
156.648
153.793
153.557
157.254
156.132
155.609
156.949
156.416
155.474
155.881
155.281
156.014
157.362
155.64
156.941
153.674
153.328
157.577
157.583
156.026
154.167
155.257
157.807
155.424
154.505
156.992
155.541
157.337
159.483
159.936
158.632
157.195
160.64
163.784
160.59
160.272
159.688
162.925
159.126
154.583
152.492
151.823
152.547
147.534
148.494
152.531
152.362
152.232
153.043
151.244
151.979
154.19
156.667
156.982
153.6
151.732
150.746
149.902
147.985
148.125
147.534
146.926
145.847
147.682
147.472
146.405
149.094
151.683
153.319
156.225
158.581
162.708
165.484
162.332
157.902
160.527
163.035
164.713
164.242
169.01
173.517
173.585
172.346
168.771
168.85
167.68
168.685
171.732
172.1
169.845
161.685
161.282
161.703
163.33
164.252
164.118
168.915
169.551
168.837
169.354
171.822
170.899
168.132
168.154
167.619
169.163
165.098
166.192
