98.4606
95.0497
94.6753
95.7805
97.938
99.0245
98.2968
98.3017
98.2688
100.714
99.3041
98.8838
97.7512
99.0741
98.1014
98.1674
97.9004
97.9873
96.4339
95.3423
94.8541
94.8772
93.4956
94.523
96.3133
93.9658
93.8431
93.8306
93.4017
94.45
94.7085
96.4213
95.575
95.599
96.6455
95.3962
94.3886
93.7282
94.4436
94.9248
93.8203
94.0441
95.4505
96.2378
96.9206
97.9437
97.2177
96.108
95.6329
95.9057
95.9875
94.3
94.158
94.5376
93.0204
92.9949
92.4733
93.0631
91.7339
93.1404
93.0926
93.0627
92.214
94.0915
94.1995
93.202
94.7189
93.895
93.3902
95.6244
95.8075
94.6743
93.9041
93.2841
93.4709
93.0231
92.074
92.8552
95.6306
96.1834
96.4002
97.6722
98.0392
97.3678
97.2811
96.1547
98.0773
97.181
98.1288
98.8008
96.8254
96.1153
97.4006
97.9284
98.4651
99.2147
98.6853
100.742
98.825
98.925
99.8366
100.062
98.8432
96.4778
96.9678
97.4658
97.4228
98.3979
99.3769
99.2809
97.2356
96.9724
96.4716
97.2425
97.2497
97.0915
97.7173
99.2569
97.3145
97.0529
98.4121
96.407
95.3512
96.8331
98.5844
100.959
100.329
102.53
104.125
106.694
106.995
108.331
107.516
107.96
107.57
105.743
105.644
104.173
102.556
101.736
101.392
100.196
102.071
102.219
100.898
102.877
103.98
103.396
105.349
105.477
107.014
106.488
107.866
109.887
110.086
110.041
110.917
110.136
110.342
112.147
112.377
112.238
109.764
110.505
108.854
109.46
108.524
107.797
107.62
105.94
108.521
109.103
107.349
110.364
111.438
113.539
111.236
111.389
113.162
112.302
110.33
112.093
111.083
110.875
110.616
110.614
114.018
115.23
117.558
118.745
120.945
119.797
119.779
120.729
121.237
121.36
122.625
124.03
122.473
121.837
122.088
123.836
125.256
125.394
124.761
124.559
125.582
125.487
125.609
128.346
130.371
130.094
129.986
129.039
127.962
127.812
130.994
129.08
130.102
132.035
131.836
132.462
130.585
129.711
132.312
129.51
131.446
132.378
132.5
129.965
130.111
128.987
130.577
130.585
132.517
132.037
131.072
131.348
130.313
129.601
130.971
132.084
132.067
129.421
130.136
132.285
132.163
132.628
131.565
129.89
131.756
131.627
130.353
130.837
129.008
127.417
125.667
125.277
124.616
124.334
124.246
122.992
124.212
123.713
123.459
124.341
125.153
128.043
126.991
124.77
123.271
121.932
119.823
116.866
117.194
118.61
115.468
115.476
116.779
118.288
118.878
119.922
121.963
121.346
119.323
120.478
119.961
117.207
116.64
117.776
120.539
122.339
122.853
120.718
124.289
123.753
121.512
119.16
116.196
115.302
114.311
111.878
112.877
112.655
114.72
115.645
116.044
116.038
119.246
118.856
118.329
116.852
118.676
118.768
118.586
119.882
116.921
118.228
116.95
116.383
115.625
115.087
116.542
115.373
113.964
115.002
114.922
116.977
114.066
115.901
116.568
116.592
117.246
119.103
119.093
122.102
123.997
124.663
123.699
124.812
121.014
120.667
120.953
120.526
122.845
126.593
127.407
125.754
125.842
124.173
125.39
125.269
123.971
123.493
122.839
120.658
121.729
121.807
121.988
122.349
121.655
121.729
122.178
120.232
120.765
118.327
118.243
121.212
124.363
123.33
124.508
126.166
128.656
127.512
124.517
126.413
126.454
124.015
123.689
123.977
123.045
124.13
123.123
123.072
123.912
121.775
121.687
120.36
120.303
120.761
119.802
119.413
116.517
115.963
115.422
117.217
118.511
119.658
119.594
119.451
120.66
122.024
122.214
124.806
121.17
121.577
118.144
120.018
118.704
118.99
118.695
116.678
113.286
110.709
113.362
114.133
115.231
112.687
110.496
110.372
109.909
107.237
107.953
107.643
107.81
107.472
109.039
107.762
105.4
104.781
104.41
105.151
103.819
104.994
105.267
105.478
105.964
105.221
105.103
107.221
107.318
107.832
107.654
108.814
109.573
110.551
111.655
112.217
113.109
116.456
115.745
116.353
116.615
114.756
114.302
114.638
116.128
117.996
120.51
124.354
124.811
123.435
122.386
121.803
121.942
123.54
125.68
127.237
127.673
126.242
127.134
130.675
131.758
132.343
130.97
130.786
129.544
129.714
128.926
130.265
131.056
132.525
135.197
136.17
136.926
139.031
141.847
142.571
141.763
141.749
141.324
141.897
140.899
142.169
142.247
141.705
143.263
145.706
140.998
144.718
144.294
147.758
150.521
148.097
145.955
145.2
143.857
145.054
144.563
144.241
144.488
146.271
146.699
143.236
142.961
142.895
138.915
138.687
138.99
136.81
136.451
138.421
141.36
141.222
141.746
141.935
139.309
143.18
143.434
142.141
145.238
145.293
145.001
147.024
143.355
145.8
147.112
148.25
145.819
146.623
145.381
147.483
145.142
145.739
144.083
140.873
139.301
139.925
137.699
138.328
137.13
137.408
137.934
140.587
140.517
141.629
145.682
141.713
144.226
147.443
146.891
146.715
149.083
151.62
150.607
151.132
151.771
148.301
148.753
148.076
146.691
146.872
147.86
150.257
150.371
148.999
149.503
147.632
148.301
150.529
153.359
154.427
156.98
160.92
162.44
164.634
164.053
158.889
157.989
158.967
159.633
157.944
160.2
160.346
161.461
159.67
160.725
162.197
156.785
157.388
