101.183
101.15
99.9639
98.9531
98.6043
97.7957
97.2965
96.6384
97.2444
98.9233
100.994
103.959
103.717
105.815
102.529
102.174
102.045
101.944
103.776
102.885
103.927
105.745
105.764
105.112
103.28
101.521
100.399
100.195
99.5925
99.92
98.8514
98.8786
101.766
100.942
102.004
104.28
103.495
101.363
100.823
101.05
99.5515
101.022
103.307
101.92
101.536
101.094
103.188
103.016
101.309
102.32
104.038
105.453
106.734
106.974
105.214
105.012
105.726
104.769
102.118
103.997
102.068
105.358
105.242
106.145
103.881
105.191
107.555
103.428
102.966
104.393
104.715
103.133
103.299
103.998
103.516
102.856
100.979
102.571
100.438
102.292
103.158
104.9
105.772
104.622
104.941
104.621
105.685
107.539
108.27
106.767
106.861
110.911
111.143
109.322
107.294
107.586
107.441
107.292
105.538
106.179
108.655
108.002
105.034
105.86
106.093
105.621
104.803
104.866
105.51
105.564
104.418
104.641
104.642
104.592
106.316
105.603
103.034
105.073
105.047
101.979
102.532
101.968
101.559
100.12
98.6039
99.5917
100.116
100.58
100.2
98.687
97.7972
99.2226
98.9622
97.9624
93.807
93.4641
91.4224
91.8751
91.8237
90.8405
90.0682
89.0651
87.4234
85.8984
85.5568
86.9695
87.8267
88.0174
88.1331
87.3015
88.3296
87.399
87.3121
87.6742
86.5499
88.4678
88.1331
89.2801
87.52
87.6675
87.1466
87.3172
86.8348
86.9077
85.2866
84.8699
86.6808
86.795
86.322
85.1069
86.9771
89.2132
91.4096
91.961
92.7949
91.4512
93.2297
93.6399
92.6777
92.7553
91.4185
93.5681
93.6459
94.1073
96.5254
98.1264
98.652
99.3912
98.7452
97.4844
97.2062
98.3156
99.2817
100.194
104.021
105.272
105.812
105.574
106.812
106.036
105.82
104.358
103.183
102.745
101.431
103.305
103.347
103.412
105.349
103.367
104.509
106.106
104.573
105.085
107.44
108.701
110.034
111.236
111.419
111.227
111.015
112.339
109.242
107.443
106.399
103.643
104.177
104.368
104.67
106.248
106.098
106.188
105.973
106.68
107.652
107.125
108.256
107.909
106.043
103.251
102.66
102.979
102.389
103.835
103.893
104.749
103.734
103.529
105.28
106.601
105.644
104.524
102.99
102.64
99.7811
100.557
100.361
100.836
100.748
101.188
102.37
103.491
103.058
103.37
104.093
105.5
105.252
107.218
106.654
104.288
103.673
102.686
104.815
106.102
107.698
108.828
109.357
108.267
106.611
105.793
105.797
105.859
106.124
109.869
108.762
106.923
106.267
104.759
101.963
102.418
103.378
101.247
102.803
103.647
102.644
103.349
102.723
103.007
100.397
97.045
95.3961
94.4615
93.0274
95.053
95.3027
94.9811
95.0821
95.1132
94.2029
94.4573
92.5754
91.6743
91.7544
93.8638
91.5992
91.7207
90.5436
92.1891
93.0021
91.8906
90.1671
89.8173
89.0019
88.1797
87.826
88.8647
90.043
89.8378
90.2308
90.93
91.954
91.3876
91.2267
91.258
91.2507
92.6348
93.697
93.0242
90.5694
91.3112
91.0495
93.243
92.4065
91.5091
92.9367
91.3456
90.134
89.8145
89.6175
89.8715
90.6721
91.524
91.5393
90.786
91.8881
92.7634
92.3894
91.1035
93.0742
92.4564
92.7234
93.5958
93.515
90.1777
90.1942
91.1613
91.0421
93.1517
93.0394
92.374
91.2593
90.2245
88.3927
86.8924
87.012
86.9229
86.1543
85.2611
86.7131
88.6903
87.9545
86.5394
87.0757
87.5624
85.0076
84.7861
84.6442
82.4405
82.9908
81.3549
84.7208
85.9158
83.9555
83.8147
82.5546
83.3519
81.6652
81.9389
80.8214
78.8207
77.8494
78.0454
79.0559
80.2114
79.9148
79.6766
79.6603
79.8141
79.8786
79.7584
77.4245
77.1948
77.8091
76.9732
76.3868
75.9676
74.5152
74.8692
77.2769
76.6637
76.4064
74.8126
74.4804
75.5118
74.2594
74.325
75.6188
75.8275
76.849
77.5768
77.3979
77.8192
78.8458
79.0901
78.4469
76.4121
75.5899
75.9507
76.4616
78.2441
77.0241
75.1167
76.3123
78.119
77.8099
78.0915
79.3309
79.1518
79.3616
77.7172
78.2651
78.3331
78.9515
78.7321
80.7651
80.3109
81.6861
81.2167
81.2367
79.9448
80.5971
80.5709
83.0656
82.8088
84.981
83.7821
83.9702
84.5734
83.9503
85.1591
85.7716
87.5947
88.1431
88.9076
87.8848
87.0779
88.639
88.1226
89.4283
91.0015
90.5596
92.6109
93.3174
93.0608
95.6877
95.177
95.1052
98.3973
98.8841
99.5509
99.4294
98.0639
96.6593
97.5696
98.3924
97.4257
98.4291
98.0677
98.859
99.4865
97.6544
99.1925
100.526
100.899
101.294
100.735
99.2402
97.3235
98.5694
99.1256
98.9774
98.4974
97.1715
97.2966
97.0603
95.6892
95.9595
95.1969
95.7314
96.4375
97.7201
99.2172
99.9266
98.618
98.7995
97.9173
97.6649
96.4217
95.543
95.0016
94.6868
95.8769
94.2741
94.2883
93.5881
94.9146
95.8747
95.5778
98.0377
98.6467
100.363
99.6227
98.3043
99.0811
97.409
97.9195
98.8303
96.4641
96.7723
94.9767
94.454
94.5903
95.7555
96.839
98.4353
99.1702
99.573
101.267
100.456
95.8268
95.7979
97.2108
97.5847
98.1406
97.3724
96.0927
95.5319
94.4675
92.8997
92.4789
94.6692
95.238
96.1228
97.1482
95.283
94.9572
95.3212
94.4089
93.1704
93.3526
91.3591
91.3631
90.0375
91.0958
90.5788
91.457
91.3496
90.6893
88.2752
85.5137
86.5804
85.9305
86.308
85.3015
86.5875
86.2558
86.5304
87.9341
88.1247
87.0455
