102.723
101.904
101.261
100.802
101.205
101.738
100.846
103.552
104.809
103.673
101.926
102.059
101.649
103.646
104.56
105.748
103.816
102.32
104.505
105.731
106.651
106.395
107.736
104.409
103.588
102.937
100.473
99.6063
100.119
99.899
102.068
104.584
107.064
104.719
106.69
107.137
108.456
111.414
110.124
112.415
111.925
112.982
114.05
113.057
110.777
109.487
108.266
108.605
106.323
105.192
105.19
107.333
109.248
112.248
113.286
110.73
111.674
110.721
111.744
112.689
111.383
110.487
109.616
108.598
108.659
107.554
105.489
103.973
102.283
100.606
100.007
100.349
98.2638
97.2961
97.5628
97.9221
96.2889
94.5537
94.0635
94.0695
95.2244
95.1946
93.5874
90.8688
88.7033
89.4103
90.9184
91.1013
92.5623
92.9289
92.7884
94.5584
95.0058
94.644
95.0246
96.2053
95.0842
94.2687
95.1781
94.0873
95.2268
96.1232
97.9413
98.952
97.7473
97.2284
97.9425
97.7536
99.0439
98.8414
98.7004
98.834
99.8996
98.0279
97.2347
95.6952
96.5129
96.6354
97.223
96.9148
95.823
97.7265
95.1665
96.6152
97.2672
96.81
96.8008
97.9324
96.873
97.2672
96.2812
99.4676
98.1549
98.8023
98.3958
98.7551
99.3668
97.7379
99.6786
98.8025
98.0772
99.1311
100.188
101.6
101.273
100.817
99.2035
99.6877
99.2631
98.9029
99.3701
98.581
98.3836
97.7075
97.1765
98.8845
100.468
100.41
99.2722
99.4563
100.055
100.864
101.758
101.228
102.415
103.844
106.468
105.846
105.873
106.009
106.588
106.89
108.024
108.32
107.314
107.756
107.468
105.832
107.475
108.88
109.468
111.805
111.259
114.074
112.633
112.263
110.718
111.557
111.556
111.053
112.007
112.221
112.008
110.658
110.748
112.642
112.755
113.474
113.999
114.372
115.03
114.079
115.835
115.417
116.433
115.288
113.784
114.387
117.452
114.896
116.498
117.21
115.547
114.733
113.057
112.468
113.359
113.265
113.966
114.192
115.077
117.474
117.45
118.153
116.558
116.97
118.373
119.396
119.244
120.054
119.823
119.286
120.989
118.556
118.737
120.03
120.557
121.891
122.463
122.805
122.428
119.766
119.259
117.733
117.212
116.75
116.629
115.987
117.688
119.074
119.242
116.563
114.252
111.782
112.561
112.257
113.264
113.391
111.702
111.368
112.81
111.98
110.514
108.248
109.768
108.192
108.115
107.657
108.182
110.678
110.617
111.575
113.005
112.877
110.408
110.858
111.926
112.008
112.449
111.836
112.913
112.078
112.704
114.446
114.723
113.092
115.703
116.449
117.287
117.185
115.88
115.974
117.875
116.735
115.413
114.462
115.918
114.927
113.998
114.694
115.101
111.984
112.979
115.322
114.175
115.181
116.205
116.509
112.81
113.032
112.154
114.42
113.442
113.583
111.647
110.358
110.635
109.321
110.966
110.05
106.92
107.341
106.992
105.997
105.055
106.012
107.189
109.49
111.105
112.504
113.534
113.9
115.633
116.039
117.878
120.099
120.837
118.874
117.022
119.431
120.655
119.715
118.287
120.72
121.771
121.747
119.938
118.927
116.983
114.493
112.743
112.168
114.213
112.632
113.907
112.764
111.222
111.189
112.318
111.579
113.269
113.829
115.332
112.971
114.839
114.318
115.009
115.053
114.491
111.181
110.411
108.69
111.683
112.048
112.78
113.542
113.854
113.047
114.195
115.195
116.825
119.635
121.169
119.741
119.847
120.234
120.858
121.507
121.629
118.011
119.818
117.918
119.336
118.742
118.587
120.456
119.574
119.759
119.887
119.888
119.522
121.706
120.284
116.531
115.545
113.246
113.299
114.001
113.573
113.379
111.912
114.173
114.279
114.348
115.727
115.445
114.212
113.602
112.257
112.733
112.041
112.576
111.937
110.197
110.977
111.271
112.167
112.392
113.058
114.636
115.058
115.687
115.244
113.371
113.011
114.129
109.415
107.423
108.497
110.347
108.419
107.535
105.24
104.305
104.55
105.636
107.515
105.277
104.612
107.617
110.2
111.471
112.384
113.104
110.717
110.627
111.219
112.333
113.476
111.251
111.773
111.052
110.156
111.446
114.172
112.568
113.192
112.621
114.826
114.558
111.924
111.526
113.413
113.215
112.534
113.137
111.052
109.726
110.849
110.665
111.876
111.177
112.267
111.886
111.707
112.272
114.803
114.336
114.153
112.945
113.951
110.019
110.093
109.798
111.092
111.417
111.463
113.459
114.929
113.187
112.568
114.156
114.754
115.092
115.348
116.193
117.342
115.345
116.354
112.832
109.065
107.947
107.681
108.077
108.924
107.661
106.971
108.142
106.399
106.753
107.066
105.779
106.347
107.379
108.815
108.312
107.042
108.025
108.442
110.22
111.71
115.912
115.671
112.163
110.897
109.757
107.056
109.49
112.11
113.886
112.492
114.7
113.193
113.913
113.221
110.537
109.942
110.601
108.928
110.198
109.056
109.865
109.694
110.113
110.09
113.058
112.34
112.238
110.42
110.871
109.46
110.249
111.89
112.378
112.166
112.004
113.156
112.087
112.646
111.13
112.172
110.363
112.105
108.504
108.756
107.804
106.082
105.079
106.371
107.538
106.321
107.045
106.779
105.175
106.002
106.95
105.647
106.989
106.112
108.796
111.117
110.593
110.533
112.468
110.595
108.796
106.845
105.345
106.697
109.785
