99.2208
99.768
101.369
99.2091
99.2017
96.2474
97.1486
95.7748
95.1939
97.2389
95.9716
95.6288
95.2252
95.6439
95.14
97.4331
98.3264
98.8481
99.6413
101.039
100.494
102.3
102.73
103.68
103.832
104.478
104.11
102.157
101.37
100.601
101.888
100.597
99.8966
101.713
98.6578
96.3633
97.815
98.6121
96.0802
94.2547
96.1417
95.6753
94.9782
95.677
97.3651
97.7448
98.1851
98.7694
99.4441
99.3751
99.398
99.7682
98.8228
96.557
96.0693
95.8978
97.1682
95.5184
95.6888
97.2509
97.1395
96.8002
96.682
96.9037
96.204
97.7776
98.3642
98.8256
98.9234
100.511
99.0621
99.9998
100.341
99.6483
99.1262
98.2764
97.4275
95.6783
94.3858
94.0606
94.2254
91.4561
92.7892
94.4367
92.2491
91.8734
92.1418
93.5129
93.7821
94.5859
93.0966
94.9286
95.6797
96.2339
96.8177
96.4527
96.0159
97.1762
96.5167
97.0137
96.8647
98.5217
97.0767
96.1561
97.2102
99.0884
98.3744
98.966
99.3903
101.735
100.197
99.9067
100.042
100.497
99.5
98.0261
99.1344
98.9326
97.5975
98.4477
97.5219
97.2964
96.4947
95.1792
95.9675
96.354
95.9759
95.809
98.0167
97.0232
94.3533
92.6108
93.0315
93.5388
92.7516
92.8211
91.5724
91.898
92.6293
92.6676
89.8864
89.8378
91.9542
91.3067
91.3668
93.0823
94.3033
94.1115
95.0687
96.2646
96.384
96.707
95.9682
95.5598
97.0316
97.6286
96.9596
96.9386
97.68
100.26
99.957
102.161
102.279
100.416
102.216
100.697
100.174
100.919
100.716
99.1285
99.6888
98.7945
97.5659
98.5496
100.039
99.861
97.0929
95.1481
96.6092
96.3017
94.9643
95.8401
97.2547
97.2922
99.4931
100.337
100.675
100.537
101.515
102.667
101.375
99.3915
100.482
100.028
101.47
102.011
102.65
103.092
102.079
104.806
108.899
108.793
108.12
109.973
108.982
108.874
107.149
106.193
105.036
108.144
108.166
106.201
107.788
107.997
110.363
110.048
112.268
113.352
113.479
113.858
111.85
111.882
111.065
111.137
111.005
110.375
110.6
110.364
111.394
112.194
112.849
114.297
113.564
115.54
117.197
117.523
119.021
119.256
122.067
123.083
121.325
121.765
120.567
119.002
117.45
119.855
121.08
119.517
117.939
115.852
115.147
116.085
116.76
114.748
116.746
114.424
114.95
115.773
116.94
115.492
115.883
116.06
114.823
113.928
112.248
110.508
112.131
111.965
111.445
111.837
112.96
113.458
116.952
115.497
115.943
116.147
117.521
117.023
117.249
120.255
120.181
119.175
121.046
120.689
117.608
117.634
118.1
121.451
119.941
117.004
115.041
112.522
112.611
111.379
111.191
111.208
108.819
109.268
109.136
106.077
105.105
103.908
106.114
106.552
106.597
107.863
107.692
106.596
106.805
107.682
107.381
107.536
108.688
109.743
109.961
107.617
109.839
112.643
111.173
111.356
114.29
113.596
112.704
112.758
112.488
111.619
109.899
108.442
108.91
105.655
106.632
105.601
107.997
108.712
108.653
107.792
108.186
109.264
108.017
107.106
107.255
107.916
107.931
108.151
108.747
110.508
107.934
108.945
110.752
111.934
110.529
111.722
109.702
108.583
109.458
105.756
104.905
104.859
104.776
104.709
104.453
103.538
102.555
104.075
103.688
104.681
104.851
104.245
102.643
103.673
102.735
104.803
105.087
106.034
104.906
106.032
107.326
110.131
111.166
113.551
114.661
111.903
108.304
110.088
112.155
113.295
113.82
112.941
114.461
114.266
113.714
114.976
117.061
117.572
119.504
120.838
120.083
119.755
120.14
117.977
117.047
117.791
118.182
116.93
116.544
118.484
120.203
117.836
117.3
117.006
113.871
112.088
109.095
109.129
109.147
108.403
109.347
109.519
110.232
109.27
107.925
108.273
108.068
106.536
105.559
105.436
104.606
105.24
104.984
102.752
104.396
104.072
104.726
106.122
107.336
105.405
104.197
102.258
100.704
101.412
101.755
101.276
100.239
99.4763
98.7797
98.3141
99.5778
101.877
102.725
99.5813
99.5832
100.927
98.814
98.9508
99.7943
100.142
102.377
102.068
101.557
100.99
98.0145
98.0429
94.8874
94.0467
94.6242
94.3732
94.6269
94.1838
96.026
96.3364
96.6378
96.4807
97.943
98.745
98.227
99.9574
100.713
101.185
101.835
99.5916
101.596
103.525
104.113
102.662
103.328
100.322
100.789
99.948
99.2861
101.274
99.4844
101.362
102.165
104.804
103.458
102.81
103.312
101.564
102.457
102.328
101.492
102.441
101.192
101.447
101.669
99.5665
102.145
102.275
103.598
103.821
103.754
103.798
103.975
101.041
101.628
103.509
103.022
102.18
102.539
101.5
99.6707
100.206
100.854
104.102
104.702
105.166
106.52
105.969
105.578
105.9
108.438
107.196
108.714
110.356
111.757
111.839
113.604
114.931
116.171
113.012
111.068
112.129
109.925
110.335
112.307
113.367
111.756
109.892
110.746
109.704
108.874
110.011
109.421
110.193
110.16
109.444
114.009
116.409
116.441
115.772
116.091
116.108
116.033
116.985
117.475
116.915
115.865
117.151
118.479
119.872
117.132
117.713
117.285
115.815
114.562
114.63
113.134
112.879
113.635
115.749
115.648
116.31
117.919
118.24
119.904
120.266
119.838
119.983
118.36
119.129
118.646
118.174
117.422
120.51
119.702
116.874
117.704
118.04
120.826
117.163
