99.8671
99.8883
100.819
101.814
102.647
101.96
103.787
106.177
108.652
109.132
110.141
110.23
111.989
112.882
113.998
113.536
111.009
111.455
111.048
108.203
109.634
111.221
109.562
109.204
108.801
109.126
109.535
110.799
111.248
113.395
114.227
116.13
116.465
117.171
116.68
117.852
115.166
117.062
118.033
120.714
118.891
121.268
121.206
121.315
120.288
120.41
120.348
120.058
122.315
121.641
122.793
122.874
124.583
124.389
126.062
127.642
126.717
125.797
126.583
127.978
129.179
126.074
128.934
127.441
125.415
124.496
126.523
127.71
127.19
129.778
131.338
128.584
125.885
124.958
122.719
120.401
118.293
118.562
117.991
118.745
117.604
118.133
121.072
118.476
118.416
118.294
117.504
118.437
118.763
115.784
116.326
113.042
112.062
110.086
110.849
112.087
113.01
115.311
112.523
110.02
107.851
110.502
108.404
108.923
109.319
108.852
108.695
107.931
110.195
109.426
110.428
110.109
109.674
109.718
111.319
111.111
109.68
110.127
111.434
110.129
111.172
110.399
107.686
107.439
107.885
108.641
110.254
110.8
114.726
114.217
113.54
111.63
112.261
112.641
115.133
116.543
118.555
117.46
121.057
122.46
122.217
123.173
121.322
119.293
118.377
120.093
121.804
121.418
120.379
119.902
119.513
119.553
119.543
123.265
121.285
121.332
122.339
121.714
122.939
122.889
122.988
126.484
123.551
124.706
127.235
125.474
126.365
126.121
125.728
125.518
124.584
126.346
127.639
128.274
128.846
129.382
131.165
131.52
131.044
130.774
129.444
127.306
128.291
126.771
126.931
128.088
128.457
128.873
132.135
131.416
127.892
129.401
128.235
126.182
126.945
126.573
128.203
128.052
131.061
131.615
134.712
136.144
135.857
134.672
136.698
136.045
134.411
132.498
133.534
130.905
131.348
130.797
132.998
133.976
134.344
133.56
133.212
131.185
131.279
129.93
130.219
131.313
134.605
136.766
136.403
137.056
136.012
136.907
135.408
134.507
139.032
139.83
140.037
139.938
140.977
143.756
143.458
144.549
146.023
145.615
146.106
146.488
150.825
152.209
152.589
149.885
149.902
153.503
152.711
153.596
149.864
153.097
152.88
151.59
152.355
149.143
151.142
153.045
150.481
152.061
150.333
149.494
150.419
151.08
152.128
150.429
148.203
147.281
148.915
149.797
151.907
154.313
156.616
158.821
159.611
158
157.425
154.504
157.805
160.477
161.381
163.226
165.379
165.242
167.2
169.169
170.709
168.832
170.288
173.071
176.721
176.395
178.888
175.721
173.98
170.955
170.751
169.403
171.571
172.277
175.89
176.763
177.057
177.393
179.088
181.564
180.103
184.772
184.622
183.14
189.107
184.956
183.729
186.573
187.186
190.764
188.105
186.003
188.49
188.435
186.478
185.62
187.271
189.119
188.243
183.863
185.34
188.864
189.945
190.394
191.429
188.94
189.994
191.94
191.413
192.412
190.932
194.805
192.092
194.232
193.203
186.538
189.679
190.935
191.518
190.272
192.729
191.453
185.235
183.279
183.922
183.405
183.38
183.368
188.645
189.617
185.758
187.727
188.628
185.418
183.205
182.747
182.309
183.67
182.863
182.371
179.48
181.003
181.815
181.774
184.346
184.837
186.104
186.382
183.677
182.103
180.592
175.182
174.919
176.12
176.836
176.966
178.351
178.171
177.538
177.847
176.579
171.765
175.488
177.725
176.129
176.363
177.328
181.972
183.717
181.141
179.556
180.577
180.423
181.202
180.884
176.264
175.224
179.705
177.712
177.381
176.701
172.705
174.574
175.93
177.405
178.914
180.573
178.184
178.951
176.635
176.885
175.114
175.389
175.074
173.023
169.855
172.506
174.257
174.398
174.371
175.476
175.679
175.454
170.421
173.686
174.976
177.808
178.138
176.613
176.297
180.28
179.081
180.652
177.677
175.191
175.378
172.653
171.92
170.8
168.732
174.752
173.118
175.087
174.55
176.91
176.567
175.973
175.954
179.734
177.678
178.094
179.72
181.314
182.248
181.717
182.742
183.357
186.901
182.082
178.962
179.939
176.399
178.631
182.82
182.632
180.202
177.826
176.842
178.827
179.046
176.171
175.343
172.096
173.069
170.776
172.094
172.671
171.569
168.571
164.752
161.991
161.351
163.189
165.011
163.064
161.199
161.159
157.239
154.535
153.44
156.775
156.787
157.917
158.408
159.606
160.15
159.738
160.957
163.828
165.97
166.455
166.957
170.808
168.345
170.425
171.028
169.643
167.478
165.248
163.134
162.771
163.181
163.873
161.685
163.499
160.643
160.72
161.887
163.733
166.157
168.398
170.799
171.884
168.705
170.551
173.556
168.925
168.11
169.212
165.782
168.742
170.075
171.22
172.656
174.803
170.314
171.296
169.363
169.405
170.367
173.196
175.636
176.617
175.484
174.825
178.349
180.467
179.984
180.423
178.636
178.617
176.286
175.819
177.236
174.922
174.307
175.607
172.9
172.37
174.976
173.299
177.01
173.684
170.199
169.022
171.576
171.617
169.763
168.564
167.764
169.088
170.093
171.554
173.539
174.164
176.49
178.729
175.701
173.97
175.01
171.358
170.169
167.484
164.293
164.007
161.695
161.813
162.621
163.493
166.974
168.766
166.31
163.887
165.25
