100.864
101.437
100.434
102.566
104.516
105.332
105.379
106.829
106.76
104.087
103.474
104.655
102.242
102.179
102.531
102.786
101.745
105.204
105.405
103.744
106.01
103.452
102.181
103.044
104.012
104.115
105.056
105.588
106.648
103.561
103.166
104.336
104.245
105.615
106.329
104.898
105.623
106.614
106.197
107.626
109.473
108.045
108.388
108.569
107.643
107.219
106.717
106.636
108.323
107.146
106.108
106.326
106.809
105.461
105.615
105.836
106.645
104.449
103.814
105.045
106.224
104.869
106.52
104.02
103.241
104.876
104.229
103.916
103.993
103.846
104.355
107.914
108.293
108.051
106.468
108.522
105.55
106.666
107.083
105.46
104.521
102.87
101.446
102.564
103.836
103.943
101.26
100.433
101.451
101.369
101.062
100.586
102.283
103.427
102.906
104.407
102.499
103.055
101.926
100.331
101.572
101.861
100.492
100.508
100.991
100.236
100.172
98.4485
99.0229
98.878
98.6477
99.7004
99.3205
100.345
100.764
99.3454
99.7402
102.957
102.56
102.193
102.58
103.684
102.305
102.067
103.579
103.865
103.42
101.055
102.125
101.774
102.38
101.949
102.286
101.517
100.357
101.862
104.841
104.621
104.835
104.943
104.725
105.672
106.125
105.711
104.908
105.062
105.644
106.722
105.298
106.394
105.723
106.232
107.226
107.862
108.133
105.364
106.088
104.925
102.502
101.128
100.757
98.9493
98.7877
100.451
101.464
101.394
100.148
100.479
101.533
105.186
105.328
105.144
104.366
102.974
102.735
103.014
104.755
104.925
105.002
103.881
105.938
105.256
105.377
105.328
106.421
106.763
105.826
105.569
105.159
102.941
104.296
107.351
105.561
105.61
104.571
105
105.452
107.334
107.488
107.452
106.944
108.919
108.474
107.898
108.621
108.274
109.417
108.968
112.037
112.172
111.014
109.432
109.39
108.194
107.562
107.599
106.925
106.879
107.734
107.276
105.651
104.115
101.697
101.188
101.598
103.687
104.759
103.833
103.753
104.964
103.784
103.569
105.216
105.509
104.231
103.959
104.214
103.074
102.786
104.123
106.273
104.831
104.239
102.996
102.732
101.811
99.3893
99.669
99.2997
100.073
100.608
102.506
101.81
101.539
101.769
102.175
102.193
98.5027
97.6068
97.6688
97.7
97.5358
99.4999
99.2929
99.7534
99.3362
100.079
99.9323
100.553
101.254
102.519
100.651
101.138
100.04
101.763
103.556
103.791
104.888
104.755
104.059
103.807
105.934
106.463
104.439
103.928
103.226
102.547
103.421
104.372
103.084
103.285
105.144
107.032
107.001
108.456
108.283
105.226
106.527
108.558
106.638
107.649
106.87
107.521
107.318
107.56
107.48
107.888
107.322
108.675
110.168
111.899
112.727
114.625
115.003
114.139
114.632
116.361
115.828
118.49
116.69
116.925
115.877
114.047
113.301
112.793
111.743
113.266
113.084
112.72
112.801
114.554
115.297
119.832
121.452
124.201
124.421
125.081
125.657
127.766
126.119
124.159
124.299
128.015
128.941
128.665
129.144
127.783
129.118
129.415
131.144
131.563
131.434
131.142
130.527
128.824
130.924
131.043
134.667
135.633
136.188
137.685
135.701
134.569
135.979
133.981
136.38
133.318
134.12
132.974
133.191
134.671
136.276
136.023
137.319
138.507
138.172
135.566
131.844
131.421
130.26
128.977
129.173
132.491
132.729
132.595
131.329
131.384
132.626
134.126
134.764
136.364
137.167
138.638
141.857
140.866
141.747
141.928
140.001
143.665
141.914
140.796
140.28
138.754
141.142
143.498
142.115
141.71
142.742
143.908
146.032
148.65
148.677
147.799
147.278
150.218
150.387
150.531
148.788
147.624
146.114
147.457
149.263
149.698
151.901
152.54
152.038
155.42
154.268
152.517
151.281
156.248
155.586
154.834
153.34
152.655
151.484
150.343
149.244
150.12
148.476
151.936
149.564
147.367
145.967
147.117
146.157
142.804
143.676
145.424
145.314
145.736
143.79
143.718
146.071
145.88
145.671
145.031
145.858
144.387
145.373
149.923
151.228
151.023
148.528
147.884
147.672
151.56
156.171
154.566
151.592
154.902
156.631
157.971
158.352
157.4
156.62
155.984
155.959
156.763
154.141
152.022
154.712
154.619
152.356
150.05
149.018
150.458
149.214
151.113
147.771
148.466
150.944
150.462
150.593
150.76
151.835
150.542
152.522
154.654
154.162
154.312
153.568
153.34
153.515
152.161
151.524
152.206
153.586
153.452
153.725
153.947
151.578
152.425
154.529
151.964
153.28
152.545
153.653
152.836
152.018
151.036
147.856
151.56
153.069
152.8
153.088
154.103
152.677
153.787
156.247
159.507
159.75
161.172
157.466
158.29
160.141
161.095
161.122
163.284
160.462
159.653
159.942
160.937
161.825
162.689
161.093
162.372
162.076
163.244
163.474
166.405
168.65
168.617
169.888
169.187
169.099
169.854
174.681
174.973
171.975
173.181
172.489
171.544
170.893
169.443
168.637
167.968
164.667
167.885
166.23
167.899
170.962
168.527
167.142
169.587
169.744
172.083
170.756
169.927
169.256
167.325
167.925
168.676
168.478
168.077
168.948
166.253
162.6
164.169
162.29
160.17
159.13
162.577
163.73
166.839
165.819
165.75
162.775
162.402
160.418
