100.418
101.384
102.632
101.742
101.578
101.492
100.657
97.7125
98.8294
97.372
97.1058
97.376
94.6943
94.9029
93.3159
94.6927
96.0089
95.7078
96.9424
96.6193
94.9251
96.7352
95.1862
95.0658
95.065
95.1293
95.6875
95.5465
95.5942
96.8914
98.13
95.8149
95.7777
95.0306
95.5056
93.9597
93.5453
92.4334
93.0597
92.9823
94.3793
93.8942
95.1355
96.7645
96.494
96.1922
96.7619
98.98
100.016
100.426
100.253
98.1905
100.32
99.6526
99.1083
97.9141
99.9616
97.9296
96.8972
96.801
98.0545
98.2978
98.0127
96.5573
97.7866
98.2197
98.7574
98.7448
98.4845
98.111
96.9942
96.4948
96.1603
96.1238
96.0359
94.8087
94.188
95.0982
96.6243
96.9788
96.0993
96.1361
96.3253
96.2324
96.5844
96.9521
96.1326
96.5549
99.0759
98.9686
101.04
99.5874
100.212
99.3076
99.3112
98.3468
97.0272
96.1862
94.6006
94.0287
92.8204
91.4934
90.5639
90.7069
91.0044
89.8925
89.3694
89.8692
90.6895
91.9744
92.2347
92.0193
90.494
89.3028
88.1809
88.7499
86.9672
84.6431
85.9326
87.1892
87.3888
86.601
85.2052
84.3077
84.091
83.8226
83.294
83.9395
83.4311
84.4515
84.116
83.3739
83.5068
84.7906
85.6707
83.8677
82.9729
83.6986
81.3706
80.3792
80.6525
80.7385
82.172
83.0602
84.2833
84.2404
83.6108
83.8886
83.6396
83.8332
84.0745
85.8953
84.88
84.4966
85.7219
87.5636
86.7793
86.0217
85.3523
85.0767
84.4415
83.5655
82.2743
83.2669
83.8362
82.2564
82.4762
81.1885
81.3533
80.0035
83.1559
82.2223
81.951
82.1443
80.873
81.5455
79.9602
78.8494
77.5559
76.6685
76.0174
76.2306
76.0698
77.2655
77.4095
78.0439
77.3451
77.6941
78.5967
77.5467
76.8508
77.8942
78.4963
78.578
77.3791
76.3278
76.1237
75.6354
75.1297
74.6916
74.3501
74.8194
74.7036
75.4637
74.7804
74.6548
74.6928
73.3419
73.7046
73.7753
71.8307
71.9721
72.6904
74.0563
74.5757
73.7282
72.0834
71.1993
70.5699
71.2058
71.2571
72.1321
72.8064
72.9524
73.8985
73.3283
72.7287
71.4031
71.2983
71.569
71.2475
71.231
70.3794
71.4827
72.1698
71.9099
72.3836
71.5151
71.5125
70.5405
68.9232
69.2706
68.9056
67.3185
67.1924
66.9485
66.1226
66.3878
64.9685
65.2349
65.4856
66.2771
66.0998
65.435
64.5353
64.689
64.1342
64.2618
64.5401
65.0024
64.8471
66.0718
66.5272
66.6847
67.9448
67.4339
67.976
68.3198
68.8542
69.7373
71.2596
70.4145
71.6112
69.9542
68.6117
68.2366
67.2596
67.6306
67.259
67.3606
66.5172
67.3441
66.3981
66.1112
67.6318
66.5664
66.3798
65.9888
66.415
67.0836
67.0028
65.452
65.1982
65.1259
65.0798
65.6839
65.7403
66.3445
67.1426
68.1523
67.8722
68.3517
69.9638
69.4176
67.2736
67.1735
67.6874
67.002
65.745
66.3462
65.6231
66.2916
67.4913
66.993
67.13
67.8949
68.0474
67.9143
68.4607
68.4719
67.7184
67.2409
66.9126
67.7444
67.6395
66.8025
66.4661
68.3871
68.5816
69.335
67.4689
67.228
67.2789
67.214
68.2606
69.0946
68.8857
68.6736
68.1961
70.152
70.4279
70.6378
70.8545
70.5253
71.821
72.5676
72.2532
71.9378
72.8757
72.4983
72.605
73.6919
73.8608
75.0978
76.4631
75.3529
75.2598
76.9326
77.0067
77.0283
77.3012
77.6627
79.2296
79.2542
80.2456
80.6988
80.3295
80.9683
80.5049
82.3388
83.139
83.4894
83.3512
83.0202
82.2976
83.4554
82.5082
82.8198
82.6582
83.4869
84.0847
84.3842
84.1859
86.1111
87.247
88.7352
89.1204
88.6669
88.488
88.6457
88.3816
87.9956
88.1412
91.6411
91.5887
89.9609
88.5728
90.1086
90.1876
89.4512
89.1359
88.2179
90.065
89.5488
89.6272
88.25
88.2974
88.4695
89.5103
88.6977
86.8905
83.642
84.1666
83.4996
83.6013
83.547
82.0421
82.6247
83.9915
84.0868
84.9227
83.9875
85.4176
86.6203
84.2062
83.6769
83.5446
84.1016
84.4085
85.0972
82.7987
84.4083
83.9278
84.6256
82.8421
81.884
82.3263
82.2286
82.2505
82.8807
82.2557
81.2306
83.1791
82.9381
82.9396
83.649
82.9041
82.4131
84.1366
82.5357
82.2111
83.6189
82.6835
82.3135
83.6716
84.3044
82.2522
82.9109
83.3774
83.4378
82.3299
82.3773
83.5254
83.5393
83.6664
84.0365
84.1736
84.9226
84.069
84.2782
82.9907
83.4963
83.853
84.0615
85.4469
86.0983
85.0181
84.4703
84.4689
82.718
81.9422
81.5723
80.801
80.3044
80.3638
81.2413
81.3302
82.7494
83.4695
83.8198
82.6522
82.0224
80.3311
78.5839
78.0961
78.2134
77.7344
78.3797
79.2458
78.873
77.3885
77.7227
78.7613
79.4457
80.7502
80.4714
78.4275
79.8515
79.2741
78.9824
79.9863
79.3368
79.3619
78.3181
77.8225
78.5898
79.1128
77.7377
78.2934
78.2511
78.6802
77.5457
77.778
76.2405
75.8403
75.9689
76.3359
75.5429
74.93
75.705
77.264
77.5603
78.5405
78.1686
77.117
76.6265
77.7101
78.2067
79.8056
79.6102
79.8947
80.7834
80.2771
80.6544
81.9499
81.499
82.3716
84.0162
84.649
84.7483
85.4886
84.4026
84.3751
84.0962
83.6434
86.3435
87.9584
89.0593
89.0364
90.2002
90.2112
91.6365
90.2189
88.4246
88.1381
87.3148
87.9742
87.484
86.6824
84.9587
83.4531
84.2618
85.867
87.0144
86.0939
85.6861
84.9665
86.4223
86.8082
86.205
87.3199
85.1053
83.8127
83.7323
83.5301
80.5825
80.7826
80.7102
80.7147
80.8712
81.4133
81.8792
83.0171
81.9816
82.3103
82.2899
83.4962
83.0118
83.097
82.1266
