97.3903
98.5034
98.3037
98.2309
94.5217
94.0847
93.907
93.583
94.403
94.8658
97.1767
96.6044
98.284
96.2352
94.2077
94.6945
94.1373
93.4255
93.4477
93.2633
92.8999
91.7228
90.7835
90.9746
89.4122
90.8814
88.6766
89.2662
90.8839
90.3855
89.5902
88.4569
89.2651
87.9752
88.4073
89.2509
89.1063
88.4492
88.1618
85.7801
85.6218
85.3153
86.0387
84.7563
84.5289
84.5975
84.6189
84.3242
84.5868
84.2798
86.4877
85.1738
86.8032
87.0015
85.9062
87.0401
86.6152
87.0972
87.3977
88.6143
88.7487
89.3084
88.8517
89.4653
90.9046
88.694
89.2291
88.2775
87.616
87.9348
89.2161
88.6728
90.433
90.1767
90.9759
92.288
91.4477
92.1642
88.4146
87.7953
87.5526
86.2794
88.3684
87.4721
88.0681
87.8081
88.2375
87.4978
87.2665
86.3146
86.2312
85.4651
86.3815
83.5954
84.2139
84.0167
84.7775
85.2012
85.5509
87.044
88.3056
88.0454
87.2367
88.4956
89.7411
89.0114
89.6166
89.5962
89.4059
87.7994
85.2778
86.3814
86.2933
87.0052
86.702
84.431
85.1341
86.2524
84.2354
84.4096
84.3923
84.5527
85.5322
87.4299
86.7477
86.7432
85.0015
85.0684
84.7117
85.9009
85.8453
86.0443
87.0493
88.2997
87.9654
86.9916
87.9611
89.5509
88.995
89.25
89.7658
90.3646
90.9307
92.6288
92.1202
92.6867
92.7467
92.3414
91.7776
93.6386
94.3811
96.0335
93.7652
93.1456
94.0492
96.1753
94.0537
93.3393
93.5727
93.6734
92.5031
91.8129
91.5824
91.9647
92.0032
91.079
89.1267
89.0902
90.6106
91.3266
90.4645
90.8734
88.8527
88.3248
87.6735
87.1368
86.7086
85.1044
85.4972
85.5329
87.5443
86.3182
84.2355
84.9533
84.3992
85.9849
85.8398
85.2422
86.1017
86.2493
85.5723
86.8479
85.503
86.7189
86.2195
86.571
87.9855
86.9466
84.9698
85.0862
84.1468
83.4353
81.7573
81.3967
81.0694
80.7241
81.447
82.3734
80.8102
79.9663
78.6045
78.8328
78.2362
77.4786
76.8776
76.9623
77.2481
78.1589
77.9961
77.6824
78.5667
78.9804
79.6237
78.9395
79.3015
81.1547
81.1855
81.1305
81.7789
80.9992
82.3121
81.789
81.4313
80.8464
82.1994
81.1351
80.6579
80.2772
80.9625
80.3441
79.2525
81.1067
81.6795
81.5586
80.065
78.4065
78.472
80.0194
79.6354
78.7956
78.1677
78.7376
80.4232
82.0494
82.597
81.092
81.9093
80.6179
80.7692
81.7573
82.0677
81.4136
82.3278
81.6639
82.2467
83.4382
83.6194
84.4016
85.31
83.8258
85.2797
84.8216
85.1227
85.3617
86.4583
86.1671
86.8396
85.4024
86.0998
86.6761
87.5779
87.8518
87.4722
87.2654
86.031
86.9412
85.9372
84.9683
84.0795
84.2423
84.1702
85.2351
83.8026
84.1004
82.8576
84.926
84.4976
86.0462
85.865
88.1617
88.7874
87.7628
88.0365
87.8777
87.3043
87.374
87.7952
86.6251
87.794
88.2844
87.1724
89.2183
88.7625
89.3584
88.1921
89.3692
88.7276
90.1762
90.0134
89.6486
87.6767
88.484
90.1909
90.2943
88.806
87.9932
87.979
89.8673
90.0647
89.2826
90.1861
89.2794
91.0207
91.4919
93.7541
95.4519
95.7637
96.0093
95.6609
97.2526
96.6886
98.0543
99.0447
99.3603
98.6048
97.6884
97.7515
97.217
95.3184
93.633
91.5063
93.5603
93.8214
95.1578
95.6528
95.067
97.4727
97.6903
97.7556
95.1618
94.6709
95.1854
92.9441
92.0799
91.1029
90.0456
89.7878
90.7576
91.3451
90.6454
91.558
90.6201
90.2054
90.2735
90.6236
90.8331
92.9545
93.344
93.2009
92.2798
92.1549
91.4023
90.6419
90.6571
90.6839
90.6594
90.289
91.3251
92.1202
92.6685
93.9578
92.5154
93.1838
94.5869
95.206
94.7247
95.1172
95.8322
95.7035
96.5664
96.4316
95.8202
98.1256
94.2112
96.0442
94.7835
95.2172
96.4518
97.2293
97.885
97.7129
96.4374
95.1708
95.7237
96.0948
94.6463
94.9372
94.5202
94.9841
94.6892
93.7519
95.2879
93.6174
92.0245
91.3738
92.2989
90.3172
89.2858
90.1296
89.7678
90.7542
92.0308
91.3033
90.8488
90.5624
88.0564
87.191
87.1467
87.9795
87.4742
88.3604
88.4731
88.2623
90.6086
90.9378
92.1958
91.1943
92.2257
92.1926
91.4451
91.551
92.6737
90.2135
89.418
90.7794
91.0301
89.8963
89.6058
91.8171
91.535
91.9752
90.5189
91.0629
92.6328
91.8101
91.839
95.0816
94.412
95.9907
96.4985
96.6385
97.6903
97.4507
97.4726
96.718
95.9139
97.959
97.3894
96.3359
95.3499
94.7935
94.7001
93.386
96.4453
96.7447
98.0793
99.3097
100.199
99.5787
99.4482
98.3159
99.0026
99.4078
101.197
101.026
99.9792
102.087
100.971
99.9033
100.3
97.9302
98.3797
99.1751
98.052
99.1667
99.6543
101.87
100.791
98.7163
98.961
98.1197
99.4473
99.7514
100.646
98.9207
98.8675
98.4144
98.546
99.1321
96.4309
93.734
94.5704
93.7775
95.9434
93.5767
93.6316
95.1175
97.9899
99.7796
100.031
97.6931
97.6568
98.408
96.9901
97.9101
98.0965
97.6906
96.6033
98.3609
97.7329
97.8766
97.6924
98.6864
98.0764
99.2206
98.7898
99.4765
100.246
97.3986
96.361
96.6834
97.8947
96.8854
94.2795
94.5448
93.634
92.5638
93.3892
96.083
95.7642
95.366
94.8213
95.501
94.9662
96.8881
97.5966
98.1176
97.44
96.7403
95.5604
94.4156
95.9835
95.7966
95.0212
93.7887
94.2927
94.1987
94.0574
92.1316
90.4929
91.3094
90.7479
90.9638
90.4634
90.1293
91.809
89.8487
91.1808
91.4915
91.5811
90.5503
90.4322
90.121
87.8685
86.3068
87.3662
86.3005
87.6522
88.4244
89.5528
