101.419
102.023
100.479
100.37
100.658
101.322
102.602
103.491
101.492
101.02
102.113
102.299
102.227
104.515
106.395
106.748
107.042
107.411
106.238
104.985
103.489
103.137
105.484
103.603
102.199
103.517
104.703
104.518
105.814
105.397
106.585
105.907
106.594
106.57
106.269
106.079
106.766
104.977
107.126
106.308
107.493
109.389
111.05
110.318
109.784
108.748
106.324
107.965
107.978
108.955
109.345
108.506
109.044
108.087
108.566
104.175
104.806
106.148
103.365
101.41
101.171
99.0938
97.5543
96.3815
95.4186
95.5976
98.1578
98.8762
100.632
98.7467
98.1498
100.485
99.6933
102.712
104.873
106.624
106.61
106.457
109.161
111.028
112.441
112.224
111.931
109.228
109.883
108.785
106.235
106.851
109.072
107.83
106.998
103.701
102.765
100.875
101.268
98.8436
99.1955
100.846
101.58
101.826
101.879
101.302
99.0523
97.3082
96.3726
97.6383
96.3513
96.9748
95.8917
95.3572
95.0754
94.1577
95.2982
97.7278
97.7457
97.7353
97.4993
96.3221
95.5298
95.2609
94.2772
94.9964
93.9809
94.539
97.3336
96.7314
98.0369
99.8735
97.8405
97.5517
96.4138
97.1443
95.3856
94.5844
93.3399
95.3882
94.7423
93.0514
90.7424
90.7319
91.2623
90.4413
90.7084
89.4104
90.7596
89.9993
88.0721
89.0129
89.833
90.4129
90.5618
88.8159
87.3181
87.2034
87.997
88.3786
86.9058
87.2627
88.0599
88.437
90.5194
91.5608
92.4342
94.896
93.4971
94.2905
92.1636
92.4511
91.6573
91.1369
90.1437
88.5316
87.9032
87.0803
86.3814
87.8259
87.5824
88.9599
89.8646
89.9563
90.4351
89.1605
89.7603
88.7697
89.9565
87.783
86.9349
85.3916
84.2757
83.8677
83.1457
83.4345
83.5136
85.9094
87.2658
86.3161
85.4784
85.604
85.3136
86.3509
85.4173
85.6571
85.2519
85.1267
84.7165
81.7834
81.6051
81.2019
80.0331
78.8185
79.9766
78.7743
81.0603
81.8077
81.2842
81.5077
80.5525
79.6831
81.6509
84.1035
84.2018
83.9585
83.4433
81.9207
83.1228
81.7611
82.3194
81.8715
83.0342
83.4267
84.6557
84.4944
85.9219
85.2234
85.4624
84.8524
84.5081
84.7274
85.4087
87.0201
87.4832
87.0166
86.6028
83.7936
83.3682
84.404
84.9479
83.3133
84.177
84.6364
82.5928
82.8422
82.7328
80.2101
80.1191
81.038
81.6546
82.1075
82.4578
82.4989
82.4303
83.895
83.2731
83.8748
84.8518
85.9797
85.9166
85.2477
84.9206
84.8222
85.7156
84.6789
84.3895
83.6085
83.2806
83.3184
82.8264
82.6384
83.0826
81.8867
83.5135
83.8706
84.1007
83.0062
81.9298
84.5621
83.3395
83.0348
81.4995
79.8874
79.8672
79.078
80.0059
79.2672
77.3935
76.1356
77.6505
75.4973
74.9388
74.5974
75.9336
76.3803
76.6489
75.7134
75.803
75.722
75.8011
76.7655
77.5419
76.1515
76.5333
74.3527
73.6698
73.1792
72.4396
72.4696
72.2371
71.5804
71.4146
71.1847
72.0875
73.6171
73.9723
73.7862
73.9492
73.8692
74.7122
74.4333
74.3435
74.6272
76.4997
76.6636
76.7139
78.2852
79.4567
79.5812
80.3217
79.3701
79.3969
82.3125
83.3879
82.6181
84.1941
84.8861
83.6404
82.7405
82.7003
83.0427
84.1641
84.8408
84.0017
82.8271
83.1423
82.774
81.8995
81.5775
81.1681
80.4481
81.7354
82.094
82.5669
83.6144
83.5928
83.9022
83.8935
83.726
82.4449
81.6375
82.1948
81.4013
81.7083
82.2934
83.7488
82.7217
83.0738
82.483
82.6909
81.375
82.541
82.2964
82.0212
83.8364
83.2946
83.9701
83.3196
84.8629
84.5836
82.9132
81.1254
82.6071
82.6033
81.5782
81.2671
80.8139
80.9101
81.5442
82.4694
82.2989
83.4007
84.1165
84.4071
85.742
85.0899
86.3113
86.3899
87.2822
87.5019
87.0665
86.8783
86.0674
86.214
85.5069
84.1288
82.8413
82.466
82.9599
84.0293
82.9917
83.8756
82.9667
83.8566
83.6679
83.359
84.2624
83.7929
82.0963
81.654
81.1662
79.952
79.8173
79.639
81.8645
84.2283
84.2388
85.9159
84.8557
83.8234
85.8662
85.7864
85.862
86.4529
86.1164
86.0818
85.0694
88.2986
88.7802
87.9584
86.7021
85.4287
86.2518
85.7889
85.7585
85.3022
86.0374
85.9874
84.2759
81.6081
82.1732
83.6163
83.3636
83.9438
83.2323
82.895
83.4466
81.7826
81.6665
81.5501
81.7525
81.7891
81.2052
82.0899
82.8937
82.2898
82.3953
83.2647
82.9197
81.9272
82.7041
83.5605
82.9562
82.1493
84.5268
84.4238
85.05
84.9111
84.9211
86.4933
85.63
85.7943
86.0886
85.8117
84.085
82.4697
83.5033
82.445
82.6795
82.368
83.1265
84.219
83.6666
83.0615
82.9943
84.8303
84.2188
82.9892
81.061
80.703
80.254
81.4204
82.1437
82.9928
82.4494
82.66
83.1769
82.7271
84.6067
84.7594
84.9384
85.0549
85.375
87.0948
86.2265
85.5936
84.8272
83.3503
82.2325
83.5507
84.5987
84.9959
84.3468
83.6008
85.4695
84.1659
84.7345
85.1488
85.49
87.0813
86.7209
85.5872
84.7975
83.9737
81.7298
82.559
82.9262
82.0892
81.3408
80.9953
81.7334
81.5327
80.048
79.9588
79.4398
80.9809
79.3477
77.585
76.9616
79.5429
79.578
80.7875
79.6704
79.3215
79.7631
79.31
78.3577
80.1535
80.2951
79.9667
79.7797
80.6153
81.5111
80.3287
79.8207
78.583
78.9357
78.4584
77.5255
77.3248
78.3784
78.6514
78.985
81.1932
82.4696
81.1707
80.5203
80.8168
81.0067
81.393
80.4475
79.5043
80.5754
81.853
83.0414
83.152
81.4598
80.7081
81.5613
81.6183
81.4527
81.5262
81.7602
