103.178
102.409
103.044
102.92
102.269
103.326
106.408
109.247
108.9
106.873
106.749
107.096
105.884
104.519
104.863
104.355
104.912
102.892
102.753
103.446
104.101
103.238
103.358
105.339
102.796
102.238
102.984
103.395
103.485
104.091
104.225
104.101
104.539
104.248
103.741
103.659
104.27
103.514
98.7351
99.8591
102.285
102.521
104.305
104.695
102.04
103.514
102.599
104.05
105.993
106.465
106.573
107.693
108.59
108.965
110.319
110.307
110.53
110.144
109.802
108.583
107.055
108.151
108.619
110.478
111.434
110.291
110.222
108.624
109.103
110.489
109.989
109.887
109.212
106.956
107.133
104.234
100.321
102.115
102.924
107.411
106.595
106.026
107.081
107.716
107.946
108.377
109.574
108.368
106.807
105.909
104.568
106.45
109.059
110.133
109.241
110.902
112.212
111.437
112.694
113.315
113.727
114.851
116.267
115.663
117.055
117.688
119.967
118.661
119.095
120.658
119.959
120.482
121.785
121.875
119.638
120.299
123.168
124.989
124.616
122.352
121.966
119.631
121.815
120.294
119.605
120.818
120.303
118.827
120.042
121.2
121.256
121.407
120.838
120.072
122.902
122.219
122.905
126.249
126.399
127.336
127.057
127.868
127.372
130.001
128.798
126.318
130.758
128.689
126.235
124.299
122.731
123.831
122.566
123.423
125.325
123.003
120.164
120.233
120.508
117.212
116.776
119.626
121.353
121.106
119.981
118.394
115.73
114.21
113.745
113.75
112.154
109.692
109.2
111.842
112.126
111.517
111.117
112.564
112.53
115.608
115.687
115.307
116.805
117.223
115.617
115.542
113.402
113.789
111.72
114.038
113.185
112.539
112.226
112.264
111.787
109.676
111.451
112.76
112.24
113.403
112.315
113.922
114.421
116.718
116.69
116.724
117.131
117.744
117.135
118.347
117.733
120.161
121.577
122.046
121.352
120.34
119.538
120.381
120.806
120.639
119.345
116.739
117.615
119.679
119.661
121.712
121.067
120.003
117.528
115.415
117.807
117.026
116.358
116.339
116.493
112.99
109.356
111.242
112.155
112.048
112.858
111.083
110.476
111.022
110.942
111.961
112.389
112.025
111.312
109.819
109.046
108.191
105.771
106.284
106.665
106.131
104.635
102.866
101.952
99.0295
98.9902
97.9258
99.284
98.9645
98.0753
100.75
100.006
100.361
101.096
99.2316
100.689
99.2064
98.2664
100.392
98.5164
99.2142
100.165
99.3268
99.4378
102.003
100.511
100.542
100.918
100.94
99.1883
97.7699
99.0348
98.209
99.6555
100.701
102.089
103.842
104.325
106.371
105.085
104.005
102.434
102.368
101.218
99.117
100.689
101.696
101.488
102.529
101.36
103.964
103.97
102.783
101.323
102.485
102.711
102.603
100.497
102.096
102.528
104.318
105.55
104.744
104.86
106.677
106.385
104.496
104.996
103.301
104.915
104.135
104.205
102.452
103.875
102.47
101.971
103.761
105.91
106.097
106.289
106.454
106.133
105.641
103.727
104.006
103.638
103.483
105.775
106.793
106.631
106.929
107.505
106.615
104.928
104.786
107.241
105.868
106.642
107.783
108.321
107.737
109.227
111.266
111.381
112.586
114.115
114.749
117.951
116.767
115.78
115.665
115.673
115.499
114.719
112.761
111.238
112.3
109.089
107.994
109.716
109.602
109.312
110.217
111.89
109.922
109.923
111.525
110.38
108.604
110.942
111.969
112.081
114.006
114.555
115.415
115.497
113.187
111.412
111.708
110.431
109.894
112.36
110.507
110.871
111.834
112.716
114.796
114.826
118.074
120.063
122.092
121.453
122.15
122.254
122.705
121.322
119.818
117.17
115.626
115.451
117.991
119.917
123.321
124.236
125.642
125.79
126.401
126.561
125.25
126.985
125.144
123.575
123.346
124.608
127.865
129.384
128.98
128.086
126.37
125.7
123.729
122.423
121.665
121.119
122.697
122.22
121.772
121.615
122.754
124.183
125.995
125.262
125.218
124.546
124.864
126.901
128.124
128.597
127.777
129.417
128.327
130.756
135.395
136.915
138.025
138.32
137.213
137.621
138.459
138.972
138.91
138.481
138.562
139.95
137.929
136.866
134.95
136.04
135.62
135.985
134.923
135.362
131.596
131.633
132.668
132.861
132.432
134.012
136.52
137.252
136.384
138.729
139.719
137.83
135.979
134.353
135.837
135.141
136.624
136.388
136.69
134.088
133.945
133.36
134.829
133.594
131.474
133.219
132.303
131.999
132.768
133.177
133.754
137.456
135.939
137.96
138.451
138.583
137.413
138.792
139.527
137.262
138.378
138.703
137.623
137.008
137.674
139.606
136.818
135.703
137.254
138.399
138.876
139.01
140.483
140.541
141.021
141.59
138.119
137.486
139.441
140.11
141.253
141.04
137.401
139.352
139.337
141.542
142.055
143.735
142.962
143.297
141.66
142.868
142.665
138.079
136.061
134.534
134.436
131.726
130.971
131.28
132.433
129.615
129.083
131.536
133.069
131.712
132.456
132.557
130.852
130.019
132.859
134.589
134.73
133.756
133.01
131.811
133.085
130.898
131.781
134.488
135.705
135.79
135.862
134.866
134.259
132.466
129.635
125.272
125.502
126.257
126.316
129.263
129.508
129.565
132.428
134.751
135.287
134.208
135.969
138.359
136.14
137.896
137.875
