100.297
98.847
98.2521
99.6519
99.342
97.6076
99.7229
99.8165
99.7837
96.9532
96.3298
97.7799
98.6317
97.7876
96.7199
96.7849
99.0387
97.9527
98.6169
98.54
98.3236
98.6006
97.4713
96.2716
97.4821
97.1407
98.4146
97.8151
99.3893
98.4109
98.9975
100.501
100.568
100.955
100.399
98.5461
97.3526
97.5796
97.9318
97.3012
97.063
94.8184
94.344
93.1298
90.8876
91.431
91.9994
91.1985
90.5462
91.1662
89.9841
91.8856
92.7857
92.8747
95.3052
96.2094
94.4783
92.288
93.3026
93.721
94.2887
93.6462
93.9652
93.5768
94.2016
94.0216
95.6493
97.405
96.6482
97.1878
100.047
100.416
100.441
98.7821
98.8676
98.0681
98.7947
98.0226
97.5894
98.6023
98.5793
97.9977
101.13
100.341
99.115
98.5178
97.4817
96.1441
97.7218
98.155
97.0226
95.5188
95.2511
93.9944
96.7513
95.5164
93.5611
94.1064
94.353
94.6527
95.2554
96.2688
94.1476
93.3525
93.0738
91.9817
91.1375
93.2127
90.2976
91.2434
91.0727
90.4687
90.2447
90.4356
91.5855
93.4789
94.192
93.7631
91.931
91.6634
90.486
90.0044
87.7514
87.9082
88.2695
87.436
88.7325
90.3539
90.376
90.3889
88.4924
88.3324
90.3906
88.9511
89.9945
89.9276
89.128
87.9914
88.4916
87.5307
89.9063
90.8319
91.7568
92.4994
93.5583
93.5192
93.1898
91.5682
92.4378
91.3611
92.2441
95.3716
94.7289
95.5976
93.924
93.6207
94.8927
94.0595
94.7604
93.2741
93.2273
94.0491
93.1344
92.1753
92.9802
93.1459
92.9659
91.2122
89.3149
89.1947
89.0108
88.3725
85.6819
86.3301
86.6367
87.2711
87.7377
86.1346
86.7558
87.2205
87.1922
85.8439
85.5421
85.6318
85.9395
83.3453
85.5469
86.7788
87.4521
86.2407
87.1169
87.1617
87.3245
87.9302
89.5132
89.7864
89.0481
91.582
90.3995
91.2714
92.8689
92.4999
90.4907
92.1773
89.85
89.6384
89.6009
89.2631
90.2706
90.7812
90.4464
89.657
89.5594
91.4255
92.91
92.9114
93.3318
95.5681
95.2035
95.4814
98.0144
99.917
100.659
99.4643
99.1698
97.4522
96.0689
95.1554
96.4409
96.7221
95.919
95.8691
95.3796
95.2311
97.0902
97.3862
96.4003
97.421
98.1378
96.1762
97.2856
94.6938
95.9086
96.7559
96.0998
95.2845
96.64
97.3888
97.6234
97.8252
97.8391
96.7823
97.6777
97.5637
96.8328
97.3521
99.4012
97.4816
98.0046
97.0028
98.3882
98.1122
98.0857
98.3036
97.6364
97.542
97.5644
97.5874
97.1081
96.647
95.9621
98.6795
100.304
98.3756
98.8127
97.7919
98.8673
97.8072
99.0519
95.8453
94.5474
94.0478
94.1939
94.7929
94.2725
95.6599
96.4379
95.9593
95.6896
95.6312
95.9523
95.8241
95.835
95.5739
97.0027
97.0116
97.4712
97.7686
97.3975
97.842
98.3093
98.7961
98.9092
98.3452
99.2744
98.4629
97.4063
99.213
98.6929
98.9733
98.1298
98.9732
98.3801
99.7433
100.809
98.6165
100.005
100.949
102.381
102.545
103.429
103.112
103.425
105.117
105.151
105.437
104.433
103.17
102.483
103.859
102.555
102.527
101.953
103.386
102.917
102.392
101.652
102.97
102.152
103.056
103.904
104.474
103.217
102.706
103.617
101.393
101.585
100.951
98.5762
98.0718
98.983
99.6352
99.2862
98.786
98.9619
98.3722
96.9265
98.1033
98.2343
98.1661
100.34
99.7119
98.7466
96.5845
95.8524
93.8217
92.5626
93.6332
93.4872
91.5626
91.8554
91.6686
90.7578
89.6598
89.8744
90.5461
90.3551
89.1628
87.2846
86.8266
89.2554
88.165
89.1177
88.7246
90.0922
91.5234
92.6948
90.812
91.9045
91.9046
91.2058
90.5869
90.086
90.1005
91.755
92.8997
90.4514
89.0052
86.9465
87.1858
86.4342
85.4959
86.671
86.7796
86.9232
85.9569
85.9298
84.8712
85.9885
85.1329
87.9767
88.651
87.2314
86.6095
86.2237
86.724
88.0487
87.033
86.9886
87.3898
85.5089
84.3268
83.506
82.3581
82.8497
82.2774
84.2759
83.2044
84.5874
84.8526
85.6888
85.9002
85.7691
87.2638
88.5558
88.0844
88.0431
88.1272
88.3916
90.267
89.9032
90.1598
90.7993
90.7853
92.0523
92.3817
90.5812
90.4585
91.8323
92.0372
92.3049
91.707
90.9615
89.9128
90.282
90.2804
88.8391
90.0868
90.8238
92.111
92.3888
93.5471
92.1112
92.9105
92.9453
93.0577
92.6728
90.5435
91.407
90.7845
89.7
93.0296
93.4325
93.335
93.2836
92.668
94.6966
93.862
95.7334
94.3428
93.7548
91.9018
91.7143
91.0355
90.0378
89.1571
87.7901
87.8301
89.5056
91.0599
90.0424
88.9192
88.6164
89.2934
89.502
87.4387
88.109
87.2171
86.9564
88.0272
88.3338
88.1627
85.9022
86.2244
86.4394
88.1256
88.0096
88.5964
89.0685
87.1506
86.9527
88.0991
87.563
87.2434
85.8573
86.2297
85.6734
86.3305
85.4258
84.7409
83.415
84.2315
85.0851
83.4365
82.6826
81.3907
84.098
87.0267
88.595
87.0911
87.5726
86.8756
87.3311
86.8084
86.9117
87.8945
88.7671
88.9734
86.7661
87.2889
87.6395
86.5984
87.1516
87.3752
85.6756
88.3665
88.7514
91.0761
90.7711
90.5818
89.1862
89.3709
87.6433
88.2483
88.849
89.3729
89.3105
89.0924
89.4345
88.8379
88.7325
90.265
90.7329
93.2646
93.4161
92.0608
92.5831
92.1015
93.5434
94.0451
92.7745
94.5071
93.0694
93.5699
92.9466
93.3689
94.1828
94.7517
95.2309
95.7148
95.7338
96.7856
96.4657
96.2009
97.7728
99.2284
101.525
101.334
102.946
103.272
103.845
103.849
103.677
104.021
105.894
102.457
105.198
104.722
104.931
105.296
