100.516
98.6074
100.579
101.961
105.337
107.709
109.207
107.604
107.786
109.946
109.918
109.907
112.733
111.829
112.854
112.453
114.241
115.096
116.686
117.647
119.022
119.102
118.12
117.052
117.317
118.023
116.774
115.83
116.815
116.521
117.716
119.842
120.485
122.745
119.811
117.476
118.999
119.418
118.919
118.354
117.629
115.792
114.991
114.326
112.612
111.722
110.51
111.97
112.88
113.105
112.203
113.176
113.557
113.817
114.236
114.153
114.538
113.56
115.113
115.657
116.248
115.949
116.733
118.21
120.332
119.386
118.747
119.947
121.346
120.044
120.276
119.203
117.292
116.228
115.704
116.027
115.195
114.752
113.633
115.287
114.356
113.649
113.531
113.12
112.559
112.508
112.965
113.109
114.844
114.192
116.083
115.888
115.69
116.439
112.281
113.596
112.204
114.202
114.46
115.471
117.081
115.507
115.192
115.838
118.909
118.042
117.171
117.314
116.962
115.098
116.053
117.498
118.524
117.785
119.458
118.955
118.746
119.473
119.011
122.038
123.456
120.019
119.879
114.981
113.722
114.574
115.69
115.424
114.2
115.135
116.64
112.287
113.062
113.661
115.107
114.76
115.898
113.956
113.138
113.763
114.72
114.379
113.123
112.862
114.236
114.015
113.92
114.85
117.054
114.884
114.855
115.246
115.796
112.515
111.273
111.212
110.863
110.072
108.765
107.842
106.593
107.667
108.192
107.236
109.564
106.512
105.087
104.004
103.755
102.225
101.582
100.905
100.472
98.9868
98.3799
99.556
101.821
100.648
100.675
101.446
101.754
100.06
98.9561
101.702
101.615
101.084
101.447
99.7872
100.434
101.316
102.488
100.545
100.675
100.866
101.773
100.913
99.7499
101.269
100.909
101.394
100.994
98.8733
97.7949
96.7003
97.5727
94.965
94.8785
94.9423
94.0777
93.8762
94.8625
93.2099
95.8186
94.1245
93.2097
93.2741
93.4708
94.3555
93.4514
94.6429
94.6278
94.9481
95.5008
95.6404
97.6274
97.9725
98.6515
97.0575
98.6163
99.6599
99.3763
101.558
103.608
103.004
101.874
103.121
102.253
103.666
104.668
106.422
107.118
107.804
107.527
109.561
109.489
107.799
109.24
110.148
109.143
108.931
108.439
108.94
109.385
108.684
107.226
108.067
107.338
107.926
107.609
108.731
107.327
109.916
110.922
112.532
112.771
113.05
113.803
114.378
113.9
116.688
116.568
115.545
116.973
118.377
116.657
117.315
118.22
118.125
120.238
121.206
120.745
120.302
118.823
118.998
120.731
119.17
120.058
118.049
116.774
117.023
117.767
115.345
118.947
117.884
120.359
119.673
121.441
121.33
121.476
117.347
116.948
116.327
114.702
112.843
112.574
113.436
114.413
112.592
112.391
113.002
113.563
113.249
111.956
111.03
112.958
113.577
112.986
116.219
117.062
118.452
116.437
117.895
118.757
118.397
117.028
114.999
115.656
114.413
114.474
112.566
110.406
109.669
110.22
110.033
111.701
112.868
111.979
113.306
112.069
110.153
109.679
109.093
110.22
112.349
113.549
115.404
114.87
114.866
114.029
114.01
113.895
113.039
112.119
112.398
112.862
111.347
112.624
111.922
111.569
111.527
111.91
109.495
111.583
111.035
108.605
108.822
107.848
106.606
107.844
107.582
105.246
103.693
103.486
106.779
105.744
108.349
109.869
111.023
111.828
111.864
110.919
109.748
107.332
107.142
107.168
106.913
106.079
106.571
105.67
103.607
103.927
104.507
104.161
101.666
102.771
103.799
102.36
101.146
103.045
104.099
102.37
103.636
104.297
105.229
108.029
108.953
107.753
109.474
110.557
111.483
111.676
110.493
110.061
108.897
108.617
109.175
109.713
110.191
110.43
109.738
111.062
110.239
110.163
111.406
111.236
111.607
109.75
108.877
109.543
108.621
107.789
106.943
105.722
107.325
108.294
108.593
109.828
109.627
110.239
109.407
111.723
112.143
114.801
115.532
116.415
117.122
115.517
115.749
113.777
114.775
115.458
115.023
118.63
116.751
119.011
117.803
118.179
115.332
114.03
110.581
109.794
109.515
108.437
107.545
107.31
108.103
107.175
107.866
107.393
107.539
107.787
106.238
105.698
105.329
105.215
104.476
103.141
104.148
102.646
104.763
105.894
106.617
104.552
102.331
101.675
102.975
103.188
103.084
103.543
103.724
104.764
106.065
104.748
102.676
103.529
103.828
102.907
101.638
100.382
101.128
100.465
101.08
100.442
102.095
100.859
101.653
101.879
101.413
102.69
102.71
102.547
102.15
102.674
102.788
101.528
101.356
99.8089
100.546
103.078
102.681
101.032
99.7886
99.7561
101.173
100.853
100.466
101.379
101.847
101.475
100.11
98.8247
97.6657
99.6757
99.8867
100.168
99.7584
99.5704
100.465
100.68
101.228
101.264
100.306
99.8966
99.0556
100.556
99.9168
100.422
99.5706
99.3089
99.2949
99.017
98.9633
100.869
99.2236
101.935
101.552
100.876
100.579
100.569
101.899
101.594
100.673
102.053
101.657
101.611
103.118
101.971
100.255
99.4017
99.7208
100.156
98.8076
97.6005
97.6986
98.6765
99.8745
98.9025
100.616
100.925
102.452
101.638
102.159
101.248
103.366
101.023
101.732
99.4203
99.3479
101.054
101.362
100.721
101.581
100.335
100.637
100.685
100.657
99.541
99.91
100.323
99.4473
