100.586
102.397
102.184
103.934
105.833
106.983
107.51
105.913
106.012
103.166
105.576
105.245
106.124
104.569
102.583
104.145
105.148
107.531
108.047
107.892
108.178
107.262
107.197
107.785
108.869
106.366
106.693
109.789
111.064
112.233
112.771
112.227
112.238
111.359
111.427
111.587
112.157
110.603
109.045
106.784
108.853
107.56
110.624
108.074
108.196
108.97
109.631
112.194
114.474
114.958
116.126
117.882
118.457
116.676
116.285
117.04
118.15
118.136
115.671
118.092
116.651
115.11
115.611
116.129
117.348
115.499
118.199
117.814
118.69
118.336
118.332
117.085
116.593
120.237
123.613
125.004
123.897
124.975
127.929
126.89
127.967
130.526
131.938
132.821
132.785
129.794
130.965
130.074
128.842
127.674
129.05
128.975
130.129
131.323
133.482
134.601
135.324
136.498
134.085
134.49
133.278
132.66
136.757
136.655
134.082
134.994
135.078
134.155
133.472
136.527
141.854
142.3
143.912
142.844
145.295
145.211
145.084
145.389
147.748
148.447
152.376
155.416
156.019
160.664
161.818
166.633
167.986
172.556
174.738
176.024
176.966
176.12
178.894
180.991
182.666
179.631
180.635
184.41
187.001
185.551
186.764
187.467
188.503
188.858
187.974
188.842
188.095
184.683
186.823
188.826
184.799
183.808
180.378
178.517
174.362
174.813
174.249
174.11
171.637
173.517
174.759
168.65
168.76
167.746
170.132
167.412
167.738
166.92
169.617
166.814
164.895
168.349
168.458
168.358
168.555
171.221
170.486
171.092
173.503
175.508
175.098
172.294
168.62
167.918
172.515
173.139
172.449
170.787
173.045
174.442
171.432
172.597
171.515
172.079
171.371
174.548
178.662
178.921
179.14
179.068
182.049
182.654
183.259
181.756
180.99
184.168
182.412
181.181
182.948
177.324
180.547
181.964
182.693
183.061
181.805
182.253
179.927
181.258
180.503
180.31
179.639
182.911
181.087
181.6
182.166
179.527
181.932
180.001
179.132
177.05
177.178
178.064
180.094
180.032
179.515
180.079
177.35
178.172
176.098
176.698
178.778
175.496
178.949
181.768
181.5
180.602
182.594
180.911
181.664
181.981
183.677
185.382
185.023
185.839
187.265
188.206
184.77
184.209
188.664
188.232
190.759
188.099
183.457
184.682
184.607
187.039
184.503
184.503
183.74
180.753
177.217
177.035
174.317
175.149
178.425
180.64
182.242
181.093
179.65
181.24
179.169
184.03
187.007
184.429
181.603
180.582
182.417
182.796
180.041
180.052
181.41
183.196
181.185
181.659
178.305
179.874
178.564
176.981
182.007
182.772
180.663
179.485
176.189
174.607
173.876
171.922
174.171
171.369
167.741
167.939
170.06
170.906
173.965
172.411
172.245
172.553
172.687
174.946
177.098
177.552
176.472
175.893
177.155
180.753
176.789
178.556
180.855
178.505
181.206
179.167
181.704
181.697
181.333
177.248
175.858
177.241
176.537
176.786
179.304
184.109
186.245
185.309
183.944
182.673
184.332
185.572
185.523
188.146
186.334
186.733
188.104
187.765
189.382
189.71
188.192
187.552
184.727
183.647
185.813
186.086
187.855
190.162
188.291
196.639
191.692
193.995
193.857
195.581
196.997
195.165
197.259
197.051
196.926
198.457
195.077
194.624
194.046
197.713
198.842
200.019
199.616
202.403
202.016
199.933
201.065
206.854
208.882
212.445
211.803
216.7
216.579
216.34
216.927
216.447
216.977
219.295
221.973
215.693
214.401
211.733
214.154
217.321
222.946
224.484
220.172
214.474
218.577
218.853
221.928
223.643
223.78
228.562
226.3
225.385
223.412
223.615
222.045
221.739
220.896
224.385
225.462
227.789
233.156
230.79
232.701
237.344
237.687
234.889
233.01
231.786
230.826
231.708
233.588
235.482
233.299
234.344
232.373
234.071
230.64
233.081
230.365
223.88
226.22
231.237
233.776
232.931
234.006
236.023
235.972
236.069
233.76
233.983
233.984
234.553
234.165
237.632
239.528
239.84
235.494
242.105
241.594
242.833
243.771
240.58
233.46
235.752
234.177
233.967
231.541
233.726
233.406
237.139
238.217
232.739
232.263
229.41
229.637
232.919
229.126
228.506
226.779
221.41
221.577
227.345
223.423
220.343
223.043
221.762
218.894
224.219
222.903
221.315
226.924
228.805
226.189
228.54
229.622
235.744
241.257
236.914
233.772
237.607
237.045
240.377
239.017
240.175
242.966
246.487
242.857
246.327
242.283
242.342
243.083
249.126
247.198
247.567
245.411
246.287
248.711
244.512
242.803
244.905
243.041
245.33
245.907
247.254
246.687
246.335
247.734
247.126
245.982
246.385
247.438
244.644
247.522
247.016
249.441
255.77
261.84
264.989
269.918
266.601
263.763
265.262
263.108
259.809
251.287
252.562
253.681
255.615
250.102
246.997
245.836
243.26
242.802
245.09
248.174
249.493
247.943
244.922
246.788
250.145
244.607
251.143
252.832
253.55
250.163
245.334
246.422
238.84
239.47
238.676
238.398
236.696
238.383
242.531
242.7
242.021
237.109
239.693
237.812
234.674
231.731
230.702
230.351
227.042
229.82
228.662
228.081
228.958
233.994
233.608
236.574
234.817
234.965
231.099
226.8
225.98
228.131
229.096
