102.75
101.84
101.226
101.671
101.28
101.776
102.047
101.767
98.2964
97.5601
96.3017
96.6393
95.3063
93.689
92.7358
93.1463
92.5054
94.7052
95.0345
93.635
96.1618
97.5418
97.8274
96.9409
97.2024
98.3887
97.8643
97.2284
97.3118
97.068
97.2156
98.4701
97.582
97.0025
96.5281
95.4305
97.241
98.0459
98.3864
97.465
97.6776
99.9841
100.115
100.584
99.202
97.7106
95.4342
95.2434
96.041
95.646
94.8451
95.0192
96.3252
96.5579
95.5339
94.3352
94.2066
94.3579
95.5876
95.9325
97.5724
98.0473
95.0622
96.1572
94.9887
95.2863
96.0637
94.4866
94.7865
93.5198
92.7984
93.5305
95.5869
93.1203
92.5913
93.8116
95.1424
95.7556
96.3211
96.4122
98.1526
97.0665
99.113
98.0222
96.9826
99.5639
101.006
100.386
99.5812
101.766
103.158
99.9972
99.9203
101.036
101.552
99.5364
100.906
99.3396
100.542
98.8306
100.299
100.267
99.5563
100.222
100.44
102.519
100.471
101.28
100.55
101.032
100.613
100.902
101.401
102.418
104.566
106.712
107.474
106.512
107.254
106.664
106.713
107.802
108.235
107.853
108.314
109.04
108.503
108.812
111.068
111.185
112.107
110.831
109.655
109.65
109.832
109.665
108.888
107.993
108.177
106.935
105.869
106.189
107.06
108.676
108.299
107.598
107.091
105.939
106.737
105.927
105.968
106.101
105.299
104.817
105.159
103.873
102.478
100.72
101.311
102.399
102.17
102.456
104.126
105.794
103.468
104.354
106.045
106.133
106.323
106.599
107.917
108.026
106.834
107.899
109.156
108.754
111.042
110.397
110.46
109.66
108.576
108.503
107.691
108.988
110.825
109.091
108.68
108.362
107.929
108.483
108.636
108.21
110.786
110.42
108.808
109.193
108.638
109.664
108.921
111.312
111.347
111.061
110.431
109.433
110.729
113.001
115.074
116.254
116.229
117.893
117.967
117.967
117.573
116.163
116.677
118.764
120.407
122.472
121.09
122.202
124.526
125.888
129.627
127.142
127.517
127.171
128.78
127.837
128.008
126.545
125.198
125.378
124.334
123.505
125.471
126.673
127.842
129.164
129.111
130.099
127.932
126.948
127.28
123.895
123.145
120.764
121.279
122.328
123.159
124.326
123.136
124.539
125.65
127.174
127.986
127.85
128.151
129.217
127.734
128.602
126.778
124.083
125.696
126.858
126.835
130.031
130.949
132.624
132.377
130.863
130.931
129.041
127.684
128.848
125.889
124.901
123.739
123.449
122.698
123.147
124.426
122.806
122.06
121.026
116.995
115.684
115.769
115.56
115.682
116.408
115.84
115.638
113.351
113.628
113.723
112.533
114.363
112.667
112.695
113.942
115.177
116.074
115.86
115.428
117.573
118.403
117.576
119.615
119.081
120.919
120.873
120.801
121.597
120.95
121.093
120.278
120.727
122.292
122.466
122.719
125.254
126.378
123.38
125.604
125.327
124.871
125.776
123.092
123.81
125.187
124.729
125.317
124.026
122.589
121.974
118.681
118.458
118.286
116.1
115.705
116.471
116.5
116.862
114.253
112.423
111.986
110.498
109.37
109.368
110.503
108.936
107.579
108.036
111.742
111.33
110.678
109.483
107.449
107.666
107.082
107.915
107.188
106.433
104.984
103.6
101.631
102.864
105.561
105.65
106.875
107.284
107.256
108.068
110.242
109.19
111.795
113.572
113.301
111.178
111.387
111.575
110.877
107.873
108.691
107.805
107.093
108.407
107.195
105.744
105.991
105.667
106.528
107.155
105.928
106.207
107.999
108.919
110.257
110.326
109.509
110.149
110.183
110.685
112.078
109.577
110.436
109.144
108.307
110.301
111.446
111.129
111.762
112.984
112.227
112.391
112.497
114.104
113.86
115.429
117.163
116.586
116.41
116.624
118.237
117.923
116.138
115.09
116.706
115.504
115.27
113.463
112.729
114.87
113.416
112.008
110.168
109.895
112.849
112.489
113.22
114.82
116.01
116.454
114.377
112.241
110.605
110.628
109.206
107.443
104.278
105.239
103.81
104.913
104.547
105.633
107.295
107.985
107.978
108.964
109.269
108.468
107.641
108.182
108.819
108.313
107.802
105.658
103.098
103.684
103.406
105.751
104.17
105.739
105.041
105.772
105.638
104.588
106.432
106.276
104.827
104.368
106.106
107.028
107.118
108.197
108.806
107.917
107.638
106.744
106.792
107.942
107.066
107.687
107.476
106.643
105.742
104.83
103.819
105.189
103.986
103.83
103.093
100.441
100.983
99.4681
99.3884
98.2771
98.2582
97.0435
96.6846
95.7669
94.1414
95.5008
96.433
93.9789
94.7063
94.4117
95.8749
97.8659
99.8861
98.8882
100.029
100.476
100.491
98.8198
98.6826
97.7011
96.5292
96.8196
97.409
97.9119
99.6169
100.109
97.1676
98.8459
99.69
99.9021
102.317
103.22
103.731
104.795
106.72
108.258
109.085
108.891
109.488
109.789
110.125
111.559
110.494
112.211
110.628
111.188
110.335
110.137
110.217
109.861
108.964
109.237
112.73
113.85
113.893
110.562
110.583
111.643
111.234
111.827
111.523
110.37
111.391
108.8
110.611
109.398
110.654
110.213
108.795
107.7
108.887
107.851
108.931
107.521
106.552
106.555
106.2
106.165
106.146
105.729
107.101
108.579
107.768
106.196
105.739
105.106
103.651
103.169
103.242
104.091
103.199
101.426
100.434
