100.741
99.764
100.424
101.645
102.556
102.394
99.4039
101.067
100.031
97.151
95.2324
93.799
95.3274
96.2234
97.8356
98.0027
97.6504
96.5767
96.9299
96.1694
95.0853
95.2967
93.9531
93.6633
96.0445
95.604
93.9176
94.1375
91.7653
93.0295
94.0031
93.4446
91.9435
91.7788
93.6093
92.9577
91.801
92.0021
90.7209
88.9097
88.4111
90.189
88.4599
88.6851
88.6522
88.0377
88.111
87.4824
85.5008
86.5326
88.2601
89.0825
86.9374
87.0145
84.9375
87.6888
88.0355
87.3457
87.8449
89.0036
89.2935
86.9306
85.9247
86.0731
86.8816
86.9978
86.7844
86.6198
85.1738
85.0593
84.2992
83.0327
83.1335
82.9877
82.2934
81.0047
81.178
81.3754
81.0586
80.6562
78.8786
79.3802
79.8133
79.7258
80.6337
80.1256
80.01
80.3732
80.4511
80.3621
80.1876
80.573
80.0974
80.1847
79.7784
79.5481
80.6912
80.5185
81.15
82.0295
81.4906
83.5095
84.8614
84.541
84.1845
83.5821
83.8209
85.3882
86.0657
86.9089
86.9075
85.0985
84.2615
82.6713
82.6018
82.9292
82.1671
84.0303
83.9762
82.5882
83.5637
82.5899
81.8586
83.0178
83.974
86.9382
88.0595
87.215
86.6864
85.8896
85.1345
87.5299
88.1947
88.3975
88.2014
87.6711
86.6346
85.349
82.6834
82.9987
83.4729
84.1511
83.2533
83.4714
85.5657
84.7441
85.2542
83.8186
85.609
85.9914
86.7004
87.3417
85.3675
87.232
87.4076
86.5217
87.2059
85.1726
85.6371
85.4708
83.8135
82.8322
83.7851
83.1621
83.3366
83.6761
82.6197
82.6948
83.3147
82.5499
81.4627
80.258
78.9088
78.6114
79.2457
80.9003
81.0405
80.9148
79.0562
79.8199
79.3326
79.6445
78.6225
77.9977
77.2082
77.4933
75.6236
76.1094
76.6989
75.4614
74.2498
72.9599
72.6515
73.7584
73.1077
73.8165
73.7434
73.3226
74.57
72.3476
72.0314
72.5676
73.848
72.7905
72.8577
72.7362
73.6071
71.3672
71.4747
71.913
73.4111
71.876
70.6155
71.0437
69.766
69.9575
67.6604
68.6323
68.7167
67.4655
66.1698
67.5993
66.8626
66.5246
65.5204
66.6652
66.8713
68.3716
68.3886
68.0549
66.6253
65.0737
65.3577
64.3048
63.3671
63.359
63.0462
61.7148
60.514
60.7398
60.8758
61.5063
60.7725
61.5156
61.1617
61.1361
61.7087
61.8066
61.4373
61.3894
60.9395
61.6311
61.5706
62.6952
61.7213
62.8726
62.3271
62.6273
62.727
62.802
62.3791
62.8968
63.0286
63.5616
64.353
65.027
64.8715
64.8482
65.1101
65.8997
66.022
65.997
66.9019
66.0193
67.2979
66.8841
67.5191
67.0531
65.7435
65.2859
66.079
65.4393
64.7572
63.7564
64.1077
64.0426
64.9719
63.8109
64.8297
65.0604
65.6672
66.075
66.1604
65.8116
66.0189
67.1641
67.0359
67.0865
67.6987
67.8352
67.6526
67.1365
67.8774
67.3638
67.4853
67.4607
66.97
67.2349
68.176
68.1432
68.721
68.8842
68.9756
70.489
71.23
71.6693
72.241
74.0701
72.8644
73.5277
72.7409
72.3538
73.9665
74.2087
72.5193
71.9012
70.8517
69.2672
69.2808
69.7512
69.6047
70.443
70.1792
69.9763
69.6801
70.5289
71.0475
70.2239
69.1883
69.3455
68.7663
67.9375
68.4876
68.1072
67.6393
67.6228
67.7261
67.5611
66.199
65.4799
65.024
63.1915
61.9855
62.7133
62.8534
62.0637
62.7616
63.1917
63.3945
62.8279
63.8696
63.3075
63.4659
63.2449
63.5605
63.6384
64.0445
62.8617
63.9509
63.2954
63.6245
62.0089
61.7757
61.9217
62.0592
63.1395
62.3074
60.7211
60.4119
60.787
61.223
61.1242
60.5197
61.5137
61.5423
60.327
61.4318
59.8246
59.3338
58.9357
58.4431
58.4015
59.0081
58.7349
59.8519
59.1748
58.2557
58.769
58.2113
58.9999
59.3911
58.316
58.4004
57.502
58.0615
58.0808
58.1548
57.9227
58.1997
58.7944
60.3202
58.7189
59.8844
59.1805
59.2434
59.2907
58.2739
57.7548
58.0496
57.6625
58.6458
58.506
58.3814
59.832
59.7207
60.4308
60.7363
61.7915
60.556
60.5065
59.8922
58.7833
58.4684
59.0714
58.8749
57.7761
58.9686
59.5701
60.0164
60.0473
58.6573
60.6485
60.3189
60.0361
60.1604
59.3829
59.7906
61.6505
62.527
63.5241
62.5028
62.6441
62.1343
61.9045
61.8835
62.3768
63.1787
63.6025
64.0226
63.5693
63.1236
62.6693
61.9379
60.4844
60.3541
60.931
59.8076
60.4425
60.3997
61.9328
60.4391
60.2349
61.9958
60.6606
60.5853
59.8257
60.4251
60.563
61.3165
61.3938
60.4794
59.7645
59.8204
60.7057
60.2548
61.1356
61.9341
60.1924
59.6674
60.5379
59.5996
58.8916
58.893
59.4776
59.2774
58.2925
58.4681
59.5789
60.1816
61.691
62.1545
62.8809
61.5787
62.1246
61.038
61.6803
62.3643
62.332
63.0769
62.9609
63.2993
64.0343
64.289
64.6112
63.7786
64.7396
64.7937
63.5714
64.2302
64.5073
64.2368
63.0155
61.9389
61.8717
62.0312
62.6171
62.1734
63.0973
63.2224
62.7277
61.6829
60.3739
60.8217
62.0398
62.0335
61.93
60.7179
61.8505
62.2523
62.6697
63.4188
62.9113
62.1784
62.8573
61.4519
61.3679
59.8909
59.7218
59.2152
59.3412
59.2875
58.6842
59.572
59.8028
59.0472
59.2652
59.2082
59.7952
59.5147
59.3199
59.9349
60.4916
61.4003
62.4493
62.6021
61.8289
62.0753
61.4662
61.5104
60.4911
60.404
60.7314
60.8901
59.7444
58.7619
59.7715
60.0322
60.5407
60.0245
61.1802
60.3151
59.6287
59.6132
59.5967
60.3191
61.1217
60.9377
61.0409
60.279
60.2312
60.4605
60.8308
62.0687
62.5739
63.3935
62.7361
64.1023
64.8506
64.6439
64.9915
