99.1757
98.205
98.329
99.9767
100.956
98.2435
98.3609
98.0846
97.7785
98.5045
100.606
100.385
100.484
99.2665
99.81
101.649
101.855
100.737
103.31
103.824
103.693
104.635
105.819
103.853
104.958
103.504
104.567
104.799
103.635
103.132
104.457
104.324
102.504
101.746
103.598
103.601
101.986
100.959
99.7865
102.177
100.605
101.139
100.23
99.1242
97.1399
98.6344
97.6721
98.2371
96.6171
96.5806
98.0945
99.7269
100.345
100.977
100.26
99.7534
98.4172
99.6272
101.734
100.952
103.259
102.296
102.709
103.75
103.033
105.975
107.184
107.233
103.842
104.673
102.82
103.249
104.287
101.556
103.121
103.072
102.739
102.146
103.174
103.085
103.004
104.699
106.197
104.027
103.734
102.71
100.972
100.394
99.4265
99.5423
99.0508
99.6938
101.143
102.956
102.14
101.974
102.357
105.405
103.413
102.62
102.817
103.066
102.261
103.943
102.802
102.761
101.499
101.217
101.823
101.198
99.801
97.4247
95.8023
94.6655
95.2056
96.2355
96.9614
97.2541
97.638
97.6657
97.5919
95.0582
96.4308
96.0059
96.7178
96.9432
94.2045
91.2514
91.0182
90.305
90.0374
89.7225
91.5536
91.8298
94.2389
96.0831
95.8579
95.525
97.3613
97.6104
97.4013
97.819
98.2704
98.3275
96.8799
96.9993
97.9868
97.3958
96.254
97.2414
95.4748
94.0732
94.9395
93.2045
93.2499
94.0196
91.2378
91.0308
91.8534
92.7537
93.9011
94.2438
92.2379
92.0327
93.9363
93.7743
94.3566
93.2341
92.5343
92.1496
91.9574
91.6707
92.4225
90.6024
90.2873
90.7545
92.1567
93.1353
92.193
92.1842
93.0747
95.6332
96.322
95.8098
94.196
94.6412
95.7662
95.2692
94.6023
94.9861
96.8877
98.6391
99.4125
99.2333
100.548
98.9083
98.6345
97.087
97.2448
97.5645
97.2058
98.098
96.9371
96.1245
95.5328
94.2563
93.5924
93.2535
93.2982
93.9009
93.4228
92.4365
90.4607
90.6307
89.8427
89.1224
90.8426
91.1877
90.8927
90.4921
90.1154
92.1987
91.6851
91.1603
90.9878
89.6721
89.3261
90.0367
90.6215
91.845
91.3861
89.7374
87.5743
87.5843
86.9458
86.1077
84.4028
84.1598
82.9822
82.7895
84.0348
82.9075
80.677
81.6726
82.2612
82.7295
81.5082
81.0943
80.8844
82.2274
83.0289
83.5642
82.9053
82.4575
81.4618
81.1001
82.0725
82.2816
81.736
79.8521
80.2946
79.484
79.3554
79.455
78.0152
78.0544
77.6152
78.9231
80.0001
81.0534
80.0784
79.2404
79.0276
79.5795
80.0904
81.392
82.0512
82.1666
82.784
83.5378
85.515
87.1353
85.3756
83.6788
86.7094
85.8824
85.5827
84.3406
83.7874
85.2353
85.9398
85.7345
85.5979
84.6846
84.0859
83.6802
84.2845
83.9914
83.5966
82.0665
82.4931
82.2957
83.7316
82.5433
82.0213
82.4622
81.366
81.5608
80.5536
81.8732
82.1642
81.9733
82.7081
83.8603
83.483
84.8156
85.2827
85.9787
86.2297
85.5037
84.0629
84.0263
84.6099
82.5057
81.0806
79.6077
78.997
78.2025
78.9733
78.8328
78.732
78.4984
77.3739
79.1807
79.2509
79.9843
78.2501
77.7964
78.8135
79.2984
79.5211
78.9055
79.7202
80.2891
79.0725
78.9759
78.8682
78.0177
78.5988
79.2541
78.7934
79.6886
80.0594
78.3811
78.4827
77.7934
77.8749
78.6185
77.3815
78.3533
78.1082
78.4223
77.5109
75.8944
76.5519
75.2322
76.1888
75.8731
76.0267
76.8395
77.0849
76.366
75.8283
75.5619
76.6637
76.9648
77.9723
77.9548
76.6842
78.0905
76.8229
76.2857
77.3716
77.9286
79.5227
77.6028
77.5105
77.3094
74.3218
73.7234
72.7602
72.1822
73.0723
74.0888
73.3471
71.5415
72.9897
73.0454
73.8645
74.9478
75.837
76.1029
78.4125
78.5996
79.4999
80.523
80.5868
79.5778
78.8208
78.5355
78.5608
79.9745
79.5471
79.416
78.3165
77.5433
75.8404
76.249
76.6632
77.9326
78.0343
78.8116
78.633
78.1258
79.6265
78.5117
78.5732
78.0141
77.7656
77.9024
78.6934
79.9711
79.6363
77.8682
77.5023
79.0708
79.212
78.5524
78.3406
79.6141
80.0258
80.164
83.012
83.613
85.5198
85.7118
86.6095
85.7849
85.9758
88.479
88.3209
87.7359
89.0845
88.8678
87.7791
87.4138
87.329
86.2713
86.9987
88.4598
87.9115
88.4493
89.7939
89.6585
90.1643
90.2576
92.0616
90.792
91.8264
91.1656
92.9174
91.6479
89.7371
89.9081
89.5
89.9473
91.6049
93.1416
92.2973
91.935
92.7487
91.1982
88.6833
88.113
88.0402
89.1467
88.2649
88.9205
88.7325
87.4829
87.2791
87.2194
88.664
88.4144
87.4648
85.6386
85.574
84.2301
85.5801
86.8695
88.4783
88.544
88.9973
89.0255
89.9103
89.4829
89.4953
90.4334
90.3877
89.8451
89.6378
87.7116
88.1699
86.9579
86.783
86.4059
86.963
87.4357
85.7331
84.7143
83.294
83.6037
82.2746
83.1854
83.6403
84.513
83.9666
84.833
86.8066
86.6104
86.204
87.4085
87.5245
89.1011
89.208
87.4196
87.3074
89.0652
89.3818
91.8652
92.3366
90.7051
91.1243
92.8636
92.2936
91.054
91.6989
92.245
91.2144
91.1457
91.0231
92.0648
92.8294
91.4192
91.6043
92.3714
91.6462
91.3051
90.8268
91.116
91.1936
90.7965
91.983
91.3737
91.0378
91.1688
89.8508
90.4134
92.8001
91.6756
91.6582
90.926
89.5746
88.8893
88.7547
91.1748
88.9324
90.4216
90.6742
91.9878
90.4845
90.3533
89.096
88.2464
88.1087
89.0503
87.7017
87.2223
87.6118
86.2875
85.9785
86.6299
87.9044
88.8411
88.1016
88.4329
88.3869
89.8743
91.9953
90.7576
