99.1773
99.3194
99.7198
100.821
99.0619
97.9435
98.7126
99.9768
100.58
101.525
101.28
102.757
105.3
104.636
104.583
104.355
104.59
103.894
105.504
102.129
105.275
104.94
105.483
103.366
104.801
104.407
102.654
103.606
102.977
100.732
99.5475
96.9783
98.7441
101.727
100.634
102.834
102.239
102.909
102.521
103.599
104.251
101.965
98.7615
99.9442
99.2552
101.49
101.835
99.0366
98.4623
99.3109
101.306
100.932
101.063
102.032
99.6145
99.4158
98.4508
101.004
102.333
100.134
101.731
102.693
103.792
104.152
103.846
103.315
105.793
107.579
105.262
105.43
105.259
106.452
106.733
104.497
104.741
104.869
104.678
105.945
105.704
106.007
106.007
106.158
106.461
108.589
109.551
108.439
105.615
106.235
106.615
106.794
106.521
107.263
108.773
108.654
109.271
109.274
107.664
109.456
110.757
112.681
112.486
112.788
112.448
113.189
112.252
110.301
108.503
107.258
108.627
109.118
108.451
107.242
107.671
108.517
107.283
112.311
113.004
112.775
113.55
117.459
118.587
120.162
119.58
120.551
120.491
119.661
121.538
122.511
123.704
122.924
121.372
121.098
120.472
121.083
121.001
119.473
119.461
117.921
119.718
121.923
120.552
117.719
120.379
120.265
120.434
119.931
118.994
118.478
117.361
116.425
117.539
118.269
120.405
122.173
121.448
121.809
121.725
119.571
121.002
119.065
120.361
120.5
119.102
119.162
119.6
119.396
118.373
119.016
118.495
119.926
122.191
121.521
123.485
122.221
123.575
124.578
124.484
124.494
123.512
122.603
123.047
122.094
120.449
120.04
120.557
116.748
115.404
115.119
114.343
114.012
113.765
112.322
112.351
114.592
115.689
114.127
112.459
109.166
108.088
106.647
107.167
107.142
105.549
105.059
103.735
104.164
101.203
102.009
100.757
100.875
102.387
100.906
101.693
101.322
100.142
100.074
101.519
100.237
102.235
103.358
103.485
104.613
104.539
105.248
104.914
105.464
106.866
107.538
107.197
108.393
110.259
113.941
114.12
112.438
111.778
111.122
111.279
111.364
111.071
110.172
109.357
109.563
111.545
110.931
112.924
112.643
111.572
111.846
110.315
109.506
111.159
111.083
109.212
110.189
110.798
111.317
109.102
107.589
107.47
108.455
107.936
109.297
109.238
108.873
110.926
107.822
108.729
108.617
111.888
113.14
113.298
115.499
118.169
119.631
118.361
119.391
121.05
120.455
117.867
115.708
116.023
115.361
114.045
115.796
118.584
115.642
116.196
116.966
116.056
119.045
120.066
120.882
121.13
122.469
121.813
122.541
122.247
120.843
121.159
120.388
121.022
122.687
123.473
122.149
123.091
123.272
122.317
124.431
121.56
120.051
119.961
120.422
120.07
121.457
122.355
119.207
118.648
119.542
120.763
119.301
121.233
124.012
121.937
119.195
121.949
122.782
125.197
126.851
127.925
126.669
127.684
127.788
127.053
128.288
126.573
125.942
127.61
126.561
124.069
124.991
123.772
120.917
120.882
123.642
125.533
125.225
125.749
123.181
122.483
119.568
117.292
117.018
116.511
114.72
115.284
114.444
114.14
115.249
117.404
120.238
121.367
124.401
126.75
126.24
123.761
126.28
125.061
126.879
129.278
129.978
126.863
127.242
127.57
125.389
125.097
125.045
122.921
122.538
125.07
123.008
124.908
123.536
124.75
123.585
122.28
122.813
123.675
123.82
124.982
124.559
124.839
123.606
125.192
125.666
127.392
126.119
126.866
127.402
125.398
125.604
127.737
127.497
127.549
127.54
127.328
125.435
126.902
125.683
127.139
124.436
123.569
125.215
125.662
125.641
125.327
126.095
124.881
123.977
125.949
128.723
130.485
131.384
133.071
132.686
130.384
130.897
132.78
132.771
131.398
131.327
130.757
130.688
130.008
130.618
129.796
132.091
131.879
132.859
132.462
134.316
134.203
132.179
132.244
131.769
131.068
132.27
131.815
128.896
126.029
126.554
127.617
128.087
127.659
127.024
126.817
126.488
129.24
126.713
127.216
127.057
127.393
126.211
124.563
121.281
121.495
120.485
119.727
120.552
123.173
123.441
124.285
124.872
124.785
125.183
127.321
125.331
125.562
127.866
128.033
125.535
124.511
126.517
126.32
127.028
126.315
124.534
126.43
127.725
125.137
125.34
124.38
125.771
123.974
122.652
122.766
122.141
123.38
123.222
124.457
123.344
122.935
125.002
124.223
125.157
127.662
130.159
129.437
128.295
129.816
129.072
130.815
130.638
131.448
128.771
127.792
126.436
125.631
126.024
122.03
122.572
122.296
124.008
120.537
119.42
119.024
118.068
117.712
118.097
117.802
116.435
113.067
114.756
113.881
111.776
111.322
110.766
110.651
110.475
110.609
108.8
108.804
109.869
110.965
112.34
113.017
113.755
114.976
113.013
113.177
112.067
111.193
112.947
113.357
115.76
115.431
115.026
113.697
115.515
116.049
114.407
113.481
112.204
111.94
111.526
111.935
111.453
112.194
112.287
109.697
109.019
110.885
108.993
109.135
106.981
104.258
104.464
106.391
106.901
107.407
107.736
109.055
107.533
108.954
111.173
113.263
112.966
111.792
110.696
112.47
114.919
113.432
112.309
110.646
108.17
109.951
107.857
107.762
109.69
111.382
112.23
