101.018
101.01
99.6195
100.533
98.7814
100.709
99.7963
98.4892
96.1563
93.621
94.3164
93.4409
95.4598
95.7121
97.0718
96.317
96.9202
96.462
98.1763
98.3881
99.0053
99.8329
102.021
101.758
101.201
99.7574
100.16
101.933
100.329
99.4003
99.2168
98.859
99.3533
99.4293
99.735
99.7013
98.894
101.001
101.632
101.107
100.377
99.6503
101.262
100.265
100.249
99.1783
99.8727
99.9223
98.3186
96.7814
95.6519
96.3104
98.1318
100.064
100.183
101.196
100.766
103.18
102.104
100.081
99.4768
96.5907
95.6318
96.3843
95.9392
96.5009
95.6182
96.6707
96.9236
96.0954
94.7492
95.4177
94.3927
94.9847
94.6446
96.3169
95.2322
94.6848
94.7131
92.8305
93.8959
94.6174
95.7281
96.202
94.5437
94.893
96.6891
96.1393
95.8266
96.7574
95.0699
94.3104
95.476
95.7488
97.5577
95.5801
96.0667
94.9409
93.3567
92.7752
93.1604
92.1671
91.8481
92.4078
90.3523
89.3558
88.1587
87.3109
86.8349
86.1724
86.8991
85.7854
84.3191
83.7097
86.0008
85.9367
87.7072
89.2614
88.6509
89.6348
88.4175
86.8522
88.5838
89.845
89.0528
90.188
90.7931
91.1137
92.8915
92.9098
91.8692
91.0456
93.0106
93.0003
93.0258
91.7605
93.8368
96.7819
99.9885
97.0254
97.4525
96.7481
97.1009
99.4676
100.151
99.8598
97.5219
97.6052
98.0079
97.5613
98.9624
98.8778
99.5149
99.3496
99.7172
98.5782
97.4185
96.3285
96.1933
96.5177
96.9566
97.4463
95.1594
96.5319
98.0298
96.6849
95.9236
94.8312
93.8205
92.04
91.0399
92.0988
93.6045
92.4899
93.2445
92.9605
92.812
92.4155
91.396
93.0247
89.9002
89.5403
91.2074
93.0235
92.5557
93.0042
90.2589
90.4668
90.2789
90.4073
89.7949
90.4534
91.4822
91.0842
89.7444
89.6071
89.6064
90.3507
91.9379
90.7053
91.0001
94.6063
94.7336
95.1069
97.411
96.8729
97.6408
100.54
98.1631
98.5551
98.3072
99.7091
99.1166
100.769
100.563
101.117
97.8396
98.3134
97.7412
95.6897
96.5802
96.1856
94.8062
93.4906
93.6867
93.2634
91.884
90.8289
90.1711
90.17
91.1449
92.033
92.6267
91.5383
93.5825
93.9697
95.8449
93.3223
93.2837
91.9594
92.0799
92.5765
92.2531
92.8065
93.8755
93.1022
91.8322
92.3474
91.4953
91.1566
90.8999
89.2795
89.1382
89.1476
88.656
86.8733
86.2129
85.2653
83.6412
83.3714
84.7045
84.0725
84.5961
86.0472
86.1602
86.7478
87.723
88.8933
88.8935
90.3774
89.7543
89.6178
89.8504
92.0134
91.8794
90.0346
89.8051
89.9168
88.3746
87.333
88.1636
89.7027
89.8374
90.8722
91.4102
90.9965
89.8083
88.947
88.4689
88.8813
90.1818
91.6001
91.7995
91.9933
90.3541
89.1903
88.4655
89.2542
91.712
92.4386
93.4759
93.5268
90.7568
90.4209
91.8435
93.4724
91.7825
91.2551
91.4661
93.678
94.6291
94.8698
96.1672
96.5386
96.9993
97.6908
97.0208
96.3571
95.956
95.6249
95.6111
95.5969
97.2717
97.8021
97.336
98.6843
99.207
96.6971
96.482
96.9787
96.2314
94.0495
92.8112
93.7699
93.9581
91.9198
93.938
94.8375
94.5117
93.3077
92.4202
91.3136
91.5405
94.5065
94.2928
95.5895
94.1805
94.5325
94.9736
94.6408
92.3078
90.7595
90.1366
90.285
90.7292
89.6867
89.6115
90.8501
91.1894
89.5485
90.029
89.223
88.7479
90.179
89.8731
91.2083
90.3764
89.8423
90.3521
92.6135
93.1331
94.0295
93.8567
92.8354
93.0035
92.7844
91.6861
93.5879
97.1917
98.7943
100.096
99.7087
100.556
98.9806
98.9974
99.1396
100.849
102.721
103.069
103.505
103.991
103.238
103.8
103.812
104.536
101.494
101.642
99.7583
98.9737
98.1634
97.4217
98.7837
98.7634
101.058
98.0694
98.8357
101.353
99.8396
100.411
102.445
104.214
106.402
106.069
106.737
107.183
106.919
108.334
105.889
105.68
107.626
105.74
104.896
105.831
104.834
103.485
103.204
103.184
105.819
107.813
108.139
108.84
109.061
108.175
110.868
110.23
111.817
113.53
115.32
117.239
114.834
116.545
117.219
116.131
116.308
118.53
117.568
117.511
120.736
121.42
121.306
122.521
122.969
122.766
123.583
124.731
124.978
125.091
123.903
126.308
127.218
128.65
129.172
128.02
129.514
127.698
126.893
129.951
130.848
131.355
133.365
135.829
135.003
134.132
132.661
133.131
133.709
133.851
132.647
134.449
131.836
130.021
128.497
126.862
126.043
126.818
125.517
126.189
124.1
121.459
121.872
122.458
120.12
120.124
121.391
123.701
125.182
122.33
121.146
121.235
123.065
122.204
126.189
128.47
129.506
127.825
128.263
128.277
128.053
125.381
125.503
125.946
125.861
127.171
125.744
127.072
126.84
126.307
127.704
130.553
134.189
134.42
135.105
136.916
138.891
143.122
146.872
147.013
145.936
143.01
142.261
143.504
143.149
140.865
142.156
142.954
143.813
142.404
142.317
140.772
136.837
138.341
135.61
132.534
133.93
135.492
136.537
138.239
137.701
135.697
135.035
136.446
134.446
134.551
133.269
135.047
136.533
138.242
139.197
140.694
139.206
139.354
139.441
138.32
138.462
137.383
136.978
136.552
137.168
135.852
132.478
132.203
132.853
132.243
132.9
134.091
138.173
136.422
132.736
131.298
128.363
127.687
127.563
128.243
128.49
129.87
131.652
130.964
129.593
129.82
131.101
131.773
128.196
126.931
126.824
127.206
128.735
126.892
126.463
125.806
126.978
