102.144
102.454
102.869
103.652
103.164
105.045
104.884
105.448
106.957
107.493
105.807
106.906
106.864
105.48
106.144
105.918
104.753
108.256
110.28
110.787
110.488
109.109
109.287
107.803
107.465
107.029
108.035
108.024
107.01
106.178
104.723
103.837
103.697
104.065
102.499
102.781
104.487
102.12
103.019
101.536
100.794
102.054
101.957
101.323
98.1657
99.3705
98.9084
98.8342
99.7657
99.8113
102.371
104.178
104.924
103.655
102.624
103.843
104.124
101.423
103.393
102.965
102.311
104.528
105.943
106.88
106.766
107.23
107.392
107.702
108.358
108.775
110.536
112.137
113.943
112.504
112.587
114.013
112.918
116.096
116.188
116.652
120.152
118.21
117.696
120.177
122.444
124.53
122.857
122.708
122.644
122.777
123.692
124.438
123.69
122.347
123.117
121.969
123.673
125.656
127.618
126.337
126.148
125.005
127.716
127.241
127.321
127.613
126.023
126.564
126.034
125.253
124.907
125.018
122.895
123.013
122.546
121.564
122.358
119.773
120.317
123.217
125.078
124.634
122.851
124.385
125.293
125.363
123.268
123.17
122.733
121.551
121.285
117.37
117.905
118.232
115.041
115.172
115.651
115.59
118.494
117.577
116.401
114.475
115.51
116.43
115.607
116.666
116.884
113.511
115.207
114.979
115.301
116.669
118.114
117.864
117.741
115.903
114.306
112.906
115.486
115.47
116.22
114.76
114.746
114.821
114.814
115.825
115.984
115.687
116.494
117.661
117.138
117.662
115.034
117.194
118.545
118.053
116.443
113.907
112.559
111.445
109.852
112.124
113.417
112.858
112.702
109.742
111.695
110.456
111.844
112.317
112.064
111.602
109.511
110.448
111.546
114.016
113.573
115.049
116.059
115.703
116.34
117.226
117.231
116.856
117.032
118.603
118.47
119.469
118.028
121
122.058
120.285
118.561
120.222
122.743
123.491
122.752
119.785
119.256
117.576
116.216
116.44
119.366
119.533
121.866
122.137
123.115
121.707
122.453
122.078
121.614
122.474
122.748
122.491
122.701
124.486
124.033
124.859
121.979
122.835
125.583
128.185
127.647
128.173
129.74
129.249
128.737
129.268
131.312
130.364
129.568
126.39
123.038
123.107
124.287
124.732
126.067
125.554
124.755
125.34
124.646
123.774
124.595
125.812
124.843
124.557
121.829
123.178
124.585
123.624
124.61
126.373
126.992
128.595
129.403
129.187
129.988
127.927
129.721
130.366
130.477
130.376
127.791
126.834
124.055
121.381
119.451
121.729
122.883
125.177
124.844
124.696
121.167
120.543
120.152
118.731
120.239
119.159
119.007
120.061
119.578
118.427
119.582
120.819
121.115
120.601
121.024
120.916
121.697
121.836
120.473
119.578
116.033
116.362
113.857
115.018
113.087
113.87
115.347
112.074
111.798
111.266
112.116
112.802
113.034
113.336
110.859
110.469
112.927
112.573
111.921
111.112
110.478
111.251
112.074
111.258
111.953
111.624
109.485
108.365
108.677
105.708
107.178
108.444
108.238
109.478
107.737
108.997
109.449
112.65
112.622
111.996
111.375
114.398
115.871
116.056
115.402
113.879
111.906
113.315
113.051
112.883
115.403
115.749
113.056
110.652
109.244
108.84
109.618
107.895
109.838
108.963
106.519
103.749
106.828
106.129
107.064
107.031
107.144
107.934
107.44
110.589
111.644
110.764
111.198
109.004
108.517
108.528
109.562
108.493
107.631
108.119
109.348
108.591
109.204
110.659
109.267
111.938
114.052
114.724
110.65
110.401
112.592
112.223
111.612
112.68
112.139
114.685
115.613
113.757
115.242
116.256
114.919
112.599
114.006
111.687
112.621
112.212
112.169
114.719
113.351
114.351
113.823
112.817
113.918
112.921
111.948
109.893
107.457
107.236
106.82
105.435
105.509
105.535
105.321
104.933
103.927
102.925
104.618
106.432
108.668
108.782
107.577
109.75
109.127
106.295
105.521
107.053
106.744
107.444
105.313
104.907
104.992
104.694
101.223
99.8991
99.6465
99.2129
98.7103
100.562
99.5072
100.289
98.4025
98.6257
96.2588
96.4536
97.3471
100.53
100.835
100.747
99.7133
98.9158
100.704
101.35
102.169
101.86
100.514
100.917
100.618
100.279
100.15
98.6248
100.871
100.118
98.2223
99.4637
100.565
101.546
99.7851
100.554
100.219
97.4672
97.604
98.3151
97.535
97.1594
96.6813
96.3443
96.2895
95.9296
95.2669
97.5213
97.8203
97.0544
97.1943
96.0218
94.651
91.6989
89.8825
88.5486
89.6839
90.1382
91.0388
89.884
88.2534
88.8936
87.8947
86.5926
85.7547
86.003
85.8642
85.7038
85.8979
87.0366
84.1753
84.7802
85.0594
82.1361
82.0156
80.4208
81.704
80.8804
81.6143
81.639
80.8611
81.6278
81.28
81.7473
82.5783
83.6976
83.6742
81.7338
82.4796
81.1335
80.2876
78.932
79.3139
79.1691
79.3307
77.8465
77.1621
76.624
75.8493
74.7631
74.0949
74.2913
72.6469
72.2862
72.4475
71.3032
70.4799
71.4735
70.1052
67.9243
67.7482
67.1577
66.3969
65.9895
66.4415
65.2865
66.6171
66.796
67.0101
67.3134
66.5263
66.9906
68.5573
68.7128
68.0679
68.0773
68.4437
68.9644
67.3109
67.8228
67.7248
68.0073
67.3756
67.7003
65.9006
65.5237
66.3477
67.2824
66.4759
65.7343
66.6704
66.4321
67.0456
67.6769
69.1036
67.6417
