99.2174
101.112
101.766
103.077
103.312
104.624
105.302
103.725
103.654
104.488
105.901
107.852
108.271
107.695
107.138
106.676
107.11
106.04
103.359
102.977
101.733
101.612
101.639
102.272
103.117
102.688
102.969
104.278
103.859
106.064
107.744
108.341
108.3
108.938
111.263
107.509
107.666
105.917
105.842
103.484
102.069
101.433
103.044
101.728
101.418
101.556
101.83
102.399
102.336
100.812
100.132
101.63
103.78
104.532
102.847
104.187
102.128
104.431
105.623
110.269
110.198
108.163
109.485
109.233
109.021
106.861
104.445
103.629
105.041
104.157
105.24
104.099
103.516
103.312
101.815
102.381
101.571
100.415
101.325
101.948
104.639
106.771
107.018
104.621
105.875
105.647
104.108
104.475
103.125
102.227
98.3104
94.7289
93.0249
93.3924
93.0368
91.9768
91.19
90.744
91.6128
91.5033
90.2177
91.4065
94.4901
95.1369
94.9373
93.1239
93.8182
96.0689
97.0718
98.738
97.5461
98.8975
97.7605
97.1525
95.3624
95.7549
97.1887
97.2408
97.136
96.8211
97.3392
97.0194
94.7899
92.8
93.0958
92.9496
94.712
97.5703
99.4404
98.6766
98.7966
97.8592
96.9692
96.4491
96.0489
96.8711
96.4465
95.6004
95.7405
96.9002
97.1587
98.4529
98.2914
97.618
95.3178
95.1028
95.9156
95.8732
96.3799
95.3782
94.6637
94.006
94.2131
93.1216
94.3875
96.0012
93.1597
94.958
95.0335
94.2872
93.3749
92.5354
93.7428
94.0601
94.5905
94.5958
94.2362
93.1648
91.2263
91.4678
91.6523
93.2659
92.4342
93.5538
92.6821
93.1158
93.3899
94.2522
94.3023
94.9183
94.6946
94.8281
93.2269
92.2513
93.9493
95.8728
95.1198
94.2138
95.3647
95.9056
95.9922
94.8923
94.4757
91.8256
92.0131
91.5179
92.3848
92.2154
91.8876
91.939
91.9101
92.1132
92.4031
91.1294
89.7617
90.7874
88.523
89.322
89.2552
88.4336
88.5781
87.1213
87.8483
87.3253
87.6626
87.6014
87.509
87.8544
86.4035
88.168
86.9035
85.5806
85.651
86.5825
85.1056
85.471
84.3819
85.1032
83.7843
82.838
83.0742
83.0742
81.6551
82.5551
81.241
82.1921
82.1548
84.5975
83.2531
81.2388
81.4126
82.4488
83.2039
82.6377
84.011
85.2822
85.2472
84.6767
84.531
82.8059
84.094
82.3054
83.0626
85.0723
85.9042
87.8355
87.1966
89.0467
89.2891
90.3737
90.8698
91.1247
90.3486
90.4565
91.2809
90.295
91.5123
91.4642
89.5338
88.9471
87.1007
87.6444
86.8013
89.1856
88.8968
90.3562
89.7075
88.517
87.3933
86.6271
85.7932
85.4175
84.4608
85.9457
87.0318
86.7534
88.8712
88.2661
88.8161
89.4481
89.0969
89.5071
90.466
89.1624
90.1008
88.679
87.3543
86.2132
83.155
85.9595
87.1416
86.5563
84.5397
84.1984
84.1788
85.7818
86.4163
86.7182
85.4483
85.2038
86.2417
85.3421
85.3848
86.4901
88.6422
87.3902
88.7128
87.7947
87.8665
88.4524
90.6416
90.952
91.3714
91.1207
89.6458
89.6151
90.6327
91.0706
89.8696
90.7449
89.5693
87.4385
86.5133
88.5306
88.4982
88.768
86.7935
85.5797
84.152
83.3811
85.1792
87.9753
88.9516
89.6721
90.4217
89.0381
89.3525
88.0546
89.311
88.5996
87.5933
88.2171
88.0318
88.4218
88.3883
88.3736
89.7382
89.3815
89.0386
88.0902
89.3753
89.3454
89.9864
90.7964
91.4615
92.3012
91.5416
91.5366
92.8164
91.6624
91.2402
91.4062
91.6898
91.9302
92.6515
92.3202
92.7585
92.4695
91.0752
92.3465
94.231
94.9824
94.7001
93.3783
92.8404
93.0437
91.9708
92.8129
93.4294
92.7002
92.5394
91.7493
93.4199
93.0978
93.6585
93.3729
93.6599
91.4963
90.5341
92.1497
92.7911
93.0979
93.9346
93.3835
93.8352
95.882
97.5872
100.018
100.347
98.9091
98.2809
96.5814
97.5854
95.5448
95.648
95.2515
95.2762
94.9242
94.7793
96.9552
98.9116
98.3529
97.4691
95.9991
93.0198
94.0088
92.5737
93.2811
95.6877
94.4399
94.4788
94.2319
93.5351
92.5937
92.0779
92.9176
92.7494
93.206
91.8749
92.7961
93.668
96.0828
97.5612
91.9936
91.4764
92.2252
91.7127
90.598
89.1337
89.019
89.7929
89.1873
91.0381
92.1823
91.6402
92.2177
92.3016
91.4434
89.2171
88.6953
86.2768
84.9077
85.4272
85.2908
85.0816
85.9383
87.289
87.3521
84.9908
83.8235
84.7477
84.594
82.0766
83.1492
82.6283
83.1785
82.8731
83.4782
84.6082
84.86
85.8729
85.9917
83.558
84.1838
83.3558
82.5266
84.0512
84.3314
84.0714
84.1631
84.7378
83.9824
84.0433
82.8863
84.6607
86.197
86.9115
86.3076
85.7653
84.3534
83.6104
84.8648
83.5765
85.3332
84.5355
85.323
85.6477
83.4886
83.8864
82.7205
83.7184
84.5145
86.0834
84.2212
84.0003
84.804
85.7001
85.6185
85.5894
84.9883
82.8355
83.1815
82.9786
84.4709
82.8992
82.6907
82.0923
83.0665
82.949
81.813
82.8652
83.7393
84.0454
85.1372
84.6122
85.5553
87.2615
87.7395
89.2833
87.6556
88.5405
87.9621
87.7999
88.3102
86.8293
85.2686
84.7052
85.4696
85.4316
85.5406
85.7444
85.2096
86.3907
85.391
85.7965
87.3639
86.5958
85.8147
86.002
86.1682
86.4247
87.9755
88.6357
88.9432
88.0703
89.7737
88.343
90.5994
89.8278
88.7878
89.6487
87.7605
87.9794
88.053
89.8406
88.3331
87.1835
88.8064
90.5998
91.5025
92.9436
92.9936
93.0747
94.1958
92.8649
91.3278
89.152
89.0983
89.2288
88.4894
89.0139
89.5316
89.5907
88.0462
88.2047
86.5128
84.9701
83.1542
84.7087
84.472
