100.766
101.322
98.6224
98.1824
98.7455
99.6277
98.741
98.0979
97.6771
97.7062
99.2758
98.1794
97.3684
96.83
94.9317
94.7805
92.3807
90.0302
88.7253
88.535
90.1495
89.9306
90.7568
89.7164
92.1374
91.572
90.4016
91.2287
93.9297
94.436
95.5496
93.7784
91.6227
92.2106
92.8383
94.113
94.8141
95.9378
97.22
97.6159
96.9569
97.0154
97.6957
96.8591
98.0357
97.0307
97.5625
97.6797
96.3498
95.4128
95.6419
95.3037
95.196
97.1
97.3611
97.0002
97.7313
97.1118
97.6327
95.7074
96.7405
98.2104
97.3806
96.3393
96.2328
96.8249
97.4231
96.6136
98.0106
95.2418
94.7851
94.5959
95.334
95.0075
93.6249
95.1287
97.921
99.3857
98.7556
98.4344
100.04
99.0466
100.675
101.09
101.78
102.883
102.682
104.66
106.023
103.869
103.45
103.16
102.405
101.446
99.8735
99.8407
98.167
99.565
100.562
101.062
101.597
101.405
101.603
100.713
101.835
102.208
103.288
105.089
102.903
100.947
100.715
101.324
100.631
102.167
102.762
103.619
106.437
107.576
106.858
105.57
105.651
107.441
105.424
103.465
102.156
102.988
103.455
101.741
101.453
99.6508
101.57
102.406
103.181
101.952
102.185
101.912
103.07
102.976
102.324
102.705
103.022
102.432
104.579
103.524
102.181
100.82
101.316
102.403
103.216
103.773
102.196
103.889
103.618
105.312
105.094
107.934
109.464
108.78
106.618
106.954
108.334
108.086
107.295
105.45
105.443
104.488
104.174
105.842
106.722
106.07
108.09
108.568
109.987
110.222
108.21
109.5
111.452
111.679
110.768
111.079
112.426
114.525
114.791
113.373
110.977
110.003
110.282
111.312
111.848
109.631
109.608
110.557
110.253
113.477
114.499
113.576
114.147
114.326
113.82
116.709
118.4
118.927
120.096
120.045
121.046
122.001
119.722
119.887
119.434
119.155
117.098
116.998
117.684
118.534
117.472
115.546
116.59
116.21
114.33
114.215
113.565
114.369
115.075
113.371
114.061
114.873
113.54
114.103
113.496
112.456
113.71
112.097
112.057
111.333
110.637
110.57
110.186
110.347
110.181
112.618
110.961
110.062
108.928
109.051
107.572
108.567
107.554
107.386
106.841
106.764
106.277
109.765
107.41
105.414
105.667
104.069
105.524
107.557
108.163
107.634
110.144
109.759
113.21
113.271
112.049
111.352
113.226
111.361
110.939
110.366
108.213
107.365
106.461
105.107
105.709
104.008
103.365
105.917
104.275
104.84
104.664
106.297
104.054
105.075
107.728
106.645
104.024
104.951
106.852
107.617
104.395
103.21
102.356
103.084
102.964
101.833
102.693
101.161
103.248
103.052
104.19
103.205
102.738
105.058
107.301
108.848
109.742
108.446
110.863
108.931
111.207
108.841
107.838
108.662
109.631
110.306
113.18
111.544
113.87
111.827
111.594
111.94
111.384
111.358
113.609
115.565
116.227
114.736
114.565
114.331
113.891
115.403
116.64
116.492
118.991
118.917
116.044
115.822
115.342
117.131
117.269
115.053
115.997
117.701
118.981
117.059
118.742
118.463
119.339
119.206
120.524
119.355
119.167
118.537
118.029
120.8
123.526
123.631
123.513
125.104
125.768
122.831
122.238
125.779
125.747
123.7
120.323
117.068
117.316
118.601
115.843
117.329
118.066
120.791
121.731
124.453
122.97
124.051
123.99
125.216
125.097
125.761
124.833
125.91
127.806
125.896
125.987
125.408
127.079
124.683
124.446
125.449
126.157
128.388
129.518
128.682
131.151
130.943
133.275
131.231
133.295
135.522
132.211
131.082
130.331
129.037
130.903
130.779
129.77
131.964
129.862
129.058
126.295
126.697
125.122
120.185
119.433
120.377
119.194
118.606
117.877
119
118.66
120.223
120.637
122.973
119.308
118.718
120.011
121.638
121.371
120.632
120.718
120
119.41
121.199
118.822
121.816
119.862
119.861
123.322
122.058
119.996
119.174
115.683
114.422
112.736
114.879
115.935
117.659
119.222
118.336
117.162
116.58
114.677
113.799
113.656
113.16
114.938
115.612
116.063
115.196
114.883
114.103
112.037
113.866
113.1
112.47
113.131
113.529
112.489
114.945
114.48
116.605
116.298
113.541
113.694
114.164
117.806
118.079
119.685
120.137
122.115
121.293
122.158
124.379
125.493
122.859
124.002
124.011
124.461
126.51
126.37
126.714
129.686
128.262
125.868
125.677
125.391
125.495
126.364
126.705
124.816
124.275
126.544
129.37
130.56
129.532
128.876
127.855
127.176
125.039
126.931
125.342
125.256
124.31
125.269
126.093
125.235
123.208
120.908
120.238
120.569
121.104
118.754
119.14
117.04
115.571
114.548
117.229
115.857
115.928
116.579
118.68
119.584
116.968
116.85
118.199
119.103
120.099
120.417
121.694
125.697
124.27
122.343
124.116
123.224
123.407
121.307
121.238
121.767
119.847
120.857
118.303
122.294
122.675
123.013
122.805
122.709
122.909
122.926
122.316
123.733
122.534
125.518
123.992
125.63
123.494
122.301
120.078
119.806
118.857
118.039
119.517
119.136
118.483
120.037
122.388
124.504
124.472
123.956
122.762
125.011
123.846
123.169
122.133
121.818
120.188
120.086
119.144
119.407
123.576
122.964
124.586
125.432
126.604
127.535
128.498
126.262
126.526
