100.092
99.1799
99.9924
100.31
101.374
101.804
102.999
101.88
101.637
102.843
103.877
103.649
105.146
105.165
106.221
104.826
104.597
105.353
103.265
104.114
104.414
106.054
104.789
105.634
105.207
103.784
105.662
103.73
102.692
103.788
101.94
102.772
104.345
104.595
104.305
104.739
104.341
103.789
103.307
104.29
102.783
103.354
105.32
106.569
106.205
107.795
109.014
109.485
112.988
115.542
116.087
116.505
116.597
117.046
116.804
117.493
116.848
117.672
118.278
118.722
119.765
122.728
122.111
124.155
122.782
122.798
123.346
120.303
117.17
117.915
117.106
116.757
115.341
114.154
114.245
113.323
112.672
116.11
114.34
118.429
117.648
117.871
120.211
120.932
121.395
119.62
118.809
118.644
118.456
118.145
118.086
116.216
117.143
118.649
119.331
116.686
115.004
112.555
111.277
113.866
113.183
112.493
110.124
112.101
112.626
115.618
113.832
117.078
114.651
111.864
109.318
108.273
108.547
110.068
108.572
108.228
106.056
106.69
107.645
107.739
107.987
107.385
106.073
106.142
104.329
105.037
101.884
101.993
101.123
101.306
99.8894
101.333
102.447
104.445
103.59
101.239
100.638
100.1
99.8452
100.084
98.6187
100.781
98.8487
99.282
98.0626
100.669
101.741
102.663
102.153
103.047
102.869
99.9642
101.722
101.538
99.7671
100.198
99.0321
100.7
99.2947
98.0517
96.0856
93.3188
92.2301
91.7715
90.8538
90.7362
91.3377
93.7644
93.7968
92.3067
93.6755
93.3223
92.8517
93.4235
94.3209
94.5507
94.081
96.2605
96.6268
96.6107
97.9251
96.3746
93.5246
93.0247
93.6902
92.8863
92.7917
92.5864
92.8849
93.7786
94.4298
93.7472
92.3291
91.0287
92.8908
89.398
88.027
85.8012
84.7572
83.7746
83.7921
82.7401
82.486
82.521
82.0777
83.6845
83.7616
83.8481
84.16
84.6524
81.7864
81.0471
81.1658
79.9727
78.6293
77.9132
78.5412
79.1725
79.4534
78.0882
78.6828
77.9128
77.092
76.7787
74.9778
74.0773
73.6438
74.1903
76.1345
77.5846
79.0579
80.2053
79.2604
78.3212
78.0761
77.9671
77.9983
78.9838
77.5564
78.0757
77.5319
76.3659
75.5225
76.1791
75.1602
75.441
74.504
74.3806
73.1013
73.163
71.6819
72.8471
71.2368
71.0899
71.0678
70.4142
68.9041
68.7272
68.2093
67.8524
67.6417
68.9712
68.1913
68.1671
68.8952
67.6588
66.6122
65.937
64.4928
63.8008
64.4989
63.8432
63.8791
64.4316
64.9634
64.4992
64.4965
64.0485
64.3726
64.7725
64.5829
64.2359
64.0854
64.965
65.7269
65.3093
65.2514
64.4506
64.4083
64.5222
64.0594
63.2084
62.7926
62.6322
61.7557
61.9639
63.7621
64.0069
64.5922
65.6922
66.9594
67.3276
68.3588
68.2735
69.47
69.8972
69.3291
70.2415
69.7161
69.4571
70.0883
70.8732
71.9679
72.0298
71.331
72.1392
72.2518
72.9352
72.9955
72.5121
72.5062
72.5669
72.1915
71.3505
70.189
70.7028
72.0109
70.3821
68.6797
68.4547
69.1533
69.6605
68.8704
69.3615
71.4348
71.1829
73.45
73.9901
75.0827
74.3363
74.1491
73.898
73.4321
73.9756
74.5078
74.4021
74.6764
74.1273
74.5237
75.3121
75.2463
74.2036
73.8173
74.1148
74.8491
75.2633
75.4565
75.6027
73.6236
74.2851
74.5968
74.6498
75.8871
75.1645
74.4797
74.4085
74.8427
76.6093
74.9411
74.3606
73.1336
73.327
75.4052
75.3842
75.9804
77.1089
76.6927
76.2866
75.3796
75.2107
74.4272
73.8373
74.021
75.118
76.7283
76.1207
75.6445
75.1916
74.4222
75.3897
73.6875
74.7492
73.0437
73.4542
74.4674
75.8776
75.1862
73.7132
74.4266
74.8074
74.8919
72.8973
73.2994
72.9316
73.4329
74.6022
74.6444
74.9356
75.3181
76.5911
76.1847
78.158
79.0669
79.5694
77.7706
77.2289
76.7969
76.9308
78.4738
78.8809
80.4027
79.8035
80.1815
80.0713
80.6877
82.2049
80.4199
81.3198
79.8782
80.6122
81.0298
81.3138
81.8486
81.9773
81.3895
81.9267
84.086
84.8754
85.6151
84.9037
86.3943
85.3944
84.0453
81.6597
81.1975
81.3262
82.2067
83.7036
85.528
85.6753
84.4492
83.5301
83.0055
83.4718
82.3942
82.2257
80.5041
81.9205
79.3791
79.1051
81.3409
82.9292
83.044
82.7359
81.7836
81.9488
79.2864
77.6902
75.2279
77.2152
75.0621
75.1357
74.7245
75.032
75.6285
74.4949
75.6818
75.0023
75.3796
75.6765
77.2099
75.7707
75.3171
75.8117
75.8947
75.3901
75.3981
74.9425
76.0268
73.8457
73.0006
74.2267
73.1275
72.8116
71.817
72.6547
72.795
73.3854
73.5391
73.8418
73.3244
71.7396
71.6065
71.7626
70.906
72.2227
71.9147
72.1398
73.2072
73.3979
73.2333
73.6127
73.3472
74.0507
75.6411
75.2999
75.8885
77.0349
77.8012
79.8555
81.1167
80.8786
82.3324
81.7144
81.9255
83.6399
83.6736
82.9993
82.2561
81.8689
81.2977
81.8048
82.0735
82.0937
81.7655
80.6291
80.9534
82.7814
84.1566
83.3217
82.8648
81.9496
80.1217
81.6946
82.1882
82.6135
81.0436
80.0202
79.2607
78.2261
79.0998
79.3618
78.974
79.7511
79.1017
79.5673
80.4992
80.4226
79.8591
79.6288
80.6258
82.2257
81.2187
82.652
81.6656
82.8886
82.8799
83.6131
83.9877
86.0183
86.5091
88.1683
88.9616
88.376
88.3781
86.5978
86.7139
87.8655
88.7528
90.7086
91.9261
93.6337
95.4116
96.2243
96.167
97.5793
97.7249
97.5469
98.0318
98.6136
97.9897
97.9612
96.8287
96.2825
96.1599
97.071
98.133
100.098
101.222
100.829
