100.959
101.202
99.2485
99.1834
99.5257
100.678
98.8895
99.8597
100.643
100.803
100.339
99.67
99.5587
101.929
103.412
103.997
103.42
103.313
102.821
103.939
102.597
103.24
101.792
103.468
103.135
103.742
103.365
102.658
104.323
104.986
105.081
104.154
102.9
103.867
104.067
103.475
103.802
105.094
104.596
104.817
107.227
104.95
103.013
103.732
105.079
104.288
103.704
104.732
104.446
105.463
105.54
104.53
102.674
100.44
101.088
99.4768
97.0466
97.2327
97.4107
97.3796
97.1782
95.842
97.2421
96.7524
97.7737
98.3127
97.4658
97.7704
97.1364
97.1124
96.8865
98.1753
98.0862
97.0539
98.5861
98.0128
97.255
99.153
97.3539
98.9712
96.9268
96.0048
94.544
93.0932
89.948
91.4327
92.2401
92.5452
91.9233
90.633
92.6032
93.1305
90.2362
90.6132
91.5089
91.9061
89.5554
89.8686
91.0015
90.6982
90.6188
91.4643
91.7294
90.7172
89.6423
89.0944
89.6699
88.0998
86.6057
84.8976
84.6533
85.3789
85.646
85.7824
86.9374
87.4297
87.2019
86.7132
86.5826
86.4496
86.6461
87.3967
86.7471
86.4306
87.6297
88.0612
88.6771
88.0255
87.8483
86.9797
86.9019
86.3826
86.3669
84.343
85.0171
84.0421
84.2931
84.9419
85.7471
86.0774
85.8604
86.2694
86.5104
84.6961
83.4225
85.0906
86.9236
86.9451
87.3247
89.0657
87.9276
87.3739
86.3793
85.4866
85.3294
82.8809
82.6594
83.0209
81.199
82.7902
83.5918
83.5793
84.9692
84.2112
83.3937
83.317
85.0836
84.568
85.0795
85.5451
86.9803
86.49
84.4415
83.2631
84.1162
83.5396
84.4403
84.2401
84.4791
84.4016
84.0812
84.3005
84.279
84.1703
83.5455
81.953
81.4594
82.6643
82.6192
80.187
80.8164
80.2008
80.5368
79.8994
77.8193
77.3576
77.223
79.49
78.1633
78.3081
78.766
77.9336
79.0706
78.0547
78.254
77.8568
77.2251
77.5184
78.3035
78.5716
77.866
77.3687
76.8559
77.5082
77.1532
77.695
75.5239
74.9285
76.0508
76.576
76.7324
77.2016
77.2113
77.6082
78.277
80.5671
79.7637
79.7558
78.06
77.8602
76.464
76.1519
74.9211
75.9893
76.7065
76.4742
75.5467
77.006
77.688
78.1254
78.7744
80.3052
81.5159
81.1079
80.1625
80.1744
79.5224
78.5975
78.1331
79.432
79.8182
82.3341
81.8618
82.1595
82.8991
82.3464
83.2889
84.7624
86.3931
87.9875
87.6979
87.0492
86.5785
84.8473
86.8892
88.0105
86.0914
84.88
83.6807
83.7667
83.691
82.656
82.128
81.3357
81.1601
81.2663
79.6171
79.2773
78.298
77.2951
76.4369
77.6007
76.0034
74.7741
72.3866
70.7177
72.3662
71.6203
72.6034
71.9145
71.7653
71.1759
72.3781
73.0363
74.6594
74.5679
74.409
75.0427
74.1522
74.9412
74.1076
71.8457
71.0865
71.6453
70.785
71.9695
71.6643
71.4025
71.3917
69.2443
69.7979
70.2334
70.0278
71.5029
70.5318
68.7262
68.7305
68.9515
69.6043
69.8514
70.0625
70.8258
71.7734
72.4769
72.8153
73.0282
73.5933
73.7169
72.8961
72.4669
71.5712
71.5643
70.6449
72.255
71.5296
73.687
71.753
71.6523
72.888
73.8854
73.102
71.3239
72.2104
71.6618
71.9315
71.9696
71.4666
71.9227
70.2774
70.2427
69.5397
70.3396
71.9951
70.3603
70.8338
70.7613
70.3942
71.1961
70.8841
70.1021
69.3346
69.6526
69.7063
68.3824
67.9292
67.5376
67.9455
68.0343
66.9682
66.0368
65.2412
64.2636
64.9149
64.8095
64.7114
64.2559
64.347
63.6796
64.7445
63.8822
63.2048
62.1666
62.1048
61.7498
61.6785
62.6134
62.9148
62.6184
63.4612
63.6258
63.8012
64.8245
64.1277
65.4881
66.6182
66.0231
65.4127
64.7227
63.9803
63.4392
64.8225
65.1964
66.717
66.6888
66.3047
66.5162
66.7151
66.1282
65.9392
66.8164
67.2536
67.0569
67.5175
67.608
66.3314
66.0623
68.516
68.2705
67.9714
68.3199
68.1436
69.0121
68.7456
71.8038
71.0435
71.1842
71.3905
70.8117
70.4235
70.7827
71.6853
72.3422
73.6884
75.446
74.6917
76.223
74.8435
75.1208
74.5041
73.5617
72.5545
73.4241
73.3838
73.7858
72.8068
72.9421
72.498
71.9257
73.4584
74.7403
74.4965
74.1664
74.9251
75.9967
77.0162
75.2407
75.5177
74.4068
73.5107
74.121
74.802
75.2134
77.4349
77.7389
77.6306
77.3692
76.989
77.0344
76.0693
76.05
76.9973
77.432
79.2276
79.9349
80.0142
81.0894
81.9831
81.5302
78.614
77.6772
77.5733
78.8793
78.4333
78.4977
78.9861
79.5471
81.264
79.264
79.3005
79.1341
78.9362
76.9271
77.0299
78.5764
77.8784
78.686
77.9047
79.7711
81.4898
81.732
83.2694
84.1426
83.2209
82.1698
82.083
81.2945
81.3984
81.1382
80.7732
81.1354
79.8624
81.6485
83.8799
82.7101
84.1864
82.6216
80.8438
82.2233
81.5791
83.35
85.6353
86.3693
86.3173
84.8593
83.2969
84.4041
82.802
84.6029
85.6637
85.1479
83.9801
84.6426
84.6724
84.108
84.7013
84.8241
83.8228
85.0429
85.1949
86.4637
85.5123
87.3649
86.485
86.3665
86.976
88.9778
88.3054
88.5541
87.0763
88.2814
88.8466
87.1425
86.8391
85.3068
83.2616
83.7902
82.7853
82.0939
82.7133
82.5354
82.1282
83.393
84.2286
84.3681
84.0819
85.6019
88.3843
88.8384
88.3836
87.2818
89.5074
87.8142
87.3232
88.0148
88.2364
88.3796
88.5119
88.225
87.9428
87.2407
85.7293
86.2316
87.976
88.4639
90.2378
91.4982
92.1985
93.6344
93.7975
94.8931
95.2667
96.7997
97.9497
100.426
98.2681
97.5066
96.3359
98.0504
98.2672
100.437
