100.661
99.5079
99.7151
97.8967
96.4412
95.2572
94.3061
92.6096
92.2002
92.4401
91.1515
91.9198
93.5954
93.3908
92.0947
91.2394
89.0057
89.2074
90.4677
91.5509
91.3313
91.7748
90.9396
93.0872
93.4412
95.9005
95.4392
96.3351
98.8973
98.4819
99.5618
99.0601
99.5034
99.3499
100.601
101.224
100.016
100.655
99.5706
98.9044
98.3442
99.4225
99.5725
102.075
102.569
101.991
101.49
101.29
102.257
103.897
104.765
103.863
103.484
102.381
99.8669
102.14
102.372
102.597
103.076
103.875
105.599
103.782
105.939
106.707
107.386
108.068
109.027
109.739
108.368
107.094
108.036
105.652
104.597
103.654
103.845
105.531
107.746
107.42
106.913
109.243
109.236
107.91
109.044
108.894
108.283
108.133
107.014
104.81
102.446
101.896
102.843
103.444
103.106
103.654
102.457
101.538
99.899
98.4568
97.1041
98.218
99.0784
100.017
102.75
103.336
102.927
103.06
104.687
103.464
103.56
101.919
102.369
102.611
102.318
101.558
100.005
99.9874
98.872
98.2466
98.8321
98.0275
99.309
99.9434
102.267
101.911
101.829
98.7424
96.4471
96.8853
99.0173
97.1418
95.1699
95.0687
94.0475
92.5525
90.3395
93.6711
91.7932
91.5643
92.9993
94.6694
95.3574
95.615
94.9348
95.893
97.3745
96.1974
95.7019
96.7057
96.4821
96.6259
97.2715
97.9876
97.6499
96.7951
96.298
96.7816
96.957
95.9819
96.3499
96.8662
98.0384
98.8556
97.6877
97.8076
98.3606
98.4007
98.6253
98.6521
98.2103
98.0793
95.6554
95.6183
96.2998
95.578
95.5371
95.018
95.9848
97.0374
98.7691
101.801
102.379
102.788
103.102
103.621
101.517
103.203
103.345
105.104
107.259
104.922
105.655
107.908
108.838
112.045
112.3
111.728
111.964
112.256
111.687
111.665
111.552
112.878
112.497
110.258
110.794
112.073
112.185
110.574
112.444
111.698
113.201
113.41
115.886
115.829
114.139
114.464
114.24
113.711
113.292
112.202
112.056
114.661
113.624
113.277
113.909
111.834
110.72
111.205
110.747
113.115
113.311
112.621
114.125
113.752
115.532
112.235
111.705
112.531
112.245
113.068
115.015
115.949
115.903
113.64
114.359
114.433
114.098
114.975
113.646
112.591
111.724
113.107
111.806
111.623
111.43
111.824
111.6
111.156
113.09
112.074
111.595
114.084
114.336
112.621
110.838
112.572
110.587
111.22
113.323
110.402
112.46
112.911
111.858
112.238
112.374
108.894
110.913
112.305
114.22
115.438
115.412
117.798
116.617
116.823
116.799
115.672
114.883
112.378
111.244
111.155
111.129
110.508
108.302
107.378
109.43
111.299
110.047
112.292
109.505
109.98
108.23
107.096
108.236
110.524
112.49
111.529
112.11
110.874
108.716
107.383
107.872
106.166
106.727
106.689
106.342
106.976
105.956
106.911
108.161
107.381
108.023
107.436
107.05
106.54
102.402
104.06
104.118
106.614
103.637
103.64
102.238
103.702
107.292
106.41
105.758
105.98
106.149
104.086
104.119
108.329
108.207
109.439
108.485
109.225
108.869
107.915
107.488
110.443
109.809
110.863
111.874
115.009
114.746
116.19
112.948
114.488
114.776
114.572
113.828
115.346
114.955
115.044
114.88
113.597
116.365
113.289
112.658
115.127
115.154
114.259
114.812
113.206
114.399
115.904
112.45
110.869
113.164
113.128
113.365
115.329
116.37
113.919
114.704
113.271
112.195
112.234
110.659
109.058
109.281
107.761
107.106
104.934
105.385
106.57
108.293
111.369
111.97
115.419
116.785
115.951
113.533
111.83
113.95
112.731
111.51
110.07
111.789
110.566
109.72
111.478
110.86
108.184
107.092
107.879
107.766
107.893
108.209
109.682
109.897
110.745
110.165
107.945
107.799
108.355
107.326
106.823
107.195
107.445
107.825
108.257
106.222
106.684
106.16
104.413
103.768
104.616
104.187
102.619
103.183
102.395
104.531
102.988
103.219
102.441
104.838
103.331
100.656
102.795
104.987
107.004
108.424
108.571
111.626
110.574
110.356
110.759
109.68
112.154
110.098
109.4
109.787
108.556
110.299
110.212
110.005
111.094
114.56
115.796
116.611
116.002
116.001
115.384
117.54
116.002
111.023
111.182
111.294
112.276
111.306
109.8
110.276
107.811
107.299
107.885
110.017
112.157
114.807
113.441
110.954
110.03
111
109.413
109.394
106.342
106.663
105.345
104.401
106.302
107.449
108.759
107.942
105.863
105.903
108.464
109.14
108.137
106.804
104.369
104.133
105.902
107.023
105.642
106.199
103.921
102.729
105.02
104.343
102.706
103.383
102.555
103.923
102.664
103.501
103.32
105.014
104.539
104.897
104.897
104.429
103.113
101.511
103.644
103.345
102.792
103.418
101.9
100.955
101.974
100.96
101.228
99.292
97.5008
96.9509
96.21
95.9677
95.1602
95.7296
94.2548
95.2682
95.941
96.8547
96.8464
96.1876
94.1487
95.3535
93.5133
94.4378
94.1919
93.8549
89.9532
90.9685
91.0859
92.3406
94.3569
95.523
98.4685
97.8122
97.8955
96.9807
94.7508
93.9919
93.4069
95.2582
95.9638
96.8344
95.6961
95.7659
95.1345
97.6317
97.8359
97.1743
96.6183
94.4707
94.8359
95.3863
96.2789
94.6648
95.0312
94.7724
93.2773
94.8189
95.437
97.0714
96.5529
98.5913
98.3053
98.8598
101.082
102.006
103.901
