100.319
100.858
101.262
100.304
100.001
99.7457
102.45
103.802
105.425
107.095
107.301
106.932
105.572
105.151
105.204
105.492
105.715
105.651
105.636
106.645
106.818
106.809
105.241
105.057
104.847
105.099
105.541
104.005
102.011
102.813
103.74
103.712
104.348
104.858
103.89
102.098
103.404
103.37
102.745
102.971
103.063
103.298
100.068
99.2945
99.9602
99.762
103.159
104.009
103.676
102.023
102.96
101.761
100.628
101.218
100.095
100.006
99.181
99.4821
100.281
102.778
102.317
103.215
105.392
106.143
104.415
103.61
104.199
102.376
100.429
101.603
103.524
105.857
106.429
105.674
104.134
102.721
104.014
105.625
105.393
105.256
104.31
101.973
102.093
102.251
101.955
103.845
102.895
101.619
101.515
101.15
100.829
100.546
101.218
100.752
100.839
101.788
100.712
100.413
103.529
104.095
105.472
106.316
106.122
107.572
106.34
106.644
105.082
102.48
105.106
106.745
108.771
110.405
111.286
110.3
110.088
110.424
108.333
108.882
110.656
111.939
112.626
111.488
112.569
113.17
114.713
113.539
113.067
113.843
112.832
112.667
112.487
111.428
109.456
108.163
109.453
110.535
108.718
107.191
106.653
107.595
106.134
106.601
108.262
106.184
105.763
105.072
104.097
104.457
106.034
104.89
103.086
103.172
103.6
105.596
105.269
104.638
105.985
104.917
100.769
99.4145
97.615
99.1408
97.6746
98.182
98.1551
100.28
100.983
100.019
100.185
98.8081
99.2455
99.9202
100.055
99.8887
99.569
98.5768
97.4724
95.591
94.9652
94.9759
94.9943
93.5998
94.3225
93.1565
90.3394
92.3522
93.71
94.8439
93.1797
93.7392
93.4919
96.9964
97.456
97.0407
98.3341
98.9864
100.452
99.5728
99.0785
97.9237
97.3136
98.5545
98.5884
97.9303
95.4175
97.6542
98.1801
97.9482
95.4729
93.9867
91.9992
91.0608
93.0464
94.0045
93.0877
92.0712
93.885
94.4837
95.7417
92.7102
91.8237
91.4227
90.9764
91.524
91.1063
89.5846
88.9445
89.3657
89.5732
89.473
90.4912
90.6068
90.0925
88.2657
88.4292
87.7202
88.7477
87.633
85.1904
85.6713
86.0185
84.455
83.9517
85.0476
85.8073
83.0725
84.1465
86.6377
87.4148
89.2146
89.7734
90.452
91.4794
89.8544
90.1578
90.8171
89.9147
90.0559
90.2745
90.6855
91.8732
92.992
93.4699
92.7858
95.0475
94.0833
94.607
95.1696
94.1061
91.6909
90.8555
89.5785
89.0577
91.596
92.277
92.0061
92.2016
92.3194
91.554
90.4182
90.0988
90.0777
92.5984
93.188
92.9042
92.1871
92.996
93.624
94.6169
95.0007
93.4363
93.913
93.311
91.5054
92.2409
92.1429
94.6332
95.9358
96.1904
98.665
97.3138
97.7523
97.7238
97.174
96.7421
97.563
98.0739
98.0666
97.7321
97.6706
99.4653
96.783
95.806
94.8193
93.0641
93.7186
94.6458
95.2558
96.0474
94.3017
94.0496
94.6249
95.1824
94.3141
92.4697
92.4924
92.6765
94.0421
94.77
94.9904
94.9068
94.1787
96.049
96.9219
96.8721
96.9088
99.4543
101.232
101.204
100.219
101.764
100.233
98.9911
96.4147
95.5162
93.9016
93.8075
92.6151
92.5637
93.7041
91.7326
90.0493
89.0587
90.3742
91.2169
92.3129
92.3439
93.2891
92.3693
93.1267
91.8749
91.8717
93.2248
93.1772
93.9694
93.7458
93.7942
93.9036
93.0646
94.6531
95.4687
93.9317
93.7838
93.8747
96.1156
96.5392
95.8114
95.6236
96.022
94.1459
94.5781
94.9125
93.4005
95.8038
96.3405
96.4161
97.7267
99.5969
100.409
102.168
100.694
102.131
105.092
104.142
105.805
105.61
105.578
105.17
105.01
103.393
103.526
103.499
104.085
101.741
104.158
102.767
103.196
102.818
99.7301
100.274
98.4163
98.8636
95.3681
95.0274
96.728
97.3693
95.4845
96.9701
98.576
99.391
98.6594
100.107
100.413
101.596
100.579
98.7862
98.8117
98.2293
98.7787
97.4221
96.965
95.5482
96.3539
96.0862
96.0584
98.2278
98.1504
98.4343
99.219
99.8332
100.094
99.943
100.558
102.56
104.112
102.065
103.441
102.008
101.708
101.604
99.9239
102.764
102.478
101.417
100.634
100.92
101.231
100.569
102.194
103.119
99.8722
99.9869
101.937
101.789
103.297
103.065
102.574
102.139
101.436
103.077
102.665
103.678
103.566
103.917
106.543
107.024
109.278
106.837
106.773
107.41
107.872
108.52
107.823
107.102
105.819
107.319
107.659
108.435
108.104
108.839
107.249
106.349
105.318
104.71
104.486
103.966
103.854
104.54
104.722
103.481
103.251
104.792
105.904
105.64
106.24
105.55
107.604
108.178
108.184
105.851
107.021
106.642
105.779
105.47
106.056
106.371
106.158
104.516
105.033
104.139
103.276
102.783
103.045
102.044
101.812
104.007
103.069
103.404
104.185
103.904
103.156
102.643
101.394
101.918
99.8745
101.45
101.971
100.54
99.5229
101.197
101.547
101.245
101.852
100.983
100.345
100.311
101.623
100.686
101.726
101.233
101.795
101.403
102.54
102.139
101.191
102.489
103.148
105.4
106.885
107.897
107.014
107.185
109.823
108.74
106.356
106.684
108.104
107.913
108.535
107.503
110.03
108.346
106.801
105.689
104.479
105.2
104.197
104.843
105.486
105.343
108.511
106.799
107.26
107.921
106.637
106.784
108.381
108.348
108.871
107.773
104.403
106.381
106.717
108.66
108.601
108.366
110.791
111.577
108.821
110.52
