98.4153
96.266
97.8406
96.6975
96.3759
96.6168
96.1267
98.165
99.6577
98.7166
99.2927
98.7394
98.5544
97.3971
99.5755
98.1716
97.8667
99.0497
100.376
102.057
101.34
98.2882
99.7809
100.589
101.085
100.397
99.0164
100.343
100.062
101.838
101.033
104.083
105.609
105.377
107.876
107.381
105.471
104.974
106.035
104.176
108.057
107.102
105.796
105.896
106.381
107.003
107.37
107.921
109.379
109.867
112.191
110.117
111.973
111.061
111.774
111.333
109.383
112.848
116.653
115.984
113.18
112.478
113.221
113.009
114.201
113.002
112.49
110.981
109.837
108.394
107.062
107.426
107.977
111.552
110.452
109.205
110.042
110.499
110.965
110.941
109.441
107.994
108.144
109.323
107.754
109.625
108.685
109.752
111.34
112.874
112.737
110.281
111.671
112.009
112.864
112.607
113.614
113.272
111.753
113.162
110.845
112.842
112.148
113.007
112.503
113.86
114.496
114.723
113.657
117.118
119.71
116.8
117.619
116.684
115.54
115.699
115.088
115.518
116.495
115.751
115.309
119.241
120.909
119.377
119.121
119.673
120.041
120.897
122.768
123.998
125.606
124.411
124.49
125.185
125.478
126.112
125.544
125.452
125.163
126.9
128.434
130.526
131.975
131.46
131.397
127.381
127.933
125.892
128.064
128
128.342
125.921
124.791
125.706
121.541
121.724
121.273
121.253
123.237
120.985
119.284
121.782
122.033
122.889
122.589
125.029
122.853
122.559
122.507
124.82
122.821
123.367
123.355
122.748
121.402
121.407
121.493
122.918
123.675
122.881
122.458
121.181
121.277
123.335
123.594
121.098
119.769
119.131
117.717
116.095
118.01
120.171
119.743
121.013
121.964
120.698
119.517
119.618
120.058
122.495
124.328
124.61
122.505
124.123
123.271
123.234
123.009
124.27
127.628
126.803
128.731
128.293
128.558
128.789
125.534
123.728
123.447
123.893
123.722
122.813
123.07
120.811
120.091
122.125
120.984
121.805
121.635
122.999
123.292
125.224
126.025
123.948
124.252
126.858
128.416
129.725
128.593
130.674
132.994
135.694
133.194
133.988
133.901
133.332
134.315
135.588
134.085
134.02
137.505
139.16
138.874
138.339
136.174
136.417
137.87
136.561
137.137
136.222
136.177
133.076
130.015
130.678
131.334
131.72
133.965
134.426
136.301
132.225
131.623
131.475
130.151
128.719
130.819
129.657
125.533
126.777
129.286
129.585
129.148
128.636
127.14
129.869
130.346
132.318
131.846
130.944
129.08
127.743
127.921
127.957
128.229
127.152
127.625
125.046
125.543
123.698
125.663
125.463
125.08
124.084
124.998
127.367
127.058
126.28
129.191
131.271
132.933
135.394
134.506
133.625
132.528
130.187
130.977
132.253
132.894
133.45
135.336
135.549
136.436
139.282
139.841
138.485
139.713
139.842
139.732
140.32
138.362
140.129
140.432
142.126
143.029
142.753
145.887
143.597
143.554
145.272
142.561
140.066
136.741
138.424
135.802
136.98
140.429
139.774
137.939
137.634
138.392
138.914
138.684
136.834
137.304
140.788
140.064
138.291
139.025
140.896
139.744
135.863
137.858
138.377
138.917
140.158
137.016
138.38
136.766
138.358
138.381
134.553
136.845
135.796
135.813
134.971
133.616
135.095
137.634
140.436
141.095
143.789
146.389
147.723
152.483
151.16
150.017
152.568
151.979
151.993
151.462
150.785
149.21
148.044
145.737
144.422
144.826
143.536
143.362
140.223
141.735
141.288
141.868
141.696
141.72
143.837
143.768
144.866
143.778
143.502
141.146
140.324
143.876
146.55
149.93
150.006
150.294
150.111
149.362
145.954
143.44
144.515
145.543
146.671
148.643
146.667
144.188
145.503
147.633
146.871
145.66
142.03
142.533
141.142
142.517
141.738
139.535
141.782
139.213
136.766
137.702
139.724
139.28
139.869
141.368
142.378
142.833
143.642
146.611
146.935
147.1
148.029
146.215
145.185
145.706
146.508
144.491
143.905
145.93
145.555
143.655
142.332
142.545
140.319
140.528
141.011
142.155
140.821
139.082
139.576
140.233
140.05
139.003
137.007
138.219
134.817
137.832
138.426
136.784
136.107
134.377
134.228
133.521
132.522
136.423
137.948
139.353
139.06
137.171
135.22
134.043
136.384
135.125
134.46
136.438
136.132
132.066
133.224
133.766
136.169
139.38
140.273
138.775
137.933
139.601
137.47
136.844
131.049
130.483
131.837
130.708
129.85
127.86
125.131
122.529
120.228
120.901
119.721
120.497
122.458
120.211
120.672
119.556
119.8
121.682
119.288
119.918
119.9
119.35
120.761
121.242
120.991
121.457
121.58
120.788
120.69
121.243
123.754
123.785
123.809
124.011
123.778
121.143
118.813
117.703
117.883
116.622
114.618
114.63
112.783
112.558
111.827
112.349
111.962
110.545
111.958
112.268
114.052
112.399
114.378
115.307
115.654
114.831
115.818
115.315
115.572
119.318
117.508
115.521
115.738
117.14
114
113.117
113.643
117.728
117.109
118.936
115.562
116.808
116.716
117.519
118.593
118.558
119.987
122.393
122.904
121.823
121.287
121.296
122.191
125.163
123.161
126.059
128.069
128.008
127.382
127.516
128.459
128.907
130.742
129.718
128.187
127.397
127.016
