100.006
100.353
99.5673
98.0105
98.5036
98.3807
96.4111
97.3589
97.5255
99.3095
96.805
96.7988
97.7928
96.0929
96.3603
96.1261
94.9674
94.9717
95.5713
94.7095
94.1061
94.1352
92.9554
94.9374
94.6066
96.1909
97.9301
99.8969
99.4651
100.186
100.111
101.741
100.499
100.104
101.652
102.211
104.364
105.435
105.338
103.7
103.344
105.071
102.959
101.819
103.477
101.744
100.03
101.26
101.003
99.7474
99.488
100.434
101.165
100.445
99.0761
99.3238
99.7745
99.6473
100.135
99.6887
101.276
100.064
97.8992
98.7762
99.3462
101.842
102.563
102.823
102.451
102.273
100.62
99.8608
98.1542
95.0422
94.6776
96.3692
95.1612
94.4677
94.3766
93.735
94.3911
91.8516
91.6896
91.9972
91.9825
89.7802
90.8023
88.9649
89.1386
87.5888
87.608
86.8665
88.2735
88.9305
89.5481
88.491
87.0008
88.1549
86.4115
86.4721
87.3438
89.1501
91.0213
92.8582
91.7906
91.6111
91.3863
89.9483
90.5888
91.3185
90.7885
91.3659
92.0327
92.7368
90.6125
90.6697
90.8155
90.705
93.3131
92.6462
92.4525
93.1774
92.3474
93.0207
93.2846
95.6246
94.8031
94.6613
95.0922
95.2436
96.6357
95.2997
95.8912
95.1993
96.7104
96.1544
97.031
99.687
97.5091
96.6525
94.7533
95.5992
97.4354
95.662
96.6278
97.0698
95.3796
92.6739
93.5035
94.3905
95.074
93.5664
94.0671
94.0514
94.5488
95.0874
94.2673
96.5644
96.8063
97.5894
97.7351
95.6494
96.5587
94.5296
93.1004
92.0372
92.0003
91.5121
91.3483
90.0683
90.0303
90.8499
89.9805
91.9345
91.7676
93.1859
96.5757
96.2466
97.0051
95.9937
96.7955
97.6889
96.1085
96.3339
94.145
95.2649
95.7844
97.0639
95.9885
96.6634
95.8299
95.3597
93.2101
94.4037
92.7321
91.9499
92.1519
92.487
91.5712
92.7349
91.3142
91.6521
90.097
89.6306
90.1892
91.1184
92.011
92.2332
91.7144
92.3295
91.1183
91.7451
90.8742
91.6699
91.6324
93.4947
95.1497
94.6864
94.6331
93.9437
94.3238
96.0343
97.3286
97.9455
97.5391
99.2369
99.8503
98.8288
98.4327
98.2718
97.9368
97.1042
95.746
96.6152
96.9283
96.6778
96.1911
95.648
95.6537
96.5802
95.3905
94.1521
94.7862
94.1409
93.0272
92.2249
93.1809
93.4427
92.3981
92.7913
92.625
90.4354
87.9081
88.6684
88.9763
87.6024
87.0998
85.2975
87.0984
85.3554
84.4332
83.9759
82.5111
82.8193
84.6481
85.4774
85.6699
85.6239
86.1141
84.9583
83.6309
84.9476
85.3353
85.2728
85.3804
86.1232
84.5516
83.2262
83.6912
84.5774
85.3341
85.9586
85.7803
83.9892
84.764
85.3526
84.8954
84.5841
85.3953
87.0744
86.9504
87.7405
87.9696
89.5837
90.8789
92.2789
92.3755
92.9595
92.5157
92.2081
92.8065
93.3865
95.197
94.333
93.9346
94.5716
95.2755
95.3447
95.7509
97.6019
99.4131
98.2714
98.3115
98.9694
100.3
101.787
98.5124
98.6143
95.0174
94.7306
96.2847
96.208
94.9656
93.8687
92.6707
92.8194
90.6624
89.4044
88.9439
88.7609
87.4499
87.8081
89.2922
90.466
91.1629
91.7188
89.4183
92.268
93.1422
94.8169
94.3731
93.6657
91.4766
92.0502
91.832
89.801
91.9979
92.5541
92.7512
92.9919
95.592
94.6331
96.0158
95.1043
95.2739
96.5613
98.0131
97.0337
96.9863
97.3496
98.6728
99.2419
99.1091
100.739
101.272
101.081
99.2837
98.6638
99.2044
101.266
101.534
101.619
102.214
103.494
103.553
102.185
104.002
103.991
103.364
103.933
105.533
106.665
107.756
109.266
111.578
111.135
109.029
108.972
108.058
107.804
106.731
107.194
107.699
107.285
107.194
107.694
106.69
105.677
106.631
105.579
106.694
105.663
105.844
104.878
104.845
105.436
103.841
103.761
102.499
102.87
102.257
101.846
103.984
103.287
102.322
101.901
101.506
101.126
103.732
103.765
103.163
102.772
103.269
102.316
102.601
104.736
104.374
106.285
109.933
107.442
106.458
106.481
106.471
105.544
107.248
106.943
105.255
104.516
104.1
103.375
106.027
106.428
105.756
105.042
106.602
106.607
105.7
104.378
105.786
105.841
107.257
109.092
108.354
107.71
109.78
109.818
108.69
110.045
108.393
106.162
105.727
103.76
104.146
105.107
105.61
105.957
104.551
105.789
106.569
106.084
104.797
108.443
107.667
107.002
105.555
106.287
107.165
105.26
107.024
108.125
106.929
107.475
107.513
106.073
105.9
107.391
108.291
106.773
107.124
109.795
111.326
110.674
111.247
112.033
111.127
113.054
112.812
110.587
112.614
113.184
110.778
110.639
113.702
114.575
114.172
113.306
113.945
111.737
113.602
112.579
112.21
111.035
111.922
108.831
110.137
107.436
107.604
108.375
108.179
109.705
112.057
110.954
109.503
110.088
109.85
111.888
113.21
113.571
114.397
115.206
115.873
114.185
115.484
115.222
112.913
113.212
111.869
113.1
113.802
114.546
117.016
115.43
115.711
115.757
117.024
118.063
116.516
118.282
115.735
114.911
116.024
116.911
117.041
119.768
120.697
118.874
119.574
120.571
123.079
122.46
119.703
120.252
119.661
119.317
120.915
121.868
121.766
122.494
120.392
120.109
117.518
119.241
118.688
116.884
113.403
112.959
113.309
113.697
111.693
112.591
114.045
115.915
115.561
115.641
115.949
114.867
116.041
113.684
113.587
110.618
107.956
106.927
107.688
106.3
108.327
109.148
108.565
106.912
109.896
106.439
