99.2283
99.3762
99.4639
100.457
97.562
96.8935
95.621
97.2759
96.7283
97.2107
95.534
96.5065
96.9009
97.0794
97.0201
95.7817
96.1726
97.3922
95.5714
95.1847
93.4524
92.4045
92.4851
93.8554
93.4542
94.459
92.8819
92.7067
93.6215
95.0311
95.8207
92.2142
92.2624
92.6396
92.3184
93.2879
94.1113
92.837
92.7012
92.32
92.8912
95.4732
95.3565
95.4929
97.8563
101.065
100.875
101.643
99.6295
100.149
100.865
98.9258
98.4447
98.5179
98.274
99.7966
99.8453
100.606
100.476
97.08
97.9179
97.8926
96.5706
95.9721
95.5639
96.6371
96.2824
96.4988
98.8145
97.1904
99.0693
98.3854
97.8863
98.7994
98.8814
98.1595
96.5634
96.4873
96.0345
95.7125
96.6688
96.6299
97.5921
95.9593
95.3386
93.7201
94.7605
96.1246
95.3947
95.9389
96.6893
95.2982
94.6283
94.4651
94.267
95.9711
94.6903
94.0072
95.3838
96.6545
94.8143
92.9389
91.915
91.8596
90.8888
91.9428
90.5932
91.9002
94.2414
94.4467
93.1821
94.3493
93.1488
93.533
92.821
91.5095
91.1198
91.0639
91.2235
91.9749
91.2673
91.8459
92.8896
91.03
90.9013
89.8776
89.9369
90.3455
92.2912
92.3285
93.2233
94.5261
95.1019
93.6163
94.0923
94.1105
95.7083
96.3121
97.7242
97.2139
96.6436
95.1777
94.7545
93.4169
94.0702
95.6769
95.4095
97.0261
97.5782
98.3327
99.191
98.8826
99.0853
101.639
103.292
103.531
103.379
105.783
107.399
107.953
107.699
109.585
109.061
110.158
107.439
106.396
106.297
105.323
104.993
104.817
105.064
103.94
104.55
104.894
104.264
105.481
103.743
103.269
104.939
104.497
103.487
102.133
102.513
101.176
101.339
100.681
102.565
102.42
101.468
102.508
103.117
104.705
105.056
103.711
101.867
100.269
98.9677
102.374
103.029
103.815
103.701
102.719
104.661
106.99
107.198
105.679
105.839
105.512
103.007
102.564
102.404
102.714
102.938
99.8352
99.867
100.331
102.155
100.999
102.255
101.224
103.552
103.712
104.11
104.767
105.076
104.72
102.995
103.881
104.921
105.087
105.953
106.255
108.609
110.186
111.459
109.649
110.891
111.241
112.756
114.204
116.371
116.472
119.761
119.859
122.419
121.968
119.205
118.893
119.32
119.266
120.76
118.218
118.521
117.394
117.292
117.721
118.568
121.156
123.174
123.066
121.914
123.396
124.185
124.374
127.415
125.885
126.638
125.227
123.822
127.642
128.818
128.983
128.052
127.726
128.113
127.794
129.582
131.96
129.663
128.654
126.099
128.115
128.507
123.921
122.469
125.205
125.396
123.925
125.587
124.624
123.476
121.615
122.385
122.948
123.177
123.298
123.891
123.75
122.774
124.279
122.965
123.27
126.165
126.954
127.35
129.979
127.139
126.454
126.855
126.839
126.76
125.665
125.905
127.019
128.787
129.622
130.872
128.467
129.055
125.805
121.427
121.572
124.4
121.792
119.875
119.54
118.487
115.66
116.519
118.231
118.885
117.278
116.983
119.544
116.981
117.345
114.802
114.766
114.961
116.343
116.166
116.084
117.311
116.148
115.605
118.056
117.891
114.403
112.919
111.834
109.534
109.095
110.61
110.612
109.941
109.467
109.402
108.345
106.929
108.77
107.686
109.6
110.461
109.777
111.807
111.197
108.603
109.191
111.124
110.671
109.09
110.327
109.075
108.785
108.469
108.312
108.245
107.764
110.099
109.052
109.977
111.876
111.521
112.449
113.696
113.458
112.557
115.652
113.803
114.27
114.03
112.026
110.023
109.978
110.693
110.422
109.763
108.222
108.747
109.422
110.291
108.872
105.355
104.893
105.438
107.019
107.886
108.92
110.29
111.258
110.185
113.179
112.29
109.884
109.018
108.226
108.547
109.313
108.47
107.451
106.316
107.207
106.311
108.083
108.983
109.862
107.975
105.446
104.313
102.233
102.835
102.759
100.105
100.705
100.092
99.7802
100.19
98.9713
99.4888
100.999
101.957
101.097
103.899
101.278
100.302
99.2972
98.6934
97.2277
96.8164
97.7531
97.9763
99.1957
99.1313
99.1057
97.913
99.3771
97.91
98.5811
97.7096
98.1819
96.8573
97.103
99.8173
99.8639
98.5565
97.9548
99.6867
98.85
98.9538
97.6482
97.1206
95.9068
94.1431
91.4813
92.6478
93.4841
95.2654
94.3926
95.1315
94.9789
94.4936
94.8209
95.5438
95.4967
96.2471
96.8169
97.726
97.9886
99.3932
99.8766
99.484
98.7875
96.9729
97.1304
96.8898
98.0422
98.2322
98.6999
99.8687
100.001
100.646
100.151
101.354
101.22
102.84
102.652
101.821
103.782
102.651
103.13
104.025
104.304
103.103
103.837
103.656
103.633
104.589
103.525
105.076
106.23
107.055
103.986
102.288
104.673
103.188
104.457
104.902
105.482
105.403
104.11
105.223
103.908
102.553
102.175
101.796
102.2
102.731
102.735
104.337
101.99
100.481
99.3661
100.556
99.0568
98.3452
98.7288
98.1941
96.8835
95.9168
96.1269
98.8552
100.332
99.4717
96.1041
93.9635
93.0542
95.2951
95.5936
95.5437
96.152
96.7731
96.5226
96.3116
96.0354
97.5779
97.2624
100.024
99.4382
100.474
100.513
101.556
102.795
103.139
100.532
103.249
105.394
106.23
107.856
110.088
111.773
113.141
112.842
112.044
112.132
112.893
114.407
114.011
117.268
114.46
114.475
114.578
117.089
116.71
118.27
119.242
120.707
116.667
117.863
119.315
121.752
