100.923
100.042
99.8258
100.607
100.19
100.283
100.423
101.715
101.402
100.156
97.1907
98.482
96.6556
96.7863
97.625
100.332
101.861
103.117
104.162
103.558
104.395
105.229
105.213
104.633
105.9
105.184
105.117
106.56
107.231
107.754
106.893
108.05
107.116
106.646
105.034
104.599
104.41
102.45
101.801
102.067
102.793
102.514
102.452
102.877
102.478
103.286
100.274
99.3793
100.501
102.786
103.384
103.463
103.874
104.182
103.186
103.998
104.553
104.699
102.347
102.106
101.695
100.648
99.6635
100.156
100.012
100.059
99.602
100.089
101.992
101.93
101.853
103.479
103.316
103.118
101.856
100.523
97.7342
99.642
98.2735
97.0849
96.6889
96.0786
95.8427
96.8294
97.2512
97.5536
97.781
96.1662
97.1851
98.0123
100.259
100.602
102.22
101.631
101.564
101.693
102.714
103.002
101.355
98.3849
97.3424
95.8543
94.1865
94.8041
94.9517
95.9651
95.3974
96.062
95.8759
98.0879
101.439
100.623
103.692
103.777
104.702
105.152
106.589
105.879
103.272
103.225
105.138
106.598
106.251
106.722
107.675
106.739
108.639
109.738
109.808
110.572
109.717
108.516
111.873
110.779
109.865
110.991
112.856
109.324
108.127
108.068
107.765
108.719
107.558
105.983
107.692
107.494
108.288
106.598
106.461
104.709
105.082
106.615
106.308
108.756
110.289
109.776
111.486
111.776
112.938
114.102
111.946
112.447
113.326
113.384
113.013
114.535
116.236
116.589
117.27
116.396
116.16
116.507
117.79
118.119
119.347
118.22
117.848
118.506
119.668
119.173
118.342
119.119
120.39
120.637
120.819
121.338
121.482
121.822
123.279
122.9
125.847
127.229
128.358
128.883
130.481
129.696
130.163
129.621
127.843
129.155
130.526
129.821
131.836
129.577
127.829
127.862
125.902
128.32
128.754
130.102
131.529
131.994
131.594
127.441
127.579
130.092
130.221
127.444
126.93
128.176
125.96
124.522
124.914
124.074
124.937
125.438
125.038
123.587
124.64
122.839
124.353
118.838
119.659
117.903
118.074
119.658
119.296
117.242
115.125
112.55
111.834
112.497
113.694
112.463
111.653
112.724
110.929
113.868
114.446
114.521
116.606
119.422
119.097
120.393
118.957
121.213
119.623
117.928
116.837
115.658
116.005
113.607
112.963
111.379
113.569
113.556
115.046
114.993
114.93
113
113.425
109.277
108.993
106.198
106.471
109.161
109.437
110.146
110.083
111.446
111.921
113.344
113.772
113.671
112.626
115.085
113.216
114.533
114.973
114.973
115.064
114.667
116.183
116.984
117.947
118.078
118.526
116.676
117.229
115.228
114.174
114.628
118.116
118.731
120.164
117.968
118.402
116.685
117.534
116.481
118.383
119.266
118.835
118.29
118.995
120.213
119.887
118.872
120.625
119.097
117.332
118.047
118.033
118.743
118.121
118.663
120.764
120.356
118.025
118.922
118.489
119.939
120.621
120.22
118.335
116.209
116.901
116.668
117.809
118.823
119.737
118.989
118.218
117.986
118.601
116.975
119.157
119.758
119.93
120.113
120.27
123.484
120.44
118.361
119.833
121.202
119.746
122.851
121.563
120.761
119.102
117.834
117.743
118.014
118.307
118.407
119.196
120.874
120.035
118.14
116.156
114.668
112.834
115.447
114.734
115.86
117.922
117.648
113.257
113.981
114.974
114.82
113.847
114.779
115.407
115.166
115.61
116.199
115.027
117.647
115.806
114.024
114.247
113.193
111.552
112.923
109.954
109.18
106.927
107.894
109.732
108.414
110.148
108.886
108.876
106.936
104.978
106.272
105.685
103.313
103.367
103.052
102.246
102.141
103.491
103.318
103.091
101.433
100.356
100.102
100.19
102.595
100.69
99.4614
98.6028
99.1346
97.0616
96.5904
95.9624
95.9504
94.9269
93.4311
94.6285
95.8582
93.7195
94.4312
95.7139
95.7927
96.7284
97.3442
96.614
96.9219
97.124
96.1314
95.0935
95.6458
96.5676
96.1255
96.6083
95.5511
93.9942
94.2709
93.9673
94.0432
91.7162
89.8691
90.5677
89.1728
91.0906
91.0842
90.7596
91.3883
88.6332
88.0448
88.018
88.7404
87.3511
87.6984
88.0815
87.1701
87.2356
87.0234
88.909
87.2315
87.6106
86.2112
86.2337
86.3084
86.5259
84.618
86.5864
88.5348
87.167
86.9279
85.8539
85.9283
88.1007
89.1873
87.4909
87.2136
87.4855
87.0864
85.5046
84.819
85.4528
85.0208
84.991
84.9786
84.7685
84.0186
84.9131
87.2816
88.3085
89.6897
89.8753
88.5524
88.2915
88.8287
89.9099
89.7876
91.0271
89.6511
87.9605
87.3908
86.3884
85.8041
86.376
87.7109
86.9896
89.0623
89.4516
90.2367
92.0339
91.3383
93.5017
90.6994
93.6743
94.5851
94.5846
94.1939
95.1838
96.8116
96.711
97.7049
99.0775
98.3108
98.9806
99.168
97.2155
97.7281
97.7208
96.2339
96.7271
96.9871
97.7481
100.221
99.4609
100.062
99.9735
100.847
101.662
103.537
103.409
104.203
104.521
105.819
102.905
104.151
106.663
107.616
105.656
107.82
107.703
106.35
107.682
106.961
105.443
106.655
105.639
105.935
106.236
105.605
107.177
106.552
105.69
107.67
107.886
108.211
107.261
107.451
108.022
107.656
104.045
102.941
104.804
101.716
101.81
99.7128
101.676
102.026
101.767
100.482
101.073
103.122
102.232
101.888
97.9268
96.0945
94.8817
92.9312
