100.584
99.8201
100.36
99.1672
97.2074
99.5339
101.958
98.1092
98.9623
97.856
97.0052
96.2774
96.0466
94.9949
96.67
99.5909
98.9857
100.117
99.0515
99.905
99.6011
100.535
99.0516
99.0084
101.976
102.156
103.792
104.328
105.312
103.774
104.257
106.875
106.699
108.037
105.419
105.944
104.22
104.452
103.3
102.679
102.985
102.872
102.938
105.259
105.158
104.976
105.236
104.587
106.594
106.956
106.097
104.529
103.099
102.07
99.3147
99.4124
99.5087
98.7089
98.1771
98.7982
99.2203
102.372
103.877
105.325
104.537
102.664
101.386
101.652
99.7439
97.6608
96.9093
97.6085
97.6561
97.8833
97.0416
96.5533
96.7074
97.2223
96.6119
98.1891
98.8164
98.7244
97.6857
96.4598
98.0884
95.8003
97.0769
96.2068
93.9285
95.132
97.9119
100.057
99.1969
99.5873
100.719
102.782
102.816
99.8236
100.962
100.527
101.29
98.7241
100.814
101.201
101.003
101.343
99.643
101.067
99.9139
100.558
99.6294
100.347
100.099
99.305
100.609
99.2935
99.8187
99.4202
99.1868
99.6182
98.2902
99.4723
99.7695
99.7342
100.31
100.123
99.9477
101.13
98.7413
100.374
102.085
101.036
101.043
99.5851
100.753
101.173
100.961
100.734
101.12
101.549
100.438
100.121
99.0527
99.9524
101.814
103.699
104.011
104.654
106.074
106.932
107.926
104.011
103.741
103.139
103.307
103.276
104.081
104.78
107.961
106.647
107.524
104.987
106.153
105.213
105.064
104.294
102.706
101.562
101.044
101.504
104.235
103.212
101.178
100.907
100.089
99.4957
100.053
101.055
100.983
101.422
100.226
102.242
102.515
102.115
103.296
105.077
106.046
106.776
106.6
105.459
104.698
105.739
107.646
106.497
104.348
103.603
102.884
103.976
102.4
101.016
99.4381
99.2332
96.1374
96.2532
95.4161
96.3893
95.7024
94.8621
97.0747
99.4914
101.646
102.822
100.76
101.147
101.029
100.328
100.937
99.2978
98.1384
97.7054
98.6622
98.1378
96.4837
97.3388
98.4276
99.1346
100.318
98.014
97.6055
96.7107
95.8774
94.6016
94.938
94.3689
94.0424
97.4182
97.353
98.6191
99.2598
99.1876
100.503
101.506
100.699
101.417
101.031
103.363
103.605
103.336
105.652
107.833
108.25
109.88
109.664
109.356
108.779
108.754
107.773
107.991
106.642
108.335
109.33
109.857
109.718
110.56
109.039
108.199
107.7
109.845
108.153
106.843
106.012
104.514
104.581
104.566
107.307
106.334
104.045
105.483
106.214
109.176
109.691
111.289
111.013
111.246
112.004
114.711
113.887
118.019
116.962
116.177
114.37
112.952
114.949
115.271
115.99
116.179
116.132
116.002
116.452
114.43
113.055
112.361
113.139
109.89
109.436
108.774
108.633
110.201
107.649
108.04
106.227
105.525
105.541
106.269
105.382
103.798
104.829
104.767
105.434
105.024
107.192
107.762
110.662
110.286
114.582
113.279
114.922
115.168
115.093
114.597
116.021
115.46
116.166
113.815
114.387
116.214
117.041
117.588
116.904
116.844
117.598
119.413
122.668
122.353
121.634
122.943
125.187
123.328
122.465
122.276
123.178
121.2
120.469
122.174
124.25
123.574
122.675
123.811
122.832
123.521
122.838
121.494
121.878
119.715
115.895
116.748
118.109
117.841
118.749
117.191
116.004
116.625
115.444
114.217
116.351
114.975
116.912
113.61
113.055
115.372
114.255
113.788
113.049
114.74
114.731
115.111
116.469
116.762
117.101
116.281
115.228
117.479
116.01
113.824
115.473
113.631
114.964
114.621
118.038
118.71
117.504
116.935
118.098
114.097
116
114.943
116.311
118.939
118.192
118.688
120.775
120.296
122.541
125.113
123.88
128.296
128.813
128.673
129.217
127.059
129.861
130.27
131.001
130.329
130.673
129.76
130.521
130.127
130.473
129.717
129.829
129.515
128.325
125.667
124.526
127.046
124.722
123.334
123.88
124.522
125.771
125.524
124.475
122.671
121.564
121.505
119.153
118.828
119.608
120.235
122.738
123.926
124.807
126.077
125.68
126.526
124.823
124.42
127.504
126.292
129.321
132.123
134.792
134.939
133.091
133.226
131.231
129.891
126.603
128.725
129.77
128.294
125.855
126.266
125.048
123.998
123.885
123.634
122.836
120.158
120.082
119.308
119.915
116.52
114.748
114.481
113.908
113.598
113.499
113.877
113.786
113.202
112.878
113.054
115.851
116.602
116.248
116.318
114.615
113.718
113.451
114.269
114.591
115.886
114.94
115.011
114.858
114.435
114.543
115.382
115.201
115.654
116.501
116.757
114.899
115.54
114.07
111.46
112.627
113.323
112.632
111.739
108.902
109.05
110.004
108.583
104.742
102.667
102.625
101.628
100.089
101.681
101.978
99.5753
99.6891
97.9183
98.5353
97.6413
99.1019
99.9053
98.5087
96.8124
98.7965
97.7314
96.5542
97.1931
96.7442
96.2652
94.6309
96.228
98.1156
96.1542
97.373
97.2453
97.4431
98.4956
99.641
99.3666
99.9385
98.4176
97.0445
98.2262
98.2532
98.7106
97.2799
97.3805
94.7186
93.3142
92.364
92.6058
91.6895
89.4059
90.7936
91.7003
90.8547
89.5492
88.2335
89.394
89.2547
90.1307
90.5841
89.8943
89.8174
89.0539
88.8973
89.466
88.8858
88.7034
90.4428
89.3303
88.6489
88.834
89.4447
90.51
90.6438
90.4314
89.1342
88.6525
89.5185
88.9744
