99.3976
100.515
101.474
100.724
100.649
101.813
101.835
101.545
99.7803
97.8078
99.288
100.412
102.509
100.668
100.231
100.18
99.337
100.194
99.0769
99.1191
99.1348
99.0186
98.369
98.2892
96.9399
100.697
99.2541
97.9266
96.9214
96.2541
96.069
96.6698
96.3207
96.497
98.4904
98.272
97.9691
99.155
100.172
100.344
100.921
100.636
99.6484
98.6595
98.7669
99.3595
98.9569
97.8659
96.9873
99.095
101.593
101.058
99.1424
101.398
101.327
101.862
96.9504
99.5046
102.378
99.7232
100.085
99.8634
101.465
102.634
105.498
107.14
107.206
107.271
107.632
107.762
109.142
108.343
108.567
107.236
104.902
105.153
105.257
105.944
106.295
107.606
109.191
110.133
109.848
111.63
110.529
111.715
111.885
114.009
111.867
110.876
110.621
113.089
113.519
113.091
112.434
113.498
114.572
115.632
115.343
115.419
115.325
117.717
115.177
114.147
113.615
111.93
110.013
108.596
108.706
107.542
106.341
107.571
108.426
107.856
106.224
106.64
107.501
105.88
103.567
104.067
104.056
102.589
100.286
100.827
99.0237
97.5476
98.3923
98.6918
99.175
97.7114
99.044
99.7905
100.126
101.385
100.845
100.264
99.6388
99.9646
100.968
101.225
103.223
104.049
104.059
103
102.713
101.017
101.81
100.172
100.848
100.723
99.3074
100.833
101.24
100.749
99.5939
100.514
101.133
99.9524
100.625
99.6976
99.2972
100.749
99.9399
99.8233
102.005
102.23
104.348
106.755
109.401
110.743
112.489
113.94
114.92
114.288
112.377
110.924
110.773
110.683
109.861
108.902
106.618
106.223
105.935
102.901
102.246
102.176
103.981
102.721
101.948
102.097
100.762
100.466
99.4703
99.6018
97.4353
97.5351
96.2554
96.678
95.8342
95.9101
94.2561
93.2856
92.2817
92.2519
91.9868
91.0517
92.3395
93.7265
92.2822
91.1335
91.5817
91.3397
93.0979
92.9778
92.7005
94.0449
93.601
92.7028
93.2152
94.2331
94.7784
95.8243
94.5503
92.5472
91.0222
91.1848
89.3121
88.5135
89.042
88.5115
88.8895
88.1699
87.9202
88.3187
86.8773
87.1741
88.2928
88.2748
88.1144
89.2203
88.6462
88.5832
88.9966
88.8744
86.8301
86.873
86.0565
86.6438
87.0012
88.9853
88.3527
86.1185
88.0906
86.494
85.1956
85.5871
84.4368
84.9574
85.5254
85.4774
85.2016
86.2041
86.7674
86.4808
86.7165
86.9091
87.8888
87.6529
86.8702
87.128
85.2063
83.5415
84.1902
85.389
88.0081
86.6856
87.9953
88.4594
88.309
86.5752
84.9189
85.1706
84.8082
84.9341
83.8995
84.3184
84.2173
83.4259
84.2804
85.737
86.6364
86.8264
85.9846
86.6576
86.3157
85.967
86.4926
89.3807
88.3167
89.9559
91.654
91.3774
91.1077
89.9763
89.6122
89.0171
89.7711
89.6834
89.806
89.4265
88.3205
87.9825
86.6367
86.064
85.2387
84.0599
83.7532
84.7545
83.5844
83.2329
82.7006
84.1535
84.4926
83.9686
84.3081
85.5007
85.2419
84.8433
86.608
86.6285
86.6624
86.9705
86.3219
85.1686
85.165
85.9313
85.6662
84.6644
84.3148
82.7829
80.9929
82.342
83.859
87.0276
86.7987
86.9983
87.1714
87.9054
85.3859
85.3457
86.5435
86.3182
85.8821
86.2754
84.5118
85.5332
84.9471
85.5452
86.2289
85.2219
85.9848
85.7174
86.0052
87.6531
90.2315
90.24
90.4958
88.4711
86.5727
87.8179
87.3577
85.1643
82.9492
81.8534
82.7011
82.4179
84.5183
85.9916
85.8799
85.4775
83.2805
82.4497
82.3934
83.6527
82.625
83.4416
84.2333
85.8662
86.8835
86.8029
85.686
84.5483
83.8978
83.3192
84.6765
86.8322
86.2599
86.436
87.3027
87.0533
86.5393
84.8692
83.8554
83.7303
82.4542
82.2722
80.0425
78.9499
79.8522
79.0351
77.8012
76.6514
76.2723
76.2715
75.75
74.7854
72.8715
73.3115
73.4665
73.2375
73.2667
73.3981
72.6636
74.0792
73.4456
72.1392
72.5499
72.0048
70.8982
71.9427
72.8362
71.7243
70.6447
71.2419
72.4153
71.6124
73.1799
74.3194
73.761
73.2356
73.7442
73.4658
73.3512
74.2806
74.2602
75.9215
75.5299
76.1034
74.0259
74.9418
74.5581
75.0495
75.9872
76.0005
76.0221
75.8086
76.4687
77.4294
77.9416
77.2706
76.5227
76.3429
75.3652
74.9519
76.5135
77.1132
78.962
79.7554
80.1155
81.2253
83.024
82.7776
82.8387
81.0889
81.7392
81.0003
83.1762
83.6985
83.3397
82.5506
83.6299
83.2196
83.2931
82.9875
81.3728
81.7868
81.9421
81.8826
81.3028
80.9331
80.4072
79.9342
79.1198
79.6032
80.9418
78.1509
77.9939
77.6208
77.2991
78.6355
80.1607
80.3672
80.2189
80.8731
79.3347
79.0239
77.7352
77.3363
75.5806
77.9142
76.7919
76.3764
76.8632
77.2048
77.5548
77.6398
76.8993
76.9879
77.2017
76.4655
74.1396
73.8573
71.0799
72.2613
71.5027
72.1818
72.1551
70.9339
70.4136
70.0257
68.2344
68.552
70.4781
73.0548
74.2723
73.6238
71.8237
71.973
72.0145
71.4973
70.9647
69.9813
69.7983
69.8694
70.7089
70.6063
70.3287
70.7764
70.1607
70.0567
69.7084
70.1472
70.5403
71.7034
70.947
71.6174
72.455
72.3905
72.2374
72.9666
72.1774
72.3547
72.5919
73.6546
72.7197
73.2557
74.9903
76.2449
77.3452
77.828
75.8571
77.4873
79.0711
78.3443
78.8105
78.8637
78.3499
78.4429
79.5913
78.5423
76.7687
77.0892
76.5882
79.2048
77.6615
77.4092
76.688
76.8087
76.0271
76.0216
75.3783
75.6957
77.5637
76.5047
76.6151
76.4517
74.3436
73.7617
73.7778
74.1606
