99.3366
98.9445
97.1631
97.6888
99.1123
97.3721
98.9782
101.954
101.531
99.0372
98.8321
100.022
100.191
100.5
100.203
98.4473
97.1551
96.3695
95.4637
97.3359
98.518
100.732
101.097
100.724
101.981
102.628
102.427
101.033
100.63
100.751
99.7226
100.795
98.9043
98.5907
99.1435
98.0497
97.2292
97.5739
98.6947
99.852
100.659
101.431
102.171
103.28
103.52
103.201
102.285
101.025
102.137
102.835
101.336
103.426
102.451
102.413
102.967
104.324
102.489
102.423
103.575
105.597
107.48
108.028
108.202
107.081
105.995
104.889
104.116
102.471
103.03
103.475
103.29
103.687
103.956
104.927
105.31
107.703
109.173
108.607
108.948
106.705
107.409
105.388
105.397
104.8
103.688
105.956
106.709
107.803
106.225
106.533
104.057
105.355
106.719
110.946
110.057
109.522
107.465
108.187
108.232
107.899
109.968
112.548
111.875
113.838
112.499
113.359
113.199
116.451
116.49
118.356
119.051
117.481
116.865
115.295
114.536
116.531
117.961
118.772
119.766
119.057
119.448
119.499
119.381
118.562
119.357
120.227
121.891
119.427
117.885
116.344
116.867
117.633
120.15
119.551
118.562
116.356
116.143
118.632
119.208
118.76
122.749
122.273
124.204
125.048
126.785
127.642
126.986
126.647
127.309
127.041
128.068
128.411
129.795
127.672
125.756
126.977
129.577
126.387
123.893
121.534
122.671
121.918
124.425
125.387
124.365
125.701
125.331
125.045
129.217
125.609
129.653
131.235
130.774
130.544
130.873
132.64
134.166
132.986
131.017
132.155
133.183
134.123
133.706
133.82
133.977
129.35
129.19
129.369
129.034
127.671
129.437
128.329
127.718
129.617
131.171
132.375
135.11
135.297
134.357
133.909
133.748
135.03
134.331
131.485
130.108
126.861
129.399
130.447
130.351
129.449
131.256
131.652
130.046
131.537
133.633
132.216
132.58
133.707
133.08
132.807
133.436
135.92
138.159
139.39
138.219
134.142
135.915
135.636
139.293
138.612
140.583
139.965
139.956
137.977
137.336
138.206
139.075
139.831
138.079
140.398
139.157
138.529
140.911
138.45
136.067
136
133.779
132.959
132.585
130.199
127.426
126.123
125.027
123.757
123.697
124.232
124.849
126.178
123.093
125.18
127.273
128.201
128.439
129.099
129.184
129.311
127.485
128.246
128.926
126.295
126.804
126.998
127.465
128.753
130.018
132.33
135.774
138.628
139.631
138.475
140.022
140.366
140.869
144.262
146.069
142.726
142.197
142.92
138.518
139.085
137.343
137.341
138.076
135.796
134.439
132.666
132.3
132.474
132.784
130.595
131.983
130.151
127.61
128.221
128.073
126.829
123.259
122.144
122.304
122.925
124.829
125.782
127.952
127.316
130.472
130.865
130.414
132.386
132.602
133.832
133.628
134.319
137.963
137.867
135.692
136.041
137.856
137.914
137.334
138.947
138.306
139.228
139.421
140.227
137.542
138.191
133.301
130.868
133.129
135.074
137.457
136.385
135.368
135.935
132.819
133.206
133.898
134.485
135.357
134.484
129.64
131.372
129.852
132.031
132.169
131.622
129.943
131.145
129.984
129.828
132.608
132.914
134.487
133.805
133.896
134.218
133.677
135.529
135.999
137.423
139.885
137.557
139.396
140.761
144.589
144.594
146.191
149.108
149.477
150.284
153.816
155.27
153.263
150.181
147.397
142.986
141.467
143.023
143.385
144.155
145.964
147.367
147.462
144.399
144.463
142.545
139.293
139.054
139.352
138.313
137.52
136.404
136.096
136.822
136.32
140.449
140.631
139.138
139.612
140.036
142.646
140.482
141.995
142.52
142.033
142.333
141.527
139.88
140.495
141.571
140.024
139.399
140.274
140.096
141.412
142.641
139.848
142.076
143.33
140.548
142.226
142.203
142.007
140.76
142.054
141.181
142.186
142.277
143.493
147.169
150.24
150.48
150.39
148.923
152.404
154.322
151.741
149.842
152.554
153.312
152.649
152.638
151.314
149.811
150.023
149.304
151.325
149.305
147.214
149.665
147.406
147.158
149.851
146.471
148.159
148.176
146.985
147.377
145.158
143.233
144.62
144.51
141.596
143.269
146.623
146.115
144.014
143.475
143.305
139.851
137.556
136.002
136.991
140.209
140.481
142.161
140.682
141.112
145.039
142.982
142.579
146.897
143.911
144.924
140.628
139.956
138.832
139.622
138.184
139.154
136.623
141.646
142.506
141.102
140.656
141.517
140.815
136.58
134.907
136.709
138.595
140.236
141.282
142.695
143.02
143.286
143.899
145.654
144.375
145.716
148.394
147.708
149.45
150.768
153.702
151.618
151.702
146.821
146.884
147.142
147.052
146.931
149.074
150.698
148.085
145.792
148.549
147.576
149.363
146.684
144.412
141.732
140.069
141.296
141.041
139.181
141.942
143.046
144.437
143.14
139.369
137.695
136.203
136.726
138.237
138.308
140.893
141.436
143.686
142.957
144.466
145.507
144.492
144.471
142.462
145.652
147.775
151.587
154.614
153.425
155.015
153.491
149.123
149.933
152.975
150.037
149.391
147.886
147.453
151.217
151.87
150.583
146.994
147.974
148.78
145.457
145.24
145.04
145.971
146.586
144.877
144.674
143.78
143.519
145.131
145.247
146.036
144.813
144.315
142.81
