99.4784
101.11
100.662
99.8833
97.5627
100.33
101.324
101.553
101.655
100.508
100.229
100.822
101.685
100.943
99.8105
103.594
103.717
103.574
102.215
100.912
100.664
102.949
101.856
98.8468
98.6611
97.3129
98.0197
99.488
99.5767
98.6557
99.1967
96.2757
96.5173
96.108
96.1354
95.8932
96.1495
94.4802
94.1024
94.0405
92.8567
91.9644
92.6056
93.2259
92.8122
91.5081
92.8324
91.0238
92.7519
92.2615
92.4528
91.471
91.588
92.3129
94.4554
94.6675
96.1639
94.8482
93.1918
93.9364
95.3194
92.4644
92.8009
93.9771
93.0919
92.3144
90.5163
90.0926
92.4621
91.7949
91.5578
92.2229
95.0513
95.3099
98.8557
98.9815
101.925
101.789
102.07
101.227
100.436
99.1502
101.287
102.459
104.297
104.288
103.174
102.309
100.777
100.265
99.9365
99.4497
100.182
101.727
101.575
101.871
101.701
101.978
103.176
100.945
99.7275
98.4536
98.572
98.0653
96.9651
98.3437
96.934
97.1371
97.9595
96.4196
95.8103
95.6741
95.6378
96.0694
96.2114
97.5281
96.0985
98.1569
97.966
99.168
100.77
101.241
101.573
102.056
103.711
105.282
105.329
103.659
104.4
105.273
103.745
104.499
105.996
102.659
101.675
102.451
103.176
102.59
104.066
104.579
102.336
103.417
104.927
102.69
99.9489
100.524
99.3543
100.656
99.0625
98.7671
98.5487
97.2444
98.975
99.7259
99.9484
100.303
100.212
100.241
99.0938
97.8041
95.2918
93.7912
92.9254
95.0897
94.7254
93.4225
91.3468
90.6067
89.2304
88.9481
86.4668
87.6652
88.6338
88.0893
88.0611
87.3857
86.4772
85.569
83.0754
84.1073
82.7306
85.4201
85.5961
86.3481
87.3451
89.394
90.2777
90.1226
88.1296
88.845
89.4688
89.111
89.6086
90.1496
90.6419
91.0376
91.1946
90.3034
90.8825
90.9518
90.0465
91.2934
91.2296
91.9061
91.4691
90.7586
89.9087
88.8517
88.5217
88.9022
87.669
90.2799
90.0929
89.7747
89.9744
88.3225
90.2985
90.9318
90.5753
89.4621
90.0389
90.8994
91.0615
92.3827
91.3262
90.8494
92.4947
92.3797
91.3275
90.2746
90.2135
89.9611
90.1945
89.9089
91.4346
93.4994
94.421
93.5189
91.8771
90.7604
90.6872
89.2297
90.1595
91.1841
90.7561
89.5322
91.3976
91.4425
90.9679
90.5776
89.5914
89.147
88.2684
89.1089
86.7292
86.8881
88.6055
86.5029
88.1998
87.5682
89.8598
89.0004
90.1133
89.4644
90.1129
89.8395
90.4833
89.9106
90.6273
89.1669
91.1408
92.0512
93.5448
94.3457
94.121
94.5736
92.7545
91.9918
93.3576
92.3752
93.4285
95.3962
95.4655
96.1324
95.2412
94.8687
93.0292
93.3546
94.043
92.8361
94.9926
94.2414
94.0765
95.568
95.3151
94.9903
94.5292
93.6548
91.8794
93.9391
95.6675
94.8607
97.0128
95.6714
95.0076
95.7165
96.955
98.4472
99.3545
98.9968
97.5117
98.4678
99.0534
99.7227
101.001
102.035
99.897
100.962
102.527
100.009
99.9478
99.9103
98.9113
100.901
100.378
102.147
103.591
104.567
104.559
105.18
105.836
105.76
107.449
107.499
107.34
106.34
107.032
108.37
108.97
107.473
106.743
104.368
102.811
101.067
101.973
101.132
100.025
100.018
99.3025
98.3318
97.5521
97.3997
95.8767
96.5635
95.6649
94.4477
94.7816
95.3287
95.2556
95.508
96.1553
94.7192
95.497
96.1393
96.029
94.9741
94.2388
93.3427
93.3015
94.2931
95.2291
95.0053
94.52
93.088
93.3205
93.2444
92.3726
91.5307
90.5071
91.2931
90.7917
90.8362
92.8143
92.3208
92.8852
89.9541
90.1688
89.7893
88.6263
89.0289
87.3801
86.4896
85.7851
85.0661
87.6155
87.9564
87.5354
89.054
88.8724
87.8263
87.3533
86.8433
87.1895
87.5343
86.9427
88.2766
87.3637
85.9406
86.3724
85.9936
87.9229
86.3448
86.3348
84.4038
84.6922
83.4048
83.1432
81.4987
82.3475
83.6853
82.797
81.6223
80.7257
81.4636
79.299
79.0632
79.3003
78.3257
78.4557
78.9764
78.6888
79.3402
80.8819
80.9238
79.9922
79.5818
79.6584
79.4025
78.5071
77.4276
78.4715
79.2399
78.0448
77.3192
79.4611
80.0791
79.6042
78.6226
78.606
79.5054
80.5889
80.7784
80.9707
81.3064
80.5007
80.7003
79.1906
79.5362
80.3069
79.6773
80.4953
79.3426
79.4105
79.8336
78.4694
78.971
77.6711
77.316
77.2566
75.888
74.5935
75.0285
75.3743
77.4324
77.1132
77.5206
77.4101
76.198
75.5591
73.9218
74.0056
72.5259
72.4106
73.2715
73.7318
73.5257
72.8817
73.2406
73.4483
73.3402
73.7451
72.7967
73.5846
73.9171
73.5382
71.7984
71.1451
68.8227
67.9804
68.5642
68.7367
68.8893
68.304
67.7962
67.294
67.4327
67.374
67.0665
67.8165
68.084
67.3483
68.3309
69.2758
69.0847
70.5949
71.5493
72.7119
72.6626
71.4796
72.3662
71.3413
71.8762
72.1767
74.036
74.2804
72.6592
74.1477
75.6353
76.841
76.3571
76.6527
77.5354
77.1788
76.3004
73.7322
74.1793
73.1963
72.121
73.2037
74.3435
74.4847
73.5805
73.513
74.8648
74.7798
74.66
75.72
75.4126
75.7067
76.8356
76.87
77.0173
77.06
78.2871
78.5284
77.6516
76.9998
75.6409
75.4064
76.2545
78.2065
77.2669
76.8227
75.62
75.7134
74.8756
75.6207
76.1652
78.6582
78.6053
78.8495
78.4039
79.7331
78.6802
78.7396
81.9013
79.9971
81.1587
80.9941
80.1555
79.6789
78.128
78.6442
79.2015
78.9251
79.1146
79.173
79.8046
79.4124
77.3595
77.3421
76.7342
76.9446
77.5385
79.3496
77.9848
75.8673
76.2416
75.7836
75.0603
