101.138
102.275
103.153
103.678
102.662
104.094
105.261
104.31
104.712
105.45
106.186
104.717
104.606
104.202
103.281
104.038
102.616
102.319
100.349
102.743
101.701
101.315
100.504
98.6753
99.4227
98.7269
98.5419
98.1079
98.398
98.1826
98.1261
99.7534
99.0405
100.417
101.339
102.107
102.201
103.48
101.563
100.579
99.8599
99.7015
98.5411
99.7819
100.398
100.759
97.9416
98.0443
98.3173
98.7728
100.85
101.918
100.889
99.3155
99.7128
100.606
101.452
101.277
100.796
99.4723
99.6266
99.4598
98.6364
96.9498
96.5954
97.6804
97.0615
96.5817
94.0417
93.813
92.5875
91.1778
90.9951
93.5889
93.0988
92.5726
92.9855
93.9839
93.1949
93.1774
93.0115
93.9992
93.54
92.9586
90.9422
91.413
89.8284
90.5812
89.0738
90.708
91.3035
87.5229
88.0043
86.0745
86.261
87.2898
85.9729
86.3608
85.8875
85.5397
83.103
82.1023
81.6167
79.7672
80.3237
78.0954
76.1214
76.361
74.5089
75.6011
75.869
76.8062
76.2645
75.939
76.7332
77.9
78.1129
79.5139
80.7809
80.1579
80.3194
81.509
79.9686
78.8877
78.5663
79.9775
77.9671
77.3301
77.9973
77.6953
77.8821
78.6913
78.7648
77.9582
76.3142
75.8153
75.1609
74.8807
75.7109
76.5207
78.5288
78.5619
78.2979
79.588
79.9175
81.5004
80.9221
79.6246
80.3111
81.725
81.7298
81.5491
82.5898
82.9952
83.3425
84.6874
84.1885
84.7183
83.338
83.3197
84.4304
84.7961
84.986
85.131
84.7338
83.1819
84.4124
83.8684
81.6715
82.654
83.2347
84.9809
85.8008
85.7822
86.2534
85.7652
86.8784
87.2992
86.709
89.0207
88.2011
90.1125
91.1664
91.4614
92.6154
92.7592
93.2422
92.4156
92.6141
92.0557
94.9147
97.0771
96.9279
97.0029
96.1715
94.369
93.6332
95.1794
96.1372
95.8262
96.3814
97.5441
96.5187
95.9661
96.9295
96.5721
97.2117
97.3488
97.5381
100.441
100.268
99.5743
97.6714
98.5967
99.3151
99.0965
98.6307
99.5877
98.9053
99.0975
100.113
98.9486
97.8826
98.5292
98.0044
97.5883
97.2098
96.8362
96.4873
96.1246
96.2125
98.7799
97.1635
95.5352
96.0904
93.5373
94.1402
93.3204
92.465
91.2949
90.9347
89.7503
89.6369
90.3143
92.5438
93.6914
94.478
95.1196
92.8167
92.5088
92.344
92.1758
94.8599
93.6764
94.2308
94.2904
94.7965
92.0456
93.9854
94.0092
93.7957
93.7416
93.7405
92.3056
93.1749
92.2662
92.0041
92.7404
94.0484
93.9069
92.0561
92.3499
92.9389
92.802
92.5246
91.791
90.2801
91.0598
90.7039
89.9504
88.455
87.6175
88.0735
90.8198
91.2469
91.6446
91.1909
88.9604
86.932
86.3549
85.2828
84.9035
83.6423
83.4431
82.7614
82.3546
81.7926
82.4805
82.4905
83.6645
85.3777
84.5091
84.4391
84.7535
85.818
85.1792
85.1084
84.924
85.0963
83.7759
82.614
82.9323
82.3841
82.6279
82.7619
84.5639
84.5387
83.6412
84.5808
83.6727
81.2942
82.6187
82.4193
83.6504
85.6513
85.3318
84.0154
83.4883
83.8019
83.1811
84.9346
86.0076
85.8788
84.3797
82.7483
83.469
84.2099
85.2282
84.5116
82.7621
83.2965
85.1755
84.0296
83.7406
83.0992
82.1292
82.1264
83.2587
83.8785
84.2892
87.0613
87.8325
87.6479
85.8728
83.8737
82.9534
82.9457
80.5599
79.2485
77.3203
76.4893
76.5137
75.8077
75.7194
76.5762
76.0946
74.8536
75.9567
76.8196
78.2229
78.7097
78.5772
77.2474
78.2697
79.4791
78.4002
80.3288
81.2239
81.3443
82.8275
81.0057
80.3641
79.2726
79.1661
80.1601
81.117
82.2909
80.9273
81.4877
80.7793
80.2853
79.8372
80.5587
79.4678
79.0409
79.3482
79.9883
79.5298
77.9825
79.3273
79.7211
80.0199
79.4746
79.1373
78.3323
78.9809
78.6408
77.1092
77.8388
77.8357
78.9175
78.9855
78.0655
78.0776
77.5416
77.8868
77.9714
79.005
79.9235
80.1814
78.7252
80.4596
80.343
81.3366
82.3613
83.3115
84.3555
83.1029
80.867
81.0969
81.7085
80.166
80.3912
79.8546
80.9611
81.352
81.324
81.869
82.4673
82.7134
83.4323
83.7775
83.7294
84.244
84.9307
84.9281
84.7232
85.299
85.4341
85.848
83.8427
83.4811
84.1116
84.3895
86.0002
87.3477
86.897
86.577
87.5174
87.7747
88.2592
89.1001
87.1713
87.3368
87.3377
88.2961
88.1636
87.3093
86.4617
88.293
87.1018
87.6451
89.1203
88.5603
87.9873
86.9597
86.6564
87.1787
88.1449
87.3042
87.3256
87.3885
88.5473
87.7134
88.4686
89.0401
89.1384
88.5694
90.4748
90.3373
90.0905
89.5652
90.0515
91.0482
91.9514
92.149
93.6691
93.0551
95.1233
96.6698
95.9644
96.4017
98.1392
96.9586
97.8031
98.327
96.7232
96.0371
95.1758
96.7741
95.8849
96.5145
97.0432
97.5348
95.9024
96.3188
97.6586
97.6239
97.7052
98.349
96.0818
97.672
95.3248
95.6441
96.9797
97.947
97.9391
95.4194
95.6803
96.8599
96.9251
96.391
96.5057
95.1259
95.0643
95.0928
94.3211
93.1485
91.6887
90.359
90.1014
88.3569
87.0968
87.0471
86.4268
85.7929
86.8945
85.988
86.6626
84.0079
83.7586
85.9189
84.3826
84.9463
85.1526
85.2386
83.7979
84.3402
85.8535
85.7464
86.3499
88.4435
86.0264
84.6817
84.622
84.5068
85.8422
86.7408
86.7968
87.2463
86.3006
87.5355
87.862
87.1621
88.1094
90.2501
89.3057
89.3262
92.0502
93.1045
91.9291
91.876
93.3472
93.9672
94.9837
97.517
95.2144
93.4516
91.3637
91.6021
91.018
92.2569
92.8929
91.9878
92.7419
92.4042
90.6016
91.3601
91.6707
91.4411
