100.77
101.928
102.852
102.171
101.093
100.363
102.218
102.754
101.089
101.353
101.08
101.135
100.19
101.513
101.085
99.7565
100.216
99.3611
99.7145
100.421
99.0499
97.5017
99.3194
99.9605
99.1344
96.7492
95.9204
95.2259
94.5066
93.685
92.8549
92.1143
92.3455
92.8954
91.6892
92.539
92.31
95.3611
94.5461
95.1903
95.2353
95.2131
96.3354
98.9981
99.6177
99.1381
97.2438
97.1533
97.1502
98.6078
98.137
99.4781
98.4628
98.0409
97.9492
98.423
98.3147
97.3661
95.1693
94.2522
92.5292
93.5801
90.8684
90.2588
91.3259
91.9847
90.0882
88.1309
89.1552
88.6295
87.7497
87.7343
87.9346
86.5278
84.3143
84.7926
86.692
85.6682
85.5654
85.5581
83.1284
82.5405
83.0294
83.536
85.5215
86.4152
84.4274
85.7948
85.8326
85.8577
84.6582
85.3616
86.2414
85.6055
85.9342
86.5829
86.7543
86.9984
87.0869
85.7806
85.2184
86.8196
87.1561
85.958
85.9425
86.4157
87.9286
88.6134
89.3733
88.2969
86.8962
85.9344
86.3529
86.5492
87.0999
86.4055
88.176
90.8962
90.1602
88.6329
87.6986
86.9199
87.9302
87.8702
88.2417
87.2605
86.8518
87.5259
89.5723
88.0486
88.409
89.0666
88.8037
91.0407
90.7748
92.178
91.564
91.4883
91.4358
95.2483
93.252
94.2881
95.395
93.8667
92.8747
91.9607
91.05
90.9043
89.802
89.7767
90.6626
91.5098
91.7099
92.2158
94.9221
94.9292
92.9733
94.5036
95.8025
95.9091
98.1714
97.7537
97.4764
98.0459
100.575
100.98
100.879
101.002
100.183
99.2787
100.887
98.5901
100.307
99.9844
99.5226
101.054
100.618
101.657
102.188
100.812
100.246
98.9825
99.2057
100.149
97.472
97.5854
99.4637
99.1449
101.529
102.655
103.431
103.35
101.964
102.892
100.99
100.816
98.9771
99.5511
99.2944
98.551
99.8673
99.6933
101.293
101.483
104.375
105.651
106.397
105.115
107.147
107.519
109.4
107.825
106.516
107.249
108.777
107.148
107.578
107.351
105.462
105.887
105.998
104.225
104.222
102.344
103.886
105.595
102.193
100.774
102.727
101.143
100.858
100.725
100.38
101.418
101.305
101.46
103.042
103.737
103.045
104.238
104.408
105.732
105.303
104.06
102.264
101.089
101.528
102.361
107.717
108.26
111.406
110.333
109.34
107.372
109.316
106.789
104.913
105.193
105.682
103.491
103.14
103.481
103.262
106.351
104.469
104.438
104.343
102.471
101.967
100.722
99.9011
97.7071
97.8174
99.6722
99.1017
97.5926
97.1636
96.6399
96.9394
96.2077
95.144
94.9457
95.8984
96.7603
97.814
98.2183
98.5514
97.7984
98.894
99.0282
98.9575
98.2461
98.5959
95.1164
97.3446
98.9548
98.49
99.2504
98.171
98.4097
100.154
97.8277
97.0637
95.781
95.993
94.8867
95.7822
97.4427
97.8043
99.2444
98.6512
98.2371
98.0565
96.526
99.141
98.3383
98.5721
96.4867
96.1059
97.718
94.1704
93.4244
92.1398
91.6499
91.1502
90.8129
90.2422
90.849
92.0807
91.5499
91.9533
93.1302
94.6414
95.7108
93.7694
92.6793
91.3086
92.0338
94.0972
93.0887
91.9904
92.9829
93.456
93.0372
93.6066
94.1503
93.5157
93.8121
95.7233
96.4416
97.3319
96.9705
95.8091
94.9402
97.299
98.4023
98.2646
96.8801
98.1648
97.6479
96.4273
95.868
96.1245
95.7551
97.6291
97.571
96.0636
96.3767
97.09
96.0184
95.4544
96.3792
98.5361
99.9261
98.5617
98.1747
98.9739
97.2443
97.1325
97.487
97.4657
97.1596
96.3088
97.4448
98.1417
97.5235
97.3431
98.5935
99.2992
98.76
98.184
97.4013
97.235
98.9132
97.1363
96.5678
96.2292
95.7831
94.2916
95.558
93.8203
95.0398
95.1319
94.8397
93.4895
93.0111
93.2496
92.9074
93.1815
92.9363
92.1748
93.7216
94.4304
93.0584
92.5247
93.2456
93.0881
93.6844
93.6633
92.615
93.6305
92.2761
91.0059
88.887
88.564
89.9829
89.8579
89.0122
88.913
86.8833
86.2977
87.2256
88.5202
86.5566
88.1744
87.9876
88.0082
90.2735
89.94
89.0365
88.1983
87.2056
88.5193
87.9523
87.92
88.8456
88.8871
89.1168
90.1209
90.8443
90.761
91.2167
89.8711
90.2334
89.9107
89.3496
90.2732
91.4431
92.8125
92.8359
91.6686
91.5434
91.861
91.3614
94.5976
96.344
96.6348
96.7431
96.1446
95.2176
95.7961
96.8983
97.8013
97.0402
95.9744
95.7043
99.4735
97.5173
99.6759
99.2419
99.168
99.7146
101.669
102.417
103.853
101.89
103.35
102.277
103.142
103.934
104.952
105.083
107.014
108.494
109.645
108.656
107.05
106.549
106.152
107.379
108.291
107.936
106.813
107.447
106.276
105.869
107.616
107.148
106.982
105.318
104.585
104.647
104.625
104.824
104.393
105.474
106.459
107.601
108.136
109.179
108.409
108.671
109.738
111.864
112.148
113.567
113.201
112.657
112.947
113.712
114.734
113.198
114.195
113.99
113.32
113.426
112.795
113.44
112.262
109.154
110.707
112.177
113.041
112.675
111.631
112.405
111.547
112.269
111.611
110.113
111.471
113.012
113.53
112.349
114.74
116.302
114.506
115.283
117.591
120.235
121.22
121.781
121.53
120.337
118.476
117.834
118.887
118.618
118.708
116.726
118.45
119.22
120.528
121.27
120.499
123.167
123.972
122.834
125.711
124.904
126.112
126.553
123.388
124.131
122.008
123.027
122.092
122.05
120.751
121.814
122.395
124.049
124.404
124.012
122.153
122.979
122.25
121.832
120.486
120.782
