99.6707
98.0946
97.4348
96.9553
96.5566
99.5394
98.9661
100.552
98.5763
98.2266
97.4607
97.5952
98.0073
97.0632
96.0085
95.8736
96.2327
98.4484
96.4008
96.7828
96.1173
94.9967
96.2725
96.3134
98.2719
100.083
99.4325
99.3155
97.1196
98.1833
98.6418
99.9411
100.229
101.94
101.428
100.808
101.116
101.395
100.408
99.6582
99.6795
102.07
101.967
102.817
102.295
103.558
103.618
104.589
104.122
104.374
106.657
105.17
104.545
105.262
102.565
105.825
105.543
104.463
103.107
102.432
103.929
105.793
105.81
107.711
106.655
105.861
107.467
106.876
104.866
106.405
104.667
102.78
104.085
104.356
103.603
101.885
103.272
103.453
105.027
103.084
102.069
102.435
104.262
105.606
106.311
109.52
108.157
107.127
105.292
105.889
105.631
105.743
105.358
107.618
108.933
108.341
109.057
107.002
104.806
106.731
106.822
107.731
107.092
107.829
104.646
105.423
105.53
102.77
100.645
99.1086
97.9235
98.6575
99.5118
100.366
101.069
102.238
103.74
104.399
106.047
104.429
102.977
105.489
103.74
104.361
103.175
103.261
104.398
103.289
102.594
103.667
100.579
100.623
99.5332
98.7227
99.2905
98.2612
97.3546
97.0056
96.746
96.307
97.2413
98.0782
97.35
97.0164
96.5258
95.5606
95.6159
96.3098
96.2078
97.6985
99.8677
99.705
101.211
100.975
103.824
106.501
107.817
108.939
107.681
106.285
106.979
106.806
107.635
107.088
105.774
104.284
104.403
105.228
102.95
105.096
104.762
106.573
107.264
105.757
107.417
106.538
103.879
103.792
103.793
104.097
105.484
104.857
106.915
107.378
107.466
106.75
109.402
110.05
109.858
109.655
110.591
110.901
112.256
112.148
111.655
110.936
110.932
110.572
109.846
109.293
107.665
106.95
108.273
108.825
111.834
112.287
112.36
110.76
109.109
108.684
110.722
110.586
112.234
112.397
113.846
114.273
112.766
115.306
119.249
118.406
116.673
117.438
116.282
114.586
113.186
111.784
111.332
110.639
107.908
106.759
107.479
107.406
105.732
104.217
104.128
103.763
105.604
104.271
105.457
103.771
105.735
105.94
104.488
104.511
105.416
105.445
106.979
108.004
106.564
109.129
110.361
108.928
107.855
106.149
104.773
101.726
103.224
102.871
102.962
102.927
104.513
103.996
103.538
105.355
105.251
104.768
106.968
107.428
108.623
107.724
106.719
109.22
109.853
109.53
109.433
108.358
107.593
106.631
107.734
108.656
107.66
109.265
108.985
108.996
107.914
106.438
105.42
106.278
105.292
104.625
105.113
104.205
104.135
104.843
105.869
106.461
106.08
106.247
107.731
109.555
108.463
108.896
110.172
112.761
115.086
114.41
114.563
115.257
116.736
115.433
116.88
117.918
116.423
118.375
117.874
119.468
120.396
121.12
121.406
124.072
126.907
127.554
130.116
131.002
132.936
132.376
131.789
128.849
128.269
128.438
129.031
129.604
129.953
129.695
132.962
132.513
131.667
130.604
130.939
132.38
132.149
134.026
133.831
133.88
131.582
128.784
130.22
129.058
130.395
131.022
130.127
130.773
129.777
131.538
131.687
129.188
128.882
129.515
133.883
133.218
129.98
131.128
131.517
131.678
131.345
130.672
132.319
131.947
131.589
131.131
133.544
132.066
130.78
130.504
132.646
131.236
131.643
134.132
131.658
130.266
131.815
127.95
127.123
126.815
126.693
126.429
126.521
126.16
125.408
125.328
126.029
126.138
128.666
127.813
128.099
129.179
132.417
132.322
132.117
134.749
134.135
135.325
135.252
136.059
135.781
139.086
138.841
137.976
137.174
138.456
140.273
139.766
141.146
141.028
141.393
141.061
137.127
137.844
137.594
137.873
138.955
134.982
136.631
136.345
134.919
136.411
133.863
131.732
134.582
135.484
135.988
135.907
135.994
136.569
134.964
136.224
135.817
133.845
131.316
132.371
129.937
129.498
128.719
127.288
125.479
125.739
124.639
124.413
124.675
129.169
130.569
130.263
134.17
133.413
133.479
134.887
135.608
137.179
135.239
135.886
134.523
134.278
134.707
135.703
135.144
136.727
134.325
132.32
132.947
135.312
134.579
136.48
136.368
136.221
140.063
139.146
138.926
141.229
142.595
142.635
141.796
142.017
142.072
141.95
139.561
140.677
143.269
140.707
142.047
140.246
139.849
142.468
142.013
140.576
140.578
142.204
145.289
148.384
147.137
146.685
149.73
148.933
150.655
147.889
149.141
148.896
149.091
146.853
146.796
152.71
154.197
154.057
154.555
155.642
154.541
154.448
152.857
149.599
148.406
145.592
143.32
141.246
143.762
140.97
140.654
140.176
139.986
140.804
140.441
140.872
143.996
143.122
140.438
142.436
141.463
142.786
144.747
142.835
141.138
142.137
142.014
142.392
142.34
141.89
138.114
139.862
143.23
144.475
143.955
143.252
141.873
142.198
138.175
137.203
136.62
136.965
135.889
135.042
136.564
138.094
136.49
136.749
135.695
133.645
132.009
133.058
134.996
133.287
131.575
133.067
133.561
135.979
137.189
137.221
140.346
140.862
139.069
140.205
143.549
146.767
140.476
140.065
138.395
142.473
141.517
142.172
143.533
144.692
144.357
142.832
141.588
143.672
143.326
141.099
140.343
144.535
147.622
147.905
146.465
147.847
