100.006
98.0783
95.7864
96.3675
99.0666
99.647
99.3458
99.2312
98.2176
97.8405
95.5614
96.2412
95.3042
93.92
94.2316
91.9298
92.1347
92.582
90.3296
91.449
91.2097
90.0287
91.9898
90.1638
89.1726
88.7045
86.9103
86.9958
89.056
88.6677
89.0071
88.5023
87.8996
89.2857
89.7892
89.1874
89.8476
89.9801
90.1052
91.3512
89.8562
91.1802
89.3835
89.8903
88.8887
89.2943
89.5073
89.7429
90.4418
90.28
90.0883
91.37
91.7554
87.0978
86.3336
87.7617
88.2983
87.5468
89.1223
90.219
88.4774
86.9865
87.2741
87.1558
86.2074
84.8307
87.317
86.8776
87.3141
86.773
87.9041
86.86
88.568
88.8194
88.7357
86.4786
86.2872
86.9815
87.279
88.8906
91.2549
93.1711
91.8156
93.3617
96.0185
95.7169
95.1953
94.7288
95.4158
94.8772
96.2866
95.4375
94.1727
94.981
93.5017
93.0541
93.7752
93.659
93.0104
93.4158
92.3795
93.8586
94.635
92.2704
91.862
92.3998
92.5556
92.0085
92.4861
91.7366
93.0839
94.2759
95.0515
94.3705
95.591
95.3565
93.3859
94.6209
96.0812
96.2322
98.4184
95.8363
96.2048
96.8738
94.4126
95.3259
98.2398
97.9504
98.315
99.4585
99.9208
98.457
98.6249
99.417
98.0504
97.3407
95.9055
95.3912
95.2708
94.2601
93.1469
93.5398
94.7111
95.9105
95.1022
94.1639
95.0781
92.5426
90.9958
90.6072
92.3029
92.9583
91.4592
91.4473
90.9716
92.7053
93.899
93.8657
94.3884
95.117
95.4537
93.8023
96.0898
97.3617
97.4089
99.7
100.872
98.4437
98.1776
99.1533
100.29
101.532
101.207
100.625
100.324
100.35
99.3542
98.9446
98.9939
99.6882
100.768
101.536
101.325
102.162
99.4496
100.214
100.376
100.725
101.483
101.908
103.202
102.947
102.091
102.548
98.6398
97.0091
96.0587
95.2089
95.9553
94.6934
93.9221
94.6125
94.1036
94.1615
92.6388
93.5485
94.2201
95.5239
97.2069
95.8248
96.8538
96.2
96.2192
96.3301
96.0883
96.4554
96.2643
95.2207
96.0391
97.2719
98.3573
98.3561
98.605
96.5623
95.8805
95.237
94.4108
94.4104
93.9337
94.2355
91.9527
90.8261
90.5882
91.0197
88.9735
87.8542
88.9479
89.2754
91.5831
90.7286
91.4574
92.6807
91.9776
92.6749
92.0835
91.193
90.6215
90.574
89.6301
90.1068
88.0771
87.5375
86.4358
86.6266
86.7605
86.0861
83.7617
81.3486
81.8813
83.0046
81.1923
81.2177
80.881
80.1459
80.1482
80.6572
79.5132
79.5979
79.8203
80.5297
79.8805
80.2923
81.2941
83.2737
84.1936
85.0217
85.4902
86.121
88.5763
89.7661
90.0991
89.8703
90.6799
91.2526
91.3374
89.6626
88.4253
87.847
87.8795
88.2959
88.1314
88.918
90.714
92.0375
92.1994
91.0595
92.0873
92.2288
91.762
92.733
91.6163
93.2707
92.5579
93.9012
93.5895
89.9962
90.1929
90.921
92.361
92.4557
93.592
94.8712
94.6287
94.5797
95.3913
96.2088
97.4453
96.8656
94.4295
94.9118
94.9068
95.4529
95.2796
93.6117
93.7812
94.3803
94.8171
93.9469
93.6227
93.4171
96.1352
96.1509
94.0962
95.0431
93.8732
92.1862
91.0535
91.2545
91.3681
92.7495
92.6658
90.4892
91.2247
91.4416
90.3765
90.056
89.7151
89.9348
89.7664
89.4409
90.4563
88.9087
87.5479
90.1419
89.6212
88.4724
90.4737
90.3012
91.4314
91.3712
93.4252
94.4451
94.4526
93.9998
94.3139
94.6356
95.8232
94.9821
94.8506
93.6665
95.0231
95.0337
95.2505
93.4609
92.2735
90.8117
91.4462
93.6517
91.2595
92.1992
92.5772
93.6728
96.2219
96.3836
94.6181
94.6556
94.8678
95.2088
95.3919
96.0055
100.506
101.054
99.5484
98.5999
99.374
99.3028
97.134
98.3241
97.5261
96.7244
95.0579
95.9325
92.9925
93.2529
94.1574
92.3351
94.0424
92.1953
91.1044
90.7073
89.4868
90.4529
90.5259
88.2833
89.3663
88.9955
88.2569
89.0136
89.2256
88.116
87.9759
88.4213
86.9825
88.2199
88.5224
88.7966
87.5592
87.41
86.196
85.701
86.5311
88.9507
88.8019
87.4575
89.226
88.7965
87.0118
87.0281
87.0236
86.3758
84.8932
86.9005
85.9966
87.2174
85.7636
88.6259
86.6621
86.5202
88.9649
86.7217
87.2401
88.6184
88.903
87.8093
86.8346
87.3403
86.6074
83.5625
83.3846
82.1667
84.4689
85.0433
85.3662
84.7203
83.1738
82.7671
82.2783
82.6583
81.3562
82.1661
84.2431
83.9365
82.2767
82.9859
81.9149
81.4839
82.9378
84.9266
85.1159
84.5321
83.9842
83.5513
84.0235
83.8422
84.6469
86.1168
87.7878
88.1018
89.1999
91.4174
92.9948
91.8633
91.1575
91.5518
93.4038
95.235
96.668
98.7442
96.2126
97.76
99.468
98.3955
98.9104
98.1732
98.1282
96.253
97.1792
97.4663
97.214
99.2956
100.301
99.0443
96.8987
98.6394
100.425
100.044
100.728
100.015
100.891
101.87
100.02
100.487
101.062
100.905
98.9965
99.6172
98.6754
97.4372
99.1369
97.8061
97.9329
97.4845
96.4205
94.9137
94.4366
95.5162
94.728
94.1635
95.8412
95.5986
93.3528
95.1184
95.9143
95.6193
96.4272
96.3954
97.8111
97.3852
94.6478
93.0393
93.6569
93.9031
93.3826
93.3326
92.046
92.8461
93.6933
94.0291
93.3184
93.8139
96.351
97.3082
95.9118
97.8884
98.4674
98.5364
99.2567
98.0736
98.8041
96.9167
96.2774
97.3829
99.7483
102.026
101.869
102.647
103.954
104.284
105.597
105.81
105.159
105.894
107.892
105.069
104.543
105.466
107.66
107.544
107.854
107.34
107.601
108.011
108.93
111.727
112.073
110.366
110.673
111.444
110.897
109.51
