101.259
102.989
102.298
100.084
100.238
98.9291
98.5518
100.481
101.676
100.851
100.71
99.9683
99.6553
100.914
99.2832
97.9486
98.1614
100.591
100.619
100.494
101.083
101.548
102.026
102.593
100.968
99.2873
99.355
99.3054
97.7252
96.3186
95.3236
96.5662
97.79
97.514
99.0617
97.0297
96.0396
97.489
96.5493
97.1499
97.0212
96.8357
94.6945
94.4228
94.9152
94.3584
92.4677
92.7861
93.4345
91.7284
89.3509
90.9508
91.7472
93.0011
91.2733
93.4958
92.1088
90.9308
92.0187
88.5349
88.7633
88.9561
88.535
87.6824
87.7802
86.7955
86.5204
85.5762
85.216
84.8056
86.1933
87.6761
86.8054
84.9009
84.8871
84.0733
84.1434
83.8469
84.2785
85.734
84.4388
87.5254
87.1879
86.7796
87.6652
87.7387
85.6511
84.9563
85.7069
86.9619
88.1484
87.4602
87.4392
88.2525
88.8681
91.388
90.3216
91.1802
90.7662
90.3637
90.6668
92.1813
91.9272
92.2824
92.5153
93.0496
90.8965
90.3132
89.6072
90.0699
89.3931
87.5756
86.7337
86.9617
86.963
86.5814
87.4251
87.0282
88.3325
88.0756
86.5394
86.0649
86.278
84.5097
84.632
84.7265
83.2374
81.9312
81.3016
81.2181
79.9978
79.8039
80.1944
79.0327
77.7724
78.9515
78.2812
78.8157
78.9881
78.7346
78.072
80.2791
81.4484
84.0957
83.8648
84.1359
82.7968
82.0316
81.2421
81.8463
81.9938
81.0899
82.4966
80.1608
82.5987
84.1406
82.959
84.2226
84.0316
84.5367
82.8535
82.8574
83.017
83.5665
84.1628
85.824
84.7753
84.1947
83.7315
82.7293
81.1957
80.2479
78.9977
78.0212
78.425
77.0188
77.2024
76.6473
75.7703
75.1817
75.6864
75.2041
74.0674
74.8098
75.4769
73.9429
72.7035
72.1085
70.5099
71.4679
70.1241
68.717
69.5187
69.1651
69.7944
69.4135
70.1385
70.3187
70.926
70.5165
69.3357
70.3752
70.811
69.6413
68.284
69.7204
67.8237
66.9948
66.6188
67.5889
68.6748
67.2819
66.7734
66.7869
65.4399
66.0709
65.0052
65.0421
64.822
65.2644
64.7097
64.7093
63.947
63.8216
64.2003
62.7346
64.169
64.1378
63.408
63.7364
63.6085
62.1641
61.9036
61.2528
61.3444
62.5018
61.9606
62.5363
62.2348
62.8888
61.6783
62.344
63.1876
64.4275
64.4081
64.0781
63.7187
62.9511
62.5159
63.7739
64.4306
64.2012
63.964
63.7682
64.8106
66.8768
67.0916
67.9443
67.82
68.0794
68.181
69.6781
68.9503
68.6108
68.0154
66.4532
66.8186
67.1491
65.9985
65.645
65.9958
65.885
65.5387
66.0644
65.7305
66.0167
64.6195
64.7737
64.7961
64.7334
65.5912
65.4273
66.0811
65.3163
64.0967
64.3233
63.1718
62.907
62.7192
63.2096
62.1886
62.0921
61.3368
60.5332
61.057
61.8958
62.5815
63.4339
63.286
64.1154
64.8886
65.0705
65.7054
66.8639
66.5257
66.1666
65.146
66.5653
66.1528
66.4888
66.5766
67.894
68.6506
70.2079
70.5518
70.9417
70.3158
70.166
69.5132
69.1527
68.8126
68.5477
68.4015
67.3904
67.7486
67.0995
67.2248
67.2412
65.2648
66.0733
65.5394
65.5722
64.4936
65.6812
65.7135
64.9721
66.2396
65.2689
66.2563
65.4018
64.6671
64.7996
65.3782
64.7767
65.1037
65.9054
64.1194
64.5574
65.4281
66.9636
66.9392
66.7411
65.9209
65.7133
64.7955
65.4646
65.3538
65.7458
65.2901
66.6333
66.6224
66.5136
65.355
66.3984
65.461
66.6476
66.2698
66.7176
66.7777
66.8232
66.9642
67.8004
67.7017
67.6714
67.6496
67.3133
67.9306
67.5023
68.356
68.6636
69.0495
68.6388
67.8752
67.6285
67.2592
67.4973
68.3122
68.6538
69.226
67.9407
68.1212
68.7173
69.3239
68.9959
68.624
68.5689
67.9708
66.0178
65.4372
63.6747
63.6533
63.0276
64.3099
63.3755
63.6727
62.8564
63.635
64.4671
64.9179
64.1877
66.1352
66.7452
69.1029
67.908
68.1929
67.8079
67.7283
68.1913
69.3508
69.4928
70.8315
72.7054
71.2391
70.1881
70.3295
70.6942
71.0908
70.7036
71.232
71.7806
72.0279
72.3113
72.8361
72.5988
71.9155
73.214
73.4779
74.0736
74.2328
72.9889
75.5127
74.5745
75.4177
74.4992
73.5961
72.8029
72.2136
71.3288
70.7636
69.4853
68.7072
67.3428
67.1011
66.8012
66.6098
66.5365
66.7579
66.3058
66.0323
65.786
66.7685
66.1546
65.8491
67.1467
66.3105
67.0151
66.2089
67.0005
68.3919
68.1006
68.8648
69.9166
70.5257
71.1395
70.6659
71.9352
73.5866
74.9823
75.6191
76.0055
75.1993
75.3288
75.623
76.3545
75.8761
75.7237
75.8473
76.1281
76.0231
76.4442
78.0629
79.8659
79.3565
78.1048
78.4662
75.8193
75.5136
74.4085
74.8922
74.694
74.3591
74.2423
76.3598
77.2125
78.3181
78.4639
78.5955
79.8778
79.7469
81.0695
80.0522
80.7189
79.8472
80.3864
82.8634
82.7929
84.9242
85.5124
85.9558
87.3964
87.2599
87.4589
86.6658
86.3296
86.6576
87.2549
87.8336
86.224
86.8408
86.5233
86.816
87.7679
88.1989
87.7006
88.0919
85.6016
85.8947
86.6001
84.858
83.9828
83.9794
81.7214
81.7911
82.6399
81.1582
81.1669
79.1156
80.5151
81.7786
79.923
79.4863
77.694
77.0127
77.3873
77.4046
79.4183
78.399
78.9633
79.4409
79.8706
78.3029
78.1714
77.345
78.2224
79.1991
80.0241
81.2662
80.0617
79.8979
81.571
80.6174
80.23
79.2293
80.2187
80.6145
80.3729
79.5515
79.5009
79.2835
79.2961
79.8541
81.5032
81.464
79.5792
79.3891
78.8272
78.1728
78.929
78.9427
79.1857
79.9974
79.2047
78.4827
77.9844
75.9207
77.995
77.4597
76.6279
76.8597
76.7489
