100.062
98.7371
94.768
95.4825
94.5107
95.1753
94.2445
94.1112
94.5699
91.9568
92.6525
93.8557
96.5914
96.4794
96.887
97.8414
97.1158
97.7735
99.2546
97.6498
97.5884
97.2141
97.6848
97.0313
97.0418
97.899
95.5077
95.014
93.3331
93.8665
93.3132
92.5014
92.2225
91.4201
90.1151
89.2486
89.2991
90.1064
90.2462
90.3237
88.3432
89.9538
88.7735
87.305
88.2982
87.3649
86.4256
87.6625
88.6091
87.7426
87.6204
87.5316
88.0476
88.3783
87.9307
88.5829
88.5525
85.9184
86.462
85.3163
85.3668
86.4548
86.8446
86.0737
85.7373
86.009
85.2785
84.6553
84.8932
85.8689
85.4889
87.273
85.2385
85.1922
85.1745
85.5791
87.1327
87.6233
88.2166
88.2433
88.1383
87.5911
88.1661
88.0553
87.4705
87.471
83.5542
85.1099
85.4111
84.4912
86.6424
86.7869
88.0722
87.2876
86.3333
87.3887
86.4988
83.9399
85.4999
84.9826
83.9752
83.681
84.0099
83.2647
85.4364
85.7127
85.2398
85.7312
85.1619
85.756
86.3356
86.6992
87.0742
86.9097
89.7539
88.4625
91.472
93.0776
94.663
95.0771
96.9944
97.1617
97.421
96.2606
96.961
96.4793
97.6523
96.2511
96.5401
96.262
96.0612
94.863
95.0316
95.3382
95.9894
94.659
95.6647
94.32
93.2951
92.4689
91.0127
90.9571
89.7507
91.0943
92.8255
94.5993
95.5233
94.0629
95.8006
95.081
97.3065
95.4894
96.2534
96.0137
93.754
94.1294
94.6682
94.6234
94.5223
92.5781
93.8398
94.3021
94.3112
94.5496
93.0857
95.8683
97.6974
98.0138
96.5104
95.515
95.4545
94.7111
91.9646
92.2877
93.309
92.9713
94.4175
94.2169
94.0423
95.3276
96.1935
95.9
94.9303
95.8575
98.7552
98.3946
100.009
98.9074
98.9814
98.4965
98.9015
99.4194
99.7941
99.7415
99.3463
100.469
101.783
101.643
100.329
101.053
100.165
100.981
101.196
101.741
101.843
102.57
102.516
101.716
102.743
102.18
101.682
102.723
103.167
103.612
105.03
103.447
103.786
107.091
105.527
105.567
104.955
104.623
102.433
99.705
98.5162
99.7774
99.7012
99.6897
99.1683
97.9936
97.602
96.8551
96.6059
96.1909
95.1595
92.9965
93.3091
93.4455
94.3498
94.635
94.5961
93.7837
93.4108
93.9403
93.19
93.3812
91.6987
92.5117
93.1826
95.2969
95.5684
95.8857
96.8182
97.43
97.4123
98.8693
97.2806
97.9542
98.095
97.3461
97.4114
98.8093
98.6698
98.4514
98.1682
97.3078
97.2891
95.4887
96.7942
96.6777
98.4728
98.3668
98.9048
99.9132
101.294
100.259
101.153
101.541
103.412
102.038
103.816
101.742
103.789
104.455
104.818
105.606
104.782
105.205
104.433
107.515
105.808
105.062
106.102
103.939
102.888
102.944
101.6
101.097
102.566
104.828
103.388
103.451
103.266
100.699
101.131
101.835
102.593
105.51
105.271
102.866
105.349
104.046
100.76
100.547
100.501
102.115
102.175
102.592
100.102
98.3205
99.8208
101.94
104.259
105.72
106.417
104.326
103.082
104.414
105.099
107.879
107.088
106.815
105.386
104.13
103.228
101.475
102.718
104.396
103.682
103.533
100.061
99.2416
99.6435
100.33
103.542
103.422
103.526
104.881
102.814
103.615
105.073
104.088
103.095
100.387
99.2344
98.1092
97.2389
97.5846
95.9284
96.8974
98.1354
100.047
100.197
99.3636
99.0554
98.5827
98.2753
99.8071
97.7716
99.3949
98.879
98.765
98.5644
98.2036
97.9684
100.515
100.844
99.2781
98.0837
98.1786
99.2558
98.9054
99.3474
100.108
100.874
100.335
102.845
101.71
98.4139
96.4505
94.9903
94.3653
96.4009
95.3972
95.4017
94.2693
95.1915
95.1542
93.3547
93.0555
92.6183
92.2504
93.1044
93.2422
93.1852
93.9782
93.184
93.006
93.1362
92.9879
93.4382
94.6646
96.0902
96.5896
98.8742
100.924
100.798
102.092
99.6523
101.064
99.8902
99.5403
97.7857
98.5522
97.9724
94.9261
97.7742
98.5551
99.3002
98.9924
98.8034
99.2524
99.4252
99.8996
101.263
98.8944
97.4174
98.4155
99.334
97.9295
96.8826
97.4338
98.2124
95.8435
97.3167
97.2685
94.5751
93.9615
94.8559
97.2415
97.5139
95.9458
95.6251
93.8951
93.88
91.7329
90.6416
89.3435
90.3771
90.5497
90.4723
90.9797
90.1164
89.824
87.9649
86.8904
88.3278
86.7011
85.5661
84.6634
83.4571
83.1315
82.0291
82.5056
83.712
83.6806
83.8876
83.5434
84.8702
85.1911
84.2008
83.3295
83.5075
84.8455
85.3169
85.1911
84.6728
84.5023
85.197
85.3015
86.2987
84.7567
83.3756
84.4889
84.1449
83.4106
81.4931
80.5338
80.6644
80.666
80.4339
80.2385
80.288
79.8364
78.5123
79.0059
77.8894
76.6614
77.661
77.043
77.9242
77.2308
76.0807
76.2661
76.3843
77.6319
76.9583
77.8573
76.9296
75.4774
75.2462
75.6339
74.8135
75.8464
76.5088
76.0849
75.6572
76.2051
76.3287
77.061
76.0532
76.6486
74.5546
74.5192
75.2258
75.2737
75.622
74.9933
76.1861
75.237
74.1486
73.8867
73.5006
73.7872
74.2873
73.8309
75.5125
75.9366
75.904
75.7614
74.9449
73.7569
73.142
73.3483
74.2932
75.3
75.6265
75.246
75.9279
75.4564
74.27
74.1727
73.036
75.0879
74.0971
75.7621
75.4431
75.9739
76.5172
77.5556
77.353
78.2013
80.1662
80.2972
79.9493
79.2418
79.2131
80.222
81.7082
82.2245
83.1708
81.5541
79.6558
81.0261
79.6832
80.7491
82.7047
83.8004
85.3545
85.0874
84.9697
84.5681
86.6435
87.3936
87.9286
88.0898
87.9402
89.6389
90.3593
90.7162
