100.635
98.7292
99.44
96.9927
96.3573
97.9795
99.4715
97.9982
99.2078
97.9707
98.9387
100.269
100.967
100.132
100.811
102.086
103.45
102.721
101.611
101.031
101.742
103.811
103.593
106.026
106.959
107.722
107.533
109.601
108.762
105.614
107.378
107.924
105.766
106.288
108.489
107.833
107.52
106.204
106.831
106.45
106.025
105.656
106.099
104.145
104.702
104.056
104.2
102.441
101.08
99.8962
102.261
103.168
105.339
105.161
106.952
105.179
104.151
104.846
105.001
104.614
102.618
102.269
102.856
103.155
104.439
107.767
109.176
108.271
108.102
110.919
114.038
113.137
113.85
111.761
111.929
111.246
111.518
112.228
113.266
112.108
110.049
109.606
111.398
111.82
111.872
113.174
112.623
110.737
113.465
112.673
114.007
112.196
111.669
113.229
115.943
114.734
115.465
114.71
115.343
117.035
120.563
121.73
121.236
121.57
121.777
119.319
118.858
119.727
115.189
111.936
108.688
109.601
109.721
109.086
109.829
112.555
110.684
109.967
111.242
113.157
113.159
113.157
112.997
113.704
113.092
114.952
114.544
117.904
119.343
123.712
123.198
124.163
124.93
126.094
126.795
130.879
130.608
130.645
129.591
130.027
129.516
129.951
130.22
126.495
128.689
128.791
130.461
125.92
126.422
126.136
125.25
124.008
122.375
123.953
122.749
125.528
126.984
124.536
125.924
126.137
126.594
126.166
125.933
127.213
128.511
128.784
129.029
130.178
129.494
126.292
125.256
124.582
125.934
124.255
123.492
124.971
128.036
129.929
130.083
129.233
127.614
128.706
129.486
127.918
129.704
129.849
127.827
127.611
125.563
125.122
127.121
127.775
128.483
128.726
127.959
127.082
126.719
127.439
126.947
127.755
126.833
128.334
128.773
128.902
130.308
130.387
129.159
127.612
126.809
126.513
129.227
130.15
130.996
128.448
127.097
126.722
127.704
128.523
126.621
126.225
122.995
121.393
120.74
120.872
120.653
119.025
116.849
116.036
115.506
115.334
115.136
117.576
116.533
117.804
117.623
118.413
118.171
117.83
112.423
112.31
112.722
110.015
111.18
112.123
111.73
114.161
115.516
117.619
115.261
113.881
112.678
113.31
114.697
111.336
110.475
112.336
111.639
110.407
110.878
111.77
111.38
113.814
112.229
112.022
112.397
114.106
114.123
114.86
112.498
113.029
113.515
113.95
113.821
113.548
110.955
112.268
110.887
108.92
106.8
107.513
108.527
110.249
107.472
106.151
107.131
106.232
106.881
108.989
110.387
110.149
108.718
109.304
107.708
106.158
107.442
107.855
107.891
107.761
106.306
107.251
106.186
103.432
106.11
105.327
106.213
104.185
104.879
105.648
106.261
105.291
106.113
107.788
106.791
108.732
107.818
108.318
108.778
106.794
106.086
107.001
105.714
106.118
105.155
105.476
107.751
106.467
105.477
106.135
106.519
108.532
109.392
108.923
107.278
106.61
106.166
105.233
105.418
105.25
105.785
105.981
109.089
109.17
111.275
109.941
111.09
112.947
113.545
113.123
115.293
114.843
113.601
116.423
115.942
118.771
118.504
118.824
118.43
118.039
118.508
117.495
118.432
115.495
113.069
111.381
111.949
112.277
111.913
113.458
112.059
113.776
114.113
115.322
114.76
113.889
113.126
111.729
111.978
111.617
110.791
111.223
110.515
110.376
110.819
112.3
113.119
113.604
112.653
109.146
108.63
109.052
108.225
109.91
108.47
107.894
106.205
107.512
108.478
109.071
111.084
112.305
113.021
111.736
110.908
109.583
108.173
106.38
107.355
108.003
105.756
105.368
106.586
104.982
107.041
107.911
107.134
108.595
108.471
107.604
107.295
108.114
107.995
108.443
107.877
108.261
109.164
110.197
109.858
107.736
108.224
106.447
105.625
102.377
102.863
103.257
105.117
106.239
109.18
107.602
106.442
107.981
108.068
109.928
106.668
104.917
103.704
101.919
103.664
103.296
103.576
101.688
98.7637
98.8108
98.3794
97.5832
97.0989
96.718
96.1102
96.5514
95.4792
94.9776
95.291
95.1596
94.3675
95.7059
95.8761
97.3074
97.2058
99.0842
98.4159
99.8037
99.2311
100.386
100.333
101.567
101.53
100.532
100.308
99.9445
99.2699
97.6261
98.4933
97.3328
96.9864
96.267
95.921
95.011
95.0788
95.4105
95.9525
96.5678
97.6176
96.2489
94.9026
93.8116
93.4471
92.8856
92.8036
93.8586
92.456
92.7953
90.835
91.3589
92.1296
92.4346
92.5033
92.7332
93.8882
94.9588
95.6049
95.59
94.0994
94.4261
97.8615
97.6141
97.8719
98.9379
101.522
102.084
101.969
103.097
101.753
103.807
102.513
102.818
103.273
102.522
100.894
100.275
101.218
101.286
101.519
102.077
100.92
102.683
102.031
101.305
101.125
102.067
104.158
104.661
103.842
104.899
104.305
105.609
105.398
102.964
100.074
100.741
97.7286
96.4297
97.0512
97.0033
98.318
98.5812
99.9023
100.239
99.9903
99.6153
99.199
98.4119
97.7626
97.6998
98.2822
99.5143
100.131
100.732
99.358
99.0254
101.081
99.8227
100.237
102.794
103.411
104.576
103.59
104.712
105.013
104.608
102.949
103.746
104.134
106.938
106.381
106.999
106.951
106.438
107.467
108.74
108.858
106.249
106.69
106.479
105.898
105.893
105.949
104.949
105.306
103.607
103.521
103.079
