99.7356
99.3286
100.641
101.237
102.338
102.41
103.731
101.158
101.054
103.389
102.931
102.435
101.744
103.209
104.83
106.495
106.014
108.01
106.482
105.705
105.6
106.387
105.547
106.78
109.241
107.143
107.448
107.82
110.058
111.042
111.482
109.653
106.884
108.578
107.763
106.757
106.667
105.038
103.672
102.628
102.66
101.465
99.4761
101.088
102.748
102.027
103.785
102.861
104.037
103.083
102.885
102.444
102.372
102.529
104.754
103.473
102.938
99.9718
98.9943
98.4912
97.2168
98.8419
98.1523
100.942
98.9954
98.2283
98.1308
96.7392
96.2092
96.4243
96.0071
96.8198
94.6055
94.4162
93.759
93.77
92.3996
91.7212
90.0949
90.2943
90.0718
89.8682
89.9457
90.7696
91.876
92.8218
92.1081
91.844
93.4464
94.3929
93.273
93.7897
96.5225
94.8514
93.7876
93.5641
92.0037
93.0064
92.6786
92.4591
92.5745
92.5804
92.6472
93.1156
93.2393
93.4596
94.5643
96.0355
93.5799
91.6959
93.3658
92.2515
92.0826
91.5244
92.079
92.519
93.5632
95.3315
94.896
95.0747
93.3824
94.7326
93.5103
92.508
91.7319
93.8433
94.1987
94.1404
96.5107
95.5098
96.0444
96.8997
96.8797
98.4206
98.2878
96.9942
96.638
96.1815
97.093
99.5158
99.8086
101.28
101.429
102.388
105.19
106.607
107.354
108.33
110.131
108.601
109.504
108.805
107.036
107.122
107.992
105.481
105.403
105.086
104.218
104.031
101.923
99.864
98.3658
99.1993
100.047
102.027
103.112
103.353
101.028
101.027
100.628
98.943
100.012
100.006
100.074
100.302
100.28
101
100.336
97.1824
98.576
96.974
96.8475
97.3686
96.1375
95.5799
96.1454
97.3888
96.8336
96.7611
98.1308
98.3543
98.7195
98.24
96.72
98.0963
96.1738
94.8473
94.5564
93.8447
96.1204
95.0729
93.6531
95.313
94.9476
96.6786
97.2643
96.8912
97.32
96.1044
97.8271
96.9988
97.6844
96.4292
97.5257
98.8851
98.1379
96.9002
94.9353
97.6999
97.3814
98.1137
96.8347
96.6288
96.9766
95.3914
95.0515
95.5326
93.8305
94.402
93.4772
91.9911
92.2822
91.9786
92.2144
93.1449
92.4476
93.3052
93.5983
93.0085
92.3362
93.2621
92.6221
92.6952
92.2981
93.3551
93.4235
91.5536
92.3467
92.2648
92.38
92.7443
92.3564
92.317
91.9471
91.5469
92.0673
93.2639
94.6351
95.0911
95.6239
95.9615
97.2817
96.3752
95.8194
95.1819
97.3992
98.1157
99.9047
98.1141
96.6177
96.7741
98.1274
99.5671
99.0918
97.7338
98.9356
99.5782
100.457
99.5262
99.1417
99.7706
97.8219
99.0939
98.6954
97.249
95.8524
95.5291
95.217
95.2978
95.7818
94.9665
95.2304
93.7711
93.5182
93.3219
94.27
95.1584
95.87
95.3671
97.1372
95.6461
97.1896
95.7331
96.0871
95.9442
98.0015
98.4674
98.0305
98.2133
99.3962
101.569
102.149
103.51
102.534
101.801
101.421
100.283
102.297
100.701
102.73
102.152
102.55
102.687
102.859
104.702
105.049
104.946
104.221
102.229
101.735
100.405
101.502
102.569
104.58
105.501
106.781
106.394
106.364
106.792
107.411
107.859
106.101
106.785
108.079
106.733
107.335
107.964
105.558
105.188
105.278
104.823
104.854
104.07
103.858
102.142
104.481
105.26
101.697
103.616
102.568
101.249
102.975
102.321
101.003
99.1135
97.7611
97.7535
98.3816
97.1963
97.2618
95.9707
95.967
95.785
96.2387
96.9474
98.3856
96.0111
96.6679
96.5982
97.1399
98.0224
99.9561
99.709
98.9854
99.2337
100.974
99.0079
98.6757
96.1168
96.9215
98.1885
97.9271
96.5351
95.7787
95.6715
96.8688
96.4003
96.3858
96.268
97.9324
99.0704
98.7007
97.3765
98.2555
97.3956
95.9565
96.3662
98.8469
99.1554
101.439
101.293
101.101
102.8
102.442
102.836
101.253
101.238
100.445
100.62
101.045
101.86
102.374
102.774
101.492
101.381
100.318
99.8813
100.811
100.568
101.217
102.632
100.484
100.123
100.66
100.659
99.4788
99.6221
99.6596
98.9347
100.289
99.715
101.403
101.138
100.314
97.9311
97.6522
97.1642
97.0333
98.8472
99.4974
100.313
100.571
101.674
100.4
99.3076
99.3857
100.014
98.1778
98.8929
100.044
100.007
101.564
102.742
102.507
101.097
101.029
99.6866
98.4318
99.2389
97.3193
99.3405
100.104
100.89
102.406
103.438
103.203
103.781
105.114
105.808
103.217
103.97
104.552
104.873
106.27
104.58
104.502
105.019
105.258
106.542
106.564
107.956
109.594
107.233
106.165
107.581
109.181
110.124
110.91
110.073
112.952
113.991
115.843
114.446
114.11
115.934
113.998
113.624
114.981
114.425
112.924
111.748
111.393
112.172
110.284
111.087
110.751
109.855
110.309
112.45
113.059
114.974
114.301
116.242
115.6
113.114
112.863
111.402
113.339
115.533
116.271
115.731
116.569
114.998
114.977
113.758
114.239
115.241
116.874
116.886
117.364
117.587
117.367
119.806
121.368
123.692
127.513
125.706
126.262
128.091
127.715
129.15
129.418
127.344
129.003
128.838
129.059
124.709
123.583
122.196
123.045
123.314
124.437
127.953
129.053
126.876
123.64
123.129
124.659
125.199
124.482
125.946
128.069
126.78
129.264
129.209
130.457
131.433
129.447
130.535
131.482
131.494
132.677
130.935
131.545
130.477
129.578
128.087
127.976
129.506
131.919
132.222
130.897
131.484
131.034
128.673
130.17
129.333
130.143
134.38
