99.9875
98.0053
96.7691
96.8952
97.4417
97.6506
98.543
98.9886
99.4065
98.8635
99.7394
100.388
100.171
100.18
100.346
100.111
100.508
103.177
103.93
105.001
106.661
105.842
106.806
107.283
108.318
109.045
110.021
110.724
112.654
112.888
114.208
113.896
112.651
113.831
113.64
115.187
116.311
117.845
121.553
120.516
120.401
119.055
119.186
117.258
120.071
118.906
119.645
120.493
120.586
124.432
122.79
120.842
121.142
119.761
121.235
120.586
121.198
122.237
120.222
119.91
117.491
119.779
120.392
123.241
123.92
124.476
122.277
125.039
125.529
122.773
120.338
119.818
118.52
119.625
117.643
119.694
116.582
119.17
119.64
119.401
121.679
120.201
120.884
120.786
117.582
115.831
115.893
114.264
115.998
116.975
116.957
115.052
116.098
116.029
116.743
119.147
120.999
124.386
122.526
118.393
116.505
117.567
115.471
115.394
115.083
115.276
114.78
114.581
114.108
116.668
119.31
118.66
121.269
119.939
120.038
118.665
117.695
116.16
118.691
116.971
114.627
116.025
116.94
118.714
118.763
118.086
117.758
115.444
114.617
114.582
112.935
114.969
115.166
115.85
115.136
119.033
118.888
121.147
121.53
120.623
120.79
120.713
120.597
119.956
122.287
121.122
121.949
122.503
121.919
124.375
125.793
123.464
125.181
126.96
125.449
125.218
126.709
126.226
125.746
126.652
124.321
122.026
121.144
119.578
118.453
120.351
121.73
122.242
123.421
124.848
122.61
121.808
120.999
119.605
120.469
120.161
118.39
119.46
118.895
118.706
119.704
121.248
119.466
119.637
117.9
117.234
117.402
118.927
118.492
119.458
121.833
120.303
119.947
118.413
116.066
114.078
113.229
115.712
116.805
116.538
117.143
118.473
122.356
122.339
120.933
122.465
121.107
125.505
126.654
124.924
125.461
125.944
125.879
127.588
126.835
122.944
120.398
119.355
120.832
119.889
117.559
120.311
119.684
122.953
121.438
122.601
124.361
125.434
127.113
129.852
128.567
129.056
129.579
131.786
130.847
133.978
136.897
138.186
136.936
134.826
133.62
133.249
132.043
132.544
133.854
134.46
135.264
137.484
138.286
137.758
135.611
131.811
133.285
134.505
132.301
134.248
136.909
137.222
136.575
136.656
134.462
134.493
134.017
134.15
131.196
130.941
129.8
131.079
132.48
131.457
131.508
132.626
132.844
133.052
133.641
133.245
131.465
131.079
129.734
129.013
131.205
133.111
131.348
129.556
130.135
128.316
126.558
127.773
128.8
128.01
127.132
125.844
125.278
125.149
124.662
126.961
128.413
132.258
128.583
131.032
132.02
129.93
129.723
129.845
132.084
136.251
135.63
134.379
134.587
135.033
137.309
138.007
137.972
138.309
138.535
139.035
140.354
142.704
140.692
140.949
138.414
141.368
141.559
142.928
144.781
143.632
143.843
143.482
144.371
144.184
145.244
145.77
145.911
146.056
146.339
147.671
148.124
140.531
138.841
139.279
138.574
139.165
139.908
137.882
140.258
140.439
139.843
141.716
140.078
139.398
138.092
138.322
135.773
135.071
135.597
132.026
130.846
129.402
129.206
127.818
127.959
127.76
124.48
122.143
119.854
118.028
118.54
118.842
117.732
118.888
117.016
116.912
117.127
115.906
118.296
117.213
116.622
115.199
115.928
117.394
115.035
115.624
116.346
116.296
116.532
114.584
114.702
117.232
116.297
119.122
117.22
117.845
119.567
121.575
121.489
123.897
123.607
124.724
125.804
124.274
121.568
121.847
121.257
120.107
120.303
119.981
120.885
119.619
120.907
119.196
118.471
120.89
122.778
122.455
121.908
121.949
123.947
123.266
124.371
126.215
126.189
125.824
126.978
128.546
128.604
126.9
127.507
126.669
126.081
128.934
131.525
131.686
129.956
128.777
127.194
123.16
121.153
121.796
121.339
119.974
120.431
122.499
121.585
121.233
121.9
120.616
119.987
117.956
118.255
117.414
115.509
117.111
117.307
116.274
117.032
116.136
114.313
116.169
112.724
112.351
112.193
111.995
110.369
109.78
110.935
109.047
108.146
108.317
109.032
109.057
107.967
107.278
109.052
108.242
110.229
107.734
110.212
111.234
112.821
115.133
113.532
113.252
113.813
113.671
113.546
112.089
113.738
114.551
113.401
113.402
114.834
117.533
115.965
117.158
115.388
114.303
115.644
116.919
115.578
113.256
114.383
116.756
117.706
118.195
118.952
120.01
120.457
120.539
121.469
120.597
118.46
117.485
121.644
119.527
118.803
117.778
116.589
117.573
118.684
119.421
119.351
120.242
118.781
118.398
117.684
120.982
118.289
120.995
123.619
126.931
130.334
131.228
130.637
131.777
133.019
131.863
133.77
134.005
135.112
135.017
131.156
133.15
132.456
131.208
130.355
130.89
129.182
129.024
127.41
127.723
130.43
132.597
131.482
130.902
130.834
130.699
133.057
132.894
135.265
134.554
129.723
131.081
131.206
134.014
133.333
133.943
133.363
135.99
133.714
132.649
132.971
134.355
131.408
130.104
130.951
128.912
128.031
125.131
125.202
125.736
125.799
127.305
127.06
128.416
127.94
126.181
127.355
126.67
125.684
127.354
127.447
126.686
126.939
124.932
126.046
126.459
128.368
128.171
129.167
129.015
