100.737
99.9149
99.4794
100.199
99.6101
99.7711
99.7429
98.8352
97.6364
96.4814
97.2234
97.7214
98.1045
99.2406
98.7981
99.8401
99.9699
99.6631
98.6821
96.1609
96.7603
98.4031
97.9988
99.0641
97.3722
98.8059
99.5794
98.6338
100.624
101.242
99.458
100.726
101.656
101.898
102.521
103.969
104.591
103.626
105.012
102.78
103.348
101.158
104.002
106.302
106.067
107.663
108.284
109.288
110.89
111.327
112.069
111.251
113.355
111.724
112.964
112.702
112.296
113.118
115.349
115.472
114.013
116.216
116.557
114.867
115.856
117.247
116.534
117.994
119.487
118.635
118.141
121.233
122.356
121.177
123.303
122.552
121.01
120.731
121.9
122.21
119.894
118.731
119.993
121.211
122.13
124.376
123.169
122.898
122.389
123.399
122.637
122.239
122.437
124.823
126.52
126.257
126.842
127.557
127.079
124.426
125.315
125.114
126.813
126.71
127.903
126.692
124.597
124.328
126.058
126.906
127.37
127.838
126.046
127.316
127.464
129.05
128.727
132.225
133.41
133.199
132.16
135.046
133.937
134.592
132.311
130.938
131.581
133.391
136.275
136.89
134.604
133.408
134.081
134.437
135.032
133.715
134.859
134.78
133.182
132.917
130.516
130.416
129.411
128.338
126.264
129.061
129.359
129.407
129.769
127.884
128.258
132.314
133.503
131.416
130.757
131.67
131.671
130.425
131.098
131.806
131.96
129.93
128.174
128.472
128.554
131.153
131.939
133.733
136.359
136.814
134.522
130.051
130.059
129.292
131.49
133.441
135.098
138.549
136.811
136.89
138.462
139.665
138.926
138.095
141.879
143.147
142.363
146.131
144.849
144.863
143.447
142.873
142.422
141.159
141.934
142.203
143.388
142.465
138.872
138.252
137.954
136.725
136.713
136.9
138.381
138.791
138.496
139.262
137.173
137.528
136.686
136.266
136.289
140.029
138.443
140.582
140.089
139.217
138.372
138.438
137.551
136.825
134.306
136.988
135.918
136.807
134.931
134.192
137.128
136.549
137.297
136.796
136.016
133.174
134.933
134.71
132.631
134.702
135.131
135.507
133.402
131.479
135.239
132.922
130.903
128.744
127.69
128.465
126.038
125.049
126.567
126.816
125.214
124.714
127.506
128.474
124.862
126.236
125.64
125.474
124.453
125.788
122.837
123.375
122.918
122.2
124.748
123.839
125.319
125.015
127.062
124.517
125.851
122.534
122.216
122.335
122.012
123.1
123.718
122.577
120.03
119.094
119.741
118.205
117.945
117.127
115.796
118.691
117.975
119.637
119.676
117.113
116.667
116.728
117.488
119.406
119.287
117.224
118.178
120.65
118.464
119.066
118.657
117.321
115.792
114.654
116.397
115.252
116.213
116.319
113.327
115.239
114.776
114.568
112.387
113.332
112.686
112.215
111.147
111.542
110.931
111.664
110.014
108.578
109.588
110.548
109.707
108.872
108.714
108.41
107.45
108.559
107.96
110.467
110.432
112.241
113.125
114.084
112.782
111.69
113.019
113.5
115.206
116.486
116.587
114.908
115.522
115.039
113.57
115.297
115.86
116.857
118.103
118.848
116.983
117.128
119.927
120.199
117.573
116.242
114.836
116.984
114.719
118.54
119.901
121.772
121.477
121.007
122.878
121.335
123.132
123.476
122.118
121.826
119.769
120.198
117.267
115.651
114.396
118.355
118.041
117.073
115.578
116.531
116.507
114.984
115.906
115.75
114.442
112.983
113.532
111.09
110.514
109.142
109.942
111.287
111.828
113.167
114.914
112.722
112.492
111.896
111.463
109.204
109.801
109.533
110.835
111.613
111.583
113.011
110.989
114.421
113.997
116.918
118.022
118.856
119.737
117.175
116.028
113.578
113.962
114.264
113.443
114.15
114.934
113.466
115.077
114.663
113.704
114.881
117.728
117.754
116.56
118.393
118.408
119.828
118.297
119.161
119.112
119.542
120.558
119.847
117.755
118.838
117.912
116.543
116.797
117.723
120.038
120.853
120.415
119.856
118.618
119.851
120.963
122.04
122.811
121.053
121.709
122.95
123.882
124.323
122.929
124.07
124.452
126.731
128.742
129.631
129.578
128.458
129.895
129.287
125.233
123.754
124.835
124.189
125.266
126.625
130.508
132.999
134.79
133.315
134.97
133.757
130.974
130.095
130.487
129.699
130.047
131.228
131.443
133.287
133.98
136.225
134.869
131.401
129.717
130.846
132.38
131.222
125.266
125.067
129.102
131.04
133.252
131.503
132.553
129.592
126.638
127.958
127.788
127.062
126.365
126.659
126.787
128.666
131.151
131.588
134.746
134.58
133.334
130.709
130.945
127.611
128.99
127.849
127.395
124.266
125.31
124.109
123.884
124.984
121.595
121.832
122.176
123.814
124.334
124.507
123.884
125.937
127.782
128.567
127.398
126.233
127.513
128.351
129.51
130.805
130.974
129.788
131.157
130.606
128.293
126.613
126.043
125.511
126.524
126.454
123.053
122.862
123.65
125.938
125.108
122.786
122.277
120.333
119.066
119.708
122.165
121.753
122.388
122.94
122.338
122.371
123.616
121.881
122.082
120.563
118.847
121.052
121.885
123.911
127.813
127.592
130.817
131.51
129.635
129.634
131.857
135.033
136.119
136.865
135.716
136.738
135.643
134.114
131.451
132.041
132.608
132.153
