97.5738
96.4422
96.9837
97.8778
99.1012
100.991
100.144
102.281
101.6
101.239
101.562
101.649
101.942
102.795
102.023
103.747
104.374
102.81
101.885
100.368
101.543
101.753
101.169
102.998
104.055
104.986
103.706
103.974
101.351
103.138
103.216
104.605
105.479
104.964
102.643
102.382
103.267
104.682
105.088
104.3
103.999
105.218
102.734
103.609
103.423
104.027
105.469
106.261
106.246
104.59
103.897
104.095
101.381
102.111
102.75
104.797
103.921
104.463
106.4
105.27
105.163
103.907
102.65
101.479
100.534
98.8657
97.6175
96.9291
95.8688
95.9854
95.6791
93.9723
94.9747
94.34
95.039
95.5258
93.1994
94.4823
93.4843
93.6645
96.3775
96.1359
94.6962
95.365
96.5227
93.6716
95.9943
94.9153
96.6185
97.2671
97.4246
98.1998
99.9027
99.7928
98.9872
101.26
99.9582
100.314
100.331
99.2787
98.9574
100.674
99.9948
101.868
104.836
102.523
102.686
104.773
106.822
107.388
108.065
105.223
107.175
106.305
105.455
103.826
103.943
103.265
106.02
107.292
107.732
109.27
108.924
112.541
112.192
113.181
114.268
115.028
114.726
114.294
112.838
114.006
113.99
114.566
114.627
115.234
114.755
113.558
112.808
113.045
111.3
113.04
112.29
110.737
109.417
108.506
106.971
107.136
108.068
107.772
106.613
104.939
106.828
108.89
109.555
110.582
110.151
110.243
111.083
109.201
108.621
107.736
106.49
106.221
104.327
105.045
107.393
108.804
107.818
110.528
110.86
110.81
111.772
112.257
111.619
112.852
111.325
112.533
113.408
114.871
118.689
117.589
115.044
115.161
116.767
117.425
117.486
120.083
119.411
120.384
120.235
120.793
122.834
123.129
123.113
122.718
123.369
120.882
119.4
118.803
116.192
117.271
117.447
117.393
119.582
119.21
118.468
116.305
116.576
116.446
114.743
114.214
111.812
111.938
111.755
113.181
111.966
112.9
111.109
111.715
112.591
113.304
112.634
112.325
109.586
111.374
112.987
113.659
114.384
110.846
110.123
111.218
110.775
110.766
109.731
108.474
106.61
106.939
110.075
110.896
111.445
109.211
111.636
111.217
111.064
111.349
110.943
113.398
114.587
112.846
112.76
114.111
113.794
116.68
117.077
116.855
120.119
121.171
119.897
122.587
122.058
119.16
118.698
120.156
118.695
119.122
117.265
117.884
116.89
116.441
116.998
114.727
111.642
113.06
113.675
113.399
109.903
110.464
111.252
112.313
114.048
112.059
113.388
110.721
112.488
112.052
114.74
117.245
116.472
115.054
116.724
117.805
118.501
118.264
119.006
120.57
119.584
119.78
120.339
118.852
118.282
118.062
118.509
118.161
117.368
116.617
117.28
117.842
118.391
119.388
118.846
117.306
117.223
118.599
118.809
118.796
114.647
113.21
113.338
114.31
113.358
113.736
112.915
111.816
113.119
115.259
113.718
115.208
112.926
111.156
110.279
109.322
109.372
111.577
108.565
107.127
106.805
108.131
107.141
107.543
108.112
110.486
112.185
112.358
113.387
112.804
111.676
110.958
112.598
110.824
112.904
113.671
114.429
114.833
112.96
116.352
115.969
115.34
117.936
118.359
118.113
119.39
120.078
122.397
120.586
119.111
118.726
116.449
116.193
118.406
117.899
117.345
117.948
120.439
119.142
121.108
119.542
119.709
121.031
119.297
118.318
118.884
117.168
119.304
121.626
119.501
119.766
118.047
116.757
118.315
118.847
120.053
118.23
117.918
116.27
117.305
118.696
117.467
116.955
115.939
116.434
114.22
112.525
112.517
112.765
115.111
115.902
117.443
119.277
119.357
122.219
121.572
123.405
123.542
122.356
122.995
123.464
122.587
123.667
123.19
122.094
123.186
122.147
122.772
125.374
124.853
124.961
124.626
124.915
122.303
123.856
123.922
125.517
126.372
127.96
125.776
124.402
124.231
124.739
125.048
126.338
126.277
126.575
126.23
125.131
124.086
125.539
125.003
124.47
125.307
125.312
129.662
130.402
128.96
126.551
127.516
126.215
127.531
127.998
128.844
128.638
129.632
127.682
129.273
128.658
128.127
127.383
125.259
125.049
124.771
123.126
122.601
122.12
121.223
120.874
119.305
122.558
120.557
121.17
121.917
122.233
123.773
124.08
123.218
123.347
123.171
123.361
123.876
123.346
125.415
125.731
124.036
125.106
125.489
123.641
124.295
125.6
125.757
123.795
122.522
122.365
123.76
122.48
122.115
122.314
120.129
118.937
118.738
116.707
113.118
113.931
115.637
113.689
115.359
115.817
116.283
117.677
118.249
117.394
116.901
117.916
121.442
119.927
121.114
119.001
118.532
120.782
120.852
123.202
122.973
124.147
124.087
122.541
119.356
120.589
121.948
123.893
122.597
122.697
122.979
123.066
123.08
124.185
122.695
122.428
121.185
120.655
120.861
120.458
120.48
121.787
120.682
122.544
124.209
125.698
125.083
124.402
125.013
124.26
124.322
123.311
120.381
120.693
121.434
122.655
121.962
119.125
117.997
117.716
114.456
113.845
114.911
114.34
113.303
110.853
110.518
111.271
112.519
111.172
108.951
109.814
112.082
111.134
108.943
107.45
107.27
105.069
105.024
105.528
105.581
106.811
105.915
106.018
106.271
103.079
104.326
105.203
105.059
101.609
102.769
