99.2235
99.5822
100.758
98.921
97.5658
98.2022
97.0777
97.806
98.2385
97.0952
99.5184
100.219
100.402
101.211
102.914
101.513
102.109
103.268
103.809
105.123
104.034
104.485
105.114
107.674
107.381
107.555
107.777
104.629
102.355
103.56
102.421
102.855
104.378
104.534
102.256
102.261
102.03
100.508
100.585
98.9961
99.0635
99.689
99.2166
97.6742
96.7129
97.7579
99.0425
101.444
101.584
101.342
100.725
101.254
100.208
102.099
100.861
102.614
102.077
101.941
100.905
102.502
102.42
104.235
104.986
105.892
105.442
107.419
108.466
106.471
106.021
106.111
106.863
106.106
106.724
108.861
108.696
110.51
107.29
105.106
104.443
104.979
104.941
105.425
103.522
103.269
105.67
104.25
102.501
101.111
102.303
101.27
98.8632
99.7292
99.8266
97.7577
100.033
100.867
100.679
99.2309
97.4677
96.2702
94.8137
94.5901
95.2221
95.7077
92.5481
94.0642
93.7959
94.2109
94.7258
93.9805
93.3927
93.071
93.1928
94.1913
93.9783
93.8562
94.6925
94.4093
95.1747
94.7332
94.7275
92.952
93.4815
93.4385
95.3705
95.8096
96.5853
96.9429
98.3132
98.2834
99.3443
99.6527
98.677
97.7171
98.1292
97.9494
98.3438
97.2868
96.0843
96.8108
96.8466
95.4311
96.5126
98.0161
98.4523
99.237
100.872
100.607
97.9861
98.248
98.5982
99.0567
99.0758
98.1187
98.3711
98.2363
94.4206
93.3135
93.8981
92.3791
91.2639
92.9939
93.6295
94.0331
93.5251
90.8617
93.4663
94.6757
96.0012
96.4524
94.9996
93.5291
91.1884
90.9494
90.4563
91.4904
91.373
89.5957
88.1305
87.3092
86.3285
86.6134
87.6653
86.4311
86.2489
84.594
85.0758
86.0358
84.9272
84.2725
83.8389
84.0291
84.6226
85.1763
85.7925
85.3917
85.0507
85.2491
85.1291
84.2065
85.2956
85.9711
86.9994
87.6671
85.066
84.1691
85.6647
85.4467
84.018
82.3658
82.6291
84.1106
84.4532
83.893
82.6925
81.4261
82.8215
83.5789
84.8604
84.4215
85.1053
85.4471
85.7726
85.6293
85.2659
85.5251
85.3203
85.2361
85.312
84.4334
84.7936
84.464
84.7557
85.4395
84.9071
84.8941
84.88
84.0272
84.8631
84.7235
86.6502
87.5219
85.6638
85.141
86.3603
86.7265
85.6508
86.0088
85.8914
84.6457
85.7166
86.8355
88.0039
88.0346
89.3948
89.7422
91.1676
91.4473
90.9777
91.118
90.6024
90.9776
92.0104
93.2424
94.7251
96.1255
97.1029
99.1088
99.0444
99.323
99.7176
101.033
100.69
103.695
102.533
99.1979
99.7904
99.8169
101.224
100.726
98.7898
98.7826
99.578
99.4679
98.7115
99.2074
100.234
100.873
100.187
102.607
104.663
104.686
102.084
102.886
101.587
101.556
101.059
100.732
102.066
104.994
104.633
105.713
104.062
104.163
105.885
105.876
105.48
104.276
102.088
102.085
101.841
103.793
100.68
99.9377
99.4417
99.9227
98.7433
101.229
100.674
99.1183
100.81
99.852
101.418
100.741
100.342
102.023
102.611
102.185
102.216
102.211
102.174
100.949
100.113
100.558
102.043
103.57
103.529
103.553
102.203
102.68
103.131
101.424
101.08
101.308
102.55
101.758
103.056
103.425
103.314
103.345
101.349
103.025
103.205
105.223
104.32
102.829
102.333
103.471
102.606
102.018
101.617
99.411
100.274
101.587
103.532
105.372
102.618
102.719
103.502
102.861
101.85
101.508
102.547
105.949
105.069
105.753
105.625
106.164
106.578
105.699
108.117
109.556
107.847
107.167
108.516
109.093
110.077
111.063
109.234
110.465
111.63
111.914
111.913
113.073
112.893
115.847
116.984
116.849
116.428
113.171
114.334
112.48
113.355
111.626
111.853
112.717
110.287
109.889
108.272
108.938
110.211
110.913
110.434
112.848
112.953
113.179
110.125
110.763
110.813
110.385
107.889
105.51
103.93
104.276
105.292
105.171
104.177
106.879
107.302
106.713
110.687
107.685
108.508
107.252
106.648
107.356
107.476
111.174
111.38
110.899
111.022
110.911
110.289
110.44
113.329
113.355
114.348
116.032
114.138
115.579
116.504
116.787
112.278
111.825
111.535
110.692
110.014
109.697
112.237
114.135
113.543
112.171
109.979
108.96
108.821
110.049
109.596
110.903
110.277
109.033
107.639
107.552
106.507
105.538
104.909
103.75
104.195
105.003
105.444
105.585
106.975
106.014
108.734
108.983
109.224
108.332
109.471
108.26
108.702
108.77
110.312
110.896
112.089
112.98
113.007
115.535
115.412
115.81
114.901
115.384
111.992
113.208
113.017
114.924
113.958
113.591
111.194
111.504
109.289
106.94
107.667
107.161
106.547
104.518
104.322
104.622
107.694
107.888
109.101
107.81
106.316
108.176
108.819
110.039
108.021
109.347
109.085
110.487
109.332
108.423
107.384
106.253
107.502
105.818
103.517
104.432
102.457
102.387
101.597
101.727
101.547
101.2
99.8744
100.847
99.4817
99.2873
99.4552
99.9778
97.8106
99.3205
100.723
101.698
100.242
100.765
101.527
102.213
102.172
102.334
99.0452
98.2094
100.021
102.508
102.39
101.792
101.406
100.68
100.448
99.0738
98.9304
98.6629
95.3144
96.275
96.9901
97.092
96.204
94.54
95.0942
94.916
95.2709
95.3697
95.8435
97.0727
96.2086
95.0743
94.53
95.0999
92.5488
91.6088
90.6379
90.1538
89.7425
90.5065
90.0491
89.8654
89.4846
88.2203
87.5284
88.0959
87.8492
88.2011
