100.015
99.7892
100.274
98.8485
100.666
100.63
100.892
100.099
102.634
101.865
101.568
101.429
101.149
101.814
101.248
99.3482
98.2471
100.19
99.9229
99.2923
100.744
101.738
101.336
102.358
101.409
103.548
104.657
102.73
102.768
102.212
103.298
104.757
105.112
103.615
102.421
104.972
104.308
105.119
106.323
104.735
103.062
104.162
105.256
104.896
103.285
100.819
102.692
102.059
100.947
101.732
99.4667
98.608
100.036
102.949
101.988
102.279
103.17
100.812
101.304
102.704
102.539
104.017
105.13
102.194
102.659
103.414
102.32
100.279
102.695
100.333
101.964
101.37
100.349
101.665
100.336
100.929
99.3387
98.4724
98.7375
98.2737
97.5319
97.0066
97.9634
99.4527
98.8061
97.0975
99.5903
100.774
102.058
103.343
102.238
103.525
102.039
102.564
103.344
104.703
105.06
103.572
103.357
103.705
103.468
101.45
99.6827
101.098
102.158
100.864
99.7415
99.7046
101.829
101.344
101.035
102.048
103.124
102.962
103.538
102.816
104.778
105.501
106.06
106.037
106.892
108.124
107.972
107.711
106.504
104.765
104.753
105.99
106.744
105.778
107.486
107.747
109.19
108.498
109.307
108.709
111.023
111.049
112.64
112.266
111.803
111.852
111.067
109.303
109.719
110.975
112.326
111.461
109.084
107.909
108.723
108.234
108.035
106.67
107.526
105.896
106.642
105.174
107.021
104.758
106.104
106.134
105.05
105.442
104.684
104.687
102.424
102.807
104.848
104.497
108.62
107.873
109.487
110.018
110.482
111.123
113.272
114.085
112.675
112.402
110.191
110.871
110.754
113.059
111.936
111.026
112.04
113.244
113.02
113.947
115.243
114.818
113.238
113.934
116.81
114.944
114.327
111.379
108.719
109.691
109.09
109.877
106.441
104.99
102.297
102.435
101.886
102.516
103.014
104.603
102.267
102.512
105.711
104.011
104.057
105.668
104.712
106.591
106.608
107.576
107.477
107.785
107.561
106.874
106.435
102.857
101.763
102.605
102.055
102.189
101.788
102.738
103.717
102.388
105.061
103.59
102.37
100.283
99.297
99.7305
99.678
99.7877
99.2569
98.6613
99.27
98.4668
98.5217
97.4769
97.45
97.774
97.2588
96.7617
97.6192
98.9575
98.2691
96.6107
98.0719
97.8295
97.3063
97.2874
98.1701
99.7043
100.681
100.083
99.0752
101.026
102.373
102.073
102.986
103.662
106.571
104.329
105.639
108.65
108.438
107.679
107.465
106.38
105.168
105.086
105.359
104.501
105.032
105.663
107.669
108.536
110.495
108.052
107.148
106.984
108.166
110.353
110.29
109.436
108.674
108.34
107.547
106.162
106.797
105.91
107.453
106.42
107.589
106.773
108.036
109.479
108.027
109.626
109.234
109.272
107.843
110.715
111.684
112.553
111.821
112.08
112.039
111.63
110.891
110.242
109.452
109.844
110.697
111.171
111.57
110.61
108.662
109.703
109.813
110.318
109.081
107.922
108.872
105.915
105.665
105.293
104.022
107.41
107.059
106.225
104.832
103.528
103.449
102.23
101.076
102.424
99.7614
100.191
99.5497
99.7545
99.1645
99.7755
99.1898
97.3373
97.336
95.389
95.0969
94.2035
93.7168
92.1849
90.5303
90.3795
89.6398
89.3615
88.6814
88.3424
87.8023
87.5974
85.6899
86.0786
85.4122
85.6936
85.1747
83.6554
83.2898
81.4594
80.2277
80.4118
82.2351
82.1105
81.6111
81.7376
82.6157
83.6908
83.4616
83.1868
83.2848
84.1236
84.3642
83.2735
84.2451
83.1212
83.4253
83.4544
83.2101
83.4161
82.3346
81.5321
82.2681
82.6918
84.0832
82.5638
81.8655
81.6889
80.9619
80.2994
80.3451
79.6463
78.5878
77.2121
77.3937
76.9154
76.2723
76.7061
76.5765
75.7541
75.6031
76.2477
77.238
77.5303
78.4732
78.5545
78.2551
78.1832
78.7992
81.6596
83.4406
83.7404
83.9471
85.0543
82.9806
84.2655
86.0185
84.6797
82.0651
81.7675
81.7251
81.3661
82.3482
82.2541
82.1983
82.1557
82.8917
83.7171
83.8269
83.6173
82.4878
83.1142
84.5686
83.5367
83.2562
85.039
85.4869
82.6641
80.9391
79.8346
77.6196
76.911
75.7697
76.3888
76.1756
76.0081
76.1436
76.1821
76.5942
76.9397
75.418
75.5252
75.8494
76.4033
76.1556
76.9658
77.1934
77.7159
78.2304
77.6517
77.9707
76.9741
76.313
75.5964
77.4397
77.531
77.4896
76.9122
77.0799
76.9617
75.7836
76.128
75.9076
76.105
76.9073
78.8582
78.0218
76.3287
77.5396
77.7405
77.7495
77.0322
79.0594
77.6482
76.757
76.155
75.3716
77.1645
76.6976
76.3866
75.456
74.8455
75.6227
77.042
76.8499
75.6191
77.27
76.2066
77.4715
77.2957
78.4493
78.3076
79.6349
78.8895
78.3633
77.7239
76.3843
77.6215
76.4526
76.1272
76.6085
77.0441
77.2133
77.2798
76.4451
76.7333
76.5473
77.9055
79.2787
78.8708
78.7997
80.5429
79.0382
77.3229
76.6026
76.2538
76.5462
76.5837
75.612
74.2848
74.1386
74.6494
75.1999
76.4871
77.903
77.5851
76.9118
75.7725
74.4977
74.84
73.6804
72.7562
72.4445
72.3433
73.4915
75.3318
74.8583
75.7504
74.1928
72.7834
74.261
74.7726
73.9077
74.528
75.1918
77.4895
77.9757
75.5598
74.3724
74.1666
73.7856
73.3122
73.2749
73.0734
72.9488
73.0137
72.4043
70.5924
70.7176
70.4041
69.8016
70.5722
71.1061
70.4071
70.362
71.9766
73.5331
74.7593
74.6253
75.3032
73.8825
74.5496
75.0322
75.4834
