101.353
99.8383
98.7448
99.4316
96.6381
96.1705
96.1887
95.4658
97.117
97.5513
96.8368
99.2494
100.355
101.007
99.2516
99.927
99.5947
99.5431
98.4653
97.0914
95.1558
95.9426
96.6904
96.2285
94.6439
95.3369
94.9109
94.0131
93.6811
94.8276
95.0186
95.9474
96.7499
96.7388
97.4961
96.9837
97.5275
96.7674
97.5658
98.6803
97.8307
97.3943
97.5101
98.4267
97.5266
99.4997
99.0731
98.9634
97.3404
96.2242
98.1396
98.1283
97.8258
99.5978
99.346
99.3391
99.2793
98.3583
100.721
100.713
102.689
103.526
102.161
101.359
97.87
98.7129
96.9501
99.1589
97.4069
97.7158
96.7984
96.5385
97.3305
96.8502
94.5947
95.4568
96.6311
97.161
96.7212
95.4841
95.0325
95.7908
97.3498
96.8611
97.2877
98.3428
96.9106
98.9991
99.8266
100.924
101.108
101.877
99.4011
98.347
97.8505
97.5623
95.6175
93.4816
92.4082
96.6048
95.9382
95.9585
95.5294
94.1184
93.9045
94.6996
93.5181
94.9135
95.3796
93.5685
91.0678
90.7348
91.9252
92.3561
92.0787
91.6187
90.6526
87.8429
88.3874
88.2313
88.9139
89.7714
91.3957
91.5313
90.5697
89.8728
88.447
87.5407
87.7857
88.2341
89.8447
90.2819
89.8412
90.1176
91.1904
89.3849
89.9335
89.3478
88.9037
87.7641
88.9765
89.3248
88.7781
89.3995
91.5059
91.0243
90.0496
90.2782
89.0985
87.4986
88.2554
88.7142
89.6902
88.5798
89.5381
88.6924
87.685
88.8298
87.4521
86.6707
86.347
87.0387
86.3462
85.9361
87.4439
85.673
84.5996
85.8516
86.756
86.989
87.304
87.8751
88.276
88.4045
89.3339
90.5108
93.0014
93.3412
94.2684
96.3345
94.0876
93.0753
93.477
92.886
92.4156
93.9017
93.1372
94.6442
93.0049
90.7792
90.7304
91.7319
93.5297
93.244
92.4537
93.096
92.6832
92.7121
95.0608
95.1518
96.0445
95.1584
92.132
91.5393
89.6604
88.6418
88.6328
89.6811
89.5649
92.4175
94.7021
92.8045
93.2328
93.5858
93.5702
91.3701
90.2867
89.7921
89.8387
88.3238
89.1405
89.0568
88.8797
88.3734
86.4845
86.1368
85.197
84.335
84.273
85.1179
84.5275
84.2278
84.071
82.4654
83.0527
84.2242
82.8179
81.5454
81.8694
80.9007
80.6764
79.3576
79.5096
77.6718
79.0681
79.1427
80.0435
78.1492
77.3558
77.3571
76.0986
75.5797
75.7457
75.0537
75.7838
74.5959
73.776
72.7388
73.1338
73.6882
73.8738
74.7358
75.9514
74.8485
74.8853
73.7643
74.1262
73.9866
75.144
75.8152
74.3262
74.2357
73.6458
74.0446
73.1774
73.7659
74.8379
74.5606
74.7859
76.017
76.8347
77.9442
77.6655
77.225
75.9479
76.4302
77.6015
79.1827
79.7519
79.5287
81.081
81.4324
83.5921
83.8709
85.0196
83.858
83.4714
83.2534
83.851
82.8465
84.0393
86.2288
85.9015
85.9353
85.0134
86.2191
86.8238
87.2259
87.0018
87.4995
88.6369
88.1349
86.6043
86.2941
85.6007
85.3886
87.0018
87.0148
87.4576
87.0892
85.5787
85.1023
84.7444
83.594
82.9638
84.2481
83.8497
83.7077
83.2783
84.1446
83.9982
84.4859
86.5333
86.8998
86.6917
87.0974
87.2329
89.0388
87.4233
86.9543
85.4988
83.7043
84.6272
83.4455
84.6631
84.7559
83.9498
83.9994
85.9643
87.4181
86.5028
86.3309
85.1759
83.1655
81.5922
80.4929
80.3689
80.4931
79.3249
77.6768
78.8547
78.0348
78.2166
78.398
79.0794
78.4261
78.4188
77.6019
78.6258
77.2949
77.8513
79.1452
78.4417
77.1973
77.9882
77.2658
77.7849
76.9807
77.3105
77.0361
78.8757
78.7862
78.9982
78.0567
79.1857
78.2056
78.5269
77.3632
78.04
77.4116
78.1399
77.0624
77.5781
78.0554
77.6983
76.6432
76.9437
77.2523
77.8784
76.9238
75.7176
76.1742
77.3116
78.2334
77.5474
75.4864
76.0156
76.2809
76.0716
76.7966
76.3818
74.75
74.9595
75.8141
75.484
76.1515
77.6476
76.5676
77.1605
77.6618
79.6779
79.7605
80.0772
78.5173
77.1116
78.9978
80.5603
81.1267
82.5983
81.2236
80.818
81.2728
80.0526
78.1932
78.1096
77.7344
77.8404
77.3573
75.0777
74.8514
73.6189
74.7195
75.9874
76.6952
73.6071
74.6151
76.8057
76.6542
75.6373
74.4056
74.7998
74.552
73.4074
73.8004
76.0234
76.5032
77.5559
77.0354
78.0365
76.6846
75.107
74.0381
73.294
72.5554
71.8975
71.8152
72.4793
71.5032
72.7676
72.6757
74.049
72.8311
73.0382
71.1567
70.9414
70.5994
69.2064
67.9566
68.2829
67.1872
66.7782
67.1445
67.1184
67.941
66.6518
66.6726
67.3202
65.3728
65.8353
64.3016
63.3186
64.3471
63.9856
64.3006
63.7921
63.7534
63.7636
63.5698
64.826
63.8216
64.9093
66.2415
66.4225
65.9187
66.2678
66.7495
65.8268
66.1354
66.5365
67.997
67.475
68.1538
68.1414
67.0459
66.9445
66.8096
67.1132
69.1217
69.0386
69.3155
68.9459
69.5099
69.896
70.8813
70.8723
71.449
72.3754
72.1347
73.7625
73.2731
72.4138
73.6358
74.6901
75.8906
75.2852
74.9379
75.0976
74.1151
74.4072
74.027
74.8016
75.1225
75.7087
75.5703
75.7434
76.8802
75.2766
75.1769
76.1588
76.7647
77.845
75.7895
73.8217
74.6668
76.2853
75.3372
75.8946
74.892
77.2734
78.4822
78.4407
78.2372
77.6845
77.7355
79.7437
80.1337
81.1572
80.4247
79.4098
79.3077
80.9125
82.9806
81.8256
81.3883
82.2554
79.9819
79.8432
82.0545
81.2215
79.6409
81.5473
81.7499
81.8051
82.7503
83.4513
83.8773
84.4293
84.8498
84.7946
84.2581
84.4034
83.6401
85.1767
85.2056
85.5409
85.7316
87.0065
86.8613
88.3925
86.8851
