99.5894
100.473
101.162
99.6388
99.5299
101.644
102.858
102.154
101.91
103.011
102.559
103.535
104.095
104.673
105.002
107.613
104.837
107.723
109.696
109.868
109.25
107.64
105.992
107.518
109.273
108.043
105.267
104.047
105.808
105.067
104.635
105.625
104.481
106.98
107.409
106.578
104.731
103.885
102.931
103.135
103.473
104.263
103.673
105.172
105.859
105.73
106.261
106.607
107.692
104.078
105.572
104.066
103.391
101.259
100.123
99.4186
99.4259
101.724
102.284
101.593
99.3901
98.6024
98.5906
97.0299
95.6813
96.9347
99.0244
96.7755
98.0207
98.5889
98.5036
97.6426
97.9818
97.7526
98.6158
99.4416
97.3919
95.4698
95.9358
96.5315
98.7017
101.721
100.327
102.777
103.418
104.47
105.978
106.935
108.645
108.367
105.022
103.397
102.478
101.648
102.482
101.498
101.286
100.229
100.409
98.1455
98.6884
97.1284
97.6534
97.4624
97.1062
97.1985
96.0237
96.1365
96.1425
94.9866
94.7464
92.853
93.1189
92.3435
92.5854
91.1772
89.4196
89.5451
88.7653
88.3941
90.2714
90.2999
90.7437
89.9778
89.3313
89.267
87.9473
89.0984
88.7952
87.7535
87.6105
87.6236
88.9887
88.4477
88.9551
90.5131
91.0342
90.8243
91.8692
91.8737
91.6953
91.6409
91.5936
91.2094
88.9227
85.6915
88.5894
89.4738
88.2369
87.7807
87.1422
89.7495
90.6175
91.8547
90.5639
88.6629
87.53
87.5219
86.8738
87.831
89.4817
90.2347
90.1832
91.0375
91.6924
91.7329
91.923
91.1022
92.4705
92.5548
92.8713
92.745
92.5205
91.251
89.9972
91.1777
90.9026
92.5871
92.461
93.1038
94.0865
92.6518
91.6536
91.568
91.05
91.0983
88.2073
85.8157
86.8759
86.267
86.2383
86.3047
88.465
88.7159
89.1926
89.3075
89.4694
89.5393
87.9879
87.6974
89.8979
87.5586
85.8324
86.5793
86.8245
85.849
86.9768
86.8553
88.5192
89.3461
88.7115
88.5254
87.5838
88.8227
88.8535
89.3283
89.3319
89.795
88.0914
89.7102
89.7309
88.9817
90.0132
89.9389
88.0457
88.4805
88.4297
89.4776
88.6752
87.2278
87.3206
87.3239
85.9609
85.9374
85.8381
87.1753
85.9168
85.5549
84.2235
83.4238
83.9255
85.5166
85.9505
85.8376
88.3055
87.0073
87.4098
89.1728
87.7562
89.8356
89.3608
90.8379
89.4576
89.4756
88.2991
89.0565
90.2024
88.8951
89.1208
89.679
88.0088
87.2105
89.4069
89.1089
88.8786
85.9759
84.791
83.8697
83.4258
82.8333
82.6803
83.19
83.4108
84.3368
82.7071
80.8888
82.306
82.6388
83.9289
83.4255
83.4554
82.8552
82.8883
83.3589
84.6297
85.5424
86.1947
85.6101
86.8718
88.3864
89.3467
89.8251
88.6433
89.6821
91.2108
90.1888
91.0505
91.9273
90.3214
90.2516
90.1471
91.3638
90.2325
91.6989
89.9095
89.964
89.1166
91.2461
91.299
91.8598
91.5701
94.5526
94.668
94.0434
92.9951
92.1103
91.9631
89.1802
89.9173
90.5033
88.964
87.9314
87.501
87.1386
89.8405
90.9804
89.3219
90.8552
90.332
89.0615
89.6779
90.6335
90.6558
91.4686
92.2053
90.6591
90.4358
90.4455
90.2208
88.3369
88.9079
90.1268
89.8708
89.2059
89.6708
88.8991
90.0968
91.503
91.6449
90.5181
87.2502
86.4738
85.3339
84.8511
86.073
85.0716
84.897
84.8141
83.4783
85.0471
84.6607
83.9478
83.9331
83.0265
83.2586
83.0422
82.9213
83.1043
82.8639
82.7989
83.5818
84.1336
84.2604
84.594
84.9647
84.7537
83.7608
83.9332
84.1243
84.1186
84.021
83.7696
84.0877
82.5184
79.9152
78.4837
79.6325
80.2255
78.8974
79.3442
78.8476
79.2817
77.8471
77.4386
76.4808
77.5785
77.584
77.3966
77.9101
78.0179
79.6039
78.8475
78.2832
79.6066
79.9335
80.336
80.5852
81.5498
81.0143
81.9001
83.1193
82.5492
82.6171
82.045
82.3229
82.6381
82.4442
81.4136
80.1754
81.7712
82.4823
81.0455
81.9232
82.478
82.8301
83.3034
82.8663
83.6392
86.864
85.8266
86.9186
87.097
87.1787
86.3554
86.0057
86.2298
88.1537
88.626
87.8802
85.856
88.1852
87.6532
86.7956
86.9341
88.4764
89.4633
87.3255
85.5117
86.4636
88.0114
89.3959
91.0404
92.0289
91.6381
91.6916
92.3091
90.9105
89.8502
88.5571
89.9741
89.8525
93.3014
90.2773
88.1843
89.7889
90.4193
90.8027
89.5102
88.1779
87.041
89.2825
90.4071
92.5921
93.1841
92.4878
91.3259
90.2849
91.0892
91.9088
90.1814
90.5405
89.7522
89.6513
90.1148
90.2835
89.9223
90.181
90.7661
88.4306
88.0639
87.262
86.9042
83.7524
82.1481
83.1168
83.6291
82.0115
80.8678
81.057
79.2558
79.1156
77.0006
79.2668
78.349
77.6396
77.1935
76.236
76.4654
76.2722
76.7889
75.0899
73.8617
72.8928
72.7718
73.0368
72.761
73.2528
73.0757
74.0321
75.4427
75.4419
73.759
73.6918
74.6672
75.0223
74.9919
75.0451
75.9818
76.3627
76.064
75.6265
74.7082
75.4049
76.4045
75.6158
76.5433
75.3558
75.1449
75.4157
75.9606
75.9458
77.5656
77.8346
76.5945
77.1294
77.1663
77.6549
76.1452
76.796
77.6886
75.7372
76.6777
76.1139
76.4384
76.839
77.5303
76.0028
76.714
76.1975
76.7327
79.0492
79.333
79.0078
78.5009
79.7393
78.2379
78.8778
78.9061
79.9454
80.092
79.3184
78.3583
79.004
79.1129
79.729
79.0168
78.5419
80.0272
77.0066
76.988
77.5815
76.2309
77.1255
76.5479
76.9879
78.3229
75.5989
75.431
75.7659
75.8918
76.2636
75.7895
76.2148
76.6545
77.9872
76.0759
76.3225
76.7999
77.4115
77.9901
