100.841
102.937
101.999
101.461
100.181
99.5856
100.689
97.6114
97.0146
96.7284
98.0866
97.7858
97.9779
97.0073
96.2831
96.3201
95.6641
95.6781
94.7247
96.0877
94.9769
94.361
93.5458
92.9767
92.9773
93.8093
94.8853
93.1651
93.6276
92.4799
92.4537
92.0793
90.653
90.0294
89.5153
90.3384
90.712
92.704
93.0969
93.5991
92.7285
93.5827
95.3878
97.4502
95.858
95.3161
94.428
93.9812
92.6899
93.4242
93.1445
93.016
92.4341
93.9343
94.8325
97.0373
96.2559
95.6228
93.7949
94.3902
92.7714
92.3842
91.8234
90.8158
90.7628
90.8533
91.0496
89.1419
87.4767
86.77
87.0936
84.3314
83.4579
82.4665
83.737
81.8296
80.6467
80.8439
79.8686
79.6911
79.452
80.4998
82.0808
81.6575
80.009
81.0443
80.0015
76.9471
77.7929
79.3824
79.0591
78.4912
78.5303
78.0373
78.6399
77.81
77.1683
78.2024
79.4717
78.074
77.864
77.0338
76.3245
76.0545
77.7191
78.3862
77.6852
77.231
76.3615
77.6857
78.4348
79.515
80.7676
80.9096
81.0893
81.2164
79.9224
82.4625
80.6409
80.3262
79.5939
81.3573
79.3899
80.1175
79.9178
79.1877
79.5115
79.5659
79.0125
80.1528
79.8973
78.7097
78.4432
78.2538
77.555
77.7957
78.1775
77.9341
77.8283
77.5563
76.4948
77.3968
78.6291
79.2042
79.1126
79.1495
78.9081
77.2175
77.6922
77.121
78.0809
78.6806
80.3734
80.6161
80.6612
81.6006
83.1387
83.0663
83.102
81.9384
80.6406
80.1949
78.566
79.3567
78.3552
77.974
79.5768
79.0487
80.5601
81.5774
81.5361
81.4292
82.369
81.2675
80.8083
81.3483
80.8073
80.1501
81.4491
83.3981
83.7242
84.4888
83.7294
83.4463
83.8139
85.3365
86.2493
87.9596
87.6744
87.8961
87.7547
86.4619
84.3697
84.6426
84.1178
82.9418
83.6974
83.4689
82.7888
81.9525
81.261
81.5599
81.7917
82.1407
80.7204
80.3325
81.0404
81.02
81.0932
79.405
80.5218
79.6518
78.6574
78.0865
77.9848
79.9384
80.4989
79.9998
78.3439
79.2555
77.6815
78.6658
77.6892
77.2331
75.6822
74.8188
74.7517
74.1263
73.3622
73.1202
73.4316
73.4133
74.1816
73.4962
74.2737
75.5415
75.3849
75.4124
76.3049
75.4825
75.5327
76.8017
77.8087
77.3386
77.1314
76.0288
74.6697
74.7603
74.8856
73.7565
73
72.695
71.544
71.8627
72.3566
71.1561
70.8412
70.7883
69.6499
68.5668
67.6265
67.2158
67.8504
69.5094
68.9222
69.7988
70.1699
71.1066
72.4848
73.4474
74.378
73.9111
74.4267
74.3293
75.4764
75.5375
73.7705
73.3719
74.0751
76.6398
75.8743
75.6813
75.5735
74.2808
76.1906
77.7934
77.4246
77.4932
78.9331
81.0531
80.7244
81.818
81.7133
80.1435
79.733
78.6137
78.3721
78.485
79.109
78.7791
76.8961
76.6775
77.1821
76.2597
75.6587
75.7842
74.775
73.0719
71.6917
72.0334
71.5792
71.0863
72.0036
74.439
73.8779
75.4084
74.3582
75.6017
75.6694
76.4822
74.8399
73.5736
73.6286
73.8254
73.1427
73.3473
73.3792
73.8438
73.1408
73.7038
74.4887
74.6479
76.353
76.8048
76.1917
76.926
76.4779
74.1428
73.8671
76.0302
76.0152
75.5897
75.781
76.5684
77.665
78.0045
77.2112
78.2426
78.6611
79.2952
78.3227
78.0237
77.6287
78.7727
79.1348
79.5282
81.0096
80.9343
83.2398
80.7527
81.68
83.2133
84.6981
83.7184
85.1652
83.9447
84.3587
85.9884
85.6276
84.775
85.6912
84.8638
83.8927
84.1661
82.5684
83.0493
80.6607
80.7754
81.4313
81.3984
82.0676
82.1754
82.0545
81.1609
80.9133
80.6105
78.9865
79.2071
78.2799
77.4395
78.4259
78.5299
76.9139
78.1611
78.2012
78.3998
76.5018
76.4597
77.6985
78.6965
78.4479
78.4076
78.2464
76.9151
76.3453
75.9405
74.7441
73.6769
73.6249
73.0093
71.7316
70.607
70.6131
70.9527
70.8304
69.2942
67.7687
67.6493
66.9964
67.021
66.9204
65.6664
65.9726
65.4929
66.2287
66.2527
67.1379
68.0067
68.7083
68.1232
67.8037
67.9256
67.5973
67.1487
65.4915
66.1661
66.9707
65.6351
66.5018
66.6289
67.6468
64.9123
65.2279
65.7819
65.2761
65.2819
65.8704
65.9024
67.0479
66.0643
66.4825
66.7341
66.4365
66.5512
67.3168
67.2014
67.0346
66.683
65.9389
66.2196
66.2364
66.556
68.3762
67.7446
66.5609
65.8196
66.6874
67.4199
67.5685
67.4362
67.7713
67.436
66.8838
67.3108
67.8823
68.7525
67.7692
66.9833
66.0337
66.41
67.2274
66.7269
68.0773
67.0969
67.3743
66.5287
66.0804
65.2847
64.55
64.1803
64.3587
64.1944
63.8188
63.0269
63.2456
64.128
63.203
62.752
61.4132
63.841
64.2052
63.4228
63.4246
64.1319
63.1298
61.8874
62.1196
63.9637
62.9473
63.7846
63.6737
64.0811
64.471
64.0381
63.9815
64.7345
65.8421
64.6443
63.4858
63.6772
63.611
63.0554
63.4442
62.6515
62.9051
62.857
63.3237
63.4462
62.9274
62.3146
62.6435
63.1732
62.7981
62.6861
61.7094
62.6436
61.7996
60.4391
59.9853
60.5853
59.0957
60.7259
60.0445
58.7188
59.5664
59.998
59.0749
59.8454
58.9374
58.9588
58.9959
58.9201
58.9915
60.4614
61.5209
61.5873
62.9962
63.372
63.0316
63.9148
65.0911
64.0915
63.5403
63.6116
63.0009
62.121
62.0714
61.233
59.796
59.5447
59.006
58.4552
58.3831
58.0872
57.9598
57.0631
57.0924
58.2783
57.4349
57.6523
58.2148
57.4328
56.9969
56.1188
54.1944
55.0484
55.1986
54.8706
55.2918
55.0541
53.4461
53.0843
52.6962
52.0725
52.0286
52.4437
52.7942
52.471
52.3992
51.7271
