100.11
100.307
101.48
100.904
101.115
103.063
103.526
104.269
103.6
104.098
103.817
104.355
106.803
106.108
105.323
104.462
103.683
105.043
103.15
101.006
101.433
103.237
103.884
103.345
102.274
100.979
98.3586
98.6496
98.0051
96.9046
96.8457
95.8882
95.0848
94.5179
96.1585
95.0163
95.4777
95.6285
96.7506
97.9726
96.8636
96.9788
96.3993
98.3714
99.3843
97.7513
97.6937
98.7888
99.6639
99.0737
98.3801
97.492
98.1975
96.7209
94.5487
95.9179
95.3618
96.4699
97.0113
96.0662
96.6938
97.1941
94.8491
94.1733
94.9684
96.0763
96.6546
97.4764
97.2476
94.7361
92.9569
93.6197
94.2725
93.4449
92.9806
92.0287
92.6383
92.6213
91.1905
91.7942
92.3079
91.7843
91.4519
91.0458
89.6334
90.4436
91.367
90.9893
92.2367
91.0828
91.5459
91.9446
91.9075
92.3299
90.9208
90.1367
89.5554
90.5992
91.2541
92.9063
92.1975
92.337
92.3647
90.0991
87.9124
87.991
89.858
90.169
89.8149
90.1944
91.4665
93.4804
93.0976
93.6185
93.9527
94.0347
95.0844
95.5108
95.1092
95.5869
96.1113
95.599
94.1588
93.5855
94.9182
94.5316
95.4697
96.4425
96.7029
96.681
96.9971
97.7104
98.6959
97.8529
98.1622
97.9555
97.2942
98.6936
97.9569
99.8775
99.8092
100.192
100.067
100.102
100.814
101.064
104.227
104.512
105.373
106.019
103.396
102.574
102.796
102.657
102.273
99.2917
98.2412
96.145
97.0541
97.8184
96.7734
96.6009
97.6689
95.2826
95.8333
96.0801
95.9311
94.4777
96.0193
97.0912
99.0525
97.7843
97.086
98.4557
97.2219
97.2335
95.5472
95.7796
93.3083
96.6909
97.2548
96.7254
97.531
96.9049
96.351
97.5626
97.7491
97.4527
97.6261
99.3743
97.5405
97.9233
98.1827
99.8747
98.5477
97.3964
99.8126
96.8934
96.4982
95.4898
96.4186
99.0188
98.2478
97.129
97.8821
98.4321
101.572
101.418
101.674
101.187
100.126
102.367
103.079
104.501
104.826
104.036
104.303
104.686
105.731
105.95
108.369
108.288
108.519
110.071
111.578
111.075
113.938
113.759
111.867
114.597
114.941
114.534
114.608
113.007
111.016
109.496
107.66
110.455
110.711
111.204
109.248
109.692
109.847
111.769
111.761
111.932
112.248
113.52
113.387
112.991
112.924
111.597
111.709
111.694
110.357
110.147
111.338
111.785
111.393
110.974
111.253
108.949
107.638
106.924
107.506
104.143
101.962
103.547
102.066
102.261
103.577
102.641
102.794
103.028
103.882
104.144
102.299
105.769
103.954
104.216
105.628
104.324
102.988
103.674
103.485
103.733
101.297
102.54
101.232
99.3845
98.9188
98.6554
99.281
97.1929
97.023
96.8769
97.1042
96.5152
97.2105
97.9854
98.8895
98.592
97.1962
95.9435
97.1834
97.053
97.1341
97.4041
98.3849
97.9284
99.8524
99.9356
101.276
100.785
100.821
101.553
99.7865
99.1889
100.209
98.5884
96.2682
94.578
94.6753
94.1009
95.8318
94.3621
95.1614
93.8642
92.7832
90.7308
90.5662
89.1465
89.8666
90.1229
90.5461
89.3027
89.4071
89.6189
88.9686
89.0709
88.1685
86.428
86.7105
87.065
85.9025
86.416
87.6029
86.4213
85.9608
87.1705
87.7028
86.3056
86.6887
86.4904
86.5747
87.1412
87.6477
89.0766
88.8067
90.1027
90.4981
91.2746
92.5484
95.3221
94.431
93.7523
94.2541
93.7922
93.656
95.7272
94.0007
92.5286
92.6355
89.2558
88.4782
89.6453
89.5267
89.0738
89.6457
88.4749
88.6645
88.915
89.6891
89.9263
90.7141
90.0948
92.5156
91.7484
90.3009
90.1567
90.2586
88.3413
87.7165
87.0216
86.2899
85.8014
86.8429
85.8688
86.8792
87.4704
86.0643
87.0223
85.2814
83.0043
82.7709
82.6997
83.4778
83.149
82.6576
83.599
83.9241
83.3143
86.0783
87.9054
87.2112
86.6799
85.8959
84.6727
83.3963
83.2556
82.8129
83.0711
82.7867
85.0532
85.1359
83.9043
85.0311
86.2041
86.3423
86.747
86.256
86.6531
86.9477
86.4179
86.7137
88.0191
88.3336
88.5893
89.458
87.8127
88.0174
88.8105
87.5461
87.9648
86.0808
86.6636
85.2836
85.5014
86.5123
86.5614
88.251
88.6281
89.3674
88.6318
88.7718
88.3781
89.4285
90.0331
89.8514
89.14
89.7829
89.696
89.9942
90.2563
89.7405
91.1151
88.9962
89.273
89.8428
90.1501
90.1032
93.1301
93.7216
92.9439
93.7195
92.5018
90.6403
90.1335
90.9336
92.2118
92.5861
91.7992
90.2693
90.5586
92.9152
91.0173
90.5821
91.9872
91.9984
90.2674
90.8608
90.2418
90.5623
89.6423
89.4047
89.7224
91.1276
91.0314
91.4603
91.3382
89.4021
91.2764
89.8921
89.2381
89.8465
87.0369
84.092
86.7134
87.178
90.4305
89.6596
88.5354
87.8403
88.0912
87.0399
85.961
86.6374
86.6134
87.8373
88.7341
89.2037
88.0676
88.4287
88.7124
88.6433
88.6002
86.5142
85.4533
85.4986
84.8942
84.1981
83.8232
85.2693
85.1876
85.3127
85.7299
85.986
84.7
84.9939
86.7427
86.8987
87.5853
87.2832
84.9256
85.8586
84.7068
83.8517
82.1058
81.6943
82.2566
82.5864
83.4945
82.4254
84.1331
85.4918
84.1157
83.5798
83.4975
85.0588
85.4651
85.1629
85.7226
85.269
84.1841
86.2441
86.1284
84.893
84.2964
83.3863
84.0049
82.9978
85.9232
86.2381
86.5419
87.7206
86.6972
87.2778
87.6336
88.3484
89.2795
90.4035
90.7848
90.0488
89.237
89.0688
88.9542
87.7956
85.5207
84.851
83.313
83.841
82.429
81.7989
82.3194
82.3178
83.4761
83.1157
81.8563
81.5903
82.3287
