98.8998
97.5565
97.0478
95.7592
95.2589
93.9895
94.1662
93.7935
95.1464
95.2763
95.5128
95.2391
97.0847
98.1261
97.1
95.1815
95.8339
97.042
98.4619
98.3143
98.0134
99.4447
99.6715
96.9715
93.4394
94.4991
94.8451
93.3032
93.2689
91.9933
92.5366
92.5362
92.7081
92.7707
91.1728
89.9694
90.3134
90.8653
92.0124
92.9728
93.0293
93.4387
93.3977
92.5873
91.5186
92.8681
91.82
91.1771
94.0243
94.1195
91.7836
91.0179
91.8422
93.0795
94.7463
95.8832
97.4336
99.9998
99.29
99.6094
97.9463
97.4739
97.3104
96.6449
98.1516
100.084
100.43
99.9576
100.418
100.382
98.8727
99.5481
100.866
100.726
100.735
102.762
104.641
103.796
104.723
103.572
103.558
103.989
102.127
101.563
100.311
100.48
99.2558
97.54
96.5551
96.8607
95.1888
93.1573
93.3398
93.6208
95.1835
94.1515
92.0277
92.4228
94.9342
96.1996
97.7012
100.51
99.4769
96.9775
96.866
95.4238
95.4256
95.9148
95.9714
97.9727
97.1603
95.8213
96.5074
96.4228
96.5729
97.5759
98.9567
99.9589
99.473
99.1607
100.552
101.572
102.562
103.021
103.141
103.15
104.613
103.35
102.658
101.373
101.367
102.835
103.251
105.489
105.98
104.599
102.719
100.552
101.26
102.056
101.965
100.275
99.5146
99.8469
101.241
101.581
100.898
100.852
100.392
99.599
99.2707
99.203
99.1008
100.542
98.5586
97.7967
97.2119
98.5122
99.6478
100.315
100.957
102.068
102.072
101.027
100.768
100.641
99.3942
102.035
102.118
102.298
102.318
100.255
99.9663
101.18
101.874
101.939
100.949
101.528
99.4287
97.8766
99.0638
99.2911
101.528
100.961
98.3997
99.3088
99.2993
99.7046
97.4374
98.9964
99.4636
101.747
99.4094
100.274
98.2402
96.0179
97.5317
97.7482
98.4922
97.3505
97.0002
96.0685
96.4092
95.4756
94.6146
94.2832
96.0858
96.3538
96.9136
97.0734
96.2448
96.3625
96.4947
96.9262
96.4851
96.937
94.936
94.7838
95.4299
97.0613
97.9988
98.0109
100.34
100.395
100.719
100.393
100.814
102.349
101.995
99.9492
96.6369
95.9897
95.4462
95.7457
94.5637
94.4591
94.1627
94.2628
92.0384
90.7008
90.9215
90.5899
91.3937
90.9298
91.2357
91.0061
91.5785
91.8815
91.1783
91.2323
90.2836
90.3284
88.7848
89.412
87.3303
88.125
89.7939
89.2118
89.3083
89.2173
89.6815
90.4657
89.5404
90.7589
91.3424
92.5148
91.5147
89.4117
87.4932
85.2989
86.2915
87.6097
88.0824
88.4907
87.3585
87.4648
86.1328
87.7359
86.7921
88.0261
87.9884
88.2016
86.7621
87.9293
88.5992
88.4768
87.5601
86.9217
86.7468
85.8271
84.5656
83.8383
82.6553
83.3227
81.9692
83.9913
84.3939
83.891
85.2344
84.6471
84.1899
83.9822
84.789
85.2399
84.9394
87.6804
87.2907
86.248
85.8609
86.4592
86.2475
87.1056
87.283
88.1296
88.2825
87.6201
86.7741
89.7307
89.0374
89.536
89.0522
89.67
88.8383
89.6594
88.1908
88.5174
88.821
89.8688
88.6968
88.4644
87.1941
89.2745
89.6617
89.3352
86.6275
85.5357
86.5006
89.1378
92.1134
92.4002
92.6011
94.8616
91.6576
92.6482
93.2399
94.2597
94.3867
95.266
94.5191
94.969
96.9323
97.1033
97.8747
98.4413
95.7481
94.7423
95.116
95
94.6037
93.043
91.9876
91.2395
90.0038
89.1452
87.8461
89.8662
91.5598
92.9701
92.2549
93.7735
95.9367
94.5229
96.8462
94.2519
94.7879
97.2681
98.5082
96.9794
97.4034
98.9818
99.9359
98.3374
98.9137
99.0575
98.6714
97.2926
97.9039
98.1028
96.5451
97.6353
95.0666
95.8333
97.8262
97.8312
97.6506
97.3234
95.2352
94.6774
94.0382
93.614
93.7343
93.6394
93.8973
96.5094
95.6593
97.2435
99.8026
98.4739
96.5837
95.7883
94.8856
93.0997
92.5785
93.6005
92.4453
91.7404
92.0599
94.8525
93.7025
94.3195
95.3492
96.1567
98.6878
98.4026
96.6578
97.2327
97.0654
97.7792
98.2925
97.7991
96.3726
97.2146
96.722
96.9774
98.0905
99.4138
101.567
102.849
101.103
102.113
101.274
100.366
100.867
102.797
101.211
100.045
99.6576
99.1239
100.79
100.456
101.765
102.419
102.58
102.691
104.14
105.355
107.153
108.852
110.795
106.703
105.37
103.098
103.695
104.107
102.29
101.485
100.477
98.8976
97.6578
97.7209
98.4679
99.0344
97.7246
98.5821
98.3174
96.5097
95.8682
96.1487
94.449
93.522
92.3841
90.9677
91.8803
93.9571
94.3279
94.2521
91.8595
94.1628
95.178
95.7477
95.0136
95.414
95.6034
94.5368
95.6309
94.3649
95.468
97.1185
98.4469
100.463
100.395
101.683
100.84
100.72
102.081
101.322
101.853
101.662
102.756
101.513
103.291
102.646
104.03
103.388
105.85
103.178
103.076
103.712
104.1
106.813
105.578
105.634
107.062
107.447
106.576
106.575
106.491
106.303
107.782
109.046
112.381
110.843
110.553
108.915
109.562
113.667
114.624
115.313
116.16
115.844
114.215
113.264
114.623
114.762
115.686
116.741
118.597
117.884
118.529
119.354
120.711
118.563
118.293
117.859
115.869
116.192
117.856
117.166
118.521
119.828
119.513
120.446
122.337
123.776
120.738
119.949
123.189
124.366
123.936
124.555
127.008
125.739
126.025
124.789
125.774
127.222
125.957
123.51
123.947
125.498
123.635
121.009
121.548
121.15
122.898
119.85
120.362
119.983
120.115
119.968
119.34
118.676
117.768
120.001
122.299
122.74
121.942
120.765
121.213
120.929
