99.9818
100.583
101
100.334
99.0091
99.1773
100.121
99.5625
99.4595
99.6846
101.03
100.7
101.929
103.417
104.398
105.342
107.636
107.272
104.065
104.823
103.191
104.686
104.907
103.558
101.033
100.376
99.6175
99.4681
100.803
97.8899
99.9871
99.7418
99.5524
101.132
98.7238
97.4491
98.625
100.087
99.0715
99.6516
98.8048
98.6231
100.605
99.8572
100.256
100.901
102.372
103.763
104.453
104.75
103.492
102.862
102.961
102.864
105.063
104.79
102.779
101.491
100.773
100.925
102.097
103.487
104.358
103.194
102.728
101.174
100.867
102.746
102.379
100.659
99.6365
100.071
100.992
99.7668
98.3527
99.226
97.5384
97.5086
97.0643
95.9016
96.9862
96.3728
96.1888
95.821
94.9517
95.3602
96.0252
96.6711
96.1442
94.0059
93.4303
92.6813
93.6064
94.2928
92.3374
92.3792
91.7299
91.7533
92.2102
91.3424
91.1279
89.9349
89.3442
90.1649
88.9138
88.9429
89.5303
88.8402
89.5873
88.242
89.1154
88.4817
87.4669
86.9672
88.1274
88.6096
88.3557
88.1829
89.1834
88.9509
87.155
89.0471
87.2862
86.2766
86.2611
88.0027
87.7923
87.4838
86.7497
88.9673
88.7345
89.5808
88.5351
88.664
89.6176
90.1865
89.8695
87.727
88.0769
88.4282
90.608
91.5035
90.9357
89.8579
90.5548
91.7068
91.6493
92.0834
92.1253
90.2901
89.7635
90.2072
90.0511
89.7535
89.2906
89.8826
88.9666
89.3948
90.6346
91.0477
90.6248
91.143
90.5238
90.6609
91.1588
90.633
90.4569
90.8861
91.1543
92.7383
93.0207
91.0082
91.6601
92.6315
95.4147
94.2099
96.719
96.7743
98.1633
97.1506
95.4046
96.7355
96.9864
99.31
100.183
101.848
99.1155
97.4289
97.6919
98.4708
98.5035
98.1318
97.573
97.8064
99.3836
97.9181
98.1412
97.4784
96.9957
96.1955
98.1471
98.7903
99.6831
102.347
101.026
101.081
99.5208
99.8488
98.1378
99.1141
98.963
100.198
100.176
101.487
101.315
102.23
100.998
101.187
99.8
99.744
98.4041
97.5517
95.9856
96.3764
97.1111
96.0423
96.6604
95.6145
95.3537
95.4861
95.3937
96.6012
96.7643
97.4277
98.4383
96.6176
94.9596
95.8798
95.779
95.5056
94.7021
93.9476
95.46
95.5407
93.9323
97.2417
96.7428
98.0833
97.6245
97.0189
97.9023
96.6964
96.6868
99.1081
98.404
98.5894
97.3327
98.428
100.239
98.6902
99.1603
96.9738
99.7922
98.203
97.921
97.4981
96.1352
97.5129
98.3436
98.8395
99.9265
98.9172
98.063
97.4429
99.3211
100.143
100.423
100.56
100.752
98.4539
97.6115
95.6446
95.7989
94.7897
94.9009
96.8747
95.0299
96.5027
98.3456
97.6797
97.6121
98.4285
97.8411
97.7026
96.4525
95.0579
95.4883
95.1997
95.8813
95.4131
93.3983
94.5593
94.7977
97.9718
96.6656
95.2298
96.1762
97.6424
98.3264
98.3437
98.1688
98.0959
96.4844
97.3054
97.1612
96.4851
97.5296
96.505
95.8445
96.9421
97.1759
100.357
100.817
100.48
99.9787
100.535
103.612
102.666
101.354
102.287
101.601
100.318
102.878
102.26
103.811
102.259
101.877
101.191
101.692
100.74
99.0289
98.5063
99.4583
97.5236
98.2891
95.2459
93.8158
94.1374
94.3945
92.9952
91.1822
90.2151
91.1229
90.6655
91.1869
90.9329
88.8298
89.9839
89.3854
90.768
89.0967
88.3068
87.0161
84.8711
84.4926
83.4986
83.2918
82.3215
80.6102
80.065
81.2882
82.0104
82.5896
82.3751
82.2549
81.4772
81.6637
81.6997
81.3926
82.1019
81.6124
80.9385
81.8845
81.6657
81.0932
81.5227
81.1058
80.2677
79.878
79.9119
81.459
81.0227
83.0835
82.9098
84.1271
82.8524
80.7384
80.4363
79.6392
80.6085
82.6259
83.4309
80.5244
81.9926
81.6127
80.3214
80.0181
80.4602
81.0213
82.9602
82.1204
84.2518
84.008
85.5696
84.4807
83.1438
83.368
82.718
85.2482
83.5892
81.2331
80.5435
83.7979
84.1341
85.5156
85.45
85.67
85.3422
85.816
85.3555
86.3235
86.7461
86.8843
86.239
88.267
88.5785
86.9527
86.3046
88.427
89.3056
91.9134
92.0228
91.77
91.9827
93.9526
94.3856
94.3221
93.306
93.8537
92.4654
93.5494
93.5089
96.4014
97.712
98.31
97.4321
97.709
95.7746
95.4221
94.1043
93.7752
93.6486
94.1975
94.5112
95.5386
97.6373
98.8289
100.386
99.4234
98.2042
100.272
98.7915
99.0845
97.9533
98.6213
97.1668
95.9361
96.6859
95.2605
94.4829
93.0947
91.5187
89.532
88.927
87.2231
87.2719
87.3199
88.0946
90.4934
92.0164
92.8915
91.2848
92.3079
92.2376
92.2828
91.6431
92.051
92.5878
90.6249
90.4215
92.3125
92.1551
91.8742
90.4486
88.569
89.0108
89.843
90.5312
90.4454
89.0664
87.8095
86.3475
85.1865
84.5186
84.0663
82.833
82.7118
83.2577
83.6283
85.5279
85.8581
85.5384
85.4111
87.2071
87.859
87.4644
89.6855
87.6803
88.5441
87.7314
87.9356
87.4938
87.5069
87.3165
87.0994
87.0865
85.8044
86.3853
85.9511
84.2582
85.4705
84.9321
84.7845
84.0746
83.5659
83.4385
83.4373
82.6129
82.0599
81.775
79.5061
80.1579
80.9069
82.6606
81.9393
81.3562
83.852
83.0256
81.2317
82.0495
81.8419
82.003
81.7084
81.0998
80.3681
81.0157
81.5618
80.5936
81.1241
80.7488
78.3445
79.2009
79.0787
78.2958
78.6831
77.9608
76.9255
76.8605
77.0172
77.1956
76.9029
76.7453
75.0236
75.3518
74.5829
75.8052
74.0974
75.0907
74.8488
74.2728
73.4874
75.2403
76.2275
75.6683
75.6247
75.8934
76.1652
76.5175
74.6969
73.3916
