101.343
102.504
100.404
101.172
102.081
103.875
105.4
104.76
104.405
105.492
107.768
110.937
110.144
108.388
110.213
108.479
107.769
107.725
106.92
107.479
105.004
105.354
108.121
107.2
107.719
107.278
105.901
107.097
107.562
106.767
107.185
103.218
104.788
101.78
102.314
101.075
101.451
102.606
101.307
99.6886
100.145
101.052
102.684
103.823
103.704
103.905
101.216
101.212
103.92
104.476
106.079
106.545
106.214
105.172
106.47
106.455
106.048
104.336
103.327
102.456
102.966
104.86
105.808
104.689
104.972
105.013
105.673
104.803
105.611
104.46
104.443
104.958
104.516
104.92
103.783
103.974
103.964
104.521
105.36
107.305
106.886
106.357
108.832
110.749
112.256
114.087
112.921
115.898
115.8
118.009
117.389
118.669
116.848
115.962
116.847
121.242
121.354
119.042
118.929
120.223
120.091
120.132
121.337
121.008
124.106
124.86
124.58
124.931
122.947
121.575
125.018
126.925
127.8
125.321
125.209
124.413
124.734
126.983
126.509
126.184
126.259
126.986
129.556
127.45
128.688
130.71
130.948
131.388
132.918
132.183
133.785
129.795
130.443
133.563
131.858
133.393
133.378
132.229
134.758
136.284
136.552
138.097
138.015
136.994
140.971
140.33
141.616
141.223
140.655
139.297
136.12
135.331
134.808
132.636
129.257
131.577
131.858
131.583
130.772
131.523
135.164
136.118
138.307
141.637
138.607
137.194
138.475
135.988
136.372
136.186
134.375
131.136
130.673
130.644
132.599
131.189
131.125
129.958
129.808
132.581
133.814
134.122
136.127
137.996
138.788
137.806
140.607
140.058
136.584
133.803
132.522
132.98
131.284
130.107
131.255
131.123
131.078
129.796
128.551
128.375
123.072
124.395
126.063
126.096
126.108
125.848
125.168
124.527
119.015
119.955
121.739
120.004
119.984
119.901
120.125
120.385
119.522
119.522
120.31
119.66
119.006
118.025
116.104
113.545
112.979
113.74
112.643
113.402
111.268
110.009
108.294
105.92
107.627
109.525
110.131
110.334
109.093
108.846
108.748
109.415
107.939
106
105.003
105.046
106.125
108.348
106.936
105.934
104.876
105.879
105.275
105.777
106.602
106.406
107.961
107.492
107.929
106.359
106.636
109.329
112.242
114.38
114.56
114.792
115.737
117.058
117.998
116.807
121.648
121.045
120.17
119.152
118.251
119.499
120.04
120.927
118.152
116.975
116.712
117.944
116.502
114.362
117.097
117.599
118.879
115.978
119.017
118.463
116.289
116.073
115.222
116.707
117.737
117.107
118.027
117.769
118.406
116.794
117.702
118.13
119.3
121.167
121.199
120.66
120.802
121.766
121.544
121.258
122.939
121.493
121.99
123.754
124.981
124.772
124.312
125.576
123.845
122.074
122.514
123.109
120.298
121.629
121.899
121.214
121.236
122.969
121.006
121.06
121.339
122.833
121.929
121.273
120.916
121.252
120.138
118.54
119.078
117.956
116.666
115.583
114.803
115.072
116.113
116.991
118.121
119.097
118.448
117.639
119.824
120.962
120.366
119.927
119.174
118.888
116.957
118.366
118.926
118.156
119.714
121.386
122.39
122.278
121.783
123.214
120.697
117.405
116.97
118.274
122.21
121.975
125.347
122.635
121.857
124.529
123.459
121.483
119.492
118.618
116.046
116.342
114.126
114.27
116.537
114.168
115.7
113.544
111.784
110.365
107.659
107.081
106.864
105.988
104.128
103.092
101.652
102.155
101.823
102.099
99.5837
99.9939
102.067
101.656
102.106
101.279
100.983
101.983
100.031
99.6869
99.7068
98.0638
99.3756
97.164
98.7413
99.0866
100.35
101.357
100.922
100.31
100.88
98.0661
98.8789
97.9826
97.8016
97.218
97.9449
97.9081
97.3034
99.7929
99.9518
101.132
101.578
103.247
104.348
103.23
101.773
101.673
100.968
101.047
101.92
99.954
99.4871
101.057
102.759
104.992
105.724
104.77
104.544
104.195
105.443
104.479
104.357
104.047
104.035
104.978
105.076
103.275
102.757
103.722
104.124
103.631
103.337
101.935
104.945
103.831
102.647
103.289
105.104
106.423
107.08
108.596
109.683
109.611
107.689
105.834
106.636
107.877
106.904
107.738
107.471
109.064
110.26
110.75
108.785
109.227
109.214
107.564
105.828
104.719
103.49
104.194
105.155
103.177
106.719
105.971
105.756
107.449
106.506
108.004
107.249
106.885
106.005
104.71
105.262
105.595
105.784
105.072
105.674
104.815
102.758
103.982
103.627
105.602
104.398
104.042
103.278
102.373
100.934
99.7283
100.253
99.7488
99.7258
100.807
99.4605
100.451
98.3119
97.5793
97.8317
97.8286
98.3143
99.288
97.691
97.4047
97.7842
97.8275
97.6528
96.8626
97.157
95.5441
93.9526
93.0348
92.3732
91.886
91.9096
93.9902
94.9643
94.847
94.5127
94.2814
93.1313
92.0791
92.173
92.4197
90.8398
90.223
89.8527
89.9088
88.9584
89.4173
90.6216
90.4636
91.1073
94.0058
94.3144
92.4222
91.7719
92.8731
93.0979
92.079
90.1558
90.2038
89.1493
90.4075
90.6286
89.8369
89.2336
88.4952
89.3306
89.0449
87.833
89.0457
90.1262
89.8248
90.9052
91.3858
92.3079
94.9819
96.4592
95.2277
93.7649
93.6213
93.847
93.0064
91.9919
91.9575
91.3203
93.0957
92.0594
91.9865
89.2937
90.8909
