97.9422
98.3173
99.3956
99.3204
96.5428
96.7198
96.513
97.0763
98.2528
100.016
98.4721
95.927
96.2018
98.6648
99.4161
100.841
101.695
100.663
101.988
103.484
102.95
103.405
103.405
102.049
101.556
101.527
104.584
103.938
105.247
104.952
102.561
101.115
100.819
97.9189
93.8622
93.2671
93.3641
91.31
93.0483
92.1455
91.5068
92.0451
91.4352
90.6036
89.914
88.1965
89.5596
89.1141
88.2904
87.0577
86.8384
89.1968
89.4515
89.2395
90.5907
91.9391
91.9615
92.1905
93.2247
93.3125
91.6827
92.6977
91.3461
92.4017
90.2773
91.0257
90.2819
88.0824
87.1034
87.1043
86.9851
87.4166
87.5498
89.5047
89.3413
89.9351
90.5199
88.5643
90.5835
92.4343
92.9628
92.6781
92.2957
91.2162
90.2555
90.8573
91.2665
92.0418
92.7873
92.7594
89.937
89.3117
88.7326
89.0597
87.816
87.5386
86.2833
86.7405
85.4159
85.9364
86.9389
86.4889
87.3124
87.1198
87.8993
87.3574
85.2901
86.7068
85.9406
87.4275
87.7223
90.1527
89.174
89.6888
90.3695
91.2235
91.4672
92.1821
92.3467
93.2759
90.8314
92.2007
89.7995
88.9624
86.3914
85.2227
84.9021
86.9218
85.5911
85.5159
87.4017
86.5693
86.0862
84.994
84.6745
85.5079
86.5061
86.2146
86.9527
86.4026
87.3501
87.7488
88.4338
87.9369
86.5931
85.5194
84.2907
83.9699
84.8949
83.9985
82.4653
83.8026
83.7727
83.582
83.2924
82.2982
84.372
84.3778
82.7127
82.444
82.7068
82.0214
79.4079
78.7663
78.6783
79.7179
78.7045
79.4097
78.6579
79.1375
79.3361
78.7849
79.5473
80.5659
79.4086
78.7989
78.1855
79.4806
79.582
80.1956
79.8312
79.78
78.6243
80.3777
80.2571
78.9017
79.6193
79.1631
79.8319
78.9584
78.6956
78.7462
78.1667
77.986
77.2039
75.5896
74.5725
73.0024
72.3547
72.821
72.3849
70.6188
70.3742
69.6321
71.1726
71.7666
69.2896
69.4656
68.979
69.9624
71.1934
71.091
70.807
71.963
71.6035
71.8198
72.1997
73.0614
73.3366
73.546
72.1607
72.5571
72.7683
72.8037
71.286
71.773
71.9908
72.836
72.0637
71.5672
71.2192
71.591
73.164
72.6517
73.1526
73.8005
72.8448
71.5394
71.8092
71.9676
73.0715
72.8523
72.8656
72.8995
73.1257
73.2145
73.2626
73.3009
74.5494
74.0209
75.123
76.5129
76.5815
75.1458
76.3745
76.3523
77.7086
78.5989
79.8547
80.1822
79.4609
78.5692
77.7973
78.2331
77.8962
77.5791
75.883
74.76
75.9979
76.6457
76.6553
77.1889
76.1794
75.3941
76.3918
76.0486
75.67
76.4652
75.0602
74.6848
73.2605
74.1693
73.8416
74.1254
74.4594
75.2335
75.4783
76.6776
77.0282
76.0503
76.0902
76.5212
76.2215
75.166
76.0199
73.8623
73.2868
74.2926
72.6697
69.9198
70.0967
71.0335
71.1928
71.5801
69.9744
69.0677
67.5172
68.6489
69.0273
68.7551
68.6632
68.901
69.3061
70.7275
70.2847
69.0901
69.1895
68.7666
70.1198
70.0329
69.7147
69.9394
71.1888
71.7142
72.0043
73.657
71.9741
72.6354
70.8051
70.7569
70.3261
70.3806
69.8878
70.513
69.5613
69.0798
67.6364
68.9137
69.1875
68.6623
69.9653
69.8089
69.807
70.2372
68.1933
68.5821
68.7651
70.3375
69.7525
69.0792
70.5814
70.7395
70.6878
71.4171
69.3539
70.0077
70.3008
70.2515
70.7198
69.7917
70.3962
71.3039
71.0842
72.2594
72.7159
73.5804
71.773
71.2197
72.219
71.2973
72.5028
72.4518
72.4588
70.8778
71.7012
72.3762
72.619
73.1799
72.7961
71.965
71.7574
70.036
68.4821
68.4599
69.215
69.0007
68.8792
70.1295
70.5181
70.1806
70.4665
70.3025
69.8802
71.1281
70.9574
70.6542
70.7712
70.7492
70.6565
71.0891
69.5497
70.6102
70.5675
70.2469
70.6498
71.4107
69.8265
69.1949
68.8842
67.8949
68.3135
67.6377
67.5208
69.5646
70.3298
70.4111
71.2541
71.2477
70.5675
71.7262
71.5227
72.6321
72.9276
72.7794
72.5488
73.346
73.6495
72.9266
74.2011
74.5579
73.6534
73.1318
73.18
72.0859
70.7232
70.6562
70.3304
70.6945
70.4227
70.6039
69.7089
70.5617
69.686
69.1086
68.9868
68.7691
68.82
67.828
69.0092
68.7873
70.6391
69.4335
69.7856
67.2315
67.2306
68.0444
67.5583
67.6943
67.6621
70.1874
69.7746
72.0259
71.1863
72.0402
72.0545
74.4266
74.2045
73.9339
74.2564
75.0776
74.1719
73.2909
72.7155
72.8849
71.0245
71.0696
69.0576
69.7669
69.0234
68.3864
67.3556
66.7653
67.7909
68.8577
70.6111
70.7555
70.2284
71.0068
72.5131
71.3108
73.1453
74.0361
74.0285
73.7125
73.806
74.5823
74.3809
71.7924
70.8206
70.3095
70.7403
70.1142
69.3008
70.0056
70.4849
69.1721
68.5075
68.7859
68.9309
69.3561
68.7835
68.1485
67.8646
66.8407
66.785
65.7024
65.3979
64.0851
64.2366
64.6517
65.2296
65.6339
66.4235
66.9211
66.8014
67.2442
66.4898
65.9464
65.8538
66.1842
66.0676
66.5413
67.1282
67.3047
68.8243
68.3499
68.3838
69.8416
69.9583
68.2069
67.0177
67.2436
66.0248
67.3559
66.4283
67.2508
65.1462
64.5515
64.3223
64.9328
64.5294
64.7659
64.7122
64.2719
65.0579
64.1185
65.598
65.8026
66.9167
65.8287
65.7858
66.169
65.3262
65.5949
64.6234
64.4628
64.3307
63.5369
63.1413
62.2536
64.1683
63.1204
62.5329
61.5758
62.3226
62.3594
62.1951
62.9277
63.5252
63.2437
62.4584
61.0028
60.8653
61.821
60.8161
59.5129
59.4415
58.8971
58.8009
58.0991
58.2328
58.3709
57.6816
57.3529
57.4609
57.2331
57.3112
57.1409
55.9022
55.2524
