101.615
101.326
102.033
101.301
101.161
101.735
100.628
102.835
103.223
103.755
104.855
105.315
104.332
104.282
105.95
105.777
106.436
107.348
109.232
109.406
110.843
110.508
110.08
110.137
110.678
110.852
109.883
108.288
109.525
109.521
110.631
109.32
105.163
104.199
105.552
104.849
104.897
105.623
104.865
105.398
104.327
105.307
104.879
107.121
108.809
111.409
112.977
112.742
115.192
114.962
114.942
116.98
119.144
117.716
118.781
118.746
120.214
119.95
120.739
120.363
120.159
122.532
123.381
125.521
126.251
122.21
124.476
125.762
126.359
127.222
124.947
127.413
127.835
126.484
125.743
126.59
125.97
126.179
126.236
124.528
123.257
125.063
124.534
125.657
126.142
125.12
127.534
124.484
121.607
123.744
125.264
123.707
122.434
124.669
122.709
121.593
122.084
122.8
125.576
125.081
126.487
127.776
125.886
126.367
122.294
124.847
123.654
122.508
123.281
121.842
123.636
123.998
124.469
121.522
118.705
120.397
123.46
123.97
120.812
121.01
121.694
122.804
123.357
121.757
123.046
122.986
124.193
125.77
125.774
122.957
124.196
123.077
120.981
122.376
124.183
122.135
119.819
119.946
118.332
118.889
119.937
119.609
122.367
121.271
120.178
121.152
120.992
122.839
123.824
122.91
121.509
121.709
121.289
122.207
122.844
121.663
121.626
120.192
121.625
121.962
122.616
122.852
122.055
122.32
121.445
119.518
121.541
123.336
123.264
124.228
126.761
124.067
122.179
120.789
120.308
117.773
117.875
116.657
115.893
119.617
119.341
119.872
120.5
123.485
124.871
124.881
125.274
122.852
123.853
124.44
125.651
126.993
126.393
126.557
126.326
126.332
127.77
128.606
125.786
125.377
125.289
126.382
125.871
126.341
127.289
125.957
126.794
127.592
127.71
128.204
128.715
130.253
128.423
127.814
125.934
125.189
125.433
126.11
125.139
125.354
128.821
129.244
125.025
124.129
123.94
123.905
124.618
124.628
125.243
124.143
121.703
124.717
123.316
121.823
121.17
120.211
119.771
120.459
121.703
121.134
121.09
120.828
122.135
122.233
120.645
120.556
120.544
119.752
122.919
124.013
124.697
125.779
125.96
124.587
122.049
120.112
118.741
120.458
121.134
122.928
123.691
121.193
119.708
120.514
122.939
119.648
122.025
123.421
124.346
121.668
118.685
121.222
121.811
121.871
122.204
123
120.602
122.541
124.36
123.935
123.81
125.326
127.696
126.007
126.515
126.405
126.29
127.725
126.417
128.161
125.653
123.829
125.057
126.452
125.676
125.224
123.329
119.217
119.429
120.239
119.525
120.148
120.35
122.647
120.06
120.434
121.607
124.041
124.77
125.845
124.847
123.125
124.283
123.976
122.01
119.676
121.603
123.256
125.358
127.005
125.572
126.543
124.722
124.072
125.024
122.903
122.634
120.378
119.668
121.512
120.852
121.679
122.111
121.412
121.535
122.02
123.978
124.715
123.374
125.867
128.617
127.513
130.222
128.975
128.064
126.847
126.137
129.953
131.63
131.189
131.258
129.739
128.422
127.154
125.14
125.129
124.257
122.479
121.589
124.842
126.295
128.894
127.553
125.663
125.334
122.086
120.679
118.73
118.914
117.442
120.492
122.218
121.44
122.898
123.087
122.72
122.959
122.975
121.845
121.428
122.667
122.771
121.14
123.58
122.682
120.498
121.153
121.215
120.829
121.328
122.89
124.795
125.388
123.406
120.301
119.801
122.541
121.517
123.619
122.973
123.274
123.974
119.813
122.759
122.388
124.839
126.156
123.133
123.369
122.387
122.751
123.224
123.985
124.875
126.679
127.529
129.865
131.746
129.907
130.03
128.475
129.909
130.46
133.073
132.868
132.974
134.732
136.137
135.414
135.817
136.359
141.06
139.312
137.868
138.211
136.109
137.324
141.106
143.619
145.385
147.033
147.608
147.175
145.116
147.91
146.642
146.113
143.538
141.003
140.602
142.344
144.767
146.869
145.768
146.575
145.603
145.571
144.897
144.644
144.528
145.828
145.552
146.884
146.736
148.373
147.582
147.008
144.102
143.108
141.017
140.096
141.664
141.523
140.268
141.123
140.079
140.439
142.736
144.689
144.176
144.015
144.764
146.428
143.396
145.857
145.188
142.854
143.194
142.387
138.967
139.816
142.609
141.138
143.124
145.1
149.194
147.17
147.636
149.613
150.571
149.706
148.937
149.567
149.576
148.84
148.864
149.123
147.876
148.539
152.031
150.809
149.162
148.876
147.007
147.141
148.091
147.273
148.91
150.217
148.596
148.637
146.444
142.602
139.955
140.115
141.432
142.43
141.337
141.935
142.33
144.258
142.008
142.887
143.003
145.889
147.015
150.532
153.219
153.163
154.336
153.926
154.771
153.883
153.748
154.66
153.833
153.126
153.18
153.756
154.017
155.799
153.018
151.467
151.994
150.512
150.963
152.064
151.153
150.136
149.841
152.391
153.828
157.948
159.806
159.755
158.411
158.721
156.55
156.863
153.895
156.513
157.808
159.274
160.188
162.081
161.311
159.968
163.47
164.031
164.976
164.268
165.122
165.649
164.416
162.333
162.058
163.076
162.517
166.055
167.93
168.583
168.499
167.596
167.619
170.719
172.329
172.796
174.025
174.185
178.793
