101.989
102.5
104.309
106.856
107.774
108.375
109.484
106.964
106.371
106.9
106.541
108.043
107.431
106.549
108.149
106.541
107.956
109.369
107.828
108.654
108.769
109.97
112.31
110.521
110.681
109.637
108.293
106.617
106.52
106.329
106.116
106.76
106.611
105.411
104.478
103.108
101.442
104.133
105.969
104.757
103.575
104.84
106.321
107.484
105.737
106.775
107.458
109.152
107.829
106.788
107.859
108.128
107.749
106.994
108.42
109.743
109.101
109.499
108.676
108.815
110.129
112.884
113.822
114.943
113.95
113.078
112.088
112.583
110.437
110.264
108.75
110.869
110.795
108.988
108.728
107.862
109.39
110.327
107.739
106.813
104.776
107.544
106.638
106.001
109.2
110.732
110.066
112.401
113.051
114.801
113.305
112.285
114.796
114.811
114.824
115.476
115.994
116.014
115.979
115.615
116.349
115.652
114.892
117.852
116.509
117.564
116.818
117.193
114.15
115.299
115.156
114.452
111.858
114.207
112.9
112.137
112.91
112.477
110.358
111.817
111.623
112.36
115.1
117.034
116.691
117.256
118.189
118.584
118.454
119.792
118.811
119.474
116.75
117.957
114.531
112.826
113.775
113.161
114.09
110.915
111.836
113.375
113.023
114.325
114.518
115.085
117.43
118.012
117.157
115.397
113.782
114.09
113.569
115.731
114.569
115.481
114.1
115.028
113.188
110.951
111.532
111.811
110.782
110.313
112.011
110.21
109.107
109.004
108.436
107.998
107.858
109.713
109.157
110.599
112.212
111.728
111.053
109.954
109.046
107.27
105.872
108.179
106.496
106.077
105.483
103.788
106.879
107.222
105.692
106.866
107.389
107.703
107.687
108.682
107.208
110.539
109.957
112.12
111.356
109.93
110.052
110.986
111.433
110.699
110.912
108.244
107.57
108.296
109.307
110.545
109.068
110.975
112.863
111.89
111.496
114.655
115.801
113.779
112.845
111.618
109.103
111.241
113.891
115.107
116.991
115.662
113.877
117.698
117.755
118.903
121.047
123.476
123.852
125.691
124.827
126.593
125.766
126.938
124.655
125.962
126.22
126.583
127.089
128.131
130.33
129.474
127.73
128.228
130.842
131.395
132.826
132.476
133.523
136.347
133.588
131.101
128.33
125.37
124.511
126.92
129.174
128.495
128.851
130.92
128.991
127.362
125.82
123.845
124.977
124.397
121.685
122.697
121.496
120.822
118.356
118.666
120.959
120.692
121.227
120.498
120.85
120.935
118.125
118.563
117.802
117.761
116.612
114.647
114.125
116.721
115.212
116.414
115.394
115.085
114.793
115.709
115.668
116.134
115.227
114.704
114.412
114.439
115.17
114.795
115.003
114.711
114.054
113.786
112.686
112.96
112.254
114.068
112.393
112.335
112.66
112.574
115.791
113.714
113.306
112.891
110.523
107.711
106.264
104.878
105.086
105.681
104.981
105.63
102.693
102.721
103.381
102.908
103.085
101.839
102.607
101.092
100.242
99.663
98.2319
97.7191
96.6567
96.0889
95.2295
94.4644
93.7733
93.6299
92.6355
91.0988
90.6226
89.9418
88.9785
88.8054
90.8115
92.1649
92.3283
91.3569
91.1233
91.486
91.9735
91.5771
90.4553
89.8719
89.8158
91.3651
89.3013
87.8766
87.4185
86.9812
88.4729
89.291
90.3568
89.9313
89.3963
90.719
91.1106
91.4455
89.4781
89.7822
90.5124
91.4692
91.6993
92.2785
91.8041
92.2586
92.0678
92.479
92.89
92.5608
92.6464
91.4202
92.4465
92.1169
92.1785
93.2635
92.9612
93.5202
94.3168
94.7841
93.9516
95.0453
95.6928
96.9151
97.9557
97.171
97.2937
96.7181
97.6005
96.5844
96.233
95.1888
95.6786
96.7062
98.7565
99.097
98.09
97.8973
98.1354
97.1497
97.5355
96.8324
97.5278
99.1498
99.5655
99.8899
99.0364
97.445
96.7277
96.3775
96.7045
94.8083
94.4487
95.1416
94.5626
96.6562
96.4581
96.1805
96.2925
98.4484
96.8496
96.8131
97.7509
99.3667
97.7473
97.634
97.5128
98.2259
98.9617
99.5831
98.4499
100.935
101.39
98.2284
96.8388
97.3153
97.4326
96.68
96.31
96.8085
94.164
92.6514
93.4731
95.9276
97.8477
97.6502
98.9848
98.5005
99.1133
99.5778
99.2717
100.396
101.862
100.808
100.114
100.763
102.199
102.4
103.2
101.406
101.735
102.861
105.559
104.662
103.347
101.748
103.501
102.278
101.881
100.326
99.0789
100.466
99.4431
100.878
100.585
98.7756
100.416
103.601
102.49
102.14
104.141
104.253
102.148
102.717
103.325
103.337
106.75
107.836
107.095
105.788
104.756
104.124
103.728
104.603
103.78
104.717
101.14
101.722
102.026
100.736
100.435
100.357
100.571
98.1161
96.7862
99.7591
99.2845
100.06
99.4579
99.2221
100.213
101.618
99.2247
100.404
100.875
101.055
101.087
103.068
102.291
101.219
101.77
104.778
102.95
101.161
99.2771
101.029
102.343
103.691
104.289
104.71
104.865
103.238
103.692
102.281
101.186
98.7402
100.718
99.4106
98.8254
98.3394
99.7173
99.0283
98.3467
99.6237
100.599
100.989
99.975
101.251
98.6523
99.5693
99.5518
100.668
99.9008
97.8717
97.7272
96.9971
96.789
95.7602
96.2077
97.3418
96.3085
97.5461
94.7007
95.6085
95.4926
97.3525
96.5472
97.4793
97.3503
96.9889
97.89
97.5049
98.3423
99.0473
99.0923
98.6022
99.6777
98.109
98.2643
98.0315
97.517
99.2467
