101.102
101.379
102.291
101.038
100.546
100.146
100.047
99.5721
98.4966
98.2897
97.5358
96.6958
97.7915
96.1709
94.7673
95.3256
94.1601
94.2656
95.164
94.9009
94.272
94.2172
93.4267
93.095
92.8705
92.2821
92.1797
92.5016
91.2839
91.2062
92.4631
90.9188
91.8249
91.6778
92.7394
92.9069
93.5697
93.6599
93.2265
92.6847
92.0407
93.362
93.2672
93.1199
94.9069
95.1748
96.7984
95.4621
95.6616
95.0574
92.625
93.5368
95.0465
97.2478
98.6055
99.3973
98.3665
97.3221
97.0485
97.7938
96.4856
98.4987
98.6029
97.3325
98.1325
100.096
100.092
101.057
102.375
100.001
101.26
99.0699
98.2549
99.0183
98.6055
98.9004
100.123
101.743
101.497
99.6518
99.3505
99.4272
98.7727
98.0836
98.0916
99.479
100.247
100.327
101.021
99.4532
100.598
102.041
100.072
102.214
103.746
102.268
102.927
103.726
102.904
103.283
103.353
105.03
104.373
103.742
103.345
103.166
103.521
103.812
104.377
103.882
103.062
105.482
106.549
108.194
109.338
110.842
111.932
114.587
114.312
113.677
111.903
111.057
109.611
108.817
110.028
111.508
111.23
110.023
108.839
107.583
107.625
106.592
107.93
107.539
108.09
107.885
107.547
109.496
108.976
111.108
110.037
110.59
109.376
109.973
109.762
111.418
110.752
110.172
109.471
112.267
110.776
110.62
111.738
112.409
111.254
111.439
111.938
110.965
113.892
111.827
112.634
109.517
111.542
111.954
112.691
115.199
113.824
111.875
112.8
113.659
112.325
114.41
113.745
112.111
110.402
110.356
110.439
112.136
113.174
114.082
116.224
116.927
115.791
114.792
116.122
115.392
114.974
116.04
115.705
116.437
120.108
119.309
121.903
120.667
120.697
120.556
122.315
120.031
119.424
121.285
121.522
118.816
117.986
119.562
118.665
116.026
118.719
117.187
116.48
115.123
115.575
117.653
115.594
114.559
114.21
113.342
112.707
112.206
113.832
113.597
113.225
111.775
112.571
112.489
113.437
115.705
117.451
116.382
114.615
112.722
111.526
111.174
109.565
108.477
110.346
110.033
109.815
112.625
111.672
112.111
112.302
114.299
112.63
110.783
111.532
111.832
112.43
112.782
111.544
114.914
114.21
113.599
112.798
111.829
110.299
109.625
109.619
108.989
109.337
109.887
105.81
106.86
104.548
104.084
103.657
105.283
104.87
106.767
103.689
106.182
106.585
105.29
106.665
106.653
107.669
108.909
106.164
105.059
104.297
103.155
102.493
101.207
101.619
103.447
101.599
103.365
104.767
103.976
102.255
101.501
102.197
102.167
100.38
99.7327
99.8225
101.907
101.462
101.526
100.452
101.595
101.008
99.2175
97.9085
96.0669
97.4667
97.6371
97.9512
96.3747
94.3277
94.3508
94.1704
93.7312
92.858
91.8339
90.3597
91.5385
90.0953
90.3168
89.2291
87.6598
87.3288
87.7982
88.0349
87.0658
87.2952
86.5984
87.6518
85.7056
88.0368
87.6818
87.7627
89.5035
90.8645
90.4976
89.483
90.0124
90.0655
91.0207
90.8203
90.8039
92.4048
91.9276
89.24
87.8165
87.7241
87.6425
88.4165
89.0289
87.1154
85.4797
84.3029
83.9205
85.9137
84.6095
83.9568
82.1506
83.039
82.6594
83.0433
84.2541
84.6768
84.7418
84.5678
84.2545
86.3406
86.1935
87.4928
87.0018
86.6144
86.2267
85.13
84.2355
85.3206
85.4616
85.2485
85.3343
84.4688
83.8036
80.3346
82.1075
81.7877
80.7242
80.5857
80.0161
80.4726
81.424
80.7947
80.1167
80.1248
78.3844
77.6292
78.3993
77.1649
76.1186
77.3922
77.478
77.4891
77.7146
76.8812
77.2646
76.6961
76.8133
76.5279
77.4498
78.257
79.6022
79.6552
79.4786
80.6929
80.1739
81.3973
79.4621
80.1288
79.2714
78.8977
78.0896
78.5689
78.8202
78.9451
80.137
80.5804
82.243
82.662
82.6013
83.0862
81.5245
82.3754
82.5678
81.481
81.0384
81.4562
83.1389
83.4867
83.7259
84.0118
85.3584
84.6262
86.0441
82.4482
82.2343
82.2565
82.8
81.4967
81.1132
82.1097
83.337
83.0823
83.13
83.7243
82.7515
83.4629
82.7689
81.7726
81.4145
80.7387
78.905
78.5028
79.0258
78.1626
78.4673
79.3044
79.1254
78.6062
78.3714
77.9642
78.766
78.5877
78.773
78.1243
78.9217
79.9991
78.7181
78.4976
79.1621
79.5761
77.8612
78.9359
77.8181
78.162
77.8133
77.7111
77.713
77.1248
78.2359
77.7106
77.4079
77.2324
77.6264
79.3252
79.8339
78.9413
79.9689
78.7774
78.7324
78.2716
78.5167
78.1125
78.3517
79.0875
79.3552
79.4246
80.1774
80.2677
80.3053
80.429
80.8779
79.9668
80.3558
80.4236
81.2689
82.7675
81.5957
81.1708
81.166
82.1221
81.3456
81.4467
80.3936
81.4207
82.2945
82.3116
83.1236
82.4176
81.4446
81.1934
80.4478
81.2618
83.1209
82.2459
80.9672
81.257
79.4818
78.3395
80.2012
80.3564
80.9385
80.9003
80.5224
79.9555
81.6381
81.2607
80.7827
82.9693
82.4604
82.549
82.0022
83.0592
81.6214
81.3276
82.3257
83.3843
83.0132
83.1251
83.6442
83.516
84.2095
84.7965
83.7048
82.9227
82.034
80.6401
80.8514
81.1681
81.6832
82.884
83.1808
81.2021
80.7744
79.072
77.9123
77.7566
76.2453
76.0432
77.3517
77.7972
77.0438
78.9314
79.1376
80.7508
81.0217
80.9053
81.4398
79.6717
79.1087
78.7726
78.7831
79.6293
79.881
80.7422
80.2456
81.1472
82.623
81.0849
80.4962
81.5063
77.8926
78.6775
78.2051
77.958
77.2241
