100.793
100.305
98.2061
97.4075
95.0926
94.3193
92.8777
94.8142
93.7026
93.3022
94.8444
94.6943
93.3267
94.5009
94.2744
95.5585
94.3515
95.7592
95.4607
94.4319
94.7554
95.8221
96.062
96.3014
94.7349
94.2827
94.8483
95.0643
93.9945
93.8406
94.87
93.9392
95.2761
93.9622
92.0309
90.933
88.6586
87.3996
86.2704
84.9909
84.4322
85.5073
86.1232
87.35
85.5034
85.1602
85.12
84.7556
84.9152
85.4348
84.0792
84.3453
81.4772
82.1306
83.7038
85.4356
86.1422
87.9654
87.4599
88.9572
88.063
87.2984
86.9268
86.8936
86.6405
85.4851
86.2552
88.8471
88.305
88.7093
87.4731
89.0478
88.7127
90.5005
89.2323
87.4415
87.5647
87.3778
88.0025
90.1153
90.0048
90.3402
91.9585
92.1748
92.7642
94.9185
94.9331
96.3292
97.2998
97.8067
97.6894
95.061
95.1067
92.1422
91.0269
89.4849
89.9348
89.7398
88.4844
89.1721
90.5721
91.5505
91.3216
91.8487
93.0064
93.7133
93.1398
93.5405
93.2279
91.6115
90.092
91.0575
91.457
90.9789
88.8956
87.4876
86.8936
87.3076
87.5999
88.3409
88.7218
88.7127
88.8504
88.6971
90.2005
91.9921
92.2107
92.7482
96.0869
96.9325
97.4068
98.0724
97.4919
98.36
100.451
103.085
103.084
103.67
103.161
103.359
103.466
101.429
101.958
102.02
100.465
102.124
102.89
102.632
99.5969
100.569
98.4325
97.1438
99.1751
100.134
100.849
100.964
101.639
99.5381
100.681
100.546
101.064
100.924
101.109
100.444
101.039
102.814
103.921
103.404
102.685
101.413
100.654
101.668
100.467
101.788
104.39
103.11
102.715
102.853
102.517
103.114
103.959
103.729
103.456
102.086
103.716
103.88
103.831
104.554
102.677
103.224
101.402
102.332
100.262
98.3065
97.3458
97.4802
98.0442
96.5244
94.6055
94.1292
92.1892
91.7675
91.88
90.5082
91.8949
91.3316
92.1594
93.277
92.0243
93.3647
91.9361
91.5867
92.1435
94.0187
94.4959
92.6258
91.8162
94.4018
97.4239
97.4208
96.6489
94.2192
93.3372
93.9543
94.9418
95.696
96.6724
97.6277
97.9289
96.9649
97.5982
99.3682
99.3964
100.901
102.515
101.855
103.184
101.884
102.525
103.675
102.063
101.532
101.298
101.049
100.816
101.886
102.25
101.1
102.134
100.82
99.0431
99.8189
99.9278
98.2641
99.1376
99.831
99.5786
99.0866
96.1939
95.6942
95.5931
96.1389
97.3364
96.7693
95.2792
94.8298
96.1758
97.6393
99.5465
100.611
99.0952
97.2863
99.896
99.0991
100.743
98.2011
97.3141
97.793
96.8726
98.6146
97.7578
97.2538
98.6807
97.2735
98.8342
98.459
99.4183
97.925
99.3249
97.8398
99.2133
99.4426
98.9551
97.6135
99.1261
100.361
100.108
99.7176
99.948
98.0779
97.5677
98.6942
96.5626
95.9234
95.4529
94.4332
93.7695
95.9536
95.196
96.3169
95.6085
93.9447
93.7546
94.48
94.6337
95.5519
94.8014
96.3976
94.5495
93.6299
92.4313
90.6573
89.2195
89.2201
88.7966
87.2024
86.1293
87.3801
87.8591
86.296
85.1636
83.6483
82.0415
81.5577
79.6244
78.441
77.2162
77.5987
75.7904
74.4729
73.296
71.4888
72.0394
72.2153
71.2452
72.5283
73.037
73.4971
72.9901
71.8085
71.0446
70.6712
70.4871
71.7433
72.1387
72.8513
74.2893
74.1018
76.2156
77.2862
76.8828
76.3471
78.4223
77.0812
76.386
76.6884
76.4185
76.848
76.6029
76.3465
77.1393
76.1456
75.0935
75.9135
77.1023
76.2571
77.7885
77.3915
79.4491
79.1353
78.212
79.9499
79.6298
78.2954
77.7892
77.6246
78.019
78.1157
78.7729
78.616
79.9376
78.5865
78.7892
78.5278
81.8449
82.0569
81.7596
82.4459
83.6616
84.3527
85.5473
83.399
83.265
83.8962
83.9935
83.111
83.5716
84.7733
83.8518
83.1347
82.9164
82.8884
80.9557
82.2269
81.1564
81.0859
80.4827
81.3188
82.1307
81.3558
81.9117
80.1954
80.806
80.7992
82.4307
84.0087
82.2369
80.8139
80.4556
81.529
82.5334
81.4756
81.7159
81.6672
81.3736
79.1381
78.4246
78.1879
77.8028
77.4297
77.4545
77.4365
78.171
76.9856
75.8968
74.5501
74.2237
75.3359
75.3166
76.8157
75.4858
75.3931
74.3886
73.566
73.572
74.3291
73.8457
74.0633
74.8914
75.5047
73.8359
74.4729
75.6917
76.3843
74.1041
73.4362
72.7288
72.4956
71.6283
71.2086
70.8944
71.5461
73.4448
73.0293
73.124
73.4816
71.6354
72.922
72.5786
72.5142
71.9796
72.1481
72.0621
71.6727
71.6495
70.9134
70.6836
71.5637
71.2835
70.7922
69.4283
69.0296
68.0408
67.5956
67.1146
66.8988
66.5112
66.7034
67.1372
66.8346
66.7476
66.2948
66.5687
67.2289
67.4203
67.0689
66.418
64.3787
63.2489
62.8964
64.6602
63.3806
63.8278
64.2972
65.235
65.3016
64.688
64.6747
65.4482
66.8859
66.7867
67.4876
66.8501
65.9757
66.4718
66.0457
65.0483
64.2462
64.71
64.5708
64.0466
63.6518
62.8013
62.6897
62.4217
62.3103
62.5909
63.3638
62.1508
62.6974
62.5827
63.8557
64.2225
63.6836
63.1345
62.7985
61.9129
62.8191
61.86
62.992
63.6997
65.5652
66.0331
63.5448
62.7965
63.1577
62.9808
63.457
64.374
63.6997
64.7751
62.9486
61.9742
61.8987
62.9514
62.3199
61.793
62.0422
60.6555
60.2303
60.2657
61.6607
62.1815
62.1434
62.956
63.5926
65.1185
64.4835
63.389
63.1857
62.9519
62.82
63.0618
62.8599
62.2052
63.0098
63.3818
64.5858
66.5473
66.615
67.1283
67.2407
67.3768
67.6362
67.9188
67.7811
68.0965
67.3247
67.4897
65.4935
