101.148
102.064
103.983
104.364
104.825
105.487
106.482
106.377
105.754
105.741
103.954
104.428
103.012
99.9666
100.092
100.121
99.6706
98.5322
97.638
99.4988
100.33
97.479
98.2895
97.0694
97.3994
98.1727
96.9314
98.0085
96.1212
94.9782
94.2716
93.9461
93.9577
93.8459
94.1447
94.3574
93.095
94.6125
94.5821
94.3028
94.6495
95.7069
95.0664
95.0859
93.4941
93.6418
94.8427
95.073
95.6814
94.9991
95.9534
96.0895
94.6807
94.0632
94.34
95.1191
95.497
95.4065
94.3978
95.1333
95.0825
94.7799
92.8657
95.1986
97.1071
96.6697
97.5858
97.4645
95.0307
97.0974
95.8695
96.0983
96.6189
95.6603
96.1839
96.821
97.2324
96.325
96.3663
97.722
97.368
95.312
95.4264
96.6545
97.695
99.0339
98.5426
98.5767
98.5274
98.2154
97.6985
97.8884
99.4261
97.2123
99.4311
98.4215
100.003
100.186
100.366
99.6741
100.859
100.82
102.644
103.07
103.731
106.267
105.706
105.473
105.244
106.295
107.211
109.194
109.003
108.251
108.866
109.386
108.553
109.798
108.357
106.599
107.132
105.466
106.687
107.043
108.963
109.516
109.54
109.963
111.07
110.378
111.787
114.229
113.849
113.567
115.544
114.915
114.6
115.653
113.776
114.781
113.63
114.617
113.975
115.955
118.607
119.19
117.096
117.521
115.187
114.815
114.09
112.74
112.324
112.204
113.729
115.808
116.29
118.169
116.015
116.285
114.81
115.553
115.501
116.237
116.446
117.945
120.417
117.475
115.447
115.18
116.977
117.49
116.499
115.971
115.612
112.576
112.796
111.408
113.776
114.119
112.679
112.512
112.542
113.459
111.288
108.52
106.79
107.691
108.359
106.772
108.742
109.145
108.281
107.778
104.09
102.704
101.468
100.124
103.365
103.253
103.896
104.173
104.381
105.264
107.534
108.6
108.77
108.15
108.101
106.921
105.908
107.028
105.88
107.875
107.851
107.727
106.093
103.611
104.47
105.59
107.325
106.525
106.659
106.25
106.552
105.72
106.968
108.569
109.05
110.23
109.013
109.294
107.438
110.375
108.763
108.59
109.609
108.779
107.001
107.536
107.975
105.906
105.887
107.408
109.182
108.505
109.558
109.892
109.776
107.271
107.226
109.564
110.363
112.857
111.062
111.357
111.693
113.556
109.258
107.369
107.058
105.482
107.011
105.906
105.568
103.763
102.471
102.493
104.031
102.051
103.667
103.568
102.488
102.28
102.199
103.702
107.155
106.457
109.101
108.852
109.912
110.094
110.632
110.495
110.585
109.021
109.783
105.208
106.466
105.138
107.075
107.902
107.147
108.395
107.488
107.576
103.763
102.988
102.345
103.978
104.607
105.142
106.874
109.393
109.393
107.706
106.386
106.181
106.398
106.392
107.142
106.923
106.069
107.29
106.224
102.994
103.552
101.451
101.517
99.3354
100.18
99.8853
100.473
99.9053
100.898
99.6839
100.954
102
101.218
101.254
102.344
103.308
101.289
102.008
100.003
99.1738
99.8102
97.8898
97.1517
97.2329
97.7038
98.304
96.6413
94.8887
94.7473
95.3507
92.6234
93.5754
92.0998
93.3552
93.3691
92.9084
93.2244
92.7503
94.4542
92.9827
91.0009
90.5121
91.4095
89.9504
90.4069
89.6171
89.1269
88.8592
88.19
87.3985
86.7063
87.448
86.3661
86.2704
85.6187
85.8027
84.2641
84.5839
84.613
84.2437
84.6821
83.1742
81.691
83.1186
82.2886
81.8848
81.4013
81.219
82.1322
82.34
83.1161
85.3759
85.8247
84.4571
84.3668
82.4702
82.9713
84.4043
86.7598
87.8817
87.5894
87.2426
87.1637
89.7019
90.6943
89.4395
88.4905
86.1379
86.0207
86.5934
85.8154
85.7913
86.0281
87.805
88.2391
89.5275
91.711
92.6883
92.8993
95.6254
95.2069
95.5416
94.1445
93.9461
93.2182
92.8254
92.6543
91.4432
90.6406
88.9448
88.2638
87.5156
87.7122
90.3196
90.4985
89.8447
91.199
91.4488
91.2612
91.0684
90.4021
90.2014
90.0354
89.5862
88.8211
88.4471
86.2495
84.8279
85.466
86.2572
87.506
86.5065
86.3499
87.1585
87.1316
87.9458
87.1409
87.5187
86.7626
87.3547
86.891
88.975
90.1325
88.9603
90.244
92.5331
92.6399
90.6299
89.3818
89.7219
90.2926
89.9718
89.5148
88.72
89.5401
91.0328
91.7672
93.3232
92.424
93.5299
92.4103
92.7527
92.3411
91.1194
94.0294
94.5347
93.7775
95.6517
95.0759
94.052
92.7052
94.0798
93.8376
92.743
94.064
93.1408
92.5917
92.826
93.1099
94.2911
93.3331
95.401
94.5566
94.4478
93.6641
93.2316
96.8126
98.3415
99.1396
96.2588
94.5623
96.351
95.2194
95.4384
95.6279
95.5906
95.9817
96.9916
98.9374
98.7934
100.616
100.414
99.938
101.585
102.783
100.639
101.252
98.5702
99.0244
97.0968
97.6453
96.2522
96.2145
95.4056
97.0258
96.8476
97.2091
98.5671
100.67
102.738
101.826
99.7878
100.412
100.13
101.227
105.961
106.82
108.077
107.651
106.509
107.337
107.336
107.825
108.828
111.181
110.013
108.803
108.834
109.368
109.565
110.497
110.259
108.497
110.079
109.021
108.84
107.135
108.847
109.434
108.066
107.368
106.606
104.968
105.128
103.109
103.815
104.953
103.452
103.745
103.862
104.122
103.173
104.302
102.573
101.078
100.107
100.565
100.168
99.1917
100.563
101.059
99.9149
98.8635
100.524
100.555
101.006
100.96
100.606
99.8445
100.409
97.2481
95.1749
96.0299
95.8676
