100.489
103.496
102.476
103.346
102.648
101.492
101.605
99.5726
100.853
101.005
101.604
100.594
102.005
101.989
100.858
101.131
101.861
101.354
101.855
103.813
102.824
103.426
106.01
105.85
105.82
104.426
103.85
104.645
100.962
100.345
101.472
98.8305
97.0397
96.4902
95.6293
97.5384
97.2449
96.0271
94.9406
94.5078
94.1298
95.6547
94.486
93.8757
92.7278
91.2798
93.06
92.079
90.5699
90.5809
89.7957
88.9191
89.1416
88.5937
87.7495
89.876
88.3946
88.0656
87.577
85.5388
86.2623
85.5736
85.9411
85.2567
86.4928
86.8672
87.9532
85.8712
85.4007
84.5081
85.9868
85.0288
84.9202
85.0063
83.7392
83.8019
83.0838
84.2841
85.4929
85.7288
88.2784
90.754
92.2588
92.118
91.193
91.4559
90.818
92.3085
92.0577
91.8155
91.4625
88.88
89.6147
90.1354
92.8856
91.8527
91.131
91.526
93.2972
92.8129
94.4126
93.0893
91.464
91.6947
91.4499
90.9588
91.053
91.636
91.069
91.233
90.4354
90.7995
94.6003
94.8096
96.3023
97.3292
97.1301
94.6394
93.3632
92.4738
90.4769
90.2958
91.3111
91.2592
90.1353
91.6497
91.8008
93.209
91.7428
91.8215
94.1327
94.5435
94.3465
95.0004
94.6657
92.6725
92.5024
91.7128
90.9997
89.8629
89.3015
89.579
88.6131
87.7484
89.003
90.0358
87.6026
88.3007
89.0454
87.6295
88.0221
87.3448
87.4142
87.6862
91.4069
92.7541
92.7113
93.9935
94.555
95.1441
94.4645
93.6957
91.5791
92.5434
91.9874
91.7093
91.9625
92.7284
93.096
94.594
96.5161
97.4771
98.2509
100.44
99.4366
99.8415
99.1287
97.6554
95.8116
95.2339
92.7994
91.0506
89.2242
90.9577
90.9382
90.0544
88.5187
86.9736
88.4739
89.6307
90.1395
90.4575
89.754
90.2464
91.0209
91.9873
91.5437
90.3234
90.8015
91.4806
91.3846
91.85
94.3736
95.7765
96.5858
96.4266
96.5966
96.0863
96.2385
97.6338
97.5699
95.2148
96.7599
94.8769
96.202
96.3881
95.0351
93.6293
92.4647
91.8052
92.4449
89.8938
90.601
90.0741
90.497
88.2972
87.9663
87.5209
86.0361
86.4305
86.9796
87.8827
88.0023
90.4875
91.1315
92.2078
90.7878
91.8643
92.5724
92.3923
93.6642
93.2969
93.6511
94.7543
94.9378
94.8096
95.4712
94.0297
94.5993
93.4456
94.3937
93.2672
93.8714
95.8008
96.9936
98.7367
96.4849
97.2419
96.4691
98.6011
97.969
99.4946
101.349
100.035
101.734
102.891
105.119
104.711
103.52
102.101
102.551
100.616
99.408
99.5775
100.167
100.309
102.945
102.747
103.566
103.146
103.996
102.313
102.37
103.168
103.767
102.666
101.895
101.247
101.979
103.278
102.685
103.829
103.439
105.275
102.676
102.714
104.128
103.519
103.838
104.948
105.155
104.538
104.703
105.945
103.669
103.451
105.589
107.366
107.968
106.565
107.753
109.406
109.038
109.077
108.946
109.207
106.8
106.814
107.335
108.176
108.373
106.672
107.397
107.466
107.518
108.413
109.242
110.867
111.186
112.681
112.972
110.712
108.875
109.883
109.409
109.429
107.027
108.668
108.409
108.548
110.366
112.415
115.319
116.828
117.091
117.948
116.558
116.166
115.192
114.342
115.646
116.308
116.384
115.534
115.952
116.504
114.871
113.752
110.307
108.515
106.683
107.314
104.932
105.711
105.673
104.751
106.634
106.849
105.889
106.595
105.683
105.174
105.311
106.15
105.49
106.355
109.359
107.947
109.742
110.617
111.329
111.085
110.958
113.174
115.429
115.599
114.621
115.406
116.319
114.382
116.967
116.507
115.94
114.479
112.66
113.655
114.562
114.984
116.468
116.59
116.31
115.303
114.648
114.426
114.791
115.514
117.515
119.538
116.378
117.303
117.36
117.957
117.826
118.374
119.764
117.149
118.784
119.561
120.229
120.316
118.916
119.659
121.372
120.805
119.701
120.092
119.753
119.915
120.743
120.871
121.501
122.34
121.225
120.8
124.143
125.421
125.57
126.519
130.583
129.795
129.963
129.281
129.944
129.949
129.952
129.525
131.561
129.985
129.637
128.916
130.545
130.394
130.585
132.644
135.132
133.083
134.863
136.309
136.676
137.649
136.764
140.5
143.921
144.409
144.713
147.197
146.563
145.58
148.97
151.237
151.271
150.813
150.951
150.247
148.776
148.871
146.699
143.988
143.338
143.913
142.154
142.197
141.995
142.989
145.085
145.409
145.687
145.884
143.96
147.622
144.823
144.553
146.475
148.699
146.671
144.55
147.326
147.216
149.315
148.372
152.051
152.79
150.033
150.764
149.257
145.903
145.614
144.563
142.052
139.639
138.002
139.993
138.029
136.005
135.231
136.413
134.121
135.486
134.128
133.171
131.678
132.243
135.159
136.839
135.387
139.13
139.485
138.953
138.812
138.73
141.212
139.672
140.64
139.167
139.308
137.477
134.446
132.131
129.138
128.914
127.174
125.876
124.636
124.282
127.283
129.001
132.122
130.748
131.831
130.487
131.444
129.02
128.635
129.988
130.361
132.645
133.083
134.787
136.1
133.307
133.032
135.269
137.28
139.406
140.132
141.056
140.841
141.731
139.73
142.002
141.825
144.139
141.568
145.923
146.248
141.056
139.487
138.103
136.817
140.137
141.962
142.353
142.281
142.837
142.569
142.294
142.251
144.832
145.495
143.295
146.511
148.335
148.83
152.262
151.173
150.051
151.05
150.855
148.224
151.052
