101.678
99.4099
100.206
100.256
98.5338
97.6241
97.9172
98.5495
95.549
95.8584
96.8942
96.4438
95.5555
96.4491
98.457
98.474
99.1135
98.9695
96.2466
93.9491
94.3929
94.8778
95.9174
95.9802
95.9259
96.4367
96.9964
97.8757
98.29
98.9742
98.2616
102.616
101.843
104.141
105.35
105.068
104.644
104.879
103.805
103.604
103.772
102.693
99.3636
98.9305
96.9437
99.6476
98.6166
98.5187
98.7277
97.5619
97.101
96.5725
94.6103
94.8773
94.2824
95.4909
95.7943
96.4284
97.8044
97.6043
99.3202
100.655
103.874
104.956
102.264
102.351
102.168
99.2368
100.084
101.31
101.952
97.6076
100.255
101.249
101.863
101.978
101.563
102.22
102.861
102.968
103.049
104.112
103.816
104.219
102.658
102.633
101.706
101.895
99.3209
97.7638
97.32
96.3684
98.4294
97.8126
98.2047
97.2869
97.0915
100.631
101.056
101.421
103.535
105.675
106.985
104.637
104.126
103.841
103.577
101.913
99.3126
99.7037
100.382
100.144
99.5623
99.0676
99.6824
99.7406
98.5211
98.3159
95.799
95.8666
97.1661
97.1423
97.0804
97.5346
98.3939
98.0092
99.6343
100.919
100.463
99.7232
99.6941
99.8402
99.8049
98.031
98.2039
96.6963
97.1701
98.9761
99.8414
98.512
96.3748
95.4997
96.4982
97.1757
98.6163
98.6593
99.0466
98.327
98.7488
98.3236
97.0843
97.3325
98.1653
96.7255
96.8496
94.9531
93.3393
92.9943
92.3005
92.1361
92.707
93.6688
94.6592
95.4297
94.2779
94.2148
95.173
94.6474
93.5642
93.6159
96.1416
96.8902
96.0313
97.6681
97.1788
96.7968
95.3684
95.5044
96.3275
97.4498
96.5882
97.265
96.9858
96.5072
97.445
97.7524
99.0041
95.5198
93.8074
94.1098
94.4166
94.6492
95.182
96.3362
96.6276
96.23
96.9442
96.8562
98.3409
97.4229
95.646
95.1938
96.126
95.5205
95.4375
95.7192
95.0572
93.2678
93.8171
92.9768
93.2768
92.2011
92.7793
92.6095
93.0367
94.6926
94.8271
97.4014
97.6886
98.3246
98.1437
99.2518
100.18
99.2946
99.6961
98.3844
98.0894
101.017
101.238
101.734
103.254
102.21
104.912
103.527
101.527
98.8348
98.1702
98.1805
97.2099
96.2865
96.6641
96.4987
94.4788
94.2484
93.4216
92.2197
90.6875
89.2088
90.2616
90.1962
89.293
91.26
89.6175
89.2706
89.3426
89.063
88.972
88.9102
89.7305
87.893
87.3097
87.8289
89.3686
91.5547
90.8498
90.4781
91.6458
89.9621
87.1624
87.4543
88.5194
87.5899
85.3141
85.3266
84.8962
83.2315
83.4234
82.2577
83.19
83.1854
83.0866
83.5849
83.6024
84.3669
83.9484
82.5562
83.8989
83.6231
83.4556
84.0175
84.0477
83.6373
82.5103
81.766
80.7837
79.1903
78.2958
79.1099
78.6578
80.4139
80.312
79.5008
79.5862
79.3761
80.7022
80.7264
80.4832
82.0096
82.4984
84.0824
83.7687
82.827
83.4013
83.5386
83.1219
83.2361
82.2318
82.41
82.6415
82.0839
82.6527
81.4148
81.9525
82.969
82.6672
83.6816
83.9067
83.7972
84.992
84.7298
84.4636
85.535
85.6302
86.9421
89.2427
90.0004
91.1258
91.5176
92.6302
93.5562
91.5328
91.3562
89.0915
90.2432
88.5661
86.2059
85.8557
83.8856
82.9337
82.1517
83.5297
84.0075
83.7525
84.5146
85.3424
86.2501
85.0326
83.718
84.6447
84.7133
85.5912
86.1954
86.4768
88.6172
88.1041
87.518
87.6874
90.21
89.0859
89.937
88.637
88.2145
85.9951
88.4463
88.3351
88.6589
88.0697
89.048
88.9229
88.2396
87.8283
87.7367
88.2205
87.2929
87.0136
87.3984
88.6162
87.6672
87.9842
88.5556
88.2458
88.5387
90.0154
89.9854
86.9778
87.5904
86.9867
87.6993
88.8658
89.2806
89.3008
89.9191
89.8445
91.9022
91.5787
92.6987
91.1413
89.9687
89.7519
90.7531
91.4283
91.5594
92.4013
94.0624
94.6861
94.2926
96.7692
95.9571
96.114
96.1508
95.6465
94.0709
95.0875
94.5482
92.8332
91.4041
90.8302
89.2638
89.9199
88.6838
89.9613
88.3892
88.1699
89.8494
90.0527
89.3491
90.4311
88.3144
87.423
87.8567
87.0016
86.0878
85.7705
86.5096
84.3749
84.5454
84.1466
85.0635
87.0996
85.1875
85.2765
82.8126
83.477
82.3529
83.1286
82.6849
83.7695
85.1658
84.2019
83.4659
84.3603
84.5518
85.9814
86.539
87.1734
88.1601
87.3468
86.2357
86.0322
86.6569
86.0965
86.1895
87.6733
87.4693
87.8605
86.7975
87.2925
88.3937
87.9604
88.2007
85.4787
85.6528
83.8416
83.9081
84.7695
86.4227
88.3676
87.5388
88.0659
87.2257
85.7946
87.7503
88.0872
88.0805
90.0917
90.3021
89.594
90.5263
88.8425
89.3476
89.5259
91.6606
92.5077
91.8904
92.992
92.6947
93.3464
92.4078
91.9979
90.5418
91.1433
91.4379
90.7706
89.3177
89.6477
89.2872
90.8174
92.3413
94.7848
94.8178
95.984
95.3696
95.7142
97.9408
99.2156
100.016
100.208
102.459
103.302
101.96
99.8972
99.0143
98.1942
99.3211
101.317
101.125
102.316
101.994
102.203
103.739
103.1
102.617
101.703
101.338
103.127
101.174
101.646
101.507
103.063
104.153
102.902
103.271
102.946
105.085
105.961
106.157
105.584
104.66
103.535
103.123
102.882
103.796
101.346
100.04
101.638
100.777
99.92
101.017
100.266
100.542
101.249
99.9852
98.7408
97.3851
97.6022
99.8498
101.962
103.951
104.299
105.025
103.847
102.793
104.487
103.228
102.065
101.492
99.7597
100.686
99.5795
98.2709
96.3052
96.4712
96.9745
98.6868
97.9172
97.7419
96.7192
97.3648
97.1514
95.9263
