97.9617
98.2315
97.1355
96.1214
97.3647
99.875
98.2961
100.402
99.1
99.6169
97.5009
98.3456
98.0112
96.6954
96.8369
97.061
98.925
100.435
102.147
100.003
100.612
100.34
101.838
102.58
102.199
102.186
101.838
100.973
101.475
103.841
105.645
107.085
105.153
105.176
102.635
105.588
105.114
103.758
105.18
105.373
108.064
108.51
107.895
108.384
109.127
109.066
108.754
110.507
109.111
110.241
109.905
109.794
109.506
109.57
111.156
110.811
111.822
114.085
113.285
112.29
111.268
112.26
113.076
115.995
115.378
115.869
115.826
116.803
115.427
114.65
115.37
115.917
117.03
116.987
116.677
117.698
118.231
114.655
114.162
113.196
116.529
112.508
112.831
112.898
113.828
113.714
113.755
111.522
114.063
113.307
112.68
112.852
114.438
115.002
113.861
115.541
113.767
113.124
112.408
111.4
110.848
109.303
108.023
109.563
107.979
107.624
106.923
106.969
107.821
107.784
108.511
107.601
109.157
109.291
110.717
111.838
112.056
114.077
113.471
113.606
115.551
117.73
119.084
117.497
117.649
118.226
117.739
118.127
116.573
116.198
117.513
117.361
119.065
120.264
118.039
117.686
115.845
117.086
116.645
112.455
111.429
111.341
110.007
108.206
106.107
105.647
107.024
105.076
108.308
106.906
105.745
106.643
108.95
111.249
110.353
110.863
110.613
111.947
111.637
111.375
113.545
112.742
115.321
116.763
115.147
115.174
113.835
112.898
112.018
112.49
108.654
110.778
109.371
107.888
109.1
108.303
106.113
105.18
104.894
104.748
103.166
102.894
101.059
101.315
102.719
102.869
103.314
105.261
103.86
105.848
104.59
103.717
105.91
106.834
106.373
108.027
106.328
105.835
104.09
99.9656
98.0385
99.5202
100.474
99.4232
98.8508
100.114
100.715
99.4464
98.8166
96.5822
95.3939
96.4537
96.3238
99.3192
100.986
99.1945
99.1819
99.3774
100.615
99.6508
99.1817
99.628
99.0144
99.5911
99.3786
99.1978
99.3091
99.6263
101.1
101.826
102.06
102.57
103.922
105.64
105.514
104.318
101.4
101.468
103.478
102.454
103.172
104.088
105.16
106.338
108.355
109.636
111.353
111.957
114.069
115.884
115.948
114.554
115.632
116.091
117.455
117.622
117.479
114.962
114.73
112.373
112.933
114.267
114.511
114.2
113.657
112.206
112.489
113.573
114.093
113.805
113.584
112.222
112.114
113.203
114.844
117.117
117.368
119.391
118.398
119.45
119.9
116.714
118.078
117.236
115.769
114.01
112.384
111.029
108.267
108.491
109.22
110.289
111.776
112.286
112.159
112.803
113.746
115.267
114.32
114.238
112.696
112.645
113.436
113.836
115.337
116.978
113.82
113.736
113.609
112.873
113.179
113.274
111.919
110.95
111.499
113.365
112.954
114.985
113.813
115.012
115.496
116.435
116.959
117.449
115.248
113.897
115.232
114.707
115.473
116.886
118.55
119.181
117.698
114.382
116.489
118.329
116.918
118.794
117.973
117.426
117.988
119.63
119.159
117.219
117.329
117.081
118.866
120.133
117.909
118.715
117.827
115.637
116.889
115.876
114.518
113.294
111.085
110.89
111.043
112.002
110.218
109.524
111.68
112.754
112.999
113.458
113.745
113.206
113.472
111.086
110.009
112.096
111.238
112.39
112.138
112.361
113.39
116.675
115.55
115.332
114.096
114.921
112.949
114.582
116.037
118.284
119.65
119.993
120.416
120.821
121.164
121.292
121.422
120.214
120.699
121.81
120.845
118.816
119.167
118.607
118.078
120.032
120.511
121.204
122.197
124.026
124.553
127.853
129.852
132.969
133.394
134.374
132.511
129.988
126.261
123.94
123.25
123.414
122.324
122.33
120.916
122.512
122.836
121.531
121.06
120.192
117.981
118.785
116.654
116.285
115.465
115.581
119.291
119.076
118.611
118.166
117.118
114.779
114.169
114.102
113.43
114.265
114.487
114.1
114.68
116.727
116.414
117.794
118.647
118.446
118.678
116.007
116.859
118.52
118.666
117.348
118.122
118.816
120.586
121.845
120.144
119.409
117.545
116.706
118.001
120.963
120.168
117.966
119.962
117.531
116.584
115.628
117.449
115.546
116.005
118.691
118.301
119.198
119.832
122.373
120.504
120.693
119.412
116.832
116.643
117.092
115.368
114.96
116.48
116.698
116.584
115.533
114.169
112.947
112.463
112.822
112.899
113.637
112.81
112.791
113.543
113.161
111.568
111.159
112.299
113.336
116.013
116.379
115.721
116.76
118.227
115.681
114.071
113.955
112.178
111.362
113.106
111.389
112.306
109.889
109.243
109.98
109.928
110.107
110.095
110.54
108.052
108.869
110.886
112.191
112.032
113.435
111.684
110.986
109.458
109.889
109.142
109.135
110.697
109.609
109.398
111.229
111.281
112.713
111.685
112.663
115.557
115.517
115.284
118.274
119.995
120.587
120.205
120.154
119.368
120.339
120.71
119.691
121.102
121.082
117.993
119.503
119.372
118.373
118.906
117.799
116.791
115.353
116.426
115.554
116.362
117.971
117.055
116.325
115.79
116.416
116.575
115.183
114.151
115.856
115.526
115.61
113.065
114.415
116.185
116.6
117.96
117.998
118.812
118.816
116.863
116.457
116.829
119.979
119.115
118.557
116.958
116.771
117.086
117.487
