100.435
100.893
100.649
100.419
101.238
100.764
101.268
100.74
101.301
99.7118
101.308
100.531
101.321
100.961
101.354
100.226
100.217
99.8546
100.569
98.9892
99.6332
101.043
102.493
99.8228
98.4354
97.98
97.1369
97.1834
94.9309
94.2165
94.3301
96.2331
96.8706
96.1269
95.7236
96.0806
95.9093
97.3689
95.8456
94.9023
93.4982
94.7716
95.0425
92.3221
91.7212
91.8299
92.9921
92.7533
91.6583
90.6267
91.413
89.3164
88.9831
89.5247
88.6698
88.5622
88.027
87.4064
86.7283
88.1521
88.2941
89.045
89.2618
90.5202
91.5777
92.9141
93.1356
94.7945
94.7436
93.37
94.3554
93.2612
90.2232
90.6109
92.6344
93.8628
93.2591
92.4072
92.4862
93.2914
94.2454
94.6287
96.6739
96.555
94.4372
93.2224
93.3131
94.0562
93.4332
91.7319
91.2177
92.2866
89.7294
89.2418
87.4768
87.086
88.6732
88.6178
87.7572
88.1598
90.6392
89.4292
88.9025
88.3218
87.9384
88.1872
88.9997
89.593
90.2732
90.3496
91.1321
90.0676
91.2472
90.1903
89.8203
89.5953
90.5919
90.8929
91.4601
90.8657
89.8451
89.3608
90.1646
89.6923
88.1372
88.267
88.0093
87.6015
86.0568
85.9967
85.6479
83.9472
84.925
84.6422
84.3246
84.4581
84.7052
85.8206
85.9994
86.7451
88.2786
87.9172
87.7444
88.4091
87.7146
86.7747
85.5654
84.4172
84.0876
84.1298
85.3466
86.2382
85.4102
85.403
85.9713
84.8017
83.2623
80.3094
81.11
80.0511
79.1807
78.892
79.5554
80.807
80.5523
80.9432
80.5322
79.6899
78.9564
79.4715
78.6341
79.5614
79.6177
77.8248
77.6259
77.3889
77.6962
78.6125
79.3993
78.537
79.4751
79.8606
79.6268
79.5014
79.3337
78.5021
78.3675
78.9851
79.3972
78.7651
78.156
76.4787
77.1405
79.0819
79.6496
79.0301
78.4115
78.9842
78.171
78.4389
78.5542
77.9788
77.5693
76.6625
77.1838
76.5434
77.2905
77.9847
78.6453
78.3844
77.2341
76.0114
76.229
76.1172
75.4474
76.5446
75.1025
75.2652
76.337
75.2717
75.1398
75.5851
74.0675
73.9132
74.1875
73.7369
74.3727
74.4757
74.3931
73.065
73.9058
74.0326
74.084
72.5503
72.9152
73.3242
74.8005
75.9992
76.4749
76.5819
75.8779
76.4671
76.7747
77.4019
78.6548
78.0431
78.9805
77.8975
77.121
77.6172
77.9028
78.4238
77.6555
79.554
80.6699
80.3498
77.9048
78.2746
78.738
78.603
79.094
78.6985
78.9507
79.1503
80.5514
80.0232
82.4103
83.2869
82.1915
81.6919
82.4613
83.0524
82.8651
82.9255
82.9227
81.2891
80.9739
81.2795
81.0962
81.324
82.2066
81.8568
82.5411
80.7586
79.8075
81.9174
82.3155
81.9273
81.9669
80.2189
79.4054
78.2405
77.996
78.4686
79.1886
80.3334
80.8407
83.2191
84.3743
84.5444
86.3186
86.6434
87.1247
87.3345
88.3914
88.8328
90.3119
88.8516
87.4911
89.1612
89.9851
90.7383
89.9312
90.1899
91.844
90.7927
92.7568
93.0305
90.413
92.164
90.2817
90.6582
89.673
90.1687
89.7168
89.6983
90.3891
90.6745
91.1238
90.8692
89.4763
88.0629
87.6343
88.2978
88.6268
89.4494
89.6587
91.8013
90.7902
88.5369
88.8729
88.5955
89.314
88.204
87.7472
89.4442
87.0587
88.5827
87.8632
87.5853
87.505
87.1218
85.9224
87.3313
87.2566
87.224
87.7634
88.8845
90.3973
89.8272
92.4598
92.8774
94.5886
95.2449
96.3906
96.6549
95.555
97.1806
97.2034
98.5273
97.2939
97.6784
97.8933
98.1668
95.4391
94.5016
93.9887
93.632
94.03
95.104
94.6165
95.2656
92.841
93.4527
95.542
95.0259
95.5076
95.8361
95.916
94.839
94.0129
92.4465
93.2772
95.1881
98.6484
97.3731
97.1272
94.9903
96.7292
97.7398
98.4407
96.6165
99.055
99.813
98.1788
98.0953
97.1978
97.2809
98.3921
96.1341
93.9646
93.2194
94.6811
92.8317
91.7411
90.9152
90.9115
89.5834
90.2398
91.212
91.7798
90.5505
89.7338
88.9555
89.3409
90.805
89.137
88.325
87.3328
87.3646
87.2224
84.8403
85.0224
85.008
87.2448
85.3909
85.3077
84.6418
84.2117
86.2959
86.4905
84.0342
82.4811
82.2761
82.3181
82.4053
82.2
84.3041
82.8345
82.6451
81.5421
81.0619
79.1371
79.9087
79.8286
80.0602
82.0919
83.2358
81.954
82.5456
81.2373
81.9543
82.8874
83.3594
85.3596
85.5669
84.4602
84.6966
84.4079
86.7758
84.5561
85.5104
86.9283
85.9776
85.6952
86.3872
86.4311
87.2378
87.2649
86.1111
86.5849
87.2586
87.7405
88.3089
88.4267
88.3116
86.8525
87.7915
87.2783
86.1327
86.4737
86.1596
85.8827
87.5219
87.329
86.6815
87.4537
87.6149
87.685
87.5859
87.2467
86.7612
87.875
87.7772
87.3103
87.1477
86.4795
87.3483
86.3569
88.0253
88.4402
90.3318
91.7816
91.9433
91.2959
91.6868
90.8974
92.5081
90.3064
90.4366
90.7538
90.2127
90.0212
88.9375
90.743
90.7318
91.0631
92.4481
93.3497
93.8478
93.2563
92.6202
91.4565
92.2587
93.1316
93.6615
92.4955
93.2476
93.0258
93.0609
93.0236
93.0721
92.2331
90.1524
90.2356
89.727
88.7045
87.8665
87.4149
89.3261
89.3727
87.8406
88.9025
88.0446
88.3998
87.0372
87.6878
89.0721
88.5502
89.9262
89.1482
87.5326
89.155
91.8973
90.7446
90.0657
89.599
87.5199
88.2146
88.862
88.6446
87.6497
87.8027
88.6282
88.9318
89.3218
88.3022
88.9772
90.2325
88.7373
89.2866
90.1471
92.7506
91.9552
92.7403
93.3884
94.5599
94.655
94.5437
95.5334
95.8253
94.795
94.491
95.8926
96.9208
99.6537
98.1765
98.8323
97.2027
96.5746
