100.331
98.7564
98.8983
97.9902
97.4453
97.0919
97.5555
97.6162
99.5558
99.2835
98.3527
97.1729
95.4067
96.9334
95.3387
96.9839
99.4763
98.522
96.8914
97.2367
97.4765
97.677
98.2856
97.0878
97.3846
97.489
98.5658
101.021
101.678
102.563
101.075
100.507
100.175
102.011
102.211
100.338
98.9603
96.4907
96.5846
96.027
94.9029
95.1876
96.2831
94.9992
97.3086
97.7948
100.494
101.237
101.198
103.442
101.631
100.096
100.189
100.644
100.309
100.254
99.347
98.504
98.4287
98.5314
97.8181
98.7765
101.209
98.2128
98.4897
99.5185
101.668
100.47
100.928
102.233
105.977
107.172
107.819
109.138
109.796
110.066
111.895
111.857
112.58
112.701
111.295
111.68
110.601
110.227
111.119
112.849
111.983
113.226
113.113
115.166
117.853
120.98
121.275
122.205
124.29
126.787
127.098
126.241
126.533
127.8
126.826
128.106
128.811
127.967
130.078
129.851
126.479
124.737
124.153
124.786
127.191
129.901
130.954
130.955
133.216
134.622
132.229
133.671
132.625
132.96
130.142
131.163
128.93
128.301
127.643
126.337
128.185
128.838
128.511
129.33
128.551
127.802
131.25
132.493
132.903
134.719
135.611
138.173
137.648
136.197
135.943
137.196
136.908
138.684
138.775
139.522
141.58
139.495
135.47
140.019
138.232
139.606
140.066
141.654
143.308
144.212
145.585
145.874
144.109
144.446
144.129
146.066
144.822
146.099
149.252
147.972
151.57
150.925
151.016
149.849
151.51
153.076
152.651
156.371
158.435
159.172
160.029
157.379
157.58
159.855
160.123
159.408
156.752
159.967
161.926
163.123
167.532
166.362
164.581
165.726
165.811
168.506
166.636
165.467
170.783
171.275
167.912
165.792
166.354
164.123
160.675
157.97
157.648
158.54
158.157
158.447
154.368
151.675
149.793
149.516
148.815
146.108
145.448
145.155
145.488
146.586
149.209
149.691
148.32
150.082
147.175
149.039
152.975
152.601
153.905
154.115
151.152
151.16
148.714
146.31
147.452
145.707
146.052
146.268
149.095
148.893
148.088
148.095
148.477
150.054
149.859
150.115
151.131
152.31
154.326
153.044
154.774
154.265
154.482
157.367
155.775
155.796
156.269
157.387
158.302
157.953
157.8
158.151
155.188
159.58
153.826
152.385
146.083
143.827
146.013
147.356
150.591
151.246
150.213
149.479
150.137
154.045
154.101
156.96
158.931
160.716
160.853
160.216
162.57
167.282
168.27
169.599
167.073
166.408
166.729
166.551
166.514
168.323
166.695
167.97
165.719
163.535
165.817
168.581
167.961
166.389
168.693
165.349
166.675
165.945
166.557
167.548
166.474
166.591
162.066
164.018
168.319
171.664
170.146
167.604
169.344
169.786
171.391
173.79
170.922
173.015
171.545
168.226
169.179
170.004
170.105
170.135
168.401
164.559
165.951
168.417
167.145
165.285
163.805
164.902
164.021
161.106
161.458
156.865
157.454
159.401
161.758
158.565
158.973
160.619
160.836
165.148
164.612
164.571
163.2
163.19
164.662
166.859
166.354
165.485
167.981
168.728
167.816
165.763
164.371
166.827
166.391
166.205
168.413
170.757
170.445
172.592
171.517
170.436
168.467
169.383
171.22
171.549
169.899
170.563
173.34
173.715
174.042
169.439
169.41
163.429
164.244
163.793
167.69
165.948
165.159
161.54
158.711
160.832
157.717
160.07
161.394
157.616
158.908
159.076
158.57
160.033
159.636
159.384
159.575
162.675
159.453
160.443
159.529
157.997
155.541
155.302
154.054
155.927
158.213
158.786
157.939
158.063
157.622
156.565
157.743
157.832
157.6
154.562
156.805
159.39
161.173
157.234
158.532
156.833
156.514
155.107
154.274
153.055
153.311
153.444
157.043
157.431
153.6
148.327
148.398
144.732
141.241
139.312
138.297
139.872
143.511
140.356
142.496
140.752
143.066
143.354
143.602
143.598
141.481
140.338
143.353
144.432
145.386
145.205
147.22
150.616
150.507
152.305
153.076
153.376
155.13
153.731
156.634
158.346
156.332
154.412
154.794
156.978
152.165
151.976
150.983
151.937
151.194
152.257
152.356
155.763
153.347
154.291
152.561
152.396
151.756
149.211
151.179
154.57
155.586
157.107
154.134
156.486
158.252
158.499
160.046
164.875
168.752
170.738
168.508
167.026
166.336
168.093
166.788
168.802
164.019
164.154
167.926
167.375
170.391
172.716
176.034
176.068
175.847
175.157
175.302
175.281
177.424
178.565
179.41
178.934
183.378
184.285
185.217
183.415
187.255
187.695
190.133
190.044
190.027
191.378
193.298
190.315
191.443
194.447
194.446
197.762
197.786
197.707
199.902
195.811
197.992
202.077
202.867
200.587
199.886
200.503
196.934
199.139
198.098
200.828
203.333
202.058
197.491
193.706
196.719
198.33
198.599
199.545
199.046
195.844
191.988
194.384
193.139
190.798
194.307
196.358
193.574
194.819
196.467
199.135
199.91
201.004
199.249
197.041
195.403
192.841
193.645
195.116
198.653
195.591
196.524
195.195
198.114
196.226
193.147
193.454
195.68
196.461
198.453
199.495
197.293
196.596
197.029
198.659
199.324
198.706
200.347
203.711
199.663
199.932
197.782
195.63
196.819
197.779
198.57
196.18
199.443
192.14
