100.678
101.162
100.667
100.54
100.621
101.604
102.337
102.283
103.746
105.536
105.141
104.777
102.176
101.787
102.227
100.297
100.595
99.6416
98.7782
97.92
98.1837
100.521
100.357
98.217
98.6494
95.702
95.0938
95.4109
96.2907
97.9858
97.8783
96.8397
97.0318
94.7663
93.5476
95.0433
95.0264
95.9281
95.464
93.8456
94.3476
93.8755
94.1428
91.306
92.6601
93.5998
93.8921
95.4041
95.1209
98.7893
99.1145
98.1517
98.7331
98.7282
98.4455
98.188
96.5612
96.9435
98.1289
100.064
100.378
103.273
102.002
103.596
103.263
104.045
105.68
105.21
103.614
103.814
106.633
107.023
108.356
108.077
108.181
107.673
106.329
106.492
106.738
107.729
106.134
105.663
102.679
103.55
102.754
104.4
101.961
102.096
101.246
101.532
103.132
101.636
100.985
102.635
103.457
104.666
104.613
104.073
102.684
105.068
104.903
103.828
102.53
102.176
102.483
104.354
103.451
100.462
100.224
101.002
99.2573
100.323
98.1836
97.701
96.0082
96.675
97.1845
97.8049
98.4399
99.0051
96.3677
96.8481
99.1892
98.0947
98.519
98.6444
96.2987
96.4417
94.5112
95.4653
96.6572
97.709
98.2983
98.5907
97.6564
98.2948
99.2343
96.4122
96.3662
94.4891
95.5457
97.7153
97.3732
98.1866
97.1686
95.7136
95.2312
94.0082
97.161
97.9759
93.9961
95.6066
94.0395
92.9657
92.1616
93.3754
91.576
91.4394
89.2813
90.8114
91.1857
91.6104
90.5009
89.7935
89.7394
89.5277
88.9305
88.7908
89.0001
89.3953
89.0618
90.6537
91.0908
91.3371
91.4556
91.5179
91.9152
90.8528
90.5666
89.6302
90.7903
90.4109
90.757
92.4431
91.5403
91.6033
91.8584
91.2546
89.9135
90.9786
91.4022
93.2017
92.0183
92.3073
93.6846
92.9957
94.9384
94.6396
93.7722
91.8798
91.1692
91.9801
92.9241
92.5274
92.0033
91.4874
91.9051
92.3788
91.4568
93.5276
94.7244
95.6367
94.4177
93.8079
95.0768
98.8031
98.7884
100.9
100.295
100.101
99.5997
98.5941
99.5145
99.697
99.78
98.8472
99.9926
100.105
97.755
98.3019
100.207
100.249
102.828
103.495
102.851
102.778
102.049
102.825
102.007
100.031
97.6679
97.6867
98.2316
98.2681
101.039
99.9555
102.142
101.714
100.237
100.217
98.1315
97.73
100.025
99.9842
99.5538
100.818
100.042
99.0831
99.8072
98.9733
98.5086
100.106
100.033
100.426
102.596
100.802
100.454
98.1453
98.0445
98.6497
97.2945
98.566
98.6252
96.1076
93.9993
93.8817
93.5753
94.4581
95.9187
95.1315
93.8588
92.4526
91.8256
91.6292
90.6746
90.2354
89.334
89.0764
88.0565
88.4927
88.0334
88.9504
89.4137
89.2948
89.8773
91.241
91.1405
89.7242
88.488
87.2554
87.3068
86.8929
87.5987
85.7727
85.7284
85.757
85.5902
83.5722
84.3643
83.4481
82.7056
83.6253
81.8706
81.6928
79.9268
80.1688
80.0532
78.5214
79.3467
79.2604
75.8305
75.5619
75.4119
74.9214
74.0981
74.0836
74.4123
72.8311
72.0157
74.1294
75.384
76.2381
77.3795
78.5286
77.9065
76.7335
75.6116
75.348
75.1321
74.3211
75.3829
74.6716
75.1059
75.3062
74.3758
75.0518
75.9971
76.2371
78.8499
77.8156
76.1827
76.13
77.5576
76.2584
76.1067
76.1481
75.4279
75.3562
74.2591
73.6395
73.7134
73.1949
73.4334
73.8955
75.2344
74.5444
75.8971
76.6964
76.9633
78.2085
75.7318
77.1777
77.3532
77.5665
79.3742
78.8614
79.2865
79.6281
79.0206
79.1569
79.5127
78.7842
79.7952
80.903
80.4231
79.1468
78.7716
77.9345
75.7654
76.8971
76.5968
76.788
76.4135
77.7532
77.2326
77.6042
77.0043
78.0106
75.0633
75.4404
76.7879
76.7597
77.4828
78.0588
77.9407
77.6832
78.7295
78.197
78.3109
78.7345
78.0638
76.3425
74.8568
74.3994
74.4071
74.4984
72.7208
73.0939
74.1113
74.4804
76.1266
72.9044
74.1398
72.0538
73.3691
72.9557
73.0219
72.3266
73.5629
73.881
73.6963
74.2624
74.2381
74.0845
74.1255
74.246
74.3375
74.9706
75.5467
75.3472
75.1363
73.5028
75.1735
74.8507
74.2862
74.9106
76.0897
75.3853
75.8542
76.575
76.4939
76.2266
76.7976
78.0692
78.3244
79.6012
79.8634
78.9935
78.8632
77.6394
78.8072
79.734
81.1529
80.0614
82.0353
82.8539
81.3932
80.8612
81.7868
81.9239
83.1759
83.3798
84.1991
85.0003
84.5143
84.2702
83.7141
82.3392
84.1055
84.9186
83.9048
84.347
86.566
85.1659
85.0789
84.0595
84.4905
85.6599
87.3361
88.5232
90.9325
89.5207
88.5153
88.4514
87.1914
87.2797
86.8733
87.6767
87.3456
87.9198
89.5653
89.1288
87.628
85.5932
85.5829
87.7665
87.6615
90.1961
91.7071
90.7015
90.2559
91.9905
93.111
93.4307
93.8775
93.6335
93.9229
93.9417
91.8856
94.2803
93.1383
92.9233
91.4235
92.3198
93.0366
93.9287
94.4335
93.0143
92.7496
92.7466
92.1586
92.6381
92.0196
90.9017
88.9521
87.5784
87.9684
89.8346
89.177
91.5933
92.0025
93.8792
94.1346
94.1121
93.3315
93.8013
95.2627
97.4251
98.1206
98.1253
98.5181
99.019
97.6048
97.3308
98.2947
97.1356
95.7719
93.8572
92.8397
94.5231
94.589
96.221
93.834
94.5244
92.7562
92.7837
91.9292
92.275
93.8369
94.8047
94.1181
95.0183
94.9636
93.8455
93.6269
91.4955
90.3812
90.0767
90.2486
92.4728
92.4042
90.7784
90.8664
90.1026
88.1684
87.0854
86.4593
87.6939
88.0241
88.1546
90.4541
91.6076
91.7658
93.8837
93.1188
92.947
93.1559
95.062
95.3434
96.0882
