99.3617
99.0121
97.0172
95.2071
94.2792
95.4308
96.7751
96.0073
94.1265
95.5643
96.0664
97.3733
96.9063
96.5558
96.8688
97.9406
97.3894
96.8665
99.7395
101.295
99.2427
98.8721
100.105
100.012
98.6839
99.8662
99.6718
101.619
101.647
103.082
100.661
101.485
99.8001
99.5245
99.3732
99.3688
99.5124
98.5401
96.1049
97.2785
97.4029
98.1836
98.9467
98.5846
97.7304
98.6388
99.3894
99.6397
101.801
100.536
100.688
99.8367
97.767
96.9432
96.2198
93.6117
94.7711
95.9923
95.9892
96.5812
93.4588
94.6283
96.9029
96.1947
94.5079
94.1785
91.1196
90.3743
90.6058
89.216
88.1432
87.7979
88.48
87.994
87.8045
88.6775
87.5904
87.023
86.6878
86.0444
86.5037
87.0681
86.9504
87.6119
88.0254
89.9114
87.8828
88.3185
89.5124
89.1568
90.4442
91.2903
92.2219
91.1592
92.4147
92.9354
94.0561
96.6607
96.9548
97.1577
99.0191
99.5834
100.81
101.649
101.96
104.154
104.499
104.763
104.642
105.422
104.837
104.642
104.715
105.153
105.722
105.229
104.648
104.928
107.141
105.729
106.04
105.468
106.935
109.006
109.558
109.197
111.729
113.509
115.985
118.555
119.529
117.155
116.496
117.118
115.884
116.818
115.398
116.252
116.392
117.986
115.126
116.062
114.903
118.16
120.268
120.812
121.323
120.934
123.222
123.437
123.266
124.861
124.311
123.287
122.572
124.174
124.729
126.718
128.661
130.013
132.605
134.451
134.981
135.717
134.293
136.526
133.256
132.328
133.424
131.152
131.076
130.031
129.242
129.65
131.018
134.771
133.773
135.2
133.061
134.725
134.508
134.692
133.875
132.313
132.185
133.384
133.571
132.432
130.465
131.298
131.409
131.238
130.725
127.649
127.47
125.21
127.286
123.356
120.517
120.696
120.438
118.858
116.286
116.157
115.676
116.585
117.924
117.309
118.005
114.312
113.488
111.174
112.413
114.361
112.566
113.034
111.851
111.808
109.986
110.311
109.282
109.326
106.843
106.247
105.012
104.638
104.177
102.281
100.368
102.726
102.799
102.363
102.179
101.778
101.693
100.932
101.135
102.382
100.835
98.1346
99.7643
100.619
101.39
100.269
98.8683
97.4069
97.3766
97.8007
99.038
99.3896
99.7329
97.6762
98.3993
99.9202
99.8515
99.5265
99.4252
101.391
99.7131
98.7398
98.8644
98.2479
98.4435
98.5574
100.219
100.583
102.394
104.464
104.25
103.833
102.388
100.657
100.047
98.9383
99.6766
99.3678
100.378
99.9698
100.744
99.1872
99.8884
99.5048
98.322
97.5263
95.7971
96.8558
97.1047
95.9194
96.8048
96.023
96.5531
96.3692
96.5338
94.843
93.0093
92.7754
92.4471
93.7339
94.0153
92.3871
90.1711
88.1762
87.7407
86.0673
85.6095
84.6652
85.3121
84.2253
86.3096
87.1022
86.8203
85.018
85.3437
85.8357
86.8123
86.6542
85.8533
85.4398
84.1557
84.2649
85.099
83.9239
82.6669
84.6272
85.0197
84.0941
84.1437
85.1089
85.0047
85.4336
84.4436
82.5264
80.5829
81.9907
82.9359
83.0331
82.7485
83.4888
84.366
83.9557
84.609
86.3932
86.6418
86.6579
85.5014
84.4104
84.1211
84.3587
84.1993
85.0935
83.0031
83.3499
80.8529
81.9559
81.2352
81.8057
82.2661
81.7913
80.7796
80.8837
81.7164
82.3499
81.3617
82.7142
80.4389
81.5586
79.2391
80.0459
81.1219
81.9969
81.5575
83.4744
82.8731
82.5466
81.8298
81.9996
83.0737
83.0729
83.6221
83.7492
83.8142
82.96
82.4363
82.4644
81.5535
81.958
82.4452
82.2193
82.6513
82.1508
82.3887
81.6017
79.3866
80.0079
79.3767
81.2021
80.8925
80.1217
80.2982
79.5421
79.5438
78.6424
79.7379
80.6556
80.4297
80.3668
79.0206
79.1156
80.1831
80.9006
79.5953
79.9513
80.0632
80.8996
81.856
81.8886
82.0222
83.1218
82.876
81.7809
82.5798
83.3915
82.9534
85.7518
84.3169
83.7839
83.8719
85.2864
85.1949
83.0661
83.7698
83.6925
82.0128
81.6912
83.171
82.3205
80.5226
82.3597
81.7793
83.8947
84.1956
83.5636
83.3319
82.0239
80.2654
80.5577
80.597
80.6531
80.357
79.3345
79.4916
80.2724
79.4793
80.6268
82.4484
82.8513
83.3036
84.0791
84.9402
84.2961
84.5322
84.8833
85.4212
85.2926
88.9895
88.6796
89.7432
90.4502
88.4394
87.6374
88.2288
88.9129
89.6455
88.7765
88.1657
86.3981
84.4252
83.1143
83.9804
83.0496
83.1944
82.2905
83.5489
83.497
85.1342
83.9577
83.7533
84.3681
82.9562
83.5584
85.311
84.4748
85.3769
85.8092
88.4796
86.877
87.4302
86.9217
87.0926
87.8943
89.3719
88.6849
88.9
89.042
91.1585
88.7474
87.958
89.4173
90.069
90.3526
90.8052
90.1716
90.1158
89.7443
89.9881
88.0382
88.8014
89.3264
87.3861
87.6855
85.7871
86.955
87.165
87.5225
88.7274
88.313
87.6654
86.2445
88.2435
88.0572
86.8852
86.387
86.5317
87.1667
87.459
88.4357
87.1418
87.1549
86.6832
88.6223
89.2925
88.6134
89.5025
89.6353
89.5296
88.8321
88.6864
89.7565
90.0504
91.0723
92.1307
92.8732
91.9831
91.2938
90.0851
92.2544
93.5126
95.8784
96.5682
95.068
96.7729
98.6743
99.8276
97.5923
95.2626
96.9523
98.3679
97.4207
97.8401
97.2237
97.8406
97.5308
95.3652
94.4583
95.1728
96.8657
97.2625
98.4918
97.3843
96.646
96.716
97.6964
96.0451
96.9499
94.8915
95.8612
93.1302
93.6075
95.2432
96.1605
95.3291
95.0438
94.0313
93.6623
94.9185
95.6863
94.5174
93.0832
93.1312
93.1643
