99.5941
98.3413
99.6676
100.961
100.918
101.549
100.04
98.4608
99.1285
98.4353
97.5192
98.2259
100.412
98.0292
98.1742
98.0352
98.5996
97.9849
97.8819
97.4411
96.7784
95.7056
95.1384
94.7439
95.7658
95.008
94.927
95.2627
94.5346
91.7152
90.349
90.7453
91.2388
92.9774
93.1583
95.4097
96.4835
96.1135
94.3425
95.5996
96.4061
95.6272
94.236
95.8564
96.9098
96.5239
96.501
97.9044
98.4624
98.8107
99.2334
99.6027
99.8979
99.9882
101.949
98.8903
99.0946
99.4018
96.5791
96.4476
96.1879
97.2305
95.9263
97.0946
96.407
95.281
96.075
94.7306
95.7888
96.0546
95.6967
97.5921
95.8931
94.3446
93.8835
91.8137
91.886
92.7495
92.4622
90.3324
90.427
90.7645
89.5651
87.382
87.5032
86.4749
89.0723
88.0559
88.9591
87.9454
86.8655
87.8067
87.6799
86.7348
85.2976
86.1807
88.8491
89.2638
88.151
86.8462
85.3254
87.2971
88.9154
90.0895
92.0657
92.4968
91.4955
89.7315
91.6001
91.597
92.7434
94.1058
94.1336
94.1951
93.5244
93.732
93.3587
95.8694
93.9824
94.5904
92.7387
94.2933
94.462
93.8091
94.8643
94.2758
96.0125
94.4412
95.8812
96.7817
95.6685
94.2067
94.5053
94.2288
95.2264
94.2465
92.6762
92.201
91.2799
89.4458
91.7928
89.7633
86.8994
87.2392
87.5385
89.1306
89.9621
88.3312
88.3611
88.2615
88.3908
88.284
87.7315
86.5641
85.9364
86.1127
87.5265
86.9112
87.8147
89.1545
90.3449
89.7388
89.9613
89.9201
90.4071
91.8598
93.2026
94.1261
92.5184
91.1471
89.9907
91.4635
90.4748
89.6103
90.8626
92.1484
91.8486
92.4286
93.1513
92.442
93.3983
92.613
91.0038
92.8422
93.611
96.4866
96.472
95.2988
95.9574
94.4273
94.6255
93.801
95.9488
95.7489
95.4613
98.7813
98.7657
98.6278
96.6259
97.8344
97.9613
98.4624
97.5067
96.6586
95.0751
93.4479
91.0552
90.457
90.3648
90.2803
88.6009
89.4228
89.094
88.4099
87.5296
89.1698
88.1557
88.9469
88.2225
88.4382
90.0511
90.8327
90.9984
89.8627
90.7127
91.7128
91.9167
91.0788
92.5593
91.9702
92.2721
90.6741
89.9267
90.3627
90.1277
89.555
89.6617
89.1124
86.6161
87.1407
88.1141
87.9767
85.813
87.2963
86.7373
85.1869
84.6347
85.2876
84.8843
85.6178
85.3216
85.2894
83.8321
84.264
85.6991
85.0975
84.8859
85.5007
86.6242
86.2613
84.646
83.2658
83.017
83.1263
83.7112
84.8069
83.964
84.013
82.8828
83.6301
82.9404
81.507
80.4842
81.1212
82.3308
80.9548
80.6287
79.1719
79.7292
79.2034
78.8628
79.5476
79.3247
81.7124
82.7055
81.7094
82.3793
82.5592
81.4676
80.3293
81.5502
82.4659
81.1348
81.3639
82.1182
83.8392
83.483
84.3082
85.2282
84.9814
83.8616
85.5907
85.001
84.3023
83.1215
82.1651
84.4231
85.4287
86.2849
87.0772
86.2056
84.5317
84.16
83.8989
84.2993
82.009
83.0868
83.6495
82.5968
83.0609
84.3084
84.7065
83.9122
84.6162
83.2168
83.3724
81.4223
82.4947
82.9333
84.1241
83.0442
82.5115
83.1182
84.6382
83.8126
84.4989
84.4884
81.4676
80.3178
78.9745
79.8342
80.3662
79.7608
81.1474
82.0036
81.8821
81.4288
80.9382
80.8532
80.4312
79.1114
80.893
80.5545
79.56
78.2569
79.3578
80.2986
79.8701
80.7401
79.4674
78.3852
76.8874
77.9289
77.9355
78.617
78.6051
78.3888
79.0927
79.0211
78.4557
76.6526
78.2946
78.6969
79.7043
79.5096
79.8044
79.4425
80.7557
79.3797
78.7072
79.5182
78.9004
79.211
78.5817
77.6071
78.4192
78.1051
78.7684
78.1251
78.6055
79.2805
80.0074
80.0984
79.2515
79.4026
79.154
79.8782
79.6227
77.9238
78.3577
77.4053
78.902
78.6298
78.6855
78.0403
78.1663
78.7922
78.9912
79.8953
78.4916
78.4077
78.373
77.4965
76.5123
76.3437
74.0653
73.4639
75.1391
74.0613
74.0357
73.655
73.5472
73.2118
72.2663
73.1582
73.3128
73.7594
73.6025
74.2189
74.9436
74.4174
75.2508
75.586
75.5376
74.3243
73.6003
72.9202
74.5476
73.8401
73.8487
72.8038
73.0731
74.0796
73.6203
73.5136
72.454
71.7781
71.1785
70.3322
70.9485
71.6574
73.1543
74.7085
75.4048
76.251
76.2464
76.7394
76.7472
76.9937
78.9422
79.5077
79.2706
77.6932
77.0537
76.3637
75.4038
74.6682
75.691
77.2546
76.7703
77.8315
77.5363
76.2259
75.5378
74.9525
74.6239
74.1568
74.3231
74.5402
73.4319
73.6411
71.9372
71.2606
70.2793
71.0204
72.3618
72.555
71.9839
72.4846
72.4041
71.5705
70.3267
69.2172
70.6982
70.4468
72.0005
71.6792
72.8812
73.9763
74.5393
73.3946
74.7359
74.7335
74.9098
75.7056
75.559
75.2077
75.2086
74.6926
74.9395
75.2264
74.0869
72.8473
72.2125
72.7597
72.1747
73.6617
73.1947
72.2563
70.4987
71.6038
71.7994
70.3921
70.4143
70.4805
70.6888
71.9885
73.295
73.2919
73.3398
73.7744
75.563
73.8254
75.7311
74.708
75.9959
75.5204
75.774
75.837
75.2994
76.2135
76.3794
76.4778
75.057
75.346
76.6866
77.0826
75.7982
75.6619
74.9457
73.4339
73.2367
73.0064
72.5051
70.6862
69.6963
68.9645
70.1899
69.6477
70.3206
69.9092
69.8054
69.093
69.2827
70.3275
69.8923
70.724
72.3602
72.7765
72.0864
72.1479
71.1313
72.4504
71.8326
70.8085
69.9805
70.181
70.8943
72.428
72.1814
72.3278
70.536
71.6128
71.332
69.6933
70.0968
68.1354
68.0615
69.5258
68.2207
68.4867
68.7059
68.5381
67.8023
67.7025
68.902
70.0572
71.3327
69.8705
71.573
