100.962
100.66
101.474
100.487
100.531
99.1715
99.5181
99.3003
98.1071
96.9789
96.7625
96.5887
97.3984
95.4183
94.2236
93.4122
93.31
93.0717
92.0355
93.8575
93.7568
93.5533
92.3692
92.1449
92.6386
91.7389
89.3456
88.7251
86.7575
87.3199
87.2345
86.1131
86.5677
85.5205
85.8226
85.1975
85.0926
83.6634
82.0178
80.2526
77.823
76.0291
74.6253
75.3707
75.3484
75.0373
74.6634
72.9337
74.1593
73.3939
72.4826
72.7924
72.422
73.0955
73.9072
74.0945
74.6164
74.895
75.0318
75.1145
75.9451
77.1753
75.8141
75.7154
76.7411
77.7901
78.4767
79.4009
78.3873
77.5728
77.0582
76.2219
76.7096
79.1015
77.2336
77.5771
78.7247
77.8826
78.5573
76.895
77.2901
79.5774
80.5651
80.2241
81.2409
81.2796
79.9436
81.2887
81.0633
80.9679
81.8523
82.2112
82.6813
82.8166
82.9867
83.3022
83.3633
84.023
83.9315
83.9058
82.2294
79.4473
78.9001
78.8519
79.0011
78.8293
78.58
78.756
78.2062
75.7258
76.9198
77.0432
75.1213
76.9297
78.0876
78.6886
77.8177
78.0665
76.5511
76.3926
78.6084
78.2835
77.6321
77.9605
77.352
77.7393
77.963
76.8987
77.6117
76.3932
76.7581
77.4797
77.0865
76.9012
77.9141
78.7133
78.9855
80.2782
80.6953
81.6414
83.1574
83.1479
85.1264
84.9392
83.0993
81.4715
81.9329
80.973
80.8986
80.4415
81.0549
78.3624
77.8288
78.423
80.2396
81.6002
81.1934
79.9422
80.4915
80.4222
81.0178
81.2039
81.9808
83.645
85.2292
83.9251
83.7455
84.9001
83.0108
83.3931
83.7856
85.2873
84.1601
84.0521
83.9915
84.7436
84.537
85.2338
86.3489
87.3381
88.619
86.4316
87.1645
87.9062
86.7969
87.6932
86.3353
85.5387
85.1606
85.746
84.7757
85.0134
83.2261
84.9025
83.9695
85.2779
84.049
83.01
83.4858
83.9406
84.1119
83.5839
83.0886
83.1148
82.5255
81.5972
81.9833
82.2623
80.7476
82.2319
82.856
84.4779
85.2066
84.5084
84.2147
84.1778
83.0892
83.8344
83.5963
84.5536
85.7974
85.7085
84.851
85.6955
86.7584
88.6907
87.6198
87.3491
88.2776
89.0712
87.2798
86.2129
86.0138
86.2338
87.9722
88.8519
89.0429
87.3433
87.9188
86.3784
85.5616
84.4832
85.6809
85.1462
85.1474
83.6556
84.2669
84.1233
84.2653
81.4269
80.499
80.1532
80.83
82.2918
81.1828
81.195
80.8227
78.9194
77.8221
77.2517
76.778
78.7751
79.2179
80.315
79.8132
80.4788
80.8488
80.5174
79.9906
80.0334
78.4918
78.41
78.7629
77.1456
78.1774
78.8494
79.6489
78.534
79.9797
78.6558
78.5848
80.2296
79.9267
80.4092
79.7793
81.7942
82.6286
82.7739
83.0258
82.949
83.4596
81.5324
80.9844
80.8864
81.0874
79.8623
81.2485
82.0639
82.6056
84.1796
84.1945
85.4632
85.8906
83.1403
81.928
81.4492
81.1628
81.0212
79.9552
81.4239
82.54
83.9475
82.6294
81.2987
80.9081
81.9634
81.1018
82.2057
81.3856
81.4629
81.9815
80.4309
80.5791
81.8175
82.9801
83.8772
83.4528
83.1489
83.3198
84.3118
84.682
84.9027
84.897
85.9474
85.6241
85.601
86.3366
84.7582
83.9581
82.4022
84.1053
83.035
83.0996
83.2923
83.5276
83.5944
82.7128
85.1205
84.6235
85.3941
87.1809
87.8133
88.0859
89.685
91.8047
90.5924
93.732
92.7479
90.6502
91.2425
91.1687
91.9226
93.172
94.2415
93.3863
93.7234
96.4341
93.8822
94.2035
94.3352
94.3569
93.4014
92.6799
91.4514
91.6737
90.5436
90.385
92.715
93.2801
92.776
93.2187
92.7943
92.1713
90.7732
90.0062
89.4698
89.6577
89.6437
90.4034
91.0945
91.9496
91.3053
90.6428
92.0764
90.8006
89.7025
90.0174
89.6184
90.3939
90.3312
89.8862
90.7252
89.7163
90.3344
89.5044
89.6638
90.57
91.6275
91.1381
89.9943
90.6849
90.502
91.5627
93.1583
90.9896
92.6243
93.1273
95.6104
97.2246
96.0822
94.4184
94.9864
94.0149
91.3654
92.3234
91.8315
92.5405
92.7484
91.2665
91.6055
88.8575
89.2002
91.6671
93.4451
92.0349
91.3481
94.2271
94.725
96.8952
95.8858
97.1158
97.9544
96.4841
96.2903
96.6293
96.3717
97.9875
97.7355
94.2908
91.923
93.3149
92.2521
95.3813
96.8178
97.5147
97.3631
97.315
97.9999
97.5734
98.0336
96.1981
95.8385
97.7832
98.4955
98.675
100.35
100.048
97.6759
97.8145
95.2433
96.5276
97.5445
97.6264
97.1153
97.6985
98.6735
100.1
98.8523
99.1761
100.26
101.348
97.7464
97.2626
97.512
97.5143
95.7076
94.6702
94.6803
96.702
95.3235
94.44
94.219
92.484
93.1115
91.8337
89.4684
90.2967
90.3915
91.2604
90.1401
90.0067
89.4305
88.8394
88.4442
88.2223
90.1039
89.5229
87.58
88.0347
88.7599
87.9594
88.3063
88.3977
89.4683
89.6135
89.3945
86.7673
86.7433
87.744
87.2949
87.4893
89.1168
87.804
88.7117
87.3993
87.1247
87.5438
89.0023
90.3569
90.9889
88.5423
87.9656
87.1414
86.5731
86.0671
85.6179
84.6035
85.1241
84.8206
83.5735
81.9005
80.2799
78.0454
78.9316
78.8568
80.3976
80.5049
81.0674
80.3781
80.3983
81.2511
83.0923
82.4832
82.5283
82.4094
81.5183
80.8125
79.9018
81.1547
80.566
79.8773
80.8741
81.8889
81.4714
81.5273
81.9765
81.0678
82.1496
82.3338
82.2835
81.8555
82.1083
82.9714
82.9943
81.1516
79.9173
78.3937
77.6803
78.8933
80.251
80.1499
80.9274
81.7076
80.0984
80.4538
82.5189
79.7254
78.4473
79.6773
81.1813
81.9267
82.6406
84.0322
84.761
83.8807
82.352
84.5288
85.4711
83.5793
85.6106
