99.4927
99.4549
100.189
101.693
103.465
104.92
105.594
104.597
108.186
108.611
106.752
105.064
105.097
106.944
106.965
107.374
107.794
107.149
109.473
108.747
111.195
110.619
111.61
109.851
110.158
110.308
109.324
110.779
111.309
112.267
112.199
112.829
111.088
112.108
111.785
111.241
111.083
111.299
110.907
110.594
112.316
110.137
111.653
109.17
107.784
109.166
110.12
109.388
107.032
105.596
105.802
105.169
104.789
103.323
102.173
103.43
102.665
104.417
104.062
104.606
106.5
105.855
105.74
102.296
103.301
103.937
104.911
104.762
105.633
107.12
107.25
110.603
108.727
110.883
111.747
111.096
112.947
113.313
115.371
113.783
113.223
114.64
111.649
112.501
112.591
112.738
111.75
110.698
110.321
111.864
112.934
114.436
115.693
114.3
110.444
111.928
111.575
108.974
110.142
110.68
110.421
108.4
105.84
106.337
107.158
108.056
106.273
105.532
105.864
105.668
103.97
101.341
102.414
104.441
103.416
104.118
102.743
104.732
102.994
101.442
102.555
101.553
100.584
99.8537
99.7759
100.787
100.908
98.962
99.5062
100.064
100.998
100.277
99.1497
97.1045
99.1971
98.8748
100.743
101.027
99.8117
99.5667
99.398
97.328
97.0217
93.9654
94.0227
93.6255
92.3684
93.4739
92.3443
92.8713
91.9241
92.3093
94.4223
95.4693
94.2658
95.6165
94.6314
95.0968
96.8833
96.6062
97.6875
98.1469
97.385
100.174
99.6941
100.14
102.244
101.634
101.354
101.193
102.494
103.549
103.362
104.032
106.402
106.811
106.918
106.371
105.869
108.163
107.486
105.876
105.738
107.297
108.547
109.389
107.785
108.876
108.029
107.884
108.5
105.752
107.414
109.203
108.453
110.061
108.145
110.441
109.127
106.855
107.84
111.165
109.138
109.482
108.768
108.368
109.226
109.505
107.065
107.985
105.27
107.163
106.491
108.641
110.389
111.225
113.779
114.058
115.493
116.553
118.245
118.355
117.772
117.761
117.749
117.574
118.979
119.943
121.675
120.302
121.627
120.988
121.723
125.008
127.009
129.522
129.162
126.708
124.113
124.899
126.233
127.631
125.439
125.402
124.862
123.81
122.494
121.879
123.247
124.969
127.923
129.571
131.687
132.048
132.769
133.713
132.259
130.257
132.673
133.691
132.094
133.946
132.326
133.572
135.972
135.562
133.282
134.515
135.359
138.7
139.564
138.535
138.419
138.323
139.52
139.669
139.804
139.693
140.479
138.685
136.053
134.828
138.16
138.284
138.816
139.835
139.755
142.82
145.312
147.863
149.314
149.346
147.106
150.244
147.177
144.333
145.878
144.647
144.316
141.994
139.955
140.69
139.606
138.427
139.894
142.242
142.624
143.058
142.073
140.8
140.33
140.086
137.668
138.178
138.531
136.207
135.966
136.553
137.814
137.61
135.406
134.325
130.208
133.222
133.097
134.647
135.218
133.093
132.732
132.597
132.595
131.48
131.425
130.917
129.893
132.36
132.852
133.176
133.231
132.402
133.936
134.631
136.397
139.539
140.319
139.637
138.049
136.773
138.587
136.911
135.346
134.794
137.109
137.617
138.118
139.949
142.305
146.089
146.983
149.491
150.674
147.935
148.162
151.829
148.962
148.67
148.289
150.419
149.68
149.265
149.119
150.783
150.193
148.668
147.48
149.614
147.198
145.17
144.266
145.86
144.081
142.266
143.149
142.664
141.755
143.798
144.74
144.406
143.763
143.598
143.299
145.661
145.238
147.356
148.37
146.465
141.625
143.536
145.748
146.753
145.974
146.28
151.466
151.14
153.94
155.122
154.042
150.457
153.462
152.8
150.087
152.593
153.515
153.161
154.659
153.238
152.85
153.046
152.347
153.779
152.003
151.717
151.646
150.863
147.631
150.642
149.797
148.357
147.233
148.745
147.372
145.204
144.903
145.928
147.044
144.46
145.129
144.096
146.081
147.82
143.072
143.04
138.209
137.514
137.721
138.302
136.698
137.801
138.053
139.496
139.189
138.97
135.142
134.452
133.869
133.803
133.876
134.19
136.464
135.695
135.342
133.081
133.673
133.12
134.157
135.919
138.23
138.589
139.252
140.377
141.776
141.728
141.721
142.737
144.23
144.196
141.839
141.581
141.758
143.406
145.459
143.911
143.233
143.72
141.042
140.503
138.876
139.521
138.803
137.639
135.383
131.854
132.578
131.459
133.993
131.262
129.556
127.805
125.166
126.139
128.567
129.08
127.253
127.486
126.933
127.536
124.635
125.743
127.284
127.353
131.241
131.858
132.594
131.259
131.625
132.275
133.02
134.547
136.024
134.265
134.289
130.609
132.296
131.086
130.621
130.801
131.229
130.851
132.676
131.271
130.431
129.014
129.622
132.778
132.807
133.241
133.27
132.202
133.031
132.236
133.171
130.592
131.161
129.269
127.853
127.994
130.3
129.068
129.613
131.118
131.605
131.856
130.305
130.419
129.799
131.591
131.837
132.569
132.999
131.081
130.176
130.986
130.495
133.063
130.812
128.466
131.074
130.438
129.615
129.259
131.427
132.372
132.008
131.567
129.856
132.531
133.223
135.641
135.054
135.902
136.4
136.646
137.384
139.068
136.814
137.538
137.686
141.854
139.977
140.865
139.563
138.148
139.724
141.61
140.77
138.889
140.799
142.07
140.411
139.542
