97.7852
100.332
99.785
99.8223
99.6871
101.329
101.186
100.075
101.11
100.965
102.188
103.049
103.717
102.396
102.737
103.722
102.755
103.19
102.45
101.49
101.937
103.493
101.731
101.014
100.779
99.5657
99.8436
97.5308
98.9753
100.139
99.8991
99.1961
101.322
100.674
100.449
99.6825
99.6891
101.186
103.049
102.386
104.409
105.153
108.305
108.117
107.858
110.396
110.924
110.908
109.027
107.704
110.199
109.351
108.937
109.183
109.14
109.445
111.018
112.43
110.17
110.85
112.276
112.257
112.856
110.391
105.046
102.092
100.807
102.703
101.058
101.136
99.3992
99.4179
100.074
100.671
99.7418
101.257
100.907
102.836
102.366
103.906
104.432
103.215
104.516
103.567
103.187
103.448
104.428
105.51
104.349
106.147
107.019
108.786
108.048
107.22
108.196
108.311
109.822
110.435
110.768
111.248
113.068
113.394
112.039
114.204
114.66
115.895
116.157
116.456
119.106
116.76
114.959
114.304
113.173
116.528
117.263
116.544
116.336
115.632
115.684
114.38
112.195
112.725
111.551
110.885
110.475
109.413
108.5
107.878
107.907
109.629
109.943
110.329
110.842
107.622
107.419
109.598
110.174
110.14
110.14
110.796
112.988
110.563
110.5
112.912
112.156
113.728
116.355
117.691
118.089
117.407
116.143
115.392
113.503
114.425
113.617
116.28
118.328
120.156
116.041
117.967
117.987
121.85
124.79
124.86
123.241
126.165
126.388
127.483
127.103
125.024
125.517
124.829
124.747
123.548
127.055
127.287
127.923
126.362
127.765
126.416
126.216
126.213
122.217
122.579
123.174
124.644
124.014
124.097
126.201
126.234
123.526
122.956
124.501
125.448
127.712
127.536
126.145
125.011
124.484
123.186
124.288
124.683
128.112
128.883
129.328
128.206
125.427
126.475
124.456
123.096
125.408
124.139
126.263
127.365
125.124
126.607
127.844
126.281
125.397
124.915
123.262
122.497
122.606
122.209
122.913
125.877
123.968
124.525
123.287
122.768
122.332
124.082
123.307
122.896
123.909
120.453
123.971
124.756
125.879
126.017
127.953
129.111
130.155
129.292
131.965
132.108
134.714
134.73
133.351
130.725
129.211
128.417
128.798
130.369
134.574
136.794
133.975
134.292
130.188
128.811
131.57
128.776
128.119
129.231
131.216
131.504
131.029
130.637
133.037
131.826
133.538
132.893
134.536
134.464
136.471
136.431
135.753
131.245
131.201
128.836
125.905
125.221
123.632
122.804
123.055
123.102
123.28
125.948
127.005
126.64
127.176
129.262
129.154
129.636
126.96
125.497
125.138
128.043
126.66
124.354
124.069
120.744
120.402
119.892
120.678
121.555
124.365
124.695
124.15
125.571
125.602
125.799
126.908
126.243
125.929
124.722
124.514
125.019
124.93
123.63
121.695
120.924
121.741
120.18
118.823
117.792
117.384
117.126
120.882
123.234
121.231
119.834
122.11
120.866
123.832
123.441
122.139
122.355
121.586
122.158
122.973
124.031
124.166
124.808
124.356
123.363
123.458
123.274
126.479
126.237
126.255
126.377
125.048
126.435
125.852
124.038
124.006
123.777
123.051
121.232
121.944
122.731
124.84
125.125
126.301
125.589
124.445
125.26
125.169
127.137
127.003
127.106
127.924
126.956
126.655
127.578
127.591
126.305
127.594
128.62
129.112
130.254
132.589
133.39
133.251
134.622
138.139
137.336
137.105
137.046
133.168
133.636
134.493
132.283
132.084
135.877
138.685
138.622
136.057
135.957
136.942
140.979
140.065
138.901
137.44
136.581
139.962
143.68
140.786
141.144
138.713
140.22
142.017
139.136
143.964
142.284
142.917
142.856
143.015
138.618
139.434
139.43
136.749
136.276
137.179
137.205
134.066
135.366
132.887
136.364
137.614
137.127
136.919
136.14
137.908
139.289
138.746
140.705
142.451
143.223
141.217
140.337
141.567
143.055
141.128
140.275
142.237
143.853
142.818
141.598
142.073
144.216
145.689
149.375
150.628
152.145
153.178
152.101
154.267
160.996
160.129
162.077
156.728
154.136
154.152
149.072
148.089
147.661
148.838
151.485
148.626
148.769
150.262
151.061
149.229
152.604
148.803
149.602
147.348
146.327
147.165
145.398
148.831
149.373
152.581
150.609
151.429
150.237
150.996
150.995
151.863
150.326
147.717
148.921
148.356
148.503
147.525
145.072
144.174
142.189
143.402
145.555
147.165
146.191
148.547
151.974
149.421
147.908
151.767
152.006
149.979
146.308
149.32
147.401
145.314
147.576
147.983
149.403
152.323
151.314
152.66
152.851
156.723
159.936
161.647
160.424
160.347
158.093
160.175
162.087
160.663
159.602
159.825
162.803
163.331
160.63
163.325
162.859
164.213
164.279
161.734
163.487
163.977
164.621
162.758
164.666
167.499
168.13
167.045
165.393
166.045
165.678
166.519
164.956
165.895
163.154
166.049
162.473
161.648
162.635
160.395
161.464
160.304
159.417
159.654
160.573
156.21
153.486
154.545
156.946
153.877
154.937
152.928
152.288
154.017
153.909
151.357
153.37
151.999
151.304
152.975
156.743
154.858
152.302
153.746
152.757
152.874
152.651
149.727
150.301
153.631
153.886
154.424
153.87
156.137
155.02
156.516
153.843
152.96
152.191
