101.021
101.223
101.464
98.946
98.364
100.156
98.5249
98.7071
101.113
101.375
99.5365
99.6933
99.8882
98.6262
98.024
96.8184
95.8304
94.1583
92.7107
91.6982
91.5162
91.09
91.4195
90.8112
92.0348
91.7919
93.5385
94.1279
94.685
96.2081
96.6364
97.0835
95.033
95.207
93.768
94.6152
95.0426
91.694
91.1013
91.8122
90.9583
90.9508
91.9388
91.1692
92.474
92.7101
93.2532
95.1789
93.9189
93.6306
92.4877
93.7984
96.3552
98.3305
96.5025
95.1455
95.2334
95.1586
92.6881
93.7428
90.5882
89.2672
89.3692
91.0285
91.3337
91.3254
89.2601
89.4297
88.8943
89.9257
90.6315
91.5303
92.4166
92.6518
91.9615
90.0877
91.4619
90.4534
93.3478
94.1557
92.592
95.4911
95.3114
95.8455
97.9636
98.6973
99.9463
99.2995
100.763
101.392
101.229
99.6242
99.7092
99.9165
99.7154
100.786
100.484
101.823
101.733
101.486
101.594
101.368
102.136
101.226
99.66
99.4866
98.6136
98.2425
96.9862
97.1931
98.8043
99.2775
100.388
99.7469
101.381
103.554
104.903
105.763
104.502
105.335
102.72
103.165
102.481
100.743
101.068
101.104
100.835
98.5031
98.7219
101.253
99.5609
98.6242
98.9261
98.094
97.5851
97.7071
98.2049
95.8826
97.6453
94.4959
93.7318
93.6733
93.1838
93.5967
93.2532
95.659
95.6546
96.8357
96.8101
96.0251
95.1702
93.424
93.7597
92.7668
91.7734
89.9016
86.8248
85.4834
86.0111
85.5943
85.9703
85.2859
85.7795
85.2065
85.0304
86.8797
87.3884
87.9882
89.3864
89.8373
89.1177
88.5524
86.9475
87.0305
86.4461
87.2887
87.232
88.5529
89.0232
87.4238
84.7287
85.3294
84.3929
82.609
82.3952
84.0277
82.8933
83.1191
82.9973
82.197
82.6998
81.7141
81.0832
81.919
83.9776
82.6338
82.3374
82.638
81.5485
81.7983
81.4826
80.4047
80.7697
80.8867
81.5033
81.3168
79.8014
80.4431
81.4181
82.5617
81.57
80.7015
79.506
78.6066
77.6941
77.5332
76.7968
76.1543
77.9094
78.498
77.9407
77.7026
78.6956
79.0964
79.8242
81.1569
81.724
82.3114
80.5983
82.5154
83.4432
83.2968
84.5391
86.2023
86.6005
86.6655
86.3679
85.8987
86.1002
87.6957
88.2562
87.3624
86.0153
85.7697
85.6158
86.1875
85.8761
85.7682
86.7895
87.4522
85.7211
83.4919
81.9676
83.5179
84.059
85.0755
84.4666
83.3427
83.1242
84.0784
84.558
84.9449
87.4714
86.6054
86.9599
86.1745
85.334
85.9227
85.4116
86.2147
87.5631
89.2175
89.6537
91.1128
92.704
92.1727
93.3103
94.6406
96.2746
98.1947
99.7839
98.6659
96.9126
95.0668
94.0744
94.6996
95.5961
93.3997
94.7672
92.5524
94.1254
94.2131
95.4115
93.3737
92.4728
92.4422
92.3405
94.1918
95.481
95.4509
95.1229
96.1432
95.4955
94.5796
93.0419
90.117
92.2127
93.5926
94.6919
94.5328
94.4699
94.6981
91.9827
90.4493
91.1841
90.9245
90.1568
91.6387
90.6341
91.479
91.9922
92.8447
92.9478
92.4974
93.3484
92.464
92.0038
90.8747
90.7846
91.8662
90.3302
90.2249
91.4869
91.5687
91.9233
90.5682
88.3851
88.2571
88.0083
86.845
87.0583
88.1659
88.3278
87.9843
86.4734
85.6472
84.9658
84.8229
85.2594
86.5143
85.9036
84.6073
84.4962
84.8358
85.6628
84.2585
84.0595
83.2382
83.5886
82.5033
82.4612
81.2876
80.1873
80.7155
80.8629
79.9547
81.3723
80.8413
80.8114
81.9461
81.0059
81.6487
81.5602
80.452
81.2353
81.322
82.7747
81.6815
80.3725
80.6708
80.796
82.6822
82.0633
82.9984
81.2522
81.1125
82.3934
82.1202
83.0058
82.2546
81.4713
82.304
82.68
81.872
81.3864
80.2075
80.5034
80.5024
80.0562
78.8654
78.4103
79.7659
79.1071
78.4309
79.0502
80.0736
80.165
79.7688
81.322
80.0555
80.0468
80.2549
78.4202
78.8033
75.8404
77.9654
77.1181
75.7833
76.0627
74.2635
73.219
73.4599
73.5875
75.053
75.3697
77.5663
78.6561
79.455
79.5455
81.2769
83.6262
83.3857
82.8771
83.7906
84.4228
84.8913
83.961
82.7248
81.6898
80.6459
80.8298
80.6525
81.6208
80.1932
80.4851
81.3511
80.2677
81.3812
81.0019
81.0999
79.4267
79.9043
79.4236
80.0428
79.5149
80.8338
80.9937
81.8896
82.1217
82.018
82.6776
81.5651
80.9005
80.2933
81.4606
83.1426
83.6716
84.3349
84.3906
84.0953
83.9702
83.3755
84.3927
85.6171
85.4062
84.3465
83.2646
82.0006
82.1799
83.5132
81.7044
83.296
82.9444
82.7344
83.5002
82.7765
84.1533
85.1193
84.4368
83.7601
83.4332
82.4973
82.5306
80.1218
80.6648
82.7502
82.3444
81.8672
80.902
80.1499
80.0982
79.1179
79.1208
78.0094
77.6807
77.767
77.067
75.6883
76.8278
75.6663
75.5555
75.6352
74.8283
76.5322
76.9542
77.5822
77.1649
77.3829
77.7829
79.0657
80.6302
78.6348
78.0309
78.8734
78.9849
80.2967
80.9472
82.517
82.465
82.2923
84.0767
85.8992
85.1456
86.6307
84.4634
84.7045
84.4308
83.15
84.3826
85.226
84.3471
84.7706
84.5289
87.47
85.9472
87.3762
85.9209
85.762
83.9034
83.5018
83.6242
85.3476
85.4204
85.4618
84.0928
84.5177
83.6359
83.8954
84.5068
84.5044
85.5746
85.3267
84.7574
84.9553
85.4252
84.9017
84.9402
84.6914
83.3095
84.0333
84.0916
84.3557
83.0564
84.0572
84.3796
84.8537
84.9128
87.2635
87.7595
86.8755
87.9471
87.5937
87.939
88.7688
87.3428
89.9208
89.6409
89.7985
89.4331
89.672
87.3543
84.6803
85.4743
86.9098
85.6963
85.0546
83.4587
85.1122
85.6247
84.9106
