101.442
101.557
100.637
98.2385
98.5622
100.898
98.3073
96.8784
97.8073
96.3704
94.6227
93.2749
92.1529
90.8144
92.1696
93.3788
95.2336
96.7363
96.4653
96.5016
95.9002
95.379
97.29
97.9381
97.8231
97.1396
99.1477
97.3923
96.6938
97.2553
95.5732
94.2158
96.4695
96.7755
95.9665
95.8154
96.1596
96.2181
95.4941
96.0484
98.5817
98.9715
98.3804
98.1644
101.026
101.555
102.567
102.545
101.33
102.69
102.56
104.717
103.393
103.42
102.812
103.121
103.103
103.467
103.127
104.031
103.995
103.442
104.185
104.921
105.825
104.936
105.157
105.206
105.53
104.668
104.391
105.484
105.729
106.863
105.79
101.85
102.081
101.74
103.839
101.185
100.001
101.052
99.8172
99.5871
98.4351
97.7239
97.9741
95.7227
94.0247
95.3764
97.482
96.8801
97.0832
95.6312
94.4186
93.4065
94.3923
94.5545
92.1806
92.2205
91.3884
91.6576
92.5306
93.4752
95.4645
96.1078
95.5771
95.4999
94.7042
93.9629
94.1208
92.5023
94.1488
95.8358
97.4671
96.5485
97.4989
95.8583
96.3103
96.5916
94.7227
95.5797
95.1347
93.9498
94.3523
93.1784
92.5504
90.5669
90.0911
89.4738
87.5544
87.8245
89.7693
90.011
91.42
90.7124
88.5266
87.9747
85.4623
86.711
87.4486
87.6986
87.3852
86.6219
84.0049
83.8338
84.3406
86.8245
85.2062
82.5711
83.0076
83.548
84.3159
85.1622
84.7714
82.6432
81.4665
81.0948
80.9315
82.9469
82.8883
85.1006
86.4908
86.7668
85.4483
86.5261
86.839
85.9165
84.3062
84.8139
83.7422
85.8573
85.9799
86.4772
86.9586
85.7035
85.1477
86.0322
88.092
87.2814
85.1503
86.4491
86.4055
86.8712
88.552
87.8038
87.1701
88.2098
88.3926
88.548
89.2072
90.5024
90.5565
90.6373
91.8552
92.471
92.539
91.5403
91.6471
89.7188
88.5702
88.8962
88.4319
89.2082
89.7784
90.4405
90.3251
90.846
90.1623
90.4177
90.8102
89.7442
88.2181
87.8457
88.5751
87.5135
88.7517
88.5554
87.6717
86.8499
87.596
87.3351
87.4494
87.7483
87.5374
87.5934
88.6821
88.2574
89.21
89.8481
91.3984
90.1823
90.5419
92.3975
92.9207
90.854
90.8095
90.9288
92.666
93.0364
92.7208
91.1594
92.1894
93.0259
90.8788
90.5238
89.8011
89.3013
87.2316
87.9757
88.9886
89.3815
89.3471
91.794
92.8433
92.9326
90.7026
89.7411
89.5322
89.0789
87.4109
88.1269
88.7361
88.5438
86.985
87.154
86.0659
86.783
88.7449
90.0199
91.2395
91.6032
88.8141
86.8095
84.9731
84.0613
85.8371
85.2924
83.5543
83.6474
85.9483
88.0345
86.807
85.0086
85.9663
84.6534
84.3851
84.381
82.7849
85.1475
86.2052
86.9347
86.2165
87.3536
87.9368
86.9045
85.7686
84.9412
84.3722
83.9575
84.7124
85.2555
82.5769
82.8023
83.1441
83.6235
84.9844
84.8696
85.3619
86.1436
87.7704
87.0891
86.9723
87.608
86.0842
86.8424
86.5005
88.1103
85.4667
85.09
83.4887
81.7712
82.1595
82.3025
83.2864
84.7463
84.2231
84.7532
86.1543
89.0816
88.7811
89.795
89.6252
89.8951
89.2459
88.3929
89.7422
91.7068
91.364
91.8145
88.8504
88.3484
88.2697
87.7792
88.4718
86.858
88.4187
88.6116
88.9231
88.6514
89.1034
89.4944
88.361
90.5228
91.9365
92.8409
94.3983
92.0968
91.1419
90.4293
92.5327
93.7652
92.8942
93.1801
95.2132
96.6356
96.8772
96.8106
97.3648
98.4969
98.7502
96.1141
97.0798
95.2902
95.0445
95.6723
96.0376
95.8093
95.1594
96.4249
97.4138
98.1745
99.6485
99.6892
96.3704
94.3005
94.2109
93.8088
94.326
94.9832
94.0081
93.5991
92.8123
92.7019
92.1887
91.3857
90.8744
91.0057
91.9528
93.0966
93.0253
96.3497
97.5771
97.636
97.7909
97.3962
95.7509
94.7324
94.7929
96.4361
97.412
98.6322
98.8318
98.51
95.6295
98.1105
95.5486
94.1522
93.1621
90.4255
91.0396
91.9018
92.5343
91.8954
91.4829
89.3233
88.7281
89.7694
90.1614
90.4207
89.0148
88.6951
89.106
89.3631
88.7995
89.6563
90.2572
92.0856
92.7246
91.8284
90.959
92.5073
91.6271
90.0303
90.0749
88.6144
89.285
88.3669
88.971
89.9669
89.7985
89.5469
89.1706
87.7983
87.2236
86.6578
86.3666
85.0768
85.0522
84.2962
85.0327
82.9956
82.4455
81.1923
80.7107
80.7504
79.7352
80.1556
79.8166
79.1079
79.9878
80.3468
81.7973
81.0883
80.7448
80.4984
80.3436
80.7826
79.7142
79.8384
81.252
83.4088
83.7309
83.3633
84.9688
87.2239
88.6223
88.177
87.2061
89.8571
89.6004
88.3601
86.6485
87.3695
85.9664
85.3143
85.2872
86.8625
86.3422
86.2147
87.7418
89.0142
86.5788
88.7094
91.2834
90.1429
88.9667
86.9634
87.2629
86.2445
87.8545
87.0144
87.8102
86.2673
84.728
84.8161
83.7602
84.7993
85.06
85.3021
84.3904
84.1245
83.0404
83.7047
83.3938
81.0344
81.7726
81.6574
81.249
82.8043
82.3041
83.7102
83.6456
83.5331
83.0624
82.4372
82.4132
81.1832
80.0771
78.2927
78.4837
78.2812
78.7474
77.4307
77.913
76.3633
76.1992
75.8604
76.6458
75.7694
75.8225
73.2947
72.7096
72.5144
73.2998
72.4455
73.0911
74.4201
74.5504
74.1263
74.571
74.4463
74.4735
73.6615
73.2685
72.5423
73.6111
71.5575
70.8744
71.4015
71.5398
72.9396
73.6151
71.2991
70.2149
70.7215
71.0102
70.2143
71.4478
70.777
68.7063
68.4275
69.4405
67.1978
68.9086
69.0946
71.2914
72.2908
70.9093
69.1198
69.5516
70.8604
70.7526
68.2449
67.4832
67.0617
68.1121
69.1467
68.3387
68.106
