99.434
99.8698
101.994
102.67
103.387
103.824
104.485
105.635
105.276
105.824
106.365
106.971
108.705
106.85
106.667
106.051
105.286
105.155
106.583
106.76
105.101
104.383
102.54
103.884
103.346
103.751
104.67
105.849
105.603
105.235
106.437
106.191
106.116
107.927
106.771
106.01
105.42
105.433
105.673
105.45
103.894
104.835
104.017
104.766
103.778
102.498
102.697
103.273
102.83
101.43
101.412
102.42
102.749
103.09
102.562
102.576
101.868
102.409
102.627
100.482
100.253
101.996
103.237
105.738
108.177
109.503
110.109
110.451
109.178
109.295
110.454
111.2
108.921
106.922
106.906
105.483
105.958
103.907
103.645
101.242
103.329
102.453
103.9
105.191
102.673
101.206
104.04
103.813
103.3
102.862
102.181
102.743
104.462
103.2
103.728
101.727
102.371
102.417
101.407
101.69
102.991
102.958
103.613
103.179
105.934
105.084
107.693
108.462
110.484
109.666
109.258
109.945
109.097
110.116
110.398
111.199
108.758
108.68
108.964
108.196
107.977
109.034
110.807
108.293
109.516
109.126
107.762
108.818
107.811
105.446
106.665
105.965
103.628
103.615
103.706
104.423
104.356
104.278
103.863
103.06
102.418
103.522
105.366
108.679
108.736
106.518
105.376
106.212
106.513
105.809
105.94
106.603
106.673
106.024
103.427
103.138
102.913
102.627
102.312
102.367
103.467
103.139
103.117
100.718
100.136
101.455
99.5552
98.344
96.9853
98.688
100.676
101.012
103.832
105.346
107.231
107.591
109.333
106.588
105.728
104.394
102.949
101.937
101.726
103.511
104.092
101.849
100.697
99.3853
99.4212
99.2437
98.604
96.814
98.595
98.6845
99.0783
97.4153
97.5188
98.1108
98.86
98.5122
99.7862
100.331
101.205
101.923
103.933
102.796
102.868
101.669
102.758
103.077
103.732
104.474
107.253
109.168
108.268
107.049
106.643
105.204
104.364
104.342
105.221
104.781
106.318
106.95
105.495
105.109
103.845
103.579
102.742
103.193
102.654
101.417
100.033
98.8766
100.017
98.8728
98.8757
98.8087
98.092
96.9675
98.0018
99.8313
100.384
100.94
101.049
104.286
106.36
108.572
109.78
111.275
113.625
110.967
111.991
111.856
111.109
109.434
111.906
111.239
110.003
109.516
109.694
108.133
106.05
106.214
107.669
107.992
107.553
107.289
106.87
106.86
108.979
107.829
108.999
108.963
108.659
110.211
111.237
111.458
111.366
113.608
115.256
115.92
116.099
114.462
118.172
118.453
121.266
120.863
120.839
123.889
120.635
124.207
123.644
125.122
123.56
122.936
121.391
122.519
121.916
124.242
124.141
123.389
124.426
126.988
128.098
129.154
130.086
132.003
128.14
128.572
128.536
126.736
124.633
125.665
123.366
123.359
122.183
122.192
122.691
123.686
123.795
124.711
125.631
125.52
127.017
124.629
123.377
124.514
124.525
123.591
122.376
124.357
123.548
122.388
123.809
122.911
121.552
123.381
125.23
122.901
122.111
122.487
121.214
123.013
124.192
124.591
124.602
122.88
122.099
123.271
123.962
125.6
127.725
128.736
129.904
130.01
130.024
129.139
128.359
128.57
128.001
129.638
128.702
128.495
131.895
131.259
128.454
129.698
127.639
128.174
128.529
129.051
131.737
136.814
134.616
132.98
134.028
134.184
133.746
131.993
131.69
131.789
132.527
132.12
131.401
130.347
130.06
130.94
131.147
132.408
134.172
134.737
136.807
135.895
134.195
133.258
133.085
135.016
133.503
132.501
131.663
130.847
131.472
130.83
133.091
135.256
131.482
132.323
135.205
135.397
134.925
137.194
133.892
135.13
132.505
135.105
130.977
131.605
131.035
131.054
130.173
132.049
134.518
132.19
130.456
131.686
130.519
130.932
129.337
126.94
128.079
128.767
129.969
132.838
130.568
129.249
128.153
127
126.566
127.251
123.185
121.698
120.33
120.262
115.704
115.546
114.77
116.079
115.571
117.734
114.789
113.606
113.494
112.143
113.003
112.779
112.905
112.809
113.89
113.586
112.982
115.082
115.373
116.043
115.75
116.17
113.427
111.432
111.294
110.782
111.806
112.286
112.619
112.556
110.607
112.679
116.2
116.049
117.477
118.181
118.39
120.61
119.605
118.94
120.551
121.24
122.327
121.929
121.246
118.236
117.843
118.468
115.188
114.61
114.668
117.867
119.193
119.09
121.027
117.95
119.366
118.317
117.378
116.86
115.367
115.054
117.507
118.147
115.777
116.76
116.965
118.333
118.676
115.859
116.707
117.79
115.255
115.406
114.498
113.661
116.481
114.544
113.058
112.359
112.224
110.175
107.431
107.083
106.847
106.884
108.771
110.722
110.953
110.136
109.988
111.492
111.203
111.465
113.882
113.246
113.903
115.037
115.124
114.779
117.053
115.935
115.002
114.55
114.26
115.524
114.279
111.728
109.912
110.164
111.058
111.905
112.294
113.183
115.358
114.654
113.907
115.141
116.219
116.478
117.874
119.897
117.645
119.229
117.945
120.371
119.101
122.278
122.657
122.602
125.177
121.597
119.411
119.795
120.051
121.447
122.98
121.346
122.148
125.916
125.691
122.6
121.865
121.234
121.934
120.319
120.491
118.818
119.44
122.563
122.953
121.629
121.817
122.173
119.216
120.358
