98.5753
95.752
97.6653
97.2738
99.1385
98.146
98.297
97.6246
96.8968
96.4308
97.0799
98.9213
99.8402
100.019
99.8811
99.6456
99.6927
99.4631
99.1078
98.6725
99.4759
99.3628
100.888
99.8903
98.3584
95.8595
95.5262
95.8543
99.2141
100.132
98.494
100.231
99.3808
97.137
97.5268
95.8733
97.5337
97.9061
99.409
100.426
99.8874
99.6013
99.6295
99.0785
97.1343
98.1918
99.4887
97.0475
96.0345
97.474
94.5773
95.7593
94.5715
95.621
95.6886
95.3908
96.0345
95.2081
94.7463
93.8451
95.332
94.2925
96.5189
95.0962
94.1905
92.1346
92.4539
94.4817
93.5985
93.8852
95.5175
95.5716
94.2974
93.8235
93.7641
92.3086
93.5686
93.593
92.3384
92.189
89.9872
90.2112
91.2064
91.5408
92.5494
90.9263
90.3225
91.3999
91.7534
90.9328
90.1459
90.7134
90.1638
91.6096
90.9774
91.9196
90.5123
91.8664
91.3523
90.5937
90.2707
91.8445
93.4203
91.4911
92.6693
92.7573
93.0739
91.9807
88.6328
88.5171
89.2222
88.2125
89.116
89.435
91.1989
91.703
90.8206
91.7511
89.0663
89.287
90.1743
91.1125
90.801
88.6633
88.811
88.3402
86.8369
84.883
82.5864
82.7284
82.507
82.1149
82.6877
83.5865
83.7319
84.4761
85.7275
86.7572
86.8396
85.5865
84.2317
84.0756
82.8265
81.4937
81.8601
83.4206
82.0789
81.8358
80.6637
80.307
79.8337
80.1879
79.8879
78.354
77.5193
76.1366
76.8779
77.6464
78.4449
77.0311
75.7269
75.8472
76.0469
76.0115
75.9757
75.4377
74.5928
76.305
77.6292
76.2411
75.1492
75.7362
75.8406
75.2279
75.0959
76.6039
77.3314
78.1681
78.7663
78.7321
79.0103
79.9661
80.186
81.2709
79.7774
78.4094
79.2524
79.8221
81.4732
83.1435
83.467
82.4846
82.4028
83.4805
84.4877
85.0189
85.2859
86.9972
86.1751
85.3295
85.475
86.296
85.0975
85.437
84.7466
83.9543
83.6356
82.7353
84.4654
85.1355
87.6285
88.2631
87.4662
85.4427
85.2404
84.9198
84.2692
83.0503
84.0778
83.3287
83.1226
84.4167
84.3824
84.8371
85.57
85.5814
85.5884
86.2138
87.1766
86.2009
86.4995
87.6735
85.6705
83.7869
83.9643
85.5013
85.5101
82.5868
83.6561
83.7129
82.9827
83.5358
84.1743
82.6039
82.5971
81.8127
80.464
80.9853
81.0175
82.8143
83.1424
82.5381
82.3043
85.2098
86.0958
85.5977
86.3146
86.9843
88.586
87.9477
87.9335
84.9082
85.8177
85.0555
85.1367
84.3314
84.0778
82.7174
82.7425
82.1336
82.5705
82.3004
81.9112
82.4
81.7788
81.5088
81.6488
81.8068
82.0245
81.6963
81.3991
81.1155
80.9572
78.4714
78.5538
78.9846
78.1034
77.8459
77.9762
78.9763
80.0993
80.6338
80.139
81.8177
81.4068
83.3409
83.7283
81.932
81.4004
80.5659
80.8602
79.8711
78.5886
78.2052
79.7749
80.5713
78.6623
77.0258
75.8843
74.3301
73.4128
72.7152
73.6904
73.5361
73.5839
73.4925
73.7057
75.0571
74.2574
74.6645
74.2359
73.842
74.7661
74.2116
73.9718
72.5254
71.6312
72.5123
71.29
71.6746
73.7904
73.781
74.5667
74.9472
74.7012
74.4467
74.0557
73.9774
74.7216
74.2491
75.1216
75.1921
75.3063
74.8369
75.6126
75.6184
76.9899
77.9093
78.2359
77.7237
78.7389
78.9101
79.6129
79.7233
79.351
79.9106
80.3673
82.022
83.3928
81.5145
81.5854
81.2175
81.5119
82.0601
82.954
81.7058
84.0719
81.8126
83.1722
83.7563
82.8793
85.0918
84.9014
84.2583
84.7583
86.5836
87.0939
86.6467
84.5411
85.081
85.4391
86.1783
85.0802
85.6759
84.1921
84.9641
84.9883
85.4862
86.4027
85.0085
86.0417
85.1566
86.9355
86.5193
87.0796
86.6168
86.8861
86.5215
86.1595
85.4467
86.2737
85.2025
86.0414
85.8539
85.8407
84.3355
85.6188
85.7644
84.7313
84.635
84.1975
83.3713
84.0235
84.7016
85.6128
85.3964
83.317
84.1561
83.5561
85.2188
85.4344
86.4948
87.1191
88.0459
88.3388
88.3282
88.4372
89.3724
89.914
92.4683
91.213
92.0274
92.8009
92.9492
94.5487
95.0521
94.0707
94.2
93.4371
92.453
94.3916
94.7609
92.3854
91.2595
90.6584
89.4114
86.934
85.9145
85.8536
85.7063
83.5823
83.4134
84.2912
84.0935
83.4454
83.8705
84.6568
83.7747
83.4818
84.5374
84.365
83.1446
83.7972
83.9975
85.1673
84.7648
83.7548
82.9031
82.6703
82.8774
83.555
83.5047
82.5292
82.3346
82.2546
82.6143
83.5549
82.9035
81.0345
82.1196
79.8674
79.3824
79.0345
80.2922
80.0374
78.5126
77.961
78.047
78.3488
78.6045
77.942
76.2645
75.7128
76.5688
75.6336
75.3489
74.9434
75.9165
74.6358
75.0213
76.3801
77.4271
76.5117
75.5193
75.8023
76.0086
75.1166
74.8733
74.2325
73.6352
72.9192
73.282
73.136
72.9698
72.7255
75.4618
75.485
77.0982
77.371
77.0411
77.855
78.1028
76.7637
75.7839
77.4557
78.0347
78.3537
77.0281
77.4956
76.8895
76.1998
76.6192
76.172
75.689
75.0161
73.7613
73.7943
73.8474
72.9364
73.0316
72.829
70.8476
70.8249
70.7072
71.0558
70.6418
69.3944
68.7364
70.0409
70.537
71.4306
70.9858
71.7515
71.4239
71.3384
70.8683
69.2294
70.8281
70.7174
70.9017
71.0839
70.0384
70.3472
70.6352
69.3178
70.0406
70.2925
70.176
71.1386
72.6888
73.9737
74.2655
72.4202
73.008
73.2474
72.9868
71.4139
72.5021
71.8035
72.5485
72.4873
72.0058
71.07
70.8963
70.8933
69.7814
69.3848
70.1853
69.736
70.8634
70.0408
70.3332
68.9361
68.8595
68.1945
67.2904
67.6354
66.919
66.6916
65.8844
