98.8224
99.1384
100.946
100.771
100.347
99.4385
100.056
99.0863
99.5524
99.7477
96.7067
94.1894
93.5689
92.1141
94.2194
92.9869
96.2532
96.4445
97.9614
96.692
95.9241
96.2217
96.314
94.5587
95.1574
96.5248
98.1897
98.6492
101.095
100.672
98.1761
96.702
95.433
96.8957
97.9738
98.3332
97.561
96.343
97.1283
98.2999
98.099
98.7539
97.4131
96.34
97.7246
98.5579
97.2923
98.6346
98.9567
98.6197
97.2054
96.9592
94.9788
96.3724
97.6082
99.67
100.474
99.5567
99.1895
101.36
102.095
100.945
102.09
102.593
103.321
102.472
101.874
104.032
104.897
105.569
106.805
103.876
103.425
103.256
102.255
103.173
105.621
105.744
104.606
104.433
106.091
106.373
107.249
109.514
109.508
107.01
106.492
106.887
105.55
106.334
104.658
106.341
105.304
104.875
102.828
104.309
104.057
102.663
102.366
103.518
102.434
102.772
103.01
102.98
105.127
104.835
102.565
102.195
103.956
103.188
102.757
103.929
102.289
101.942
101.511
103.015
102.432
100.098
100.744
102.406
105.12
103.13
102.239
100.998
100.284
98.7649
99.4613
98.8928
97.0834
96.042
95.6766
98.2114
98.8205
96.8757
95.9857
95.2224
94.0609
92.7365
91.9362
92.5351
91.1254
91.4947
90.232
89.3519
89.4101
89.0018
86.7633
86.6522
88.1258
91.1554
90.7209
88.2492
87.2103
88.2885
87.6208
90.6188
92.0829
92.1016
91.5472
91.9983
90.4985
88.8846
87.993
86.1901
87.647
89.2219
89.2192
89.7282
90.3055
90.1017
90.0808
89.0973
88.3131
88.2804
88.6242
89.0732
88.0962
88.1738
89.5084
87.7356
88.7735
89.0513
90.0701
90.1286
89.5486
91.4597
91.1309
89.5744
88.3246
88.2356
89.0008
89.5494
89.7042
89.1893
90.9793
90.3511
90.7072
90.3247
90.3797
91.2799
90.0504
90.4486
91.8219
92.7364
93.0217
93.6506
93.3992
93.8276
92.0054
91.997
91.9612
93.4608
92.7202
91.5562
93.0659
91.6348
90.6651
90.5085
90.7067
89.3833
89.6257
91.2116
92.1756
91.3424
92.2638
91.9435
92.2786
92.6348
90.451
90.5071
91.2422
93.8523
93.5984
93.4275
91.9566
90.8303
91.2761
91.5129
90.5779
90.498
90.4567
90.2202
90.508
90.1298
90.4669
89.4284
88.6124
88.7237
90.0264
90.5388
90.5504
91.7204
92.723
93.237
94.4113
93.137
92.5287
92.9322
92.7984
93.4515
94.293
96.3421
98.708
97.9868
98.9506
98.6692
99.1083
98.7162
98.5544
100.786
99.8747
100.429
101.809
102.7
104.342
104.114
104.259
101.856
101.719
101.765
104.107
105.578
105.762
105.362
106.387
105.114
104.42
105.263
103.754
103.995
104.823
102.794
101.147
101.29
100.855
101.139
100.723
98.8017
100.429
98.9167
99.2173
99.7194
100.377
100.773
102.377
105.713
104.63
105.455
105.576
105.62
103.372
102.31
104.436
104.044
103.162
102.831
102.891
104.319
105.449
104.752
103.878
104.311
104.94
104.216
105.929
106.507
107.522
106.52
107.188
109.948
109.074
110.38
113.563
115.32
116.113
114.346
114.352
112.262
111.517
111.71
112.445
112.059
112.716
111.166
113.618
114.008
115.155
117.679
118.76
119.831
120.897
119.835
121.286
121.64
121.128
119.335
119.586
118.245
117.366
115.682
115.975
115.903
115.167
117.778
117.968
120.266
118.191
118.107
117.567
117.752
117.896
118.449
118.467
116.511
114.968
117.799
117.114
116.537
116.848
115.728
116.122
119.339
117.793
116.54
116.516
115.025
117.207
115.349
115.547
113.947
113.038
110.486
109.317
108.975
110.103
110.593
108.947
108.142
108.209
109.414
108.084
106.616
106.303
107.713
107.438
105.911
105.746
105.295
105.923
105.438
103.924
103.796
103.408
106.202
107.95
107.214
108.36
106.087
104.222
106.725
106.993
107.683
108.215
109.529
109.714
108.989
110.258
109.371
106.629
109.773
109.589
109.428
109.447
108.176
110.108
108.728
108.918
108.647
107.663
106.78
106.858
106.498
109.022
107.854
108.636
108.56
108.771
109.999
108.714
111.341
111.876
111.584
110.39
110.424
112.609
113.134
113
114.111
116.335
120.141
118.162
119.078
120.635
118.378
117.993
117.908
118.211
117.821
120.617
119.841
121.143
120.475
119.033
118.142
118.983
121.308
122.424
124.222
124.609
123.567
123.191
122.372
122.858
120.865
121.308
120.075
120.631
118.942
118.015
118.074
117.395
118.125
116.573
117.603
119.297
115.354
117.772
117.247
118.918
119.703
118.977
120.497
119.77
119.437
123.518
122.931
125.029
125.408
124.627
127.251
125.158
124.364
123.662
124.101
122.427
121.839
125.885
127.467
127.613
126.88
125.616
125.394
124.62
121.605
118.997
121.555
122.174
122.997
122.042
121.927
120.706
120.157
120.817
120.739
122.783
122.009
121.98
121.903
118.488
115.713
113.626
114.598
115.545
115.435
116.917
118.244
115.858
115.816
118.216
118.049
120.791
119.985
120.733
123.006
123.743
124.463
123.766
124.863
123.336
123.358
122.622
123.445
125.859
127.498
124.153
122.684
122.264
121.963
121.362
121.794
121.962
119.545
119
116.465
113.788
115.04
115.255
115.745
115.874
116.596
116.853
116.677
114.475
113.578
113.431
114.612
113.989
111.489
112.35
112.967
112.111
112.76
113.317
112.095
112.69
112.101
112.402
109.989
109.077
109.593
