96.6155
97.2611
97.0822
96.3325
96.5432
95.8682
93.964
94.3773
95.9048
94.0757
95.6556
97.2454
95.3565
94.8132
93.0816
91.7322
89.461
90.3071
89.7381
89.4639
90.2545
90.3061
91.0447
91.7178
92.9487
94.5626
94.5995
95.485
95.3958
93.3484
92.7037
92.1027
91.3533
89.5723
90.2915
88.602
87.9502
87.2959
86.509
85.9378
85.725
84.8862
83.0984
82.1003
82.2056
82.3514
81.0582
80.62
78.9434
79.9378
78.8678
80.2992
79.7559
80.9606
79.8546
80.2061
80.2597
81.1378
80.9121
82.1549
81.807
81.8355
83.7309
83.9119
84.2154
85.4479
84.722
84.1911
84.3217
84.4012
82.4103
82.9287
82.8501
82.2493
82.0785
83.6641
84.7327
85.6672
86.7441
85.9496
87.8636
87.3843
86.5048
88.1138
88.497
89.2556
88.1314
87.6545
88.1558
88.2543
87.954
87.7928
87.453
88.6024
87.2167
87.6099
87.4313
89.1567
90.1478
90.2065
88.1741
87.1025
85.8103
83.8103
83.4981
83.1855
84.2984
86.0667
86.8292
87.3466
87.9776
87.8213
86.1601
87.5855
88.4002
87.9824
86.7098
88.5394
89.1528
89.4035
88.5751
90.1385
91.3308
90.8354
92.0514
94.34
96.8782
96.2962
97.7136
99.0025
99.3147
99.8221
100.361
100.851
100.887
102.294
102.159
104.433
104.554
103.728
104.004
104.971
105.973
107.438
108.135
110.673
109.607
110.205
111.56
111.194
110.094
109.664
108.702
111.726
111.307
109.992
109.828
109.021
107.505
108.494
108.524
108.399
106.525
107.736
105.42
102.945
102.373
102.429
102.32
102.007
101.01
98.416
97.3257
94.9836
94.8459
94.0559
91.8711
92.1723
91.9843
91.9914
93.6853
95.8176
96.8194
96.6384
95.1815
94.9898
93.8163
92.5743
92.3625
94.945
94.672
94.5804
95.1013
96.6469
96.8272
97.3349
98.7945
98.027
99.1505
98.05
96.0714
95.754
94.7781
94.6773
94.795
95.7062
94.7477
93.561
91.5263
90.6248
90.5323
90.5557
90.4979
90.1542
90.3624
89.2213
89.3994
89.5977
89.193
88.1443
85.7911
85.4723
83.7761
84.4762
85.5871
84.2022
82.3869
83.46
82.8439
81.6339
82.9248
84.708
85.2373
83.977
85.8215
86.228
85.9665
85.644
84.3869
83.888
84.4543
85.4181
83.0409
83.0972
83.3674
82.975
81.7424
83.621
83.2835
83.11
80.3095
79.6589
78.4049
77.5195
77.0127
75.2228
73.0637
72.783
73.5098
74.3549
74.6779
73.9758
73.1741
72.8956
73.1719
73.9881
74.4142
75.4246
73.5192
75.0197
76.3188
74.9043
75.0421
76.0909
75.7319
74.7399
74.7064
75.2725
75.5349
75.2603
75.4926
73.8652
71.9232
71.8255
71.761
73.4154
74.6109
75.9497
77.1519
78.2647
78.2665
77.0918
78.7196
79.2271
79.8203
79.0851
79.0697
79.4075
80.2312
81.0133
81.8748
81.4176
80.6166
80.6202
82.701
83.4851
82.55
82.1369
80.9534
80.2302
81.2555
81.508
82.9423
83.7951
83.4428
84.0051
84.0973
82.9806
83.9539
86.4504
86.5341
86.6394
86.5724
87.0383
86.0528
83.8771
83.7984
84.4345
85.5715
84.5528
84.4746
83.2564
85.2183
86.0833
85.7568
85.2518
83.4118
83.309
82.5559
83.3164
84.436
86.3644
85.5545
85.1089
84.3519
86.1783
83.3572
84.5056
84.9394
84.9756
86.6495
87.3297
85.8499
85.9028
84.6799
84.3627
85.5028
87.8545
87.1706
86.5374
87.8528
87.9283
88.0191
88.9221
88.9933
89.2262
89.6261
90.8899
92.1954
92.071
91.2601
91.4109
91.9885
93.083
94.0692
94.9519
93.8594
95.0702
94.056
93.2873
92.0633
91.0501
92.1039
91.6062
92.2989
91.9254
91.7544
91.4838
92.3725
92.2835
93.1561
93.5275
90.9651
89.9701
91.0504
91.6325
91.7583
91.894
91.234
90.037
92.3367
91.3525
89.3151
90.778
88.7439
90.2049
91.1641
89.0125
91.6396
90.5287
90.8308
91.624
93.6443
93.4574
95.1379
94.4495
93.6669
95.1204
94.401
95.343
95.7862
95.4847
95.3692
95.6766
94.1364
92.1922
91.1298
91.3415
93.1905
92.6584
91.6414
93.4297
94.2489
95.2823
94.1472
94.5677
95.6388
92.8628
91.3184
91.686
94.8184
95.4943
95.7207
94.2647
92.181
91.0638
89.4023
88.0682
88.5579
86.2324
88.0278
86.9225
88.6117
89.1062
90.1258
89.6208
88.9858
89.0259
90.25
89.4669
89.6755
90.2492
89.3659
90.165
88.2423
87.506
88.6095
89.2188
89.3655
87.1648
87.3519
85.9391
86.9161
87.113
87.8837
85.4802
86.2284
84.8469
83.8289
83.2747
83.9734
82.2081
82.095
82.9807
84.1192
84.4999
85.1956
83.7927
83.167
85.5729
84.9065
84.2839
85.3776
85.3125
86.229
87.9299
85.56
85.7895
85.905
86.653
85.8294
86.4969
86.7849
87.3192
88.0639
88.4793
87.7069
88.9369
88.9423
87.1061
85.4644
85.3714
86.6648
87.6586
88.1834
87.1676
86.3258
86.9956
87.8462
88.9251
88.9189
88.0307
88.991
89.224
90.9605
91.1839
92.7737
94.3192
94.4504
93.2466
93.5226
93.2055
94.2084
95.258
94.7084
95.4712
95.852
97.8347
98.1926
97.1755
99.1771
97.8977
98.1791
95.3245
95.9761
97.1817
97.8566
98.6483
99.4653
99.5679
101.571
102.408
101.84
102.364
103.778
105.398
104.327
105.382
105.219
105.804
106.319
106.379
104.727
103.733
105.751
107.465
106.385
105.827
103.918
103.247
102.97
102.576
103.217
103.046
103.905
102.439
100.841
98.797
98.1476
97.5324
99.1378
98.6796
97.792
98.6457
97.2714
96.985
96.3002
97.5197
96.0602
95.2402
95.3914
94.9279
94.1106
94.6985
93.8605
93.8799
93.3374
94.4704
96.2199
95.7764
