101.689
100.705
102.4
100.852
99.5371
98.5496
98.1163
98.833
97.1715
97.592
98.5285
98.397
99.0537
99.8481
98.8182
99.0967
100.304
101.083
100.143
100.802
101.233
101.545
101.386
101.149
100.57
100.605
99.1126
99.7132
98.8961
98.485
98.565
100.998
101.137
102.521
101.943
99.6876
99.6944
99.3977
98.4715
98.2301
96.5837
95.0436
95.1366
94.2868
93.4234
92.6347
92.3005
91.8265
92.2971
93.3171
93.6672
92.0135
93.5297
92.8746
92.3179
92.8482
92.4571
91.0103
90.002
90.4423
90.2213
90.5181
91.2807
93.6894
95.0459
92.2467
91.4721
90.7671
89.3574
88.456
88.4285
88.3597
87.9146
88.2865
89.5079
91.1726
90.013
90.7681
91.9659
92.782
93.2342
93.2413
93.9567
94.8175
95.3081
94.1228
93.8562
94.5189
93.8992
95.3631
96.7259
96.3867
96.3738
97.8917
98.2745
100.441
101.959
103.312
103.59
103.36
105.132
106.691
106.553
106.335
104.933
104.881
105.732
108.467
110.978
111.446
110.733
111.301
109.99
110.178
111.78
113.68
113.96
116.294
116.9
118.231
117.034
115.857
114.926
114.283
114.138
112.721
112.746
113.511
114.644
114.49
114.771
113.978
116.304
114.627
114.496
115.059
115.86
116.316
117.226
116.774
116.02
119.233
120.18
120.741
121.855
120.624
121.304
119.301
118.88
116.148
115.898
115.284
115.505
116.764
117.655
114.377
114.047
112.806
111.914
114.315
115.135
116.793
116.715
117.536
117.054
115.613
115.863
116.401
115.648
115.062
116.249
116.719
116.428
118.04
118.163
118.723
117.282
117.653
119.661
117.512
119.901
117.776
116.206
115.162
114.985
115.916
115.251
115.027
113.513
112.386
113.347
115.613
116.225
114.734
116.615
116.89
117.642
117.419
117.95
116.252
114.228
112.309
110.306
109.799
108.511
104.383
105.963
104.957
104.735
103.171
103.255
104.025
105.606
106.229
106.432
107.953
109.326
109.518
108.85
108.601
109.604
107.328
107.885
105.193
105.906
105.553
105.007
105.489
104.91
107.231
106.479
107.33
107.201
105.962
104.909
102.259
102.378
101.595
103.07
101.159
102.952
103.142
103.002
102.111
103.882
104.552
103.545
102.417
102.734
103.658
102.939
105.152
106.64
105.893
106.989
105.385
106.101
105.414
103.323
104.462
104.167
104.467
105.001
105.541
104.457
103.987
103.944
105.363
105.488
106.685
108.615
109.55
108.181
107.61
106.722
106.262
105.662
105.875
106.058
107.495
107.733
107.398
107.142
107.968
108.294
109.024
108.042
110.066
112.688
111.51
111.248
110.6
110.679
112.685
112.13
112.18
115.347
112.112
113.337
114.192
113.544
112.424
108.653
108.84
108.02
108.892
109.942
111.593
112.168
112.428
114.017
113.101
111.992
112.074
111.914
112.803
112.606
112.083
112.985
111.734
110.613
109.961
109.927
109.133
108.714
107.655
109.866
111.082
112
112.472
113.139
114.373
115.487
115.095
114.676
116.267
115.035
113.989
113.768
115.476
116.94
116.958
118.155
118.571
120.909
120.312
118.989
118.319
119.623
119.01
123.27
123.215
124.507
125.025
124.094
124.282
126.124
125.354
127.419
126.524
128.08
128.754
129.857
128.655
129.434
128.124
126.059
126.126
126.025
125.75
126.732
122.33
121.743
119.343
116.239
114.463
115.101
113.397
111.617
111.102
112.928
111.556
114.791
112.247
111.332
112.657
112.498
112.27
112.206
111.841
111.556
111.298
110.414
108.141
108.569
108.903
109.037
111.233
112.293
112.36
114.289
115.114
113.517
114.292
115.919
116.05
114.152
113.864
114.624
116.284
114.342
115.843
116.392
112.593
109.834
109.403
106.668
106.821
108.139
107.686
106.797
106.809
108.673
108.464
110.719
109.743
109.037
109.13
106.597
106.375
106.94
106.8
108.743
108.769
110.571
111.019
111.85
113.173
113.265
112.663
112.54
112.235
109.105
110.492
111.288
113.843
112.661
114.379
114.385
115.95
114.532
118.22
118.722
118.278
117.953
115.251
113.207
114.187
112.374
111.851
112.846
112.951
113.736
110.915
111.658
112.391
111.73
110.417
111.195
111.093
110.621
110.359
111.969
113.121
111.932
113.534
114.52
114.632
115.607
117.09
115.427
116.677
114.93
115.372
114.686
114.501
115.454
115.142
116.757
114.954
112.88
110.34
110.906
109.469
110.052
108.526
106.996
108.13
106.61
107.507
108.864
109.51
108.907
108.167
107.561
106.325
105.988
106.524
107.297
107.192
105.03
105.342
101.966
102.422
99.4954
99.6189
99.482
98.3312
98.7339
100.945
101.52
101.334
100.883
99.7849
99.7608
101.763
102.315
103.437
101.255
103.095
103.198
102.964
102.463
103.005
105.021
105.958
105.943
104.444
102.303
101.249
102.459
102.725
100.173
102.347
102.823
102.621
101.724
103.119
102.86
100.474
99.1824
100.509
98.9775
98.8099
98.1736
99.0148
99.8837
98.7066
100.019
101.197
99.8958
100.222
99.5763
101.23
102.073
104.662
104.042
102.359
103.379
102.234
102.012
102.875
104.213
103.186
103.593
104.278
104.68
105.454
105.131
105.917
105.823
104.546
106.466
104.746
104.931
105.096
103.056
104.358
104.397
104.965
106.104
105.296
104.047
103.872
105.029
105.535
103.887
104.905
103.81
102.963
