98.0468
96.9037
96.3317
97.2407
98.9303
100.565
100.082
99.2903
100.187
100.209
100.019
98.2477
100.196
102.932
101.204
101.663
101.66
101.834
102.196
102.458
103.423
103.285
102.572
103.338
104.109
105.77
104.586
104.714
103.503
102.984
101.238
101.052
100.726
101.34
102.952
104.028
103.504
102.749
102.443
100.964
100.875
102.086
101.984
102.25
97.9996
97.1104
98.203
97.6004
98.7433
98.6034
98.6887
100.945
101.792
102.791
102.746
102.206
102.027
100.066
99.2843
97.6563
98.6928
98.1944
100.505
100.162
99.4879
99.5552
98.5088
99.5469
101.848
101.613
100.216
99.3948
98.5539
100.455
100.798
100.224
102.224
103.016
100.64
102.386
103.422
103.992
103.741
101.424
101.242
101.932
101.743
100.867
102.134
102.262
103.201
102.517
102.692
101.468
101.649
102.204
101.027
103.522
102.362
101.974
102.701
104.696
104.921
106.444
107.802
108.171
109.569
111.273
113.886
111.526
110.824
109.239
112.178
111.777
112.692
112.617
113.548
113.393
112.21
112.055
111.093
112.724
110.706
110.098
108.9
106.103
103.088
104.472
102.922
100.115
99.0249
97.5784
98.3788
97.3649
97.8552
98.3893
96.5132
97.2753
97.7405
97.0948
99.9423
101.509
100.544
100.241
99.0173
98.7337
97.3888
95.7351
95.5916
96.3608
96.1867
94.0206
92.7572
93.9345
93.7729
94.4544
94.0079
95.6851
93.341
91.4384
90.5954
91.0039
90.9631
91.2728
90.024
88.1723
88.8972
89.1111
89.644
87.9599
89.2401
89.2661
88.3051
86.033
86.8616
85.0963
86.3669
85.5885
83.3752
83.0746
82.6272
81.3351
79.7641
80.0158
80.7511
80.9763
81.4274
81.2003
81.5946
82.3055
83.8177
85.4074
85.7818
85.8886
87.2981
85.8215
86.0026
85.6874
87.479
87.3869
86.2783
86.7839
86.153
88.2315
88.4062
88.1703
87.2128
85.9069
84.9529
83.7373
85.9619
85.139
83.7301
83.7249
81.8732
82.7586
82.1491
84.5431
84.7853
84.5587
85.5416
85.1404
83.7096
84.8014
85.4374
85.8744
85.5205
85.8581
85.7767
86.7888
88.1011
89.2025
90.406
91.9465
90.5784
92.4637
91.2519
90.84
91.8133
92.9593
92.2976
92.1255
91.8633
92.7526
92.7783
93.4548
94.7155
94.748
96.3349
94.3498
92.8403
91.7845
92.0695
92.1484
93.6656
93.4744
93.8899
92.9878
91.7971
92.2552
92.4577
92.0598
91.4453
92.0758
90.9506
90.4256
90.3964
88.8214
88.3638
87.2624
87.568
88.0808
88.3025
86.4985
87.1745
84.344
84.3661
84.4483
84.075
84.5431
84.2059
84.9015
85.4056
85.8567
87.336
88.6316
89.6867
89.1368
88.3456
88.0059
88.0317
88.234
88.2219
89.6813
90.4501
92.9083
92.0779
93.4493
93.07
94.2837
94.9591
94.652
96.4349
93.6859
94.4988
93.8896
93.8717
97.6456
97.1167
97.3328
98.0631
99.3634
99.0517
98.0613
97.3105
98.0269
96.6868
97.6632
98.1555
98.3262
96.3268
95.0166
95.6565
94.8501
95.2286
96.224
97.9816
98.0873
97.4111
95.6507
96.291
95.8844
95.3687
96.5643
94.5051
95.9764
96.2423
93.2744
95.6033
93.8356
93.5212
92.5637
91.5556
90.7976
92.8248
91.5809
91.7414
92.6191
90.6627
93.7359
95.1547
97.0925
96.6113
95.542
95.3933
94.295
94.166
93.8084
93.1806
94.3895
94.9876
93.0147
91.7192
91.8969
90.6513
91.6726
90.6559
90.3232
91.6329
91.1976
92.3633
91.2079
89.1905
89.1417
88.1614
88.2122
89.5087
89.1524
89.0901
88.5292
88.9792
87.7521
88.1566
89.2468
89.1582
87.4794
89.0379
88.9366
89.2167
88.0606
88.8129
88.5952
90.1926
88.8294
89.733
89.5065
89.9584
90.3379
88.351
87.201
88.7595
88.5363
87.6102
87.5369
85.9062
86.3005
86.9332
87.3273
87.1893
87.5539
86.988
86.0459
86.1667
86.7276
88.7556
88.5532
88.5074
89.589
89.1932
89.3558
90.0971
91.6039
92.0205
92.5853
91.7512
92.3101
91.4752
93.3444
93.6128
94.0428
93.6169
93.2741
92.6246
91.7668
92.9269
92.7371
94.6508
93.9002
94.8323
95.6212
95.5952
94.1578
94.7526
95.1606
94.7961
95.5131
94.8213
94.7562
93.8826
93.3341
95.05
95.8065
94.7862
95.0589
93.4258
94.7852
95.4304
94.1389
93.7558
92.6533
91.6955
92.4291
92.1262
91.2449
91.0082
91.6453
92.0093
95.3413
93.9913
94.0395
93.3399
93.8196
94.7202
95.4769
95.6718
93.6467
94.7261
93.4348
94.2399
95.5752
97.1861
96.9239
97.3968
96.6007
97.5339
96.8852
96.4694
95.4085
95.2265
94.8082
94.7109
93.0266
92.5038
91.7821
92.0831
90.5916
91.6325
93.642
95.0595
94.2681
92.5835
91.7787
93.3147
95.0174
94.8156
94.3166
94.2623
93.5024
93.5459
92.6749
91.0998
90.893
90.0701
90.959
90.1778
90.3923
90.3623
91.3975
89.2351
86.8961
86.9886
84.6153
83.451
83.0097
84.6648
87.2737
87.6742
85.8981
86.7148
85.691
86.3699
88.3024
89.0588
89.377
92.3427
93.16
93.6103
91.5633
90.3291
90.2404
90.3727
90.1832
88.6497
91.0431
91.7158
90.825
90.6487
89.603
88.9892
89.5114
88.1795
87.6899
87.9958
88.2815
89.4216
88.603
87.807
86.5329
87.85
87.7631
89.4489
88.5725
86.5858
87.0828
85.3092
84.9285
85.5796
86.2275
87.6442
88.3007
87.519
87.2317
85.9184
87.4936
87.2618
89.4657
91.2114
92.6567
91.2644
91.6663
91.0718
91.4699
91.2573
91.2614
90.2428
91.7968
94.5098
97.0114
96.6034
98.4541
98.3447
99.3293
99.5631
97.6115
96.8542
94.1827
93.829
94.9457
94.8021
94.0186
