99.5071
98.5256
100.012
98.5699
96.7287
94.9228
92.6107
91.0413
91.4493
90.2063
90.4772
92.049
91.5208
91.9099
94.1873
94.4214
93.1964
93.3796
93.114
93.7991
92.7166
91.8558
92.0248
92.198
91.1511
92.2036
90.8999
91.0121
91.4277
91.057
91.1458
92.5764
91.3122
90.0152
89.4467
89.2147
89.1105
90.5535
91.1195
90.1798
90.7465
90.1574
90.3063
88.1123
87.0578
86.8466
88.233
88.5425
88.8921
88.8628
87.9121
86.7377
87.8078
86.8471
87.6593
87.1682
88.8783
89.39
91.6571
91.3635
92.2152
91.4818
91.595
92.0954
92.2328
91.4958
91.5769
93.5439
92.89
93.3266
93.4518
91.7614
91.5892
90.4838
89.1668
89.029
89.0366
91.1582
92.5223
92.5295
93.0134
92.5622
93.3744
94.4729
93.5643
95.5051
94.4844
94.3251
95.07
95.5557
97.6447
99.067
103.267
104.715
106.926
105.154
104.195
105.785
104.545
104.5
102.08
102.519
101.784
103.118
104.049
103.387
103.639
104.979
104.714
105.033
104.041
104.384
103.626
102.078
102.754
102.489
100.339
101.45
102.196
105.012
106.089
105.486
106.414
104.974
104.999
106.916
106.792
106.555
104.909
104.176
105.163
103.427
103.396
102.737
102.811
103.623
105.04
102.966
105.296
106.027
104.253
105.441
104.705
104.959
102.831
102.699
101.262
101.938
99.8722
101.383
101.006
101.448
100.995
100.866
100.426
96.7786
96.7122
97.4754
97.3557
97.0514
96.9054
95.2222
96.4918
96.8512
94.5669
93.2735
93.0232
92.3677
92.9842
92.6631
91.1473
90.608
89.5538
88.3913
89.6066
90.6091
91.4187
92.3201
93.7285
94.5717
94.3002
94.2393
95.8287
95.5209
95.9242
94.8358
93.014
92.6767
92.6311
93.2744
93.8867
94.9669
94.349
94.5881
93.8959
93.6974
92.3599
93.109
92.5239
93.4409
93.1253
93.1483
90.5292
91.6227
91.7225
93.6792
94.0973
94.0015
96.1418
93.7563
94.6428
93.3968
93.5359
94.337
95.5173
94.7894
95.3303
94.7825
95.4627
94.0879
93.9264
93.5311
94.0188
94.7243
96.0296
95.794
93.7385
90.5192
91.0812
92.7378
91.8011
92.3467
91.344
90.9977
92.0049
91.3105
92.2355
93.869
93.2483
93.625
95.2939
96.1551
93.7553
94.4191
94.2125
95.455
97.2246
96.8804
97.871
99.0404
98.2416
98.0513
101.643
103.388
102.893
101.553
100.915
98.325
97.697
98.0388
98.3709
98.3121
99.7165
99.4421
99.5124
100.899
100.025
99.632
98.6278
101.307
103.822
102.919
102.486
105.174
105.789
102.921
104.363
105.21
103.48
102.832
104.114
105.263
105.852
105.834
104.004
104.465
107.422
107.627
107.003
103.429
103.605
106.709
109.322
108.052
106.253
106.616
105.78
106.872
109.494
107.407
106.835
109.213
108.382
108.878
108.661
108.788
106.931
104.267
105.411
107.831
108.146
106.282
105.864
104.92
105.249
104.616
104.766
103.737
104.756
105.833
104.037
103.981
103.83
105.759
105.723
107.398
107.961
108.37
108.785
105.905
106.072
106.827
108.294
109.436
110.035
106.159
104.45
104.668
101.697
103.261
102.817
101.807
101.813
103.353
103.727
105.204
104.834
106.896
106.623
105.427
106.795
107.378
106.005
107.404
105.526
105.805
104.982
103.114
103.705
102.299
103.616
102.064
102.603
102.356
101.786
99.2543
97.4663
96.3489
96.3743
98.2036
100.448
99.5638
99.4513
101.23
103.075
103.896
103.16
102.588
102.653
104.032
102.906
102.681
101.977
102.133
102.27
102.838
102.937
102.28
100.887
102.242
102.872
104.699
105.073
104.332
104.119
105.615
108.035
105.862
108.202
106.849
110.356
110.697
112.145
111.668
112.299
113.343
112.236
114.198
115.772
115.449
112.882
111.858
111.897
111.5
108.388
106.225
107.733
108.233
106.673
109.449
107.591
107.755
107.53
107.072
106.034
107.915
107.152
106.821
105.68
103.75
102.564
101.598
102.365
102.713
106.343
105.084
104.293
102.823
102.033
100.494
101.387
101.465
101.166
100.993
99.008
97.2863
97.9682
101.293
102.012
100.945
99.1622
98.9785
101.595
101.739
101.078
102.67
103.121
103.327
100.803
100.448
100.366
102.265
105.271
106.507
108.547
109.523
109.367
108.759
111.323
112.683
113.04
111.527
109.713
110.522
109.724
108.646
108.942
108.423
108.667
108.554
108.255
110.638
111.134
110.424
110.146
109.893
108.458
108.367
107.594
105.772
104.869
105.044
103.475
104.407
104.56
103.435
101.931
102.949
103.076
102.014
101.81
101.489
101.084
101.47
101.643
101.098
100.884
102.081
102.243
102.707
104.954
105.412
102.136
100.551
99.7508
99.6948
98.1897
98.3041
97.9299
98.8479
98.593
101.212
101.443
101.221
101.667
101.583
103
104.999
103.004
101.774
101.876
100.682
100.133
98.3022
97.7349
97.5474
98.2941
97.2921
97.0864
98.5735
99.687
98.1995
98.5558
99.2666
98.3477
98.7749
99.8979
101.024
99.0291
99.1516
100.9
99.0603
98.5527
98.8252
98.3201
95.8601
96.9176
98.4418
98.2607
99.2127
100.146
99.6942
99.6257
102.287
100.717
100.352
99.8819
101.369
100.024
99.7255
97.2082
95.1847
95.9451
95.2292
96.5775
97.8993
96.962
96.3575
97.3954
96.8599
97.2013
98.4194
95.7386
95.9518
97.3758
97.3828
95.5552
95.9569
94.9608
95.5026
97.3118
98.1594
100.328
99.8983
99.231
98.7151
100.426
99.3817
97.9514
98.0892
