100.077
98.1386
98.0105
97.0554
95.5475
95.5752
95.1787
94.2984
94.0062
94.0803
94.9694
95.1426
95.3682
94.1849
93.5646
93.8736
95.7085
96.4233
96.7531
95.5463
95.7261
97.2143
99.0333
98.5971
98.9969
99.128
98.0736
99.2594
98.9165
100.224
101.596
100.908
101.166
101.6
100.694
99.539
100.105
101.291
99.5809
99.1942
98.7365
97.246
96.1861
96.8683
97.1866
94.888
94.7894
94.6291
95.6627
95.338
95.4532
97.172
96.5036
95.4013
93.5272
95.1044
94.7996
95.9312
94.7839
94.3957
93.7527
95.1139
95.7285
96.9111
94.0801
94.2384
92.1944
94.4671
94.1194
93.0366
91.983
91.3277
90.3176
90.8569
90.7539
91.9567
91.4784
91.5929
91.6937
91.7217
90.62
92.9035
94.3159
93.2119
93.146
92.0167
92.7385
93.8694
93.269
93.393
93.7627
94.2711
94.022
94.6889
93.9996
94.5984
95.1433
96.7422
96.2291
98.1393
100.122
101.366
101.826
100.307
100.268
100.264
100.31
101.007
100.428
100.115
98.8578
98.7815
99.5115
102.533
100.875
103.043
104.388
104.353
106.738
105.988
107.851
109.21
112.439
112.97
114.77
114.06
111.842
115.364
117.139
117.705
114.501
113.464
113.748
112.54
113.979
112.716
110.974
111.714
109.742
109.181
109.287
108.242
106.383
106.135
106.937
106.036
107.769
107.145
105.783
105.86
104.446
103.683
104.353
103.129
105.527
104.469
106.716
107.491
109.05
108.074
107.777
109.694
111.601
110.512
111.401
110.749
111.006
112.149
113.799
111.93
109.931
110.713
111.324
109.823
109.649
111.765
111.973
110.759
109.522
111.655
113.377
113.795
112.621
113.089
115.234
116.533
116.356
115.573
117.784
119.422
119.034
118.996
119.493
121.266
121.096
121.583
121.285
121.118
122.815
121.271
122.011
122.279
122.222
118.756
117.658
118.421
116.188
114.901
116.602
115.034
115.176
113.83
112.995
116.424
117.941
117.273
119.343
120.53
117.475
116.972
117.752
117.798
117.912
115.75
114.071
113.048
112.801
114.437
116.149
117.316
119.834
119.912
122.624
124.268
122.196
122.815
124.849
123.453
122.024
124.704
123.448
125.604
127.248
128.284
127.521
129.934
128.769
127.095
128.674
127.895
127.926
126.579
129.346
126.374
126.887
127.709
128.963
125.071
125.639
124.729
122.68
122.44
121.218
119.869
118.402
116.735
117.175
115.004
113.314
113.402
114.278
111.89
114.242
114.686
114.674
114.894
118.352
118.317
117.217
116.875
117.254
116.258
116.216
117.095
118.571
118.175
119.216
119.215
118.663
116.11
115.286
114.186
112.926
114.585
114.924
115.814
115.565
116.781
118.746
119.782
121.374
117.989
116.096
116.816
116.294
115.639
115.28
114.699
113.598
112.372
111.016
109.652
110.894
111.829
114.293
113.518
114.447
113.176
113.235
114.155
112.748
112.789
112.283
113.006
113.17
113.672
116.732
116.012
115.683
114.622
114.488
115.522
113.566
114.859
116.025
116.508
117.127
116.728
117.546
119.13
120.512
121.247
120.268
120.439
120.506
120.406
118.68
119.689
120.851
120.032
121.375
121.676
122.985
123.584
123.235
121.851
122.98
122.446
123.426
124.606
122.707
122.559
123.435
122.912
123.332
125.303
126.962
127.947
126.048
124.236
125.181
125.502
124.968
127.204
128.005
128.415
129.828
131.768
129.279
130.117
126.514
128.191
126.662
127.193
131.171
131.415
134.888
135.281
133.5
134.619
132.843
132.405
130.314
128.733
131.157
129.916
130.945
130.222
131.34
131.325
127.192
126.616
129.59
131.851
130.3
135.219
135.962
132.964
133.771
132.705
132.604
131.194
127.948
125.926
124.289
124.58
126.019
126.02
124.452
121.314
122.152
121.717
119.901
121.338
119.114
117.046
116.484
118.958
116.788
118.826
117.349
117.36
118.257
117.753
117.292
116.272
115.416
114.329
115.882
117.777
118.958
118.105
118.805
118.233
115.885
119.046
120.153
122.924
124.307
126.321
124.727
126.759
126.928
127.731
128.014
130.552
129.577
127.29
127.406
126.839
122.99
121.081
120.697
119.02
123.112
124.473
124.141
124.245
123.076
121.729
120.742
123.367
122.744
122.063
122.23
124.03
124.396
125.923
122.953
120.868
121.773
121.333
122.352
122.437
123.493
122.928
124.773
125.785
125.695
125.535
124.85
126.164
125.442
123.946
123.096
121.933
119.424
118.836
118.77
119.324
122.381
123.344
124.951
124.509
126.122
127.379
127.289
125.926
127.822
129.453
130.605
132.117
133.861
134.139
135.492
136.809
136.592
137.171
138.478
136.119
136.067
133.917
132.148
132.606
136.967
134.35
136.634
131.923
130.352
126.095
124.15
122.26
119.614
120.622
122.581
123.747
118.434
121.992
122.098
122.523
123.831
120.493
121.407
119.641
121.269
119.433
120.625
123.17
125.324
125.73
126.07
124.586
127.11
126.816
129.353
133.22
132.025
130.338
130.273
129.688
131.277
132.213
134.933
135.14
133.9
133.067
134.421
135.794
135.265
133.197
136.095
134.804
133.876
133.786
136.946
135.897
137.012
137.973
135.52
135.473
135.68
135.794
134.956
133.335
134.154
134.324
133.061
131.675
132.664
133.917
132.522
131.182
130.964
132.143
136.536
137.691
137.569
140.152
138.811
139.616
