100.978
101.602
101.781
103.926
102.98
104.127
102.679
103.473
102.763
100.807
100.977
101.595
102.82
105.13
106.013
104.285
101.086
99.7961
101.382
102.068
102.139
103.77
104.397
102.236
103.039
101.602
102.72
100.668
101.3
100.926
100.448
100.011
99.6149
96.4314
97.0757
96.5995
96.7659
98.0747
97.21
97.2726
96.7156
97.1456
96.8933
96.3618
99.3853
98.5509
97.6542
97.3236
99.0843
100.096
99.7603
100.865
101.94
103.802
105.186
105.772
108.83
110.157
112.231
115.132
115.885
116.637
120.495
119.701
119.028
117.967
116.71
115.665
114.334
112.738
112.739
112.68
113.81
115.907
115.795
115.092
114.501
117.216
114.508
117.395
118.042
115.443
114.981
111.569
112.906
114.251
115.377
112.27
113.251
113.52
112.921
112.229
114.253
114.589
117.122
117.349
116.681
116.233
117.279
118.624
118.36
117.862
115.202
117.427
119.373
123.459
125.744
126.153
126.04
126.923
124.387
121.227
118.822
117.327
118.629
120.534
120.353
119.858
117.385
118.959
119.517
121.509
120.494
116.575
115.022
115.341
115.518
115.609
116.916
117.494
116.657
116.349
115.476
116.153
115.985
117.672
119.78
118.685
119.905
119.268
119.427
119.494
120.919
119.321
120.463
118.26
118.79
120.901
120.309
120.723
121.306
117.285
117.572
119.399
115.509
115.621
115.278
115.194
112.244
111.483
110.83
112.473
113.934
113.602
113.562
114.909
114.8
115.28
117.961
118.763
120.708
118.059
116.071
115.666
116.171
114.502
114.28
114.754
114.171
114.803
113.317
112.989
111.567
112.967
114.363
113.656
113.567
114.199
113.95
112.338
113.291
112.313
113.869
114.202
113.778
115.679
116.702
117.16
117.453
118.378
118.135
119.722
119.803
118.21
119.067
115.673
115.106
115.734
116.491
116.701
116.456
117.369
117.379
117.014
117.762
119.279
117.239
117.805
120.411
122.862
122.297
121.589
120.75
121.967
120.216
118.592
118.485
118.191
116.674
118.763
119.36
120.161
118.394
118.378
116.961
118.593
117.455
116.451
116.878
117.452
114.93
115.589
115.055
114.747
114.663
115.637
114.459
111.423
111.68
112.03
111.806
112.396
111.4
112.913
112.37
112.412
112.281
112.998
113.899
114.059
113.023
113.093
113.822
113.064
110.743
110.028
109.156
110.21
110.93
109.649
107.258
107.488
106.44
103.845
104.368
103.843
103.717
102.721
102.331
102.003
101.528
102.858
101.238
101.383
100.542
100.741
102.169
101.25
100.082
98.8472
98.9181
98.1852
96.8145
97.3424
98.9564
97.6974
98.5146
99.8815
99.8464
101.239
103.247
103.063
101.587
101.478
101.957
103.258
103.393
103.694
104.424
102.94
101.819
101.523
102.965
104.02
103.589
103.849
101.127
101.703
101.137
100.049
100.158
99.6827
99.9098
99.303
100.499
101.718
99.7978
100.698
98.8848
98.5481
98.1185
98.3799
97.3501
97.4278
98.9193
98.3189
99.0212
99.2123
97.4251
98.5281
97.9692
97.9928
96.3053
96.0485
95.781
96.0749
94.5954
95.7249
94.8324
94.9237
95.6294
94.3778
95.2071
96.4868
96.1724
93.8978
92.9403
93.705
92.2631
93.8519
94.3984
94.8235
94.8155
94.0231
94.4873
93.1012
93.5862
93.8556
94.2433
93.446
91.8275
93.0462
91.8944
91.9884
90.362
88.7595
90.0128
91.6496
89.6354
88.8821
90.9617
91.1353
88.5284
88.7284
88.8441
90.55
88.9683
88.6674
89.4392
92.5791
92.7322
93.2293
93.9596
92.9679
92.547
91.26
90.4534
91.2509
92.0872
91.8058
91.7183
91.2239
90.7221
91.1436
91.8211
92.7903
91.8146
93.0706
92.6906
92.0902
92.013
91.7359
90.8859
89.691
90.5646
91.0968
90.6206
92.1926
92.2913
93.7982
93.0236
94.386
93.6502
92.9922
92.8412
92.7384
95.9309
95.8932
93.908
93.1517
92.7721
94.7557
94.3555
95.0396
94.6779
92.3447
94.0635
93.473
94.3489
93.2896
93.3686
93.2963
91.3473
93.1054
92.4969
91.6152
90.6675
90.514
90.8408
93.2238
93.8097
92.1512
92.5725
91.4631
89.9413
89.9858
90.3054
90.9945
92.3348
90.4002
90.9468
88.8314
86.0687
87.3592
86.4835
87.2768
87.8231
87.6494
87.5019
87.3419
87.7026
87.3433
86.3647
87.1861
87.9232
86.8755
88.6273
90.6644
91.2185
93.5533
95.2548
96.9202
96.294
96.9143
94.9833
93.7234
93.9754
95.0071
95.2596
96.1652
97.6483
99.0577
99.4851
100.802
102.624
102.019
102.403
104.927
106.432
106.228
105.008
103.752
102.191
102.473
103.465
103.544
101.287
101.903
101.11
103.293
101.953
103.061
101.851
100.437
98.3176
100.495
99.1853
100.131
98.1037
98.7545
98.6112
97.5078
100.493
100.055
102.006
103.276
102.905
102.423
101.73
100.859
99.8685
98.8858
100.755
104.882
103.496
104.584
106.737
106.568
104.785
104.839
104.66
103.845
105.111
105.701
104.822
106.287
105.88
105.201
107.651
109.376
108.995
109.801
106.876
103.738
104.661
103.654
102.952
102.469
102.246
102.98
103.169
103.857
105.054
104.446
105.105
104.018
104.141
103.672
105.834
105.074
105.756
106.341
108.275
108.38
108.281
109.446
111.062
111.204
110.472
109.671
108.983
108.558
105.952
104.539
104.956
108.422
110.47
110.035
108.614
107.736
108.161
107.122
107.037
107.922
108.449
109.12
107.92
107.9
109.283
111.235
