100.583
101.754
101.319
102.983
104.049
103.188
101.915
102.044
102.088
99.7092
99.342
98.9532
97.2408
97.3723
96.2098
96.4522
95.0039
93.4583
93.2765
94.165
95.049
94.2866
93.7174
95.6161
94.6815
93.8402
93.6199
90.7405
90.0619
88.6373
88.8273
90.1474
89.0182
88.0877
87.5024
88.5106
87.3903
86.585
85.3978
86.7338
86.5558
86.6082
87.9888
87.4134
87.2972
87.5515
86.067
84.4655
87.1868
85.8099
86.543
87.1311
87.4316
87.5763
88.2378
88.3688
88.2131
88.6466
88.7541
87.0802
85.4081
84.1374
81.0573
82.1585
80.3884
80.0292
79.8061
79.8095
79.1051
78.5893
79.6443
79.6769
78.7629
79.1863
80.6701
80.6577
81.1831
80.8007
81.5093
81.2419
82.3927
82.706
83.2297
82.5948
82.0139
82.3848
80.4929
79.4614
76.646
76.5938
78.539
77.1163
78.646
78.9454
78.8813
79.5523
79.767
80.4125
79.358
80.0662
77.3174
77.3431
76.7682
74.5915
73.6981
74.6629
74.2621
74.8581
72.517
72.8528
72.4345
71.8147
72.6935
71.8924
71.9064
72.5471
73.5163
73.6988
73.5177
73.1043
73.4838
74.3515
75.5925
75.8903
78.4223
79.4451
78.7948
78.8002
78.715
80.8417
80.2341
80.14
80.535
81.036
81.7001
82.4233
80.9597
80.7164
81.6779
81.8023
82.1443
82.3292
82.7262
83.6264
83.1143
83.7512
84.116
84.4174
83.937
82.6796
81.7066
82.2506
81.3126
80.1328
81.1245
82.1115
81.3262
81.871
80.9175
81.6563
80.3771
79.3727
79.2786
79.6968
79.5943
78.2537
75.7424
74.553
73.4955
73.4131
74.516
74.56
74.8772
75.5195
74.6302
75.9016
75.5327
77.5185
77.1907
77.3132
78.626
77.2884
76.1842
76.2833
76.0025
75.2117
75.6692
75.8156
75.3759
74.5668
75.7956
76.7915
76.8363
76.9035
77.9637
78.2875
78.2751
79.5223
79.5597
80.2903
81.2551
82.6375
82.9634
82.4241
84.0645
84.7814
84.4665
85.4301
84.9445
86.0245
85.0075
85.3215
83.2475
82.4203
82.6455
83.8979
85.617
86.3082
86.1402
84.7991
84.3891
85.8133
86.5877
85.6917
87.3107
86.4813
84.7069
83.762
83.8198
82.9621
83.1924
82.5882
82.0925
81.7781
81.5194
81.7396
80.4325
82.5763
83.4271
83.2998
84.9278
82.8358
82.0963
81.7444
81.9841
80.8146
81.4765
82.5268
82.8673
81.7861
81.5068
80.7431
79.9524
79.9717
79.2422
79.152
77.9595
78.5179
78.5139
78.63
78.9236
80.4389
79.4398
81.3378
82.4957
83.7149
84.1986
82.3372
80.8012
81.2486
81.5604
80.8777
80.8531
80.8414
80.7281
81.3348
81.2209
79.2963
79.0441
78.7408
79.7479
80.1958
80.1676
80.6545
80.3971
79.7728
79.1781
78.8321
78.2883
77.6406
76.7839
76.1334
76.9115
77.3179
76.5039
75.5991
76.257
73.644
73.3061
73.2348
72.8946
71.5318
71.9919
71.2659
72.502
72.5737
72.4785
72.5785
72.7169
73.0537
72.2839
71.5684
71.094
71.3944
72.4787
72.4143
73.9428
74.6948
74.1229
72.6917
74.0427
75.0148
74.1054
73.4536
72.4337
72.4886
72.6296
71.877
71.2863
71.1118
71.0746
71.4572
72.8164
72.5817
74.5959
75.9722
77.3334
77.3539
78.0084
78.2653
76.9441
77.3721
76.0932
76.6944
76.2283
75.2911
75.2486
74.9104
75.1784
74.1628
73.2614
73.9121
73.7502
73.1173
73.8033
73.5522
73.132
74.3639
72.391
74.1061
74.2624
75.7112
75.1649
74.6891
74.1482
73.0283
74.0632
74.3048
74.3307
74.9604
74.3994
73.2097
72.4387
72.3894
72.9034
70.9563
73.0088
72.5283
72.6694
73.3939
72.4514
71.6551
69.0408
68.1093
67.8271
67.7413
67.121
68.3117
68.5607
68.5479
69.0354
69.0374
68.9279
68.8189
67.2935
69.6404
68.6636
68.325
68.0877
68.4779
68.7321
68.885
68.388
68.7959
69.121
70.5624
71.1704
71.3127
72.2253
70.3749
70.7848
71.0996
70.5916
70.4857
69.4605
69.7184
70.6042
71.1089
70.4924
70.1184
71.6074
70.4652
69.6357
69.8433
68.8857
69.368
68.6499
68.1497
69.0555
69.2526
69.0149
70.3441
68.9934
68.1371
67.3359
66.7523
67.5535
65.741
66.2688
65.7102
67.0756
66.9462
67.252
68.5307
67.9627
68.2813
68.5784
69.0685
71.2179
70.2885
71.2405
69.2413
68.3884
68.408
68.0081
67.9058
68.2097
68.1804
67.6791
68.6108
68.0469
69.3322
67.5204
67.2525
67.7698
67.4494
66.666
66.665
67.1232
67.2758
66.9901
67.4662
67.5437
67.265
69.4809
70.5422
70.6668
72.5481
72.3047
71.9698
71.9929
73.2394
74.9064
75.2857
74.2849
73.8142
74.0612
74.912
74.6818
76.2327
74.1802
76.1856
77.0484
78.4591
78.6509
78.2088
80.5997
78.7405
76.9005
77.0196
78.3327
78.1472
79.2199
80.2667
79.593
80.1462
80.6753
79.3994
79.0015
81.7496
83.3105
83.9477
80.9489
81.8527
80.4608
82.1144
81.9738
84.3316
85.3849
85.85
86.59
84.5371
85.1349
85.0651
86.2089
85.1962
85.8676
85.4518
86.4736
85.2149
82.8257
81.9619
82.5012
82.7213
84.9196
84.885
85.0864
83.8315
81.8505
81.991
81.5078
82.2137
82.3324
82.8994
84.2745
83.7814
84.5977
83.4882
82.3017
82.5063
81.7009
83.3158
83.7101
84.1536
84.3504
83.0467
83.9167
85.2876
83.2326
84.4541
84.4483
84.181
84.508
82.7328
85.3393
83.8283
83.3186
82.5405
82.3861
83.0249
83.0305
82.4797
82.3519
82.9955
83.324
83.3122
84.3415
82.5912
81.9938
80.6194
81.5062
82.669
82.9094
82.8681
82.6954
84.2958
85.6393
87.5233
88.4478
89.0594
88.7031
91.1633
90.4958
91.4318
91.2753
91.6128
93.681
92.8179
91.5944
91.8314
