101.301
102.733
104.178
101.611
100.197
101.48
101.849
102.215
100.823
101.164
101.118
100.485
100.925
100.138
100.828
101.415
100.08
99.3573
99.8562
98.8297
96.5409
96.754
97.7992
97.2575
98.4943
100.935
100.175
99.7235
99.7901
98.9528
100.37
99.5316
100.591
100.445
99.9553
100.656
102.163
101.934
103.104
102.258
104.479
104.255
103.241
104.197
105.332
105.287
107.091
106.321
106.896
107.727
109.646
108.825
105.607
104.735
104.552
103.507
104.71
105.979
105.017
106.065
105.987
106.01
102.654
101.345
100.744
100.25
100.828
101.108
101.29
98.7397
99.2246
99.9245
98.465
98.7511
99.0638
98.8152
99.4132
98.8403
96.4903
94.6988
93.9268
93.5219
92.34
91.7231
90.9392
89.7347
89.8025
92.2856
91.692
90.8882
92.8489
92.8381
94.2394
91.9713
91.3584
93.454
93.656
94.8329
97.0118
96.2992
96.8509
97.4858
97.2492
97.7492
100.424
99.8295
98.795
99.8621
101.085
103.045
105.056
105.48
104.072
105.012
104.638
104.422
100.443
101.816
101.378
102.441
101.503
102.366
103.405
101.646
101.217
102.736
100.954
98.8255
95.7585
96.4489
93.7797
92.4423
91.92
92.727
92.3515
91.2048
92.3872
91.7866
91.3844
90.5028
90.31
91.0654
91.6759
92.2763
91.8772
92.6393
91.1753
91.2564
90.7318
89.2507
91.027
89.9871
87.0278
87.9962
86.672
87.4749
86.8369
88.3699
91.1882
92.6326
92.2441
91.2817
92.7198
93.4575
93.8774
93.6884
94.6656
94.9749
97.0835
98.0823
95.9941
94.5434
94.9148
94.4715
95.0616
96.6448
96.1571
94.537
94.3174
93.2492
92.0965
92.8794
92.0605
93.0476
93.0943
93.6593
93.2778
90.5874
90.0421
90.1721
90.7964
91.0763
91.3789
90.9753
92.3832
91.0015
90.7308
90.042
89.6967
90.7866
91.2849
91.2252
91.8329
93.6764
91.238
89.3512
89.8397
90.2279
89.154
88.0836
87.6192
86.8514
86.7381
86.7713
88.0145
85.5213
86.7074
85.6445
85.887
85.7011
86.0521
85.3162
86.2418
83.9913
82.739
83.874
83.051
82.6974
82.2483
83.002
82.604
81.9648
81.1046
81.5372
80.868
79.2107
79.0977
79.1774
78.8883
77.2523
76.9654
77.4409
77.2547
79.2333
78.5068
79.7913
77.8887
78.3902
78.9692
80.2325
79.6188
81.9045
82.2673
83.925
82.0297
82.0971
82.6225
82.3925
81.4123
82.2097
80.3701
79.5358
78.5137
79.2679
79.8377
78.7551
78.3271
76.2919
76.3132
75.3016
76.966
77.74
79.9782
79.6777
79.1074
78.2078
76.8479
75.7142
74.4018
73.8959
74.8795
75.5845
76.1483
76.7734
75.5696
75.4892
76.1977
76.5351
76.9503
76.0779
77.5587
78.5893
78.4542
79.1612
80.3166
76.9489
77.0647
77.5425
77.4727
77.9651
77.8129
79.3112
78.6854
78.9785
78.9848
79.2567
79.1581
80.2763
80.1519
81.0166
80.7814
80.9084
78.8223
79.8083
80.4686
81.9647
82.4223
81.4142
80.266
78.6354
79.4216
76.6579
75.2738
73.6729
72.8713
72.2783
72.9085
72.4524
71.629
70.9753
72.3845
71.5993
70.334
71.6537
71.9539
71.5304
71.5455
71.5209
71.6236
72.0143
71.9597
72.3149
70.3995
71.0046
69.275
69.8409
70.5504
71.5359
71.5873
70.7496
70.5505
70.4487
70.5036
71.0243
69.8738
67.4994
68.4117
67.6397
68.6086
67.9134
67.83
66.9216
67.3106
67.2977
66.4975
66.0181
65.9474
65.564
65.0433
64.8596
65.2107
65.256
64.7666
63.8879
64.7022
65.8319
66.9196
67.8741
67.854
68.7544
67.4605
66.8668
67.7686
69.2303
69.0397
68.3932
67.1848
66.2267
64.8921
63.9152
65.3731
65.6415
67.1287
67.4409
68.3464
67.9403
66.2193
66.8109
66.3427
67.1596
66.4043
66.2845
66.1465
65.7785
65.5625
64.8695
65.9745
65.3468
66.6307
67.2667
66.3748
65.5443
66.0854
66.2012
65.656
64.3496
63.7648
64.276
63.7795
61.6742
61.4077
61.7171
62.1507
61.6394
62.6949
63.5388
62.9838
62.6602
61.4536
61.1194
60.3719
60.0808
61.7773
62.1404
62.4291
61.3371
61.4593
61.0228
61.5314
62.5394
63.8193
64.326
62.8633
63.6268
62.7808
63.0858
61.7407
62.3604
62.3183
64.0953
63.5669
63.5648
63.5838
63.3935
65.1508
65.6813
67.3249
67.0913
65.7773
65.2324
65.4182
63.5459
63.7594
64.5258
63.5835
62.632
62.9684
63.6907
64.5562
64.7035
64.0159
65.0518
65.0952
65.4707
64.169
62.6996
62.9533
63.8935
62.3977
62.8038
62.6985
62.0022
62.531
63.141
62.8912
62.4883
63.2203
62.4451
61.515
60.8523
59.7532
60.3368
59.7287
58.6103
57.3392
57.7132
58.8854
59.1557
58.9762
59.6511
58.9119
59.3799
59.775
60.4012
59.3896
59.0207
58.6974
58.2154
58.3742
58.3455
58.481
58.5115
59.0007
59.9983
59.5603
58.8347
58.9559
59.8849
60.9685
60.6563
60.3032
60.1853
60.5558
61.3005
61.7832
61.543
60.9186
60.624
59.9199
59.9221
58.016
58.244
58.6847
58.5938
59.3213
59.1729
58.7788
58.9577
59.3621
60.5408
60.787
60.2498
59.8072
59.7759
60.1843
60.1344
59.8861
61.1165
60.5841
60.9413
59.6448
59.4685
59.6533
59.0691
58.8237
57.4687
58.3653
58.4663
58.5539
57.9617
56.8711
56.8295
56.3908
56.3073
54.3477
54.6995
55.7386
55.1947
53.5447
52.9936
52.9389
53.2974
52.4467
53.9799
54.6535
53.9844
54.1471
54.2536
54.4632
55.4944
55.0442
54.1304
53.834
52.7514
52.3599
52.6468
52.876
52.6911
53.3171
53.7771
54.0894
54.3698
54.9222
53.7856
53.4439
52.9873
53.3292
53.6339
53.054
52.6217
