100.009
99.9374
98.6824
99.6485
99.5063
98.0062
97.2296
98.6093
97.9427
98.2148
97.6647
97.453
98.7542
97.9245
99.1402
99.3383
99.9477
100.211
99.8114
99.5819
98.9878
98.7471
96.4677
97.3557
99.1856
102.203
102.622
101.789
102.577
104.789
104.4
104.108
103.534
105.309
104.866
104.471
102.464
103.37
104.753
103.118
106.58
108.27
109.397
107.773
106.872
106.583
106.179
107.016
109.634
109.774
108.178
109.845
111.533
111.894
115.027
114.856
115.533
114.647
111.441
112.659
114.055
114.315
115.344
112.942
111.153
109.354
110.301
109.071
109.052
107.193
104.986
105.643
103.419
102.795
102.136
102.144
104.564
107.276
106.624
107.715
105.41
105.864
104.562
103.885
103.995
105.145
106.191
106.348
105.867
105.161
104.646
104
104.084
107.29
106.349
104.624
103.427
102.585
102.762
102.058
100.617
101.398
103.217
105.175
105.548
104.72
102.352
103.014
101.737
101.565
102.487
103.196
102.967
105.273
105.555
104.965
106.847
107.027
105.145
103.545
101.102
100.486
100.325
101.058
102.097
101.738
102.417
103.915
104.867
104.521
104.351
104.968
106.378
107.256
108.926
109.581
110.846
111.93
112.514
113.625
112.57
111.343
111.801
113.03
110.986
110.446
113.615
111.858
112.055
110.294
111.635
110.03
111.135
110.709
110.785
109.542
110.135
109.585
109.105
108.281
109.477
108.33
108.025
108.396
109.329
108.893
109.138
109.22
107.535
106.86
105.716
105.871
105.804
106.567
105.241
106.304
104.747
105.59
106.29
108.233
108.755
109.391
110.929
111.101
112.183
109.887
109.822
110.151
111.691
112.125
112.56
112.131
113.463
115.811
114.349
113.898
113.767
113.658
112.631
111.515
110.971
112.188
111.451
112.98
113.087
110.354
110.796
113.006
113.826
114.941
116.282
114.959
115.661
115.693
116.975
117.784
116.071
115.108
114.485
114.792
114.172
112.239
109.585
108.192
109.461
108.079
107.085
106.71
107.775
108.354
108.69
107.71
106.955
108.156
107.873
108.129
108.026
109.42
108.939
110.228
112.093
112.257
110.208
112.523
114.266
114.205
113.739
115.146
113.026
114.057
112.699
113.062
114.436
115.277
114.647
116.914
118.813
119.73
121.843
121.774
122.214
122.753
123.27
123.446
123.426
123.177
123.608
124.241
125.436
127.165
126.519
126.979
128.856
126.726
127.406
125.75
124.705
125.807
126.525
126.398
127.792
130.372
128.514
129.854
129.386
129.445
128.236
128.919
130.875
131.21
132.38
133.191
133.931
134.521
136.566
135.642
138.058
137.656
137.849
137.707
137.929
135.144
137.043
136.772
138.432
137.996
139.126
141.808
139.775
137.604
138.071
138.336
139.11
138.235
138.961
140.54
140.538
139.928
137.048
135.786
137.237
136.897
136.056
135.458
136.108
134.967
134.727
132.902
133.163
135.603
137.97
139.488
139.61
145.966
146.45
146.322
145.911
150.004
152.194
151.749
153.808
153.538
154.557
159.105
158.422
159.824
158.572
155.984
155.238
157.848
160.095
159.245
161.819
164.343
167.756
166.682
163.079
160.349
158.165
156.563
159.932
158.214
160.476
164.384
162.801
163.374
160.124
159.631
160.283
162.105
159.358
160.941
164.369
164.355
162.151
165.599
164.93
166.957
166.493
167.174
164.876
165.306
167.653
167.942
167.199
165.748
165.973
168.702
166.406
167.092
168.94
167.21
168.043
166.123
171.253
169.383
171.919
173.004
171.901
170.178
170.585
173.145
173.419
175.922
175.806
171.761
167.191
167.3
168.735
171.166
169.364
171.865
171.34
171.387
171.488
173.021
171.368
174.507
174.418
172.477
172.037
170.932
174.118
173.471
172.951
177.136
175.691
174.799
171.885
171.746
175.383
172.441
172.059
171.495
170.132
169.905
168.099
169.216
169.582
166.063
167.317
168.253
166.719
162.731
166.314
167.253
170.832
171.944
170.83
169.023
168.915
169.182
165.683
166.663
166.388
163.214
169.522
169.475
168.171
173.59
173.336
173.411
170.233
167.055
167.275
169.734
171.552
169.906
169.069
169.763
169.113
168.948
169.658
169.081
165.729
167.048
165.508
162.757
161.404
161.937
165.387
164.155
161.146
164.139
161.156
163.795
157.517
157.107
156.647
156.113
157.177
152.816
151.623
151.531
152.364
150.095
148.72
150.452
150.997
149.245
152.001
153.296
154.275
154.825
157.224
157.151
157.267
154.859
154.081
158.014
160.265
157.745
154.787
155.493
158.252
155.398
149.766
149.394
150.276
148.115
146.073
146.14
148.684
150.27
151.476
149.736
151.021
151.853
150.701
150.296
148.65
151.53
153.131
154.339
150.894
152.172
153.624
151.939
151.817
153.634
153.485
155.244
158.352
156.753
160.405
159.291
161.602
166.388
164.541
167.663
168.53
165.849
165.276
165.045
163.497
163.471
161.498
159.583
159.092
157.955
157.467
157.508
158.184
157.737
157.387
155.133
155.222
153.724
153.592
153.969
154.429
154.2
154.323
156.345
154.187
154.72
156.243
158.624
159.264
161.541
159.939
159.572
159.649
159.777
160.336
158.241
157.326
156.754
154.499
153.673
151.777
153.33
152.447
152.99
154.426
153.995
153.634
154.423
153.958
153.318
