100.61
99.8169
101.772
102.468
102.621
104.369
101.927
104.625
105.181
104.113
103.439
103.428
102.672
102.69
102.964
101.808
101.726
105.372
105.394
105.485
108.124
107.267
105.025
106.098
104.13
105.264
104.885
102.881
102.623
102.406
101.121
101.344
98.6895
97.9862
97.2961
97.7468
98.1362
98.4227
97.4875
97.0765
95.9999
97.0796
97.5784
99.4527
98.7595
99.8856
102.341
103.119
106.565
108.169
107.905
107.215
107.905
110.057
113.042
114.992
112.248
110.844
111.488
110.697
110.498
110.087
112.241
110.402
113.01
111.464
112.223
114.123
114.212
113.281
112.298
110.491
111.411
109.112
110.835
110.737
108.705
111.276
112.744
113.224
113.93
111.233
110.622
112.195
112.569
114.275
114.922
115.741
112.953
113.211
113.715
114.517
113.767
112.686
113.168
109.853
110.315
111.398
109.855
108.45
106.973
108.186
105.062
103.845
105.52
108.908
111.004
111.21
112.211
112.72
115.943
114.711
112.846
112.883
111.693
114.637
116.257
116.427
116.815
118.714
118.633
118.047
119.915
119.985
119.02
117.588
116.153
113.135
110.349
110.341
109.766
109.27
111.047
111.232
111.658
108.67
108.738
106.89
106.378
105.727
107.154
106.598
106.466
107.193
107.61
109.493
110.853
113.348
115.951
117.205
118.571
118.376
121.118
124.06
123.546
124.941
125.457
126.613
126.279
124.038
122.67
121.31
121.413
121.701
122.116
123.494
122.817
121.034
120.258
118.905
116.894
117.875
118.578
117.506
115.839
117.109
117.759
118.594
122.267
121.855
121.9
122.387
120.998
118.513
119.232
119.106
119.188
116.618
117.609
116.696
115.356
111.715
114.147
116.011
114.57
113.041
114.322
114.985
114.053
114.6
112.515
113.16
110.972
113.802
112.417
113.595
112.571
112.398
110.446
113.671
111.791
112.408
110.209
110.076
109.545
109.765
108.984
111.074
112.563
113.212
113.814
112.412
110.994
108.296
109.38
109.37
110.467
110.069
109.097
107.383
107.393
106.554
103.852
104.325
102.813
101.641
102.075
102.537
102.726
101.526
101.45
100.418
101.271
104.349
105.127
104.201
103.965
102.126
103.659
102.281
101.95
104.181
104.424
103.813
102.053
101.447
100.787
99.4051
98.4061
99.4276
97.6282
95.3742
95.5694
95.8496
95.0974
95.0716
97.9296
97.9859
96.7093
95.5435
97.208
95.2144
94.6447
95.9387
94.3878
94.8095
97.0532
96.4998
97.08
99.2678
99.0322
99.3022
99.6859
96.68
95.685
94.4508
95.0982
93.8618
92.9918
93.8563
93.2332
91.695
89.984
89.8137
89.0812
90.1466
91.5641
93.5891
93.5813
94.5239
97.834
96.8975
97.052
94.7303
93.5776
94.2652
94.9814
94.6363
93.9818
94.4075
94.978
93.7349
93.6546
94.2566
93.5166
94.689
93.9924
92.1077
94.3228
93.41
94.9184
96.814
98.0656
98.4218
97.9176
96.0377
95.8004
92.9149
94.7487
94.0892
95.0842
95.1892
91.6793
90.4898
89.2337
88.538
87.2892
87.1125
87.7673
87.3908
86.3156
85.8392
84.6128
85.6087
85.0858
86.3438
87.3551
90.0176
88.828
88.3373
87.1502
85.2659
85.7138
85.7937
85.9186
85.6841
86.0891
85.2693
85.6756
86.5726
87.2698
87.7179
87.1365
86.8122
86.3069
85.8542
85.9531
86.0516
87.9346
87.5021
86.7687
86.6804
86.5332
87.8581
88.3235
86.4022
86.8854
86.7517
86.4295
84.7437
86.0089
86.3491
86.9465
88.0301
89.2603
91.1594
90.4734
90.5429
88.9579
88.3162
89.5827
89.4563
90.6813
90.7118
91.0455
90.9154
91.982
92.0442
90.9912
90.3266
92.9147
93.2062
94.1701
95.4494
93.8927
92.8539
93.3682
91.7227
89.8439
88.6053
88.0794
89.5278
86.9944
86.9419
87.8958
86.5914
85.5139
86.9965
86.6535
86.747
87.7548
86.201
86.0665
84.8236
83.4015
82.8767
82.1451
81.4876
79.812
78.653
80.3973
78.2508
78.6925
78.2229
77.1505
78.3012
77.3722
76.6979
77.3913
77.646
76.614
75.8621
74.5273
75.1225
75.7754
74.4999
74.7988
75.6501
75.6452
76.1947
76.6479
75.7254
76.2254
74.7798
74.7866
74.5268
74.4202
74.6357
73.8314
73.9188
74.1717
74.3885
74.5275
75.478
76.2107
76.484
77.108
77.6296
77.0149
79.2693
80.834
79.7368
81.613
80.8676
81.334
79.7092
79.037
80.6494
78.7371
77.9607
77.5965
77.3582
76.6623
76.3737
75.493
75.5184
74.8469
74.3068
75.5499
75.5818
75.3453
75.0736
75.394
74.1306
73.7705
73.8435
73.5269
74.9818
76.3507
75.1084
75.128
75.5231
77.01
77.7689
78.7883
79.2941
81.1503
80.5934
79.4791
81.1009
80.3456
80.7489
79.9726
80.0483
80.3513
81.8176
82.0287
83.1418
83.7999
83.1373
83.9751
85.2968
87.2485
87.6563
86.9674
86.3114
86.1714
86.525
86.5486
86.7139
84.5112
83.3766
83.8048
84.44
84.5989
84.4735
85.7129
86.4252
86.3341
85.9005
85.3331
85.6018
87.5319
86.7926
87.3788
86.4178
87.58
86.1602
85.6606
83.675
83.574
81.7211
81.3808
81.2362
81.2145
82.9981
82.5772
80.9732
79.5808
77.8218
78.7376
79.4162
78.9525
77.3971
75.8843
76.7734
79.1438
79.5317
79.3093
78.6196
77.4925
77.797
78.2009
78.1281
78.6369
78.9173
80.0241
80.3722
81.4971
80.4178
79.1878
77.8373
78.0566
77.4156
79.2582
78.4574
79.2133
79.9045
79.2715
78.3973
79.5102
78.9903
78.0421
78.0614
76.7662
76.0978
78.2254
79.0782
79.2168
78.3705
