99.7282
101.067
101.277
100.042
99.5813
98.7645
101.318
100.128
98.8868
98.0839
97.1191
96.2602
95.2338
94.4003
92.5449
94.0458
92.5743
92.1857
91.7381
94.0161
95.5868
96.4669
96.8592
96.7364
98.1961
97.8871
97.6453
97.1367
97.8373
97.5933
98.2768
99.4013
98.5633
97.709
99.6228
101.035
101.265
99.6105
97.2248
96.8393
96.7397
97.026
96.5792
96.4904
99.0403
98.4432
95.4862
96.3809
93.937
91.8589
89.9817
90.9706
90.5058
89.0415
90.0881
90.6128
90.5024
89.498
89.3857
88.7703
89.4209
89.1234
88.1342
87.2257
89.7701
89.8815
87.3394
88.231
87.3749
87.2171
87.119
89.3168
87.8232
84.8538
84.8525
85.7711
87.6656
87.1627
86.1297
85.3188
83.8298
83.9933
83.992
82.4552
83.6171
83.4205
84.4855
83.7687
86.4786
85.817
85.9075
85.6116
86.2803
83.6451
82.439
80.5446
82.8409
84.7421
84.4026
83.8769
84.8713
83.9318
84.4201
84.8977
84.37
82.9792
82.9141
84.828
86.5302
88.2817
88.1752
87.4567
87.2974
88.8298
89.5422
89.3053
89.25
88.3175
87.5017
88.8277
90.9926
93.7391
93.8538
93.9881
94.1891
93.9143
93.2748
94.4911
93.4404
95.2544
96.3667
95.9442
94.7092
93.5823
93.8744
93.0292
91.7807
90.8494
91.5846
89.7023
90.5214
89.6969
88.7378
85.8847
86.1274
86.7529
86.8513
87.7177
89.8385
89.5387
90.0665
89.9619
91.245
87.8209
87.4942
87.5918
87.1447
87.4359
87.362
88.1734
90.0117
88.6997
87.8375
88.8162
88.7576
90.3539
89.9876
90.1866
89.7445
89.1427
89.9218
88.8055
89.6691
89.4926
88.944
87.2183
86.8174
86.2036
85.6952
85.6161
85.773
85.0569
87.2267
89.5488
90.2842
88.5381
89.7576
91.5496
91.1216
90.1028
92.7726
90.1181
89.8192
89.0844
87.9577
87.8187
87.4633
87.8561
88.6394
90.2831
90.3185
92.388
92.3944
90.3511
90.8254
89.7658
89.7428
90.1048
90.2943
88.5641
88.6951
88.5908
89.6241
90.8568
90.4317
91.528
91.3977
90.5156
90.8919
92.0596
92.5307
90.5083
89.2923
91.05
92.1381
91.115
90.9615
91.381
92.1977
92.3279
92.5737
92.0322
91.9137
91.9348
91.4583
88.5191
89.5966
89.8984
89.595
90.1057
89.0416
88.8111
91.1939
90.045
89.8299
90.9819
91.2126
91.6048
92.1874
92.7291
92.4395
94.1856
94.0336
94.1429
94.5932
94.1596
90.3265
92.5955
91.7778
88.838
89.6918
90.8575
89.6269
90.5788
91.8937
92.9214
91.8082
93.6718
93.0509
91.9987
93.3131
92.6402
92.1445
91.1655
90.7888
91.2428
91.3872
91.9288
91.4505
91.7091
91.8819
92.9067
92.6041
91.0919
92.1183
93.1275
93.3981
93.2959
94.0165
95.2663
95.031
95.2074
94.2335
94.1306
93.1614
94.8056
95.3147
95.5815
96.508
94.5243
95.1653
94.7703
96.1252
96.4777
96.2542
96.9964
96.2583
96.751
95.8713
93.7974
92.869
89.175
89.2947
88.9313
88.4395
88.021
87.008
86.4453
85.0461
85.2301
84.0864
82.1849
83.3091
82.6273
85.0171
83.5708
84.8482
86.5246
86.5035
87.0648
87.2574
86.1605
87.5741
88.0481
87.666
86.9534
86.3766
84.951
83.5404
83.0413
82.3668
81.6321
81.9847
82.2839
82.7075
82.2014
82.0546
81.4843
81.5951
81.9243
80.6274
81.1898
82.2667
82.7229
82.147
81.9992
82.998
82.0193
81.5116
81.2172
79.8913
79.2841
79.4024
80.558
81.0792
81.7448
82.6798
83.7924
82.5308
84.2533
85.2015
84.43
83.0403
84.4704
84.63
85.3783
85.503
85.7148
85.2767
84.0942
82.7736
83.1133
82.8573
82.0629
80.195
78.8322
79.0232
78.8629
80.1776
78.6543
79.1561
79.6866
81.2476
82.4045
82.8566
81.747
80.1521
81.2644
81.5936
82.495
82.9795
83.8304
85.0066
84.0396
85.1466
84.8024
83.2221
82.6589
85.0181
85.9761
85.3658
82.8951
83.8342
85.3296
85.7485
85.7721
87.2864
88.0315
87.8777
87.5595
86.9431
88.4389
87.9851
86.559
85.9574
86.2533
86.5391
87.1453
87.8865
89.4002
87.3614
86.7876
85.5195
86.8547
87.3506
87.1565
86.5941
86.6991
85.6501
85.8489
87.2016
89.0865
88.9585
86.6761
86.811
87.3874
85.9697
87.9795
89.641
89.159
90.9575
91.3355
90.6395
88.6105
88.1662
87.7583
88.6116
88.2572
88.6462
87.2945
88.3531
88.2623
88.4806
88.3619
89.9547
89.6127
88.6155
88.3265
85.8297
86.2629
85.6688
84.4943
84.3817
85.4446
86.7022
86.8434
86.5264
84.7657
84.459
85.2989
86.9219
88.0294
87.1956
86.6715
85.6117
85.5095
85.2035
86.4425
85.3279
85.5178
85.297
85.7118
86.2231
84.9104
85.8199
87.2594
87.0673
87.0501
89.2554
89.2087
91.218
89.6778
89.5479
90.2349
90.0147
90.8228
92.565
91.8332
91.1401
92.3614
92.2441
93.2652
94.2358
97.8446
98.6524
99.8545
102.147
98.1509
96.9973
96.5265
97.7637
100.113
100.594
98.7098
97.6095
98.144
99.1538
98.5379
98.7006
97.602
96.2717
93.8726
93.8375
93.8442
94.8012
95.0163
94.1795
94.935
96.1951
97.7538
98.2613
99.0195
99.812
97.8798
98.5199
99.2128
97.8332
97.4228
97.3312
96.8254
98.6972
99.7633
98.1502
98.7733
95.6466
96.7945
96.1144
96.545
97.3131
97.4505
95.9505
95.3079
97.5015
97.7478
99.2039
97.9824
97.7889
99.3421
100.032
100.863
99.7656
99.1712
98.3525
98.281
99.2915
100.95
100.007
99.8607
102.172
100.465
100.234
101.567
99.7731
99.0005
99.2101
98.413
98.659
99.9327
99.7288
99.476
102.239
104.392
104.733
105.979
103.167
101.619
102.923
102.145
101.238
100.765
