100.027
102.745
102.708
105.179
106.008
103.555
103.344
102.957
102.523
103.496
102.154
100.514
99.2061
98.5156
96.1928
96.6672
94.7285
94.499
93.2432
92.7415
93.3643
94.5435
93.1032
92.1733
90.7392
89.2546
88.8268
90.1192
90.8915
92.1165
91.9718
94.3181
96.413
94.1669
94.131
93.2335
91.7999
89.6974
90.2137
90.4065
89.8146
90.5093
91.572
89.7183
88.5606
86.9621
88.3869
88.1861
87.1597
88.5241
90.8452
91.0456
93.6702
92.2704
91.1192
90.0007
91.3411
92.7224
93.4506
95.6725
95.4373
95.1746
94.151
93.9791
94.6029
95.5331
95.8322
95.3879
94.7928
93.9573
94.5209
95.4299
93.7302
92.573
90.2167
91.4095
91.3205
91.3711
91.2164
92.1855
91.2321
89.9701
89.529
90.8126
90.547
90.2291
88.5762
88.1366
87.6239
85.9793
84.9409
84.9424
82.8055
82.1599
82.5052
80.129
81.1788
79.5684
79.3278
79.3637
77.8811
78.3249
77.5364
78.8801
78.2252
78.067
79.5792
80.1196
80.996
81.5286
83.1661
84.6874
85.1784
82.9114
83.6474
84.3456
85.2492
87.3086
87.8437
88.1198
89.9094
87.202
90.3612
89.9497
88.3572
88.0644
89.5659
86.797
89.2416
87.7207
85.8575
87.5346
87.8566
88.4256
87.9846
87.4165
86.6756
87.603
87.8385
87.6611
89.6879
91.6426
91.5521
91.0902
89.5023
87.0862
84.9863
86.0606
86.0873
87.4463
87.4632
87.273
88.671
90.4465
88.6711
87.2991
85.6029
85.9219
87.8969
88.4997
87.6686
88.049
89.1642
89.2
89.9661
89.473
89.248
90.1974
90.9214
89.9541
89.669
90.7367
91.4265
92.6554
93.7413
94.2653
92.7448
91.7565
90.845
88.7489
86.9246
86.0222
86.4399
86.9634
85.0909
85.6014
85.0711
83.2642
82.6732
82.6468
81.7794
82.6003
83.2229
83.0335
82.5644
82.5738
83.3576
84.6318
83.1432
84.5518
85.2811
86.7021
86.6323
87.4971
87.3265
86.8033
86.3218
84.9715
85.2765
84.4745
85.3821
84.8188
84.5479
85.4595
85.0252
84.5256
85.0185
83.4463
82.984
82.9407
82.7482
84.4558
84.7332
82.0855
82.0779
80.8018
78.9789
80.4158
80.0121
79.8785
78.0716
77.7757
77.5971
78.3133
79.8407
79.0325
80.3751
80.5419
80.3055
81.1085
82.2491
81.3414
81.1632
81.5353
81.2476
81.1721
83.8169
84.8608
85.5113
84.8567
84.3677
84.8244
83.3711
83.9967
85.5812
85.1016
85.7406
84.6885
84.5184
84.2819
83.9915
84.4509
82.5152
81.5051
81.1847
82.4672
83.5923
85.1137
84.1944
84.6439
83.5227
84.1432
84.4341
85.4821
86.2479
87.4346
89.5352
88.8021
88.0522
86.3668
88.6694
90.3782
90.1355
92.6839
92.72
95.1409
94.5051
95.5517
95.9078
96.6129
95.8119
95.1606
97.3245
99.4779
97.6108
97.9304
101.276
102.12
102.668
104.304
104.895
107.83
110.759
112.18
113.886
115.875
115.565
118.012
118.034
118.83
121.621
122.353
119.043
116.379
113.09
112.122
113.437
116.171
118.484
118.646
116.244
119.232
120.531
118.297
117.147
116.564
113.823
114.208
115.339
114.054
114.361
115.918
117.372
115.562
112.64
109.757
110.406
108.622
107.682
107.05
105.337
105.199
102.358
101.105
100.979
100.993
101.703
102.129
101.361
100.343
100.946
102.183
102.109
101.552
99.9455
100.479
100.722
102.11
102.956
104.528
105.033
104.192
105.074
105.392
103.075
104.837
106.822
107.162
108.582
106.55
103.907
103.917
104.182
104.279
104.349
107.537
112.036
110.688
111.405
111.552
113.586
113.604
116.246
115.708
115.328
115.72
117.174
115.706
117.154
117.777
118.972
118.291
118.982
118.417
119.214
120.194
116.685
118.332
117.943
116.984
115.799
113.193
113.736
114.126
114.321
114.893
112.912
111.678
113.156
111.709
111.774
109.801
110.471
109.009
109.866
108.805
107.935
107.855
106.929
107.351
108.112
111.523
113.05
112.083
112.122
110.395
109.243
110.597
108.661
109.568
108.303
107.175
108.662
107.268
106.717
106.046
108.13
107.484
106.938
106.807
108.106
108.682
108
109.542
107.733
106.303
105.644
107.762
105.699
107.31
105.544
104.525
103.286
102.44
101.85
101.914
102.476
99.9065
99.624
100.482
99.7968
99.3788
101.436
102.054
102.147
102.849
101.889
102.845
103.954
104.205
103.798
103.305
101.597
103.05
104.186
103.406
103.868
104.251
103.613
104.312
103.503
101.793
101.535
101.3
101.53
99.3698
99.1374
100.696
101.332
100.217
101.319
102.469
103.892
103.211
106.849
107.005
105.197
104.459
105.041
104.076
102.17
102.626
102.008
104.208
104.721
105.354
105.606
104.862
104.352
105.487
105.578
104.997
103.501
104.019
105.107
105.524
104.953
105.994
105.894
105.861
105.856
105.498
105.265
106.65
107.119
107.377
108.368
107.742
107.189
107.331
104.266
105.415
106.871
107.995
107.454
106.772
110.322
111.787
107.266
108.63
107.583
110.16
109.487
109.862
109.732
110.846
112.793
113.026
110.932
111.011
109.181
109.741
110.424
109.926
109.925
110.217
110.815
111.747
110.511
110.853
112.42
109.132
108.882
108.526
109.63
110.971
112.045
113.62
113.476
113.887
114.007
112.77
113.13
114.195
112.974
112.255
113.601
109.23
110.732
108.803
107.784
109.951
109.069
110.104
111.088
111.57
111.412
109.284
109.743
110.417
108.99
108.26
107.927
110.272
110.114
110.086
110.965
108.599
109.101
109.463
