102.02
103.072
103.327
105.924
107.492
106.33
106.02
107.393
105.154
102.257
101.718
102.608
100.567
100.917
100.906
100.457
99.8169
98.7614
100.682
100.777
101.184
101.406
100.923
104.151
102.734
102.378
105.323
105.585
108.281
108.371
107.758
105.928
105.341
104.285
103.362
103.074
103.404
102.59
99.2679
99.348
101.308
102.193
101.888
101.45
100.676
99.5182
99.5792
99.6181
99.7661
99.0442
97.505
98.5482
99.5244
99.8206
99.851
100.149
99.9707
100.691
101.37
98.5867
96.0165
96.3984
96.3945
95.2119
96.7092
96.3731
93.6889
94.4727
95.2231
95.9939
94.4442
93.4975
95.338
97.4066
97.5084
97.0972
99.1528
101.283
102.14
105.319
106.092
106.331
105.365
105.132
106.467
107.834
105.166
103.405
103.913
103.017
102.831
104.613
103.385
102.391
101.503
100.689
100.53
102.103
101.633
102.39
103.716
102.542
100.283
98.0813
96.9529
97.5358
96.3644
96.3835
96.5176
95.7291
96.0309
95.2116
97.2739
96.5026
96.3564
97.8969
98.4436
97.2801
97.2259
95.64
96.9645
96.7744
97.8119
98.4688
99.0573
98.9242
98.8572
101.37
101.084
98.7729
99.1612
99.0981
98.0991
98.9171
99.5562
97.6257
99.399
97.848
97.9337
97.1316
98.8761
98.0723
96.4599
95.6578
95.3138
95.9226
96.5456
97.0694
98.0142
98.5971
100.766
99.892
97.9359
97.1893
98.6866
96.4807
95.4109
95.8795
92.6195
91.4491
92.8353
94.0003
94.1187
95.052
95.0716
94.8667
94.1256
94.1251
95.2278
95.0988
96.3743
96.3355
92.5891
93.7726
94.7209
94.5819
96.4503
97.7852
98.0725
99.7214
100.744
100.121
101.427
102.343
102.091
101.315
100.259
100.935
99.7625
101.343
101.292
102.94
102.035
102.902
103.344
107.192
106.464
105.419
103.551
104.212
102.542
104.132
104.649
104.068
103.561
106.583
107.165
108.961
108.442
107.794
107.681
108.672
108.415
107.47
107.962
107.792
106.85
106.488
104.824
104.51
105.289
103.831
103.503
101.858
103.622
101.989
102.753
102.57
101.312
100.039
101.887
101.247
101.825
101.389
101.028
100.374
99.7716
100.603
99.5697
98.2372
96.8383
95.7502
96.813
97.572
94.6613
94.2189
94.4258
95.5407
95.2084
93.0575
91.9531
91.0805
88.9421
90.3687
91.4214
91.8913
92.8393
93.289
93.4641
93.2685
92.337
93.9778
93.771
92.6044
91.8132
91.2523
91.6945
91.6936
91.9077
92.0573
89.8435
90.0042
90.0378
89.9469
88.9868
89.0358
87.7728
87.7299
85.8959
83.1615
82.6287
81.0607
81.4288
81.534
82.1375
81.4706
83.0459
83.2889
82.4742
82.5918
80.6236
80.1111
79.5225
79.8526
79.8083
79.9495
79.6779
79.2865
79.1564
78.4625
77.5349
78.0122
77.8699
76.9116
77.6592
76.3935
76.144
75.0567
76.6071
75.3617
75.1095
74.3441
74.0742
74.0896
75.4141
74.6559
73.9039
74.466
75.4481
76.2486
76.441
77.6809
76.85
76.6574
76.4553
75.7908
75.518
76.5359
76.5805
77.4213
76.4975
78.6634
77.1111
77.5018
76.8156
76.3653
75.5217
74.8834
75.3089
75.9767
75.4923
74.6861
73.2217
73.1792
72.9694
72.2809
73.5478
74.6552
74.9905
74.4067
73.8028
74.4144
74.8475
74.8947
75.7719
74.4426
74.7055
73.6252
72.0721
73.5442
72.5566
72.1692
72.8503
72.2261
73.1208
71.726
71.8787
70.6635
71.9514
71.3857
70.7669
72.2244
72.2823
72.7376
71.5909
71.1173
71.012
71.3193
72.1758
72.266
74.6679
74.4646
74.2507
73.266
73.9513
74.7127
72.8462
73.2916
72.1894
71.7087
71.9152
72.1974
72.0271
71.0259
70.8954
70.4267
70.1457
69.839
68.5964
68.3101
67.8703
69.0659
68.4127
67.5387
66.6925
67.1564
65.5446
65.0324
65.1253
64.5744
64.4998
66.2383
66.7188
65.6286
65.7639
66.2013
67.4994
68.3325
68.324
69.208
68.1239
68.2866
67.267
67.7479
68.021
67.472
68.6318
67.8915
66.5814
66.3187
66.3186
66.8093
66.22
64.5779
64.6467
65.1562
65.634
65.7055
66.406
65.7363
65.1834
65.5446
64.3563
65.1653
64.4536
63.4768
62.9856
64.2358
65.9171
66.1841
66.142
67.5575
69.0684
69.0666
68.9772
70.2542
71.5303
73.1048
72.4704
72.5249
73.0712
72.1539
71.9281
74.2446
73.4825
74.282
74.8496
75.3207
74.8402
74.7369
74.3067
74.2089
74.0764
75.9307
75.814
74.0099
72.8243
73.2833
74.9614
74.3162
75.4698
76.4656
77.8278
78.8913
77.8685
78.2848
78.7094
77.6092
77.8787
76.5132
76.3982
77.2448
76.9073
77.0607
76.897
77.6846
78.6864
78.653
79.0818
79.3707
78.8008
79.1625
78.7355
78.9208
79.8844
79.249
79.7615
80.8581
79.7995
79.2971
78.7273
79.3161
79.6576
77.9845
78.7725
78.6679
78.784
78.4472
79.568
80.9148
83.1872
82.4705
82.1259
82.5534
82.3744
82.173
78.6564
78.7135
79.2129
79.1164
79.1498
78.0718
77.7741
78.2572
78.875
78.4562
80.9262
81.8518
83.9111
85.0438
85.4037
84.5384
84.8625
84.7976
84.3963
82.2199
81.1042
81.0039
81.2355
81.1589
80.7069
80.1178
79.6282
80.3073
81.5795
81.133
81.9754
81.4264
80.8442
79.4291
80.5353
79.5789
80.7677
79.924
81.1814
82.2963
81.1884
81.8634
81.516
81.3833
81.8953
83.1742
83.0486
83.1158
82.9335
82.2256
83.0565
80.5308
80.2598
80.6831
81.8484
81.6122
82.484
82.491
81.4401
82.5072
82.3433
83.8069
83.9708
83.8698
83.0719
82.8803
85.2017
86.0829
83.4133
85.0426
85.8239
84.67
83.9865
87.3935
