98.9483
97.5007
96.6169
96.6822
93.2001
94.0068
95.071
93.4987
91.3446
91.7672
93.7492
93.4453
90.881
90.9097
91.4245
92.6374
94.0395
92.7291
90.6436
91.9844
92.8365
91.9036
90.4492
89.1717
90.1957
92.7349
91.8127
91.4608
91.5363
91.5038
93.2946
94.8323
94.9737
96.1714
94.7876
92.835
94.1378
96.2633
98.0915
98.2618
97.0136
100.233
100.86
100.593
100.181
99.8682
99.0009
96.7295
96.5877
96.0096
94.897
94.4286
94.1168
94.6827
94.6726
93.2022
93.2945
93.4779
92.7817
94.993
93.7788
94.6331
95.4648
97.4388
98.2578
99.2686
100.034
100.901
101.179
102.033
103.237
104.994
104.069
102.451
102.785
101.993
104.415
103.14
102.674
102.565
102.593
103.032
101.086
100.564
101.633
100.602
98.7498
99.7742
96.2077
96.9025
94.8982
95.5219
94.2834
95.2826
94.7932
96.6452
96.9149
97.1174
96.3762
97.0164
95.3419
92.9904
95.2743
94.2246
95.0077
94.1599
94.9803
94.3915
95.9586
95.6684
96.2327
95.6846
96.1647
95.6418
95.0957
94.6606
94.9542
96.5042
94.7853
92.873
92.4302
92.7111
91.2532
88.4294
88.709
88.6356
89.3915
89.2157
90.1046
91.6978
92.2879
92.6919
92.4538
92.2435
91.4196
89.5472
90.1955
90.3609
88.7057
90.0689
91.6482
90.7418
90.118
90.5219
92.3319
94.6613
96.0804
95.9075
94.6147
95.1881
93.7006
93.2038
92.6942
93.0353
93.1285
94.9306
95.8151
94.7844
94.2124
93.5509
94.1325
93.2338
93.5422
94.2729
93.5658
94.2142
94.8146
95.7386
94.4304
98.2138
98.5458
96.7634
97.7422
97.8777
99.1041
99.09
97.9991
97.9318
97.7873
95.2758
93.4398
93.8358
95.081
96.7625
97.5669
96.4718
97.6398
97.6847
99.2663
101.419
100.308
98.5834
97.9757
98.5602
97.9955
98.0079
98.3311
96.4983
95.7414
97.0768
97.8565
97.7332
97.8916
98.9338
99.0486
99.1362
100.242
98.6039
97.3757
96.6543
97.2672
98.662
99.2238
99.4829
101.725
101.753
99.9503
99.8986
100.175
98.9899
99.3161
101.476
101.512
100.193
100.226
101.588
100.192
102.343
103.581
103.524
102.098
101.619
101.299
102.871
102.598
102.099
99.7619
99.7323
99.6025
99.2376
101.22
101.96
104.147
105.196
104.137
105.477
106.256
106.068
104.112
103.68
105.111
104.422
104.105
104.104
106.459
106.021
105.37
103.729
103.829
103.281
103.165
101.276
101.794
101.907
100.888
101.621
102.551
103.209
103.928
103.102
102.537
105.091
106.967
107.109
106.901
107.431
109.788
108.163
108.129
110.146
108.632
107.772
108.54
107.809
103.866
103.789
104.827
104.061
105.156
105.41
104.188
104.4
103.831
104.894
104.193
103.119
103.328
102.886
102.644
100.972
101.26
103.37
100.647
99.7407
101.77
100.864
100.348
98.8241
96.6011
95.2964
96.4028
96.8945
96.9296
96.0455
98.1012
96.4591
98.7323
97.0755
98.2442
99.6697
101.272
99.4064
98.7995
98.8472
98.1423
99.3206
100.345
99.1263
98.0792
95.4962
96.5261
94.8197
94.7034
97.0265
99.2643
97.8593
97.3246
96.3913
95.8882
96.3886
96.1419
97.3111
99.4392
98.1804
99.1196
100.665
101.501
101.148
99.7289
98.6762
99.4334
99.1466
100.2
101.428
102.113
101.209
104.294
102.983
103.677
101.758
99.5767
99.117
98.9889
99.3737
97.7599
99.7517
100.302
100.482
100.873
101.118
101.485
100.995
101.921
100.827
101.917
101.246
98.2657
97.2734
98.7102
98.4336
99.6647
100.115
99.9602
100.914
102.261
103.343
102.897
104.268
105.578
106.214
102.899
101.845
103.529
102.075
102.508
101.957
100.725
102.716
103.066
102.276
102.535
103.006
99.954
100.633
100.554
101.968
101.724
101.034
99.2657
103.856
104.168
102.879
102.858
101.47
101.001
101.495
103.463
105.181
106.321
107.488
107.006
106.057
104.717
104.011
105.175
102.981
104.542
103.83
103.181
102.482
101.174
101.396
103.073
104.11
105.101
105.073
103.36
103.666
103.018
104.554
105.195
103.141
102.627
103.585
104.281
104.145
104.806
106.301
108.125
107.671
106.566
107.248
105.506
108.88
109.621
108.227
108.4
105.946
106.603
107.13
106.793
104.559
104.758
103.829
100.349
99.4642
98.3424
100.975
100.905
102.448
101.214
99.3788
99.6643
101.08
101.081
100.248
101.862
102.774
102.794
101.371
101.33
100.021
98.9789
101.542
102.988
100.829
100.574
100.311
100.299
101.252
102.846
103.602
102.18
102.898
103.375
105.017
103.669
102.825
102.328
101.763
99.1377
101.156
101.202
100.99
100.079
103.507
102.924
102.52
102.398
102.552
99.7584
99.3832
101.521
99.1612
98.9643
100.678
99.4813
98.6468
98.1423
97.7668
96.3811
93.8492
93.1156
92.5276
92.5742
92.0869
95.6316
96.0064
95.7675
93.7313
93.3033
95.3662
96.6756
97.1526
97.6727
97.7959
98.465
99.6855
98.2248
97.747
97.74
100.119
99.1049
98.6704
98.4476
96.8987
97.6599
96.8693
98.0004
95.978
96.8932
94.817
93.2951
91.4856
91.3271
91.6284
92.06
91.1112
91.4023
91.9817
93.3706
94.3134
92.2164
92.7326
92.9962
92.2263
91.9569
93.9431
92.4713
91.4377
91.26
92.0925
91.0572
90.398
89.6581
89.8906
88.1923
90.0388
88.3901
87.299
86.6477
86.9263
88.8424
89.7589
90.5506
92.7878
91.7956
90.4185
90.2271
90.9493
91.5101
89.3466
90.683
90.2144
89.7332
90.8187
92.7053
92.9337
92.5641
93.513
