99.9365
101.031
99.8514
103.05
103.245
103.968
102.683
103.562
103.128
102.086
104.066
102.633
102.447
102.514
101.955
102.608
104.443
105.767
105.617
102.768
102.641
104.063
105.991
106.304
104.622
104.852
103.891
104.78
106.8
107.601
106.99
106.747
107.695
106.957
108.084
106.082
106.261
104.793
104.909
102.815
103.529
103.661
103.128
104.36
106.088
105.639
105.174
103.903
101.623
100.225
99.6969
100.406
101.004
100.96
101.452
99.9488
97.9679
98.8695
100.156
101.74
102.375
102.149
102.564
101.75
104.523
101.89
102.003
99.4703
98.7171
98.9983
99.3896
99.6564
100.828
99.7816
98.9188
99.3817
99.903
97.3526
98.9909
99.5589
98.7397
99.4191
98.5887
96.979
96.3647
97.8524
97.9054
99.8168
99.9843
99.768
100.125
100.462
100.01
102.552
101.696
101.158
101.998
104.113
104.021
102.219
103.312
104.072
103.118
104.544
106.276
104.483
103.622
105.379
104.61
103.578
104.33
104.34
103.172
102.366
100.21
99.1875
100.585
99.1975
100.142
100.027
99.6685
100.762
98.4681
97.2267
96.7747
97.268
96.6608
95.2775
94.7071
94.2113
93.0354
92.6945
93.3824
93.5852
94.9472
93.3688
94.475
94.4267
97.17
97.9203
94.9917
95.5415
98.5955
100.366
101.743
99.8551
99.6021
98.1574
95.632
94.7655
92.2202
92.7703
91.4752
93.1176
93.7286
94.8646
93.9493
94.9982
96.5874
96.6403
98.3481
97.7914
97.7816
98.0973
100.265
103.1
103.112
105.032
105.77
106.652
107.657
106.484
104.653
105.19
104.616
103.49
105.992
105.969
106.204
106.056
104.699
102.781
103.977
105.704
106.278
103.048
102.609
101.358
102.484
101.852
104.961
104.818
104.857
106.449
107.203
108.116
106.492
106.169
106.043
105.407
104.553
102.642
102.365
103.114
103.868
104.697
104.71
104.313
105.709
107.468
107.742
103.828
102.354
101.231
101.988
100.786
102.843
101.896
99.2296
97.8382
96.2302
96.3592
96.5136
96.0743
96.4196
98.4607
96.5039
97.3041
96.6402
95.9028
95.1134
96.0188
96.4532
94.5045
95.7783
95.5534
94.999
94.9644
95.9089
97.153
96.2847
95.0022
96.3685
97.1622
97.2275
98.4018
99.7701
99.8309
98.4443
97.7818
97.3121
96.8096
96.6175
95.4531
96.9163
97.1692
95.0054
94.2735
94.0483
94.8525
97.0121
97.6175
99.2007
100.844
101.448
100.543
102.84
100.738
102.296
102.092
103.826
104.934
103.908
105.638
105.128
107.124
106.027
106.388
103.97
102.322
101.11
103.051
101.266
102.99
101.623
100.164
101.025
98.853
98.503
95.8051
95.095
94.1428
92.611
90.634
91.5823
92.406
90.5416
90.2096
91.1912
93.1324
92.1338
93.1189
91.8121
92.429
91.2853
90.657
90.4436
88.9957
89.79
90.0471
90.7328
89.6677
90.1002
87.8198
84.9761
84.4877
84.9756
85.305
82.6512
83.7594
82.3612
84.8152
85.9987
84.8564
85.2572
84.8524
82.5132
83.5403
82.7426
81.3528
80.559
80.222
77.348
77.7811
78.364
78.028
79.0088
79.1148
79.1639
79.7855
78.3406
79.8688
80.6447
80.8101
80.5775
78.8207
79.4166
79.1871
78.3782
78.4108
78.115
79.1195
78.9902
79.5086
78.7199
79.1928
79.8596
78.649
78.8025
77.9598
78.4573
78.0846
77.3943
76.5637
75.8989
74.9481
74.0504
74.5075
74.264
73.9381
74.9604
74.3083
73.7803
72.8383
73.6937
73.6575
73.7578
73.4051
73.0989
71.401
73.2568
73.7192
74.4917
73.2221
75.0105
74.3782
76.3219
76.2902
76.8245
76.6869
76.9027
77.2803
77.4845
76.876
76.8238
75.4557
74.7326
74.0445
73.999
73.8399
71.8945
71.1778
70.025
72.7408
71.5614
70.1747
71.0619
70.4984
71.7721
72.5127
71.8292
71.5938
71.1166
72.5906
71.0023
70.8296
71.7642
71.3763
70.7983
70.2768
69.5817
70.6835
71.4393
71.7393
72.2951
71.102
72.1335
72.9488
73.1535
73.4805
73.3703
73.6226
75.4993
77.4215
77.6211
77.6817
76.7228
77.5268
76.5869
78.0175
79.2612
79.9321
80.3984
78.7907
79.6134
77.9031
78.431
79.0912
79.1985
81.0362
81.1433
79.3165
78.3461
76.3016
76.7589
76.7889
76.5583
76.3256
76.9689
75.4717
75.093
74.9779
74.9132
75.3415
75.6177
74.2007
74.1238
74.464
75.1828
74.9027
73.721
74.7241
74.0919
74.6131
75.4127
75.1633
75.9557
76.5542
75.9349
74.4915
74.3068
75.1975
74.4619
75.6148
77.5895
77.3565
76.0738
77.659
77.8052
75.8218
76.8418
76.2203
75.1577
75.8673
74.9191
76.6667
77.0631
75.8183
74.5321
73.6594
73.0731
73.8175
75.0603
74.0567
74.0723
73.4736
72.7621
72.6494
73.2756
72.2688
71.1209
71.4559
69.9252
70.3349
69.3905
69.2524
68.7797
70.4475
71.975
71.641
72.1094
71.6421
70.962
71.7344
72.4753
72.4686
72.8082
71.9168
71.1753
71.1693
72.2652
71.2303
72.0758
72.103
73.0993
72.7142
72.7218
72.1999
72.8307
70.8361
72.7098
73.1964
72.3891
72.4146
71.7898
71.4859
73.1714
73.9283
74.1918
73.8188
73.5532
72.1327
74.9676
74.9714
76.0562
74.2648
74.4118
73.6979
73.27
73.0093
72.2821
72.7892
72.4373
72.14
71.7413
72.6123
73.5154
73.672
73.4559
74.0874
75.6213
74.6311
74.0368
75.7324
74.1723
74.1467
73.5667
71.8657
74.0573
74.5569
74.7999
76.0627
74.4835
72.9012
73.5094
75.3782
75.2218
75.3611
74.6672
75.4383
75.0019
75.7741
75.4072
76.6864
76.0676
76.5065
76.2312
76.9013
75.8011
75.0027
