100.517
102.555
100.875
98.6353
100.396
100.407
98.4719
99.9265
101.023
101.121
101.985
102.858
102.505
102.307
101.444
102.796
103.306
101.883
101.575
99.8991
101.747
101.071
102.673
101.08
99.732
99.6817
99.738
101.026
100.616
101.803
102.406
102.535
101.715
101.41
98.1701
100.638
100.934
100.298
102.056
104.21
106.315
107.455
107.12
105.07
104.507
105.052
106.945
105.94
108.537
108.522
107.909
108.546
110.542
111.611
114.198
115.595
115.201
117.438
116.572
117.002
115.473
114.564
115.67
116.388
116.326
115.32
114.509
114.44
112.515
111.945
111.823
110.434
109.126
108.204
110.072
107.581
109.023
108.301
110.65
110.018
109.997
109
109.838
109.109
108.564
109.461
109.554
109.378
110.752
110.365
111.661
112.337
113.104
112.046
113.111
112.197
114.557
114.883
115.366
115.104
116.231
113.714
114.787
112.92
113.966
114.428
115.837
114.588
116.122
113.779
113.594
114.267
114.96
116.613
118.439
119.324
119.525
122.767
121.053
122.386
121.809
120.283
121.283
120.171
116.892
118.18
118.325
118.125
117.822
119.318
121.415
123.152
121.279
119.79
119.372
119.858
118.559
119.092
121.083
119
119.719
118.977
118.91
117.233
121.856
122.082
121.739
126.097
125.133
123.236
124.77
124.242
124.839
124.029
124.035
121.837
121.353
122.47
121.732
121.779
124.209
124.455
126.175
125.22
126.1
125.531
125.279
125.093
124.656
123.876
122.336
121.719
121.932
122.335
120.212
119.892
119.038
120.241
121.561
123.202
120.986
120.019
120.199
122.772
122.91
122.587
122.805
124.018
125.496
124.35
127.84
128.614
126.826
125.938
124.914
124.892
123.752
122.484
121.531
121.689
120.562
121.278
122.223
122.346
124.019
123.701
122.453
120.602
119.761
121.386
122.459
120.638
120.778
120.951
120.213
120.424
120.074
121.709
120.485
119.978
118.189
119.417
120.198
120.518
122.226
122.172
120.948
121.238
120.324
120.39
120.18
121.168
120.414
121.334
120.657
117.238
113.469
114.529
112.788
115.055
113.083
111.934
111.799
112.28
111.008
113.251
112.641
111.97
113.332
111.551
110.56
109.419
109.147
109.304
108.537
109.586
109.983
112.08
109.811
111.621
112.63
112.605
112.164
111.589
111.18
111.315
110.875
112.064
112.126
115.11
116.137
115.103
113.786
114.501
114.53
115.065
111.713
110.235
110.068
109.49
109.477
108.517
107.928
107.031
107.046
108.449
108.189
107.403
108.507
108.306
110.163
110.229
109.222
109.006
107.942
109.811
110.336
110.484
109.531
109.445
107.971
107.657
108.935
110.445
110.998
111.261
109.044
110.318
108.204
106.56
108.553
108.085
108.779
109.371
109.97
109.856
111.698
110.502
110.207
111.162
113.004
114.388
111.923
111.886
112.867
111.249
110.635
111.484
110.378
109.873
112.215
112.29
109.565
111.937
111.417
110.07
109.053
107.943
108.28
109.623
109.408
111.074
111.682
110.723
109.335
109.993
109.7
110.042
106.988
108.435
107.712
107.517
108.725
110.475
108.847
108.725
107.543
106.607
104.374
104.434
104.301
103.081
100.64
102.289
101.692
101.795
101.84
101.021
101.096
100.292
102.176
101.501
101.545
101.417
102.155
101.618
100.065
101.906
101.586
101.746
103.414
102.985
102.528
102.793
101.653
103.471
104.124
102.157
100.245
101.554
100.24
100.307
98.0272
97.3819
97.2238
98.2895
98.7456
98.5438
99.3264
99.4156
99.8465
99.5755
100.914
103.409
104.451
106.162
106.986
108.121
109.205
107.806
107.01
105.62
105.647
106.586
108.349
106.787
107.259
108.093
109.242
110.738
111.356
110.943
112.434
113.542
115.906
117.388
118.478
120.647
120.017
120.312
120.288
123.115
124.851
129.277
126.544
124.456
125.366
122.656
120.261
121.358
118.098
117.956
120.939
122.518
125.009
125.154
125.506
124.799
125.699
126.83
125.607
124.512
127.155
126.364
125.82
124.385
126.664
125.005
125.882
127.949
128.169
130.006
129.725
131.367
132.643
132.339
133.062
132.4
132.397
132.389
132.54
132.385
132.37
128.913
128.563
128.119
128.688
130.965
130.33
130.224
131.206
130.427
130.887
130.552
130.582
128.262
129.569
127.291
127.462
127.239
128.066
129.907
129.64
132.114
131.216
131.031
132.726
134.143
134.92
136.277
136.172
135.994
136.265
134.836
135.808
136.08
136.243
134.867
138.57
137.472
134.843
135.353
134.578
136.83
138.355
137.268
136.914
135.955
137.706
134.699
134.411
132.864
134.776
134.298
133.805
135.409
135.524
134.975
138.759
137.837
134.227
134.685
136.479
135.429
136.847
138.806
139.902
139.707
139.51
139.089
139.518
139.371
140.767
139.111
139.87
137.014
134.762
134.298
136.397
136.203
137.526
137.981
138.728
137.735
134.407
131.892
131.348
132.108
131.301
128.201
129.609
128.176
130.372
131.571
128.678
127.497
123.839
123.781
123.143
122.846
121.505
121.61
119.56
120.539
119.716
120.692
120.595
123.696
121.548
120.659
120.624
121.812
121.138
121.752
123.313
123.955
120.636
120.812
121.337
121.832
121.462
120.653
121.922
124.926
123.586
124.333
123.933
120.915
120.683
119.481
