100.825
100.829
100.845
101.161
100.016
99.0396
99.7382
97.4657
96.7641
95.9916
95.2695
95.1867
94.5984
96.0635
96.4951
98.9284
99.1948
97.9549
98.6991
99.6033
100.53
99.4634
100.383
101.153
99.6766
98.8717
100.239
100.094
100.86
99.8089
98.7918
100.247
98.8099
98.3086
98.6093
98.3375
98.5605
97.5999
96.4854
97.7692
99.4168
100.406
99.1878
99.0355
98.8139
99.7584
99.6571
99.6017
100.497
99.3085
100.514
100.878
102.6
102.081
100.966
100.243
99.0916
96.9927
100.068
99.5129
100.866
100.953
101.693
103.347
102.831
105.291
105.595
105.585
106.798
107.385
108.496
110.372
111.569
110.258
110.93
111.254
110.366
109.611
109.194
112.079
110.519
112.029
113.434
115.548
113.518
113.132
113.265
115.088
114.899
115.725
115.614
117.936
117.528
117.164
114.162
116.933
119.698
121.309
117.383
118.629
119.1
119.394
121.29
120.899
119.231
119.185
119.079
120.427
121.813
120.579
118.94
120.06
116.794
114.717
112.935
114.54
115.428
117.232
117.988
117.749
116.006
115.421
114.559
117.03
115.876
115.23
117.987
117.39
118.439
117.37
116.014
115.451
117.096
118.298
117.441
119.132
120.645
119.968
119.79
119.196
119.237
121.501
120.717
121.252
119.659
120.655
121.117
118.709
120.421
121.371
121.437
120.294
120.504
120.494
117.146
117.061
119.214
120.916
120.219
119.503
120.465
120.592
121.708
123.533
125.403
123.094
123.339
124.655
124.129
124.019
125.366
126.519
127.437
128.111
128.772
130.729
129.982
129.637
130.437
131.268
132.204
132.148
132.664
129.808
130.275
131.214
132.048
131.198
129.571
129.989
128
128.608
131.689
134.775
133.446
133.526
133.133
134.539
132.269
133.584
133.38
131.195
131.495
130.361
132.617
131.242
132.273
134.866
133.694
133.913
136.902
137.044
139.009
138.44
138.033
135.243
135.281
134.121
132.353
132.411
135.455
133.902
130.425
130.708
128.781
128.578
126.55
126.168
124.231
120.896
118.92
117.73
120.709
119.372
119.196
119.812
120.951
121.468
121.205
124.258
126.166
128.266
125.825
127.037
127.2
124.913
124.938
126.429
126.712
127.52
126.53
126.659
126.501
124.719
123.122
122.044
120.599
120.168
119.035
117.674
115.251
115.463
117.937
116.964
115.899
114.394
114.927
113.204
112.96
111.87
113.882
113.542
115.183
115.783
117.12
118.031
117.562
115.595
116.271
117.838
119.952
125.212
123.442
126.871
127.057
127.228
124.47
126.727
126.144
127.667
127.61
126.772
127.731
127.734
127.799
127.488
127.706
127.034
126.256
125.059
125.249
127.736
127.416
127.281
122.012
121.978
121.807
120.969
118.255
117.423
118.729
120.323
119.508
119.885
120.507
120.953
120.632
118.617
121.404
122.32
122.391
123.079
122.094
123.072
125.348
123.967
123.11
121.637
120.665
118.996
117.214
118.159
119.204
121.162
122.086
122.629
119.559
121.355
119.585
120.954
119.382
117.994
119.37
118.345
117.482
118.579
118.342
117.584
116.691
117.614
116.332
115.083
115.982
117.709
118.938
118.379
118.119
117.566
116.352
117.229
117.178
117.687
115.62
115.354
115.999
113.492
113.029
115.752
113.165
111.908
109.943
109.704
111.257
110.697
110.523
113.219
114.196
113.602
113.874
112.703
112.636
113.188
113.275
113.23
111.488
112.134
111.333
113.387
114.363
112.265
110.076
111.724
114.255
115.98
116.017
112.966
111.256
112.2
112.615
110.632
110.54
111.874
110.169
110.215
110.752
110.562
107.961
109.78
108.602
108.293
110.051
109.513
108.967
110.364
109.794
106.699
107.449
110.093
110.52
109.995
108.255
109.026
108.419
106.669
105.693
103.338
104.337
104.836
103.296
100.437
99.1935
98.7225
99.4031
99.4857
98.5113
96.6429
95.5946
95.6822
95.3732
93.7138
92.3787
94.442
94.3525
93.658
94.0063
93.0611
94.751
96.0405
96.8252
95.1123
94.1359
94.2125
94.064
95.2396
96.8284
97.0604
98.4628
100.173
100.064
98.9645
99.5172
99.4099
99.7013
100.484
101.14
101.058
100.323
98.9499
97.414
98.5079
97.1365
96.5477
97.8202
97.4553
96.8284
94.508
91.8186
92.2623
92.7551
91.7883
89.2854
89.5438
88.5527
88.7021
89.5041
90.6815
89.3369
88.3626
89.7212
89.1231
90.9961
91.8934
91.5848
90.5869
90.9321
90.5788
92.3488
91.1444
92.0487
94.8732
94.2919
93.2381
93.4484
91.03
90.595
89.8928
91.1166
90.2482
89.0389
87.9868
89.301
88.0736
89.1421
88.1614
87.3579
87.1832
89.9348
89.9052
88.4895
90.8041
90.2739
90.4037
89.4144
90.7702
91.069
92.3221
92.2177
93.797
92.8795
92.511
92.124
92.9616
94.3889
96.35
96.5624
97.0744
93.6819
93.3912
92.5842
92.628
89.6242
88.0589
89.7527
92.3752
92.048
89.5961
87.3888
88.5979
88.1617
89.8421
90.715
90.0484
90.638
89.8553
89.7035
89.2638
89.061
90.0434
90.0458
89.2071
89.9351
89.6631
90.7464
90.7319
89.9956
89.2121
90.8073
90.0499
90.1648
87.1071
88.5568
89.3772
88.2093
85.8104
87.0351
87.4388
87.0016
87.433
87.663
87.9209
88.5266
89.628
89.3642
89.3226
86.7381
85.8269
84.5506
83.3303
84.1401
84.1841
83.4917
83.1261
84.0566
81.8403
81.6111
83.2239
83.8276
83.7297
84.4064
82.2987
