100.048
101.122
102.549
102.306
102.892
103.684
106.368
106.794
107.333
106.886
105.245
105.846
105.822
106.548
107.031
107.39
110.701
109.48
109.513
110.434
112.017
111.578
108.422
108.75
107.827
107.287
106.878
107.255
107.241
104.848
103.848
104.185
100.824
101.952
102.475
100.246
101.177
102.753
104.604
104.92
105.548
108.011
108.463
108.91
109.542
110.79
109.49
110.082
109.708
107.473
107.354
106.113
104.541
104.742
103.962
104.049
102.161
102.433
101.936
100.744
99.4189
99.6203
100.864
103.438
105.748
103.195
102.771
103.729
104.598
105.614
106.161
107.564
108.124
106.453
106.402
105.677
103.372
103.632
101.925
101.375
100.304
98.7467
98.7282
98.0407
99.5064
101.278
98.5751
100.525
100.392
97.6491
96.1911
95.4649
96.6992
95.8869
94.6463
93.7269
94.4893
94.8143
94.6549
96.4092
96.5164
97.0511
98.2738
96.9669
98.0441
97.7826
98.7987
99.245
99.1297
98.2246
98.0642
97.5053
96.7819
95.1402
95.2078
93.8479
93.2778
89.595
89.9899
89.1703
89.5711
88.722
89.8524
91.2973
89.9375
90.5671
89.0861
89.1896
88.4783
88.2598
87.4274
85.9742
85.3201
84.3182
84.417
85.9472
86.8161
86.3801
86.628
86.4049
87.3736
86.7211
87.7289
86.6741
85.4533
84.2804
85.0546
85.672
87.4891
87.7177
87.9915
88.0164
88.7076
87.6723
86.8945
87.2756
85.3972
84.4956
85.1502
83.6145
81.8406
80.1508
78.1633
79.1317
78.3654
78.4927
79.0453
78.9416
78.2262
77.971
78.9652
79.1756
78.0628
79.5231
80.0749
79.7868
80.0993
80.5986
79.9387
80.662
78.4476
78.3676
77.845
77.4513
78.6837
79.0501
79.941
80.0877
79.3285
78.9972
79.2065
81.6952
81.9747
83.0812
81.0764
80.2997
79.5968
79.3679
80.1975
79.7838
79.0876
76.9475
75.6545
75.5356
75.2961
74.7975
75.4347
73.6852
73.2218
72.6901
72.4378
71.7177
71.5754
70.9032
70.0663
69.9641
68.5482
68.9847
70.3952
68.7667
69.9085
69.2575
70.0065
69.2075
69.4375
70.2797
69.414
69.9
69.9766
70.3824
71.3561
71.9288
71.7771
71.5605
72.3194
72.927
75.0513
74.0014
74.3606
74.8317
73.2517
73.6682
73.7679
74.7524
75.4257
75.9339
76.9959
77.1543
75.337
75.2597
75.0243
76.17
76.7116
76.6464
75.9148
76.5392
76.418
74.2667
75.1148
75.5589
76.2916
76.6049
77.1338
78.6242
79.6668
81.1378
79.5499
78.6879
78.9964
78.9678
78.8943
80.2834
80.4931
79.1546
78.1746
78.1218
79.0483
79.2944
78.6023
77.2347
76.873
77.3426
75.9411
77.536
76.4925
75.0429
74.5052
75.7913
76.9934
78.1974
78.8508
77.8682
78.2447
78.0297
78.3279
79.726
79.5583
80.8928
80.4273
80.1305
81.4509
81.6114
80.7434
80.4125
81.3604
80.4735
78.5878
78.7917
80.0223
81.2345
82.7084
80.4326
81.4732
81.1376
82.5767
83.9615
83.6547
83.8154
84.4243
83.0149
81.8554
81.3183
80.3201
81.9587
81.904
80.4219
79.6131
79.9189
80.498
79.817
80.1995
80.9941
80.3256
79.6976
79.1822
79.0672
79.206
79.3962
81.0264
82.2559
82.4009
82.5028
84.6182
84.9322
86.4269
87.4879
86.7679
87.9335
86.5808
85.9909
85.2451
85.7639
85.5388
84.6824
84.1862
83.9204
85.1995
83.9502
83.6036
83.7872
83.4469
83.4596
83.1836
82.8281
84.5126
84.1855
83.6213
82.6777
82.7753
82.4933
83.3814
82.7274
83.4633
84.0599
83.3147
84.016
85.038
86.4884
87.5832
86.6153
85.5582
86.21
86.8903
84.6117
84.0293
83.2453
84.6211
84.4556
84.9882
84.2034
85.9457
87.7769
86.8752
86.8408
86.7064
85.3139
84.251
83.7848
84.3028
84.8831
84.6241
84.2789
84.8649
82.7392
84.6122
85.5231
87.4965
87.9038
86.3106
87.2557
85.8879
86.5197
86.065
86.2722
85.4837
84.8987
85.9743
85.7769
84.896
85.1981
86.3608
87.8544
87.3368
87.9558
88.1574
87.8492
87.3543
87.6163
85.9323
84.4573
82.6874
82.3759
80.9464
81.9071
81.9738
84.1973
83.5103
85.1574
84.998
83.6007
83.3535
81.3125
81.3262
81.0986
80.5105
81.4941
80.0813
80.4901
81.3504
82.628
83.0983
83.6326
83.9733
85.5413
87.4051
86.4434
85.3874
84.1664
82.6303
81.2014
80.8416
80.6361
81.2447
80.2046
80.9348
80.1612
80.839
81.7144
82.4209
82.6739
83.7614
83.6361
83.8949
82.1009
81.1816
79.1705
79.0883
80.369
78.7692
78.0903
80.5895
79.6589
78.3758
77.1942
76.8248
77.4451
76.8
78.0774
79.441
77.8775
76.975
78.0783
78.5342
80.4993
79.956
79.9827
79.8608
80.7367
82.177
82.2064
82.3293
79.8544
79.7492
79.5291
78.4434
79.2041
78.4567
79.9359
80.0525
81.0981
80.6072
80.6714
80.9049
80.378
81.3561
81.2751
80.4659
80.2929
80.5725
78.5124
76.7389
76.6234
76.3975
76.1958
75.9962
74.9947
76.8324
76.953
78.013
78.7375
79.7835
79.7217
79.8722
78.8966
79.1877
80.1155
79.4799
77.4271
75.9229
75.0063
77.209
76.7328
77.826
76.6318
77.9782
77.5653
78.6518
78.1639
79.7217
80.4098
81.1366
82.0037
81.4173
82.3772
81.2911
82.0522
82.1044
82.4257
82.528
82.1092
80.5914
80.4465
80.5776
80.4603
80.5276
80.5069
80.2334
78.2092
78.4454
80.4985
78.8704
79.4438
79.4238
80.9753
81.7636
82.9833
83.0269
82.4343
82.167
82.5188
83.2807
82.9971
82.8509
81.5223
80.2841
79.2593
79.6914
79.1899
78.3526
76.9686
78.2921
77.4158
79.0182
77.5722
76.2441
75.5804
76.3308
75.434
75.3525
77.7587
