98.771
98.0347
97.9254
95.3694
93.9523
95.2637
95.1037
94.445
92.2752
91.6852
91.3765
90.9223
89.8698
92.1426
91.3001
91.5114
90.925
93.3794
93.1638
93.2039
93.2801
92.5113
94.0506
94.3516
94.4244
94.8385
93.8139
94.4607
94.7823
96.2242
96.9582
98.004
98.1391
98.4613
97.9781
98.5756
98.7214
99.3268
98.3168
97.3497
98.5157
97.7227
97.9648
99.9999
101.725
101.775
102.3
105.272
105.907
104.794
105.798
106.624
107.915
108.407
110.431
111.007
110.893
110.269
111.837
111.528
111.126
112.813
114.141
115.581
117.131
116.542
117.138
118.254
119.482
120.253
120.741
121.645
122.101
121.1
121.485
119.673
121.671
118.335
119.592
118.792
119.429
119.38
117.492
119.855
119.741
122.518
120.773
120.997
124.73
127.435
124.903
125.323
125.991
127.37
127.622
126.185
127.622
124.724
125.491
125.514
124.775
125.671
124.907
124.088
124.753
127.01
128.896
127.432
128.269
128.484
128.984
127.273
127.039
126.767
127.963
127.026
129.042
131.715
133.174
130.466
128.94
130.35
129.36
127.035
128.731
129.22
130.593
130.968
126.172
124.942
125.743
125.615
124.134
123.01
122.894
119.97
117.725
117.807
117.639
115.256
118.648
119.838
119.617
121.194
119.891
119.632
117.904
115.381
113.181
114.585
113.66
114.684
113.984
115.899
114.157
116.093
116.67
118.042
118.846
118.905
119.554
117.268
116.959
115.748
113.919
111.547
112.895
112.199
112.825
112.449
110.149
108.976
107.433
107.696
108.766
107.997
109.07
108.128
110.863
112.201
111.759
111.443
111.576
109.373
106.44
108.436
108.565
107.918
106.811
108.297
108.168
109.269
108.614
108.801
108.49
105.401
102.905
103.872
104.334
104.787
106.936
107.509
107.859
105.389
104.89
104.737
103.964
105.164
103.206
102.634
101.573
100.005
97.9047
96.1638
96.3491
97.6874
97.7043
97.7634
98.5428
98.9713
97.746
97.8286
96.1438
97.642
96.228
95.1102
94.6713
97.2851
96.147
93.6914
91.1699
89.1976
89.1839
87.9342
88.9703
88.5166
86.3624
88.315
87.3863
88.0661
86.6926
85.3466
84.5425
86.0886
88.3277
88.4225
89.4613
90.5767
89.5688
88.5098
88.5146
88.6556
86.8719
87.7089
87.2411
88.0949
87.377
86.6805
86.6896
88.087
87.1042
86.9541
87.3795
87.2005
87.3747
88.0182
86.1815
87.0176
86.1742
85.2688
85.2169
85.1184
85.6466
84.995
84.4198
85.0496
85.2947
85.6933
84.2423
84.5431
85.4296
83.984
84.0304
83.3483
85.4636
85.073
85.5751
85.8941
85.9684
86.1492
87.206
87.7837
89.9891
90.8652
91.0644
92.7184
92.0092
92.3387
91.503
91.0158
92.4506
93.4544
92.8622
91.7417
90.8122
90.5368
90.4988
90.2138
90.2382
89.2501
89.7242
91.9391
91.5735
89.9452
90.2252
90.021
89.6792
88.6549
88.9527
90.3733
90.3721
93.2906
94.1127
93.8475
96.151
95.2788
94.5086
92.5054
92.661
90.3772
90.4718
91.8708
91.4843
90.9722
92.3681
90.6343
91.7244
90.9101
90.7811
92.6741
92.8255
93.2406
92.3087
91.3753
94.3477
97.4358
96.7733
96.6473
95.67
93.9516
93.4509
94.542
95.3692
94.9236
93.984
95.8862
95.9172
95.6292
97.6909
96.689
96.452
94.488
93.8048
92.2394
93.2205
94.2255
93.2166
94.9967
95.6685
96.8507
98.3653
99.2265
100.229
102.67
103.353
104.815
104.428
106.542
107.191
107.749
108.317
108.484
109.386
111.414
109.46
110.536
108.684
109.006
106.884
108.585
107.201
107.363
104.826
104.919
106.725
106.452
107.413
108.087
107.382
108.609
109.444
108.367
106.006
105.24
106.521
105.084
101.861
103.365
102.725
104.157
103.454
101.253
102.842
101.999
101.142
99.2913
98.185
98.5589
98.569
100.003
100.194
101.755
101.711
99.8121
97.7025
100.982
100.605
100.138
100.514
101.721
101.163
102.61
104.282
103.77
101.954
102.775
102.054
101.389
99.7413
98.7981
98.8792
97.0584
96.268
95.2733
95.0628
96.3645
97.0859
97.6847
96.1815
95.6248
95.2771
94.1433
94.4564
94.9138
96.6737
93.3361
94.3368
92.965
92.516
91.2758
93.0394
92.4596
92.9824
95.2327
95.772
97.6333
97.3942
96.589
96.9382
95.657
96.916
96.8139
96.0993
96.8781
97.106
98.9354
99.0318
96.0265
95.3214
95.518
95.6402
95.6262
98.989
100.204
98.9876
96.6434
95.361
96.7509
95.5996
96.6912
97.3971
96.6442
97.4255
97.5646
100.149
100.319
100.496
101.745
103.528
104.545
106.31
106.036
107.204
107.871
108.159
108.722
108.024
108.218
108.407
111.434
110.143
112.777
111.356
112.527
111.211
110.721
111.193
111.289
110.717
110.352
110.166
109.958
109.612
107.374
106.074
108.7
110.304
109.102
108.005
107.619
107.784
106.294
105.318
106.077
106.066
102.764
104.204
104.518
103.997
103.872
103.841
104.788
105.35
105.357
109.534
109.034
111.089
110.749
110.258
110.255
109.528
108.934
110.324
107.801
107.678
106.78
106.535
107.8
109.968
107.817
108.352
108.093
107.263
106.186
107.283
105.216
105.051
105.213
106.003
105.432
104.029
102.428
103.517
101.669
101.416
100.561
99.7343
101.74
102.178
99.2213
99.2263
97.781
100.3
100.074
98.7723
100.156
99.384
101.87
102.998
103.231
102.917
101.826
100.745
99.2991
100.647
98.747
99.6301
100.058
99.9338
98.5735
