99.2252
97.5323
97.3184
96.8761
94.9488
94.6873
94.5
94.8562
95.5255
93.9805
94.128
94.1854
94.6492
97.9815
98.5242
99.2189
99.7369
100.027
98.7554
100.073
101.898
101.035
100.261
101.734
101.992
104.742
104.666
103.313
103.621
103.079
103.688
103.481
102.108
102.458
101.432
101.482
101.163
101.102
102.013
103.066
103.633
102.683
102.454
102.785
104.06
102.177
103.139
101.968
101.826
102.434
100.79
99.3831
100.087
98.9221
98.1049
99.1275
98.9992
95.8323
95.9043
96.7183
97.2641
97.9502
97.177
97.7831
97.4078
97.7627
98.6483
98.2593
100.099
101.576
101.907
102.819
102.281
99.447
98.8237
100.023
101.168
102.901
101.682
103.632
105.25
105.67
105.632
108.133
108.542
108.187
109.075
110.441
111.279
112.217
114.281
115.607
117.57
118.249
118.979
119.679
118.173
119.749
118.951
116.1
114.668
114.474
111.993
111.203
110.192
111.047
110.061
108.6
109.417
107.442
108.612
108.868
110.11
108.667
109.038
109.323
107.55
106.472
104.751
105.688
107.506
106.614
106.154
107.92
107.746
105.921
107.822
110.382
112.346
110.862
113.99
113.288
114.633
113.109
113.299
112.557
113.072
114.141
114.279
112.821
112.742
112.715
111.171
108.498
109.356
109.986
111.538
112.079
112.159
110.932
112.035
111.771
112.531
109.626
111.385
109.851
111.255
111.586
111.421
109.966
108.608
109.452
108.796
106.299
106.092
106.29
106.464
104.824
106.356
110.088
110.711
109.878
108.463
108.706
110.549
113.093
115.667
116.535
115.904
116.764
116.161
115.934
117.435
117.654
118.813
118.136
119.356
116.127
115.047
114.713
117.163
115.871
114.242
115.556
111.439
112.802
112.787
111.338
110.997
110.414
110.76
110.07
109.267
108.439
109.362
111.669
110.307
109.183
108.347
107.152
105.841
105.347
105.755
106.84
104.509
107.883
109.04
108.628
109.819
110.678
109.623
109.324
109.468
110.017
110.849
113.016
112.601
116.244
113.367
115.439
115.755
115.801
115.924
116.942
116.152
115.196
112.626
112.823
112.547
112.339
115.051
115.562
116.246
114.771
113.062
112.942
111.761
111.102
110.943
109.627
106.492
105.512
104.355
104.94
103.236
103.933
103.291
103.612
102.852
103.386
102.47
102.567
103.259
105.252
105.615
105.796
104.674
105.142
107.583
107.343
107.153
107.657
108.178
107.068
110.372
109.309
107.792
107.563
108.625
109.646
110.504
111.108
109.536
109.451
112.544
110.567
113.906
114.129
111.877
112.215
112.545
113.008
112.617
111.593
113.499
114.629
114.782
116.428
115.356
115.803
115.479
115.538
114.6
115.41
117.017
116.326
117.5
117.58
117.833
119.307
115.713
115.817
114.209
114.017
114.105
114.519
113.493
113.399
113.359
113.038
109.91
109.385
109.46
110.004
110.221
109.379
108.602
106.895
107.232
106.592
106.562
106.936
106.407
106.264
105.725
104.84
105.485
104.273
103.288
101.91
101.058
101.96
100.774
99.6675
101.4
102.99
102.724
103.459
103.36
103.615
102
102.221
102.506
103.237
103.502
104.194
104.152
103.965
104.757
105.128
103.644
106.016
106.949
106.301
106.722
107.929
110.931
112.826
113.601
114.439
113.147
113.916
113.861
112.502
113.997
117.232
116.277
117.139
117.391
116.361
118.125
117.257
117.742
116.176
118.088
117.242
117.657
122.353
120.825
118.679
116.911
118.157
120.652
121.143
121.201
123.289
126.095
126.96
130.298
130.167
130.527
130.242
131.096
132.484
130.867
127.686
127.62
125.742
126.506
127.378
128.454
127.661
125.237
126.322
128.061
127.276
126.955
126.041
125.839
127.492
126.859
128.04
126.612
126.216
128.821
129.647
126.997
127.207
129.083
130.531
132.031
131.024
129.851
130.014
127.661
127.294
127.493
129.331
128.873
126.846
124.674
127.378
130.748
129.312
125.998
122.592
123.111
122.726
122.888
124.522
123.356
121.118
120.703
118.607
118.374
117.819
116.427
116.493
115.723
116.394
114.948
113.96
116.227
116.64
117.773
119.978
120.028
120.322
120.065
117.258
117.079
120.299
122.601
123.417
122.241
123.6
124.54
124.662
128.676
130.062
129.346
130.01
132.398
136.969
136.456
135.864
136.688
136.011
138.288
137.402
133.543
135.728
137.124
134.151
134.098
137.336
137.136
138.622
139.645
142.02
144.481
145.646
148.396
148.966
151.389
148.239
146.004
148.285
149.816
147.556
147.622
148.835
150.743
147.942
149.485
149.796
150.023
149.509
151.427
147.175
150.084
152.689
150.81
151.244
150.93
150.317
148.319
150.269
151.621
149.277
150.244
145.07
140.92
140.948
139.606
142.236
142.333
144.077
141.956
144.106
145.438
143.196
145.703
141.644
143.808
143.397
141.752
145.535
146.591
144.316
141.17
141.466
141.105
143.791
144.785
146.038
147.744
148.29
149.934
149.559
149.967
151.606
150.417
150.903
149.224
149.751
147.223
148.892
148.752
148.235
147.651
148.454
146.878
146.965
147.746
149.196
149.543
147.526
147.719
143.761
140.367
142.447
143.034
143.301
141.392
141.019
140.287
139.204
139.237
137.697
136.794
136.789
138.885
139.894
139.541
141.6
141.216
143.662
143.146
141.142
