98.6257
96.7188
98.0134
96.6733
95.9295
95.991
96.0511
95.7004
96.7985
95.8259
94.1711
93.8511
91.6042
91.0767
90.791
90.4749
89.1668
88.3313
90.9347
92.2705
90.8874
89.9144
91.0765
91.5544
91.996
91.8312
94.4783
95.0842
98.8737
97.6485
97.6086
98.5659
99.1191
101.534
101.391
101.999
101.291
100.842
102.786
101.976
101.865
102.933
102.174
99.5275
101.25
101.008
103.603
104.404
102.703
102.914
103.693
103.06
103.433
104.308
106.022
104.443
104.474
104.231
105.891
106.23
106.142
104.959
107.967
106.41
109.189
108.808
110.45
111.447
112.287
112.842
110.533
110.882
110.421
110.239
112.241
112.58
111.625
108.709
106.404
105.69
104.778
102.234
101.134
99.9122
99.0249
99.2084
97.9391
96.4728
95.2482
96.8899
96.5879
95.1426
96.2558
95.9061
93.8656
94.3207
96.3608
96.5194
98.6006
97.4897
96.5434
96.245
95.913
96.1153
97.9625
100.096
100.658
100.618
102.828
102.903
101.245
100.191
100.025
101.222
102.025
100.722
101.16
100.371
99.1775
98.7603
98.2888
96.6645
94.8258
95.1079
95.3771
94.2622
95.0818
94.1142
94.768
95.5197
95.4194
96.5273
95.6572
95.1049
94.4242
94.5292
95.1194
95.6043
95.7986
95.5821
95.3129
96.727
95.1823
96.5421
97.582
99.8584
99.8742
99.7486
101.32
98.8847
101.083
103.993
103.748
104.45
105.094
103.724
106.118
105.401
105.343
105.598
105.768
103.657
101.866
102.26
102.159
101.237
102.559
102.94
103.253
104.328
104.853
103.165
103.969
105.434
105.965
105.947
104.544
102.921
101.019
101.994
102.523
104.865
105.095
102.089
102.728
103.524
105.437
104.412
105.019
105.207
103.872
103.873
101.841
101.443
101.623
101.478
100.668
99.2271
98.8768
99.2018
101.021
99.9352
99.4287
96.708
95.4098
97.5262
97.4796
97.8534
97.8786
96.4831
95.0786
95.3643
96.2232
95.5441
96.2801
95.0602
94.8425
94.0433
94.3914
92.6303
93.8182
93.7412
93.0721
94.2527
95.2254
94.0508
94.121
92.2509
91.3328
90.4474
91.4278
91.1643
92.263
92.4824
92.0077
92.7324
91.8483
91.9948
92.1341
90.8678
92.3604
93.0539
91.4154
90.1191
89.2432
89.0371
88.5781
88.5449
89.3683
89.7829
90.0658
90.4179
89.6898
88.288
87.4656
87.8903
89.3079
88.2126
90.1537
91.4669
92.55
92.2039
91.1419
90.7695
89.1346
90.0015
91.4257
91.2981
90.0323
89.6908
90.1237
91.0896
92.2067
91.4561
90.8177
91.221
90.4419
92.3242
91.7107
90.7234
91.6568
92.0801
92.0926
91.5512
91.4931
91.7806
91.0767
91.5822
90.517
90.3525
92.0497
88.6804
89.3729
88.6996
90.4596
90.2977
90.2105
91.4147
90.011
91.7765
91.9907
93.219
92.7744
91.8124
91.9857
91.9163
92.8866
90.7948
90.3595
90.4925
88.7342
88.8882
86.8476
88.2681
86.8882
86.7529
87.119
88.5574
90.6188
89.5401
89.05
88.22
90.2243
90.7449
92.0584
93.3988
93.7795
94.5602
96.2261
100.044
99.3758
102.328
102.826
101.03
100.845
100.944
98.7552
97.35
97.3697
98.4421
97.7217
98.7001
97.8497
95.9282
94.3708
96.315
95.5383
96.9295
97.6957
96.951
96.4669
97.5719
95.5358
93.573
91.5827
91.4699
90.6835
90.3616
90.605
90.9902
91.4239
89.3373
89.3061
90.3996
89.2916
89.8639
90.4801
90.5687
90.1536
91.9968
90.1266
89.0942
88.2561
86.3539
84.1437
82.1244
80.8506
79.5154
80.9723
80.8227
79.6589
79.3742
79.1884
77.4246
77.055
76.2948
76.2657
76.6608
77.6816
78.8312
78.798
77.8808
77.8299
77.9946
76.3913
77.531
77.4321
77.2661
77.0969
77.3069
77.8546
78.0253
77.7324
77.0506
76.3798
75.9359
77.405
75.8766
75.0301
76.0847
76.6663
77.8489
77.8942
77.832
77.7223
77.786
79.3215
77.7242
78.0153
77.2621
75.736
76.2811
75.8872
76.532
77.7196
79.503
79.5673
79.4462
79.068
78.8813
78.7857
77.9027
78.3745
78.1099
77.2599
78.7951
79.0427
80.5895
83.1209
82.7991
82.4177
83.5366
83.3813
84.6209
85.2918
83.9068
85.8164
85.9142
86.5946
86.8516
87.3571
87.2717
87.6545
86.6211
86.954
85.0355
84.3339
84.469
85.1852
84.5813
83.4069
83.5943
81.3313
82.0169
82.2227
83.3475
83.9367
82.4457
83.2212
82.1497
81.1004
80.4
79.3469
79.1888
80.2618
78.0187
77.7209
78.154
77.1619
77.3638
77.093
75.1497
73.2309
72.9897
73.0317
73.86
74.4014
76.2181
75.2264
74.2082
74.1097
74.0957
73.2977
73.2076
72.6515
72.5509
73.3427
73.1732
73.2213
71.449
69.965
70.2371
70.1156
69.9931
70.636
72.2527
74.4647
75.7351
76.41
76.3986
75.7457
75.1863
73.5361
76.4125
76.7736
77.4001
75.895
75.356
74.3455
73.9723
75.2501
74.7947
74.3721
73.7558
73.7991
73.9006
72.0835
71.0874
71.8784
71.1861
72.9064
71.9971
70.8638
71.0489
71.105
71.5709
72.0309
73.6317
73.1924
75.5924
76.4031
76.6833
76.8662
77.3982
77.3336
80.6541
80.0579
80.2554
80.7132
80.5015
82.2236
82.0954
84.1311
85.1503
84.8013
86.4606
85.583
85.9535
84.048
84.4438
84.8742
84.5624
83.9697
83.0507
83.2398
83.9525
83.1004
84.1612
84.2988
82.9066
82.9367
83.2424
81.6832
81.2293
81.8997
83.5644
84.0685
82.8002
84.2798
83.175
80.301
79.7977
79.8246
80.1618
81.133
80.8813
79.6855
78.9553
78.8579
79.6197
77.5487
77.0293
76.8614
77.0968
77.9783
78.6422
78.9652
79.0893
80.5239
80.9338
