98.4863
98.6314
97.4439
97.7388
99.7343
99.3211
102.39
101.101
100.576
99.8235
98.2888
99.3759
98.2851
98.5649
97.8035
99.3684
99.4236
99.5586
101.102
99.8882
100.476
99.8463
96.7424
95.7279
94.5566
94.1372
91.2525
91.3384
91.2521
91.9763
90.4447
90.3727
91.1327
89.9303
87.7438
87.7887
88.1471
87.619
87.6825
87.9398
86.7705
85.9701
84.6353
83.58
84.6683
85.3645
84.2332
85.276
86.6739
85.284
86.3869
87.5106
85.5061
85.8443
87.086
87.3403
86.8501
86.252
84.2275
83.708
84.0678
83.375
83.622
85.5834
84.4702
85.8499
86.059
88.3743
89.568
88.6533
88.1489
88.4652
89.3124
90.3256
90.2964
91.6279
92.7879
93.0027
93.3945
92.5633
93.3895
95.299
94.1642
95.1398
94.5336
93.0559
92.9694
93.1367
92.4171
94.0417
93.9041
92.9089
93.8347
93.8051
91.4037
89.7307
88.4725
87.8923
87.2956
87.9044
88.4906
88.9483
89.299
88.8329
86.8391
86.6159
89.5646
89.3164
90.053
91.5766
93.3941
93.957
93.3123
92.2547
92.7102
93.0162
91.1945
92.5174
92.9288
92.5235
93.2701
92.3407
91.9347
92.8057
93.1561
93.9918
92.4967
91.9791
92.8767
92.5427
91.5574
92.5786
91.8082
91.251
92.0452
91.7538
91.8362
91.4317
91.2973
88.5811
88.7849
89.5954
88.2371
87.791
89.6686
88.6956
88.4463
87.5538
88.9846
90.9741
91.1411
91.8191
93.1343
94.2214
92.8286
93.2033
93.2786
93.3683
91.7841
92.1431
92.5408
90.3313
88.2395
88.5937
87.8808
86.9482
86.8777
87.1815
86.6069
86.6618
86.3386
85.9315
84.3334
84.2192
84.1661
83.1281
83.3175
82.438
81.9331
82.8308
83.244
83.1005
81.1831
82.4371
83.8854
83.6227
83.6952
82.8873
84.552
83.1525
84.3863
84.8996
84.5657
85.5332
86.5255
85.5239
83.6703
82.4455
80.9434
81.2768
80.3653
80.6972
80.3487
80.8316
79.4093
79.4875
79.8874
79.4099
79.7272
79.1281
77.617
77.7047
78.1541
79.3449
78.4235
78.1901
79.2196
80.4222
80.5333
79.6811
78.7287
78.122
78.0402
77.7476
78.0695
78.718
80.1416
81.1898
80.1595
79.7872
79.2913
79.8527
80.3917
81.6333
81.1553
80.2787
80.0261
79.1977
80.217
81.5577
79.5178
78.3449
77.4431
76.5528
78.5504
78.0583
78.7414
78.6212
78.9498
79.1214
80.266
81.8969
82.8698
83.0415
80.3346
80.1721
79.8909
79.5241
78.1237
78.063
78.9067
79.4075
77.2986
79.2131
77.5014
78.8508
77.7751
79.2423
79.1906
79.8587
77.7529
78.5949
77.407
76.834
76.934
77.7433
77.6724
79.6647
80.5218
78.287
78.6879
78.5537
78.8461
78.7901
76.4699
77.9527
76.9698
77.1552
77.7204
75.4446
75.9263
77.7795
78.4078
77.8246
76.8315
76.5301
74.1951
75.9918
77.4321
77.0137
75.7887
76.8023
75.0647
74.3413
74.9586
76.0733
76.004
76.1757
76.8053
77.2285
76.8704
77.4499
77.3592
76.7713
76.7154
77.7142
78.1589
77.3834
77.357
76.1749
77.3106
76.8524
77.3908
76.3493
76.0247
74.4789
74.9543
74.4599
73.3126
71.8549
71.7678
71.949
70.4864
71.0621
70.1471
70.0279
69.4198
70.1351
71.6471
71.7335
72.2568
72.3715
71.9924
73.1996
73.7771
73.4919
73.4245
71.7746
70.1493
69.2694
67.5961
66.8725
67.3057
68.2468
67.7952
66.9619
67.0188
67.2039
68.9644
68.4512
67.9984
67.8798
69.3062
69.3257
69.9163
68.4564
67.7435
68.05
65.8993
66.5326
66.7222
66.9896
66.7357
66.4776
66.5202
64.8864
64.7541
64.8263
64.5842
64.7781
64.7084
65.3177
65.967
65.9531
66.0614
65.643
66.1218
67.848
66.8874
69.1364
69.1238
69.5931
68.2348
68.0169
67.4352
68.3663
68.0632
67.3978
67.7256
65.7355
66.1539
66.2522
64.7013
64.4505
65.502
65.7754
64.3625
63.6001
64.5633
65.3264
63.6096
63.3592
63.0319
62.7707
63.9907
62.2843
61.3144
60.4968
59.2703
60.2563
59.357
58.4442
57.7691
58.1054
58.7733
59.2383
59.9422
59.309
58.5973
58.8587
60.5554
60.4402
60.8096
60.2236
60.4894
60.4186
60.1709
59.6655
60.0897
58.8326
57.9231
57.167
57.7703
58.5166
58.4577
57.5683
58.7328
58.8512
58.8457
58.7732
60.0824
60.2708
59.4166
59.7698
59.7158
61.4085
61.9334
61.9294
62.5515
62.2698
61.7431
61.0317
60.092
59.9432
59.2532
60.3351
60.1217
59.4175
59.574
59.0176
58.47
57.4383
56.6124
56.1874
56.5481
56.6607
56.4143
55.8414
57.0157
56.2043
57.4968
57.4155
56.934
56.3518
56.0885
56.9723
56.3145
56.7056
57.0539
56.4548
56.478
55.8859
56.0959
54.9076
54.0731
53.7351
53.1547
51.9946
51.3839
51.9616
52.4215
52.8591
53.3264
53.5655
53.6097
55.0709
54.2917
54.6342
55.2267
55.1455
54.9192
54.3947
54.924
55.1589
54.9861
53.6336
53.5354
53.737
53.847
54.9212
55.0987
54.8236
55.0576
54.3073
53.799
54.3698
53.7288
53.8986
54.5717
55.3167
55.2132
55.2693
54.9745
55.191
54.833
54.7382
54.7045
54.3889
54.4476
54.4783
53.3661
53.3278
52.6072
52.433
53.438
54.0831
54.3314
53.7441
53.554
53.5786
53.4675
53.2757
52.9822
51.8316
52.1296
52.2028
52.0891
52.0384
52.6227
52.8011
53.1281
53.1935
53.1632
53.0304
52.1111
51.1503
50.9565
51.8252
53.1076
52.2074
51.4822
50.0144
50.3369
50.883
51.0483
51.5195
51.2277
51.0719
51.1058
51.8459
51.1532
51.8373
52.4843
52.3087
52.2832
52.1596
50.9829
51.9948
51.7109
51.9269
52.2138
51.6278
51.2117
51.3387
50.3601
50.4315
50.2939
50.5201
50.6187
49.2883
