99.5232
98.3899
98.6749
98.452
95.5261
93.6688
94.7565
92.4761
91.4571
90.6598
91.7676
92.2679
92.5653
91.2186
90.2421
90.957
91.3556
91.5415
92.1551
93.9109
91.5848
92.2365
91.1752
90.9436
91.5078
91.0552
90.198
89.3511
90.5594
90.3941
88.5281
88.8709
90.5533
89.4242
89.365
88.5516
89.1391
89.9016
89.567
87.6884
88.2227
88.754
88.2324
87.098
86.2156
85.7999
86.6261
85.4623
86.3723
84.6939
82.5086
83.0023
82.9814
82.1269
84.6426
85.527
85.9759
86.7032
88.1515
88.4093
88.0148
85.9485
87.0995
87.557
86.6538
86.501
87.5728
86.4545
87.8175
87.6362
88.0018
90.1871
88.5473
87.3396
87.5817
85.6684
85.6039
87.5214
89.0374
86.5718
87.2235
87.5819
89.5118
91.1857
91.8623
92.2023
90.8945
93.2114
91.944
94.0191
95.2724
95.6997
96.2074
97.7585
96.9927
97.8624
98.9728
99.2235
97.8071
97.3864
98.2372
98.41
99.4142
101.336
100.284
100.009
99.2624
99.9772
99.5515
100.134
100.348
103.242
102.231
104.394
102.827
101.753
101.002
100.756
99.3947
102.359
104.266
105.486
105.899
105.732
107.372
108.835
111.497
108.769
109.079
108.398
107.751
109.259
109.309
106.247
104.972
105.641
105.028
106.874
107.375
108.279
106.341
106.462
108.61
108.251
105.779
104.703
103.474
102.472
101.385
99.649
99.3049
101.631
100.229
100.2
100.515
100.645
100.714
101.345
101.56
102.663
103.728
106.023
105.329
105.604
105.656
108.074
110.926
108.437
108.801
107.231
108.792
110.587
108.913
108.613
108.93
106.679
107.009
107.77
107.232
107.979
109.145
110.004
108.626
108.338
108.721
110.235
109.917
107.018
106.467
107.557
106.924
108.034
108.172
107.915
108.71
108.588
108.875
110.425
109.122
109.149
107.352
109.216
109.69
108.864
108.017
109.604
108.707
109.832
109.824
110.927
111.469
109.167
106.517
105.596
104.172
104.94
106.203
108.32
107.797
109.627
109.105
110.007
112.737
111.813
112.072
111.8
110.897
109.545
109.373
109.483
108.142
109.089
110.096
108.547
107.062
106.414
105.365
106.798
107.807
108.082
106.523
105.712
104.458
104.979
104.117
104.759
103.715
104.509
104.348
104.115
105.16
105.213
107.253
106.967
105.556
105.427
104.689
105.005
103.315
102.527
103.58
103.714
104.185
102.258
99.6888
98.417
98.0938
99.0796
98.2641
97.6767
95.0875
96.2646
96.0307
93.8305
93.796
92.903
94.6707
93.4059
91.6977
91.3101
92.2152
94.3276
93.2675
94.4663
94.6945
96.4074
95.4231
95.3253
94.2742
93.7573
92.24
91.9703
91.3395
92.4508
92.4052
92.2348
93.1234
94.257
94.1586
95.9791
95.4269
96.4719
98.4227
96.5704
97.7945
97.4347
98.5575
100.444
102.37
99.943
103.726
102.765
101.331
99.8098
100.714
101.394
103.027
103.074
101.309
102.543
103.99
103.543
101.158
100.835
99.7196
100.657
100.039
101.672
101.209
101.282
103.42
105.882
103.104
104.794
104.386
104.911
102.629
102.769
104.354
104.292
104.638
104.268
103.641
102.95
101.849
100.223
100.49
99.5008
98.263
97.444
95.2123
92.6007
89.7454
88.9114
89.3601
88.8659
87.4862
87.6924
87.7588
88.563
89.0466
88.5106
87.6534
85.6044
86.4135
87.885
85.954
85.5258
84.4859
85.1588
85.4359
84.6375
83.8638
83.2954
83.5281
84.1886
87.0393
86.6752
87.2935
87.354
88.2225
86.9169
86.9602
87.4825
85.563
83.7232
83.308
82.8851
83.9469
83.1849
83.4323
84.6467
84.1972
84.4433
82.4008
80.7457
81.2132
81.8426
80.5715
80.4555
80.487
81.9862
82.3181
80.6524
80.7751
80.3623
80.8042
82.2092
80.849
80.8877
80.9955
81.887
80.6025
83.1869
82.7122
83.7448
83.6845
83.1351
83.6756
83.0676
82.6045
82.23
82.341
83.7227
85.4169
84.0398
83.7858
83.0379
82.6225
82.281
81.9128
81.6961
82.9687
83.5889
84.4819
86.6872
87.676
88.0832
90.2293
89.6227
88.1674
88.8658
89.8043
90.6521
91.0907
87.691
87.6356
89.355
88.7545
88.7257
86.8187
86.5618
87.2285
87.6918
87.0899
86.5088
85.5623
86.8871
86.4186
86.5305
86.3298
86.7143
85.7408
84.3303
84.5303
84.2595
83.9939
85.1392
84.5562
83.0692
84.1697
84.4855
83.4111
83.5854
82.4083
83.92
82.1599
80.6677
80.8406
81.5664
81.1929
82.4373
82.9048
82.738
80.7352
80.8239
81.9497
82.465
84.45
85.4754
85.7197
86.0098
86.3912
85.9275
84.7382
85.664
84.9778
83.4759
82.6205
82.2232
81.4474
81.7277
80.8838
78.4977
77.9074
76.164
77.0769
75.0346
76.62
74.908
73.765
72.8249
72.3764
74.2883
73.8133
73.988
74.5364
74.8023
75.0268
75.853
76.6968
79.2181
79.7892
80.137
79.4477
79.3786
80.8592
80.0389
79.5743
78.0803
76.86
77.2425
77.3952
76.4338
74.8954
75.9366
77.242
78.2986
78.9469
76.7609
76.8617
77.1884
77.1608
75.8297
77.137
77.0742
77.7831
76.5158
77.0205
77.1506
78.65
80.1451
79.3141
79.925
79.895
80.4187
80.6924
81.1429
82.6472
83.7534
83.1608
83.1039
81.7604
80.5201
80.9132
81.3694
81.08
81.0484
80.696
80.4757
79.8624
80.5941
80.9941
80.9749
80.1659
80.5968
79.2767
80.1669
81.6312
80.6496
80.4073
79.2603
79.7765
79.1945
80.0834
78.9295
79.4694
77.3945
76.8088
75.8156
76.5495
75.901
77.7997
77.6016
77.3478
77.6699
78.8757
79.7728
79.841
80.7046
