100.506
101.02
100.409
100.783
98.5119
98.3902
100.184
101.38
101.618
101.95
103.1
105.294
106.446
104.839
104.359
103.789
102.841
104.069
105.913
105.877
106.991
107.27
108.228
108.669
108.49
106.189
106.109
106.51
106.455
107.115
106.902
108.044
107.887
106.647
106.733
105.527
106.579
107.892
106.86
107.384
109.695
107.795
107.226
106.627
106.862
105.33
106.772
105.985
108.48
109.832
110.262
109.15
108.471
107.744
105.612
106.818
105.026
105.478
104.853
106.306
108.107
108.522
107.102
107.011
108.583
108.445
109.946
110.597
109.337
110.111
109.277
110.193
112.997
114.839
113.122
114.124
115.501
116.405
117.208
116.151
113.224
113.243
113.655
114.11
115.502
115.104
117.043
116.512
116.931
116.695
118.373
118.371
119.856
122.203
123.165
125.462
124.434
124.211
125.999
125.537
126.509
126.258
128.195
128.423
132.04
133.49
133.784
132.859
132.268
131.109
135.117
135.491
131.652
130.213
130.528
130.723
129.612
129.486
130.743
131.122
130.203
131.287
129.219
131.163
134.096
135.453
136.03
134.399
132.059
133.052
134.943
135.055
135.043
134.239
135.884
135.275
135.542
134.237
136.035
135.493
136.588
137.533
139.18
140.472
141.858
143.804
145.038
141.173
142.593
143.669
142.555
142.803
140.847
140.849
141.071
138.069
138.773
138.281
141.832
141.697
142.288
138.994
136.708
140.908
138.922
139.625
141.313
141.955
140.73
141.934
140.822
140.199
142.775
142.763
139.749
137.999
137.892
139.125
137.273
135.337
135.87
135.854
135.292
134.603
136.666
134.153
131.84
131.994
130.376
131.332
130.746
130.377
128.754
127.379
125.773
126.105
126.849
127.485
127.924
125.15
126.374
125.05
123.373
121.405
121.866
124.489
124.412
122.388
122.684
121.827
120.704
123.095
123.703
123.29
122.747
122.946
123.469
123.579
124.252
124.425
125.267
127.697
128.575
129.918
127.677
128.656
126.854
128.958
126.555
127.659
128.222
127.999
127.238
128.026
128.085
128.378
125.768
125.563
126.231
125.06
121.372
118.254
118.092
118.874
116.811
116.941
120.168
117.961
116.032
117.249
117.671
118.068
117.597
117.002
116.598
115.684
114.636
113.99
113.641
114.102
111.86
113.412
114.296
116.965
116.059
116.016
115.929
117.415
114.914
115.591
115.278
114.625
115.804
114.264
117.153
118.257
122.929
123.413
126.297
126.64
126.656
126.505
127.116
130.682
130.963
128.687
127.42
128.695
130.296
128.879
129.998
131.996
132.198
130.348
128.662
126.888
127.593
127.904
129.462
131.392
126.962
126.078
127.639
127.503
127.586
127.295
126.943
131.129
132.323
133.151
131.209
131.707
129.246
131.97
132.387
133.43
131.815
130.705
130.581
125.927
125.737
124.345
123.535
122.271
116.869
118.703
118.118
117.942
117.746
117.888
116.856
112.89
111.809
111.292
108.84
108.139
107.889
107.848
107.582
106.662
108.664
109.71
107.742
105.999
103.632
102.61
101.5
100.886
102.545
105.674
108.709
107.056
106.014
106.793
103.962
104.228
100.462
101.803
102.487
103.21
103.214
102.444
103.553
104.035
104.076
103.391
102.904
103.481
105.989
106.607
106.307
107.677
106.868
102.947
102.595
102.653
104.086
104.629
104.966
103.649
100.788
101.416
101.291
98.5017
96.4475
98.4559
97.8609
98.9131
98.2859
97.8526
98.9553
100.243
101.452
100.994
102.219
100.998
102.083
103.442
105.878
104.705
104.251
105.331
107.199
104.979
105.966
104.639
106.372
108.138
108.458
109.527
108.97
108.065
108.165
106.184
106.405
109.024
112.064
112.603
114.591
113.919
113.342
113.689
113.749
113.505
113.46
113.786
114.705
114.751
117.859
118.603
119.49
116.34
114.867
117.041
116.26
115.681
116.868
118.886
115.988
117.641
119.149
119.287
118.681
120.177
121.793
120.935
120.62
120.531
117.992
117.01
114.59
113.775
114.52
114.235
114.422
115.484
116.079
116.91
117.399
117.536
116.863
115.891
115.94
116.128
117.224
116.08
119.121
120.453
119.847
120.679
121.482
121.436
118.193
120.456
119.809
121.234
123.094
123.57
122.577
121.622
124.264
122.911
122.753
121.605
121.236
119.788
118.464
119.231
119.09
117.161
115.257
115.456
116.119
115.346
114.601
112.357
113.237
113.025
111.012
112.079
112.418
111.574
113.325
112.819
112.784
112.622
113.674
114.592
112.569
113.107
111.456
113.447
114.808
114.993
116.252
117.746
119.441
117.726
117.478
115.224
116.879
116.075
117.456
116.398
114.223
113.425
110.177
111.715
115.351
112.866
111.803
112.529
114.127
116.736
118.216
118.648
120.173
121.275
118.308
121.012
121.542
121.849
124.266
123.565
121.405
121.218
120.893
120.548
119.41
118.112
118.961
120.605
120.832
122.027
123.813
122.829
123.106
123.408
120.03
123.926
125.789
127.994
125.97
127.387
126.503
123.448
120.264
120.959
121.179
122.544
123.28
124.788
122.036
121.241
118.526
120.505
122.093
125.482
125.296
123.974
124.968
124.229
122.469
122.368
124.251
127.09
126.584
126.844
125.106
124.607
124.404
126.209
125.833
128.074
129.488
131.358
130.023
128.285
128.041
128.915
