98.4568
97.6786
101.508
103.383
102.362
100.271
101.288
102.209
104.755
104.344
103.993
105.458
105.814
105.606
103.502
102.772
104.161
105.726
104.899
107.04
104.508
103.676
104.384
103.84
103.572
103.507
102.284
101.546
101.47
101.529
100.589
101.595
102.32
99.4461
98.5472
97.7769
97.3023
98.4157
96.9668
97.3515
96.6848
95.977
94.7075
95.9128
98.0348
98.0685
100.447
100.705
103.759
105.685
106.517
107.358
106.577
107.299
106.722
107.896
108.113
107.972
108.288
108.531
105.661
103.221
103.043
100.887
99.7937
99.248
99.2467
97.7947
96.7026
97.5946
98.2749
98.1125
95.8503
95.3612
95.5875
93.9377
93.3773
92.4897
92.1362
92.7385
93.3988
93.7101
93.2391
91.7299
92.0441
92.6174
91.0797
89.9858
89.9278
89.6739
91.4458
92.6466
92.4852
93.2443
93.242
92.2264
92.8594
91.3672
91.2915
90.655
90.3539
89.947
89.4164
89.2084
88.8091
88.1951
88.1132
87.5794
86.5791
86.2569
87.2657
87.7903
86.9092
86.8849
88.49
88.6782
86.9108
87.2546
88.9777
91.0333
89.0986
88.7631
88.9805
90.1388
91.4496
89.2542
89.517
89.3992
90.7582
91.9538
90.8659
90.3877
90.2558
89.9786
89.397
88.7174
88.6718
89.0343
89.027
89.2014
87.9159
87.9721
88.0108
88.5649
88.4989
88.5885
88.2551
88.0231
87.3432
87.367
87.097
86.7535
86.8823
86.8134
87.3327
88.4367
88.9143
87.6728
86.5605
86.6181
85.8006
87.9212
87.4054
87.9039
88.3544
88.8315
89.324
88.1542
88.9334
88.9454
89.6322
91.0993
91.4503
89.2142
89.3822
88.8686
89.8572
89.1247
92.2434
92.5399
92.8318
92.4511
91.4114
90.4945
90.8782
92.2111
93.2823
94.2467
95.1528
95.0218
93.6836
93.2681
92.6539
93.0465
91.4018
92.4702
90.6254
89.6796
89.2044
89.9542
89.596
88.3441
87.919
86.0806
85.9761
85.1512
85.0261
84.6449
84.7032
85.6887
85.0614
84.2007
84.4875
84.5313
86.8673
86.3424
86.4765
86.5585
86.9339
87.8249
85.6008
86.1089
85.5597
85.0708
84.1948
83.5348
84.739
84.2168
84.0838
85.772
86.0302
84.6801
86.0353
86.0832
86.2004
87.6647
87.1918
89.0092
89.2307
87.3598
89.8828
90.1664
88.9118
89.8523
89.0573
88.1108
89.9211
90.2048
90.0459
91.3263
92.2779
93.008
94.277
94.5522
92.2854
93.2963
93.6191
94.8589
96.5543
95.6547
93.9223
93.4751
94.8029
94.2721
91.9528
92.6114
94.0254
93.7246
94.4894
93.7663
94.9226
94.8332
94.1505
93.2901
93.6457
94.4644
95.1118
92.9982
93.0099
94.5007
94.3816
96.6555
98.8029
98.5893
98.7815
99.0887
99.4834
98.2283
100.169
98.7375
98.0948
97.3397
96.6217
98.6943
99.339
98.1021
100.614
100.611
99.6815
98.6319
100.044
96.9199
97.5483
97.9715
99.2719
98.3141
98.5685
98.4008
98.6561
99.3827
96.3822
99.0241
99.8233
101.098
100.672
100.582
100.445
99.1503
99.6797
98.6335
99.5173
101.645
101.312
101.427
101.167
101.476
99.5576
99.3125
99.9468
100.358
100.645
100.972
101.794
103.107
103.309
102.812
101.778
100.948
100.787
102.296
101.079
100.387
100.954
100.63
100.283
100.841
101.872
103.095
102.612
102.915
103.298
103.418
100.777
100.649
101.127
101.557
101.857
102.27
101.987
101.569
99.0639
98.6293
98.9026
99.2425
97.9751
99.0511
100.081
99.9069
98.446
98.2166
96.7775
97.0266
96.3017
96.8604
95.8839
95.4012
96.5356
95.5869
96.2998
96.4812
98.1871
96.0128
94.114
92.6619
91.6114
90.8098
89.9528
92.5366
93.438
94.191
92.7955
91.2696
89.1951
88.2424
89.4098
90.5209
91.3832
91.1356
93.0536
93.6129
96.1436
95.8579
97.0128
97.2385
97.952
96.9185
96.5038
95.578
98.5043
98.839
96.2722
95.6185
95.5026
94.5717
93.2668
92.5587
93.8657
95.6804
97.5672
98.3886
94.9846
93.843
94.7726
96.818
96.6475
95.3401
95.3713
93.9568
95.127
94.1343
94.7829
93.9794
92.6018
92.0967
93.5099
95.5704
95.0247
92.253
90.5799
92.13
90.6086
91.0164
89.8705
88.9935
88.5985
88.7883
89.7633
90.5631
92.053
90.7563
90.3517
92.4654
91.4179
93.0204
95.2454
95.7411
95.1609
94.4829
95.1122
95.4381
97.5586
96.7876
97.875
97.2418
95.7297
97.2582
97.6399
94.9901
95.1553
95.9536
94.3357
94.6267
94.0524
94.4613
92.6011
92.3065
92.371
92.8457
92.3923
92.9652
91.2732
91.3793
92.7997
92.8198
93.7859
94.2383
92.5625
93.5597
90.7027
91.6528
92.0798
91.461
93.6866
94.0992
95.4625
94.4227
92.9515
94.2865
95.7128
96.333
93.97
91.0621
90.3599
89.4398
89.4219
88.7097
89.939
89.7841
89.0423
87.3661
87.2725
88.684
89.7688
88.3396
87.9353
87.7812
87.2928
88.1262
91.8091
91.4378
90.4257
88.7563
88.4115
89.9236
90.952
91.6981
92.0102
93.1351
94.4489
95.7152
95.3959
93.5375
94.4616
94.1059
94.2601
94.6182
93.7511
91.4401
90.1215
88.5807
89.1564
88.7971
89.1406
89.2497
89.6849
91.0504
91.4391
90.7995
90.1614
87.2574
87.1335
88.1528
89.1801
89.4126
90.0037
89.7019
88.5279
88.6912
87.4956
89.6617
89.973
88.6675
87.8193
88.9582
88.5281
89.6264
92.0709
90.8417
90.0591
89.5087
89.5212
89.7391
88.0413
88.6671
88.5011
87.781
88.8094
88.7674
87.86
86.7502
85.8443
86.4888
87.3038
86.8671
87.2452
87.4641
88.5626
88.1061
88.6056
87.9317
88.0494
87.714
88.7195
86.2616
83.8125
84.7042
84.7347
84.4973
85.5135
85.1843
