99.9489
101.273
101.686
103.766
104.837
102.956
103.362
103.428
102.609
101.156
102.252
102.423
101.817
101.114
98.2901
97.8646
97.2145
97.9552
96.4072
99.0647
98.2813
99.9477
101.067
102.086
101.162
101.519
101.573
101.076
103.139
102.295
100.574
100.602
102.333
103.249
102.046
102.453
104.601
106.628
107.753
108.381
104.964
106.439
108.248
108.638
108.222
110.746
111.584
109.606
107.421
107.595
110.353
109.722
108.084
106.372
109.448
110.933
111.128
111.065
112.27
110.575
109.753
110.695
109.036
109.357
108.557
109.749
111.634
113.153
112.819
112.289
112.23
109.621
110.221
110.805
111.739
113.046
113.033
113.921
115.278
117.202
117.892
117.179
118.772
120.481
119.794
122.715
123.953
125.055
128.748
131.051
131.079
132.553
130.288
130.582
130.102
128.135
129.031
125.311
123.962
121.155
121.251
122.062
122.366
119.77
120.084
119.246
118.513
119.661
119.943
120.151
120.142
119.805
120.779
119.229
119.414
116.152
113.14
111.945
111.077
110.193
110.718
110.022
110.309
110.18
110.489
109.942
108.539
106.391
105.517
106.551
106.653
107.622
108.729
109.256
110.175
109.56
110.797
111.803
111.939
110.549
112.119
111.887
111.996
110.404
112.011
111.98
114.283
115.365
117.4
115.406
114.739
114.014
114.457
115.056
115.709
114.971
115.633
115.622
115.069
116.013
116.333
116.345
117.386
116.882
116.974
117.753
116.805
119.466
116.804
116.941
114.135
115.327
115.372
113.57
115.775
116.015
116.998
119.939
120.975
117.137
115.884
116.694
118.399
117.32
121.684
119.463
120.346
122.84
123.949
122.226
120.802
121.444
121.28
121.058
119.3
117.725
119.703
118.683
116.504
116.004
115.053
116.802
114.242
114.816
113.615
112.902
113.184
112.204
113.861
114.56
114.203
112.638
111.622
113.66
112.565
113.879
113.206
114.618
116.329
117.581
117.222
118.34
118.266
115.952
115.851
116.24
114.213
117.024
115.637
113.725
113.026
111.828
111.145
111.515
111.873
112.915
114.89
115.073
113.453
115.118
113.452
114.439
113.221
112.051
113.417
111.509
110.445
108.535
107.091
106.998
109.295
109.526
111.002
109.716
108.072
107.667
109.081
110.841
112.399
112.55
114.352
113.931
113.994
113.769
116.141
114.766
114.011
114.063
113.376
111.902
110.81
112.128
111.982
112.85
113.778
111.832
111.165
111.754
111.309
111.412
111.044
111.481
112.654
112.012
111.434
112.472
114.82
113.911
113.9
112.875
112.001
113.196
112.461
112.558
113.726
114.431
116.66
114.254
113.393
113.615
112.782
114.007
114.243
114.673
112.717
111.579
111.852
111.448
111.576
111.552
111.159
112.069
112.738
113.65
111.748
111.465
110.286
109.964
112.302
111.373
109.041
110.952
108.053
106.425
106.434
106.68
105.083
105.091
105.391
105.406
102.662
103.145
103.583
104.461
105.73
106.282
108.521
108.04
106.48
106.903
108.053
109.007
109.83
112.835
112.355
111.241
111.71
109.82
112.496
112.035
111.563
111.56
111.387
109.694
107.923
109.455
107.707
109.794
109.099
107.009
107.09
105.527
105.456
105.418
106.295
108.698
107.522
105.851
106.205
106.779
108.425
107.694
106.598
106.258
106.239
106.527
107.406
106.867
106.023
107.261
107.743
107.926
109.444
106.863
105.493
106.024
107.526
107.012
107.561
105.702
105.471
106.504
106.577
105.628
106.562
105.733
105.264
107.333
108.959
111.957
113.6
113.203
113.319
113.719
114.025
113.614
113.425
112.47
114.295
113.738
114.724
113.343
109.698
109.489
111.44
111.737
109.58
110.357
109.023
108.979
110.994
111.261
111.888
110.275
107.802
107.372
107.628
107.927
109.101
106.571
106.462
107.196
109.507
106.719
105.822
108.722
110.328
110.476
109.677
109.234
108.907
109.736
107.598
108.751
109.178
109.916
111.723
108.886
111.907
111.059
113.861
112.626
114.835
115.958
117.877
119.074
119.661
119.016
118.584
118.92
117.898
118.268
116.312
118.407
119.908
118.686
118.416
116.895
118.458
117.582
121.108
119.109
119.979
120.009
120.683
119.715
120.388
118.744
118.545
119.924
122.833
122.181
123.537
121.278
123.127
123.566
124.867
125.743
127.469
124.971
125.68
126.154
124.557
125.795
127.373
125.237
124.358
125.085
126.183
126.628
126.663
124.896
124.21
123.002
122.833
123.857
122.223
122.668
124.207
122.46
123.259
119.592
119.353
121.286
120.72
122.94
122.62
122.269
123.556
122.085
122.427
124.473
124.192
125.692
127.092
125.936
124.005
124.502
124.359
123.673
123.689
124.527
124.916
123.955
125.808
124.409
121.938
120.555
119.324
120.241
121.904
121.534
121.774
122.58
124.109
124.68
124.319
127.745
127.857
127.475
127.115
125.953
127.331
128.743
126.288
127.506
127.089
126.626
124.215
125.27
125.639
125.01
125.859
123.826
121.795
121.273
123.164
122.537
124.32
124.888
124.32
123.481
120.542
120.955
120.619
119.814
118.437
120.343
121.046
121.985
118.963
118.829
119.623
121.201
116.784
117.322
115.774
116.654
120.236
121.127
118.568
118.436
120.077
119.149
119.224
118.808
118.652
118.898
117.592
115.698
