96.8161
95.8142
94.4025
93.7634
92.4136
94.2497
95.27
96.6958
97.0378
96.3088
96.3998
95.5107
95.0532
94.2497
95.676
96.3473
96.3559
94.9018
95.0765
94.9163
95.2701
94.3888
93.7553
94.9234
93.7161
93.5394
93.093
92.0919
93.4203
92.0268
89.9766
89.6689
89.5181
89.9647
89.7114
89.0512
90.2161
88.4449
89.989
90.5609
88.1213
89.9139
89.3012
87.9861
86.8447
86.674
87.3147
87.9499
88.2696
89.5241
88.8495
88.6463
89.1282
88.0135
88.4684
87.489
86.343
87.863
86.7934
86.4076
87.0511
85.8618
85.4951
87.7548
87.7296
87.6771
86.7294
85.4254
85.568
85.236
86.5495
85.132
84.9317
84.7727
85.414
84.9394
84.0544
86.0256
85.6607
86.1141
86.6846
87.8142
86.6471
87.0984
87.7264
87.125
87.4364
89.2464
88.0526
88.751
90.2267
89.7434
91.4233
90.3949
89.308
88.3553
86.4322
86.2751
86.8174
87.7026
86.6026
86.931
87.0717
87.4442
88.9528
90.4936
91.9296
92.0921
92.3199
91.6037
91.0222
90.9411
91.8804
90.2045
91.2089
88.906
89.1121
89.5025
89.0385
88.6619
88.9451
87.9509
89.3936
88.2868
89.7228
89.7161
89.8633
90.3864
90.0471
89.4443
88.2438
89.047
89.1602
88.2021
87.835
89.6905
88.7161
89.6141
88.908
89.4479
88.1447
88.8435
91.6878
90.4225
89.0961
89.4376
86.9225
87.2284
87.1106
87.9145
88.1879
90.6591
90.6072
91.1531
91.5724
93.0459
94.9789
92.8389
93.1604
92.6487
92.3981
94.4365
95.206
94.4127
95.7647
96.3808
96.6298
98.1805
97.657
96.8178
96.2478
95.575
94.7116
93.8521
94.1916
96.7225
92.3602
94.4098
93.7706
93.5284
91.1526
91.9443
94.406
94.0532
92.7429
94.6219
92.1148
90.5759
94.283
95.2976
93.562
93.6519
91.8753
90.2272
88.906
89.3703
87.9908
88.2997
88.424
89.6606
88.6566
88.3854
88.0394
86.9269
89.169
88.3812
88.4148
86.3807
86.6005
84.5425
83.2684
81.5185
81.3157
80.1222
80.1412
78.9849
79.1066
80.1088
79.6923
80.6891
81.8287
82.6553
82.3083
82.842
82.2517
82.3748
82.2373
80.9824
80.0672
81.0395
80.7346
80.961
81.3789
82.1303
80.9748
78.6149
78.8761
80.0646
78.5278
76.7021
76.6223
76.4772
75.4858
75.1757
77.7757
79.1018
79.8962
80.9569
81.2116
82.3145
82.2556
83.3623
85.3092
83.4849
83.8818
85.8467
86.2641
86.6792
85.8005
84.5324
84.1974
86.0082
86.2122
87.5763
86.0335
86.2052
86.1071
86.6657
85.2938
85.9561
84.7233
83.3787
82.3856
80.644
82.1432
83.0158
82.2141
82.6831
80.8993
80.784
81.5831
79.6704
79.7846
80.0453
80.3925
82.0231
82.1259
81.6926
81.9643
83.1212
80.9437
82.0583
82.9904
83.3229
84.3337
85.1365
84.2287
83.6978
83.0745
82.3425
80.6254
80.7556
80.987
82.0612
84.1219
83.9793
83.1808
84.526
86.2909
86.9746
86.5032
86.8552
86.589
88.2775
87.2416
88.7575
87.3831
87.1095
88.1401
87.6775
87.8444
86.2447
86.397
85.9433
87.5843
88.1125
89.8803
92.7774
90.2289
90.8608
90.1981
90.9551
89.0754
87.4518
87.3434
86.8369
87.9201
88.4638
89.4036
87.2026
85.3949
82.8812
82.9054
82.6751
80.5971
80.0357
79.5693
81.1685
81.1043
81.1187
79.7222
79.9524
80.9778
79.2673
79.5802
78.9668
79.4661
78.7801
78.4995
77.0567
77.0278
77.5262
77.5958
78.2629
77.3577
75.6597
76.4623
77.1422
76.458
77.9901
76.7652
77.7917
78.2977
78.1887
77.8821
77.5215
78.8063
79.3067
78.4707
79.8404
79.1786
80.6395
79.7883
79.1049
79.2006
79.2287
79.7357
78.3526
78.2981
78.4401
77.1611
77.5501
77.0357
76.6235
76.1082
76.5026
77.0438
78.8405
79.2916
79.7456
80.434
79.8641
79.6186
80.3554
80.0412
79.364
80.3313
79.3179
80.2348
79.1802
78.4396
79.3612
79.7259
79.6004
79.4259
78.5704
78.6062
78.4922
78.8059
79.7554
80.1392
80.9702
82.5807
82.5039
82.7143
84.5778
84.5381
85.5076
83.7652
83.209
83.0717
84.2238
85.2101
84.6155
85.0594
85.7076
85.6876
84.6469
84.8086
85.2601
83.8109
84.1092
85.9425
85.6313
85.1638
84.4166
84.7435
83.429
83.2646
81.7299
81.518
79.9417
80.9409
80.8845
81.4448
80.7667
82.7853
81.9389
81.5085
79.8266
79.8565
80.2375
79.0158
79.7884
79.6356
80.5341
80.1029
78.8081
79.0024
79.6235
79.2299
80.4129
82.0849
81.5658
80.3723
78.1143
77.9676
78.7226
77.7312
77.9983
78.5397
77.3835
78.6167
77.4745
78.6626
78.4114
77.4909
76.7159
77.6545
79.3158
80.6764
78.5148
79.0731
80.2324
81.2944
79.994
79.417
80.1267
79.6095
78.8213
81.4963
82.3926
80.7819
81.1758
80.5433
81.7201
81.7564
81.5347
80.8345
82.0324
82.3867
81.5912
82.1473
82.6878
81.9737
81.8055
83.9788
82.1585
81.4236
80.0183
79.0014
77.9785
77.0433
77.3367
75.9133
75.5006
74.1467
75.9704
76.7507
75.7998
76.2984
75.2091
76.074
76.5957
75.8197
76.4378
77.5011
77.0889
77.8189
76.4135
77.1169
76.7366
76.7244
78.7526
78.1774
78.3073
77.8121
79.2071
80.3582
81.2277
80.9775
82.9336
81.7821
81.9488
82.063
83.1569
84.3265
86.1125
84.3778
82.0927
82.0909
81.3312
81.5253
80.5177
81.6899
81.2196
82.8229
81.6767
83.4257
83.3546
83.2673
83.213
83.8189
82.9582
82.2601
82.603
83.6487
85.1331
84.0289
82.5521
83.01
84.6615
83.6806
83.9486
83.3999
83.6896
81.6557
81.7258
80.8972
80.2948
80.6866
78.4253
79.9691
78.7929
80.43
81.9391
83.4418
84.3421
83.5795
83.316
