101.068
101.474
101.269
101.007
103.204
103.24
102.532
100.866
100.625
98.5261
95.7052
95.0325
95.3703
93.4363
92.0713
93.0532
92.1125
92.3348
93.8589
94.9509
93.1223
92.7532
94.0346
92.6171
92.2581
92.2824
91.4739
92.5656
93.178
93.3294
91.339
90.2005
91.2828
90.8134
90.8603
90.6755
91.1392
91.0005
92.0124
91.9585
90.5782
91.371
89.5261
90.3099
90.5208
92.9049
92.3526
91.6944
90.6372
89.0188
89.5899
88.1441
87.2827
87.3579
85.8404
83.7072
84.3482
82.7495
83.5995
83.7516
83.4528
84.6817
86.9324
86.5723
86.7313
85.2563
85.0501
87.1186
87.7102
87.7389
87.3329
87.1929
85.9764
84.2934
84.8314
84.9192
84.4636
84.6904
84.6314
83.5342
83.3527
83.1665
84.5307
86.71
84.4665
82.2437
82.5376
82.4982
82.8422
84.3487
84.6634
84.5782
84.7575
82.6484
83.0576
82.7744
82.0321
80.3445
79.1091
77.423
77.7165
77.8701
79.4376
79.4353
79.2478
80.6997
79.9982
79.7876
79.2226
79.8304
80.4549
78.469
76.8594
76.5532
76.9649
77.153
76.4937
75.803
73.5136
71.6428
70.3822
71.2789
70.6181
70.9235
69.8841
68.7026
69.519
71.5276
72.2121
71.5053
71.8881
72.5842
73.2958
73.1896
72.7311
72.3943
71.7623
71.8709
73.1637
73.0745
72.1688
73.1194
72.5222
71.551
71.3544
71.5179
72.1915
72.3884
73.4558
74.4888
75.2786
76.0086
77.0177
76.2756
77.0014
77.8034
77.6475
76.4186
77.725
77.1354
77.1139
78.8644
79.1161
78.7656
79.767
79.3757
78.3155
78.2925
79.4743
80.3197
80.1306
78.6612
78.4244
78.4919
79.5461
80.4524
79.4646
80.7686
81.2436
79.9144
79.9607
80.5142
81.0381
78.7804
77.5047
77.8068
76.2098
76.4179
76.2219
74.335
74.5548
75.3928
74.2742
74.7994
74.6967
74.125
74.3315
74.2125
73.9337
73.914
74.4908
74.6378
74.5033
74.0138
73.816
73.005
74.9105
73.9723
74.8159
76.3625
76.6553
78.7399
81.1197
79.9735
79.8476
78.1209
78.5389
76.9055
76.1106
76.5044
77.1388
76.6859
76.8304
77.7347
76.6937
76.8257
78.0867
76.3203
77.8127
76.7161
76.5022
74.7806
74.5028
72.6308
73.1006
72.952
72.7009
72.7057
71.2081
69.9832
70.2599
71.3378
73.6889
74.4775
72.7789
72.2547
73.6134
72.6693
73.4165
72.9937
72.9962
72.2366
73.5481
72.5529
74.2511
74.3975
75.9992
74.582
75.9811
75.8634
76.4819
78.1296
75.8692
75.2846
74.9899
73.7908
74.9139
75.8684
76.4882
77.861
78.8621
79.1619
80.1804
80.9861
81.2674
81.0965
79.9468
79.9197
78.5893
78.0555
76.8679
76.9448
78.0093
79.8881
79.3189
78.4857
78.2896
77.139
76.7395
76.3307
76.3939
76.9679
76.8405
77.221
80.3678
79.6025
80.0562
80.3521
80.5495
82.2972
81.9808
81.2584
80.3901
80.6544
80.8641
79.5797
79.2875
80.3985
80.8038
80.1742
80.1108
80.7092
80.3725
80.2277
80.4549
80.0464
80.2753
78.8567
78.6467
79.0343
79.1362
79.8813
78.4632
78.6256
76.2449
77.4979
78.1624
77.4608
77.764
77.5432
77.9374
78.1362
78.9496
78.6355
78.6059
78.6483
77.2931
76.8608
77.4065
75.4088
74.7296
74.7609
75.3834
75.0791
72.6983
72.9984
71.9998
73.0679
74.3165
74.7987
75.7263
74.546
74.3348
73.7583
74.5032
74.1511
74.461
75.5649
76.8958
78.3136
77.7612
77.6788
77.6137
76.1553
77.2981
76.5817
77.2337
77.5311
77.1293
77.9504
78.2206
77.5944
76.3432
75.7327
74.6392
74.0486
75.3049
75.8711
76.1858
75.4446
74.4091
76.9089
76.6697
76.1083
74.8914
75.6972
74.5232
73.6335
75.4704
75.3933
75.0575
75.6007
76.2136
76.9406
75.6746
75.514
75.3017
73.8514
73.2156
72.1616
71.7572
70.6197
69.9301
70.5447
69.7816
70.1935
70.2334
69.1412
69.1416
69.0859
69.9708
69.9692
70.4784
70.6077
69.1398
68.9433
67.2272
67.4808
66.8123
68.0892
66.7055
66.6267
66.0776
65.4145
63.9609
62.6358
61.7085
61.5215
62.7107
62.113
61.5203
61.0032
60.7615
61.2031
62.1689
61.3634
61.2448
61.3311
61.0629
61.5284
62.1511
61.8734
60.8782
60.629
60.9443
61.2995
62.2853
61.9918
61.9756
60.5785
62.5357
62.4667
63.7023
63.3259
62.8804
62.0452
62.6543
61.9481
63.6313
63.9324
64.3109
65.7718
65.7269
67.1178
66.872
67.2071
68.1955
69.4453
68.3067
68.4086
67.0704
66.9205
66.6987
64.9099
64.4571
66.9472
67.9753
66.4964
68.1862
69.2128
68.6801
69.0801
68.0928
67.5877
68.5855
68.3474
67.3829
67.0903
66.6333
67.0094
66.138
66.7052
66.6438
66.0473
65.0427
66.0839
65.6219
66.5105
65.7431
65.6978
65.2017
65.0305
64.5763
64.5909
63.8933
64.5193
65.2796
64.0866
63.401
62.423
61.9045
62.3185
62.5334
62.7415
61.9383
61.8566
62.3464
62.1891
61.8888
60.9624
60.5389
59.2752
58.8775
57.5776
58.1031
58.8306
59.4968
59.3486
59.9658
58.8678
57.848
57.8148
57.023
58.016
57.2769
57.8121
58.5422
57.3909
58.3352
58.5723
58.0776
58.4123
59.6287
59.9241
60.0337
60.4952
60.5364
61.0112
61.238
61.1111
61.4362
59.8215
59.7818
60.2398
59.8699
58.7057
59.2767
58.6516
58.1859
58.0111
57.8918
57.3792
56.9135
56.8891
57.4339
57.5152
57.0582
57.2035
57.4592
57.015
57.2194
56.767
54.6548
55.6207
55.0136
54.4959
54.3086
53.8874
54.2939
55.2462
54.8377
55.0841
55.2071
55.1446
56.3463
55.1108
54.8054
54.3396
54.0354
53.2544
52.7861
53.4992
53.0566
53.1119
52.8648
52.7335
52.6741
53.3282
53.3322
53.1184
