101.969
102.47
100.482
101.045
100.181
96.8907
96.564
96.7314
96.7593
99.2297
100.647
100.937
103.677
105.372
107.414
107.766
106.036
107.483
106.663
106.088
106.434
107.115
108.424
108.013
110.139
111.381
111.055
112.606
112.629
113.768
112.104
112.59
113.538
112.251
113.115
113.765
113.418
114.148
113.212
111.81
110.914
112.241
112.931
110.598
109.653
107.729
107.34
108.362
108.195
107.164
108.672
106.331
107.758
110.858
110.31
109.522
106.872
107.356
108.214
109.042
107.738
107.278
105.611
106.727
104.603
102.539
103.224
102.162
104.317
104.332
104.703
103.111
104.803
106.073
106.75
104.888
105.19
107.261
109.947
109.521
109.425
109.504
107.748
109.081
106.221
104.302
103.769
103.682
101.029
101.19
100.826
101.486
100.005
99.5127
98.4848
97.2199
96.8578
96.774
97.1559
97.8866
99.1605
96.806
100.019
100.233
99.5967
100.57
98.888
99.5706
101.657
100.825
100.569
100.896
100.562
99.0188
99.8336
98.6342
99.1783
100.247
102.152
101.53
101.938
101.756
100.359
97.1293
97.4423
94.7215
95.3236
96.6425
97.5623
98.4579
99.6778
99.0488
100.85
101.297
100.894
99.8828
100.127
98.0547
99.7254
100.796
99.1078
98.8317
98.5042
97.8906
99.6628
99.2846
98.5863
99.2376
96.5973
94.9043
95.0762
94.3077
95.7315
96.3076
95.1354
94.3074
93.3115
92.7278
92.7408
93.2952
94.5318
94.8488
97.229
95.2297
94.8165
94.9219
96.0137
98.0704
98.6731
98.7887
99.6816
98.8005
98.5405
99.0358
99.2532
98.9983
99.3415
98.3197
98.6737
98.6604
97.5523
98.7204
97.332
97.704
97.6565
97.2759
97.4913
97.7636
96.3907
97.5041
95.9301
97.5765
101.367
103.803
104.018
105.238
107.515
107.68
106.214
105.727
107.127
105.348
103.664
103.471
104.403
103.961
105.765
106.541
105.63
105.522
108.148
107.809
106.577
104.856
103.101
102.853
103.161
100.038
100.294
99.8356
99.872
100.591
100.107
99.6053
100.297
101.067
102.202
103.989
105.315
104.576
102.424
102.311
101.389
101.882
100.812
100.504
101.129
99.5613
98.3153
100.514
102.13
102.791
102.426
100.875
97.9986
100.174
98.5618
98.3931
98.9469
100.582
100.23
98.3082
96.3167
96.643
94.7087
93.4184
94.2129
94.009
94.3658
96.7651
96.2246
95.2173
96.0028
95.0053
95.9518
95.4723
93.359
93.664
94.3128
94.3184
93.6382
94.0208
92.4907
93.2915
91.3369
92.6476
89.9735
88.9174
88.1431
87.4568
87.3417
86.6666
87.0855
87.2067
88.3484
89.2877
87.6606
86.357
85.0972
84.808
83.7568
82.9217
83.9027
85.1831
85.2936
85.0358
87.3814
87.1228
88.5736
89.491
89.8447
89.9466
87.9446
89.5018
89.2809
88.163
88.7346
87.9641
89.8925
90.1878
90.0636
90.3814
89.7311
89.782
88.7308
89.0462
89.9449
89.6441
89.3078
89.9302
90.1553
89.3009
89.8814
91.8145
88.3224
88.7112
88.363
88.868
85.9003
84.5743
85.6003
85.273
86.63
84.7402
86.2958
85.4155
85.129
86.1278
86.1783
86.7067
87.6045
87.6909
88.5229
88.2864
87.8249
88.1152
88.4015
88.1121
87.9006
88.4171
90.0973
88.7259
87.9301
88.9465
88.6622
90.1384
90.8613
90.1564
89.8682
90.5831
91.1272
91.8903
92.9243
93.7283
94.8558
95.2474
95.5948
95.4405
96.9801
97.7864
97.9641
98.1394
98.1667
97.2417
95.7455
97.6808
96.0211
96.1283
96.3126
96.7467
96.6376
94.9041
94.1258
94.0011
95.6652
94.9909
94.8267
94.9707
95.9338
95.6757
93.9422
95.3851
95.7652
95.177
94.589
95.4516
96.0676
96.6225
94.7802
92.518
91.6097
92.6503
93.0918
92.5423
93.9142
94.3109
94.4823
94.6696
97.0526
97.124
95.6839
96.2301
97.8029
97.8205
99.1704
98.7396
97.8033
98.2608
98.3805
98.1741
97.4821
99.6318
99.0329
100.942
100.861
100.473
100.757
100.27
100.273
98.6055
98.2777
100.66
100.084
101.842
98.941
99.1819
100.527
101.59
100.625
98.8822
99.2105
98.6731
99.1121
99.05
100.153
100.634
100.145
99.2407
100.495
99.5618
100.567
100.317
100.282
99.2629
99.922
99.3003
99.0098
99.1443
99.2813
98.9665
98.6939
98.4009
100.086
101.092
100.768
101.414
101.455
101.727
102.795
102.377
101.681
103.496
103.279
102.97
103.234
102.666
102.51
103.276
103.356
103.083
103.203
104.324
104.549
103.755
106.662
107.407
107.737
108.79
110.905
113.238
113.978
115.242
115.051
114.924
114.393
115.967
117.661
116.162
117.011
116.799
117.349
117.703
118.192
120.895
120.266
121.803
118.321
115.514
117.159
116.102
116.442
118.457
117.666
115.641
116.193
117.165
116.805
115.284
115.306
112.442
109.725
112.35
112.962
114.806
115.234
114.411
114.68
112.341
114.426
110.993
110.037
111.196
110.843
111.581
109.26
108.157
107.322
108.248
107.177
107.595
108.112
108.616
109.693
107.703
109.662
110.826
110.293
110.388
109.761
109.292
109.88
109.94
109.61
112.105
112.211
110.362
111.649
112.361
111.489
112.466
113.594
111.617
114.296
114.181
114.035
112.426
110.411
108.596
110.171
111.431
110.6
113.016
113.196
112.894
115.226
116.717
116.409
114.95
115.111
113.89
113.444
114.128
113.895
114.731
113.219
113.214
116.92
116.797
114.615
117.639
119.254
118.827
119.045
117.846
119.954
121.075
123.245
124.02
122.72
123.364
