99.4471
97.5046
98.4083
96.4383
97.4619
98.6901
100.532
98.7427
101.818
101.326
101.178
101.974
101.157
99.6508
100.048
100.448
99.7074
98.3555
100.964
100.825
100.682
100.102
101.966
99.1106
100.281
96.8123
95.3065
97.6598
97.6254
100.252
98.8001
99.2102
98.9898
99.0072
99.3871
99.6209
100.44
100.984
100.028
99.7134
98.5806
98.21
98.261
98.7507
97.0957
100.668
100.029
98.929
97.0429
96.1501
97.3894
96.2434
94.0821
94.9133
95.2252
94.3529
94.6582
96.6165
99.0166
101.819
104.456
106.393
106.769
104.88
106.967
105.891
104.534
105.444
106.318
108.677
111.335
111.524
110.449
110.989
110.029
109.181
110.276
112.155
110.344
110.293
107.684
108.34
109.09
110.806
108.333
107.407
109.661
110.372
110.377
109.221
109.581
109.838
111.068
108.408
108.89
108.561
109.404
107.659
108.854
108.153
108.24
109.595
107.727
110.144
110.855
111.58
111.875
111.568
113.81
114.214
114.764
115.758
113.058
112.355
113.331
115.248
112.502
112.153
112.696
113.191
109.838
107.838
108.412
106.987
105.153
105.497
104.256
106.661
108.127
107.495
107.457
109.069
106.836
106.907
107.455
107.458
104.107
104.211
103.308
103.959
103.103
104.042
104.008
107.739
107.519
107.653
106.887
108.845
107.82
107.714
107.161
108.738
110.304
111.738
112.901
112.362
112.732
114.008
113.515
113.781
114.433
114.925
116.55
116.557
117.446
117.12
116.359
118.094
118.228
117.157
118.683
117.246
116.475
116.516
116.752
116.792
114.77
113.793
112.118
112.866
114.59
115.774
113.627
114.657
115.683
115.552
116.34
117.254
120.097
118.2
118.322
116.197
117.504
117.616
117.762
117.587
118.598
119.031
117.933
115.751
117.177
118.364
119.247
119.014
120.94
121.671
122.108
121.804
122.302
124.815
126.052
125.018
124.607
124.808
121.828
122.194
122.638
123.121
123.606
123.381
126.469
125.624
127.603
127.73
126.868
125.131
124.379
123.511
125.254
124.449
125.204
124.985
125.678
123.022
122.422
122.365
124.717
123.337
122.754
121.64
121.422
124.444
123.918
124.19
123.963
121.91
118.37
119.338
118.112
119.374
119.95
118.106
117.399
115.771
116.256
116.211
116.966
115.724
116.376
117.814
115.632
115.349
111.567
112.893
112.051
114.138
114.402
116.956
116.09
116.459
115.975
117.005
115.735
116.278
115.069
113.127
113.658
113.674
112.807
114.246
114.75
115.416
115.663
116.021
116.974
116.312
117.02
119.383
121.011
118.613
120.053
123.551
123.585
123.812
123.71
121.6
122.659
121.364
120.255
120.073
118.513
117.938
118.987
117.603
117.53
116.738
116.076
117.06
115.521
116.469
119.166
119.072
118.407
115.918
115.698
115.616
112.213
111.809
112.358
112.947
112.917
113.141
114.437
114.343
112.305
112.395
111.723
113.596
112.789
111.625
112.926
114.34
113.648
114.226
116.26
119.132
117.291
119.465
119.744
121.331
120.412
120.454
121.789
124.191
121.473
121.044
121.865
120.119
117.768
118.458
120.395
122.297
121.725
120.766
124.645
127.409
129.819
129.003
128.07
127.65
127.405
127.944
126.527
126.515
126.758
128.104
127.718
129.068
131.606
131.535
127.583
126.167
127.673
129.138
129.165
131.588
131.729
133.167
133.771
134.756
136.876
134.082
134.923
132.767
132.958
134.797
134.251
134.36
133.556
133.26
132.984
133.029
133.6
135.839
134.267
136.772
136.071
137.108
139.039
138.005
138.828
140.602
141.435
144.131
145.127
144.4
143.688
146.639
145.836
145.484
146.512
148.169
145.86
144.474
145.718
145.635
146.46
147.391
148.358
144.33
144.903
146.254
146.085
144.814
141.66
141.759
140.223
137.3
136.87
137.563
137.182
134.976
133.838
131.252
130.407
130.806
131.302
131.837
129.716
127.845
128.479
129.794
131.347
131.702
133.252
135.028
138.008
137.171
139.651
137.774
138.136
138.568
136.775
137.117
139.747
141.044
140.581
140.746
139.816
140.722
143.06
140.469
142.348
141.664
143.702
142.044
142.42
141.667
141.322
142.252
141.625
140.562
138.44
138.952
140.484
138.181
140.864
142.334
142.759
142.622
140.862
138.453
140.546
139.32
140.442
142.384
139.74
139.899
139.375
141.475
142.563
146.787
144.693
143.493
142.453
144.708
145.514
147.326
147.346
145.933
145.369
144.778
146.57
144.233
145.19
144.71
143.779
146.767
146.463
147.248
147.915
149.26
150.369
151.599
150.294
149.555
152.04
152.973
158.928
160.005
157.928
159.954
160.717
161.672
160.917
160.147
160.388
161.74
163.311
165.188
160.708
159.698
160.883
158.54
158.671
158.697
153.695
154.149
154.492
154.444
151.548
152.653
151.463
150.707
149.128
150.972
152.041
150.881
152.224
152.616
153.23
154.853
155.793
155.089
155.872
156.41
157.565
157.632
155.344
154.331
149.873
148.736
149.308
150.65
153.392
150.051
153.344
153.776
155.757
157.551
158.278
159.091
161.315
165.319
163.847
162.326
163.165
163.792
162.584
164.493
161.065
162.918
164.652
161.594
162.153
163.51
162.999
165.473
162.228
162.78
162.84
162.377
161.286
159.587
162.393
160.64
159.923
160.789
158.092
154.64
