97.9786
96.3389
97.7437
97.6811
100.075
99.6631
98.6519
99.3583
96.8417
95.374
94.7294
94.6506
94.0607
96.2316
95.8002
95.0683
95.4639
94.7309
93.9682
93.0658
94.4852
94.9545
95.889
96.1451
95.9962
95.1754
95.3565
92.8477
93.6797
94.4338
93.4082
93.5213
92.7389
91.8772
91.9374
92.2487
89.8377
90.9483
89.6729
91.2225
90.6004
91.5413
91.0629
90.0239
89.6748
88.997
89.0005
90.056
90.4322
90.2385
90.4052
91.9515
92.7974
92.9672
93.172
92.7084
93.8053
93.9881
90.9587
91.2537
90.0441
90.4326
91.5278
91.1604
90.5517
89.0586
87.3358
86.6981
86.0932
87.0423
87.4456
86.2306
87.0546
84.5649
84.2653
85.5249
85.7385
84.1865
84.0529
84.4865
84.9786
83.8945
83.6647
83.3634
82.3702
83.2968
82.3149
80.8824
80.973
79.3848
79.6284
78.6213
80.7825
83.0527
83.8707
85.232
86.3921
86.997
85.9602
85.6812
83.5701
84.1529
82.7506
81.3439
80.7208
79.7149
79.2275
79.5375
79.981
79.4641
80.8642
80.0344
79.9694
80.8169
80.2201
78.8681
79.8109
78.3342
77.6386
78.2707
77.23
77.0836
77.4481
77.3958
77.6461
75.9488
77.8096
79.1887
78.5465
78.7087
78.2907
77.4044
77.552
77.4511
78.3227
78.2598
77.3011
78.148
78.349
79.0654
78.3284
78.528
77.0836
77.6885
76.6884
77.3549
79.2251
78.6802
79.6114
81.2989
82.3372
81.7405
81.4619
82.4472
83.9061
85.7903
84.7204
86.579
86.7013
85.3282
83.9182
82.7998
81.8303
82.5937
82.38
82.0195
79.9239
80.9233
82.1596
83.1327
82.8761
85.6562
85.192
85.7007
85.0218
84.374
83.5697
83.8331
83.9575
84.4154
84.9822
83.0647
81.9085
82.3356
83.2212
84.1132
83.5638
85.0073
85.8882
86.408
83.8151
82.8092
81.2266
82.677
84.5196
83.5184
85.06
84.8195
84.2797
83.3714
82.1794
80.9004
79.0658
78.8721
80.3386
81.2931
81.6215
81.4714
81.4568
81.3944
81.0492
80.6231
80.4131
80.7853
79.4085
79.852
79.4679
79.3496
80.2006
81.2879
81.4159
80.8993
81.6629
80.886
79.8639
78.2097
78.1909
80.0369
79.5743
80.7259
81.6424
83.5166
82.6875
83.6188
84.2021
83.8453
84.4555
85.3428
84.8313
82.8267
84.158
83.8364
85.48
86.0852
85.6245
86.7453
86.998
86.9974
87.0124
88.4572
88.9847
88.4468
88.5632
89.8574
88.5055
89.1079
89.5259
89.1658
90.5826
89.8055
89.8472
89.1828
90.7541
90.0728
91.2037
89.9741
89.5436
87.8392
88.451
88.7328
88.9759
88.036
88.0844
89.3018
91.4509
90.7737
89.8409
89.8475
93.2781
93.6634
93.8069
92.1913
91.7756
93.6833
94.4476
95.8527
96.4344
95.9012
96.7819
96.2529
98.1284
97.8169
99.2727
99.2237
100.24
99.5074
98.5333
96.9135
95.3864
94.7084
93.7964
94.6161
95.2501
96.095
97.011
96.2336
96.3989
95.378
96.1959
96.7593
97.4498
98.7581
98.8478
99.4951
99.8683
97.964
99.5568
100.851
100.612
99.6456
98.1304
97.7816
98.2662
98.6896
99.5343
99.9142
100.078
98.7627
97.4907
98.2924
100.334
100.751
101.591
101.504
101.829
103.128
105.359
106.268
105.789
103.462
104.249
102.344
103.448
103.037
102.796
102.548
101.812
103.496
103.517
103.265
100.668
101.2
101.406
100.307
97.5985
95.5016
98.4934
99.6631
98.149
99.2511
98.9195
98.5288
96.6695
95.3382
95.4434
95.9935
96.006
94.3969
93.4013
93.616
91.6385
90.9554
89.0488
87.8303
89.5552
89.3934
89.9674
88.8383
88.4767
89.984
89.1603
87.1485
88.7401
90.0373
90.2954
91.3249
90.8095
91.6018
91.7182
90.8579
89.984
90.4167
91.4769
92.9199
91.621
90.2705
90.6159
91.2985
91.6434
91.5269
90.3743
90.67
92.1342
92.014
93.0824
90.8441
88.8502
88.8898
88.9845
88.1107
87.6413
89.71
89.4564
88.8435
88.3045
89.2653
90.6438
91.9355
90.0519
91.7923
91.0084
92.7178
93.548
92.6617
92.2518
93.3017
92.9438
90.4877
90.2591
89.8489
89.6167
88.5106
89.1514
88.4727
87.1389
88.0162
87.7127
87.2817
86.5945
87.3654
86.8772
86.2825
85.7799
85.7362
85.1422
84.5046
85.4622
86.3748
87.0358
86.1296
85.6782
87.2759
87.0579
88.0286
88.3293
87.2705
88.7107
87.4427
86.3301
85.8481
84.6452
85.0115
85.8638
86.141
88.1082
89.2042
87.6341
88.0461
86.9556
86.5401
87.7861
88.4009
90.0633
89.9494
89.5036
90.3353
90.3289
91.001
91.8046
91.6767
91.2248
89.392
89.0501
89.7179
91.1615
93.0276
93.8274
95.9926
97.5744
99.4437
100.051
101.268
102.114
101.987
101.658
103.025
103.041
101.17
103.277
102.969
103.941
103.372
104.338
102.12
100.402
100.865
98.9597
101.911
102.453
103.103
102.026
101.208
100.199
100.684
100.845
101.591
101.628
100.116
100.158
100.093
99.7377
96.6035
96.087
95.4346
97.0899
95.2856
95.1057
96.2224
96.547
96.8339
95.3721
94.7698
94.7456
94.7053
92.7553
93.1859
93.4864
93.7701
96.1642
97.3417
98.2481
98.7201
99.9665
99.2765
99.938
101.603
99.7051
100.631
100.582
99.5282
100.183
98.2872
98.057
99.1496
100.485
101.281
99.746
99.575
98.8523
98.9807
100.57
100.069
99.5845
97.1291
95.4611
95.4394
96.9242
98.5506
100.147
101.591
100.465
99.0927
98.4307
97.0323
94.8555
95.2687
95.8033
96.6539
99.9
100.058
101.412
99.4054
98.0372
97.8657
97.3609
98.1983
100.061
100.155
100.242
100.175
101.451
102.475
103.151
103.405
104.088
105.909
106.979
108.506
107.05
105.309
