101.773
99.9466
99.1013
98.8446
99.163
99.6739
98.2869
96.4646
98.155
98.8451
99.3718
97.6193
96.5552
96.2403
96.1456
97.0609
95.9157
96.5858
96.9368
95.6623
94.8771
95.0143
96.3716
95.3738
96.6011
96.0355
95.1458
95.0435
94.9265
96.9903
97.6318
96.9616
97.5763
99.7044
100.948
104.164
102.66
102.927
101.77
100.64
100.555
102.412
102.07
99.4851
99.9032
100.474
101.841
102.989
101.186
99.9748
99.2168
100.183
102.596
101.631
101.176
102.84
101.42
102.263
104.022
102.322
103.054
103.847
102.229
101.838
101.007
100.894
100.817
100.587
100.654
101.402
101.857
101.664
102.124
101.941
102.13
100.754
98.5729
99.2442
98.6086
97.8269
99.3432
97.1765
97.9208
95.8288
94.6242
95.9377
94.108
94.2509
95.4818
93.4634
94.6658
93.816
95.0218
96.1221
96.6691
95.576
95.6572
95.2725
95.0632
96.4234
96.6422
98.7519
95.6053
94.5187
95.537
96.8427
96.7854
96.597
96.2348
96.5777
97.4806
96.7179
96.9465
94.6431
95.2234
95.2065
97.3704
97.3566
97.6282
96.6585
97.8472
99.3643
100.837
100.844
100.738
100.515
101.058
101.172
100.524
102.237
101.722
102.42
100.337
99.2656
98.045
96.1181
92.9822
92.023
93.0232
92.207
92.3137
92.6422
93.5032
93.5928
93.1625
92.1686
92.4977
94.126
94.7037
95.0808
94.2637
95.4995
96.6206
98.02
98.6909
100.48
100.515
100.63
100.465
100.573
99.4204
100.958
97.7645
97.1262
96.8672
97.3623
100.76
100.568
98.7416
98.681
97.7022
97.2511
96.8481
97.008
96.0068
95.9085
94.6908
96.6346
95.973
95.3437
94.1183
92.4964
92.8635
93.6721
96.3357
96.2506
100.868
100.274
100.192
99.3114
99.2123
100.368
98.073
96.678
96.9269
98.2957
98.6943
98.7308
98.1247
99.4593
99.1557
99.7306
101.105
101.31
99.5211
97.7698
97.6617
94.8034
96.6951
99.2229
98.8098
98.5425
98.5661
97.6075
98.22
100.43
100.015
100.533
101.154
100.609
102.556
103.213
105.219
104.585
104.014
103.845
103.892
105.165
105.546
107.294
110.466
108.909
109.407
110.186
108.56
109.178
109.585
109.5
109.787
110.911
109.702
106.472
109.045
107.756
108.676
109.577
109.802
109.158
108.191
107.661
109.014
108.109
108.014
107.981
105.529
105.42
105.632
105.463
104.312
106.121
105.437
105.964
106.648
105.35
106.24
103.33
103.167
101.918
103.113
106.11
103.749
101.878
102.344
103.666
102.53
103.436
103.261
102.518
101.972
103.684
102.664
98.9155
100.637
100.369
100.241
102.688
104.101
105.699
105.035
106.133
104.296
105.933
106.654
108.847
107.596
107.939
106.572
106.282
105.309
102.185
103.781
102.779
101.321
101.924
103.249
101.92
101.968
101.39
103.444
102.155
102.182
102.82
104.632
104.356
103.259
101.899
105.217
105.144
104.015
105.791
105.568
104.451
104.806
105.519
107.754
106.9
106.281
108.435
107.619
105.972
107.279
106.517
104.814
104.087
106.116
106.918
107.998
109.296
111.609
113.599
116.431
115.997
115.3
116.746
118.175
116.35
116.88
115.266
113.199
111.509
114.252
113.438
113.499
115.241
116.762
116.524
115.376
114.69
116.739
117.257
117.067
117.192
121.411
120.806
118.007
115.149
117.487
116.415
115.439
112.876
112.233
112.171
114.325
110.63
109.044
109.391
107.364
104.436
104.538
103.707
104.982
105.487
105.2
104.945
104.565
105.622
105.487
106.326
107.797
106.685
107.392
108.665
107.488
106.755
105.468
106.757
103.492
103.029
105.112
107.74
106.888
108.507
106.681
105.893
107.059
104.816
107.097
106.394
107.655
107.87
108.234
108.742
108.979
108.508
107.732
108.055
107.597
108.143
107.565
107.048
108.07
105.645
104.222
102.099
101.923
102.301
102.597
102.989
104.01
104.854
104.422
105.092
105.263
105.38
106.359
107.837
107.304
110.141
110.352
112.026
111.319
113.853
113.721
113.015
113.485
115.238
113.612
113.57
113.162
112.883
114.777
113.909
115.3
115.744
116.745
114.892
115.119
115.931
116.055
114.504
113.664
112.588
112.704
112.743
113.509
112.6
111.337
111.592
111.094
111.295
111.697
111.875
110.355
110.994
113.95
112.609
112.307
111.644
111.413
114.02
115.703
113.518
113.822
113.364
114.657
113.76
113.797
114.069
113.232
115.356
118.236
118.405
118.767
119.273
120.308
121.044
119.482
121.184
122.262
119.502
119.774
120.914
120.169
119.985
119.466
119.782
118.821
118.502
116.951
117.37
119.755
122.622
123.883
126.392
127.587
125.651
125.087
124.99
126.143
127.495
125.149
125.709
124.545
127.432
128.135
128.068
124.958
125.129
123.085
125.208
125.221
125.626
123.139
119.271
117.359
115.668
115.772
115.436
114.45
114.427
115.334
115.098
114.565
110.75
108.951
111.874
113.89
113.162
110.127
108.542
106.574
105.392
104.022
102.543
101.605
101.558
99.1642
100.173
99.2663
99.0007
97.8083
96.3412
96.8002
96.59
95.7111
97.5027
98.9309
98.1041
97.7667
100.32
101.43
99.4735
99.6016
98.6925
98.6475
98.6275
101.207
101.587
100.179
101.829
102.097
102.424
103.399
103.323
103.833
102.273
101.82
98.8798
99.278
99.9586
100.771
97.9942
99.0745
99.0147
99.3032
101.879
102.436
101.271
100.444
101.047
