99.6063
98.6828
101.074
100.194
99.7177
99.3693
96.8314
96.9865
95.9567
96.8371
97.2785
100.205
98.5074
99.8253
100.811
100.639
99.4449
99.067
100.299
100.215
99.4303
100.995
100.395
99.6576
100.115
100.922
100.711
101.016
99.1311
99.4547
97.8263
98.2682
96.1868
94.2401
94.5623
96.9515
94.71
94.992
96.3931
96.0008
95.3418
95.6536
94.1519
96.2246
95.7111
92.8717
93.4115
92.5493
89.9739
91.2294
90.1617
89.028
90.2577
90.5851
90.8008
90.9159
92.0473
91.0779
90.5259
89.1448
87.86
87.4472
86.4371
87.2382
85.0615
86.1116
88.0468
88.5326
88.4407
87.2937
87.8046
87.5327
85.7587
85.8222
84.6618
85.7013
85.2784
85.2308
85.9644
85.6636
86.6921
87.6671
88.3805
87.9609
86.2491
86.5454
87.8569
89.6654
90.2516
91.3685
93.0436
91.0585
91.7078
92.2351
92.029
91.7526
91.6168
89.9021
88.9301
86.3701
86.5998
85.6002
85.4753
85.6685
84.8707
84.21
84.8575
83.9098
84.4911
84.7071
83.6889
83.4797
83.2815
83.7769
82.834
82.9446
84.2154
83.951
83.7565
81.7829
81.1695
81.5951
81.2298
80.8581
80.4142
80.4618
78.5426
78.6355
78.3417
77.949
77.5618
77.1332
77.6293
77.854
76.7512
78.5234
79.0576
80.1785
80.5888
78.1565
78.4373
76.8631
75.7808
76.0456
75.5288
75.318
74.3905
74.043
73.1565
72.0226
72.046
71.8975
71.3347
72.2433
72.2457
71.6215
72.0651
72.1261
71.7935
71.4503
72.6066
72.3604
70.2512
71.0271
70.5502
70.4155
70.2605
70.181
68.9574
68.4277
68.0818
66.7249
65.9519
65.6847
64.9326
64.7675
64.8762
65.7601
67.278
66.4579
67.8924
68.5291
68.1214
69.0134
67.5934
67.9237
70.1765
69.7829
69.0137
69.9218
69.8582
69.9668
69.5774
69.109
69.2172
67.4947
67.5176
67.5533
68.4641
67.8005
69.0544
68.1784
67.8203
68.2604
67.07
65.8184
65.9574
65.5657
64.8802
63.6888
63.2384
63.4035
63.7076
63.9182
65.0327
65.7365
65.3109
66.8854
67.8703
69.4373
70.3556
69.723
70.7197
69.9225
70.1374
70.9824
70.8082
70.9696
69.1649
69.2501
68.6509
69.6344
69.8044
69.6272
68.475
68.4489
69.9826
70.0114
69.7075
70.5876
71.4784
71.6551
72.3365
72.4316
71.1054
70.8876
71.2344
71.476
69.8844
69.0871
68.6427
66.7105
67.5984
69.2616
68.5282
68.1977
67.9238
69.8097
69.4057
68.6569
67.3499
69.5164
71.6525
71.8835
72.2122
72.6823
71.9877
72.3564
71.4212
73.6192
72.8794
71.9994
72.7719
72.4204
72.6851
72.4882
72.5272
71.9755
71.2539
71.2226
70.857
70.9418
69.4203
70.4056
68.9966
68.8085
68.2757
67.1914
68.855
67.8837
68.6143
68.2577
68.4095
67.8997
67.9098
68.7751
68.794
67.9863
67.1093
67.5072
67.2274
67.8599
67.7193
65.502
65.5104
65.1947
65.3009
65.0788
66.4284
65.8511
64.2612
64.1925
64.1002
64.0005
61.7414
61.7346
62.004
62.7237
62.7996
63.1283
63.256
64.6434
64.7346
63.4207
65.2401
66.0004
65.9085
65.3025
64.6542
65.3707
64.9215
65.3421
66.1527
66.1823
65.7911
65.7228
65.8022
66.0306
65.7395
64.8309
65.3167
65.5363
63.4817
63.6761
63.4554
62.4218
62.0519
60.7203
61.184
63.3205
63.8427
63.406
64.3608
64.0715
63.4607
63.778
64.593
65.1203
64.06
63.9538
63.2047
63.3006
64.3493
63.9286
64.8564
63.1588
63.0622
63.441
64.2069
64.7494
64.0617
63.3417
64.3666
63.9547
62.7987
62.6506
64.3591
63.7529
63.5487
63.8672
63.4846
62.3453
62.6925
60.6882
61.1368
62.8267
62.3707
62.5652
62.2116
63.4303
63.6836
65.1889
66.1515
66.737
66.8459
66.1586
66.3857
66.3239
65.468
66.1942
64.4712
64.385
64.154
63.8596
62.5893
62.6526
63.6256
63.6323
63.3574
62.7599
62.9605
62.0373
60.5452
60.4296
59.3226
59.5666
58.6957
57.4709
57.5947
57.33
58.4874
57.9782
58.3664
58.5607
59.3064
59.6376
58.8966
57.9343
57.9665
58.6639
58.6117
58.9268
58.9604
59.3923
58.8559
57.8751
57.6463
58.3853
57.8523
59.7219
59.6456
59.5575
61.2849
62.574
63.4593
64.6738
65.9847
65.1066
65.3264
66.2653
64.4148
63.866
64.2493
64.8623
66.2729
65.4117
65.516
64.4605
64.4561
64.2756
64.9545
65.9491
65.0672
65.9663
64.438
65.0049
65.6822
65.9723
65.6531
64.7203
65.6093
66.2124
65.9486
64.1928
63.3781
63.2932
63.8003
63.7226
63.8062
65.328
66.3143
67.1077
67.4777
68.4728
69.6609
69.6297
68.4905
67.3245
66.8478
66.0805
65.9772
66.1905
66.7128
65.9567
67.2592
66.3987
66.3046
66.4493
65.8044
66.2714
66.4539
66.0204
65.8141
66.2319
66.0051
65.3868
64.9518
64.707
65.1471
62.7845
62.6405
61.7863
61.2354
60.8246
62.0943
61.353
61.2423
61.5369
61.3083
61.1496
60.898
61.1246
61.9126
63.4277
62.8844
62.96
62.3532
61.6462
60.8494
60.967
60.4033
60.6617
60.5117
60.1537
61.351
61.5525
61.3169
61.8688
60.8443
60.5872
61.2478
60.6781
60.6792
61.1678
60.3136
60.6543
59.1341
58.6162
59.2539
59.0013
58.2472
57.9886
58.3761
57.8986
58.7472
59.9043
60.4008
60.7408
61.3882
61.7577
61.1278
60.9829
60.4429
60.6621
60.651
62.0951
63.0268
62.135
61.4637
61.7351
61.0252
61.569
60.2713
60.2089
60.1528
59.6003
60.3485
60.5659
60.1844
60.255
60.1578
61.4312
60.7588
60.7152
59.3158
59.4746
58.4839
57.4434
57.0727
56.7829
57.093
58.0092
57.5393
57.2891
56.9435
57.0531
56.6464
56.5889
58.1419
58.5538
