102.791
101.636
101.033
100.434
101.279
99.5911
99.5569
100.859
101.657
103.225
100.879
99.308
98.7155
96.6367
96.242
97.1239
98.7683
98.9211
99.4349
101.569
99.8381
100.369
99.0724
100.459
99.2104
98.3363
100.91
101.813
101.316
101.343
100.574
100.46
97.266
99.3608
97.865
98.3132
94.7905
97.0978
97.5346
97.9012
99.4296
100.305
99.5586
101.835
99.3625
100.522
97.6085
97.9274
99.1432
97.4215
97.2569
94.8479
94.9026
92.354
91.7279
88.0216
86.7198
84.4295
86.8241
87.8505
87.8519
86.8452
87.0353
89.3027
90.7369
89.6341
90.8682
91.5798
92.6753
92.9841
92.1527
92.7958
93.0801
92.4141
93.6186
93.1311
93.0394
93.714
94.0512
95.145
95.6194
96.2566
97.3766
96.4302
95.461
96.1298
96.6047
95.618
95.9738
96.3276
96.9322
95.223
95.4389
94.2838
94.1508
92.6428
93.2241
91.0246
90.0418
90.9508
90.6408
90.3283
91.254
89.5573
88.0084
88.0673
86.6655
84.6787
83.9355
82.8921
83.0405
81.9955
82.2039
83.9044
85.5264
85.8608
87.0029
86.7368
86.8539
87.4607
88.3421
88.5393
89.9408
90.0629
90.4798
90.7043
92.0884
92.5525
94.3757
96.529
97.9682
99.8073
100.749
99.0995
100.345
99.778
100.7
101.169
102.54
100.257
99.6627
101.071
101.377
101.649
102.416
100.184
102.055
101.888
102.267
100.754
102.265
102.273
102.162
102.341
102.279
104.132
106.067
105.302
106.384
105.725
106.487
104.101
104.387
103.724
102.193
102.529
101.879
103.859
101.014
102.665
102.214
102.96
103.979
104.561
102.747
103.256
103.683
106.371
105.993
103.821
103.357
101.823
101.98
100.354
100.699
100.374
99.8405
99.0845
98.213
98.504
99.8889
100.935
101.482
101.48
99.3796
99.1378
98.9955
97.9322
99.4151
97.1139
94.4524
94.886
95.5769
94.4588
94.1922
92.9195
92.6022
92.107
89.7219
90.8637
89.3098
89.5562
90.2594
91.2355
88.4005
89.5457
88.4411
87.6022
88.1293
89.7127
89.9953
92.0364
92.5691
91.1744
91.0229
91.6976
92.8727
91.6249
92.1985
91.6132
92.3976
90.4934
90.8486
90.7578
90.6281
90.4192
91.6326
89.886
90.4168
90.226
89.1656
88.0146
88.7515
90.1702
89.841
89.418
89.2538
88.5499
85.7105
87.1679
85.6921
84.1817
83.9104
83.5615
83.7777
83.3684
83.7147
83.4074
84.9594
84.6565
84.2195
85.7515
86.6741
87.8698
89.9993
90.0973
91.6714
91.7555
90.5151
91.0044
90.1222
90.8626
91.9099
90.3984
88.8912
89.5624
88.5319
86.1754
87.0317
85.046
85.3867
83.9634
84.8066
82.2313
82.669
83.4325
83.3841
83.6434
83.2244
83.0048
82.4083
84.0932
83.027
84.1707
84.2895
85.0787
85.3243
84.2322
84.8712
83.7888
83.9105
85.1048
86.4491
87.191
87.6699
86.3473
87.4873
86.5305
87.1234
86.0029
84.7086
85.9454
85.3171
85.9208
86.4237
87.2082
88.0058
88.1516
88.6881
89.4952
89.8091
90.6966
89.7968
90.4366
91.6682
92.2658
92.1783
92.9145
94.105
93.8259
94.4775
93.993
92.6566
91.5075
92.7458
92.7587
93.4989
92.6505
92.4849
91.305
92.9314
92.8105
93.5996
94.34
95.0376
94.6998
94.8669
95.003
96.5552
97.6802
98.1069
98.3145
97.6497
97.4376
98.3333
98.2833
97.7529
98.6197
99.7303
98.3578
99.2178
98.8525
98.5946
98.6506
97.4128
96.1428
97.7271
96.7786
94.6039
95.0197
95.475
98.001
99.967
100.141
100.483
99.6166
99.3586
99.0201
97.0424
96.5563
95.9033
98.2111
97.8519
96.5253
95.8372
97.7211
96.5199
95.822
95.8558
95.7553
97.4207
96.3899
96.6079
96.1
96.0926
98.1665
97.6718
98.6962
98.9624
97.1693
98.6194
98.2176
98.2089
100.335
100.438
100.522
101.446
101.867
101.615
101.991
100.96
102.856
101.926
102.584
102.056
99.8464
102.256
101.002
100.395
102.217
103.12
102.906
102.433
102.344
100.663
99.998
102.625
101.924
102.149
102.155
102.688
103.54
101.162
101.696
102.33
103.589
103.888
102.29
103.874
104.338
102.99
106.769
104.247
105.297
105.326
104.994
104.43
104.81
104.962
105.874
107.27
105.923
105.623
104.616
105.228
105.788
104.976
104.287
104.751
104.553
105.76
106.818
106.945
106.373
109.141
107.888
106.788
107.999
107.122
107.919
108.263
108.973
109.128
111.312
113.583
113.76
116.923
117.881
117.29
117.258
117.774
118.942
116.797
118.429
120.239
122.131
119.994
120.154
121.796
122.879
122.91
121.42
121.716
122.575
124.584
124.636
123.56
123.968
124.399
126.811
126.564
126.79
127.201
124.175
123.609
122.785
122.026
122.143
122.851
121.616
124.777
126.21
123.999
124.446
125.478
126.319
125.868
126.617
127.416
123.724
120.947
118.867
117.768
116.623
119.037
119.146
118.179
120.305
122.968
123.179
123.484
124.564
123.099
127.031
129.795
128.505
130.55
133.028
136.111
137.86
142.035
144.954
146.195
145.089
144.833
144.993
140.732
138.084
140.709
144.066
146.64
145.061
147.028
148.595
146.281
148.814
153.617
151.318
153.225
153.811
152.76
154.336
154.65
151.735
149.652
150.565
154.798
155.225
151.879
156.896
154.125
155.159
155.559
151.237
151.628
148.539
148.944
145.579
146.12
144.907
145.065
144.35
144.566
144.567
145.709
142.724
143.703
144.82
145.769
145.478
144.821
144.75
143.778
144.865
147.005
150.801
150.894
150.732
148.698
148.738
