99.07
97.0963
96.3628
95.3075
94.1605
93.6619
92.3079
93.6926
93.6861
95.3109
93.6964
94.9327
95.1088
96.2177
95.9591
96.2677
95.8407
96.7219
94.5729
94.6848
93.6226
95.6996
95.8204
95.8234
93.2504
94.3345
92.9419
91.2816
91.4877
92.0128
92.1398
92.1614
93.0315
91.6687
91.1985
92.2571
94.1121
94.7744
93.9137
92.2506
93.505
93.052
94.2179
93.3935
96.36
96.7561
97.729
97.049
96.1683
95.6778
96.5079
96.6287
96.6776
96.048
95.0175
95.7104
96.0158
97.0334
97.4646
98.3256
97.6491
96.6712
99.251
99.7631
98.2922
98.987
98.0072
98.3878
97.6039
97.6548
97.2795
97.1201
95.4266
92.6633
94.7213
96.9814
94.6067
94.317
94.1743
94.4695
94.7523
95.9095
95.8023
95.6723
94.1671
94.2621
95.3805
93.6815
94.156
93.5214
92.6655
93.3934
92.4698
93.4276
92.4431
90.9903
88.948
89.6384
90.0915
89.1426
88.214
88.0986
88.2258
87.8794
87.9901
86.7637
89.055
88.6339
88.8588
89.1185
89.638
88.9681
88.2846
86.3186
87.0456
87.5013
86.1157
86.8224
86.3758
86.7975
86.464
87.2716
86.833
85.1119
85.7536
86.0383
88.6366
88.799
88.5865
89.6931
89.7646
87.4161
86.833
86.8179
88.3963
89.205
87.7602
85.5825
85.7844
86.5016
85.0829
84.1576
85.751
85.2978
85.2146
83.9481
82.8634
82.6164
81.6424
79.0933
77.4456
77.7237
78.5019
76.1198
76.4895
77.5604
78.3849
77.2527
79.8154
79.0231
78.6102
78.8998
78.2105
77.3829
77.0587
76.6602
77.141
77.1998
76.3413
74.7823
74.9875
73.3703
72.5483
71.5768
72.5427
72.5484
71.5543
70.6446
71.4209
73.0816
73.4356
74.0528
74.1697
73.0841
74.6587
75.2354
73.759
75.3683
75.3173
76.3233
76.5937
78.8039
79.7856
79.9635
79.5906
80.2691
81.9044
81.3701
81.5789
81.6553
81.7792
80.5197
81.335
80.9554
80.0735
82.0547
81.0677
82.1251
83.2837
82.8381
81.4953
82.2787
80.9046
81.4453
81.5561
78.9915
78.2088
76.9752
77.406
78.4432
77.9458
77.7355
78.6572
78.9459
78.49
78.5797
77.9205
78.1021
79.6042
79.8786
80.7179
80.5954
80.2283
80.3463
79.9992
81.0625
80.4286
80.0965
80.1979
80.3591
80.4685
81.6495
80.9953
81.6412
82.2917
82.6548
83.2729
81.8032
81.3592
82.1165
83.0146
84.4261
84.4958
85.373
85.9191
84.6982
83.8237
83.8988
83.4367
84.2951
84.7049
84.2033
84.4002
86.1853
86.9139
87.1917
87.727
88.7757
89.0873
90.6793
91.7987
90.832
93.2017
92.4
92.0802
92.4762
93.0541
92.7412
92.802
92.6477
93.5337
92.7699
94.0072
94.0627
96.571
94.2242
94.7807
94.5708
93.3171
92.3281
94.6616
95.5168
98.1713
97.6659
98.2921
97.2069
98.0241
99.4639
99.1695
101.018
100.965
101.432
99.8238
101.974
103.561
103.073
102.904
103.352
104.164
103.517
103.066
105.865
103.443
104.005
102.46
101.414
101.002
101.281
101.026
103.65
104.194
102.004
102.033
103.145
103.334
104.74
103.676
104.665
103.16
103.228
102.084
101.342
103.507
103.709
102.475
101.021
102.6
101.446
101.367
98.7512
97.212
99.8678
102.014
101.478
103.279
101.256
101.948
99.2737
100.779
98.554
100.403
100.653
101.611
101.624
101.616
101.931
102.399
101.884
100.367
97.298
97.0632
99.0527
98.0162
99.3153
99.7337
100.066
98.872
99.1396
101.895
99.2906
97.9527
97.8396
98.8402
97.0799
96.8114
97.5884
97.695
96.8985
97.3959
98.7371
96.8416
95.423
96.3473
96.6999
95.2636
94.1451
93.0441
94.8316
94.0038
96.1714
94.0723
92.9307
93.0563
94.4394
94.293
94.5876
93.2269
92.7663
93.4455
94.2436
95.0681
95.7629
97.6972
96.6933
96.6518
96.8259
97.1816
95.1288
95.3457
93.3017
93.7288
94.3192
94.6332
93.4037
94.6359
96.6503
96.1806
94.5424
95.2607
95.9803
94.5182
96.1808
97.4022
99.5878
102.377
104.004
103.781
101.802
99.991
99.2579
100.28
99.9144
100.576
100.209
98.6077
99.1313
98.1766
99.2053
98.696
100.618
101.779
101.48
99.7654
101.232
101.436
101.28
103.284
103.881
101.959
100.031
100.766
101.765
99.7497
99.1443
99.5466
98.8008
97.2573
96.6695
94.3145
93.4622
93.0469
93.8284
92.0797
92.1517
91.3858
93.2849
93.3676
91.0861
90.5035
88.5779
89.1504
89.7246
88.9326
89.1409
88.6658
87.6895
89.0975
88.1542
89.0413
92.4389
92.1453
90.5957
90.2655
88.6842
88.5989
89.4996
88.5958
88.532
88.1603
87.6487
87.5449
87.4639
86.47
87.2658
87.8433
87.3327
87.1684
85.114
85.6786
85.1396
84.9632
84.524
83.5539
82.4437
82.0455
81.7003
80.9349
80.1835
81.2454
83.2657
82.1007
83.2457
82.6027
82.9467
81.8008
81.8807
82.6997
83.6775
82.1445
82.7887
83.0905
84.7755
85.5574
86.0813
85.5657
86.1518
84.4854
84.7667
84.5865
86.8344
88.2331
89.105
87.3829
88.206
89.2655
90.3292
89.2681
88.8161
88.2805
88.29
87.7247
87.3906
89.278
87.8675
87.1247
86.3813
87.7977
86.7987
86.0866
86.7177
84.4646
84.6843
84.1904
84.4199
84.7307
84.2486
85.009
86.3604
86.3637
84.631
84.1473
83.5951
84.2807
84.8914
85.5725
86.3278
85.3293
86.7098
86.4446
85.4931
84.6454
86.9156
86.5313
85.8914
86.5266
85.8388
85.5611
85.4567
86.5677
86.35
85.9181
84.9751
85.2996
84.9101
84.6845
84.8972
83.0877
83.4268
83.4283
83.7776
83.0775
84.4159
82.8552
83.2762
82.849
83.6039
83.3585
82.9299
84.4087
81.5236
