99.7881
97.5415
95.7563
96.2347
96.1692
96.4032
96.0372
96.2399
97.2584
96.8753
95.4376
94.45
93.8369
94.4052
96.4189
95.2959
93.9313
94.256
94.5542
92.8329
94.0517
94.0449
94.445
93.8247
95.1706
94.6514
95.2084
94.6606
94.3171
92.2884
90.5264
91.3328
91.0374
92.4561
93.9514
93.3001
92.6465
91.5602
89.889
90.5551
89.9136
88.7769
86.6163
87.6654
86.9228
86.5046
87.9445
86.256
85.6702
83.1162
83.458
84.4297
83.9551
83.9818
85.3801
86.1364
84.9471
84.6405
83.0577
82.1735
81.2328
81.3943
81.2035
79.5382
81.3283
82.6747
80.2617
81.1825
80.775
80.6763
81.8023
81.0806
80.9204
82.0253
81.4509
80.9495
81.0688
82.4284
82.2906
83.7444
84.813
84.8888
83.4157
81.7357
82.3961
83.8282
85.4752
86.7155
86.6907
85.7896
84.9275
86.3172
85.4255
86.5981
86.7513
86.9002
87.9785
85.6003
86.9665
87.2869
85.3842
86.3284
85.5305
85.7991
87.1558
86.8072
87.5133
87.2434
88.3904
88.5216
87.4493
89.7015
89.4559
89.2783
89.5998
89.6855
90.5865
91.3402
88.2679
88.3401
89.6429
88.6902
89.4484
87.7218
87.113
88.7499
88.6454
88.6413
87.9193
88.923
88.1788
88.7724
88.1025
88.2888
88.7493
88.5151
89.1129
91.6297
91.0067
90.2428
90.6885
91.7006
91.0375
89.2427
88.3622
88.7819
86.3632
86.3135
85.7789
84.0009
84.8625
85.153
87.4351
87.3274
84.8363
83.2961
82.793
83.9862
82.9056
85.1493
85.4501
84.611
85.865
86.8054
86.7991
87.1104
86.5771
85.1642
84.7998
84.4218
84.8603
85.9595
85.6399
84.9334
85.9105
86.7467
85.8767
86.6233
85.7833
85.9075
85.5133
86.0396
85.5366
84.1175
86.2802
86.3067
86.5116
85.6565
85.2751
86.6785
87.792
87.1566
87.3199
86.703
86.4421
87.0042
87.543
88.27
88.3562
88.7879
89.9251
90.8683
89.9113
87.5416
88.0925
87.6187
86.6938
88.431
87.7894
87.9285
88.4687
87.3236
86.6848
86.6831
87.6402
84.8432
86.2649
86.6808
86.4706
85.1948
86.4264
87.4646
87.2594
86.5673
86.201
87.8806
88.791
88.2838
88.5483
88.455
87.5967
88.7444
87.5735
85.8992
84.7733
84.5159
83.2791
82.0635
81.103
80.7884
80.9502
81.3485
81.5629
79.9145
80.4684
80.9308
80.5617
81.0095
81.1121
82.8568
83.8818
82.8758
82.8459
82.8991
81.7647
81.4429
79.4627
79.1147
78.9933
78.4702
77.9329
79.8488
77.1972
76.6827
76.5606
75.0214
76.1979
76.2315
78.0768
77.9977
78.721
77.6494
77.3536
76.4961
77.4975
77.1737
77.9458
79.1772
80.9707
83.4579
83.594
83.5213
84.4057
85.2005
87.6358
87.7085
87.2308
84.8562
83.6814
83.7663
84.4984
84.3148
84.9005
84.9503
85.8821
85.2339
84.446
85.6036
85.0558
82.8783
82.0357
82.9746
84.4682
84.6181
85.0472
84.0712
84.2486
83.5578
83.7676
84.339
83.9465
83.1921
82.8941
81.6205
82.3081
82.7723
81.7734
80.6358
80.992
79.8354
81.3227
81.4314
80.147
81.8139
81.9656
82.6215
81.7419
83.483
83.2926
81.9549
81.1269
80.5358
81.1432
81.452
79.7718
78.4296
78.3581
78.8905
79.3243
78.3305
78.6076
79.109
77.7181
76.4873
75.9822
75.0965
75.585
75.1601
74.1754
73.9081
74.0957
74.8392
76.2966
76.7785
74.769
73.7732
75.7974
75.2031
75.6707
74.268
75.4493
74.3803
74.2527
74.5146
73.5206
74.1787
74.3598
75.0835
75.5657
79.1184
79.1102
78.5982
77.6687
77.9222
79.5286
80.003
80.3615
79.4776
81.9376
80.336
81.2077
80.1861
80.3363
80.9194
81.3661
80.7399
80.2725
78.673
78.1855
77.6663
76.7671
77.6837
76.7583
76.2313
75.2235
75.0184
73.2232
73.7138
73.0319
72.2484
70.9993
71.0543
70.4592
70.4144
71.2005
71.1054
70.5801
68.2517
68.5484
68.7358
67.5134
66.4378
67.2777
67.4038
66.9689
66.3201
65.0906
64.696
64.5429
65.0594
65.2523
65.4714
65.5485
64.6658
64.8318
63.1493
62.9478
64.5823
63.7627
63.1885
64.2038
64.091
65.1416
64.6356
65.3156
65.7159
66.5892
66.2379
66.6913
65.8377
66.0614
66.2767
65.3438
66.3829
67.4373
69.9312
71.5879
71.0728
70.8181
71.3353
70.0496
71.4107
70.0261
70.4202
71.6616
72.9364
72.0021
71.4874
73.4491
73.0135
73.6332
74.1506
73.6624
75.0576
77.296
78.5775
81.0243
80.4023
81.504
82.4861
82.4592
82.7641
81.7299
82.1557
81.5371
80.4224
79.5922
78.0727
76.8212
78.0672
77.7933
77.7124
77.1054
77.9603
76.9802
77.1359
77.5865
76.9449
75.4605
75.2685
76.8047
77.1693
77.5392
78.2348
77.732
77.2269
74.8022
75.0412
73.9719
72.799
73.483
73.1953
72.7796
72.7802
73.0645
74.7241
74.6875
76.0587
76.1557
75.9825
77.8839
78.1815
76.779
76.1221
74.8485
75.2934
75.0941
74.997
74.6967
76.9793
78.793
79.0497
79.0815
79.0479
80.518
79.7192
80.0012
77.9291
78.3927
76.9532
78.584
78.8909
79.238
79.154
77.874
77.9914
77.8707
78.9967
77.8224
78.1337
77.7652
78.7246
76.667
78.5244
78.7961
78.5544
79.3992
79.0363
79.1666
80.1114
79.4172
79.415
79.5019
77.9182
77.5126
77.2982
76.6056
77.9895
79.7279
80.0628
80.1012
78.1421
79.2072
79.3154
79.0483
78.3063
77.1521
77.0792
77.5527
77.7066
76.4932
77.3698
77.5525
77.8769
78.9538
78.5737
78.8473
78.6057
78.7421
77.2023
80.0664
81.7277
80.5334
79.6407
77.8819
79.0138
79.3147
80.1849
80.663
81.7316
81.8948
80.9971
81.0319
80.7277
81.0271
82.5692
83.9227
82.8766
83.8813
84.9763
