100.025
99.9153
101.042
99.3561
99.6857
98.3214
99.0193
100.095
99.7925
101.962
101.79
102.604
102.484
103.16
102.402
99.8015
98.7958
98.9784
100.789
100.719
99.2077
102.124
103.075
101.586
100.016
99.6413
97.9819
98.7077
97.6327
97.7241
96.4142
96.0966
96.9334
96.1393
93.9507
95.6443
97.0107
95.3668
95.4207
96.4963
97.51
96.772
99.087
98.5999
96.3627
96.5589
92.8666
92.397
92.3323
91.8696
91.4758
92.4999
92.0304
89.9007
89.9444
91.0955
92.1915
92.6656
93.196
93.6955
93.495
92.7568
92.4639
91.7122
90.691
93.1068
94.3311
94.1679
93.8939
94.382
94.1507
94.4838
94.5368
94.1228
96.082
95.6897
97.354
98.206
94.8422
96.1823
97.8093
99.7188
100.559
98.8255
98.6849
98.9885
96.7873
96.49
96.9714
95.0065
96.5058
95.5457
95.8777
96.4094
94.9275
95.399
92.9667
93.849
94.1099
94.5
93.875
94.1105
94.1395
93.3415
95.3407
94.4304
95.0416
95.0095
94.3538
92.5717
94.5318
94.8109
94.7758
95.2486
94.4882
92.8714
92.9807
91.8338
93.9995
95.7109
95.5505
97.4078
98.0701
97.0245
94.9594
95.2599
93.8382
93.0874
93.9988
93.4017
92.616
89.5044
88.1504
88.2214
87.7646
85.0596
85.4757
84.9449
84.7924
84.4037
84.0342
82.4554
83.6906
83.4274
83.1081
84.0488
83.7268
85.2952
86.8826
87.9026
87.9641
89.3373
89.5075
88.6753
88.1432
88.9188
87.5197
86.8317
86.533
86.0054
87.691
88.3872
87.5366
86.2134
88.3473
89.6567
89.2663
90.0108
88.5141
89.5265
89.21
89.5392
91.076
91.563
90.7155
91.6513
92.5974
93.5531
92.9677
94.3895
95.997
96.8332
95.4969
95.1034
94.6033
95.7593
96.3247
94.8185
94.909
95.1425
95.6244
93.5599
91.61
91.2202
91.518
92.0087
91.6563
91.3589
91.4252
91.074
91.5849
91.7854
92.9945
91.6569
92.1459
90.0806
90.7154
91.485
90.3499
90.873
90.4376
89.9977
89.688
88.1127
89.278
89.3108
90.2485
91.5626
91.0509
92.9502
93.0443
94.5009
94.942
92.4992
92.8242
90.6946
92.05
90.5157
90.4791
90.4725
89.9882
90.7803
90.4735
89.7428
90.8748
91.7979
92.67
91.4715
91.6796
93.4729
90.4878
92.1778
91.6461
91.9435
89.6341
90.2971
89.314
89.0716
91.0785
88.6861
88.5354
87.043
87.0571
87.7894
87.2039
87.5316
87.0311
85.981
84.6364
83.7089
85.3881
86.0801
83.861
86.2484
87.2562
88.8133
90.2519
90.8218
90.9506
91.834
91.7845
91.5878
91.421
90.4917
87.952
88.2976
86.2164
86.6351
88.6913
86.9228
87.3306
88.174
87.0011
87.3024
86.5636
87.6704
86.5329
85.6339
85.355
84.9293
83.6691
84.4775
85.7698
86.7697
87.5382
88.0117
86.8974
88.178
89.1232
88.3843
90.8014
89.6586
90.7034
90.9835
89.5702
90.5801
89.9604
90.4805
90.0786
88.3791
89.444
90.5317
91.0908
89.817
91.1177
88.9591
89.5476
87.5434
85.4641
87.132
84.9532
84.3829
82.6623
82.1547
82.2882
83.4104
83.9309
84.7407
85.0256
85.9894
86.7556
86.3469
86.6327
87.0971
85.7202
84.4318
85.4731
83.1741
84.5873
83.4938
81.6175
82.0746
82.3435
82.4588
83.1737
84.5026
85.0174
87.0884
86.5232
84.4933
85.3478
84.063
83.377
83.4822
83.1326
83.7389
82.4962
82.8602
82.7408
81.5511
82.5872
82.5112
81.8376
82.3831
82.108
82.5896
82.8976
83.4009
82.9805
82.5776
81.2376
79.6661
79.1242
79.1003
78.0943
77.3948
76.5612
76.6839
76.9706
75.3931
75.5716
75.6022
74.5357
73.8722
73.1071
73.5365
74.116
74.0884
73.4481
74.0501
73.5423
73.4985
73.4499
74.5027
75.396
73.7672
72.1449
71.3733
71.1478
71.2395
72.541
72.5075
73.1503
72.8313
72.5622
72.3767
73.4005
74.0071
75.8972
76.726
76.923
76.6878
76.8119
77.119
76.7003
76.257
76.8909
77.871
78.0857
78.1626
77.846
78.094
78.1332
77.9058
78.9769
79.1829
80.0538
78.7657
77.5213
78.1236
78.7823
77.7938
78.3899
80.1588
80.6983
81.6214
79.5648
79.4823
79.1791
79.3472
79.0475
79.9794
81.6352
80.2972
81.8058
81.0554
80.086
81.7288
83.2758
83.7695
84.0062
84.4797
85.2417
83.6778
84.6912
82.6017
83.9123
84.0082
85.2439
84.4057
84.4222
84.3767
84.3138
84.7104
84.8517
83.8867
85.15
86.1393
85.3914
85.6774
85.1498
85.5029
84.1381
83.3043
84.1172
82.191
81.1147
82.5944
82.9242
84.9236
84.6059
84.4779
83.0082
83.1983
84.3874
84.7881
85.9339
85.8307
87.0515
87.4548
86.2589
86.1382
85.3515
84.4701
84.1038
83.8704
84.9375
85.767
85.2646
84.3786
84.3428
82.37
81.9176
81.6556
82.1699
82.4037
83.1489
82.3152
81.5629
80.64
80.8351
81.1419
82.3945
82.1821
81.0383
82
84.3345
85.7406
84.1245
81.7828
81.0335
81.1794
78.7218
78.9314
78.524
78.3742
78.1239
77.2695
77.0254
77.9878
76.8684
75.9383
75.264
74.7987
75.8355
75.6101
77.0779
77.7941
77.3935
76.8445
78.0392
79.8924
80.4006
80.7564
80.7901
82.5139
82.4744
81.3189
81.4953
81.0062
81.4677
83.4513
82.5381
81.874
79.6042
77.9364
76.576
78.0861
80.8122
79.9348
79.6247
78.9422
77.9493
76.9967
76.3441
77.8217
78.2421
79.3694
76.7779
78.2585
78.2194
76.7777
74.6407
74.9219
74.9914
72.3781
71.3821
70.3953
71.0047
71.1344
71.0844
69.9509
70.0273
68.4541
69.4578
68.8474
68.0829
68.2535
69.3359
68.3775
68.5252
67.8185
67.4312
68.1204
66.8318
65.1885
63.3882
63.1474
63.3519
62.9918
