98.9046
100.765
101.605
99.9776
98.2764
99.9518
100.325
98.4449
98.3574
100.032
99.7847
99.3906
98.1002
99.9257
100.567
101.85
104.378
103.34
103.627
104.992
104.922
105.957
104.678
102.513
103.435
102.957
102.565
102.138
101.394
101.875
103.209
103.169
102.765
100.37
99.5815
100.198
101.992
101.984
101.793
101.998
102.732
103.875
102.451
101.768
101.646
103.309
103.956
105.894
104.421
104.211
105.601
106.594
108.964
107.403
108.136
108.602
109.69
110.581
114.457
114.121
115.167
116.399
115.794
114.626
117.329
117.38
117.28
118.065
118.587
117.436
117.194
118.29
117.978
121.69
122.117
126.232
123.052
123.182
121.885
124.942
123.919
122.288
119.252
118.053
117.284
116.709
116.485
118.967
116.444
115.751
114.685
115.185
114.881
114.39
113.922
114.976
114.055
112.583
112.903
108.421
106.415
107.329
106.444
104.119
106.683
108.818
106.225
105.005
104.892
106.381
104.91
105.087
108.203
108.875
107.61
110.55
111.854
111.125
108.485
108.84
108.122
109.964
110.773
111.933
113.406
113.875
115.895
115.523
117.589
120.895
120.497
119.144
119.535
119.948
120.824
122.672
123.387
122.501
124.174
123.04
123.651
125.22
126.781
125.489
126.661
127.399
127.198
126.89
128.292
131.797
129.38
128.55
129.002
127.827
130.529
128.971
131.133
129.651
131.912
131.971
132.857
132.341
132.613
132.647
131.581
131.324
132.391
133.841
134.703
135.008
136.025
136.64
134.711
134.874
136.606
139.896
143.144
143.812
143.528
144.281
142.749
139.64
139.632
142.368
142.374
139.863
140.311
137.258
138.654
141.077
139.519
136.496
136.344
136.356
137.581
139.086
138.382
135.023
134.412
134.872
134.14
134.413
133.873
132.112
130.615
129.035
130.883
129.861
130.438
131.314
133.631
133.219
134.757
134.745
135.992
136.972
138.527
136.769
139.377
136.985
139.191
136.65
137
135.584
134.553
132.873
132.082
128.956
129.061
130.762
131.122
130.243
132.761
132.317
131.365
129.498
128.698
128.076
131.197
129.786
130.164
130.92
130.362
131.119
133.038
135.756
139.259
139.3
135.045
134.542
133.041
132.462
134.406
134.73
135.143
133.623
132.971
132.494
130.36
129.156
129.08
131.354
129.967
131.979
130.996
130.935
129.509
127.418
126.724
127.295
126.356
129.348
127.376
128.227
125.244
126.217
128.515
131.001
132.17
133.528
135.55
134.502
136.056
135.812
133.68
134.225
137.468
136.629
139.244
136.261
134.569
135.202
135.495
136.378
134.175
135.95
134.813
134.712
136.136
135.965
139.335
137.97
135.612
136.012
137.559
140.778
143.298
143.629
145.707
144.855
141.365
136.891
136.866
135.067
137.984
139.231
139.481
142.041
144.592
144.51
143.804
144.415
143.295
146.673
147.627
148.02
145.619
147.234
146.563
148.692
146.101
145.516
147.166
145.934
145.536
146.763
147.111
146.935
149.073
148.124
147.127
144.269
142.808
144.313
143.018
145.159
145.15
140.788
140.718
142.157
139.345
137.54
135.951
134.658
133.532
132.613
136.254
136.031
138.331
137.366
139.138
140.107
137.452
134.885
135.307
133.76
134.098
136.603
138.563
136.6
135.445
134.838
134.678
133.393
133.068
133.063
133.589
132.464
134.37
132.986
133.785
137.353
136.795
138.121
137.608
137.732
136.878
137.815
135.324
133.88
133.614
131.534
130.321
130.291
132.081
132.892
131.101
130.241
130.199
128.058
130.385
129.165
127.515
128.753
127.297
129.672
127.18
128.35
126.533
127.184
125.984
123.772
122.19
122.679
122.57
122.173
124.288
125.386
126.308
127.133
126.531
127.54
128.158
128.819
127.166
128.267
125.194
127.009
129.323
127.744
128.513
129.901
130.226
132.223
132.602
134.658
133.431
131.554
133.283
131.372
132.447
134.083
138.013
137.238
136.897
140.827
137.084
134.744
136.611
139.158
139.69
140.949
142.35
141.404
143.298
141.632
144.001
143.019
141.146
142.272
140.855
140.022
141.25
142.119
141.061
139.618
140.562
140.571
142.793
144.264
148.119
147.206
147.179
146.632
150.416
146.995
143.86
146.089
148.374
149.826
150.825
151.609
151.92
147.154
149.93
154.281
150.988
154.305
156.727
159.015
158.959
158.782
157.205
153.075
158.428
160.288
157.814
158.394
156.642
155.63
153.795
150.891
150.492
150.471
150.493
150.656
149.546
148.145
147.465
144.901
147.405
147.722
146.989
149.984
153.536
149.438
150.101
151.012
149.424
150.058
150.795
149.374
146.995
146.53
149.104
155.433
155.367
156.335
154.728
152.24
153.675
152.793
152.225
155.031
154.699
155.141
156.053
155.468
159.927
161.465
159.526
162.205
164.046
163.905
165.408
164.916
163.332
163.638
165.922
167.436
168.079
170.14
169.535
168.013
168.547
169.971
170.108
167.379
166.949
168.715
171.196
165.984
166.86
164.004
162.327
162.998
160.113
157.526
158.328
157.37
155.873
155.2
155.314
155.835
156.811
154.193
154.155
155.83
156.225
154.257
154.347
152.839
151.872
153.74
154.922
153.69
152.536
151.437
149.292
147.941
145.524
144.505
143.585
142.947
143.52
142.288
144.486
141.405
142.259
141.18
