101.655
100.329
98.9798
99.7225
98.97
100.021
101.487
103.673
101.725
100.603
100.891
99.9114
100.529
98.2884
97.7238
96.7012
94.4087
94.0846
93.896
93.5827
96.2164
94.368
94.3765
93.7803
93.7372
96.4093
95.6398
97.4432
95.6275
96.2652
98.1
96.6055
96.0519
94.0535
94.765
94.8
95.3708
98.1226
96.8469
96.8053
95.8564
95.5741
95.0828
93.7394
91.9917
91.9532
89.6847
90.8595
89.4793
89.571
91.9269
93.3092
92.7681
93.6833
93.9708
94.9035
93.0844
93.1764
91.8116
90.9916
93.2264
93.6646
92.764
93.3683
93.7447
94.9775
92.986
93.0111
93.6837
92.0266
92.2665
93.4889
92.7291
91.4879
90.7538
90.2873
92.1872
91.8812
92.318
92.4529
93.4187
92.565
93.278
94.639
95.8861
96.7022
97.1025
96.908
97.9702
98.5928
99.9828
100.597
99.3374
98.5804
100.321
99.603
97.8188
98.3253
96.8579
96.3381
96.14
97.2385
96.8603
94.2276
93.2649
92.0178
88.7293
86.8313
85.4492
83.842
84.7576
83.9739
83.7261
83.2228
82.2742
82.3083
84.532
85.0135
84.7451
83.9985
82.9376
83.6481
82.854
82.5902
82.2298
83.1604
83.0714
83.1278
82.4421
82.7654
82.2855
81.8886
81.2174
80.3483
79.6569
79.3827
80.4363
79.2084
77.9453
78.5852
78.6511
80.6103
80.2725
80.3817
82.0347
81.2199
84.3305
85.3274
86.2725
88.7826
87.2228
88.4879
88.9464
88.1833
87.8433
87.0878
89.0435
89.243
87.7095
88.562
88.4958
89.0824
90.0498
89.8959
90.6686
88.6606
87.8274
87.2222
87.5226
88.5552
87.4925
87.0899
88.7595
89.2771
89.5256
89.7618
89.4749
90.725
90.854
90.3849
88.956
90.2272
90.9103
90.661
92.1615
92.5511
92.6315
90.749
91.6692
91.1463
89.7357
90.3113
91.1187
92.1284
92.7139
90.3691
89.3315
88.577
88.6124
90.4012
89.2457
88.845
88.5037
87.7354
88.4813
90.3248
91.2186
92.9887
93.487
93.0846
94.7799
94.6197
95.7453
96.373
96.2447
96.3952
95.1913
95.6182
96.5692
96.9479
97.2776
98.0835
98.1229
99.2258
99.4917
100.786
100.5
99.9594
99.8399
100.324
99.3086
100.549
100.212
101.293
103.011
103.271
104.824
104.424
104.878
103.939
104.027
107.328
107.178
106.902
105.327
106.217
103.748
103.834
103.831
103.948
104.323
103.425
102.621
100.88
100.484
102.506
99.3265
98.8623
100.658
98.8626
98.4659
96.7386
95.3485
94.2291
94.5041
94.4506
93.6699
94.1058
95.933
97.0475
95.0629
94.0726
92.8952
91.1322
90.4693
90.0899
88.6707
88.0675
86.5242
86.4866
87.403
88.0896
88.3777
86.3272
85.1152
85.1346
85.1154
85.5372
86.9283
89.1461
89.7657
90.6103
90.9313
90.2317
90.1968
90.4686
89.4513
90.1993
91.6897
90.1424
89.4354
90.0094
89.6406
89.7226
88.794
88.7802
89.5567
91.6674
89.7096
88.5272
89.0396
89.6607
88.7338
89.1257
87.4796
87.8015
89.1228
90.2999
89.8181
89.4703
87.7985
86.8529
87.6909
87.8107
86.6261
85.9008
86.7132
84.2387
82.9577
81.7686
80.3246
80.9916
79.6341
80.1501
78.3949
78.3596
78.6351
78.7796
78.1041
79.6019
77.5939
77.1539
77.9293
78.5492
79.0682
77.2079
77.6295
75.4901
75.6949
76.8882
78.5203
79.0394
78.3856
79.2725
79.4965
78.6552
78.312
79.8511
80.6571
81.5848
81.0997
79.338
79.3651
79.2116
79.7681
77.921
78.3773
79.2146
79.0967
79.5083
78.2121
77.8016
78.2543
76.3878
77.4695
77.4782
75.4177
75.0484
74.0679
74.9552
74.8202
73.7277
74.0682
73.2949
72.545
70.9576
71.2499
71.0317
71.7876
71.5216
70.7136
71.0795
70.1316
70.5348
71.0567
69.2608
71.2818
71.2034
70.4877
70.0701
70.6918
71.2664
69.9809
70.5711
70.8794
70.2628
68.9783
68.7533
67.1813
68.3244
68.8868
68.8979
67.9173
68.3786
67.7099
68.5973
69.9379
70.464
73.0296
73.2145
72.7711
71.545
71.5334
71.2303
71.9963
71.337
72.5292
73.7168
72.4965
73.7776
73.6043
74.5815
73.6567
71.2426
70.1808
69.2743
68.1056
68.9414
68.0864
69.7752
67.9643
68.0027
68.6827
68.8129
67.6595
68.6534
68.1084
68.9147
68.3573
68.0041
68.0863
67.2044
68.0061
68.6604
67.8231
67.0606
67.0424
68.2421
67.2489
67.0613
67.5726
68.5784
69.1931
71.3257
71.1374
70.6591
71.0528
71.8092
72.2836
72.5965
73.6046
74.4858
74.7204
74.226
75.2557
75.4025
76.6334
78.6056
78.5209
77.369
77.1864
77.809
76.8153
77.6263
77.7903
78.8355
77.6259
77.7243
77.4697
77.2261
78.3736
78.4942
78.1861
79.7882
78.0978
78.3529
78.4093
77.4128
77.7013
76.7926
77.0004
77.0634
75.8017
76.5219
76.093
78.6096
77.0326
76.0294
77.8022
77.1792
76.6322
77.4358
77.1304
78.2354
77.0824
76.8226
77.8576
78.3433
78.5284
76.9388
75.1527
74.3729
74.8017
76.2197
76.9171
76.7878
75.5568
75.7536
76.0978
76.2954
78.0237
77.6834
77.8896
77.3336
77.7415
77.7101
77.4135
77.6417
79.5466
80.6473
80.5057
81.1571
80.5413
79.9668
80.2851
79.9792
79.2847
80.2372
79.7406
78.3549
77.181
75.7976
75.7692
73.8458
73.28
73.84
73.3176
71.7893
71.0134
71.8861
72.5699
71.5658
72.6854
74.0727
74.267
75.3449
74.2812
72.2881
71.2906
71.0442
71.0464
71.7957
72.3426
72.2405
72.8904
74.7065
74.1134
74.6582
74.8092
74.6318
74.8657
75.7817
75.7203
77.3393
77.8114
78.3269
77.1632
76.9969
77.6329
75.761
74.2748
73.5414
72.7313
72.8914
73.2238
73.6797
74.728
74.3014
74.292
73.6297
