102.438
104.044
103.678
104.581
106.926
108.645
108.869
109.64
109.02
111.283
111.349
112.088
113.019
112.464
113.954
111.441
110.881
109.44
111.091
112.497
113.926
113.444
113.739
114.127
112.687
111.249
110.777
112.12
112.07
111.542
112.042
109.94
111.977
112.743
112.559
113.984
115.158
115.461
115.543
116.016
116.796
116.212
117.97
119.831
120.228
122.054
122.482
122.05
121.382
121.142
120.531
122.585
122.724
122.635
122.752
122.767
122.076
120.634
121.348
120.819
122.111
121.773
123.114
123.453
124.045
127.171
124.783
129.129
129.537
127.388
127.898
129.112
127.164
129.349
127.321
124.417
122.954
122.861
123.376
123.509
121.276
117.775
117.666
118.394
118.695
117.758
121.49
122.81
122.439
124.102
121.278
118.841
116.237
117.452
119.124
117.486
117.906
118.458
114.977
116.721
113.302
115.517
114.553
115.802
115.653
115.912
117.788
117.499
117.275
117.577
113.871
114.525
117.749
117.977
120.229
120.053
119.143
118.633
121.223
123.241
121.992
123.195
122.834
122.708
122.536
121.244
120.23
121.339
121.917
121.576
120.957
122.939
122.59
122.614
123.412
124.789
127.063
127.577
127.1
125.459
124.594
124.238
126.296
123.73
123.266
122.417
121.704
122.59
118.107
117.518
118.42
117.668
119.357
116.186
116.798
116.249
117.338
114.377
113.43
115.124
115.279
116.523
116.178
118.237
116.463
116.339
116.696
118.63
122.082
120.759
125.613
126.988
125.407
125.469
127.867
129.063
129.869
126.106
127.396
127.277
126.206
127.345
127.219
127.718
125.9
124.381
123.674
125.388
125.38
124.308
125.526
126.003
126.228
128.022
128.01
129.385
130.425
131.608
132.806
134.375
133.98
135.963
133.403
133.21
132.743
131.511
132.783
129.856
129.4
128.55
127.633
130.383
129.547
130.67
129.911
131.949
132.394
133.05
133.12
131.418
132.876
136.509
136.101
136.81
138.914
138.456
139.333
141.94
141.698
139.28
138.943
141.564
140.124
138.571
137.096
137.696
137.717
139.043
139.966
138.861
138.136
137.517
136.057
137.809
137.912
132.591
134.554
133.039
131.19
129.675
130.865
129.906
130.272
130.789
132.618
131.973
133.109
130.032
128.86
130.659
129.513
126.904
125.622
122.916
124.277
122.911
122.249
121.771
120.711
119.883
118.644
120.42
119.522
118.026
114.813
114.156
110.831
111.357
112.887
114.398
113.488
114.581
113.787
117.167
120.832
119.407
121.786
122.463
123.05
124.885
126.007
127.896
127.413
127.669
127.498
126.851
127.425
124.865
126.554
127.922
125.014
125.886
127.641
126.844
128.047
127.377
130.794
130.551
129.038
131.494
136.355
138.092
138.037
138.353
136.096
135.768
136.583
136.741
136.324
136.157
135.945
137.724
139.377
140.636
143.48
143.145
143.336
143.633
144.558
144.783
145.393
145.811
145.539
142.105
141.569
140.116
138.797
138.774
139.824
139.966
140.948
144.546
145.16
144.943
144.425
145.965
146.302
145.692
142.435
141.832
141.483
139.627
138.317
137.249
138.927
142.287
140.484
140.249
142.316
136.952
140.768
141.17
138.109
136.497
135.418
134.893
132.842
134.606
134.716
136.956
132.529
128.239
128.51
128.042
128.243
127.344
126.649
129.234
130.892
131.393
129.835
132.178
130.722
130.291
129.49
129.508
127.511
128.646
130.304
129.461
126.812
124.729
124.304
123.14
123.884
125.047
124.62
127.611
128.35
132.181
132.189
133.555
135.267
134.035
134.53
137.92
139.456
140.045
139.658
138.825
137.194
136.229
136.248
134.746
136.22
139.209
135.486
136.769
137.192
136.86
136.891
138.09
136.757
137.818
139.7
139.283
136.715
138.729
139.029
137.183
138.535
139.724
142.731
137.138
135.965
137.76
134.879
133.794
131.725
132.708
133.264
131.405
130.414
132.29
130.74
131.089
128.64
126.702
128.884
130.028
126.234
124.763
124.875
123.378
125.539
124.038
124.102
122.243
119.597
118.116
117.129
116.513
114.723
113.661
111.926
112.83
112.114
114.872
113.501
112.023
109.708
108.057
110.334
112.17
112.297
110.198
110.098
110.477
109.212
109.781
112.563
110.267
111.563
110.588
107.203
106.829
106.628
106.587
107.14
105.822
105.616
105.454
105.848
105.001
104.82
104.621
105.952
105.269
103.492
103.906
104.641
104.841
103.948
103.8
103.264
104.784
105.381
106.352
107.03
105.486
105.785
104.384
104.179
102.926
102.494
103.177
100.848
103.36
103.114
103.438
101.485
102.204
101.456
102.247
101.547
100.992
100.063
97.9781
99.1748
98.6633
98.3649
100.387
102.579
102.687
104.294
103.415
104.402
106.246
107.234
104.936
103.039
104.843
102.713
104.049
104.24
107.324
106.781
106.553
107.588
108.345
107.839
104.246
104.197
105.829
106.677
103.041
102.859
104.757
105.238
105.605
104.504
104.893
105.881
106.363
104.528
104.092
101.805
102.42
104.933
106.127
107.89
109.18
110.038
109.898
110.714
107.877
109.006
108.42
108.592
109.649
110.221
108.966
108.324
109.729
107.583
106.743
105.738
106.401
107.289
105.792
105.377
104.553
104.932
106.52
107.321
106.055
104.744
104.332
102.398
101.612
