99.9375
100.648
99.14
98.2984
100.67
101.362
98.9301
98.959
97.1335
95.6007
97.6421
96.0422
97.7512
99.4277
98.195
98.5437
98.0305
98.2912
97.7892
97.8694
96.5266
96.4749
97.4426
98.36
97.0232
96.6476
97.7613
99.0662
97.6015
97.6115
97.0386
96.3468
96.8404
98.8108
98.6272
97.4465
97.9595
97.0688
98.3246
96.4294
95.3062
93.048
92.2297
91.3086
91.4887
92.0573
92.1719
93.7272
95.1808
93.5412
93.2042
93.0614
93.2511
92.9305
93.5599
94.4122
93.5891
94.5608
91.4261
92.6778
93.4614
93.3836
91.5341
93.0122
94.2023
92.5299
92.1483
92.0157
93.2548
93.2898
94.2248
96.5645
96.9255
97.0692
97.7537
97.9746
95.9253
96.6692
96.0248
96.6561
96.3302
97.0383
96.9637
96.2119
96.4776
95.2503
94.9639
94.048
94.6158
96.786
97.7193
96.9114
96.2614
96.406
96.8428
98.6624
98.3426
99.6152
100.571
99.0171
98.5666
97.9605
97.2623
95.855
96.457
95.4396
96.8372
97.7155
96.2603
97.2975
98.4715
98.9079
99.4885
101.766
103.258
102.678
102.061
103.688
104.484
105.415
104.514
106.833
106.279
106.367
106.189
106.463
107.661
106.197
106.971
107.515
105.76
105.776
104.488
104.251
101.668
102.237
101.318
101.644
104.012
104.32
105.232
105.283
106.835
106.52
107.757
106.911
105.426
105.759
104.072
104.047
102.855
104.002
104.177
104.329
105.167
104.931
102.751
100.844
99.6904
99.4798
98.1882
97.4639
97.7599
95.4949
96.7129
97.8538
99.6445
101.035
101.494
100.663
100.692
99.8875
100.322
98.0375
98.4607
102.429
102.361
105.166
103.688
104.735
105.999
107.557
107.254
106.054
104.994
103.8
105.11
104.891
105.153
106.631
108.756
109.962
111.608
111.725
110.013
108.012
108.158
107.534
108.02
106.12
103.85
102.967
102.441
100.977
102.288
101.596
101.377
100.238
101.877
101.127
101.436
102.161
101.19
98.9397
97.2961
96.753
97.2692
96.3197
96.1397
96.5062
97.726
97.2418
95.9901
95.1121
94.6399
95.2021
96.2392
97.7037
98.3127
98.3296
98.8638
98.7395
99.496
100.213
100.305
100.58
100.085
99.5829
100.402
100.951
100.47
102.414
105.123
105.168
107.078
107.113
108.383
108.223
108.565
108.402
110.818
109.893
110.049
109.529
109.653
109.289
107.842
105.573
106.543
107.546
108.107
108.519
109.567
108.208
107.883
107.23
107.223
107.194
108.188
111.272
110.92
112.641
113.19
111.547
109.798
108.507
108.718
109.063
106.614
106.791
107.679
107.085
105.311
103.91
104.403
103.807
104.341
104.207
105.297
106.282
103.283
104.121
102.474
102.101
103.011
102.034
103.457
103.089
105.405
105.174
105.774
103.879
102.384
102.428
102.732
103.989
103.036
103.087
104.112
106.206
106.547
105.126
107.82
109.735
110.232
111.492
108.825
110.13
110.999
109.734
111.368
116.137
115.691
113.248
113.784
115.479
114.821
114.593
114.905
116.204
119.452
118.419
119.74
120.127
119.249
119.926
119.994
119.221
118.006
118.818
118.758
119.962
117.196
117.307
115.94
115.207
115.702
116.972
118.371
116.559
113.966
113.952
115.463
117.117
117.255
118.773
120.107
118.722
119.717
119.581
120.83
119.434
120.738
120.442
121.381
121.032
119.588
121.158
122.866
122.907
122.182
120.486
115.973
116.403
117.109
115.168
115.647
114.944
114.109
112.76
112.883
113.923
114.466
113.772
116.33
115.502
117.373
118.206
117.772
118.323
115.865
115.97
117.824
119.791
119.352
117.545
116.212
120.234
118.98
119.154
120.246
122.468
122.27
122.914
122.112
122.432
121.183
120.311
116.907
118.449
120.187
117.667
118.938
123.551
121.657
121.934
124.204
128.356
131.874
130.947
132.426
131.684
133.577
131.555
129.339
129.83
132.488
131.055
132.057
131.52
129.439
128.887
129.292
130.067
132.873
132.401
133.184
133.982
133.019
134.312
136.02
137.811
135.891
135.615
132.239
133.13
133.651
131.743
132.296
133.986
135.235
131.257
129.601
129.013
131.275
129.207
127.294
126.655
125.276
125.998
123.262
122.068
124.039
126.414
125.145
123.472
121.453
120.238
121.103
121.467
119.268
117.65
118.223
116.694
116.636
115.389
114.883
116.74
115.591
115.148
115.89
116.241
115.078
115.228
116.028
115.629
115.424
116.084
115.434
113.898
114.262
112.977
114.934
113.145
113.557
114.96
113.918
113.229
110.443
109.244
109.41
110.251
108.154
110.225
110.391
111.135
111.983
110.464
110.83
110.63
111.795
111.906
115.655
116.08
118.713
120.307
122.475
119.876
120.898
120.711
121.227
121.74
123.045
123.457
121.358
119.541
117.163
118.669
118.383
116.859
116.309
116.603
117.444
116.144
115.769
113.008
113.373
114.302
114.64
114.517
114.838
115.987
117.106
119.543
119.929
118.054
117.047
115.937
115.785
116.507
119.178
120.178
121.934
120.165
120.302
120.826
121.092
121.436
121.853
120.792
122.36
123.4
123.978
123.933
124.831
125.217
125.027
124.404
124.896
127.029
128.975
132.43
133.709
133.501
133.22
136.265
134.448
133.924
135.285
135.864
136.825
139.188
138.307
138.898
140.084
136.615
133.559
134.653
136.047
136.85
136.269
133.37
134.297
133.076
132.513
132.596
131.54
133.34
131.889
132.728
