100.386
98.8127
97.7111
95.1162
96.5095
96.5308
96.9176
96.7372
96.952
96.8057
95.4012
96.049
95.7395
96.0223
94.6854
96.4145
95.1268
96.0774
96.2313
96.7227
95.3293
95.177
94.8457
94.0292
93.7696
91.9948
92.0003
91.3506
91.643
93.094
92.738
93.0548
94.1662
94.6646
96.4861
95.3872
96.6748
95.1628
95.705
96.4241
96.7843
96.5489
97.4863
95.8128
95.5185
96.8293
98.8006
97.1832
96.5724
95.8319
95.1202
94.1043
93.5388
93.969
92.2306
92.4333
95.2432
94.0589
95.6559
96.9148
99.8152
97.0858
96.1279
95.5676
94.8886
94.1014
90.7353
90.5946
89.34
88.6316
89.1808
87.6128
88.4669
89.8128
90.8226
90.3699
92.0704
92.7606
93.9986
95.9906
96.5735
95.001
96.4613
99.0664
97.9273
97.3255
98.2104
98.2017
97.1747
98.2234
98.3914
97.2769
96.0316
97.756
97.8429
99.0959
99.6641
99.5717
97.736
96.6691
97.2499
97.3169
97.6339
98.3824
97.9207
101.523
99.0759
98.2724
99.5889
98.5281
97.9254
98.0869
98.7965
98.5048
100.452
99.5894
98.4657
97.5662
97.7632
97.4055
97.1838
97.2984
95.5623
96.8867
97.8627
98.0854
97.6056
98.5608
98.0003
98.6262
100.368
100.051
98.5628
101.015
99.2014
101.203
101.466
101.846
101.947
102.315
102.273
103.866
106.124
105.514
105.987
107.636
109.231
108.693
107.644
108.857
108.203
108.824
110.76
108.496
111.177
111.291
112.305
113.371
111.625
109.305
111.256
110.784
110.657
111.539
110.114
110.587
112.561
111.178
113.117
112.449
112.684
114.5
116.346
115.356
115.133
114.274
113.006
113.332
112.932
109.478
109.989
111.942
111.169
112.94
113.443
114.137
114.096
113.695
112.859
114.679
113.947
116.401
117.294
118.085
115.494
113.188
112.273
111.181
111.399
112.322
111.427
109.935
110.33
109.861
113.106
111.479
113.111
115.449
115.381
115.641
115.144
114.99
114.854
118.678
120.856
120.448
120.741
121.335
119.949
122.469
124.057
124.485
121.552
123.608
122.171
123.289
121.753
122.166
121.693
121.771
121.285
121.77
121.303
120.734
121.557
122.328
122.786
124.963
125.612
124.261
123.984
124.963
125.817
123.818
123.597
122.874
123.616
124.347
127.287
128.111
128.617
125.501
124.733
125.143
126.468
126.883
128.577
132.546
129.065
128.722
127.814
129.313
129.195
127.339
128.602
130.982
128.753
128.822
129.694
129.944
131.314
132.786
132.665
131.544
135.314
135.398
135.45
136.975
141.225
140.14
144.249
143.144
142.074
139.268
139.454
137.224
137.106
137.484
138.389
137.499
138.687
138.601
137.6
138.137
136.587
137.306
135.682
132.92
133.888
132.839
132.361
130.238
127.804
127.614
128.978
129.023
128.519
132.334
133.145
133.55
134.132
136.287
137.854
136.637
134.434
138.52
138.648
137.778
138.274
137.633
138.181
141.197
141.969
141.799
140.523
139.563
138.647
139.293
139.178
142.677
139.627
140.278
142.459
143.652
143.146
145.212
145.412
148.035
149.361
148.625
147.195
147.178
147.666
144.602
142.484
143.04
141.401
142.343
141.874
139.431
142.366
142.389
141.098
143.732
147.166
149.73
150.217
149.201
148.922
148.82
151.467
153.369
152.663
152.931
151.261
148.072
145.036
143.878
143.422
140.717
141.251
144.205
141.775
141.131
139.242
140.714
140.846
140.466
140.54
143.322
142.145
140.419
139.461
137.41
138.305
135.744
137.27
137.889
136.793
135.514
136.805
138.099
138.967
139.639
137.914
137.82
137.498
135.133
133.416
132.74
131.821
133.408
134.682
132.619
133.297
130.595
130.613
131.801
129.335
128.347
128.113
126.112
126.586
127.332
126.108
128.203
130.748
131.749
129.841
127.781
123.951
124.556
126.933
126.43
126.835
125.995
126.3
127.405
129.65
126.941
128.189
129.229
128.2
128.267
127.867
127.243
125.637
127.155
127.231
128.652
129.264
128.795
129.539
133.44
135.386
136.293
135.003
133.396
131.772
127.844
129.401
132.103
133.604
133.546
133.965
135.991
135.2
134.733
135.094
132.458
133.479
133.656
133.866
134.31
133.087
131.122
131.823
133.512
133.096
133.02
131.662
128.595
126.233
125.185
121.846
121.979
118.941
116.599
114.256
115.682
115.47
116.758
113.873
114.408
115.247
115.553
115.899
118.007
117.26
119.098
123.11
121.548
122
121.925
121.928
120.438
118.858
118.966
118.101
118.864
118.016
115.351
112.839
112.954
110.102
110.331
109.862
109.988
109.694
112.858
112.136
114.534
114.969
115.246
114.041
113.795
116.083
116.003
114.417
115.575
116.179
118.088
117.976
119.659
119.509
121.021
120.969
122.539
123.425
126.143
126.617
126.501
126.38
128.168
131.24
128.427
128.009
125.416
124.115
123.518
122.12
124.549
125.512
126.859
123.123
123.223
125.283
124.53
125.361
125.478
124.469
122.77
123.481
126.254
125.591
124.368
121.925
121.669
123.44
121.7
121.17
121.186
123.037
126.182
124.258
123.425
124.68
123.662
124.141
124.031
123.718
122.944
122.614
121.446
120.467
119.917
119.671
120.241
121.688
122.888
122.797
121.058
120.308
119.092
117.162
116.706
117.209
118.9
118.314
116.23
118.567
118.628
117.194
115.887
115.955
114.908
114.203
112.894
113.732
112.458
