100.686
101.589
103.773
102.313
102.636
103.622
102.588
102.411
101.026
102.255
101.137
101.495
99.3579
101.023
102.546
103.577
103.031
102.478
101.208
101.575
100.248
100.923
100.238
102.424
103.233
103.106
102.111
101.792
101.549
101.483
102.705
102.914
103.59
102.264
101.766
100.086
101.886
104.177
103.067
101.419
102.538
104.622
104.197
104.259
103.571
102.07
100.983
99.785
101.511
102.609
101.426
101.105
100.255
101.783
101.797
102.935
101.712
102.125
99.7156
99.8432
98.2779
97.913
96.8704
96.238
96.1745
96.8388
98.7667
98.8006
98.0319
98.3897
97.942
96.5725
98.7536
98.0864
96.6955
96.5521
95.7629
96.2804
96.5273
97.5396
97.101
96.8596
95.7882
95.7464
95.1691
94.511
93.6231
95.1264
95.4285
97.3811
96.3308
95.9417
94.5004
95.7852
93.7567
94.4958
94.5428
93.5074
93.9217
94.1244
93.1839
94.2051
95.14
96.7154
96.5957
95.4396
95.5258
95.4519
96.0963
97.0292
96.9487
95.9723
92.7897
90.8777
92.5813
93.5916
93.0872
93.7123
93.2448
92.8988
93.3332
93.8222
93.3984
91.7909
92.5887
92.6982
92.5003
92.0001
89.0423
90.0505
90.4719
91.5078
89.358
88.8518
87.9863
85.5371
85.6837
85.3557
84.3489
83.4865
83.5279
83.5344
83.4285
83.3476
84.6671
85.5128
83.8065
82.3138
83.1956
82.2462
83.4714
83.7082
83.2955
83.3884
84.7299
86.1118
86.6999
86.4218
86.6848
87.0959
87.3047
86.2452
87.4018
87.5382
87.6862
87.9887
87.983
86.4932
86.2187
86.8392
88.115
87.5782
87.0704
88.4541
88.4215
87.5767
86.847
86.3374
85.0451
85.5552
85.5226
86.341
85.766
85.5277
86.3203
87.1635
86.9157
84.8684
85.7622
86.7573
85.6999
87.3912
88.8065
90.013
90.1982
90.1996
89.7416
91.3287
91.8846
92.46
92.5925
95.1277
96.1578
98.3443
96.9009
96.3429
96.5929
97.2374
95.6934
96.1953
95.4672
96.1241
95.6673
95.7428
96.0065
96.1064
96.201
98.9564
100.674
100.621
101.474
101.717
99.671
97.4945
96.5211
98.8592
101.525
101.4
101.082
102.786
101.796
102.103
100.348
99.2862
99.492
96.8668
97.1142
97.2296
96.5236
97.2675
99.3482
97.822
99.4795
102.573
102.799
100.531
99.349
97.0296
95.8681
95.0242
96.1701
96.3184
95.5231
94.7794
94.9644
96.0477
96.849
96.8587
95.9106
96.3594
98.278
97.9106
97.683
98.9961
99.2841
99.4434
100.839
98.9684
98.7254
98.2462
100.088
99.8068
100.344
99.2661
98.9529
98.8024
101.185
100.143
98.8634
97.4456
98.4316
99.4926
100.388
99.2711
99.2327
101.433
100.651
100.235
97.9191
97.3261
96.3346
95.1073
95.5959
94.8358
95.0256
92.8602
94.1574
97.685
97.2955
97.5095
96.8907
97.8666
96.9303
97.1927
96.7739
95.6982
97.4588
96.6146
97.0599
96.7203
95.9593
95.8052
96.5588
94.9915
95.6786
94.6317
89.9515
90.0115
91.5869
90.8897
89.0142
90.6948
90.2951
91.0758
91.1595
92.8702
92.6383
91.6174
88.7114
90.3424
90.7956
93.492
93.3291
93.0609
92.7583
92.9116
93.1784
91.293
93.9669
97.4268
96.2941
96.083
97.5598
98.3181
100.485
100.62
99.293
100.449
100.89
100.458
101.952
102.181
100.911
102.955
103.656
105.221
105.162
105.589
105.805
105.181
104.709
104.979
103.863
105.616
106.393
105.618
106.812
104.26
105.702
108.54
106.778
106.825
109.063
109.579
111.48
111.569
110.812
111.676
112.339
109.345
110.975
109.138
107.852
109.235
110.256
111.27
111.619
111.125
110.914
111.684
113.1
114.058
115.136
114.879
114.601
114.465
116.224
115.31
117.293
115.373
114.814
117.316
118.739
118.993
116.779
120.12
121.872
119.614
116.701
118.671
118.647
120.207
123.411
121.474
119.057
119.206
117.528
116.703
118.688
121.116
123.248
126.429
128.117
126.237
127.879
127.249
125.217
127.152
127.287
125.357
122.474
118.689
119.887
121.281
124.027
123.462
124.138
124.408
126.97
123.069
120.103
120.205
120.318
118.826
115.57
115.687
116.086
118.175
118.615
117.064
117.239
117.969
118.028
118.706
118.754
117.755
115.438
116.224
117.16
116.878
115.967
115.892
118.629
119.791
120.694
119.422
118.463
118.233
120.071
118.75
119.167
120.34
120.82
121.769
123.4
121.81
121.153
119.921
118.679
119.474
120.091
116.166
117.738
118.532
116.345
117.595
117.298
117.135
116.776
119.144
121.384
119.951
119.618
121.842
121.163
120.984
119.921
119.449
120.425
121.766
121.68
121.947
121.85
119.103
119.398
119.585
118.57
118.806
119.148
119.098
120.272
122.193
122.329
122.894
122.208
125.323
128.086
128.29
124.545
124.051
123.628
123.431
120.241
121.339
120.481
121.458
122.097
123.996
122.465
122.199
122.209
119.783
121.524
121.703
121.194
122.016
123.072
122.009
122.561
121.867
122.381
120.229
120.938
120.484
121.118
120.507
123.297
122.961
124.01
122.005
120.574
118.215
114.96
114.718
115.047
114.749
116.791
120.104
120.033
120.17
121.971
120.662
121.653
123.186
122.434
125.631
123.21
120.492
118.455
114.209
114.369
114.687
115.058
115.782
112.954
113.159
113.399
114.25
111.009
111.366
109.937
109.826
111.731
110.597
112.004
111.821
112.775
114.308
115.944
114.604
112.764
111.438
108.774
110.478
112.252
112.309
114.227
115.933
116.925
120.435
