99.8911
101.445
100.034
99.807
100.822
99.5068
100.681
101.149
101.953
101.577
101.721
99.7137
100.891
102.48
100.846
97.2934
97.6342
96.444
96.6421
99.9166
100.043
100.383
100.984
101.445
100.782
101.868
103.526
104.053
105.025
104.523
104.289
105.75
106.81
105.605
104.184
104.655
106.041
107.154
109.553
110.975
110.2
110.582
112.358
113.503
110.04
109.987
109.622
108.371
110.055
110.88
108.089
109.726
109.053
106.68
109.008
109.232
108.078
107.061
108.563
107.425
106.836
107.718
106.769
108.64
107.463
108.38
109.649
111.509
111.494
109.172
109.715
111.09
112.413
111.567
110.447
111.812
110.353
108.91
111.74
110.332
110.215
109.537
108.294
107.219
110.663
110.411
110.281
111.933
111.946
112.459
112.257
109.554
108.555
109.216
108.858
109.921
110.444
109.95
108.753
110.395
111.994
109.246
107.573
105.488
105.547
105.331
104.345
104.637
105.607
105.748
104.327
103.639
103.817
105.051
106.873
104.488
102.327
101.77
101.284
101.817
101.314
101.825
103.148
103.644
98.9095
101.222
102.888
103.816
101.924
100.983
101.056
100.953
100.35
101.733
103.435
100.406
100.136
100.471
99.6879
100.881
100.826
101.284
100.438
101.126
99.9327
99.8629
101.411
100.1
100.999
99.4789
99.2501
99.8557
99.3809
99.1367
100.897
100.396
99.946
101.637
102.087
101.011
100.364
98.5437
97.1652
95.1413
96.0563
96.4236
95.8301
95.9332
95.3843
97.4731
97.2237
100.705
101.781
102.364
105.32
104.716
105.464
104.377
102.533
102.032
100.273
97.7708
96.6831
95.6543
96.2783
94.5058
90.4236
89.519
88.2726
87.1605
87.9012
87.3014
88.8389
87.5637
85.5997
86.2178
86.03
86.5276
86.8098
85.2384
82.8979
81.3267
81.2886
81.4914
79.9538
80.0305
78.5468
77.2181
78.5721
78.4824
79.655
81.1318
81.7897
82.2956
81.7696
82.1964
82.7282
83.2631
82.1356
81.3864
80.9375
81.2209
79.8916
79.9414
81.1615
78.9608
80.4851
80.1476
80.3122
80.5878
81.9276
83.4375
81.5848
83.0662
82.8794
83.6583
84.2644
83.5221
83.355
83.4899
83.5565
83.4009
81.2345
81.0621
81.0066
82.164
82.1859
82.5172
82.0309
81.5613
80.5688
80.6789
80.2376
80.5022
80.0364
79.4642
79.3034
79.2713
78.1759
79.2334
78.6687
78.5436
77.3637
78.2634
78.5847
78.0305
78.2463
78.9487
77.4993
77.3754
77.3496
77.1576
78.59
77.5145
76.0944
76.5586
75.9719
76.0419
75.4377
75.5456
73.8713
75.1914
75.003
76.1981
73.7598
73.6965
74.3624
75.2255
74.6107
74.9761
75.4035
75.8559
76.8204
76.1132
75.5868
75.7355
77.4096
78.5028
78.4613
77.3008
76.3387
77.0018
76.6935
76.3136
75.7259
75.151
75.3159
74.1306
73.7356
73.8929
72.7566
73.5111
73.2974
73.6781
72.1686
72.1299
70.9302
69.8092
69.3028
68.628
67.7207
66.9527
68.2663
67.9889
68.6098
68.2507
68.4963
70.2633
70.1253
71.5177
70.8479
70.8759
69.7023
69.1188
68.9079
69.1319
67.9933
68.4443
68.5395
69.931
71.3225
71.7944
72.7828
73.4944
72.0347
71.9452
72.3903
73.2844
73.4658
73.3348
73.1736
73.4145
72.9869
74.4676
73.1642
73.2695
73.5166
74.2648
74.3169
74.2252
74.5956
74.2453
73.9691
72.9404
72.631
72.867
72.097
73.5561
74.1704
73.6966
75.1647
75.2897
74.3486
73.12
71.4996
71.3528
71.5596
69.9002
68.9837
68.9632
68.132
66.7291
64.0374
65.1553
65.0516
65.9772
65.2124
64.7846
64.3514
65.1917
64.6579
64.4943
65.2345
65.7548
65.2383
64.8045
64.6852
63.5541
62.3111
61.8336
62.3908
62.5
61.9394
62.7816
61.7399
61.5584
62.0897
61.7847
62.688
64.5436
64.5556
64.4516
63.5572
64.1098
65.0684
64.476
64.025
64.2666
64.0567
62.9762
61.8037
60.2905
59.8875
60.4308
60.3454
60.6523
60.1536
59.2285
58.076
59.4821
59.7233
57.9676
57.8167
58.007
57.6439
58.4311
58.7742
59.6114
59.7178
59.7752
58.2367
58.2139
58.4676
58.135
58.3839
58.5563
59.0551
59.961
59.8758
59.6709
59.424
58.5132
58.9952
58.503
60.0453
60.4213
60.0618
61.0792
60.8893
61.3216
60.9601
59.9543
59.0638
58.6599
58.5755
58.1207
58.3329
59.232
59.1974
59.3229
59.7145
58.9434
59.113
58.8593
57.4056
57.9958
58.6331
58.0427
58.094
56.6406
57.1693
56.7883
55.8053
56.2461
55.2771
54.5638
54.5004
54.8911
55.0953
55.2202
54.8886
54.4985
54.2887
54.1144
53.9775
53.6246
53.8422
54.0136
55.1272
56.1817
56.7381
55.8145
55.7026
55.7049
55.977
56.5191
56.0293
55.9673
57.4382
57.3802
57.8065
57.8163
58.4989
58.7397
58.9394
58.2744
57.5583
57.7362
57.8439
56.14
56.6233
57.9074
59.2373
59.214
58.7221
58.6074
58.6728
59.3122
58.8296
58.7837
58.8131
59.4249
59.3082
59.597
58.8832
58.6346
58.1908
58.2367
59.3544
59.5979
60.6586
60.6053
61.0395
60.7689
61.593
62.8392
63.838
63.3978
63.1216
63.0209
62.0613
63.1394
64.4229
65.4677
66.2447
65.8959
66.0986
66.3222
68.7784
67.7736
68.7225
67.7858
67.5358
68.6153
68.7313
68.5888
68.7135
68.1722
67.699
69.0589
69.5048
69.7034
67.7963
66.8227
67.7195
66.2986
66.2989
66.9465
66.9561
67.6596
68.8303
69.2733
69.5894
70.5383
70.9195
71.8785
70.5547
70.5789
69.4557
70.9742
71.3549
70.9302
71.5057
70.75
70.5513
71.0755
70.6665
69.7115
69.1253
68.7595
