98.2875
100.259
101.454
103.262
103.384
102.436
101.534
102.017
102.303
102.388
102.522
102.755
102.36
102.838
102.998
103.883
101.681
101.816
102.03
100.794
102.642
103.368
103.689
103.66
104.369
102.86
102.941
102.932
103.427
103.585
105.412
102.553
101.098
101.723
101.918
102.193
103.305
103.514
103.206
105.057
107.524
107.532
105.147
104.76
104.797
104.956
104.298
104.32
105.498
105.606
107.005
107.575
109.504
108.615
109.01
111.51
110.151
109.78
110.344
110.59
110.385
109.047
111.429
111.521
112.586
114.872
113.938
110.432
110.868
110.502
111.955
113.49
111.616
111.477
112.141
112.584
113.891
109.734
109.487
110.333
110.989
113.021
112.919
113.953
114.371
115.689
116.237
115.62
115.782
116.022
116.288
114.192
114.152
115.694
115.204
117.407
115.938
114.738
114.62
117.723
116.214
118.015
121.14
123.622
124.867
125.953
124.506
124.788
126.157
128.572
128.909
128.542
128.932
127.266
130.301
130.355
130.325
130.211
134.169
135.016
135.472
137.956
138.038
135.786
134.23
134.829
133.809
131.321
132.744
131.018
131.06
130.713
129.548
131.612
131.967
129.494
127.619
127.465
128.217
127.566
126.627
126.225
127.788
128.942
127.555
127.622
127.936
127.48
123.791
125.499
125.902
125.066
124.279
126.018
125.263
124.821
125.902
125.568
126.131
128.294
130.096
133.187
134.382
130.45
132.137
131.64
133.116
133.314
132.91
132.741
132.145
133.797
133.361
133.336
134.27
134.891
134.727
132.934
134.573
137.442
136.738
135.261
136.517
136.82
135.645
137.317
137.552
137.962
136.52
138.459
138.819
138.087
139.114
141.319
141.675
140.496
143.288
144.079
145.2
145.58
144.239
145.017
145.068
147.908
147.163
145.916
144.691
143.645
142.462
143.127
142.597
146.847
146.754
143.098
145.189
146.487
149.218
149.944
150.007
148.933
152.497
150.61
151.422
152.038
153.033
151.41
151.276
150.427
148.74
151.286
151.532
151.492
151.651
149.131
148.429
147.332
146.279
144.21
144.513
150.933
149.56
147.369
147.618
144.502
144.637
144.867
144.903
140.792
138.809
138.459
135.681
136.496
138.131
137.302
134.19
132.281
131.254
132.658
133.699
132.97
134.325
134.064
137.794
139.348
140.811
143.395
145.338
144.3
142.385
139.48
141.52
141.797
143.817
141.905
140.918
140.736
142.018
138.916
139.021
135.852
136.349
134.701
139.564
143.441
141.741
144.083
144.329
146.54
146.495
150.754
149.027
150.116
153.264
156.779
155.305
155.908
154.054
153.456
150.684
155.314
156.17
157.954
159.019
162.989
159.896
158.551
157.851
160.663
159.411
156.922
152.543
153.731
151.29
150.596
149.413
148.56
151.015
152.154
151.301
148.249
150.584
146.681
147.154
145.394
144.551
143.797
143.85
144.893
146.582
144.238
141.972
141.023
139.633
143.968
144.05
144.874
144.336
146.016
145.718
146.168
144.896
146.098
148.952
148.065
147.833
148.367
149.525
149.748
148.518
147.433
149.037
152.783
152.751
153.212
152.457
151.132
148.296
147.741
150.556
150.946
147.634
148.483
149.914
148.619
148.549
148.583
148.365
144.994
144.833
144.684
145.889
144.229
142.726
142.94
143.738
144.683
141.976
143.303
142.904
141.868
139.781
142.239
141.183
141.842
139.147
141.416
140.847
140.339
138.882
137.826
136.816
136.846
135.107
132.705
132.818
135.308
135.665
135.116
137.545
140.697
141.275
140.008
140.386
135.691
136.577
137.131
136.787
134.322
134.27
136.946
137.784
138.72
140.76
141.343
138.471
140.021
143.324
141.735
142.82
142.307
140.169
139.859
137.739
135.735
135.845
134.313
133.864
132.085
132.785
133.379
136.846
137.885
136.244
134.72
133.812
138.207
138.223
138.363
138.04
137.771
140.044
140.503
142.308
144.408
142.24
144.172
145.418
145.688
144.106
145.246
145.248
145.053
145.191
145.875
142.71
141.796
140.008
137.561
137.056
134.793
133.632
137.667
139.54
142.936
145.341
143.901
142.003
142.094
142.549
142.888
143.473
142.361
142.126
141.659
139.949
142.406
138.919
137.733
137.194
136.425
135.881
134.915
135.802
135.751
136.067
136.114
133.428
133.403
135.553
135.263
134.982
133.887
134.665
133.298
133.703
131.366
131.828
130.474
129.219
131.408
130.292
130.623
129.3
131.214
130.827
130.775
133.07
130.37
130.628
129.313
128.109
127.301
125.207
123.995
125.464
125.536
123.776
125.97
125.14
123.956
125.371
123.456
122.683
121.084
118.323
114.588
114.251
112.782
112.051
112.589
114.111
115.343
115.509
116.469
115.658
115.345
116.06
115.489
113.535
111.714
112.583
115.011
113.786
113.008
113.019
114.026
114.94
116.051
113.215
115.223
116.426
112.439
114.5
113.896
114.081
114.515
113.615
113.072
114.182
114.969
114.446
113.457
111.282
108.23
108.829
110.181
109.944
108.714
109.036
108.707
109.162
108.541
109.034
108.839
108.506
109.404
108.268
107.339
107.42
108.63
106.744
104.327
103.522
102.984
102.687
103.59
104.18
105.095
104.88
104.043
103.476
102.327
101.75
101.428
102.165
98.9237
97.5215
97.7478
96.3669
94.5625
