98.662
100.183
100.437
100.673
102.267
103.76
103.063
103.139
102.379
102.866
103.835
102.613
101.516
101.347
101.783
101.249
101.505
101.161
101.26
102.181
105.006
106.41
104.431
102.332
103.805
102.486
104.933
103.515
104.746
105.853
104.627
103.645
104.05
103.42
102.647
103.036
101.816
99.9565
98.2794
97.3872
97.8619
99.5553
97.8202
97.9933
98.7554
97.0614
98.1384
97.1524
97.3919
98.1659
97.9248
99.5632
99.9504
100.004
98.9938
97.9743
99.1885
101.703
101.128
99.9445
98.9222
100.153
101.76
101.973
100.244
101.349
100.06
101.791
102.588
101.73
101.743
100.589
101.76
99.1324
99.2149
99.4768
98.3967
98.668
95.867
94.5285
94.6852
93.2523
91.8663
93.1938
91.6916
93.8148
94.7343
93.4172
93.0691
93.2429
94.9288
94.8885
94.6572
93.9335
93.2701
94.0736
94.6795
93.3558
93.1851
92.0932
92.7671
92.9362
94.5294
96.383
96.6165
97.7274
98.1085
99.4311
100.166
100.62
101.824
102.963
103.466
105.826
106.275
105.662
104.484
104.592
105.938
107.039
106.069
109.505
106.29
105.302
108.098
108.192
107.815
109.339
110.748
112.399
111.088
109.068
108.241
110.643
112.443
111.396
114.592
113.656
114.727
113.95
111.75
108.897
109.182
108.373
109.049
106.809
104.706
103.622
103.771
103.21
102.502
102.056
104.123
101.463
102.161
101.385
101.931
101.291
104.004
105.451
104.929
103.686
104.303
104.289
106.69
103.966
101.815
101.279
101.361
100.314
100.58
100.543
100.053
102.002
101.136
101.389
101.902
100.388
101.127
100.98
102.207
101.836
100.407
102.372
101.424
100.701
98.7516
98.6513
99.3204
96.6831
97.2922
96.6387
98.1099
97.8613
97.0278
95.5071
95.1924
95.1116
96.7017
97.8593
95.5691
95.1432
94.0734
93.5335
93.8786
93.3247
91.617
91.4538
90.6753
89.8225
87.0395
87.5031
86.4804
85.3189
85.6621
84.8005
84.8651
84.383
85.8714
86.5856
84.8047
85.9843
85.1855
85.1643
84.665
84.0641
85.0372
83.6764
83.4636
83.817
84.0193
84.2596
82.5446
81.6231
81.3638
79.8988
78.7995
78.2582
77.9587
78.0349
78.1881
78.2078
77.1097
75.2605
74.5026
76.5156
76.6274
76.2341
74.5677
76.3242
75.8277
76.3933
76.4254
76.6206
77.096
77.7683
77.2158
76.6632
76.1993
75.7618
74.601
73.4569
74.0748
74.0522
73.7174
73.3679
73.15
72.8709
72.6292
72.8914
73.0597
73.3301
73.0341
72.6819
71.9464
71.9085
71.4208
72.22
71.424
71.6819
71.8418
72.1356
71.2758
71.717
72.205
72.5788
73.284
70.5142
70.2558
69.968
70.6068
70.4233
72.3899
73.2088
73.7672
73.0668
72.8621
71.6999
71.5445
70.2128
69.8268
70.1693
70.0311
70.6752
70.2565
70.463
69.5187
69.4653
70.2262
71.4799
70.9461
70.4796
71.0196
71.4611
71.1917
71.6929
72.0202
71.5933
72.1476
73.8542
73.4963
73.6857
72.4122
74.3273
75.0422
74.6007
73.603
72.6453
73.3407
72.9941
74.7511
75.0275
73.1765
73.5698
71.8277
71.6214
72.2734
72.8835
72.4287
72.1105
72.0092
71.0693
71.3138
71.0133
70.6793
68.5411
67.2007
67.2598
65.3727
67.0158
66.9784
65.9415
66.9428
66.7214
67.3888
67.9337
67.9028
67.8281
68.5777
68.546
68.6391
67.6911
67.4022
66.3551
65.483
65.6611
65.0066
65.7456
64.3642
63.6953
63.2106
63.6129
62.7606
62.4199
63.2258
64.0458
63.1335
62.7403
63.8704
63.9131
63.2427
62.9204
63.3463
61.7367
62.2362
62.0389
61.8915
61.6549
61.5138
60.6542
61.798
62.7248
62.1128
63.1664
62.3033
62.0002
62.7599
61.834
63.1569
62.5717
61.4164
61.4332
61.6099
61.6338
62.4196
61.9336
62.8742
62.0438
62.1509
62.4498
63.72
65.6346
64.5974
64.9431
65.3286
66.0077
65.6727
65.2238
64.6519
65.999
64.6694
64.3884
65.3014
65.367
64.1879
64.8805
64.668
65.2347
65.8057
66.1624
66.8196
66.8777
65.4041
65.1698
63.6008
64.3886
63.9234
63.6379
64.2826
65.7583
64.4908
64.2351
64.3606
64.3049
65.184
65.2313
66.001
66.6248
65.8507
65.82
66.7864
68.7023
67.1584
67.5611
68.4833
69.4965
69.1821
69.6751
68.9344
70.6861
71.8453
72.5577
72.1353
71.513
72.2138
72.4703
72.6364
73.309
74.9568
73.5821
73.3903
74.3125
74.2218
74.0065
75.3754
75.7493
74.786
76.2669
75.0197
76.4982
76.2475
77.6091
78.7847
76.9982
76.8342
76.3403
75.5627
74.5078
73.3235
73.1142
74.1635
72.7392
73.4001
72.6254
73.4162
72.9146
71.6889
71.145
71.0221
71.529
71.0694
70.2219
71.7245
71.0828
70.2458
70.4176
69.5263
67.8284
66.686
66.2551
65.2492
63.3487
63.3269
63.0806
65.347
65.7695
66.8057
67.1143
66.471
66.0276
65.9531
65.8069
66.0341
65.1902
65.676
64.1708
64.191
63.9403
64.7827
65.9779
66.0245
64.9677
66.4043
65.2913
64.0268
63.6543
63.8278
64.1328
63.962
64.5823
64.316
63.7341
64.4144
64.4321
64.6018
64.0806
63.9904
64.2889
65.0047
64.5869
65.562
66.1025
66.313
65.2989
65.1067
65.3984
65.9122
67.7347
67.4759
67.2772
67.4116
65.8493
66.1938
67.0163
67.6129
68.1181
68.7732
68.2624
67.6956
68.0563
67.5795
67.3174
68.2848
68.1642
67.9139
67.743
68.0412
69.3095
70.6187
71.9615
73.5849
73.7422
75.4024
77.2299
76.5383
76.9843
78.3365
77.4016
77.5077
79.1523
77.1707
76.8452
77.6112
77.1804
76.6375
75.6113
76.1141
75.9138
76.9165
77.82
