101.33
101.738
103.497
102.516
102.342
101.789
102.102
103.1
104.129
105.359
103.546
103.953
103.991
102.423
101.895
103.125
104.511
104.539
105.206
105.502
104.807
103.46
104.878
105.675
106.721
105.945
108.29
110.363
110.295
109.024
111.489
111.973
112.331
111.084
110.008
111.074
108.908
110.428
111.6
112.217
113.737
113.158
113.425
113.581
115.212
116.767
115.389
116.081
115.063
114.91
115.571
116.014
114.35
115.183
114.466
110.093
108.775
108.825
109.665
109.185
109.843
108.155
106.512
108.449
109.185
108.435
109.265
109.655
110.924
112.07
113.205
114.919
117.605
114.773
114.683
113.318
112.881
112.515
113.084
112.693
113.292
113.82
110.791
110.651
113.813
112.999
112.855
113.835
112.246
110.522
109.119
108.123
107.469
106.821
109.924
109.071
109.8
112.075
113.28
111.259
110.493
109.725
110.023
107.129
106.58
106.298
104.988
105.269
107.393
105.519
104.366
105.166
104.452
103.855
103.499
103.887
105.782
106.309
106.322
105.86
106.985
107.246
106.02
106.629
105.241
106.105
105.315
104.507
103.65
102.951
99.4324
100.019
97.6744
98.6704
98.8238
99.626
100.591
99.5178
97.8437
99.0026
96.6371
98.7671
97.9935
98.1104
97.9001
97.9696
96.3187
96.2567
94.8925
95.06
95.2062
95.8672
93.8756
95.4646
94.9881
95.9978
95.0074
94.7438
94.156
94.8629
95.8528
95.3513
93.2266
93.2824
94.236
92.8777
91.9756
91.0393
91.6255
91.2353
90.6445
90.1097
91.6039
90.6246
88.9712
88.2832
86.696
86.8195
87.3143
86.8061
86.6236
84.6826
85.2745
86.5492
87.307
87.6661
88.9356
88.9993
88.4258
88.9918
89.217
87.966
86.6154
87.7316
87.5066
87.3345
87.7019
86.2987
85.013
85.5634
86.0633
87.3612
85.8179
87.9052
89.1999
89.3776
90.2868
92.4637
93.2523
94.0379
93.2046
91.0153
90.971
91.8006
91.8524
89.4426
89.5959
89.8427
88.7454
87.7408
88.1611
89.7037
88.2158
87.995
88.7125
87.9082
88.1642
86.9023
87.8523
86.9182
87.257
87.0396
84.9939
86.3839
86.4313
86.9278
88.1529
88.7149
87.4653
86.0607
86.3614
87.2425
88.6437
89.744
88.3608
88.1424
88.3729
88.0066
87.8858
88.5948
86.5883
85.7807
84.8805
84.5884
86.4026
85.8348
86.4492
84.3938
84.2016
85.9478
85.4725
85.8423
87.252
85.2588
84.1707
84.9724
84.2377
85.6839
86.2363
87.4033
88.1532
86.6499
84.993
83.7729
82.5703
82.2353
80.8211
79.4359
79.0635
79.0332
79.8261
80.3689
81.2071
83.1405
81.6765
81.4209
82.8846
82.2929
81.0838
82.3929
81.6608
83.3374
84.3966
85.7278
86.8649
86.6022
86.1606
85.478
85.8384
86.9253
87.94
88.5654
88.9135
86.7807
85.9498
86.2819
87.1676
86.5755
87.5062
87.5582
88.8923
88.326
86.5919
86.0792
86.1123
85.899
87.8398
87.525
88.0716
87.518
88.1012
87.1304
86.4974
86.4277
88.4305
89.0188
90.4521
90.688
90.7265
90.1116
91.4797
91.3616
92.3898
92.1839
91.796
90.6066
92.7744
92.609
92.4974
93.6769
94.2348
94.9117
94.4633
94.7605
94.3572
93.4665
91.036
90.527
90.3661
89.669
89.8545
89.869
89.8085
91.1558
91.8609
91.9924
90.8665
91.9532
93.6063
92.883
90.1336
90.0179
90.1629
91.5628
90.4324
89.2356
88.2825
87.2108
88.3656
88.6045
88.5343
88.639
89.3085
88.5308
89.0745
89.7365
87.9859
86.4824
84.4943
84.7421
84.3699
84.013
83.5709
84.0356
83.513
84.0562
83.7777
82.3585
82.1629
81.5988
82.3255
83.0813
82.8165
80.9919
80.4231
80.5858
80.1102
79.9812
79.8493
80.7104
80.3658
79.9299
79.7089
78.497
79.178
79.1157
79.3887
78.7097
80.1315
80.9062
80.9292
79.653
78.3125
78.0702
77.703
78.0434
79.7671
80.1672
79.8442
81.3179
80.2689
80.5378
80.6426
79.9275
79.1774
79.756
79.2231
79.4858
79.9157
78.4669
78.7093
78.607
80.2217
80.2613
79.5785
80.294
80.5621
81.1688
82.4465
84.4679
83.42
84.2409
85.3591
86.0591
85.7665
85.6442
84.49
85.6583
86.4074
86.6311
88.3305
87.119
86.4876
86.2345
86.5078
87.5567
88.6274
88.5026
87.6139
89.0823
89.9772
91.2656
91.0398
90.5551
90.7576
91.9279
91.9896
90.94
90.4389
90.8392
92.592
92.1957
93.0191
92.5471
93.3289
92.1883
90.3326
89.9546
89.3082
91.1644
91.0937
94.6929
94.6011
95.4371
96.5276
96.1895
95.0801
94.7846
94.7653
93.7941
94.8272
96.5194
95.5995
95.8807
96.1813
94.4027
94.4472
95.2487
94.4813
94.2441
96.858
97.6431
96.094
95.5288
95.0419
93.0042
91.8846
93.5356
91.725
91.8565
90.3485
91.5838
92.8909
92.2456
92.5751
90.5972
90.2797
89.9791
90.5354
89.0567
90.8695
90.2256
89.879
88.471
88.4393
87.3847
86.0614
85.4901
85.6185
85.1281
85.4058
84.44
85.187
84.7972
84.574
83.2336
85.4021
84.787
84.6603
84.2674
84.3681
83.1267
81.2308
80.6627
78.9642
77.2585
75.9079
76.5865
76.9538
75.8084
76.0388
75.6429
76.7114
76.0585
76.4049
74.641
75.5054
76.0945
77.3415
77.2606
78.4076
80.1808
78.4262
78.8364
78.3952
79.2653
77.8686
78.1911
78.8512
78.0177
78.0696
79.1707
80.2286
78.7144
78.898
79.8434
79.6346
79.9135
80.3167
79.0884
80.1166
79.0691
76.6709
76.1195
76.4317
77.4692
79.1207
78.9818
79.8778
80.4385
81.7293
82.5491
81.5216
81.7659
81.8088
82.2948
83.072
82.943
81.2174
81.9909
