98.6522
98.8766
101.1
100.296
100.1
101.023
100.589
101.294
103.266
104.145
104.95
105.24
104.711
106.993
107.478
104.411
104.982
105.317
106.436
106.733
106.575
107.153
106.84
105.157
102.018
101.199
102.763
102.897
102.846
102.783
101.91
102.821
103.72
104.659
103.452
102.37
104.107
105.99
107.11
108.999
107.804
108.743
107.633
107.293
106.328
105.693
106.904
108.304
109.424
108.702
109.335
109.207
108.938
108.684
108.246
106.851
106.055
106.378
105.682
105.053
103.42
105.612
104.569
104.071
104.955
105.373
102.954
102.797
103.12
105.767
104.96
104.472
105.013
105.66
106.828
107.615
106.085
104.079
106.765
106.041
108.466
107.819
106.581
107.669
106.875
105.828
107.144
107.682
105.681
104.746
104.153
104.314
103.95
105.556
108.698
107.384
107.733
107.856
108.618
107.437
107.04
105.999
105.624
108.389
109.768
108.978
110.715
109.15
110.883
109.655
110.081
112.002
110.312
111.247
112.608
110.954
112.508
113.032
111.014
112.371
115.434
115.152
114.543
116.021
117.385
117.63
117.348
118.773
115.764
116.048
117.682
116.275
115.988
116.769
115.912
116.163
116.028
117.579
116.529
117.987
119.896
119
117.159
117.681
117.83
117.503
118.161
113.824
115.464
118.82
118.185
116.233
115.774
115.187
115.269
113.596
112.101
110.369
109.429
110.055
110.272
112.791
113.849
110.565
109.305
109.15
108.242
108.091
108.894
109.795
110.844
111.978
110.048
109.731
112.691
112.47
113.558
114.453
115.905
116.886
116.626
115.508
115.81
115.684
112.318
113.961
113.73
113.102
112.777
112.025
113.269
112.428
113.422
112.323
110.31
111.179
110.554
110.512
111.342
107.777
109.593
109.512
110.698
112.582
111.523
111.988
111.55
111.721
112.259
111.914
113.405
113.556
116.392
118.645
119.459
118.81
116.651
113.427
113.569
114.852
114.231
115.837
115.264
113.508
117.698
117.118
117.028
116.879
117.163
117.624
119.141
121.504
120.451
116.371
118.798
116.9
116.217
116.996
117.045
118.573
116.328
115.356
115.276
115.113
113.577
114.122
116.688
117.526
116.771
118.252
117.308
116.133
115.255
114.72
116.725
117.015
114.976
111.694
111.066
113.157
114.007
112.464
110.894
111.973
114.028
114.317
116.639
116.299
115.711
112.615
114.239
112.913
116.264
116.102
117.181
117.529
118.444
117.997
116.316
118.709
119.807
118.142
117.076
116.322
117.257
116.861
117.546
117.151
117.912
115.082
113.464
113.707
110.527
111.85
113.363
114.182
118.165
118.703
118.291
117.653
118.668
118.374
122.616
123.423
123.87
123.763
123.635
122.721
121.413
122.763
123.712
124.332
125.361
124.182
123.534
123.887
123.685
121.072
123.138
122.355
118.801
119.443
119.259
119.565
121.408
118.976
120.365
119.569
120.839
121.856
119.411
120.117
118.279
116.851
116.276
115.313
114.483
114.22
113.481
114.288
116.103
118.974
118.808
121.501
120.448
119.371
118.73
118.72
118.433
117.545
115.567
112.401
112.618
112.454
111.716
110.119
111.918
110.915
110.271
108.51
109.168
109.557
109.635
110.682
109.051
107.448
106.388
106.561
105.851
104.966
105.037
104.043
103.466
106.44
106.318
105.037
106.066
104.963
103.101
104.001
104.504
107.696
108.541
108.793
108.023
110.624
111.085
108.883
106.878
107.554
107.862
109.7
110.264
108.363
108.015
108.777
106.982
104.822
104.957
103.347
105.956
105.567
105.016
106.35
106.553
106.723
106.407
104.849
104.291
103.582
102.846
101.745
101.165
100.996
101.736
99.8118
100.716
101.004
100.66
101.791
102.841
102.725
103.573
104.74
103.97
104.082
104.352
102.778
103.822
104.659
106.619
108.602
109.48
107.766
108.711
106.77
106.362
104.603
104.404
102.877
103.367
104.277
102.891
105.292
105.357
105.363
103.153
103.378
104.191
103.355
103.083
101.683
101.537
101.36
99.6029
101.365
98.9749
101.062
99.4426
98.7386
97.4616
98.4212
97.1905
96.4467
96.4293
95.9727
95.1097
95.0061
93.7394
91.7138
93.9929
95.5282
95.4342
93.9853
93.0635
92.1649
93.7341
95.3099
95.3593
95.7081
95.6695
93.8457
92.8237
90.8377
92.1359
91.6455
92.186
90.181
90.5721
91.456
90.4813
90.6512
90.8446
90.5122
89.8045
89.1747
90.643
86.4084
87.7388
87.1958
88.5434
90.3904
90.6611
89.8621
89.9158
90.5715
91.855
91.9308
92.0302
91.6472
91.7125
90.9604
91.9087
90.3785
89.8425
89.3391
88.2074
88.1106
87.1165
85.7202
85.4201
85.4503
84.9677
83.5449
84.4924
83.6964
83.5597
85.5143
87.6371
87.8184
87.881
87.4061
89.0136
89.4827
89.6749
91.1078
91.433
91.8049
92.8556
93.5133
95.1942
94.1244
95.1233
95.1424
94.8465
96.2912
96.4639
95.8713
95.3128
93.5608
94.2856
95.456
97.7251
98.8701
99.036
98.0558
98.0584
95.0761
93.252
93.039
92.0545
90.1961
88.8664
86.8328
85.5977
84.9856
84.813
85.4214
84.7326
85.5313
85.1467
85.3428
85.6706
85.15
84.9779
84.3826
85.6748
87.2687
86.885
86.8124
85.1783
84.0529
85.7321
83.842
83.1012
84.5367
83.5953
81.5246
79.8343
79.2681
77.7983
77.6377
77.3868
76.1122
75.4812
73.6137
74.4107
74.6378
73.512
74.5382
