102.02
103.859
102.185
100.365
98.8309
96.9865
97.7252
95.5995
95.426
95.9962
96.5202
95.7664
95.3667
95.1637
95.1814
94.5088
93.5073
91.5969
91.2614
89.0839
87.4171
87.6181
89.5089
87.7951
87.2305
87.1762
87.894
87.7997
88.0458
87.1017
87.0099
85.7727
86.0498
87.1615
85.1795
84.8813
83.9444
83.6978
84.3768
83.6815
81.9953
81.1059
81.8552
82.4418
80.0739
80.5494
81.6535
83.6683
83.8536
83.7161
84.6481
84.5654
84.891
84.3927
82.9578
85.2539
84.928
84.843
85.4327
85.2612
84.1831
85.1618
84.8414
82.7177
82.1767
79.4034
80.325
79.6281
79.4412
78.0758
78.2439
78.7738
79.5166
78.7733
76.8945
77.1794
76.6108
76.2292
77.8744
76.3414
76.6207
76.2566
76.1269
75.4606
74.4434
75.3205
74.9304
74.9293
74.9096
72.9057
72.2049
73.7747
74.589
75.7807
76.3034
77.885
77.7175
78.0985
77.9563
76.5122
76.0243
74.7718
74.0269
75.05
76.4223
76.6901
75.8952
76.4687
75.5576
74.3519
73.6014
72.659
72.8354
73.5638
73.6045
72.5262
72.2119
72.7573
71.9691
71.0678
72.9534
73.7998
74.5989
75.1157
76.1446
76.1957
75.3184
74.7421
73.1418
74.7886
75.0001
75.5861
75.6797
76.1202
75.4063
74.2243
73.9395
75.0779
74.0604
73.5338
72.7467
72.9797
73.0139
73.7928
74.0478
73.4464
74.8486
76.6056
76.568
77.7555
78.3563
76.8354
76.9263
76.4224
77.3074
77.4383
78.3342
78.4746
78.6393
77.3996
76.7122
77.578
77.9802
78.2082
77.8779
79.9648
78.8652
79.0132
77.9656
77.1437
77.4194
77.391
79.0141
78.6804
79.1318
78.7534
79.5527
81.6959
82.4183
82.2944
82.2673
83.8046
84.8767
86.8942
87.0442
86.2878
85.5009
87.2967
87.6575
89.9084
90.3482
93.5705
94.8502
96.602
96.5272
96.1015
96.1482
96.0013
97.9101
98.7739
97.825
96.0616
94.174
94.6761
94.6759
93.5768
93.5341
93.5856
93.4437
93.0072
92.293
93.1882
92.5926
92.2487
90.6175
91.1107
90.0421
88.1129
90.6632
90.5999
90.1403
89.0188
87.7608
86.8907
86.6852
87.9765
89.3724
89.7668
89.5407
88.819
89.0236
91.2395
91.5753
91.0085
92.0056
93.8576
93.4627
94.5335
93.6365
94.1346
92.8227
92.9663
91.7934
92.4852
89.8976
90.0122
91.1539
91.9879
90.4567
92.4761
93.4974
93.4425
93.0674
94.3465
92.9799
93.6225
93.4613
93.489
92.2644
90.7294
89.3362
88.5769
88.0328
88.5164
90.7156
90.1571
90.0236
88.1081
88.3019
89.3105
90.2696
91.0224
90.3353
88.9633
90.6308
90.257
90.6026
91.1525
92.4833
93.5636
93.1608
92.1788
91.1268
90.5668
90.8203
93.0941
94.2495
95.99
97.0483
98.0463
96.3837
95.2909
96.6702
96.1937
96.0819
94.7866
94.0441
94.6667
95.3213
93.1558
93.4435
95.996
94.2827
94.5142
95.8197
93.9056
91.8763
92.6852
93.0909
92.094
92.6489
93.0837
93.2899
93.3373
92.9365
93.3088
91.7628
91.2087
91.749
94.342
92.1346
92.4648
91.7835
91.5927
92.9879
92.3551
94.0415
93.6478
92.2463
91.8429
91.1935
90.7061
92.5647
91.5429
91.3863
92.2108
91.3072
92.1398
92.1716
90.1269
89.8831
90.6977
92.933
92.4448
91.9067
93.2803
94.7316
94.4775
95.3668
96.1517
94.8937
95.0671
94.995
96.0445
96.6385
96.6645
99.6668
101.1
98.7399
96.889
96.6578
96.0705
95.2396
94.9584
93.4396
91.9242
90.96
93.3207
92.9813
93.6125
94.6284
92.5476
94.1634
94.4336
94.7812
95.9325
95.3945
97.5983
95.4594
95.7749
96.3518
97.6354
96.9431
96.6976
97.813
99.4886
97.6195
98.6644
98.0168
94.7916
95.7392
95.479
93.4207
92.6278
93.2546
93.2549
94.021
97.0074
97.26
96.0099
95.4461
95.4018
95.5648
91.7269
90.14
89.1852
88.9762
87.768
86.828
87.3678
89.5286
88.4966
88.8818
88.3038
88.3342
89.8937
89.2124
88.0792
86.9573
86.7052
87.5614
89.3042
88.5642
88.7324
87.7714
87.9644
87.5906
88.799
88.5337
88.2734
88.1609
87.0212
87.2396
89.0458
87.2621
88.3806
88.8452
89.3977
90.984
90.2745
90.1963
91.6534
91.0986
90.4256
89.8508
88.794
89.2637
87.7477
89.6638
88.5031
87.7859
88.9548
89.0662
89.4488
90.1535
89.019
88.1402
88.8814
88.74
86.0688
86.4346
84.6569
83.5151
84.6598
84.7265
84.715
84.9862
84.6452
83.4466
83.4166
83.4607
83.1773
82.9285
81.8749
81.3631
80.9659
82.4778
83.1432
82.9142
83.5476
83.7716
83.2104
84.8454
85.9507
85.6876
87.5018
88.2432
90.1124
88.8115
88.4205
86.0177
86.2192
87.2429
88.0504
89.5176
89.0032
87.7027
86.2038
86.1833
85.9163
87.6168
85.9176
86.6308
87.8716
87.361
88.6122
88.3345
87.483
87.8903
88.9477
90.2969
90.6535
90.3636
89.4987
91.7086
91.0737
91.2271
89.8106
90.086
89.8829
90.1302
91.4675
93.517
93.2237
94.2616
94.1285
94.807
95.0854
96.0453
96.536
97.9376
96.5183
97.302
97.4284
96.6092
98.488
99.3763
99.9224
97.7568
98.0576
98.2347
97.3648
97.1059
97.6429
98.9768
98.6951
100.1
99.7572
97.4444
98.3644
96.2595
98.4851
97.8814
97.7645
96.2639
97.3045
95.6557
97.713
98.702
97.1016
96.8913
97.1166
96.1922
94.2568
94.5283
93.1552
93.3393
92.3457
92.367
92.8514
93.1593
93.7928
92.5994
94.6688
93.6486
93.9394
93.1109
94.7064
93.6883
93.9041
94.072
95.2455
95.6568
96.8038
96.6242
99.26
100.083
99.8467
99.7806
100.653
100.287
100.467
98.4975
97.3812
97.3867
95.1041
93.6098
92.067
91.522
91.6946
