98.5308
98.4156
99.2145
97.8058
96.464
97.8272
98.0843
97.9294
96.6509
97.1085
96.1515
96.1255
96.2772
96.7485
98.3319
98.2546
99.6496
98.2832
96.7553
95.7213
98.5539
97.3637
97.1779
98.0942
98.5407
99.1124
100.066
100.253
101.601
102.776
102.727
102.889
103.131
102.902
103.512
102.874
102.203
102.781
103.442
103.76
102.83
102.095
100.382
100.512
100.853
99.004
99.7067
99.5656
96.2175
96.2152
95.3454
96.7312
98.1349
96.5294
96.9389
97.1867
98.3573
99.7464
100.331
99.4556
100.203
102.311
104.088
104.608
102.463
102.968
104.298
102.422
100.362
101.906
101.355
100.546
100.755
102.259
101.93
101.751
103.103
102.374
103.657
103.822
102.698
102.779
101.659
100.031
100.57
99.974
101.849
100.583
101.022
101.346
100.52
102.225
102.213
101.446
102.882
105.885
107.25
106.16
106.724
106.958
107.469
106.622
109.626
108.848
110.73
110.783
110.012
110.923
111.511
113.052
116.04
118.609
119.381
119.95
118.751
121.938
121.04
119.831
121.328
120.161
119.972
121.132
121.496
123.087
121.538
120.737
120.987
118.873
117.037
118.163
118.359
115.596
116.738
116.511
116.436
117.659
117.807
121.276
124.169
122.021
121.611
121.995
120.418
119.894
120.807
120.953
122.052
122.455
123.977
124.62
122.936
121.448
122.315
122.187
120.857
120.901
120.062
118.618
118.848
120.292
116.167
115.533
115.097
114.367
113.78
115.808
116.606
114.79
117.619
117.123
119.812
120.932
120.037
119.346
119.125
119.009
118.845
118.289
119.645
121.279
120.199
121.723
123.425
122.733
123.712
126.707
125.168
122.19
119.761
121.216
121.125
119.26
123.178
123.057
122.088
123.397
122.001
121.155
122.198
124.359
124.701
125.472
126.754
125.833
126.287
126.702
127.113
125.933
125.649
127.02
128.928
130.411
131.307
131.626
129.033
130.307
126.655
128.344
129.145
128.114
130.895
131.28
130.051
132.115
131.647
131.835
132.41
132.05
132.436
134.59
137.016
135.451
135.998
136.772
138.031
140.466
139.988
143.057
143.072
143.744
141.129
138.688
141.722
143.975
143.608
142.264
144.645
145.587
148.143
146.055
146.085
146.188
147.992
150.254
148.158
149.561
148.937
150.351
150.002
148.509
150.318
147.884
147.102
148.255
148.679
150.831
148.637
148.587
149.803
149.352
149.127
147.436
148
150.076
147.938
146.897
144.991
146.439
145.75
142.576
142.193
143.223
147.191
150.284
153.303
151.385
151.402
154.224
156.243
156.029
157.237
158.637
157.936
152.769
154.573
151.067
153.711
151.237
150.138
151.997
152.728
151.851
153.608
152.94
154.394
156.68
153.488
156.34
154.809
155.048
155.807
157.943
159.072
154.967
153.208
153.664
155.257
157.432
156.078
157.035
158.953
158.146
160.607
160.663
162.89
160.859
158
156.735
155.45
154.179
155.181
157.384
157.773
155.906
153.766
155.284
154.48
150.261
154.182
153.811
151.213
150.251
152.686
154.197
150.993
151.519
152.273
147.179
149.932
148.839
153.638
157.054
155.119
156.537
157.162
158.231
162.677
161.635
161.334
162.197
161.172
162.318
160.167
155.634
157.246
155.8
156.417
157.562
158.505
156.482
155.511
154.631
152.618
154.067
156.637
158.716
160.909
159.781
157.197
157.177
156.658
156.182
153.322
153.005
152.878
155.896
160.426
156.13
155.6
156.721
157.902
155.522
155.778
155.235
152.403
151.956
148.601
151.585
148.103
149.293
149.98
146.583
147.07
144.564
143.603
142.832
142.631
140.62
143.01
145.131
147.15
147.979
152.774
152.687
154.664
152.59
155.464
154.439
152.991
153.157
157.059
154.931
155.265
158.06
157.479
158.918
159.851
159.019
155.495
156.775
155.349
154.84
157.446
156.126
153.394
152.927
153.925
152.545
149.514
147.775
143.252
146.349
146.191
144.614
145.824
145.893
143.941
142.705
143.364
142.168
144.718
144.86
146.157
148.582
147.637
147.288
147.84
149.466
150.64
149.289
149.546
151.943
155.723
155.066
153.147
152.612
151.945
149.334
149.583
145.127
142.469
141.588
139.875
139.947
139.572
137.41
138.216
139.119
138.046
140.131
139.045
140.66
134.939
135.754
134.616
136.868
138.667
135.505
135.738
134.719
135.079
133.287
135.655
138.825
139.756
139.236
140.847
142.28
141.55
144.642
144.155
146.933
148.495
150.255
149.236
147.558
144.964
145.167
146.431
143.451
143.383
142.492
144.687
143.466
144.036
143.219
143.214
144.125
143.736
142.191
144.316
143.218
140.759
143.748
145.574
143.3
144.866
147.488
148.592
145.193
146.932
149.569
151.899
150.42
148.083
148.591
150.674
149.509
149.473
149.536
147.469
148.813
146.824
145.435
142.504
142.946
140.456
143.896
144.247
143.058
140.979
140.556
138.843
138.255
137.974
138.442
137.246
136.088
135.961
137.893
134.06
132.75
132.783
133.229
136.453
138.678
142.779
144.327
141.665
143.141
142.432
145.343
146.449
146.094
145.112
146.44
142.563
143.619
142.677
142.021
139.62
139.96
140.674
136.056
134.38
134.036
133.915
130.952
133.669
131.849
132.079
133.089
131.672
131.183
130.574
127.006
127.12
127.004
127.513
129.371
