100.34
100.066
99.2449
99.9485
98.6916
99.7059
101.3
98.5566
96.2368
96.229
97.2101
96.2677
96.2493
96.6078
96.3814
97.4155
97.9284
97.6892
97.8027
97.1791
97.0253
97.5973
97.1935
95.5107
97.8688
99.12
99.5356
99.2017
98.9612
98.4916
98.1744
97.8606
99.7984
100.578
97.8371
97.5584
98.2492
98.3671
101.132
101.528
100.658
100.032
100.509
101.182
101.034
103.346
101.346
102.313
101.526
99.6088
99.5474
97.3617
99.8551
101.906
102.439
101.793
102.005
102.343
102.74
100.407
99.9346
99.6536
98.4284
99.3899
98.3156
98.2235
98.2784
99.6673
101.937
102.596
101.465
103.631
103.504
101.748
103.2
101.848
103.878
103.717
102.683
104.33
106.635
104.247
103.879
102.775
103.377
103.041
104.913
106.636
106.913
104.492
104.457
103.335
101.859
101.431
98.7391
100.519
99.9468
99.6728
98.7886
98.9664
99.7437
98.9604
98.6314
97.8926
97.0706
98.2082
98.6576
97.9289
98.4971
98.011
97.5575
97.9841
98.8535
99.1219
99.9626
98.1755
96.7148
97.3027
97.0866
96.2145
96.7968
97.3094
95.817
96.0961
94.6843
92.3994
90.889
92.3883
90.0629
88.8013
88.6217
88.3242
89.5924
89.1378
89.3295
87.8909
86.8166
86.8601
86.2226
87.0808
87.0738
86.2964
86.92
86.2063
86.1034
85.4841
85.2391
86.0052
86.2729
84.2677
82.8246
83.6401
81.3383
80.1046
79.0216
79.1083
79.3234
78.765
77.4776
77.2807
78.9994
80.0713
81.572
79.9898
79.458
78.8247
77.9051
77.9189
76.7646
76.8442
77.5267
77.3087
77.8294
76.2416
75.8167
75.9956
74.4804
74.0537
73.3645
72.8213
73.2903
73.3332
73.4386
75.5334
76.288
77.0027
77.678
78.7832
78.4044
78.3045
76.6672
75.9634
76.6149
76.0844
77.1445
77.1216
76.8695
78.8348
78.232
78.2293
77.1632
77.0475
77.5103
77.5431
77.2886
75.9166
75.0859
74.3967
73.6461
74.5717
76.0525
76.1561
77.7331
77.6878
77.9845
78.0086
79.3765
80.4962
80.4923
80.676
81.049
81.6438
81.4467
81.5683
82.4252
82.7587
81.9571
81.9788
80.97
79.2356
78.0039
77.8318
78.9765
79.7011
78.924
78.9523
78.4702
79.5544
79.9533
80.0516
80.0923
80.6295
80.637
80.1273
80.8426
79.1085
80.1867
81.2841
80.1761
79.0751
77.6547
77.1279
77.6729
76.4994
77.7456
76.5392
76.6869
76.7372
74.9934
75.5468
74.8951
75.9262
75.4484
74.7589
73.0411
73.5187
71.6144
70.6553
70.2848
71.4579
70.6063
70.0199
70.2061
70.3985
69.0163
69.6885
68.4974
67.7022
68.8347
68.5269
68.1375
67.1172
66.1568
66.3804
66.2553
66.9421
67.9632
68.2708
68.7109
68.4396
67.7665
66.7068
66.2077
66.5214
65.7174
65.9127
66.5362
67.9427
68.0243
68.2653
69.6542
69.2575
69.0534
70.521
71.1954
71.2329
72.2972
71.5698
71.8029
71.6312
72.0378
71.8729
72.6008
71.7557
70.7042
70.4282
70.4405
72.4864
72.0219
69.847
67.9594
68.5889
68.9665
68.8955
68.8228
69.5965
69.8127
68.6426
67.7247
67.7594
68.5562
68.0157
67.2988
65.9691
67.8519
67.5625
67.001
67.1437
66.1764
66.7359
66.6824
65.6289
66.568
66.3995
67.1005
66.876
66.2577
66.0489
65.776
66.1505
65.7635
65.4853
65.8993
67.0153
66.1513
65.6453
66.3971
65.8093
64.8132
64.4469
64.1261
64.2584
63.5066
62.5785
63.7855
62.7071
62.9602
61.9537
61.2468
61.2082
62.5246
63.7222
63.2876
63.1742
62.3302
61.7656
60.7369
62.0968
61.8803
60.8695
61.2325
62.5291
62.6303
62.2152
62.2931
62.667
62.4758
62.1231
61.7609
63.6759
64.5911
64.2877
64.5108
65.6415
65.6431
65.4267
65.0908
64.7247
65.5013
64.9353
63.8416
65.0779
65.2343
64.287
65.47
65.5112
66.377
67.4248
68.2663
66.5579
65.4135
65.0632
65.3253
64.9134
65.9431
65.1968
64.3896
64.0439
64.4244
62.5937
61.7287
62.1228
61.0813
61.1631
61.627
61.2892
61.2088
61.3345
62.612
62.0554
62.1105
60.4873
60.872
60.543
61.2255
61.2124
62.5582
63.3652
63.1333
61.8956
62.5069
63.5395
62.5154
62.7387
63.2928
61.6025
60.262
59.419
59.0161
59.8208
60.2141
60.3976
62.353
62.8532
62.9489
62.3303
63.7845
63.4995
63.5476
63.0282
63.0488
63.6123
64.6203
64.4515
64.4216
63.3488
63.4092
62.1472
61.5574
61.2468
61.5607
62.3921
62.5213
61.8233
62.9695
63.5926
64.1317
64.8521
65.0025
64.9288
64.4554
64.1009
63.2597
64.6033
64.7489
65.0169
66.1097
65.3851
66.0264
67.6936
68.8265
68.5345
69.5075
70.1957
70.747
70.5222
70.3921
69.3779
69.5212
70.1619
71.0562
70.2879
69.6336
70.0652
69.5436
69.1204
69.4353
69.3627
70.0362
70.2568
69.4445
70.2119
70.2647
69.7845
70.8451
72.5737
71.2079
69.5386
68.9946
69.0459
68.3186
70.1791
70.2375
69.708
70.9141
72.8881
73.8524
74.1973
73.5407
71.1529
70.5134
71.3038
71.3553
72.0757
73.5075
73.4352
74.3927
75.5582
74.6771
75.6935
76.5437
74.4684
73.2472
72.1686
70.522
69.4793
68.1054
68.9912
66.9779
66.8502
67.3543
66.3573
66.3961
65.3318
65.5054
64.9136
63.9906
63.8806
65.2253
64.7022
64.1286
62.5398
61.9188
62.6876
62.9833
63.2759
64.0375
65.0254
64.8322
64.3588
64.2212
65.8911
67.0052
69.1321
68.98
68.5302
67.7992
68.6392
68.6915
68.9011
68.2864
70.7726
71.6648
72.0043
72.1276
72.8977
74.5031
73.9487
73.1674
73.9745
73.6714
73.2134
73.8638
74.4011
73.0974
73.7928
73.726
73.4535
74.5744
73.2915
