100.099
101.509
103.45
101.503
100.508
101.459
102.446
102.092
100.906
102.235
100.815
101.489
99.2361
102.049
100.795
100.582
101.862
102.504
103.217
104.741
103.006
103.465
102.495
102.316
103.185
101.115
100.428
100.852
101.884
101.243
100.897
100.642
99.44
97.5591
99.5031
101.327
99.0229
99.5476
98.6345
99.3064
98.9188
101.065
101.541
102.485
102.464
100.341
100.848
100.457
99.3336
97.5053
98.7028
97.2712
95.1561
94.9981
95.0648
94.4577
91.4048
91.4883
92.3309
92.6288
93.4097
92.9856
93.6903
93.9326
91.434
92.894
91.6673
91.7715
91.6816
94.2639
95.8141
94.7081
93.7028
93.9628
95.0597
94.588
94.221
91.7598
90.4824
89.653
90.2351
90.9336
89.4218
89.6411
91.5446
89.746
91.7712
90.8633
89.475
89.2214
88.7836
89.0216
87.8235
88.7732
89.8838
89.1596
90.4003
90.994
92.0616
91.7101
92.6989
91.8226
92.0162
91.8403
92.6237
91.9051
93.0938
92.5057
90.8103
91.2339
92.7342
93.3708
91.3918
90.6265
89.9426
91.9871
93.2823
93.6743
93.1374
93.9156
91.8695
91.2059
91.3516
93.6875
94.4174
91.9677
91.3087
92.3371
94.6747
93.5324
93.1343
92.5694
92.3698
89.9623
89.6918
89.0145
90.0223
89.3252
89.6574
89.4254
88.8185
88.6547
88.2604
88.6226
88.6401
90.4155
90.9377
90.2732
90.3468
89.6459
88.9531
91.1131
91.3115
91.9667
93.4609
91.7467
92.1747
93.344
93.1246
92.1185
92.9178
93.0312
91.7447
90.9801
91.5346
88.8704
88.9701
88.4904
86.6772
84.62
85.5731
86.2801
86.0366
85.7566
86.4139
85.1645
85.5384
86.4585
86.0099
86.8102
86.3815
86.5473
86.6741
87.2619
84.7273
85.9243
86.2295
86.1748
86.5551
86.8168
85.0619
87.6687
87.3365
87.5753
88.0538
87.7993
88.1948
90.0916
92.0189
91.8901
92.4532
92.044
90.5551
89.8649
91.0264
91.1068
91.4516
89.7964
91.0032
91.9444
93.4345
92.7367
95.7455
94.4304
95.0695
94.2528
95.3996
92.724
93.1152
91.8813
90.5657
91.9727
90.9032
90.1072
88.6336
87.6779
87.832
88.1958
88.7275
87.9958
87.5734
89.1622
89.6518
88.0101
86.9976
88.4052
88.8262
88.9503
91.8245
91.3661
90.1531
91.0526
92.7099
92.6607
92.338
91.8691
88.7616
87.6149
87.7773
86.9253
87.1009
86.3641
85.3758
87.4396
86.9073
88.3171
88.7555
88.5265
90.0022
90.8948
87.8777
86.7996
88.0175
87.6874
87.4591
87.4816
86.9581
86.131
86.0556
86.5925
87.1112
86.5858
87.0472
85.8645
85.3474
84.565
84.8054
83.7339
84.2177
85.9212
87.5034
87.1957
88.7663
88.5412
88.0294
88.8531
89.5705
88.4794
86.965
88.8961
87.781
88.8004
88.9078
90.2057
89.5899
90.1951
87.6681
86.3727
86.6623
85.7991
86.7906
86.0412
86.3626
84.3555
84.1668
84.1956
83.4503
83.7475
83.2063
84.167
85.9608
83.7219
83.5056
83.3356
83.9173
84.3139
84.8366
86.1679
86.201
88.4938
88.542
87.1869
89.7812
88.8769
90.1486
89.7967
89.97
89.5015
90.2705
90.8592
91.4884
89.5209
89.522
89.6949
91.0829
90.3915
89.6274
91.6528
92.1366
92.0756
93.6917
94.9609
94.9268
95.8582
96.9472
97.8431
99.1334
99.1292
100.355
99.6452
99.3727
99.046
100.684
99.5824
98.6345
99.276
97.1922
95.4692
97.3275
97.4279
97.562
97.6694
97.507
95.0814
95.5644
95.3932
94.981
95.8912
95.4609
93.861
95.2805
95.5596
95.5441
94.6657
95.8558
95.7563
96.0033
97.1995
98.2108
96.6753
96.4703
96.3263
98.2821
100.619
102.136
102.543
100.496
103.431
105.311
105.251
105.355
106.161
106.821
108.59
106.862
108.125
108.782
107.525
106.449
108.716
110.782
109.538
109.284
110.089
111.375
112.971
114.495
114.586
112.735
113.912
115.031
115.303
116.151
117.43
120.335
119.223
118.571
119.073
118.772
118.633
116.17
117.196
119.699
121.174
122.286
122.202
123.427
124.24
127.223
126.901
127.492
126.892
128.572
128.869
129.385
129.056
130.729
132.812
131.896
133.1
130.274
128.987
128.103
127.607
128.567
125.587
127.082
127.792
125.583
123.318
123.763
123.959
124.282
123.89
125.981
126.802
126.617
126.57
125.657
125.291
126.04
125.892
122.589
121.848
119.272
116.503
114.752
112.217
111.828
112.087
112.079
111.798
110.936
110.176
110.268
110.653
110.492
109.991
110.514
109.424
110.999
110.533
110.437
109.701
110.953
112.91
113.719
114.98
115.517
114.377
114.951
118.623
119.897
120.361
121.136
120.735
118.912
118.284
118.707
119.082
120.319
119.057
119.584
118.295
118.862
117.596
117.682
118.359
118.236
117.217
118.723
120.424
120.02
116.664
118.316
117.527
116.984
116.435
114.004
112.489
111.187
109.348
109.923
110.302
111.325
109.345
108.298
107.751
110.074
111.589
114.423
113.096
111.421
112.264
114.186
113.349
114.241
114.567
114.334
113.985
115.194
116.027
117.082
116.442
115.34
111.35
110.001
110.908
109.902
110.3
113.838
112.382
113.155
114.856
114.368
116.598
115.008
115.371
116.079
112.499
111.086
110.231
110.779
110.495
108.575
108.457
106.857
107.044
105.507
105.219
105.702
105.727
106.67
105.922
106.93
104.055
101.829
101.387
101.594
99.4838
99.74
97.5474
96.506
98.1507
96.7661
97.4864
96.6817
96.3344
94.6826
94.3547
95.2992
96.2732
96.8211
97.9875
100.163
101.332
102.085
102.119
102.654
103.476
