101.648
101.807
101.735
100.239
101.935
103.472
104.231
105.31
106.155
104.554
105.627
106.115
105.483
105.265
108.47
108.322
105.789
104.761
105.296
107.288
109.003
109.7
109.566
109.345
108.769
111.015
111.554
112.344
111.635
113.565
110.968
112.096
112.252
111.884
112.521
111.559
110.267
112.079
110.943
108.729
108.763
109.276
108.558
106.996
107.684
108.188
108.602
111.007
112.314
112.698
111.791
111.58
110.618
108.91
109.313
108.35
109.78
113.995
114.047
112.797
107.97
108.792
108.811
110.226
111.428
110.395
110.88
112.772
110.136
108.706
109.465
108.427
110.078
109.68
108.662
110.085
109.516
110.371
110.154
110.662
111.243
111.171
109.076
110.521
111.18
111.181
112.09
112.369
111.7
112.985
114.094
116.161
117.6
118.544
118.272
118.292
119.724
120.501
120.224
118.245
117.842
118.194
119.826
121.58
121.503
123.305
123.661
125.716
127.029
127.115
127.482
129.229
128.286
126.776
126.929
126.323
126.525
126.154
123.855
123.348
122.448
122.277
124.902
125.349
124.395
123.45
122.493
123.659
126.714
126.49
124.628
125.85
124.235
125.087
126.656
124.505
126.482
128.012
128.609
126.978
124.22
123.976
121.793
124.798
125.477
125.084
125.416
129.402
128.851
127.571
128.181
128.488
127.686
131.751
134.206
132.569
134.138
133.706
134.647
133.115
135.004
137.422
137.028
137.192
139.962
139.007
139.009
140.8
143.315
140.233
140.533
141.152
144.479
146.266
145.394
145.935
144.2
140.821
137.37
135.817
133.589
136.144
135.655
132.773
133.452
132.361
131.382
131.272
132.947
132.317
129.687
126.059
127.425
125.263
126.785
126.937
126.365
124.499
125.49
122.886
124.293
124.244
124.978
122.969
125.08
127.101
126.163
125.909
124.156
122.414
123.303
121.54
121.359
120.149
119.94
120.164
120.734
121.857
120.864
122.238
124.822
126.2
125.805
125.854
124.506
122.713
122.067
124.125
121.319
118.864
118.321
117.39
117.623
117.248
117.273
117.274
117.485
119.465
120.438
119.792
121.371
121.203
119.977
119.471
120.629
120.202
122.954
123.374
123.003
125.053
122.651
122.097
123.17
121.377
122.078
121.252
123.495
125.416
127.971
124.588
128.133
130.585
129.409
129.718
132.351
131.375
130.335
129.68
128.551
127.355
129.385
128.652
130.299
131.684
131.565
131.297
130.168
130.968
129.106
128.47
131.49
129.836
126.242
126.699
125.311
127.523
128.148
128.193
127.899
127.562
129.453
131.756
134.839
137.323
138.077
135.787
134.929
133.094
135.309
137.76
137.886
141.377
140.892
141.631
144.088
146.551
148.078
143.96
145.876
148.505
149.054
147.838
147.551
148.088
148.185
148.423
148.087
148.186
148.227
148.66
149.039
147.145
146.972
144.657
142.342
143.617
140.869
142.372
145.238
144
142.4
145.23
145.234
144.861
145.305
145.357
144.885
145.51
148.158
145.808
143.117
140.998
141.402
144.153
146.413
141.218
142.61
142.799
145.392
147.507
146.612
143.806
143.09
142.383
142.652
141.823
144.937
144.183
146.581
146.368
145.855
146.192
144.887
142.27
143.477
144.279
146.654
145.915
146.036
148.551
149.777
152.373
149.26
150.857
151.521
151.056
153.45
156.518
157.204
156.29
161.876
161.074
158.718
161.784
161.33
159.913
160.487
160.874
159.234
158.401
158.029
154.342
157.472
157.043
161.449
158.776
161.311
159.291
158.196
156.991
155.844
157.137
159.735
162.796
160.6
162.116
165.631
167.312
166.223
166.988
165.512
169.319
166.224
169.411
169.994
168.301
169.498
167.52
165.945
162.733
162.334
164.685
164.612
163.305
164.14
163.14
165.04
164.277
162.035
161.463
160.191
160.866
158.985
158.063
162.495
164.693
168.742
171.199
168.117
164.998
165.889
168.156
169.537
167.796
169.015
167.602
167.426
168.256
170.698
171.208
172.323
172.632
173.224
173.04
167.355
167.104
166.565
167.873
169.878
171.254
170.474
170.016
168.315
168.94
169.457
168.649
168.535
172.887
171.998
172.87
176.228
178.703
177.16
180.851
180.557
179.581
178.714
179.855
178.769
180.437
181.114
178.194
179.754
183.781
185.341
187.765
189.766
186.21
183.793
182.924
185.631
184.168
183.859
183.875
180.728
188.361
188.366
189.023
187.379
187.257
188.629
188.94
192.726
196.39
196.768
196.984
196.314
195.005
194.706
195.458
197.22
195.686
193.16
192.857
190.927
192.928
192.404
191.655
189.166
191.961
194.314
194.673
194.043
191.121
191.527
191.498
191.249
193.248
196.158
195.546
195.13
192.645
194.043
192.347
189.193
187.343
184.577
184.853
185.996
188.022
190.342
187.629
185.123
187.447
187.901
185.817
184.401
187.172
186.066
181.947
182.268
179.752
178.252
181.437
181.449
179.905
179.394
180.368
180.403
181.064
177.396
175.574
175.917
175.891
178.191
180.067
175.734
175.526
177.71
181.996
185.398
187.132
185.226
179.337
180.462
180.57
180.438
178.976
181.02
180.647
175.989
174.652
178.444
174.243
177.709
182.014
181.397
179.867
181.432
181.258
184.806
183.936
185.867
187.985
184.226
181.636
182.932
182.236
185.296
183.164
