99.4958
100.355
102.048
102.275
103.124
103.364
103.694
104.967
105.259
104.726
104.533
105.714
106.974
106.48
107.211
108.741
106.739
108.386
108.69
110.902
110.253
108.83
107.785
108.318
109.154
109.967
109.285
107.852
106.878
108.41
109.066
109.551
108.695
107.926
108.096
107.647
105.774
104.441
104.438
103.638
103.037
104.106
103.706
101.847
101.871
102.432
104.501
103.891
103.172
104.323
103.643
102.959
100.105
101.279
101.856
101.355
101.236
100.552
101.644
99.9688
98.3753
98.4362
97.063
96.3317
94.7832
93.7113
93.9671
94.691
94.7438
95.9331
94.8768
94.2598
92.9154
92.1887
94.6041
98.0768
98.2886
96.0828
96.9086
95.8935
95.4265
95.7079
95.7315
95.149
93.9217
93.6719
92.6872
91.659
90.9378
92.054
91.2935
91.3125
92.7214
91.8461
93.5249
92.3555
91.9373
92.1316
91.932
93.5356
93.6345
95.3855
93.3547
92.8022
96.1979
96.6318
97.3822
98.0123
98.5208
98.9978
97.3184
99.3132
99.4515
99.9085
100.389
100.408
99.0151
100.417
101.853
101.073
101.128
99.4621
100.72
100.189
99.5236
98.2377
98.3049
99.6393
100.662
97.7375
96.6198
94.75
94.2419
94.5631
95.0457
95.8163
95.9513
96.3003
98.8612
97.9151
96.959
98.77
99.6463
96.947
95.4332
94.6091
91.8766
89.025
88.0178
87.42
84.2809
83.4772
84.1571
83.467
82.4655
83.3959
83.0035
83.684
84.8851
87.0596
86.0458
85.8795
85.1907
84.6206
84.1636
82.5319
82.2329
82.8021
81.8149
84.4358
85.3948
86.3187
84.8096
86.1948
87.3373
86.8134
88.4137
88.9065
88.4204
88.5815
87.0841
87.2612
86.8429
88.374
87.3206
88.24
88.5544
87.9181
88.3384
88.3126
88.4641
87.6334
85.865
86.8494
88.2434
87.8894
89.4026
90.3548
88.4711
89.8934
89.273
89.4845
89.4571
90.4112
91.2944
90.7015
90.3842
91.0064
91.0287
93.3295
93.5033
91.0243
90.8659
91.8422
89.0294
90.0633
88.8772
87.207
85.6817
87.0038
86.4902
85.2437
85.4207
83.5881
85.056
84.6111
83.7981
83.2667
83.1791
83.6991
84.0305
83.917
84.5467
85.2688
83.6951
81.9028
81.5636
82.3551
82.0815
82.0177
81.1169
80.6767
80.9238
80.8452
80.3003
80.967
81.4232
81.7299
81.8262
81.5387
81.8464
81.9645
81.4242
82.3166
83.0344
84.1344
83.9009
84.7994
84.7846
85.2209
84.6963
83.2794
82.7778
81.4028
81.337
82.5504
82.3055
82.5095
82.1803
81.5607
81.9766
81.7966
83.5044
84.4177
85.2332
86.8961
88.0932
87.6364
88.2008
85.845
87.5286
87.2155
86.9093
86.1064
86.3063
86.9373
87.6649
90.8742
90.7829
87.995
87.5069
84.9555
86.8326
87.7564
88.401
89.1263
90.5701
90.9694
88.9672
89.0005
89.5313
88.6807
89.9665
92.5478
91.1458
92.4727
92.6482
93.4326
90.9516
92.0595
89.9468
87.8988
87.7456
87.5574
87.5969
87.305
85.6709
85.3976
87.0718
87.7644
88.2203
86.1581
86.8912
84.8179
84.8396
85.1463
84.3163
83.5692
84.2081
84.0096
82.2654
82.6942
81.8952
82.6051
84.1976
85.1088
85.2568
86.2837
87.4511
88.3679
90.0813
91.135
92.615
91.3856
92.3718
92.0234
90.489
91.7331
93.4744
94.2515
94.0774
94.1993
94.9377
94.3346
95.0344
92.7895
92.4173
93.3178
91.4934
91.436
90.8648
91.2655
92.4325
93.8402
91.4973
93.6242
94.5621
96.5378
97.1645
97.6526
97.4363
97.8725
96.9154
97.7301
97.7005
97.6827
96.6846
96.5926
98.6618
96.6352
96.9953
96.6078
98.136
99.1463
97.8498
98.3981
99.3013
99.1393
98.4277
97.5305
97.6014
98.1539
98.0546
98.14
99.9798
101.597
100.361
102.156
102.431
101.43
100.272
100.425
99.1462
99.1099
99.2187
99.5293
100.124
101.293
102.304
103.231
102.734
101.373
102.489
101.703
102.272
103.511
100.77
100.409
99.5734
99.8019
102.097
102.082
101.812
99.65
99.0945
99.5883
99.2626
100.441
101.442
98.8215
100.494
98.8595
97.6273
98.4955
96.2031
93.956
95.5304
96.3973
95.7564
95.5
94.9558
96.5491
96.2861
96.0851
97.3317
96.4186
97.7454
96.1259
96.0663
98.0251
98.1901
101.295
99.1153
97.4132
95.8428
96.3257
95.9476
95.3773
93.8444
95.053
93.9785
93.042
93.9786
92.0097
93.8085
94.0977
91.9962
93.2866
94.2245
93.6658
92.9468
94.3026
93.7065
93.3823
93.8246
94.2399
93.2461
93.2617
91.6697
91.2638
90.7115
89.883
90.2664
90.5202
92.788
92.9389
93.2858
93.3372
92.8436
90.6859
90.156
90.4692
90.8667
91.0497
92.7368
92.509
92.4697
91.6772
92.0955
93.9056
93.2323
95.0701
96.0634
95.6032
94.863
94.4652
95.0506
95.4292
96.4934
98.3384
100.588
99.3849
96.5657
96.3793
98.6431
98.634
98.4434
95.3579
95.1268
94.4419
91.5017
91.3313
91.7014
92.1288
92.8209
91.3426
92.2264
92.4727
94.9967
95.1061
95.9883
97.1113
97.807
96.7965
97.0038
96.2803
97.2175
98.2042
96.8698
96.344
96.9772
101.665
104.785
105.773
107.344
105.393
105.842
104.334
103.639
103.205
106.608
107.462
108.205
109.123
107.672
106.275
107.713
106.93
107.803
106.984
106.883
105.953
105.801
105.203
106.229
106.126
103.153
101.129
101.162
99.5074
99.6694
101.311
99.5866
99.3297
99.9497
99.517
99.1724
97.7396
95.0847
96.0956
93.8182
93.5882
94.2326
94.5886
92.5592
93.4288
94.2605
94.3609
93.6732
92.9036
93.3739
92.8971
92.6655
93.2944
90.5043
90.2639
91.615
91.8681
92.5895
91.3745
