97.617
97.4684
98.5644
100.587
98.7511
98.6269
97.9259
99.7403
102.211
103.098
104.023
104.846
101.309
100.183
100.897
100.661
100.502
98.0112
98.3893
99.0175
98.1343
97.1741
96.9805
94.5777
94.7391
94.0398
95.0403
94.5656
94.2058
92.663
93.0859
93.9856
95.2818
95.3711
95.1919
94.3035
93.2727
94.6469
93.5847
91.1384
91.478
91.8544
89.9482
90.0807
87.922
88.9252
89.1566
88.1237
88.5047
89.1807
87.1379
86.3534
88.1294
86.6336
87.0734
87.4022
87.4617
88.0344
87.8532
88.4613
88.4867
87.6407
87.7883
85.9151
84.8329
83.8534
82.3393
82.9403
81.4595
80.8977
80.6845
79.5031
81.3498
80.2948
79.2499
80.8727
81.8716
81.6122
80.2404
80.8595
78.1116
79.4899
79.3162
80.0925
80.2895
79.9707
80.4692
81.1029
80.3534
81.3528
81.6421
81.4531
80.3656
80.2258
79.3703
79.779
80.5912
81.7146
82.9796
84.2571
85.5418
86.2853
86.4546
83.9544
82.4671
82.914
80.313
79.9073
77.9175
77.6301
79.1198
77.3863
76.3812
76.5406
76.2601
76.9396
77.6736
79.1375
78.2324
75.8187
75.2416
76.434
75.8854
76.9014
76.9237
77.208
76.6928
77.3524
77.5335
76.2384
76.3761
75.7974
76.5976
76.8121
77.2304
77.7364
77.5255
78.4938
77.5681
78.162
78.0172
77.5636
77.2425
77.078
78.4577
77.7774
78.0144
77.3125
79.444
80.9036
80.6202
79.3721
80.8134
81.4149
80.6661
82.2663
81.4061
81.9982
82.389
81.3716
81.5591
80.611
79.4802
78.7917
80.6374
80.1772
80.6773
78.0702
77.0055
75.2679
74.653
75.2324
74.5138
75.961
75.8042
75.3864
75.4891
76.7669
76.7138
77.916
78.6353
78.6452
77.0095
76.1355
75.1581
74.1686
74.7951
74.1754
73.8974
73.1447
74.4589
73.3661
72.6178
73.7518
73.1187
73.4425
71.8821
72.8368
73.0587
73.7627
73.166
73.3389
73.0494
73.5662
75.1265
75.1096
75.5853
77.8641
76.5652
75.3913
77.0626
75.8095
74.4211
74.8556
75.2217
74.1873
73.2388
75.541
75.6473
74.6174
74.6255
73.1902
74.2557
75.3843
75.0078
75.0882
75.843
75.3354
74.778
74.0141
71.7921
72.7463
71.8834
71.7657
70.9057
71.3035
71.5567
70.1109
69.0266
69.9418
69.8962
70.7116
70.2517
69.9913
69.9284
69.5941
69.1073
68.1973
68.5498
69.4259
70.1366
71.794
70.9081
72.3879
72.4695
72.2846
72.4365
72.6171
72.7059
72.9428
72.8055
73.0418
73.9506
75.1081
74.2563
74.6801
74.3396
74.5702
75.3114
76.7412
76.1554
75.1732
75.0933
74.0233
74.7442
73.6538
72.623
73.3865
74.6603
74.5824
72.2369
73.6827
73.4845
73.4491
74.2934
75.9346
74.0315
75.9813
75.7682
75.3526
75.3944
75.2857
76.4402
76.4818
76.6093
76.4643
76.636
76.8312
78.845
79.9289
78.9964
80.8723
81.6195
81.8794
81.4474
82.1736
82.7855
80.9221
80.2905
80.6988
79.0065
78.7192
80.3167
80.6622
82.2849
81.4713
82.5088
82.8328
82.4726
82.5254
82.7274
82.6495
82.9714
83.4292
84.714
83.0354
84.993
84.3882
83.1559
84.269
83.1419
82.6788
85.0056
86.5543
87.12
85.7401
85.1013
84.2258
83.479
83.6832
82.3548
80.955
80.8455
83.1808
83.345
82.7975
81.3145
81.86
81.1873
81.3785
79.7033
79.699
78.8064
79.3015
78.9025
77.9187
78.8671
79.0391
79.9635
80.2606
81.3075
78.9971
78.0494
77.9573
78.6932
77.785
77.867
76.9392
76.7157
76.6658
75.2488
76.072
75.1619
75.795
75.7413
76.2325
76.4181
74.8604
72.9667
72.5146
72.4967
72.6542
72.3508
71.229
70.3997
72.4809
73.1877
72.5407
73.6366
72.3962
74.2031
73.1056
75.2033
75.6896
76.1946
76.7105
74.8703
75.6872
75.9434
76.6534
76.6698
75.2736
74.2219
75.9784
76.881
78.5496
78.5883
79.7768
79.2448
79.7884
80.2398
81.7064
82.6087
82.9761
80.7779
81.3219
80.9791
82.1937
84.3115
85.2359
85.2218
84.7639
84.9733
85.4023
87.9661
87.0046
86.1452
86.7619
86.8004
89.0476
88.7571
89.377
89.8704
89.8488
88.4531
87.6131
86.6615
86.5272
86.5449
85.6294
88.5069
89.3155
89.9819
89.699
91.1189
92.1871
93.9997
90.5405
91.2952
90.1531
88.7463
88.3636
89.7782
88.0892
87.4702
87.6982
89.3143
90.6359
90.1871
88.0149
88.4552
89.3797
89.5785
90.8977
88.984
88.1278
86.8081
85.1667
85.2004
85.3885
86.7426
85.8395
84.6097
84.0945
84.7891
84.6067
83.5312
83.3235
84.6428
85.7279
85.8954
85.7577
84.0942
84.0694
84.0009
82.686
79.8332
79.3338
79.7446
81.374
81.7314
80.0309
80.6117
79.3496
78.9552
78.4333
78.4052
78.8736
79.0872
79.6115
79.0627
77.2348
77.7348
77.9089
78.1303
76.3458
75.8223
74.643
75.4694
75.4758
75.3398
76.2177
77.2096
77.4468
77.9433
76.2174
77.1359
76.3382
75.563
74.3186
75.0869
75.1818
75.3572
75.33
74.0567
72.6669
72.1534
72.1734
71.4861
71.8094
71.5423
69.4777
70.1623
70.7446
70.8738
71.2491
71.5616
71.1243
71.5007
73.6289
74.4725
74.3798
73.5232
73.1997
72.6901
72.6789
74.1388
74.4893
75.4616
75.8343
75.0589
73.7515
73.9268
72.9411
72.3649
71.8417
72.1635
72.5382
70.8253
71.1389
71.5499
71.0156
71.753
71.9113
71.5381
70.9001
72.5443
72.9875
73.6766
74.6452
74.4172
74.2394
72.5309
71.6546
72.2286
71.0749
71.7042
70.8873
70.6714
71.2789
72.115
72.1966
73.3419
74.2818
73.3114
73.2508
74.028
74.2254
73.0305
72.5424
72.7523
71.9279
71.8023
71.2376
71.9108
71.6113
71.3236
70.8453
70.3742
70.797
