99.5892
99.4196
99.9965
101.043
100.714
101.836
100.628
101.185
101.323
99.8753
100.621
99.8356
101.511
102.461
103.635
103.885
103.62
103.466
103.706
104.486
102.237
102.982
104.981
103.272
102.908
102.343
103.794
104.074
104.098
102.764
102.477
100.403
101.904
101.91
103.722
105.279
104.797
105.82
105.6
106.768
105.762
106.035
103.697
102.939
102.319
101.943
100.789
99.5751
98.5443
98.7408
98.0618
99.5028
98.3996
100.038
99.2225
98.8342
97.7859
98.8008
96.8384
96.6649
96.098
96.5961
97.5381
97.7095
101.248
99.9571
99.1992
98.8781
98.8101
99.8437
98.7807
97.1871
99.3597
98.8558
97.6382
98.6719
96.4492
96.2223
93.8369
93.2246
93.1675
93.3059
92.1136
94.5603
94.9555
95.3103
93.8929
91.9012
93.1181
95.1251
95.1454
96.2759
97.4076
98.1684
98.7834
96.3695
98.0667
97.7076
95.0792
93.5184
92.0254
93.789
93.4503
94.4097
92.8264
94.0815
95.5601
97.1297
94.7537
94.8013
96.0628
96.8135
99.8906
102.263
101.612
102.041
103.578
103.631
103.174
104.288
104.259
105.651
106.477
105.902
108.118
109.564
108.221
106.051
107.557
105.887
106.083
106.102
105.258
104.301
103.549
102.671
101.789
100.438
102.456
100.537
101.746
102.397
101.453
99.6564
99.3959
98.6099
99.9826
103.334
102.099
102.632
105.314
106.28
106.694
105.967
105.422
105.016
104.069
103.475
104.611
105.9
107.984
107.485
107.319
106.363
107.009
107.132
107.81
107.756
110.386
109.077
109.558
110.147
109.787
107.948
106.179
107.136
107.996
107.905
108.243
106.839
106.537
106.628
106.614
107.514
108.998
107.946
106.7
108.593
108.176
107.393
109.049
108.947
107.059
104.832
105.956
105.851
107.288
106.869
105.989
104.952
106.237
106.974
107.258
106.014
105.988
106.733
107.873
109.792
108.688
108.039
108.119
109.995
112.401
110.993
111.522
109.846
112.757
113.934
116.709
117.047
116.59
118.032
117.463
119.3
118.755
119.248
119.18
119.796
123.025
122.749
122.641
121.336
121.676
123.226
124.278
123.448
122.337
124.231
124.499
123.045
122.161
121.956
121.968
121.022
122.827
121.102
120.167
118.57
119.645
117.706
116.797
117.034
115.941
116.186
116.989
118.007
119.122
121.967
120.504
119.617
119.21
121.647
120.245
120.345
119.767
118.435
117.425
118.693
117.982
116.183
116.344
113.961
113.783
114.008
114.964
116.041
116.786
117.657
117.051
116.426
116.983
117.807
117.799
117.826
117.647
116.524
114.054
112.329
110.752
111.601
108.808
108.707
106.15
104.122
103.444
104.268
103.942
106.522
105.518
104.447
105.54
103.298
104.502
105.588
105.903
106.531
107.414
106.379
107.471
107.109
107.904
106.259
106.128
103.614
103.635
102.957
101.983
102.068
103.284
105.132
106.092
105.793
104.548
105.297
105.535
105.312
108.153
108.664
110.022
108.663
108.667
107.58
110.331
109.565
108.042
109.16
109.477
114.274
115.652
114.603
112.276
113.241
114.218
113.604
113.874
113.123
110.102
111.197
108.752
111.455
113.636
111.866
112.902
114.578
114.572
113.213
111.074
112.856
112.08
111.959
113.102
115.045
115.356
113.448
111.915
111.299
111.262
112.165
111.367
111.353
109.798
110.967
114.39
113.513
112.391
113.642
115.13
115.215
112.325
115.107
116.421
115.938
118.512
117.77
116.542
113.654
115.298
116.802
117.816
118.902
119.388
121.036
121.405
122.155
120.263
119.994
121.762
122.174
121.58
122.25
123.24
119.87
118.633
116.816
119.158
116.333
118.302
119.456
118.019
116.461
119.221
118.103
119.885
121.556
123.508
118.606
117.048
116.087
114.982
116.495
114.142
113.391
113.384
114.078
114.706
112.145
111.528
112.886
113.922
116.076
115.11
114.174
116.249
115.662
116.772
115.273
114.288
116.236
116.104
117.221
118.688
117.881
118.626
117.038
116.72
118.425
117.823
116.977
116.471
117.513
118.282
118.571
118.562
117.505
118.335
122.031
120.269
119.713
120.003
118.247
118.292
117.114
114.972
116.439
115.083
115.096
115.443
114.937
115.589
114.706
113.848
114.375
111.259
110.081
111.833
111.343
111.955
111.211
110.421
110.075
111.683
111.488
110.396
112.249
112.288
114.755
114.29
113.012
113.586
113.401
112.772
115.892
115.178
115.546
114.417
114.332
111.415
111.496
112.793
114.889
115.881
116.805
115.975
117.515
117.304
114.687
114.235
114.34
114.213
116.432
115.251
111.474
114.986
115.425
115.164
115.918
117.978
117.318
121.741
121.085
119.887
118.21
119.91
117.259
118.63
117.068
114.721
115.111
113.653
113.133
113.225
115.041
116.793
116.662
117.045
115.701
117.69
118.498
118.433
122.286
120.002
117.788
118.304
118.562
120.256
122.748
121.827
122.548
125.177
124.59
123.05
124.735
125.664
122.2
121.916
121.922
125.913
126.196
126.886
127.396
127.844
127.774
129.944
132.255
131.229
130.463
131.964
134.027
134.142
135.609
133.438
133.35
132.376
133.281
131.519
133.004
131.924
131.896
129.59
129.599
131.263
132.5
132.117
132.018
131.736
131.683
133.349
133.881
136.324
136.854
137.187
140.155
138.516
139.99
139.23
137.609
135.158
133.946
133.605
133.889
