99.6073
98.4929
99.4005
99.879
98.8469
99.0894
98.2013
96.4391
95.7694
95.2957
96.1994
96.299
94.6619
96.1023
96.1934
95.5669
95.8675
95.0452
95.1849
95.1365
95.8782
97.4919
97.5985
99.4872
98.1965
99.2598
99.4848
98.0674
97.2426
97.4216
97.2298
95.403
92.2008
92.1972
93.7942
92.9697
94.2021
93.2319
93.4417
94.3353
92.3172
92.1964
92.3127
92.5183
91.8593
91.8414
90.7272
89.7547
89.0691
89.4059
89.63
89.7167
89.7856
88.4272
89.0497
90.1056
90.5522
90.9639
91.3561
92.3918
92.5685
93.6168
93.3447
91.5306
92.1488
90.9891
91.4124
92.2385
91.3065
92.2126
92.3622
92.9585
91.1201
93.6376
90.7951
89.8947
89.8194
91.1824
90.3969
92.2724
92.2591
93.0319
90.755
89.119
87.4695
86.1636
86.7381
86.2309
85.0145
85.702
85.1718
85.6392
84.7052
83.869
84.6812
83.9864
83.4048
82.636
81.1945
84.1634
83.8185
86.9924
87.8069
86.9599
86.3682
86.6653
84.442
84.6416
83.7508
85.2967
84.4376
85.8784
87.436
87.7026
88.104
89.4267
91.8644
94.1177
91.7316
91.5283
91.9693
94.0477
93.7715
94.8039
94.1361
92.8852
94.3909
94.4255
95.853
94.7457
94.2222
93.5791
92.8926
93.9594
90.8386
90.0991
88.4516
86.654
88.0696
88.6868
89.664
91.7044
91.186
90.1251
91.4813
92.396
93.8035
94.5262
94.5219
93.2783
94.5476
93.9761
94.3438
94.2021
95.853
95.9464
95.7092
96.7847
96.5375
96.4779
95.2559
94.1376
94.4198
95.3288
96.9177
97.0467
97.6155
99.9459
98.0869
99.2919
99.4527
100.604
101.322
102.133
100.628
101.943
103.275
104.893
106.505
103.156
104.646
104.515
106.357
106.109
106.438
105.185
105.754
104.552
104.909
102.793
101.506
101.894
104.445
105.156
103.521
104.4
104.806
104.938
105.109
103.389
105.24
107.327
109.597
108.935
107.508
107.921
111.386
111.782
113.646
111.019
110.4
110.324
109.484
108.949
107.739
108.586
110.174
111.382
112.037
112.309
112.145
113.724
111.463
112.825
114.456
115.284
113.695
115.804
114.492
112.995
114.4
114.437
112.504
113.523
117.33
116.951
115.596
115.111
114.326
114.699
112.967
115.482
112.985
111.021
110.29
110.402
108.079
108.742
108.507
108.77
110.748
107.376
107.1
107.645
108.852
109.587
110.06
107.197
106.027
103.687
103.654
103.537
103.664
104.466
103.021
101.959
100.536
97.3539
96.0084
96.9086
95.8588
95.7016
95.3538
97.1849
98.3466
98.2699
99.0428
100.664
101.862
103.848
102.101
104.699
103.271
102.825
101.93
102.05
100.154
101.123
100.697
100.914
102.36
101.994
101.754
103.03
103.49
103.859
103.512
103.415
103.853
103.419
102.643
101.987
100.957
102.687
101.809
104.861
104.381
104.095
103.7
102.691
101.242
99.592
96.4327
96.9827
95.9613
95.1832
96.6751
93.7142
92.7635
93.9201
94.4434
94.5453
94.8358
93.8349
92.9009
91.556
92.4428
93.8316
93.3847
91.6686
90.806
88.5347
88.3163
89.6763
91.1871
90.5163
90.5335
88.2641
88.5692
88.843
90.0964
90.0271
90.1634
92.0288
93.3073
93.3094
91.79
92.6982
91.9501
91.3144
91.9972
92.3455
91.9408
90.0188
89.0916
88.1754
88.5652
87.713
87.7172
87.255
85.9484
86.2219
86.8844
87.6329
86.4686
85.1772
86.7399
85.6856
85.8506
85.5069
85.7372
88.0867
87.7114
87.7149
87.4388
86.5164
85.9503
86.4307
84.1516
85.0804
86.1007
86.9466
86.653
87.4089
86.246
85.8526
87.6674
88.9628
89.0448
87.9928
88.0949
87.6285
88.3265
88.6179
87.8954
86.7922
86.3608
87.9512
87.5012
84.5817
85.5257
86.424
85.8438
85.5898
85.4911
84.0323
83.3641
84.587
85.04
86.6221
85.9622
85.9387
86.597
85.3121
84.7931
86.1727
85.7286
85.3323
83.8189
84.4271
84.7791
83.8171
84.2515
85.7396
88.0432
88.4882
87.7282
88.6131
88.6522
89.6379
87.4382
87.8716
87.1246
87.0653
88.6801
89.1248
88.852
88.594
89.08
88.24
88.1248
88.0415
88.1313
87.8553
88.7506
87.4246
87.553
87.2336
87.9295
88.9757
88.5594
89.5438
89.2199
89.4583
86.6906
84.2135
84.9003
86.1532
84.3558
84.4122
84.9173
85.9876
84.9546
85.2662
85.0175
86.1288
87.4867
87.3573
87.3545
87.4063
87.5279
89.2097
88.9208
88.3401
88.037
88.6149
88.3284
90.2741
89.3307
89.5329
89.6571
90.5294
89.7334
90.1089
88.7488
87.2323
86.3853
85.8114
85.093
83.384
84.0809
83.7186
83.6105
84.159
83.5751
83.4771
83.5946
84.7712
85.4598
85.4234
85.1811
83.5226
83.7997
85.3132
86.2393
86.5381
86.2684
86.0386
86.7718
88.2256
87.7925
87.8848
87.6904
90.5188
88.6975
86.4604
86.7049
85.5588
85.2136
84.037
82.4474
83.4659
86.2951
86.118
83.1983
84.7203
87.0497
87.7408
86.6234
87.7228
87.8966
90.9406
90.3254
89.159
89.164
89.7906
88.8147
90.2865
89.3493
89.402
91.1005
91.0391
91.9171
89.6201
89.4335
89.1127
89.4042
88.7947
87.0181
85.5067
86.5124
86.4321
86.6826
85.8103
84.5565
84.234
83.2972
84.6855
85.9752
87.135
85.9625
84.8514
84.8298
86.3142
86.8043
86.4102
85.3491
85.063
84.2922
84.7008
86.3811
85.054
85.6191
85.3071
86.0611
87.7276
88.9246
89.4893
91.2933
89.6212
91.0968
91.3142
88.1949
88.6834
89.169
88.7314
89.3164
88.1565
88.0506
85.9457
85.6678
84.9432
85.3347
84.0462
83.8934
83.7501
83.2735
81.4213
82.3474
80.9566
