98.9181
98.3939
99.06
97.5681
99.0069
98.4496
96.5867
94.9934
94.8626
95.3391
95.9152
94.669
93.5024
93.6644
93.8664
94.6083
91.721
91.6964
93.3547
93.5817
95.7828
94.3225
94.2606
94.7357
95.3861
97.0142
97.3109
95.7768
95.2738
94.4991
94.6283
95.3954
95.9408
97.0703
97.7872
96.719
96.0576
96.5337
95.3556
95.3861
94.7734
94.6364
93.9706
94.1328
93.5703
93.779
92.8176
92.7379
94.1642
95.0629
94.4208
94.8851
94.8444
93.5452
94.1147
93.9894
95.4289
94.6265
93.6917
95.594
95.1426
95.4082
93.9301
94.5965
94.9629
96.6574
96.7103
97.7012
98.6974
98.5221
96.7024
96.3617
96.6993
98.9957
97.4614
97.5809
98.1089
99.4322
101.349
99.4648
100.625
98.9903
97.0227
96.9006
95.9423
97.5688
99.9499
100.696
100.77
103.662
104.762
103.526
104
104.141
101.22
100.573
98.7859
100.142
99.9289
99.4928
99.9244
100.89
101.119
101.047
100.905
102.365
102.383
102.172
100.54
97.6894
95.2471
93.7586
93.2354
92.2885
92.987
94.9786
95.2797
96.0256
95.9978
95.9449
95.8107
96.0152
95.4834
98.037
97.1636
98.3728
97.4432
99.2416
99.9699
101.203
101.503
101.927
100.817
100.506
100.699
103.566
103.606
101.829
102.952
103.268
105.201
105.488
104.966
107.089
105.108
103.653
102.699
101.839
102.304
101.846
101.529
102.519
101.01
100.172
100.779
100.633
100.468
99.926
100.054
96.4152
97.4542
98.0849
99.2156
98.3959
98.1669
98.0664
96.6129
97.4961
99.127
100.898
101.502
103.549
103.045
103.118
103.654
102.384
102.958
101.313
103.782
105.343
106.868
107.149
107.112
106.666
105.784
105.214
103.246
103.28
102.801
103.795
104.104
103.42
101.671
100.51
99.9592
100.442
101.914
101.977
102.288
104.166
105.61
104.752
105.44
105.827
105.623
105.918
105.685
103.041
105.563
106.091
106.74
105.606
105.662
103.94
103.915
103.052
104.378
104.507
105.368
104.583
104.384
102.712
102.261
100.582
100.564
100.625
101.877
100.816
100.267
99.216
97.5428
98.5793
99.9921
97.9493
97.2375
98.8112
98.4262
98.8209
100.302
100.582
99.913
99.1898
100.853
101.89
100.089
100.927
101.2
101.452
101.106
100.231
101.032
101.558
99.8939
101.209
101.989
101.327
99.5186
100.822
101.733
102.002
103.485
103.678
106.217
104.517
106.298
106.735
105.368
107.034
108.571
107.726
108.889
110.629
110.138
110.251
110.653
110.978
113.737
112.461
112.167
113.608
112.967
110.455
108.462
108.083
109.609
112.368
113.48
114.658
114.041
114.179
111.197
109.016
108.127
106.412
107.89
107.995
109.846
110.814
109.465
107.991
108.378
109.489
106.452
106.497
107.638
107.877
110.077
110.804
111.204
112.959
112.489
113.907
116.926
117.084
116.833
116.284
117.363
115.743
115.712
115.827
115.296
116.719
117.244
115.549
115.329
117.251
118.269
117.694
115.829
114.531
115.053
114.152
114.062
112.941
113.55
114.027
113.2
113.451
114.624
114.199
113.302
112.906
114.681
115.32
112.063
110.458
109.35
108.721
106.97
106.317
108.581
105.554
105.722
106.31
105.555
105.311
106.839
106.644
106.776
106.57
106.349
106.675
105.44
106.252
103.988
102.634
101.951
102.274
103.082
101.638
101.826
101.199
102.325
102.015
102.669
100.523
101.647
102.897
103.455
101.521
102.342
102.368
103.671
103.904
105.964
105.099
106.015
105.667
105.257
105.168
103.848
106.054
104.92
104.849
106.541
104.603
103.191
103.219
103.042
102.698
100.96
102.446
101.35
100.382
100.768
99.306
98.8315
97.1893
95.7402
94.2583
95.5482
95.3239
93.4205
93.6855
93.5859
94.14
93.9758
93.1931
94.8628
95.0502
95.8952
96.4004
95.6445
96.0985
98.0552
98.719
98.2375
98.148
96.1021
95.0855
96.1981
96.2771
96.464
96.2739
94.8753
94.4861
92.5374
92.9972
90.1671
88.3469
86.8002
88.1089
89.6371
88.9516
88.0047
85.98
86.5266
85.5872
85.5599
85.3043
87.4901
88.4747
88.1049
90.2679
90.8546
91.5621
91.9655
92.3307
93.0746
92.0811
90.6373
91.0413
89.9884
87.6924
87.8444
87.8119
88.7079
89.0684
88.6727
90.6602
88.7962
87.2853
86.9269
88.4051
88.6566
89.088
86.503
84.4803
82.7407
81.5196
81.1219
82.5076
83.1039
84.0306
83.624
84.7065
83.5537
84.7633
84.1137
84.4898
83.983
83.2234
85.266
84.6398
86.0087
86.0777
87.1245
86.9441
88.4979
88.0662
89.0988
88.7694
88.0263
88.2974
86.8966
86.6642
87.7859
88.7515
92.217
91.7987
90.7049
91.4842
91.6662
91.5956
91.9711
90.8588
89.9367
88.4418
85.6147
84.4879
85.6402
85.607
85.3578
85.7873
86.5172
86.9124
86.8218
87.2177
88.2204
87.3476
85.3563
86.2141
85.9967
84.6717
84.4222
83.5275
83.9489
83.4376
81.8157
80.6485
79.0825
80.0419
80.1865
80.8084
79.5758
79.6458
79.1469
77.2255
78.7041
79.3909
78.4109
75.9721
78.0391
76.7958
75.9146
76.5917
76.2632
77.6618
77.3795
76.5191
77.6362
77.5419
78.2025
77.67
77.1749
76.7366
76.6924
77.6667
77.7669
78.1032
76.4441
75.9195
76.7746
77.0658
77.3245
76.9375
75.0629
74.5232
74.1769
71.9214
71.9943
72.4363
72.0071
71.1502
70.9181
69.8455
68.9617
67.4803
66.751
66.0368
65.8321
66.0447
65.8464
65.9904
66.3361
66.8751
66.6822
66.9037
65.7968
65.6872
