100.14
100.015
100.673
101.781
104.782
103.391
102.504
100.89
102.285
101.864
100.896
98.8961
97.7686
100.049
101.439
100.083
100.882
101.949
103.403
104.133
104.872
103.137
103.201
104.926
102.769
101.691
101.994
101.211
100.859
100.759
101.794
99.5836
97.1206
97.3886
97.0404
97.9409
97.8605
100.504
98.899
100.169
99.1121
96.5657
96.9858
95.401
95.3273
96.9047
98.6656
100.892
100.559
99.1826
98.544
99.189
99.6923
99.1871
100.962
99.9502
100.043
98.6559
99.7536
100.222
100.973
98.6978
99.3839
99.4029
99.0216
99.4351
100.497
100.897
101.008
100.888
102.895
102.193
105.402
108.022
106.726
106.775
107.36
104.111
104.248
106.525
106.63
107.895
108.314
108.911
109.838
109.596
109.026
108.038
108.612
107.933
108.154
108.085
107.035
105.681
105.136
103.243
101.854
101.766
103.416
104.367
105.051
104.076
102.878
102.532
103.52
101.166
102.639
102.788
101.355
102.575
102.407
102.143
102.335
101.636
100.234
100.967
100.591
98.8675
97.3333
95.6047
94.247
94.7038
96.5383
98.6588
100.054
101.681
101.822
104.571
106.536
109.205
105.456
104.616
105.102
103.448
103.058
101.11
99.9502
101.769
100.856
103.185
103.144
102.792
102.164
100.667
102.687
102.001
103.766
105.278
103.414
103.923
102.998
101.918
101.439
102.588
102.766
104.978
104.175
104.866
103.441
104.038
103.242
103.269
102.081
102.097
100.724
100.309
100.427
100.646
104.11
106.005
108.607
106.979
105.691
106.091
103.449
103.588
104.134
101.278
102.929
105.22
105.483
104.297
104.95
102.224
100.546
103.292
102.044
103.436
103.476
103.603
103.716
104.403
104.371
104.666
104.823
104.796
106.945
107.459
105.957
103.133
105.071
106.285
107.931
108.584
106.942
109.62
112.334
111.299
112.205
112.674
112.278
113.191
114.109
114.843
114.213
114.471
112.861
114.271
113.923
113.648
114.678
115.291
115.356
116.355
113.781
113.589
113.017
114.623
115.375
116.572
118.175
121.146
118.463
117.709
115.682
116.162
115.882
113.431
114.751
114.944
115.613
115.306
114.761
114.907
113.645
109.487
109.7
109.836
112.149
111.313
109.321
109.789
108.885
108.469
108.626
108.144
108.967
107.75
106.647
108.841
109.219
114.072
114.373
112.429
111.767
113.989
113.172
113.454
111.88
111.593
111.136
108.971
111.865
112.082
111.718
112.602
111.75
110.727
112.515
115.321
116.411
115.909
118.215
117.993
117.384
116.904
116.032
116.857
117.367
118.652
119.796
121.054
123.649
125.672
122.978
122.99
121.209
120.017
120.242
121.162
121.412
120.164
120.616
120.649
121.123
120.528
120.294
120.504
119.856
120.145
119.187
118.59
117.728
116.628
117.971
118.92
121.121
122.913
121.253
122.243
120.795
120.687
121.732
121.015
121.932
120.657
121.104
119.755
118.451
116.913
117.612
117.384
119.233
120.306
122.412
122.318
124.156
124.778
124.988
126.285
125.988
125.058
125.166
123.315
124.943
123.045
123.953
124.218
124.557
125.696
124.426
123.699
123.515
122.243
122.734
124.721
123.816
123.194
122.623
122.389
124.526
124.634
124.706
125.513
125.383
125.418
124.504
123.187
124.16
124.242
124.947
124.329
127.315
129.653
129.554
129.23
127.363
129.899
129.675
128.584
128.041
126.907
125.738
127.974
128.286
127.605
128.389
129.027
128.721
128.628
128.481
129.203
128.366
127.319
127.63
127.044
129.549
130.424
131.615
133.127
131.95
131.991
132.059
134.3
132.456
133.655
134.061
134.737
133.825
135.007
138.458
140.171
140.698
143.4
146.35
147.839
145.819
145.667
146.505
146.95
146.188
148.447
148.844
150.381
147.65
149.989
150.619
149.472
151.539
152.177
150.912
150.94
149.233
151.806
152.493
152.849
152.387
152.424
153.671
152.439
154.822
154.516
157.015
156.697
161.743
162.443
159.203
158.591
162.748
164.992
165.258
164.762
169.486
167.699
165.592
165.967
164.719
165.073
164.31
162.482
161.232
163.103
166.964
165.96
164.166
164.474
163.509
163.111
164.392
166.091
166.532
163.503
159.991
159.087
159.603
157.952
157.825
156.735
157.443
154.498
156.115
157.003
155.405
156.264
156.13
154.828
153.978
152.666
153.694
154.327
155.238
156.353
157.943
160.388
159.79
158.406
156.954
155.364
152.126
153.701
151.59
152.346
154.046
155.679
155.009
152.168
155.272
156.319
157.554
157.635
155.059
157.164
157.451
159.506
159.214
157.435
159.676
157.246
158.875
156.967
158.118
154.718
156.076
157.026
154.679
154.898
156.81
156.283
157.18
155.875
154.266
156.767
157.405
158.068
153.931
152.149
151.796
153.18
155.709
153.635
155.777
157.176
158.67
161.068
159.971
159.773
157.599
159.027
158.782
155.717
156.029
155.549
153.934
155.025
154.995
155.966
152.543
152.05
156.561
157.064
159.145
158.198
156.905
157.784
158.502
157.947
156.685
159.203
162.26
158.956
160.294
161.605
165.472
165.383
165.573
166.062
167.216
169.136
169.43
173.352
173.757
176.006
174.642
173.719
173.215
175.069
173.777
174.575
173.651
173.954
173.791
174.076
177.652
177.966
179.247
175.967
174.627
177.834
181.426
178.941
