98.3211
98.5519
99.2017
99.8426
101.913
103.612
103.295
103.649
104.273
104.502
105.598
105.584
106.903
106.359
108.248
107.802
107.063
106.114
107.429
105.34
104.625
106.122
105.483
107.368
107.113
104.899
105.049
105.043
105.803
102.207
101.238
99.9785
102.148
104.688
106.036
105.998
107.374
107.903
105.527
104.868
106.539
104.055
106.201
105.283
107.223
106.863
109.612
107.7
108.779
107.964
107.849
108.321
108.451
106.325
103.995
104.938
104.463
103
102.947
102.685
103.119
104.224
103.527
105.153
105.678
105.185
106.437
105.817
104.569
107.298
107.523
109.282
108.811
106.887
110.292
110.909
112.961
112.195
111.531
111.905
108.788
108.446
106.571
106.219
105.518
105.661
105.507
105.395
106.516
105.827
105.963
104.799
103.651
103.296
102.159
102.019
104.007
102.563
100.621
102.335
103.403
101.132
102.709
103.323
101.892
102.055
100.627
101.544
101.79
102.1
100.128
99.199
98.3016
96.6112
97.8547
99.7178
100.36
101.907
101.076
99.4605
99.6438
100.523
99.3121
100.239
98.4252
99.2621
98.8711
96.7923
96.4935
96.6556
94.3066
96.6343
94.6559
95.2501
94.9694
95.4516
97.0623
93.8058
91.9965
92.1293
92.7195
92.8067
93.5205
94.0136
94.7888
92.4701
89.3489
89.832
91.9087
91.4232
93.0987
91.8003
92.8044
91.5078
91.8773
91.5545
92.5224
91.4041
93.2834
94.4987
93.3225
92.7851
91.6728
92.6551
91.2665
91.6169
91.8455
91.1683
90.1235
88.1509
90.4472
89.3455
90.7635
90.2001
88.8859
87.0156
85.7812
85.8378
86.0494
84.992
85.3474
84.7905
84.7585
85.3745
85.9125
85.3095
87.1952
90.1892
89.3627
88.5558
89.2492
89.5346
88.4356
86.3411
86.4289
86.8935
86.6826
86.8993
86.6226
84.385
83.7977
84.5598
85.5761
84.5728
84.2697
84.0038
85.5552
85.6177
86.3877
87.3838
89.0204
88.1775
89.289
89.2736
90.1428
90.1016
90.6177
89.9519
89.8657
88.6227
88.5751
89.2695
89.1196
87.3162
87.9075
88.8344
89.3639
88.9745
89.3101
89.4201
90.333
90.6137
91.6824
91.3269
89.6383
86.188
87.0418
86.8668
85.1878
86.7297
87.4989
89.6004
89.1879
89.1199
89.026
89.1298
89.7425
90.5136
90.3391
91.0285
91.2222
92.2539
91.3392
92.4367
93.4173
94.4818
92.2892
90.8912
92.3329
93.6602
93.2807
93.9205
95.4664
96.4526
95.9321
96.3761
98.0257
98.7692
97.6574
96.9795
97.4077
99.3695
101.12
100.244
101.187
100.942
99.1186
99.4136
100.718
99.849
100.268
102.981
104.776
105.444
106.578
105.153
103.395
102.497
102.35
102.73
104.268
104.173
103.124
101.386
101.622
101.575
102.868
105.865
104.887
105.498
103.892
102.789
102.265
103.914
101.926
101.416
100.922
101.087
102.304
102.632
99.77
99.0991
97.4404
97.5286
96.5275
97.1719
97.8593
97.0047
95.4996
94.3291
92.9012
92.1349
91.31
91.4491
94.139
94.0192
94.5583
93.1371
91.9403
91.2408
91.2431
92.9116
91.8513
91.3643
92.4647
94.6434
95.6345
96.7791
97.157
96.4798
95.1961
96.6321
97.6055
97.7149
98.313
98.9556
98.8045
98.3523
96.1727
96.3504
96.4382
96.9893
96.3912
97.5265
97.3816
97.5525
97.9067
99.5459
100.643
99.464
97.3254
97.8746
95.3006
95.3634
93.5104
94.0531
95.2862
93.3012
93.8062
94.3489
95.9009
93.3941
91.2872
91.071
90.4559
91.2372
89.5392
87.1827
86.632
86.2274
87.2136
85.3603
86.5284
86.437
86.9131
84.6817
85.6271
83.876
83.9296
83.5693
83.7109
82.7997
82.7202
83.0419
83.9663
84.2372
83.8006
83.2342
82.9774
84.6978
84.7925
84.1357
83.598
82.7068
80.3938
80.5187
81.7463
82.0545
82.324
82.8395
81.5969
82.7306
82.9671
83.3814
84.0544
84.6048
85.1157
83.9683
85.4432
84.1633
84.1161
85.2326
84.5403
83.6411
84.8735
85.1345
84.3335
83.9689
83.2752
81.9164
82.8394
83.266
80.3965
80.0219
80.6557
80.4722
79.6047
78.4736
76.2647
76.9247
76.1641
75.6319
75.1124
76.3777
76.6827
74.7412
73.9583
75.0596
74.6859
74.8102
74.4431
74.9971
73.6923
74.5247
74.2627
74.5713
73.9532
73.6966
73.3228
73.1173
73.9429
73.042
73.1865
71.5121
70.4432
70.227
70.9091
71.9688
72.2644
72.0619
72.8253
74.6233
73.8015
74.279
74.3516
74.2677
74.7532
75.8277
77.1632
78.65
78.553
77.9504
79.0334
78.4719
80.2542
79.9098
78.2215
80.236
81.485
80.6493
83.1806
83.9735
85.2621
85.5115
87.0765
88.3132
89.8587
90.4716
91.2149
91.9157
89.8667
89.714
89.1326
90.0874
89.3746
89.5803
90.0827
88.6866
87.9352
87.6814
89.1034
89.803
88.2751
89.5024
90.455
90.9805
89.9585
90.1444
91.9813
91.5196
92.1415
92.1187
92.672
93.1862
91.5071
91.6274
92.6183
91.1626
93.5851
90.8823
90.1627
90.8534
94.2559
92.6217
91.4482
92.0497
91.3076
94.1167
96.3889
95.8179
97.0418
96.734
97.9058
97.0782
95.7538
94.8
95.1078
94.8323
94.9768
95.1561
96.0308
97.2236
95.8131
95.2464
93.5202
93.4216
93.8241
94.7375
94.4423
95.1561
94.1415
94.2981
94.0722
93.4611
94.7712
96.3429
95.9911
95.9177
95.8621
96.9781
95.6362
93.8418
92.9229
93.9837
95.2174
96.131
97.7711
97.9946
98.6446
97.7737
98.3859
94.9842
96.4363
96.2617
97.1581
97.7317
96.7896
95.5288
96.7633
95.3599
94.2836
92.2415
91.9339
92.5481
93.8617
94.4919
95.8112
94.7938
96.8107
96.5832
