97.8633
96.9429
98.7799
98.6694
101.059
101.698
101.952
98.9603
98.5702
96.5526
95.3906
94.9389
93.3329
91.6525
92.4526
93.198
95.2625
94.5118
92.6616
92.696
91.5577
91.8867
91.898
93.6137
91.7592
90.9164
91.3667
91.1363
90.1515
90.1271
90.0261
90.7167
90.1413
87.9027
87.7165
87.9466
88.2963
89.0735
90.2927
90.6165
91.3893
91.4381
90.9815
89.3352
88.3394
88.6577
89.4037
89.5703
89.2211
88.912
88.7362
88.8421
87.124
86.8714
87.9756
88.0314
85.658
86.5285
87.2835
88.5636
87.933
88.9483
87.9036
87.5572
86.2818
85.4567
86.1611
85.1475
84.0892
83.8942
83.52
84.3745
85.248
86.759
86.0439
86.2201
84.8611
85.3877
85.7747
83.64
83.7847
82.3324
82.5536
84.6331
84.7782
85.4122
85.2922
86.347
86.4443
87.3548
86.6372
84.3281
86.9161
86.9981
87.6883
87.81
90.0755
90.0605
89.9687
90.146
90.2335
91.1487
91.3611
92.2272
94.3225
93.4549
94.2696
94.4808
94.6102
93.709
92.267
92.4919
91.6389
93.5789
95.3737
97.9379
96.2185
96.0491
98.4285
98.4616
99.1715
98.6696
97.5961
96.6749
98.0581
96.3932
96.6597
96.3953
96.0566
96.9262
95.5907
96.6617
96.9836
97.2642
98.8043
99.3319
98.7824
98.897
96.906
95.6979
95.9743
97.3223
100.087
100.628
99.3153
98.9616
96.8494
98.8431
97.6408
97.1135
96.0209
96.6915
94.6646
94.8265
94.9606
95.5523
95.8464
95.7157
97.4241
97.638
97.6501
95.453
96.4101
95.7967
96.3972
97.3577
96.9169
95.8753
95.1261
95.5785
96.0851
95.6985
95.8722
96.5026
96.7816
99.0016
98.0265
97.8859
99.2502
96.8606
98.0096
99.2834
98.6254
99.5548
100.738
100.118
97.1775
95.97
93.52
92.5728
92.0441
92.6668
94.1767
89.9199
89.8114
90.102
91.6206
92.9125
93.149
92.9775
93.2021
93.7568
93.7964
95.0774
94.9547
94.1632
94.7281
94.4774
95.1699
95.9703
95.7387
95.9278
96.6074
95.2218
95.6975
93.8797
93.0483
92.0872
92.2044
92.5844
92.1191
91.3118
90.6505
91.5869
89.1604
89.8324
92.0854
90.6865
89.7205
88.6822
87.757
86.1106
85.702
86.8084
86.225
83.3551
82.8775
80.9152
81.5533
79.5605
79.6046
80.2365
82.0763
83.372
83.6364
83.3486
83.5636
84.6828
85.7346
85.0979
87.0816
87.7489
86.5758
87.9318
88.6163
89.1457
90.3836
89.5549
89.2933
88.2299
89.1875
88.2171
88.2775
87.9305
88.8701
91.5487
90.3227
91.0438
89.05
88.795
88.1325
87.848
87.0753
88.827
88.6853
90.8222
92.0062
92.4186
93.456
92.9944
93.468
94.2751
94.3448
94.2683
95.6543
95.4186
95.2694
94.8915
95.8905
94.8664
96.6931
98.1036
95.9664
97.4657
98.8786
99.2152
99.1033
96.8257
97.8013
97.9433
94.664
95.8008
95.8312
97.3372
97.0011
96.4983
96.3203
96.5775
98.0989
96.0848
95.5428
94.6528
94.6042
94.6004
92.9988
91.936
90.4316
89.6393
88.1648
88.6797
90.5461
91.4182
91.929
91.5029
91.5568
93.6798
93.6942
93.4708
93.1681
91.09
92.2776
92.4797
92.4203
91.4472
90.8776
91.2341
92.2395
91.5723
91.7418
90.3423
91.9941
92.8075
91.8841
92.765
92.9737
93.8052
90.4686
90.9063
90.9315
89.6282
89.3259
87.8265
86.4342
86.6241
87.3208
86.9101
87.4123
89.3667
89.9935
92.3774
91.9737
91.7861
92.6161
91.4388
90.2696
91.2605
88.2026
87.8256
89.1107
88.9157
90.0188
91.6521
91.5384
91.7845
91.0829
90.0272
91.3009
93.7664
93.814
91.9112
91.7003
93.4849
95.088
96.9617
97.9541
100.243
98.0331
99.2947
99.2041
96.8905
96.0034
94.6714
95.0719
94.9029
95.5918
96.336
99.0543
99.803
99.4689
98.503
97.528
97.9502
98.9249
100.183
100.839
99.6272
98.4866
99.1864
99.4175
98.891
100.318
99.1157
98.2547
98.086
97.1353
95.7682
95.2999
95.4354
94.1795
94.667
95.1612
95.6204
95.5441
96.4839
94.8384
95.9641
95.95
96.1094
96.674
97.9931
96.4583
96.3346
95.4877
97.1084
96.1934
96.3504
95.4086
95.5014
95.0689
95.0902
93.6925
92.3487
93.526
91.101
90.3657
90.1208
89.5078
91.0156
93.5157
93.8429
94.8514
94.3346
95.2112
93.7016
94.102
94.7421
96.4862
96.8506
98.6537
100.933
98.3599
96.739
96.8449
93.8967
94.4812
93.3608
93.6489
93.5724
95.7007
96.2089
96.4613
95.5036
96.9796
96.9427
99.0958
98.2727
97.9417
95.1472
96.1372
95.0905
96.4506
96.8535
95.3963
94.3941
95.4366
92.5526
91.7512
92.0587
90.4206
91.7121
92.2974
91.3538
92.3409
90.4616
90.4365
93.3239
93.8444
94.9341
93.8961
94.0905
94.9452
94.0353
95.1043
94.6149
94.5307
95.8943
98.5743
98.1885
98.9957
97.1053
98.5997
98.0356
97.0548
98.4801
98.7545
100.058
100.722
104.337
103.755
102.84
100.771
101.39
100.341
101.333
101.102
100.864
102.656
101.167
102.612
100.439
101.535
101.33
104.65
103.636
103.9
103.603
104.359
103.949
107.051
108.457
107.403
108.111
108.612
108.141
108.818
110.049
110.176
109.291
108.583
110.401
110.63
111.725
110.675
112.111
110.72
110.098
110.868
109.602
109.435
108.995
110.061
110.558
111.212
111.132
109.483
113.186
113.111
112.881
111.594
111.597
109.388
109.097
106.876
106.68
107.427
107.899
109.226
111.365
113.707
115.766
116.052
116.516
117.675
115.686
115.014
115.538
116.188
114.337
116.57
115.945
118.531
119.067
117.596
117.614
117.803
117.046
115.94
115.388
114.434
115.484
