100.512
101.236
101.3
99.6566
98.1216
95.5965
95.7621
97.2314
97.5191
97.0032
96.761
96.6869
95.7718
98.2884
98.1088
97.5961
95.1286
93.6551
92.8525
93.7224
94.5344
94.2535
91.2209
90.0788
90.5244
92.1784
92.2562
91.5058
93.0421
92.1675
93.2371
93.642
92.0866
92.309
91.8398
93.4691
93.6437
93.8169
92.7415
91.3531
92.6938
92.2634
91.7999
93.4598
95.5177
94.0193
95.6055
96.7862
98.7132
99.6771
99.8051
99.3671
99.8583
99.5653
99.9555
101.71
100.113
99.4184
101.301
100.541
101.372
100.281
99.5995
100.083
100.293
99.4022
99.0771
100.517
100.985
100.477
99.1495
100.699
101.993
101.035
99.8442
100.578
100.946
102.141
99.7779
100.542
101.998
100.579
101.356
103.469
103.615
103.008
104.313
103.179
102.401
101.9
99.798
99.4836
101.66
102.495
104.126
104.135
105.149
107.292
104.155
102.792
98.3368
98.2443
95.9858
97.0003
96.3184
94.969
95.1584
95.3012
96.0359
98.0687
97.7513
95.5484
97.389
96.1667
98.9653
96.7518
96.1128
95.9048
94.7503
96.4832
95.0138
93.8281
96.1527
96.6839
95.7537
93.9189
92.4456
92.6356
91.9934
94.4234
95.8903
99.4817
99.6404
103.54
104.927
105.336
106.146
106.18
103.417
104.433
104.619
103.231
102.751
101.895
101.23
99.4731
101.122
100.256
102.077
103.861
105.319
102.994
104.29
102.595
99.8168
100.338
103.097
104.305
105.064
105.215
106.178
105.727
104.164
102.937
104.268
106.33
108.674
109.268
108.251
107.825
107.414
106.945
106.236
108.697
108.536
106.679
107.023
106.194
104.252
104.581
105.633
107.356
108.463
107.674
108.221
106.165
106.688
107.323
108.25
109.751
110.541
111.588
110.274
112.102
109.554
110.107
109.025
108.961
109.084
109.379
110.631
110.446
110.228
109.676
107.964
107.807
106.175
105.143
106.292
106.274
106.354
104.826
104.178
103.014
103.149
103.698
103.911
103.546
102.601
101.821
104.53
106.167
104.979
105.526
103.737
102.919
105.201
104.901
106.387
108.48
106.207
105.468
105.927
105.835
105.678
104.722
104.049
105.929
105.136
106.387
108.986
108.296
107.579
106.412
103.574
104.808
103.969
104.674
103.067
101.685
101.122
99.9174
100.368
102.694
102.161
102.93
101.245
100.513
99.5776
98.9166
100.791
101.299
101.516
100.827
101.934
100.66
99.1975
98.9536
99.2348
98.0386
99.4592
97.2154
96.1053
92.6255
93.098
91.7344
92.9791
91.9959
92.457
90.9652
90.5533
89.6577
90.7177
90.784
91.8161
90.8426
91.3072
89.7117
90.0585
91.4702
90.611
91.9732
90.4332
90.0314
92.5987
93.4926
93.1631
91.8862
91.3391
93.0897
91.5167
92.47
92.9534
94.0278
93.3874
94.0293
94.6798
93.9448
95.027
95.5022
96.6784
95.4116
94.4338
93.6036
94.9344
94.9005
96.0705
95.7777
97.3362
100.093
97.2728
95.6775
94.1437
93.4966
92.5228
92.2911
92.6619
92.9912
92.5266
93.5761
93.5836
92.9321
91.4288
92.751
93.7824
93.3369
94.3108
93.8225
93.8361
94.9051
95.9352
95.2953
94.0078
93.128
94.4817
94.1278
95.3966
97.0134
95.5683
94.7571
92.5384
92.0285
92.2085
94.7005
94.0349
94.925
95.7169
98.0561
98.3701
99.3891
99.1236
97.9883
99.6476
97.6871
99.7793
100.605
98.0905
97.6288
98.2968
99.7339
99.9312
101.525
102.004
100.853
99.0862
98.6243
98.9821
99.3816
97.6188
97.0458
97.1042
97.6217
96.9681
99.8881
99.7414
99.5601
97.2916
96.6332
96.9862
97.246
98.8566
97.1349
98.3011
97.9887
97.7223
95.8804
95.9236
95.389
97.1777
96.359
95.3665
94.8858
94.9609
93.5358
94.6228
94.0841
94.6098
94.953
94.5293
93.1828
93.2381
94.4823
96.1933
95.6501
94.6865
95.7008
96.6919
97.4692
96.592
95.0292
93.3508
94.0757
95.1495
95.5852
95.9785
95.5354
94.2408
95.9931
97.1904
98.6444
99.5621
99.0092
100.08
96.6702
96.4436
94.9308
96.9579
95.3961
96.543
97.9159
98.1452
98.2317
99.9602
100.553
100.484
98.9827
97.7643
98.1093
100.318
101.975
101.635
102.731
100.106
100.526
101.411
101.69
101.561
103.355
102.477
101.373
103.975
104.015
103.515
102.897
102.642
101.608
102.441
99.585
99.6632
100.29
101.621
102.022
101.746
100.481
101.662
102.111
103.456
101.152
103.899
102.778
101.513
100.816
99.4515
100.294
99.9934
99.2774
98.8426
98.9877
100.252
100.651
101.104
100.606
101.242
100.548
99.8034
98.7264
99.2879
98.9143
97.7629
98.0533
99.3519
99.8865
99.9177
101.257
101.392
102.281
102.822
104.697
105.845
106.37
106.952
109.126
108.414
107.987
108.511
108.642
109.074
109.545
108.915
110.984
112.12
111.486
111.606
113.601
113.038
110.146
111.476
113.494
112.328
113.017
112.368
110.79
110.612
110.202
109.028
109.891
108.278
107.174
107.731
107.196
108.071
108.242
107.902
109.667
108.572
108.277
110.752
110.935
110.08
108.69
108.231
108.802
108.152
110.788
111.89
112.701
114.578
116.268
115.204
114.224
114.632
114.145
117.212
116.187
114.889
115.526
115.721
117.45
121.409
120.094
120.046
117.959
117.225
118.21
116.968
116.764
118.633
119.902
119.82
119.506
119.137
120.394
120.734
121.541
122.809
122.659
122.924
121.572
120.656
121.232
122.455
123.898
124.266
122.186
120.493
121.541
122.43
123.922
122.419
123.943
