102.347
104.688
102.14
99.7061
100.791
101.336
101.336
97.9217
96.342
93.5928
95.2928
95.5599
95.0329
95.206
96.1381
96.8387
96.2997
97.079
96.788
96.3683
96.9056
97.5215
99.665
98.4707
96.814
97.307
98.1715
98.7533
96.8946
98.3425
99.0801
99.2675
102.045
100.922
103.181
102.379
103.135
101.848
102.378
102.37
103.92
103.678
104.567
104.983
105.75
106.541
103.653
105.086
105.099
105.469
106.241
108.742
107.637
105.704
107.025
105.927
106.065
106.58
108.309
108.198
107.597
108.279
108.562
108.82
108.892
110.773
112.298
110.73
108.915
108.098
109.401
109.46
109.4
106.793
107.15
109.868
110.572
109.096
109.138
109.577
108.818
108.632
109.041
107.249
108.294
106.894
106.809
105.613
104.909
106.22
109.439
110.954
109.78
110.104
108.407
108.616
107.905
106.892
107.838
106.731
108.879
108.141
106.507
103.482
103.311
103.058
100.357
101.434
102.75
102.238
103.447
105.097
103.661
101.976
102.565
104.136
103.397
103.261
101.84
102.264
100.294
97.9621
95.8202
96.2273
96.8033
96.4361
97.5163
97.0423
96.1707
96.6061
97.2215
98.778
101.213
101.138
103.543
103.393
104.001
101.742
101.205
103.169
107.198
106.817
108.918
106.15
105.663
104.354
102.96
103.183
104.262
104.249
107.278
106.888
108.488
108.724
108.958
109.027
108.772
105.814
103.757
103.772
101.544
103.159
104.202
104.944
105.976
107.395
108.094
108.755
108.523
107.007
105.912
103.867
101.523
99.8215
101.956
102.033
101.662
101.756
100.057
96.3488
96.2626
96.4698
95.6266
94.9517
96.0305
94.9098
93.9314
94.4443
93.204
94.0329
95.3453
93.072
93.8303
92.7471
94.2987
92.93
93.5767
94.1771
95.3397
92.79
91.4396
89.7486
90.5297
92.1381
93.0972
92.9127
91.393
92.1978
91.7004
93.5757
93.3639
94.4291
95.7252
94.6011
92.382
93.9024
92.3566
90.693
88.2716
89.6041
88.7593
87.7948
88.32
88.3824
88.4129
89.1359
90.4639
89.1808
89.129
87.8007
87.4099
89.244
87.6856
87.1272
87.6996
85.0969
84.7857
84.7319
86.6279
85.4265
86.7827
85.3232
86.1314
84.2378
84.445
83.6596
84.978
85.8252
87.3679
86.8561
88.2877
87.4664
88.6061
89.3613
90.798
90.4217
91.9615
91.4136
88.5144
89.7632
90.0484
89.8504
89.8281
88.6981
88.6742
87.7544
87.8745
88.3909
87.6679
88.9343
89.0007
88.5942
89.3972
89.9405
90.8812
91.2382
91.6677
92.2402
92.3039
91.7365
91.4154
92.7678
89.6469
89.6798
88.557
89.183
89.4512
90.4053
88.8748
90.5718
89.987
87.7691
89.2921
90.205
91.2465
90.9701
90.3158
90.219
89.8912
90.4504
92.2313
89.9814
89.5196
92.1459
92.8165
90.6422
92.4266
93.2087
92.0878
91.6182
91.4605
91.8146
90.7342
89.4697
88.8891
90.1372
90.803
91.06
90.2817
89.4265
88.7874
89.0836
87.3957
86.9721
86.4972
88.159
88.4808
90.0737
88.7347
90.6748
91.2136
89.4801
88.6044
88.1933
86.8174
87.7749
88.1979
85.5962
84.2275
84.8488
84.4248
84.2989
82.8035
82.9932
82.962
84.1574
84.3411
84.138
85.7841
84.5322
85.035
85.8134
85.4421
85.3719
84.6645
85.986
86.1559
86.9896
86.4424
87.5286
86.6657
85.3527
86.7427
86.555
87.063
88.3667
86.4786
86.4545
84.2647
83.691
83.6682
82.5003
83.5477
85.2242
83.7986
82.4796
82.1849
82.6065
82.4931
81.8094
81.0592
81.6622
80.0612
79.7059
80.4041
80.2516
77.9624
78.4405
77.6844
76.9376
75.2045
74.9672
74.4635
75.5715
74.9615
76.4122
77.608
76.363
77.0576
76.6348
76.3626
77.693
77.7977
76.9723
76.4066
78.4134
80.3414
80.0977
80.2105
79.5879
79.8221
80.4372
78.7119
79.4939
79.4428
79.0199
78.0122
78.2618
78.2392
77.7559
79.66
79.1688
80.1967
79.98
79.4942
79.4733
78.6497
78.5649
80.0255
80.9377
78.6797
77.9897
78.3823
77.6618
77.214
77.5981
78.4069
77.4579
77.0727
77.1445
76.708
79.4908
77.8049
78.5928
79.6148
78.8265
80.0343
79.3059
79.3398
80.4609
79.8115
80.5246
81.5262
82.066
81.8082
83.8649
84.5906
84.191
86.0263
85.2853
86.1257
86.4364
84.6785
84.3362
83.1357
83.0693
82.2164
83.0639
80.962
81.316
83.4716
83.4202
83.2854
85.0634
82.5523
82.6814
83.2291
84.0012
83.0747
80.9383
79.1409
79.1912
78.2896
77.3846
76.9957
78.2212
78.4938
78.5477
78.1174
78.5777
78.7312
79.5908
78.915
80.5743
79.0056
79.0737
78.9758
80.4333
82.2298
85.0975
85.591
86.7595
87.7037
87.081
87.2168
84.7653
85.43
83.1612
83.6209
81.9966
80.2863
78.2627
77.3412
77.8582
76.8071
76.5156
76.6352
75.4716
75.7029
76.3516
77.2377
78.797
78.5195
78.0266
78.8917
79.8749
79.913
78.9112
78.9467
78.3449
78.4958
79.1609
79.0963
78.4614
77.0111
76.1822
76.3187
75.9203
77.1788
76.6421
76.5234
76.6977
77.753
77.8067
77.0533
76.2674
75.7167
74.7535
75.0916
75.1743
73.6832
74.6192
76.8846
77.3015
75.6844
75.5363
73.5614
73.8165
72.8621
73.0496
71.9669
72.3514
71.0346
70.0082
73.1458
73.5538
73.5278
74.0057
74.0282
75.596
74.3017
74.085
75.171
76.0343
76.1963
75.822
75.2303
75.2992
75.8408
76.8326
75.7034
75.3805
75.2032
75.0616
75.3116
73.9121
74.6408
73.1818
74.4542
73.7032
72.9072
74.1728
73.9523
73.8429
73.0544
72.0577
73.4818
72.1191
72.1444
72.5819
