102.416
101.372
101.209
102.265
101.215
100.765
99.5457
99.5764
100.661
99.2855
99.2293
98.7628
96.9479
95.4212
94.3312
93.864
95.1896
94.4597
95.0966
93.9332
93.0075
93.3823
93.3068
95.4548
95.7169
93.9428
93.0652
92.9282
95.1015
95.0554
97.438
99.2703
96.8438
95.2206
96.0961
93.4943
95.2899
95.4433
96.8532
95.9981
96.8004
99.7508
96.3352
98.403
98.5774
97.8276
98.1834
97.1422
97.0229
97.1677
98.1519
97.8064
96.5154
96.2917
96.0695
96.4051
97.5697
94.8364
95.7343
95.6277
95.9372
95.0229
96.0313
95.9553
96.4258
96.6492
95.789
95.1894
95.4762
93.4715
95.7717
96.0692
96.1438
96.9935
98.5261
97.7531
99.0166
100.422
98.876
97.7931
98.3003
99.1851
100.366
100.303
102.351
101.036
101.449
101.148
102.837
102.972
104.607
101.155
97.8251
99.1924
100.706
101.475
99.9177
99.2828
98.7847
98.165
98.9322
97.4579
97.8215
98.3275
97.9549
97.6458
96.5937
94.3332
94.4541
95.0557
97.0171
98.0139
98.8052
96.7811
97.1672
97.3172
98.2262
98.8381
98.1312
96.4925
96.7688
97.7552
98.62
97.4323
97.0772
96.2635
98.4328
97.773
97.1159
95.0306
94.1639
94.2753
93.5247
93.4264
92.2852
92.2489
91.0444
92.9328
91.0826
92.1374
92.0748
92.3042
91.6389
90.8379
90.6297
90.4248
90.7127
91.5321
92.5451
91.609
91.6206
90.9827
91.1281
90.0044
90.1547
89.175
89.1022
90.1814
89.6784
89.0874
90.5299
90.1114
91.368
93.7153
90.964
91.8014
90.1668
90.108
89.9166
90.6055
88.6947
87.9544
86.2934
84.7492
83.4259
82.4849
83.0708
81.5825
81.1912
80.2576
81.2052
81.4914
81.4294
81.8051
82.2164
81.959
82.8065
82.7265
83.3045
85.0479
84.3487
83.4872
85.1219
83.5589
83.7361
82.737
85.013
85.7339
88.0152
86.8623
86.6717
84.9283
84.5794
84.6317
84.9199
85.1778
84.6189
86.7305
87.2836
88.9719
88.8006
89.4162
88.2454
88.7319
89.7474
90.5272
89.6074
89.3427
89.3681
89.2803
87.8573
87.1194
88.7753
88.7073
88.8556
88.7037
87.4681
89.3997
88.8443
89.1127
89.3769
89.7104
90.7948
92.448
93.4499
93.3035
93.2085
93.568
92.1229
91.4097
92.104
93.4962
93.081
92.4561
90.9848
93.3288
91.4678
91.4186
91.5001
92.6501
91.3713
91.6696
90.1618
90.2717
91.2035
91.7468
91.5028
92.9612
92.5369
92.2297
93.1229
92.9945
92.2972
93.2675
92.9309
92.7079
91.0376
90.9052
90.738
89.8514
88.4771
88.4793
89.3489
88.7796
86.758
88.4814
89.498
90.4389
89.748
89.7257
88.1662
89.5862
88.593
89.2173
89.3207
88.0522
90.1501
89.9452
90.2689
91.1286
92.8476
93.8532
94.1704
94.0282
92.1875
91.6406
91.9865
92.6608
92.7814
93.1493
92.8181
92.6775
92.8289
92.1369
93.2647
92.6368
92.7547
92.1406
92.4754
93.4688
92.1548
93.8189
95.5008
96.6543
95.764
96.2956
94.8821
94.5937
94.8248
95.8909
95.6017
93.648
94.5815
93.5644
93.6725
92.5761
93.391
95.6889
93.55
90.947
92.6923
90.9924
89.5717
88.6575
88.8822
88.1758
87.1175
87.6191
87.1924
86.1451
85.4461
83.8606
84.1397
85.2412
84.0176
83.9565
83.1724
84.0219
84.096
85.6994
86.7997
86.0375
84.7643
85.6376
87.2169
85.7403
87.3459
88.1473
88.3698
89.35
88.4701
87.481
86.0916
86.1529
88.3488
87.7722
88.1523
87.9917
89.171
89.8361
89.5525
89.9721
90.9738
91.3235
90.506
89.9181
90.5483
90.319
92.6949
94.524
93.5604
93.7874
96.1264
95.5462
95.2947
92.6636
92.1267
92.0106
91.843
92.5426
94.4324
94.9451
94.1661
95.0712
96.3046
92.2269
92.5106
91.6962
91.5049
92.5827
93.1443
92.5331
88.4317
88.8434
89.8652
88.2097
88.9143
87.405
86.036
85.3329
84.8707
84.5628
85.4629
85.1424
85.9942
85.7001
84.4379
84.0914
84.3772
83.3718
83.3641
82.7284
84.4628
84.2832
83.6259
84.8664
85.1775
86.8994
87.8616
89.2515
90.1585
91.2057
89.6896
90.0295
89.646
90.5135
91.0575
92.2585
92.0207
92.6435
93.7292
95.8867
98.1158
96.4601
97.4764
96.6818
97.1451
97.0205
94.777
94.869
96.9215
97.6114
98.537
99.014
98.9629
101.798
101.319
100.306
99.9118
100.469
99.3081
96.8488
97.7467
97.8287
96.4088
96.4097
95.3568
94.7052
94.6723
94.8692
94.2895
95.4167
96.1829
96.3391
96.8773
96.7701
95.2207
93.8556
94.8086
94.3037
92.0404
93.7266
95.2074
94.4187
95.0435
95.2943
95.9098
97.2128
97.1704
95.5128
95.0118
93.9917
93.4953
93.5749
93.2955
90.1045
88.4771
87.465
85.6546
85.0176
84.4272
84.5245
86.7247
84.6664
85.1948
86.2518
84.8244
85.8939
86.593
84.3066
82.7044
82.3376
81.6473
82.989
83.532
84.4971
84.9294
85.1408
84.3401
84.0926
84.506
84.8705
85.2258
86.6588
86.4592
88.3631
88.1546
89.0931
88.8076
89.8262
89.1522
88.392
89.2696
88.268
87.5513
88.4264
87.7805
89.3888
89.8781
88.1252
87.5296
88.3509
88.7153
88.6789
88.6814
89.634
89.861
88.7497
87.3407
87.1678
88.4965
89.1367
89.3146
91.6169
90.8252
91.3094
91.9373
90.7461
93.578
92.9238
92.8944
93.5947
92.8916
93.5004
92.1856
92.5953
92.7398
91.5591
91.9316
91.7594
92.1429
92.7795
93.4188
94.0103
92.6784
90.9031
91.0553
90.1979
89.7955
91.1033
90.4569
91.5974
92.2266
92.1306
91.143
91.1554
90.4444
89.8158
88.8909
88.2595
88.4666
87.5174
88.4357
87.6402
88.0013
88.3191
89.2144
90.189
90.1033
90.3522
