100.887
101.253
103.716
101.063
100.949
100.915
101.371
101.945
103.125
101.578
102.922
104.096
104.109
105.611
107.309
107.45
107.143
105.943
105.317
105.085
102.64
101.297
100.207
100.827
100.732
100.004
98.0367
97.1411
98.6104
97.1585
98.4461
98.6933
99.7528
97.3862
97.8718
96.1617
96.7797
97.1647
99.0924
99.2687
100.177
102.831
105.395
105.816
103.923
103.434
103.727
102.71
103.467
103.887
104.359
102.58
103.691
105.434
104.421
105.073
103.428
104.682
104.371
104.243
105.726
103.294
103.623
104.385
103.825
103.634
104.255
103.215
102.904
103.771
105.232
105.941
106.634
107.526
107.625
107.303
107.126
106.385
105.144
105.091
105.412
107.828
107.46
109.321
108.436
108.081
107.495
106.355
106.47
108.132
107.284
106.704
108.505
107.702
106.485
106.508
103.107
104.334
104.368
103.008
102.868
104.373
104.743
104.96
104.841
106.252
103.89
104.203
105.869
105.019
105.11
104.433
104.736
106.15
105.908
104.459
104.481
104.226
103.433
102.659
102.215
101.314
102.437
101.3
101.817
103.898
104.427
104.1
104.967
102.669
102.605
101.577
100.978
100.973
99.9296
98.2248
98.3688
101.092
101.297
101.4
101.334
100.934
101.22
99.9353
98.4011
97.9317
100.579
100.538
98.8716
96.1176
97.6135
98.0021
98.1305
98.9403
97.5161
97.5351
97.613
96.9834
98.584
98.9026
99.0207
101.148
101.884
99.2764
99.4194
100.191
99.6284
101.635
102.279
101.21
101.088
100.053
99.111
101.204
99.8132
97.0784
100.577
100.914
101.704
99.3046
98.1412
98.6569
98.5393
98.3082
97.1592
95.5285
95.2001
94.262
95.7485
95.535
94.0023
94.9016
94.8429
95.8138
91.8103
91.679
93.2505
93.357
94.7073
93.4092
93.0196
94.8894
95.7798
97.5256
97.693
98.6266
99.3578
101.894
103.487
101.296
101.903
103.799
102.732
102.613
104.648
103.74
103.188
103.735
105.599
106.682
106.219
106.15
104.464
102.961
101.683
103.324
102.576
104.41
104.245
105.806
104.667
106.59
105.103
104.531
104.997
105.941
104.225
104.962
104.356
105.639
104.73
104.847
104.048
103.945
103.424
104.578
103.464
104.441
104.369
104.687
102.415
101.997
103.785
104.59
105.647
105.371
104.762
105.971
106.309
104.769
104.057
103.686
103.101
101.153
101.224
101.1
99.8779
99.4483
100.335
99.9458
98.3897
96.1524
97.9067
97.1229
96.1734
96.8679
95.1233
95.7798
95.802
96.7716
95.2868
94.8317
93.6159
91.6994
91.256
92.6779
91.7229
92.3717
93.8178
91.4389
92.0764
90.5075
88.9685
88.5074
88.0386
86.6646
84.491
84.8436
86.413
85.5935
86.1526
86.1906
85.2633
86.2781
85.3327
87.5507
88.9394
90.015
87.2141
86.5711
86.0299
86.576
85.8653
85.3538
85.3378
85.4561
85.6152
85.983
85.4923
84.3796
84.1586
82.6345
82.4554
82.6847
81.6618
82.5806
81.8558
82.9415
82.75
85.209
84.7649
83.6275
84.0501
84.4232
84.8615
85.6335
86.5347
85.2459
84.8518
83.8906
84.9328
85.2711
84.0028
83.6098
82.9463
81.0385
81.8089
80.1072
80.3233
80.5575
80.8438
81.6472
81.2705
82.4041
82.3784
81.2207
81.8834
84.6656
83.005
83.4429
81.3383
80.4755
82.0382
82.6914
82.0627
82.073
82.5271
81.8218
83.1969
83.352
84.3746
84.4458
84.9957
85.1985
85.5008
85.3987
85.9211
85.5766
83.3996
84.4191
85.2636
86.9702
86.0757
87.447
88.4677
87.3922
88.3936
87.9909
87.8337
89.557
90.065
90.2477
92.4475
92.0395
92.1741
92.9445
92.7118
91.5446
92.974
91.3634
93.2669
94.4856
96.4946
95.797
96.1561
96.2028
96.4012
97.0111
98.3996
98.3523
99.4227
99.3658
99.3785
97.9151
97.0052
95.6894
94.5674
93.9258
94.7398
94.0472
92.0479
92.1102
91.9977
90.8166
92.2925
92.4924
92.7582
93.4761
93.8021
93.7421
93.5641
95.235
96.0357
96.0381
97.8979
98.6853
98.6997
98.3397
97.4491
97.6574
98.4515
97.7011
97.199
97.1233
95.6052
95.7621
96.515
95.3894
92.2474
91.3402
91.9466
92.74
91.8001
93.4924
91.9755
91.7122
90.1292
88.773
87.4289
88.9004
90.1185
91.9216
93.5678
93.7192
94.1053
93.641
93.2596
93.6645
95.3709
95.8467
96.4888
96.8305
96.3007
97.5601
95.7477
98.6857
99.4521
100.703
102.403
103.956
103.089
104.569
106.61
107.13
104.798
105.688
106.651
105.417
107.952
108.458
108.9
105.854
105.977
107.28
107.023
105.577
108.269
108.67
110.616
106.857
105.573
107.213
108.131
108.96
110.07
110.211
110.14
110.07
112.481
111.375
111.723
111.33
113.386
112.916
111.671
110.607
108.177
110.343
111.012
112.641
112.027
109.266
106.189
105.154
106.115
106.352
107.068
109.393
110.621
113.885
113.35
115.121
115.717
117.571
116.385
118.006
118.558
115.73
114.699
115.387
115.76
116.659
117.69
116.391
118.378
116.522
117.737
116.606
115.377
115.103
112.844
111.329
111.067
112.706
111.688
111.609
112.73
114.051
115.326
117.241
115.633
112.825
110.378
111.4
109.798
109.733
109.634
110.049
109.947
107.508
107.15
108.213
106.826
105.316
105.881
107.753
108.07
107.27
108.25
110.906
111.247
110.976
109.591
107.712
110.241
111.45
108.772
111.105
114.925
117.624
117.604
116.578
116.805
115.833
118.279
118.09
116.785
118.218
115.623
115.803
