99.8098
100.393
101.464
100.936
97.974
99.1778
100.623
102.062
103.665
103.617
105.308
103.449
100.366
100.319
100.804
100.949
101.949
100.664
99.6779
96.921
96.0383
96.5941
95.4428
95.6167
95.6158
96.1539
97.04
97.0991
97.7949
97.6975
97.7826
98.5532
98.2764
98.1996
98.0634
98.1839
97.9332
97.3891
96.3294
93.9656
95.1609
95.873
94.7572
97.0935
98.8926
98.7292
99.1936
98.9568
100.589
99.6286
100.018
99.9404
100.754
100.567
99.4369
96.7091
96.7931
95.4486
96.1779
95.4178
95.1597
96.0684
97.2462
98.3147
99.0984
98.2333
96.8989
97.1144
97.2667
95.1934
97.2195
96.5477
97.4724
97.7602
99.0383
98.7535
98.6573
97.6245
98.9586
98.6405
97.8338
98.0208
98.6584
98.1672
99.5921
99.634
98.9775
99.8018
99.7798
100.49
101.288
102.185
101.554
99.9649
99.836
100.309
101.378
98.2446
98.5124
101.651
102.355
99.9744
99.2988
99.5827
98.4586
98.0609
100.372
97.6397
96.3535
95.2308
95.2715
95.2102
96.7559
97.0977
99.925
100.871
102.288
101.423
102.774
102.375
100.346
99.8839
99.6671
99.8717
99.2743
98.1065
97.3932
96.6882
98.5662
98.3671
96.1418
97.0342
96.2625
97.2732
95.9453
97.5207
96.8115
97.3289
98.6587
99.6223
97.8904
98.4866
96.7569
97.7156
98.5709
99.3816
99.2978
100.29
101.657
102.459
100.631
100.74
99.7642
99.0559
97.8953
97.8834
96.2671
96.8558
96.1517
95.7347
95.7704
95.3856
95.8659
95.3133
97.0625
97.9498
98.3084
96.7619
95.2614
95.3903
94.1409
94.7582
92.8012
91.7852
92.2482
92.9704
93.3694
91.1097
90.4168
89.692
92.7884
91.7015
93.6975
94.429
93.1346
93.5909
94.7158
93.3394
90.7378
92.0724
92.1231
93.2088
91.7435
92.2619
93.5616
92.13
91.6086
90.4466
92.5707
93.0263
93.9231
94.8016
96.1657
96.9332
96.6328
95.5615
96.3611
94.6724
93.0763
92.7777
94.3268
95.6747
94.9821
96.0364
97.0076
96.3437
96.55
95.4889
96.1792
97.257
98.1528
97.7081
99.9712
99.8604
99.8254
100.465
100.101
101.127
102.045
101.83
100.857
100.118
99.1633
99.8714
97.8025
98.509
99.8634
98.3785
97.5239
98.6506
99.8179
98.8646
100.617
100.346
100.426
98.984
99.1615
99.4469
98.1103
97.5787
97.1023
94.6536
93.5703
93.6595
91.9761
93.2935
92.2957
93.6673
94.2915
94.0832
92.2933
90.7015
91.2161
91.7761
90.2714
89.9429
89.333
89.0291
90.9323
92.0709
92.8472
94.3291
94.21
93.5549
92.7318
93.5515
92.8533
91.8469
89.3976
88.4489
89.0986
88.3693
89.3803
88.6572
88.4262
88.269
88.6285
89.9136
89.8508
89.4338
89.3202
89.3954
87.2359
87.6595
84.9205
85.6511
85.9939
86.2399
86.2593
87.4178
89.2694
89.8871
90.7704
90.0486
90.8492
92.058
92.8374
92.1073
91.8524
94.25
94.5575
94.6523
96.0363
95.5283
92.6966
93.1772
93.7755
94.3157
94.1373
95.8526
93.6898
92.3137
92.7824
94.0184
95.1007
96.3922
96.7968
95.5875
96.6848
96.0167
95.8324
94.3577
93.1267
92.9595
91.5131
94.0445
94.7358
96.5218
97.3546
95.2041
95.309
97.544
98.6858
99.0195
97.7746
96.6911
95.9207
96.5857
97.3407
96.9101
97.5405
99.8043
97.6751
97.452
98.7585
99.6177
98.1849
99.5936
101.129
98.9118
98.9085
100.122
99.2058
98.4567
98.5299
97.7535
95.7737
96.7408
97.1541
98.0171
97.5155
97.4567
97.1449
97.8301
98.3919
97.6728
97.0239
96.8413
96.7041
94.7845
94.7101
95.7262
95.2351
92.3412
91.8374
91.07
89.4083
91.2896
90.394
90.9801
92.1
89.9674
91.5876
90.364
90.5148
89.968
90.8305
91.2292
90.2363
90.5029
89.9272
89.196
88.3977
87.6344
88.4634
86.8022
87.599
85.8759
85.3944
85.0485
83.3202
83.0395
83.921
84.4275
85.0202
84.8422
86.3187
86.9104
87.3837
86.4293
86.1091
85.5801
84.7042
83.9322
82.9426
83.5506
82.6449
82.9815
84.2959
82.965
84.5454
84.523
85.02
85.9797
87.772
87.5258
87.2201
88.1569
87.0232
87.869
87.2036
89.6028
90.4066
88.6356
87.4131
86.8153
86.305
85.5575
85.3041
83.9375
83.0183
82.4844
84.4258
83.7026
84.1883
84.6557
84.1661
85.8069
81.8375
82.6546
84.9235
84.6119
85.1778
86.9715
87.1245
87.7021
88.4087
89.6722
89.085
87.4272
88.2269
87.9978
88.0142
86.732
87.2254
87.4149
86.4019
86.5546
87.9666
89.551
90.8438
91.427
90.7803
90.6694
90.5925
90.722
92.2855
92.926
90.942
90.9695
90.6367
90.795
90.9697
89.0981
86.8853
85.2739
85.9818
88.2039
87.6789
88.8865
89.7357
88.389
88.736
89.4433
89.4887
90.1891
88.8304
87.7917
86.1098
85.9741
85.9421
85.559
84.7869
82.3519
82.6718
82.9911
83.2059
84.4594
85.0154
85.5128
85.2813
85.9675
84.888
86.6078
88.2884
90.5615
90.8183
89.8986
88.1309
89.5194
88.3667
90.7589
91.4668
93.0616
91.5123
89.7352
88.5014
86.5081
83.825
83.0008
82.5577
82.4322
83.075
82.5295
84.5185
84.4913
84.3851
84.5095
86.4989
85.0291
86.2872
87.8887
87.3318
87.4192
86.0073
87.0485
87.0507
87.5196
88.8795
90.6598
91.6265
91.8124
91.5694
92.5403
93.524
94.7739
96.4506
96.2326
97.4342
95.2462
97.522
98.1702
97.4305
97.6342
99.1598
97.9257
99.4592
100.718
101.278
101.755
102.008
102.571
102.274
103.629
105.883
106.746
106.937
106.89
109.172
109.521
109.812
108.83
108.515
106.988
106.141
105.292
107.373
107.023
104.811
105.621
