97.0286
95.9213
96.4315
96.9028
96.9009
96.2699
97.1143
98.621
99.2549
96.049
94.6787
93.2876
93.7139
92.3623
93.8667
94.8412
95.7861
97.0456
95.1638
97.685
99.6273
99.5294
99.9295
98.564
99.9092
99.7075
100.187
99.5931
98.428
99.5419
102.506
102.29
102.393
101.694
102.627
102.969
101.393
100.325
101.023
102.431
104.227
102.102
100.576
98.6989
100.162
100.089
100.893
101.653
100.383
100.679
100.705
99.602
99.3636
97.438
97.3855
97.3365
96.5613
96.068
96.6945
97.9053
97.0606
99.9391
100.34
100.424
100.225
99.7911
99.9512
101.039
101.502
100.494
101.2
101.386
101.562
103.176
101.982
99.9142
100.064
100.288
99.6994
101.57
101.096
99.7728
99.1702
101.853
100.346
100.586
102.126
101.564
101.964
102.949
103.023
101.886
101.441
102.199
103.044
100.258
100.825
102.53
102.006
102.02
101.628
102.134
102.577
101.331
99.8072
100.635
99.3801
97.7805
99.7066
99.9177
101.872
101.03
98.9034
98.9216
99.0775
99.3496
98.8227
97.8544
97.8779
98.0557
98.0035
96.6364
97.2399
97.2049
96.235
96.1291
96.937
96.8304
95.0726
93.8184
95.1159
97.4111
95.6549
95.1786
95.9026
97.5824
97.6648
96.1529
97.1397
98.9038
97.142
97.137
97.2913
96.0821
96.292
96.3973
97.6238
98.2347
99.1076
98.5677
98.3199
98.7176
100.603
103.156
103.499
104.366
103.234
105.554
104.42
103.855
104.245
104.467
105.477
105.382
107.778
109.498
109.221
108.122
109.269
109.206
107.812
108.634
107.816
108.914
105.953
106.717
105.095
104.606
104.653
107.356
108.408
107.358
110.139
109.427
112.174
110.485
110.876
110.701
108.825
109.321
107.429
108.04
108.25
107.44
107.272
108.345
108.185
107.386
106.784
107.319
109.216
108.615
107.358
106.637
105.424
103.058
102.121
102.214
103.037
100.719
100.46
99.6899
100.397
100.077
100.557
99.5335
101.683
101.937
102.458
100.652
100.843
99.5151
99.8438
99.2495
98.1236
98.5978
99.8951
98.6902
98.9262
98.468
97.4076
98.4221
98.7696
99.6303
100.518
101.092
99.8006
99.774
98.5912
99.6447
101.084
102.009
102.735
104.587
104.799
103.752
102.042
101.197
101.809
102.529
102.281
104.526
104.894
105.69
104.419
102.141
100.406
100.858
100.712
101.123
99.4318
97.732
99.0467
99.8056
100.794
98.7867
98.3676
98.4577
99.2827
99.3391
98.1696
99.7701
99.7179
98.9715
95.4208
96.1467
97.181
95.4633
95.8837
95.2985
94.1328
94.6516
94.5394
94.4434
95.0031
93.7325
93.7421
95.201
96.4066
97.262
97.1845
98.3367
98.5122
100.684
99.3427
98.8531
96.4649
98.0259
97.3708
95.0041
95.8324
96.3735
96.3102
95.9226
98.3056
99.5175
99.8072
101.212
101.759
101.348
102.242
105.023
108.341
107.733
108.88
110.547
110.46
112.196
113.117
115.39
115.251
114.968
115.907
117.848
115.001
115.227
111.786
114.049
112.468
113.622
116.622
114.679
112.099
111.169
110.12
111.735
113.625
113.088
112.758
112.31
110.677
109.44
112.149
112.373
110.851
110.829
110.31
110.623
110.612
109.552
106.827
106.765
106.66
107.383
106.768
107.629
109.596
111.072
112.729
114.264
111.765
112.534
112.183
112.165
114.485
113.287
113.97
112.283
113.983
113.961
116.032
116.131
117.593
116.933
118.918
119.543
120.759
122.633
121.549
124.041
120.427
122.392
119.863
117.932
117.964
119.345
118.186
117.475
113.804
113.062
111.217
112.29
112.766
113.076
113.392
113.314
115.351
115.965
118.851
119.355
116.604
116.421
117.737
116.627
114.842
113.518
111.852
112.713
113.431
116.724
115.953
114.164
116.665
119.305
117.587
119.772
120.11
121.698
121.759
123.193
122.685
123.734
123.472
122.928
122.385
124.297
126.735
127.009
128.484
129.034
130.031
127.646
128.419
129.882
129.95
132.246
132.329
134.621
133.517
135.297
133.902
137.888
141.404
140.881
139.886
141.583
141.946
143.213
143.466
142.724
142.835
143.177
142.299
143.478
143.317
141.841
144.035
141.206
141.363
142.211
140.979
141.76
144.197
142.751
142.622
142.765
142.188
143.31
145.448
141.331
141.323
142.71
143.425
146.34
146.165
146.964
149.892
148.046
144.989
147.242
144.953
146.126
147.499
146.709
146.512
147.764
148.492
149.026
148.158
148.657
150.345
152.636
155.307
154.184
153.998
150.157
151.914
153.203
151.388
153.238
151.731
149.617
146.93
149.947
148.83
148.798
149.225
145.608
145.285
148.844
147.894
148.261
148.168
150.79
150.686
153.407
151.091
149.242
150.892
148.277
147.417
143.404
142.273
137.922
138.731
138.509
142.597
141.721
141.35
142.65
142.714
143.027
142.576
145.441
146.775
144.015
138.793
137.405
135.838
139.335
139.791
139.413
138.233
139.362
138.598
138.603
140.286
141.23
141.077
139.64
138.643
138.938
140.911
139.744
138.699
137.139
136.059
136.895
138.595
138.74
141.453
142.73
143.869
141.919
144.268
143.055
144.571
141.861
144.083
143.572
141.671
142.354
141.947
140.29
143.089
143.481
146.328
145.198
145.756
147.003
149.909
149.629
149.193
148.79
147.721
145.084
145.069
146.215
143.81
145.516
145.198
143.023
142.985
140.427
141.378
142.493
143.181
145.556
146.606
144.657
