99.7134
100.007
100.304
99.5239
99.7747
100.549
99.5441
100.47
100.716
99.7908
100.182
99.8719
99.5801
97.9532
96.817
96.7065
96.1185
96.6345
97.0775
95.1954
94.2632
96.0767
96.0649
95.3002
95.0015
96.0826
97.0457
95.0971
96.8935
99.7898
101.106
99.2689
100.373
100.618
99.4107
99.762
100.819
102.761
102.937
104.384
104.154
106.068
104.995
105.097
103.185
103.152
103.968
105.894
107.29
107.707
108.8
108.359
108.174
108.362
107.411
105.879
104.544
103.334
106.232
106.987
108.111
107.47
104.377
103.859
103.601
103.979
104.803
106.735
108.007
108.094
109.569
107.708
107.604
106.767
106.87
109.034
110.164
110.376
111.104
110.627
108.796
108.143
109.787
111.828
111.189
112.25
111.996
112.205
112.201
112.377
113.372
114.936
114.137
114.885
114.146
112.114
109.261
110.858
111.685
111.023
109.739
111.896
113.285
110.344
108.24
108.552
108.323
107.792
105.534
104.486
106.213
107.59
107.663
106.279
107.226
106.808
106.726
105.573
105.596
106.132
105.108
105.595
104.173
102.248
101.784
100.983
100.784
103.567
103.624
103.973
103.997
104.813
106.569
107.992
109.908
110.358
112.344
113.801
113.269
115.591
116.139
114.804
114.688
113.163
112.924
115.508
115.75
115.893
116.439
115.236
117.892
120.183
120.436
122.011
119.479
117.763
118.099
116.5
118.564
118.67
119.034
118.33
119.93
122.08
123.419
122.286
122.235
125.088
123.939
123.405
123.798
123.973
122.085
122.184
122.353
122.934
125.933
125.377
125.841
126.197
125.454
126.428
127.341
126.885
127.898
128.226
126.676
126.033
125.496
126.415
124.968
127.193
127.794
128.574
127.779
127.431
128.235
131.819
131.971
131.812
133.474
132.598
131.676
131.619
127.942
127.442
123.604
124.968
126.218
126.305
128.096
126.941
130.633
128.111
127.708
126.667
126.21
125.857
126.216
125.513
124.758
125.097
122.205
124.357
120.268
120.079
118.63
120.687
120.837
122.356
125.774
127.695
129.081
129.158
129.736
127.077
127.16
124.848
126.261
126.09
126.732
126.004
126.538
124.688
124.014
123.63
122.63
120.767
120.059
116.81
118.064
115.82
116.256
115.563
114.731
115.552
113.523
112.899
113.076
113.455
112.305
112.827
112.543
112.624
112.159
111.446
110.327
110.977
111.55
112.953
113.266
110.952
110.582
112.016
113.899
114.277
114.183
116.517
116.496
117.997
119.93
120.854
120.057
119.105
117.398
116.623
119.718
118.568
119.027
117.672
116.431
117.133
117.311
118.293
119.878
121.404
121.705
120.792
120.452
117.784
118.393
120.978
121.458
120.666
121.941
121.659
123.647
122.813
124.075
124.777
127.305
127.229
127.807
129.259
129.137
127.357
126.467
127.675
126.555
125.502
126.29
128.873
129.812
130.763
131.353
131.635
131.568
131.41
132.973
130.571
127.368
124.605
125.824
125.767
126.643
126.069
124.795
124.915
126.69
127.421
127.75
128.032
126.141
124.829
127.743
125.688
123.73
119.831
119.462
119.045
120.739
122.266
121.892
125.07
125.877
122.982
122.818
123.345
124.198
126.272
128.213
130.132
128.719
133.823
134.45
136.315
135.153
135.492
138.429
137.32
139.947
140.059
141.002
136.964
135.808
136.406
137.68
136.055
136.164
138.871
138.621
139.586
139.552
141.145
141.824
142.391
144.098
144.105
142.489
145.355
145.655
147.276
148.059
150.535
150.899
150.949
148.33
149.116
146.298
145.955
150.746
150.394
148.914
150.735
154.474
157.305
159.553
158.721
157.321
157.055
159.407
159.264
158.538
158.311
158.587
160.33
162.337
163.078
159.811
162.491
163.233
163.508
163.375
162.146
160.537
162.429
165.456
164.327
167.805
171.088
169.086
168.617
173.595
172.831
173.353
173.764
173.402
174.75
175.56
174.659
175.807
177.039
177.495
179.645
178.836
179.566
178.647
176.522
178.681
176.196
175.341
173.379
174.231
176.352
178.201
182.452
184.751
184.271
181.238
177.06
177.576
177.958
178.536
177.523
176.954
173.846
174.774
171.383
172.474
176.045
178.044
176.124
174.442
174.505
170.744
167.928
166.965
162.996
163.67
165.19
165.277
161.92
161.805
166.211
166.421
164.528
164.36
163.315
164.711
164.834
161.615
163.144
159.29
159.345
162.983
164.831
164.916
163.64
163.952
166.138
168.423
171.838
173.214
176.38
171.713
169.962
169.79
168.771
168.973
172.71
173.977
176.021
176.39
174.839
173.948
172.283
171.215
172.74
173.028
169.879
171.165
169.86
170.775
174.732
176.365
172.614
172.517
171.631
173.099
171.96
168.731
167.731
168.635
165.7
166.855
167.319
167.361
164.677
167.815
168.07
168.094
168.241
171.093
171.684
173.696
176.842
172.609
175.592
172.13
169.284
168.165
169.689
168.73
171.114
175.839
170.232
167.544
166.159
167.086
165.647
164.191
164.542
165.473
165.394
163.572
164.176
167.116
166.98
164.627
161.181
159.389
162.577
159.287
160.271
159.68
159.32
159.643
160.764
159.126
158.443
156.522
154.624
155.082
152.657
155.426
151.235
153.06
155.052
152.628
150.15
150.12
148.505
147.431
150.685
152.694
153.679
153.829
153.537
155.068
156.097
