97.7621
96.3222
95.9778
97.4453
98.4364
99.4139
99.2678
98.5634
99.0546
99.8408
100.562
102.666
102.92
103.707
105.285
103.766
105.16
108.091
107.48
107.747
107.058
109.628
110.305
112.228
111.576
109.918
107.613
108.648
110.051
108.912
112.229
111.968
112.152
111.587
111.053
110.506
110.007
109.507
110.717
110.726
110.767
112.655
111.909
111.727
112.694
113.405
113.752
112.645
113.625
111.055
111.948
110.44
110.031
113.376
115.307
116.478
117.473
118.08
118.957
120.564
122.368
123.359
126.009
127.142
125.936
129.153
131.195
129.963
130.887
131.545
133.718
132.787
132.41
132.261
133.875
132.171
134.24
132.123
130.726
130.825
129.891
130.221
127.231
127.056
127.565
128.82
129.637
128.593
129.52
129.773
129.111
128.538
129.138
125.163
126.659
125.415
126.345
127.329
132.993
133.085
133.615
130.223
131.617
131.235
132.338
134.3
133.648
134.61
134.244
136.556
137.159
136.851
135.664
135.174
135.238
132.968
128.686
127.579
126.292
127.986
127.135
123.205
122.181
123.379
120.713
119.211
118.921
118.102
118.051
120.902
118.127
116.084
116.254
116.866
119.334
119.491
119.677
119.663
118.672
116.982
115.058
113.761
115.113
115.651
114.938
115.866
117.144
119.44
122.043
122.384
123.229
121.014
118.465
116.284
117.168
119.306
120.279
119.591
119.92
122.314
121.366
121.733
122.222
123.557
124.393
125.556
127.022
125.262
124.396
124.817
124.429
122.579
120.273
120.505
119.193
118.417
118.712
119.218
118.799
118.724
118.58
119.031
116.829
115.355
115.823
115.769
114.257
113.176
114.175
115.325
113.324
112.485
114.044
114.723
116.615
115.214
116.061
113.924
112.736
114.178
112.16
112.775
112.594
114.298
115.231
116.728
116.849
117.449
118.003
117.239
115.477
117.587
114.958
114.204
116.357
116.441
117.019
115.074
117.291
116.941
116.393
112.684
112.599
115.12
116.956
116.01
117.199
117.764
116.99
116.236
116.336
116.358
116.815
118.683
119.387
123.607
123.045
122.864
120.442
120.092
118.361
117.057
118.181
118.976
118.364
117.369
117.305
118.476
118.44
117.999
120.952
121.033
121.82
122.119
122.026
123.408
124.183
126.648
128.212
128.304
127.57
124.518
125.053
125.326
128.781
129.394
126.943
127.429
125.374
124.901
126.55
129.235
130.704
130.598
130.824
131.921
128.702
128.514
129.831
131.961
130.935
133.365
131.144
132.509
133.1
135.336
136.385
135.081
133.266
130.455
132.751
133.496
132.173
130.009
132.785
129.014
127.672
129.986
133.425
131.737
133.48
133.952
136.837
137.479
138.022
137.34
138
138.757
134.143
135.833
138.099
138.482
138.361
140.325
141.55
138.537
139.997
140.557
141.385
140.779
141.025
139.607
139.128
141.9
140.073
140.777
139.543
138.638
140.912
144.714
142.744
144.465
145.675
144.405
142.459
143.319
144.148
142.664
144.571
141.692
142.115
139.981
139.674
137.617
136.011
135.291
134.715
134.269
133.969
135.609
135.972
137.773
137.035
136.826
136.285
137.442
135.888
137.571
139.978
139.566
139.019
142.999
141.47
143.69
144.788
145.085
145.54
138.257
140.213
141.356
141.199
137.522
136.172
135.557
135.949
135.175
134.421
135.233
138.039
136.939
137.124
140.062
141.272
141.09
137.534
136.366
137.013
138.769
137.949
136.227
139.685
138.396
137.209
137.452
138.439
138.909
140.709
140.408
138.543
136.712
137.322
137.239
138.833
138.872
140.183
136.219
136.852
135.471
132.944
134.706
136.43
137.108
137.709
134.898
133.625
135.628
137.653
137.724
138.216
139.43
138.69
137.974
137.001
136.642
138.163
138.731
139.904
139.556
141.949
146.411
145.923
144.179
142.996
144.167
143.395
146.064
145.351
143.039
143.443
144.115
147.654
149.397
149.26
149.75
151.303
151.039
150.754
152.525
152.475
155.063
150.553
150.932
151.075
153.266
151.104
153.841
152.035
152.133
151.176
149.672
148.72
148.742
148.367
145.995
145.435
145.28
143.082
143.839
143.715
143.665
140.412
138.793
135.622
133.021
135.046
135.844
134.7
136.221
135.041
135.193
136.683
138.17
141.211
143.017
144.377
141.615
141.823
141.486
141.49
139.167
142.334
145.447
147.326
147.529
145.939
145.433
147.068
143.182
142.286
141.765
144.283
142.782
143.312
146.429
145.207
144.339
143.041
141.693
140.434
138.792
139.197
139.726
141.428
140.46
140.876
140.666
139.954
141.086
144.411
145.482
147.014
148.582
148.499
153.028
152.931
152.427
155.455
156.264
157.544
156.008
156.247
155.195
156.333
155
153.567
155.163
155.918
154.218
153.298
151.828
149.704
149.27
150.784
151.621
154.043
153.985
153.963
158.929
157.548
158.936
156.24
154.156
155.375
157.959
157.226
157.798
153.503
153.504
154.257
156.522
158.343
159.965
163.022
164.201
165.695
166.574
169.44
170.097
170.617
170.802
169.272
171.906
173.535
170.066
168.703
167.836
168.217
170.569
171.343
173.19
169.96
172.061
171.966
169.741
169.919
170.587
171.408
174.209
168.938
168.394
170.864
174.887
173.679
169.114
168.593
167.79
170.587
168.42
168.469
167.226
