99.3055
99.2352
99.167
99.1932
99.413
101.725
101.294
101.985
101.871
102.212
103.657
105.353
108.256
111.832
112.111
111.188
109.047
109.46
110.528
109.796
110.101
110.997
111.694
112.093
108.364
106.443
106.37
108.816
109.36
110.483
111.298
110.858
109.699
112.881
114.979
115.386
114.014
114.246
112.693
113.165
111.387
111.593
111.863
112.572
115.108
114.145
113.097
111.935
115.039
116.862
116.444
115.492
114.147
114.381
114.133
113.151
114.414
115.154
115.216
114.384
115.807
117.216
119.078
119.324
119.46
119.173
119.427
121.578
121.673
123.696
125.504
125.879
122.731
123.386
120.642
124.377
123.608
119.302
119.772
118.57
119.35
117.946
119.131
117.029
118.505
119.937
120.643
120.762
121.812
121.317
122.426
121.904
123.543
123.202
122.392
122.395
121.973
121.327
124.136
124.55
123.397
120.8
119.745
120.56
119.011
118.267
119.443
119.667
117.766
119.505
118.354
118.557
117.691
119.218
119.006
120.869
121.459
118.167
121.319
119.047
118.637
119.489
118.85
120.386
120.701
122.771
122.265
123.125
123.712
125.142
126.533
127.964
128.606
130.853
131.715
129.937
130.317
129.625
130.395
128.315
129.695
128.125
126.368
127.51
128.635
128.001
126.863
127.372
128.633
127.222
126.532
127.169
128.064
129.283
129.599
130.456
132.479
136.036
136.521
138.57
138.567
139.249
140.573
141.439
138.292
136.776
137.391
135.998
135.653
134.021
134.177
135.703
134.938
133.115
134.324
131.541
131.637
131.933
129.523
127.886
124.879
126.279
123.739
126.144
125.706
128.901
131.379
132.558
130.366
129.481
127.876
127.84
128.909
130.828
129.466
131.03
134.447
135.999
139.211
136.894
136.431
137.073
136.489
137.228
136.837
138.145
138.705
139.737
142.468
139.004
138.424
141.029
138.345
137.989
141.88
144.129
143.911
141.493
141.843
141.906
143.421
143.018
140.682
142.043
143.367
143.272
143.601
143.64
145.087
147.641
147.534
149.482
149.113
150.004
149.296
146.162
143.918
147.113
145.926
146.167
146.576
145.452
146.922
147.869
149.442
149.719
148.627
147.792
146.836
146.04
145.639
147.812
149.215
147.412
147.453
146.593
143.708
143.594
145.401
143.25
140.678
141.618
142.236
139.297
141.337
144.774
145.465
147.926
149.982
147.642
144.34
142.821
143.734
142.903
143.018
142.821
143.177
141.187
142.509
144.363
141.731
142.06
138.062
141.986
138.418
141.231
141.498
138.661
140.216
140.849
142.014
143.74
143.142
142.238
140.079
140.042
140.95
142.338
140.952
138.914
141.051
142.612
142.377
142.787
143.596
141.362
144.617
143.472
143.174
144.946
144.952
149.208
148.384
150.87
150.617
150.563
150.797
151.183
151.9
150.934
150.363
148.707
151.018
152.919
153.244
152.861
151.535
150.598
152.664
151.881
151.738
149.394
147.372
150.285
155.5
154.888
156.334
157.371
158.481
156.664
157.283
157.309
154.373
155.367
154.501
152.598
150.135
150.289
149.001
150.482
150.06
148.823
145.927
145.129
148.504
150.002
153.627
152.763
154.945
155.836
152.686
150.042
151.584
153.07
154.235
157.402
157.447
159.808
160.319
156.179
157.975
157.403
160.678
162.799
164.123
165.863
166.061
164.884
164.194
164.739
165.435
167.641
168.002
167.679
168.088
173.063
171.865
169.61
168.32
168.42
167.412
169.434
166.237
169.761
173.291
171.806
169.905
172.059
173.068
172.045
173.149
174.667
173.051
174.979
175.684
175.438
172.724
173.152
175.272
179.446
176.733
178.476
181.07
180.665
184.563
189.346
190.107
189.625
189.462
188.714
191.772
191.301
186.682
184.59
182.179
179.393
178.024
176.616
177.506
180.252
180.455
180.772
185.61
186.681
186.936
186.718
190.484
190.24
194.881
196.244
200.473
199.84
201.818
201.944
200.103
200.622
200.247
196.434
198.963
204.361
200.903
200.311
194.172
196.072
195.115
191.956
196.001
197.376
193.663
191.795
192.413
191.894
194.389
193.446
193.638
195.035
195.455
189.356
188.294
189.934
194.638
195.227
194.272
191.839
192.509
188.616
185.044
180.114
175.775
175.339
179.046
179.453
181.078
181.229
186.992
188.475
190.273
193.105
195.199
199.343
199.029
199.094
196.843
195.893
196.597
198.657
198.229
193.724
188.572
187.727
188.358
186.438
185.202
183.643
183.222
179.92
183.211
184.104
184.827
187.141
186.796
183.999
180.88
179.525
181.924
181.194
179.168
177.034
178.51
176.32
173.414
169.837
168.646
168.922
172.501
169.72
171.238
172.04
174.352
174.838
176.737
177.964
176.395
174.592
170.802
170.702
172.98
173.34
172.633
172.239
175.727
175.641
176.394
177.482
177.342
175.183
176.201
178.326
177.997
174.699
174.057
177.564
179.739
178.095
174.916
173.548
176.003
177.545
174.264
175.54
172.39
170.85
169.978
169.925
169.612
167.171
166.099
164.2
170.99
170.584
167.613
169.078
170.537
170.991
166.735
168.858
171.696
172.351
174.017
172.578
170.032
169.367
168.295
169.692
171.044
173.743
174.954
172.473
171.432
172.037
170.511
168.868
166.918
165.275
166.116
169.923
173.367
173.164
172.595
175.848
