98.7462
97.8023
97.1289
98.0064
98.5194
99.388
99.5652
98.3393
97.4184
97.1265
96.5022
95.6864
94.575
95.8923
96.3666
97.2986
97.4449
97.1148
97.3703
96.9824
95.0764
93.1121
93.2765
94.8872
94.7397
94.7013
93.7132
94.0944
95.0394
96.8081
96.5426
96.59
95.5316
96.041
94.1469
92.5266
92.7254
92.7415
94.9586
93.5151
92.5856
94.2308
94.5951
93.7243
94.906
95.9842
97.7973
96.2838
97.6587
98.2404
99.7055
101.491
101.038
99.3949
101.154
100.602
99.1373
99.3465
99.2924
98.8519
98.4772
98.6646
99.4883
100.746
99.8197
98.9244
100.288
100.517
101.17
101.635
102.937
100.049
101.012
100.56
102.074
102.033
102.395
102.797
103.78
106.194
107.083
108.53
108.172
107.474
107.018
104.531
103.167
105.352
105.978
104.318
105.302
104.323
104.055
103.968
104.939
102.957
103.763
102.284
101.945
100.64
100.757
101.402
101.86
102.957
105.081
105.515
106.374
105.974
107.424
105.887
104.712
106.618
105.621
105.351
105.729
106.045
107.372
106.673
106.785
106.764
105.553
107.99
107.299
105.155
104.556
107.566
109.964
109.242
109.746
111.554
111.097
108.787
109.659
107.138
105.814
107.454
109.33
109.572
108.394
106.822
106.151
107.21
104.996
104.819
102.616
103.192
104.215
103.586
104.102
104.95
106.183
104.902
103.779
103.822
103.912
106.96
109.668
110.62
109.691
108.862
110.646
109.754
109.173
109.088
108.958
106.58
107.67
108.514
111.09
111.61
110.766
110.016
110.497
111.986
112.508
113.453
114.185
112.557
110.106
110.715
110.438
111.093
111.037
111.399
109.102
108.877
110.24
109.571
110.303
110.819
111.716
112.514
111.619
108.822
107.656
106.231
104.962
103.72
102.947
103.121
104.001
104.375
105.876
105.553
105.558
101.777
102.336
103.645
103.65
103.828
101.036
100.427
98.6245
98.4849
97.4028
98.4647
98.2595
97.5669
100.252
98.3035
97.6812
98.1105
97.694
96.1978
95.3096
96.1651
95.6344
94.7734
94.9772
96.4216
96.0802
98.7499
97.2838
96.4647
94.823
93.0365
93.6619
91.392
91.3545
91.9965
90.9727
89.0265
88.6703
88.8627
87.2122
87.2725
86.9576
85.1476
85.5633
86.2018
86.5869
87.2696
87.759
86.8783
87.1126
84.5581
85.3358
84.3585
84.2953
84.4946
84.0184
84.1102
83.9576
83.5382
84.0408
82.7754
83.7741
83.4649
84.5042
83.7518
83.1815
85.3357
85.4471
85.8347
84.8253
84.2227
83.3068
82.7784
84.0841
84.747
84.1213
83.5204
83.6427
84.0174
83.1903
82.0815
81.3104
78.8585
78.8638
80.6328
79.6958
78.6505
77.7087
77.1212
77.4244
77.84
77.6992
79.0309
78.1511
77.3537
77.0309
78.8608
78.9024
78.697
78.1883
77.8053
78.8211
77.7955
76.2485
76.1805
77.388
78.151
78.3187
78.5457
78.3197
77.0065
77.4807
77.5732
76.7063
76.8529
77.0837
75.2879
76.0394
74.8161
75.5207
76.8797
77.7507
77.6553
77.703
78.7508
79.1422
79.5806
80.944
81.1153
79.6902
78.9799
78.158
76.319
74.9224
74.2574
75.9509
76.2475
76.6477
77.7754
77.8776
77.6608
77.2194
78.6229
77.7885
77.9604
76.0165
76.2983
77.3709
77.5651
76.6266
77.0085
75.7763
76.5288
77.475
77.6717
77.0862
75.903
78.1939
77.3992
78.3713
79.1509
76.1598
76.4709
75.6053
76.6455
75.3187
73.5792
73.3179
73.005
73.425
74.3221
75.6056
74.5122
73.9485
73.785
72.4295
72.2716
73.077
72.0579
73.1304
74.2025
74.2681
74.5088
76.2517
76.6318
77.8386
78.2808
79.0419
79.8392
80.0076
80.2441
79.895
79.0211
78.3263
77.8075
77.5866
78.5966
78.1105
78.9927
77.7692
77.845
78.5218
79.2094
76.9758
78.3132
77.5599
76.9195
77.1083
79.4285
78.8994
77.9696
78.8798
78.7611
79.2585
77.8425
80.0923
80.4762
79.1544
78.8558
77.9899
77.0079
76.6034
76.103
74.9975
74.9326
73.3661
73.624
73.7571
74.0528
73.7779
72.5121
71.7607
70.5239
70.0894
69.0258
69.7439
70.7933
70.0047
69.4767
69.7189
70.7704
70.4116
71.3707
70.164
70.3321
71.0892
70.0226
70.3999
71.0621
69.0664
69.2344
69.1814
67.9629
66.633
66.3485
66.999
66.9872
68.2542
69.3105
69.5722
69.8044
68.8084
67.2907
66.946
67.1174
66.8958
68.5817
68.4966
67.7033
66.5565
66.2179
67.2905
67.3231
67.7875
68.1381
67.8668
67.3331
67.1527
67.4152
67.3597
66.9885
68.4822
67.4432
67.3967
67.8145
67.0707
66.5735
66.5151
65.9777
65.3758
64.408
64.272
63.996
64.2388
64.9035
64.6664
66.111
66.4652
65.8119
65.9512
66.3587
65.7939
65.5911
64.4964
64.7367
64.5483
63.5254
63.224
63.5763
62.6807
62.941
62.8227
62.7024
62.7184
63.092
63.999
63.8657
64.4305
64.1644
65.2051
64.1745
63.501
64.08
63.0584
64.0387
64.1669
63.174
63.4908
62.9038
62.6381
63.4165
62.9108
62.2503
62.2266
63.1399
65.4694
64.7817
64.0305
65.8237
67.3735
68.4133
66.5819
68.2233
69.2804
70.4235
68.6577
67.5894
67.3783
66.9685
67.1996
69.2932
69.0884
68.9711
69.2219
69.4502
68.2423
69.7473
68.8551
69.4939
69.9034
71.2733
70.844
70.7765
72.5051
72.7201
71.5991
72.3089
72.6847
73.3072
71.4126
69.1366
67.999
68.1452
70.0144
69.0184
70.4859
70.0065
69.5098
67.2128
68.0791
68.8395
68.586
69.6714
69.4328
70.524
71.0976
70.4547
70.0013
70.0117
70.077
71.1362
70.065
69.7564
70.2469
70.6023
