102.936
101.361
99.6373
100.176
98.9262
100.376
99.3056
99.2627
99.1852
98.6284
101.712
101.836
103.114
103.64
101.658
102.769
104.371
105.301
106.325
107.626
108.402
108.73
109.098
109.251
109.757
107.34
107.3
106.207
105.927
105.155
105.87
105.855
104.211
105.335
104.291
105.676
105.915
106.789
107.22
105.769
106.964
106.334
106.339
106.965
109.589
110.795
110.041
107.436
109.144
107.024
108.049
108.454
110.747
111.069
110.16
110.293
109.715
110.197
111.022
110.152
109.444
109.49
108.855
109.35
106.88
105.751
104.725
103.605
103.869
99.3052
99.0453
100.234
99.6124
97.9601
99.3285
101.795
101.799
101.856
102.913
102.517
101.224
99.2852
99.1099
98.9871
96.7126
98.1784
97.9449
98.802
96.9412
97.8573
97.707
96.6605
96.5523
98.1231
97.5409
96.026
95.0366
95.7057
94.153
94.9743
92.9129
91.3864
90.7674
92.8214
93.4025
92.7121
91.2286
91.3687
90.4677
91.0766
90.7254
90.9623
89.5921
90.6428
89.5268
89.5353
90.1065
91.2513
90.9476
89.9864
91.525
91.8788
89.8106
89.8733
88.973
87.6566
87.0188
86.2903
85.9797
88.3846
87.4396
86.0571
85.7061
83.8897
83.1659
84.4214
84.0569
84.3534
84.9188
85.3471
84.4171
84.8661
84.4483
84.9977
83.8057
83.4814
82.9452
81.3397
81.4164
82.4703
81.9424
80.0943
80.2716
80.6253
80.0574
78.5739
79.7304
81.5622
81.4422
81.5116
81.3146
80.0226
80.6306
79.1271
80.1048
81.0913
80.6227
79.2797
79.244
79.3833
80.5214
80.8884
80.8143
80.2211
78.7479
78.0484
79.8623
80.1258
80.9684
80.394
80.1244
79.1205
77.9828
77.5238
77.7175
79.9829
78.9116
79.1812
77.9164
77.1098
76.8092
77.5761
78.8947
79.1267
79.8867
78.2844
78.032
76.6326
74.1851
74.8402
76.1462
77.2383
77.1522
76.4607
77.5806
78.8905
77.9548
77.4808
77.1013
77.596
79.0294
78.1778
79.4806
78.6427
80.1876
81.2266
83.7836
83.6442
85.798
84.7426
83.0364
84.1999
83.7602
80.9884
81.424
82.5748
83.0885
81.9317
80.9444
80.9377
79.2998
80.6127
80.134
82.2415
81.1753
82.8202
83.2812
84.1579
84.7847
85.2704
83.0882
82.3484
82.8048
82.4947
81.8284
79.932
79.9695
80.0896
78.5112
79.2477
79.4752
79.4616
78.7981
80.8528
79.8344
80.045
80.1781
81.3836
81.8985
81.9824
83.1826
83.5299
82.9575
83.8801
83.0219
83.7512
83.6666
83.9867
83.7416
83.9658
84.1651
86.1145
86.0043
84.9532
84.7206
85.7351
86.8169
86.5956
85.642
85.4384
85.4381
87.0565
88.5149
89.472
89.4848
90.31
90.2849
90.5434
91.7741
91.5091
92.3697
94.7999
95.8626
95.5135
96.2721
93.945
94.0706
94.8102
94.4879
94.6947
94.0181
92.9498
93.6834
94.2737
94.8176
94.4856
93.5869
92.2323
91.8472
92.8612
95.1569
96.7845
94.8477
93.3074
93.6218
94.3885
95.007
95.1878
95.4147
94.3149
94.3129
94.5548
94.0356
95.2747
96.2524
95.665
95.1062
94.4179
96.2874
97.8357
98.1688
99.1523
98.1998
98.3135
98.0627
96.6093
95.9033
96.9645
97.9978
96.9125
94.8025
94.5713
94.4878
94.4398
93.5241
92.0917
90.2948
91.3387
89.5627
88.1587
87.5253
87.598
86.7958
87.0169
88.0259
87.5954
87.0353
87.5248
88.6922
89.6325
89.1045
87.9039
88.106
88.2451
89.304
89.9287
88.9726
91.5933
90.7964
89.1642
89.4275
88.5194
87.6667
86.0862
85.1498
85.4184
86.0756
86.3719
86.2461
86.9093
87.4968
88.4029
87.9776
88.1438
90.074
91.5436
92.1613
92.9848
94.0336
92.5255
91.5935
89.7002
89.7094
88.5473
88.8562
86.9724
85.7838
86.3581
86.246
86.8075
85.5839
86.5202
84.8067
85.5724
85.2453
84.4897
84.4847
83.2877
82.4365
80.6884
80.1046
78.8752
77.1168
75.4981
76.2579
76.3456
77.6094
77.231
78.7244
77.8536
75.2362
75.4459
75.6692
75.8236
75.8619
76.7512
74.9307
74.1947
74.4226
74.2648
74.349
73.8493
74.3786
76.0975
75.9869
76.9492
78.2537
78.5699
79.4663
80.1238
80.2917
80.4464
79.846
78.7524
79.7041
81.3778
81.0801
80.9262
80.8528
81.3888
80.5251
80.6861
82.7133
83.4683
82.195
82.7421
81.956
80.1033
81.7681
81.5433
79.8597
79.3788
80.7983
80.2051
81.3983
79.8561
79.2462
81.7223
79.7067
80.8048
81.3492
81.1097
82.8218
83.3691
82.9169
82.8973
81.5447
81.5736
80.9228
80.1433
80.431
80.0531
79.619
79.8566
80.136
80.5075
79.8617
79.4724
80.716
83.4941
82.7543
82.4896
82.0557
81.4005
79.5909
80.8565
81.725
81.2949
80.8562
80.853
79.6245
81.4068
82.5044
82.579
83.422
82.5204
83.1136
83.0831
82.6861
84.3572
84.7476
83.8696
83.3057
84.3408
85.4571
86.9307
87.0666
86.6154
87.7261
88.8383
89.0911
88.0991
86.3675
86.1392
86.3225
86.4163
87.3418
89.1497
89.1847
89.9755
90.1709
91.1728
91.2621
91.5872
91.7924
90.5679
91.493
90.438
90.3443
89.6266
87.7049
86.8763
86.9774
87.6129
85.5453
87.1215
86.266
85.3524
85.6807
85.6593
85.0681
84.5409
84.3429
84.5053
84.7597
84.9474
85.2962
86.6038
86.6492
87.1367
87.1578
86.5916
86.0952
85.3891
84.6028
84.6153
84.0065
83.8093
86.3655
87.1696
85.6804
85.8376
86.2436
87.3985
86.7916
86.7329
88.2499
89.2738
88.5182
88.37
87.4169
86.8202
87.0682
86.0132
86.6366
86.603
86.952
87.1095
87.9424
89.0055
87.5764
85.7065
85.7174
86.0131
85.2384
85.4213
85.3842
85.9324
84.2105
85.0879
