97.0873
98.3205
99.3027
98.4311
98.2581
95.5959
95.1876
96.9986
95.4302
93.789
91.7636
90.4673
90.5539
90.657
88.5246
88.6319
88.3446
86.542
85.1526
85.8466
85.0422
85.8714
86.5492
84.0852
83.4225
82.4702
82.6441
82.8691
83.1088
84.608
84.9009
85.4977
87.9483
86.2869
85.4878
84.4919
85.4789
86.5006
85.1246
83.8205
84.0482
85.4678
87.1832
88.59
89.2243
87.2401
87.6575
88.5773
87.799
87.8334
89.4315
88.8905
89.5536
90.0463
90.6648
90.2175
87.3494
86.5737
86.7681
84.8495
84.051
84.7957
84.0902
82.3117
81.3706
80.2808
79.3829
79.99
79.0009
81.1653
80.3997
81.3993
81.6315
82.3393
80.9131
81.3252
81.4485
80.9805
80.3982
79.1378
78.2478
78.7839
78.094
77.3862
76.6347
77.8317
79.0222
76.7877
75.8507
75.6226
75.7359
74.4086
73.6707
72.9535
73.4855
73.0709
73.2165
73.7596
74.8968
75.0964
75.9469
75.8888
75.7206
76.2479
76.0055
76.0133
76.6451
76.4768
76.0841
76.8179
77.9755
78.057
77.113
77.8192
76.8677
75.6394
76.6805
75.5145
75.8966
77.7571
76.6917
76.4475
76.6818
77.1427
75.7187
76.1871
75.6874
75.9532
73.6467
74.9358
74.1821
73.4482
74.6378
74.7657
74.5554
73.9024
75.6777
76.4479
76.4739
77.7054
78.4643
78.7156
78.3874
79.3159
79.5851
80.2849
82.2072
81.9966
83.9057
84.5962
85.9573
84.9122
85.4912
84.1528
82.843
82.2949
81.6942
81.3728
82.148
79.7495
79.5882
81.7084
81.2294
81.2255
82.2481
83.6357
81.5759
83.5761
85.0058
84.7998
84.6031
87.2645
86.7817
86.4949
87.4348
87.778
87.7607
86.4711
86.2201
86.9723
86.4975
86.6969
86.4324
87.5236
87.121
88.5791
88.5149
88.5694
87.8001
86.6667
88.0042
88.5758
89.2428
89.7711
89.3134
88.9444
89.7966
88.592
89.8569
89.8349
89.7628
88.0267
88.9559
87.5715
88.7883
88.3195
86.3622
85.1299
84.8313
84.929
83.7994
84.605
82.8727
81.4563
80.72
79.0667
80.1475
81.0899
82.0781
83.1947
82.9377
82.7987
81.1091
80.5747
79.8113
80.7492
79.4519
78.1288
78.6247
79.1644
79.8315
79.1181
78.8667
79.3418
79.9933
79.7231
82.2611
83.2649
83.5659
83.441
83.6631
83.5856
86.7171
85.8624
84.6364
84.4553
83.2328
82.8521
82.4742
84.0147
85.5748
84.4471
83.7204
82.4548
81.8392
82.1893
81.4169
80.4449
80.5893
79.8315
79.5612
79.1596
79.5044
80.5817
79.1867
79.5093
80.0576
81.063
81.9232
82.5584
82.3393
82.4338
83.5283
83.6358
84.6612
85.5148
86.5329
84.9922
84.5858
85.8594
87.8641
86.6731
86.4185
86.603
85.3267
87.3522
87.965
88.1459
88.7687
87.1094
89.2566
90.0724
89.4009
88.9338
89.7344
91.8095
91.4744
92.1365
90.6585
90.4652
91.6363
93.1767
94.4204
94.0576
95.8485
96.046
96.0786
96.3527
95.1259
95.309
93.2638
93.1129
93.2743
93.5407
93.819
95.7585
96.2306
96.4584
98.4681
98.4461
97.7698
99.8136
101.154
101.809
100.615
99.5302
98.9349
99.8367
99.5462
99.7905
102.038
102.482
101.523
102.91
102.079
97.7712
98.706
97.6541
96.5937
96.8852
95.5274
95.7968
95.5439
97.693
98.0394
100.177
100.375
99.061
98.9687
98.7602
96.4917
94.9925
96.059
94.7275
94.6194
93.1851
93.6181
93.6771
94.6657
95.7308
96.4429
97.1174
96.2308
97.0241
97.7775
100.694
99.7969
98.7679
96.6102
97.2038
96.5565
95.4605
96.868
99.7896
99.0997
99.8799
98.7243
97.8801
100.607
101.093
102.042
102.772
101.642
102.746
103.576
104.265
105.161
106.829
106.798
106.656
107.01
106.362
107.001
108.556
108.708
109.901
109.88
109.11
109.874
110.507
110.49
109.637
109.4
111.59
109.676
109.715
110.482
109.071
107.19
106.988
106.272
107.864
108.013
109.931
110.152
113.123
113.268
113.597
112.794
112.993
114.519
114.724
116.142
117.245
115.93
115.059
114.658
112.63
111.294
112.213
113.247
113.043
111.933
110.584
109.776
109.657
109.833
111.88
112.309
114.497
114.123
116.045
113.899
114.187
114.314
113.034
112.987
110.094
110.666
109.18
109.355
109.386
113.85
113.537
111.608
113.559
114.725
112.92
114.726
113.792
115.227
114.358
114.965
113.237
111.173
110.205
110.294
109.83
110.251
111.391
111.652
111.634
110.945
110.577
110.402
109.98
108.713
108.847
108.165
107.646
107.143
109.547
110.084
108.445
108.988
108.346
110.518
110.574
113.236
110.418
111.103
110.418
109.442
107.645
108.097
108.32
110.155
110.426
110.456
109.351
109.035
110.326
110.867
109.296
110.466
110.78
110.965
110.479
110.973
111
113.778
113.674
114.431
114.128
115.758
116.444
116.895
115.42
116.409
116.745
119.8
120.085
120.822
119.789
122.962
122.968
121.147
122.386
122.322
122.334
122.626
124.933
123.919
121.288
119.228
119.403
119.697
118.158
117.676
117.223
115.378
115.854
115.954
114.007
115.366
117.053
117.783
116.081
116.322
115.517
117.094
116.614
114.566
112.097
112.783
112.663
112.973
113.306
112.439
111.858
113.22
112.712
115.049
113.683
113.595
113.136
114.406
115.2
114.001
113.23
112.39
108.479
109.315
108.521
107.154
106.411
108.077
108.897
109.989
110.936
110.237
111.158
111.685
114.013
113.68
112.929
113.14
111.427
108.263
108.843
108.276
109.05
108.019
108.577
109.815
109.201
110.393
111.106
111.217
112.778
