98.9401
99.8975
99.8919
99.73
99.8971
100.303
100.423
103.017
103.343
102.661
102.164
105.455
104.407
106.635
106.574
106.831
107.086
106.906
107.139
107.524
107.115
109.203
111.516
111.827
111.844
111.953
110.899
111.826
111.275
111.707
111.51
111.811
112.968
113.619
113.016
112.4
110.829
108.664
109.153
109.974
110.638
109.567
109.627
110.403
109.778
109.21
111.776
110.054
109.497
109.682
111.252
109.573
107.282
106.853
107.825
107.134
108.062
108.888
108.329
108.686
108.397
107.77
107.441
106.609
105.594
104.025
103.11
104.2
105.014
104.109
101.874
101.845
103.298
101.542
102.62
103.696
102.844
105.033
106.263
105.339
105.577
103.231
101.66
99.375
96.7055
93.8454
93.194
93.1009
92.8585
92.3903
92.867
91.8843
91.995
94.4866
93.2149
92.5945
91.9041
93.8672
93.431
91.8721
91.924
93.7409
94.5269
93.8813
94.5198
94.8279
93.8392
93.6718
93.8867
93.4174
91.4124
93.6596
94.0949
94.1875
96.0292
94.9258
93.9842
93.5291
92.6733
93.664
95.0048
95.6712
96.6502
97.2106
96.1264
95.3467
95.2689
96.1691
96.3928
94.4443
93.9824
94.5502
95.4536
97.1724
97.8318
96.941
97.3168
96.6443
98.66
96.75
96.9908
97.8326
96.3377
95.5432
95.106
94.9326
94.1902
92.7485
92.0298
91.4213
91.4048
93.4034
92.3598
91.1883
89.4317
88.1956
86.4949
85.8249
85.1837
85.1787
85.3892
86.9203
88.5257
87.0966
86.1925
86.8194
85.1306
85.4535
85.9681
86.7603
86.1739
85.9357
86.3962
85.1074
85.7547
86.1628
85.3522
86.0203
87.0164
87.6012
87.6275
87.6996
87.9462
88.5226
88.2769
89.5487
88.4598
88.0288
87.6923
87.6812
87.6574
88.4304
87.5749
89.5884
88.3361
88.3946
89.5403
89.0648
90.0721
89.5191
92.3453
93.4545
94.0262
94.9428
95.3043
95.722
96.5944
97.6228
97.915
97.7565
97.1032
95.7509
96.3935
97.1217
95.0454
94.5988
95.9665
97.2249
95.5842
95.337
94.5245
95.1693
94.399
93.9225
91.8029
92.5185
92.967
93.093
93.48
94.9972
93.7863
93.5304
94.2764
94.0331
94.7372
92.8079
93.8941
92.8736
95.6577
95.8898
96.2579
97.2698
98.8821
99.9625
102.191
103.585
104.593
106.009
105.657
107.051
106.397
107.456
108.194
107.102
105.368
107.632
108.805
108.105
108.255
107.227
105.394
104.12
101.345
100.827
100.3
98.51
98.7643
98.9977
99.8721
98.8424
100.53
98.5846
98.2982
98.8299
97.2831
95.6905
97.6784
96.8917
98.4863
99.1427
98.9984
97.2177
98.9933
100.091
101.866
102.59
103.658
102.198
102.057
100.149
100.484
101.024
103.169
101.355
101.955
102.399
102.612
103.512
102.173
101.197
101.973
99.2649
101.455
100.671
103.501
105
105.325
107.706
109.387
111.992
112.499
111.437
113.004
113.319
114.259
117.309
116.72
117.281
116.986
117.165
117.05
118.102
114.216
112.07
112.128
112.619
111.499
109.701
111.4
112.382
110.26
110.022
110.266
108.662
108.284
106.804
106.35
106.399
105.43
106.127
105.444
107.036
104.925
106.062
108.087
108.854
108.232
107.555
108.418
107.963
107.901
107.996
108.115
110.53
110.587
109.653
109.257
107.96
108.685
112.629
115.296
119.114
117.622
117.812
116.693
117.096
116.992
118.791
122.255
123.046
123.089
123.994
125.314
125.313
124.729
124.478
124.466
125.372
124.444
126.088
126.01
128.485
128.597
131.759
127.7
124.537
122.164
121.861
121.865
120.891
121.706
120.773
120.792
117.96
118.755
118.85
121.574
119.871
117.756
119.902
115.411
116.951
117.806
119.039
117.471
116.485
117.546
117.319
119.995
117.632
117.472
121.021
122.654
119.898
118.803
120.877
120.225
119.49
117.66
119.317
118.945
118.601
119.542
121.072
117.83
116.557
118.444
117.32
119
120.629
121.299
122.829
122.484
123.85
123.828
122.81
120.586
119.369
118.041
118.199
116.266
114.963
115.833
114.786
117.44
118.791
119.827
119.157
116.496
114.802
116.615
116.644
114.851
117.618
117.931
116.97
117.514
116.61
115.367
113.799
113.258
111.9
111.605
109.774
108.217
110.214
106.405
106.732
106.714
105.798
103.916
104.364
104.295
102.637
106.207
105.481
107.104
104.939
107.81
110.131
112.719
111.513
110.577
110.419
112.308
111.832
112.535
113.272
112.036
112.971
111.749
111.109
112.872
113.365
113.192
114.186
114.88
116.473
117.445
118.826
119.516
119.323
120.33
120.959
121.807
119.621
120.874
119.537
121.099
121.041
120.916
120.802
121.189
120.402
120.706
120.791
119.157
120.999
121.501
119.925
118.991
118.948
119.945
120.342
122.99
122.207
123.067
122.979
122.905
121.324
118.731
117.836
118.283
118.236
116.237
119.104
118.911
119.685
120.093
120.712
121.456
120.42
124.293
125.864
125.787
124.22
125.515
124.497
121.934
122.789
121.539
122.141
121.625
124.06
123.944
124.1
127.798
126.988
126.608
125.406
127.821
132.738
132.963
130.598
129.572
128.425
126.629
127.619
129.336
130.308
129.012
129.529
130.72
129.638
131.164
131.111
130.011
130.933
130.91
132.171
130.573
133.132
136.029
133.238
134.115
133.215
137.009
138.301
139.638
139.798
136.116
139.418
138.173
140.908
139.605
141.517
139.551
139.249
136.417
136.252
