99.056
101.823
101.327
101.601
101.867
101.271
103.476
105.941
105.011
102.77
105.262
102.983
102.197
103.537
101.442
100.231
101.036
98.6302
98.0685
96.1984
97.0899
98.8105
99.6044
101.248
100.997
99.9263
101.202
98.7967
99.1204
98.4027
98.8805
100.456
100.842
103.115
105.689
104.375
103.827
104.83
102.994
102.18
101.285
99.3592
100.585
100.379
100.006
100.104
103.481
104.702
102.86
102.505
102.223
103.652
103.987
102.317
101.054
97.4367
98.9102
98.9937
99.1022
99.1248
99.3231
99.6428
99.4337
100.648
100.833
99.6716
99.9743
99.1193
99.3325
100.333
98.9802
97.0016
100.557
101.097
99.9138
98.0969
97.1305
97.1853
98.3898
100.33
102.303
100.895
100.794
102.999
102.997
100.817
100.327
101.444
100.873
101.558
101.288
102.498
103.514
104.154
104.918
103.579
102.092
102.922
103.07
102.554
101.981
103.663
103.286
104.527
103.362
102.393
103.48
102.108
105.059
102.22
101.507
101.452
103.963
106.952
105.648
106.109
103.623
101.796
102.014
103.298
103.723
104.93
105.393
105.711
105.528
108.818
108.047
104.946
105.44
103.898
104.616
103.999
104.556
105.75
105.268
105.648
106.726
105.632
106.736
105.272
104.853
104.655
103.159
101.436
98.9623
99.4529
99.284
97.5449
97.7719
99.5405
99.0891
99.4869
99.6411
98.9291
98.4336
96.8461
96.8598
96.7121
96.7078
95.1869
94.3153
93.8801
94.1304
94.4559
94.5902
94.3558
94.1344
94.5087
94.9373
94.2637
95.1769
95.7773
93.608
94.9717
95.2214
97.1927
95.0542
95.6403
95.5661
96.9132
95.7913
94.3299
93.9698
91.3008
90.4502
93.5936
93.9511
95.952
95.4005
97.886
99.3804
101.319
103.995
104.022
104.279
104.984
107.252
108.342
108.858
109.354
109.283
107.404
110.564
112.635
110.009
109.415
111.176
112.966
111.944
112.07
114.235
114.859
115.962
115.178
116.383
114.007
112.945
111.893
111.805
111.424
111.27
112.121
112.311
113.504
114.316
112.453
115.415
115.066
112.835
114.275
115.014
114.665
115.132
116.149
116.455
114.615
117.062
119.695
121.288
119.379
115.223
114.374
113.286
111.923
113.153
113.84
116.297
115.816
116.369
115.079
112.867
111.597
112.881
113.43
112.924
114.687
118.235
119.708
118.32
120.111
120.704
121.356
122.56
121.622
122.768
123.881
125.545
121.641
121.958
121.812
123.226
122.047
122.14
120.702
122.681
120.347
120.367
118.607
118.326
117.248
116.882
118.291
120.073
122.65
125.41
124.677
123.851
124.95
123.171
121.671
122.029
121.57
121.925
121.181
122.919
122.904
123.151
123.779
125.49
124.974
123.563
123.471
119.811
118.285
116.422
116.312
115.448
114.3
112.858
111.567
112.246
114.907
113.623
109.949
108.494
107.058
105.9
108.165
108.91
109.9
110.416
110.032
109.695
109.325
109.586
110.502
110.588
112.788
110.602
108.841
106.496
108.255
109.988
111.176
113.479
116.184
117.091
115.237
116.271
116.681
115.418
116.194
116.613
118.014
118.471
118.742
117.344
119.52
119.351
119.282
119.251
119.342
121.167
120.307
120.218
121.859
121.32
121.954
123.166
123.6
123.714
126.428
125.982
126.171
129.777
130.27
129.19
130.474
132.074
131.246
131.784
131.627
132.492
130.872
129.513
128.336
129.91
131.077
131.921
128.934
129.013
127.435
129.361
125.26
123.957
125.238
123.633
122.108
122.871
121.794
121.25
120.37
119.837
119.072
118.863
118.143
117.866
117.04
116.895
114.816
115.564
117.782
118.012
116.749
119.393
119.274
119.964
117.971
119.496
117.805
120.738
121.334
120.256
122.978
122.969
121.622
121.407
119.394
121.361
121.472
123.279
123.397
124.813
126.347
126.241
125.767
128.623
128.468
126.458
127.241
128.201
129.302
129.4
129.696
132.314
132.33
132.542
131.732
129.334
128.741
127.788
127.215
131.138
131.402
132.056
133.417
132.928
131.238
132.178
132.121
133.477
133.008
135.946
135.732
135.242
137.315
134.902
130.739
132.225
133.395
132.117
132.797
135.384
136.299
136.831
138.719
141.837
145.102
144.658
143.772
146.926
146.149
145.73
145.656
145.825
144.039
141.875
145.726
145.21
142.721
143.931
147.931
147.024
146.123
144.973
147.09
148.731
146.642
147.798
146.728
145.831
145.473
144.14
141.622
142.627
144.3
141.927
138.511
136.665
133.878
137.024
136.528
136.142
138.43
139.253
138.635
137.905
136.689
139.926
140.867
136.941
135.768
135.291
133.847
134.249
132.989
130.673
133.374
130.99
131.738
129.594
129.822
129.623
128.828
127.649
129.187
129.746
128.811
129.633
130.773
131.558
131.861
133.062
136.079
139.27
139.25
140.095
145.703
147.555
150.282
151.679
147.883
150.007
152.513
149.395
149.364
148.477
148.472
146.152
145.914
143.777
142.911
140.136
139.647
136.905
136.452
136.067
136.381
133.406
133.532
132.201
128.705
129.257
129.44
132.074
132.255
131.126
133.617
133.183
133.727
132.315
134.627
138.302
139.418
141.894
143.045
140.333
141.534
142.498
141.929
140.488
143.109
142.867
144.232
141.821
145.481
145.641
149.771
152.611
145.969
146.607
146.553
148.842
149.512
150.475
149.943
150.195
149.155
148.553
146.132
