99.9223
101.371
101.035
100.404
102.16
103.074
101.762
101.442
101.034
102.849
103.062
104.523
104.809
107.553
106.781
108.782
107.412
106.647
108.446
109.13
110.245
109.909
108.954
108.489
109.088
108.669
107.91
110.932
111.071
112.996
110.084
108.28
107.5
106.38
106.027
106.777
107.237
104.968
105.391
105.74
106.103
106.33
106.398
106.076
108.303
106.773
105.189
102.831
101.738
102.117
103.449
101.982
102.208
101.935
101.808
101.706
100.056
99.6194
100.203
102.2
102.613
104.358
104.438
103.172
102.251
101.212
104.226
101.74
100.295
99.3815
98.3518
97.8596
96.4527
99.3005
98.5384
100.181
99.6346
100.36
103.213
104.238
104.896
105.094
106.462
106.738
108.162
109.262
108.969
108.166
108.174
105.821
106.13
104.56
105.343
106.935
107.34
109.488
110.731
110.796
109.094
110.937
110.498
109.867
109.611
109.885
109.519
109.915
109.415
108.541
108.746
109.482
108.363
105.593
105.529
106.974
106.936
108.901
108.785
110.826
110.876
113.122
112.56
110.722
109.325
108.53
107.546
106.806
107.87
109.055
109.739
110.101
110.982
112.25
111.29
111.605
113.35
111.742
108.859
109.06
109.603
110.081
110.076
109.705
110.946
112.857
114.943
111.547
110.485
112.335
113.974
117.108
117.144
117.812
115.341
116.306
116.396
116.752
117.157
117.62
118.73
117.157
116.461
115.564
116.843
115.836
116.156
117.335
116.059
114.031
115.492
112.096
108.915
111.434
111.35
112.022
112.33
113.428
111.046
111.07
113.217
113.952
112.847
109.926
109.757
106.937
106.362
106.347
106.086
104.29
104.422
105.038
103.154
101.824
102.708
104.694
104.439
105.541
107.265
108.602
108.9
110.913
112.418
113.94
111.144
110.596
113.212
115.092
116.752
114.65
113.409
112.477
109.114
108.575
106.324
106.314
106.7
106.151
106.194
105.656
104.316
103.529
104.457
104.504
103.966
102.268
102.143
100.644
100.872
99.3816
98.5766
96.694
97.898
97.0714
98.3958
98.2131
97.8564
97.9358
98.2128
100.641
101.358
103.637
104.496
102.984
101.358
101.003
99.9386
100.385
98.8894
98.3652
97.121
96.6663
97.5899
98.7411
94.8623
93.3336
94.157
94.4374
95.7285
95.6832
95.7011
94.0758
93.6965
93.0354
94.0713
93.9092
93.999
94.569
95.1333
95.6454
94.3159
94.7314
93.3355
93.7971
91.6751
92.8282
91.881
91.5327
92.4418
92.0088
92.9905
92.0916
90.3418
90.3311
90.4898
90.9562
89.7834
92.2223
91.2763
90.4779
93.1684
92.4952
91.9938
91.2635
91.1484
92.9723
94.4156
96.5135
96.6863
97.5107
96.9001
99.1162
98.9964
101.078
101.126
101.775
104.291
103.305
105.612
105.65
106.069
106.79
107.72
108.218
108.796
109.959
110.351
110.455
110.782
110.413
111.317
113.122
112.207
111.627
112.732
110.77
110.538
113.019
112.363
113.366
114.31
113.881
113.816
112.407
111.367
112.084
114.603
116.503
115.09
115.044
116.177
117.441
118.404
118.245
115.858
114.701
113.187
112.182
112.117
112.61
106.954
107.245
106.602
105.927
106.344
107.18
108.066
106.779
107.671
106.107
105.803
106.657
106.22
106.371
105.896
105.428
104.648
104.485
104.777
105.5
104.511
103.401
102.897
101.957
100.883
102.45
103.791
105.392
106.859
105.421
107.475
108.123
108.61
110.776
112.208
113.057
112.215
111.283
111.079
110.738
110.648
111.352
110.626
113.149
113.249
115.43
116.064
116.44
115.657
115.893
115.083
117.791
117.809
118.316
118.507
119.967
120.505
122.759
121.868
123.574
120.622
119.797
121.218
120.509
118.57
118.257
117.858
117.679
118.961
120.369
119.889
119.769
119.418
120.16
119.93
121.468
121.583
119.878
119.551
120.035
117.772
118.747
119.101
120.824
121.494
121.065
120.648
122.267
120.354
121.552
117.355
116.193
116.285
116.464
116.337
117.372
115.653
118.411
118.677
121.142
120.52
119.372
115.95
112.903
112.585
112.181
108.921
108.605
108.851
105.706
105.86
107.702
107.799
108.6
108.248
108.826
107.171
103.812
101.693
104.049
103.634
104.874
104.026
101.663
98.5145
98.6642
97.2994
96.4454
97.5845
95.4966
95.6624
94.7669
95.0748
96.7589
97.1699
97.2206
96.1677
97.6162
97.4368
97.3664
96.0686
96.3925
96.8136
95.9292
95.9298
95.7455
96.2781
96.6765
96.9984
96.8467
92.8666
90.6821
91.5332
90.8554
91.1871
92.908
93.0183
93.0989
93.7471
92.6322
91.7098
91.5371
89.0032
88.8932
87.7148
88.2547
89.111
90.4613
89.6143
88.2812
88.1486
88.2791
89.6436
89.7868
90.6447
88.6725
88.7335
89.0324
91.1272
91.8855
93.3125
93.6814
94.056
92.6869
93.1948
92.038
94.2112
94.5131
96.526
97.108
94.9537
95.2541
95.8919
95.2786
95.571
94.3395
95.3393
95.0324
93.2794
90.5882
91.5817
92.5837
94.3975
95.4619
96.1611
96.0413
95.63
95.0119
95.7397
96.5755
97.8748
98.8726
99.2107
99.1689
99.2202
98.978
99.6155
98.8338
99.8489
99.2508
98.447
96.8884
96.1852
97.3285
96.6351
97.4976
96.275
96.4198
96.3455
96.6057
96.7984
95.9053
95.3843
94.0929
94.4692
94.3078
95.4631
94.6828
94.8182
95.5247
96.3132
97.7695
96.2777
96.7962
97.388
98.168
99.0028
98.5165
97.8035
97.2715
96.1502
97.3942
