96.841
96.637
97.5691
98.0296
97.691
99.0226
100.876
101.531
100.524
100.272
99.7497
99.672
100.041
100.649
101.01
101.25
103.147
103.127
107.08
108.263
110.783
112.584
111.676
112.793
114.507
116.476
117.004
116.348
115.268
112.333
112.092
111.814
112.562
115.215
119.004
120.167
122.132
122.422
120.674
118.674
119.746
124.724
123.432
121.958
118.452
117.771
117.793
117.701
120.046
120.525
119.809
116.793
116.995
117.049
116.368
114.847
115.648
116.295
116.634
117.101
117.902
117.718
117.967
117.092
120.024
120.971
121.897
120.821
120.551
119.608
118.35
117.144
116.234
115.905
117.612
113.727
113.005
113.546
114.141
112.45
112.578
114.387
114.407
115.019
114.012
113.426
114.229
113.226
110.266
111.536
111.795
110.89
111.366
108.585
109.623
109.539
109.194
109.723
110.838
112.23
115.873
116.306
115.324
117.757
118.275
118.222
119.216
120.721
120.505
119.602
120.824
122.345
121.553
121.331
122.504
121.014
120.045
123.254
122.598
122.53
123.928
123.505
124.185
126.298
125.151
122.814
120.652
117.6
120.584
120.873
120.783
121.508
124.174
124.691
123.719
123.215
125.993
125.109
127.267
129.307
128.512
130.756
131.785
132.742
131.741
130.482
130.255
129.839
131.037
130.903
130.968
131.407
129.339
128.159
129.588
128.732
127.875
130.804
129.381
129.024
128.27
130.026
128.197
128.778
129.979
129.31
128.757
125.993
127.575
129.368
130.568
127.72
126.213
127.444
132.335
131.168
127.311
125.59
124.207
122.553
122.017
123.488
125.187
128.085
126.545
127.498
127.821
125.544
124.095
126.92
126.745
127.236
127.206
124.767
125.102
126.272
123.6
122.203
120.079
120.022
119.849
119.205
117.908
118.583
116.499
117.03
118.252
118.731
118.043
116.073
116.137
117.29
116.893
117.63
119.477
118.904
118.688
119.027
121.547
122.811
122.702
120.325
120.86
123.737
123.055
120.967
120.988
120.351
118.377
118.45
117.973
118.966
117.498
116.712
119.363
118.625
117.371
118.892
117.402
118.543
120.669
118.788
119.255
119.772
118.406
117.411
117.38
119.31
121.093
120.362
122.077
121.287
121.736
120.13
122.197
125.083
124.59
121.933
122.953
124.427
124.201
124.408
127.573
125.481
124.304
125.821
123.95
123.931
124.321
124.053
126.061
123.565
123.33
124.754
122.868
124.718
121.54
121.314
121.695
120.843
120.283
119.293
119.543
119.41
117.905
115.013
115.313
114.954
112.819
112.447
113.825
116.725
116.394
114.906
114.644
114.349
113.161
115.195
112.832
113.028
113.571
114.66
117.058
115.293
112.231
108.024
108.915
109.213
109.948
111.242
113.365
110.824
112.213
113.801
115.444
115.674
114.075
112.816
112.737
111.937
112.483
112.945
112.063
113.083
112.291
113.928
114.04
116.92
116.046
117.949
116.907
118.827
118.225
117.272
116.625
116.939
118.257
117.89
117.653
117.602
116.662
116.292
116.089
115.885
114.271
113.326
113.423
112.945
113.773
113.521
113.17
113.88
113.056
114.133
115.187
112.518
112.823
111.668
112.447
113.306
111.549
114.233
113.565
115.311
115.656
111.922
113.155
110.68
111.115
111.644
110.921
111.143
110.851
111.728
108.569
109.259
109.713
109.794
109.342
109.707
107.94
105.733
108.764
107.867
107.196
108.692
110.871
111.294
111.567
111.058
110.901
108.921
111.206
111.302
107.553
108.124
108.718
108.523
107.35
107.412
109.409
109.034
110.158
110.105
111.934
115.08
114.668
115.292
116.401
116.958
116.843
113.996
112.211
112.482
111.285
110.447
109.403
110.622
108.719
109.14
110.679
112.678
114.855
114.505
113.09
113.174
110.653
111.099
111.604
112.991
113.51
114.983
113.313
111.568
109.814
108.656
109.173
109.26
109.563
109.231
109.146
109.172
108.708
110.476
112.253
113.812
115.535
114.949
116.101
115.443
115.828
116.56
116.648
117.07
115.038
115.389
116.075
117.195
117.64
118.357
119.036
118.932
120.251
117.001
118.596
119.272
121.181
119.198
117.418
119.044
123.539
124.3
124.36
126.128
126.135
125.949
127.752
127.74
128.007
128.974
126.84
125.274
126.824
124.823
125.261
124.406
120.328
121.675
120.875
123.641
122.121
123.743
123.414
122.768
120.688
118.234
117.494
115.935
118.294
118.1
117.97
119.197
117.301
117.219
116.274
117.08
116.852
117.612
115.912
116.908
117.128
116.033
115.619
117.186
116.713
114.699
114.281
113.26
113.648
115.258
115.074
114.624
115.102
115.538
115.893
113.428
113.109
114.276
114.196
113.359
113.318
114.232
114.609
115.73
114.463
115.64
118.012
117.765
117.5
119.945
121.493
119.517
120.897
121.025
118.926
117.835
120.076
119.829
120.125
119.859
116.293
115.274
116.432
115.789
114.742
116.597
118.551
118.344
119.314
118.853
120.884
120.357
119.065
118.679
118.482
117.098
115.271
116.327
116.643
115.96
113.718
113.121
113.647
114.788
111.461
112.024
110.899
111.48
110.842
108.005
108.159
111.27
112.093
112.86
113.038
113.998
113.047
114.368
112.773
112.389
111.241
110.401
109.402
110.367
106.827
105.983
105.639
106.581
107.575
108.278
