97.5707
97.7404
98.0947
96.4014
96.7298
97.402
97.4421
98.1052
98.6998
97.8062
97.1223
98.7993
99.0442
97.6824
96.2574
97.5202
99.7894
101.448
100.893
103.115
101.765
103.482
104.183
103.793
103.676
104.658
104.125
104.097
106.054
105.311
108.158
107.035
106.869
106.756
106.69
105.21
103.389
106.193
105.276
103.66
105.558
104.082
105.66
107.65
107.951
109.048
111.041
111.414
112.256
114.406
115.519
113.845
113.949
114.291
113.603
113.447
114.391
113.831
113.922
112.155
111.933
113.821
114.517
112.961
113.337
115.521
116.748
117.882
119.485
118.446
115.908
117.059
116.767
114.495
115.087
116.207
116.946
115.933
116.309
119.386
118.913
119.893
122.374
119.743
120.657
119.399
116.205
115.915
115.293
121.41
120.787
120.674
117.413
119.916
119.259
119.496
121.369
121.993
120.35
118.209
118.253
120.56
121.94
121.689
123.731
121.604
119.094
121.509
121.794
121.817
122.091
121.244
120.54
118.689
116.836
116.69
114.494
112.404
111.678
111.269
109.871
110.538
113.083
115.551
113.282
113.754
113.664
115.107
112.024
113.488
115.463
113.948
113.57
112.835
113.817
113.975
116.6
117.382
116.61
117.782
117.354
119.252
123.602
121.666
122.423
124.294
125.461
122.563
122.428
121.999
122.343
123.254
121.953
123.842
121.809
120.914
123.06
122.727
121.348
120.808
121.359
121.458
121.864
121.859
123.468
122.933
124.823
126.722
125.899
125.193
125.142
127.224
127.649
127.804
126.125
127.221
128.709
130.081
133.318
131.153
131.03
129.676
129.331
131.983
134.459
133.801
132.134
132.639
133.555
133.134
132.058
135.676
134.757
134.936
135.362
135.871
136.41
137.126
135.225
135.726
138.456
139.248
136.799
136.938
136.561
135.246
133.564
130.352
128.945
123.015
122.283
123.084
122.42
122.098
121.455
122.076
121.854
120.54
121.105
122.971
120.91
120.84
121.27
124.598
122.303
118.676
119.466
119.423
120.698
120.971
120.843
120.505
120.86
122.448
122.633
120.695
120.215
119.406
122.316
121.458
123.182
123.447
122.304
118.958
118.874
115.575
115.444
115.492
115.254
113.793
112.787
110.576
111.254
111.971
114.072
114.282
112.548
110.204
110.457
112.146
113.721
113.928
113.488
114.113
115.011
113.144
112.648
113.306
114.502
115.399
118.017
117.074
112.967
112.427
112.057
111.56
112.24
109.566
110.182
111.312
110.889
111.098
113.213
112.921
114.94
115.562
114.224
114.399
114.648
111.419
110.025
110.196
110.33
109.614
112.284
113.901
114.554
113.896
113.231
112.72
114.274
114.941
117.02
117.817
119.644
117.352
115.107
115.6
116.261
116.044
114.299
115.419
115.404
112.783
110.87
111.605
108.237
106.205
104.597
105.084
105.474
106.598
104.781
106.851
107.198
108.613
108.289
108.036
110.384
109.313
112.108
110.489
111.03
111.026
110.389
111.463
110.132
109.908
109.282
109.269
108.972
110.839
110.663
109.399
111.888
108.604
108.006
107.721
108.168
107.025
107.046
105.383
105.861
105.391
103.67
102.292
103.001
102.746
104.445
104.663
104.946
104.074
103.6
106.73
105.423
106.492
104.278
105.621
105.218
107.236
106.073
106.988
108.206
108.411
110.399
110.695
109.836
109.429
108.943
108.898
107.681
107.748
106.179
105.504
105.048
101.419
101.102
102.147
103.142
102.752
103.363
104.611
105.373
103.723
104.274
104.54
103.981
103.881
102.125
100.201
99.5102
100.142
100.106
100.845
100.305
102.296
104.018
102.018
102.032
101.915
103.483
105.559
105.595
106.871
109
110.236
111.638
109.59
108.098
111.488
112.535
110.568
108.329
107.602
106.094
106.173
109.194
109.345
108.068
109.081
107.537
106.691
106.57
104.918
104.491
103.446
103.019
103.338
103.48
102.343
102.949
103.661
105.371
103.937
105.16
105.428
108.195
110.109
110.94
112.087
112.269
111.125
109.459
108.735
108.934
107.687
105.897
105.034
104.594
106.687
105.88
107.732
107.674
107.889
107.554
109.533
108.514
107.446
107.266
108.076
108.313
110.659
109.817
108.614
109.728
107.987
108.686
108.247
105.595
105.697
104.596
106.321
104.957
107.394
108.236
107.619
106.484
106.787
106.012
105.211
104.663
104.509
103.93
99.9528
100.134
100.42
100.701
100.571
101.577
100.719
100.259
101.782
102.922
102.448
100.824
104.287
104.225
103.235
103.776
104.925
101.519
102.121
103.38
101.661
101.234
102.328
99.4104
99.6249
99.2936
100.423
98.5833
100.332
99.4764
99.8137
98.5
97.9153
98.0025
97.4563
95.9508
96.3981
98.1563
98.9048
98.7758
98.0015
97.4211
97.9252
97.506
101.135
102.075
100.644
100.672
99.8349
100.392
98.1839
99.668
99.9096
102.185
102.53
100.657
101.95
102.95
102.594
101.384
101.445
103.878
103.566
103.204
102.209
101.766
100.035
98.9964
98.1422
99.7994
100.639
100.819
101.094
101.876
102.264
101.199
102.878
103.299
104.038
103.465
103.989
106.011
105.494
104.074
103.945
102.714
99.7517
101.082
100.359
99.456
101.429
102.651
104.523
106.75
107.499
110.317
108.024
105.861
107.184
107.31
107.073
106.706
107.921
106.066
104.369
104.858
105.049
