100.409
103.02
103.19
102.042
102.252
104.78
103.521
103.412
104.42
105.73
104.678
103.55
103.76
104.497
100.938
97.5764
95.9452
96.5493
97.2043
95.2348
94.3804
95.7112
95.5585
96.7223
97.1447
96.9564
97.2203
97.1026
97.943
96.5155
97.7993
97.2102
97.881
98.8635
96.8225
97.4058
99.3219
98.6262
98.7365
99.8736
97.7113
99.4076
99.6559
98.3294
97.9224
98.0689
96.8572
95.3802
94.3515
92.5649
91.0405
90.9922
89.9456
91.6734
93.6448
94.3398
91.5737
92.2553
92.475
93.0267
92.4887
95.0558
96.0081
94.9797
94.9395
95.2294
94.5964
95.923
96.8156
95.1115
93.7369
93.3363
95.571
93.059
94.2391
94.7431
92.2096
94.7172
93.6849
93.3712
91.9892
91.9849
93.0048
93.4309
95.3302
96.4233
94.63
94.9671
94.7367
96.2204
95.7869
94.1542
94.1316
94.0224
93.1122
93.598
94.7622
95.8903
93.7528
92.5623
91.9446
91.643
92.0246
91.396
91.7943
93.2893
94.1314
93.6971
94.5164
92.7646
92.0257
92.3517
90.2652
90.6926
91.3788
92.9448
91.7862
89.9088
88.0295
88.0121
87.9235
88.797
90.3905
90.2962
90.6559
91.1991
90.0719
89.2337
90.9058
90.7009
91.4745
92.7363
91.7294
89.9748
89.8581
91.4941
92.3323
91.4439
93.2745
93.3989
93.1611
93.8063
94.6489
95.4174
96.1358
94.0524
93.6012
95.5699
95.3329
95.1979
95.4304
94.6869
94.6284
94.7547
95.3245
97.0908
97.0929
96.1556
97.5886
96.609
97.3007
97.2812
98.7322
100.481
97.5521
99.0996
99.4454
98.6377
97.2207
98.8188
97.4977
98.3543
95.4218
96.2072
96.1978
98.1082
99.0021
97.8302
98.4478
98.0641
96.3846
97.8834
96.5792
95.4704
97.3486
97.1074
97.512
96.0373
97.9415
97.9436
97.3935
98.3896
98.9869
98.7852
99.5799
100.254
100.372
98.1202
98.946
101.098
102.56
104.663
103.865
103.765
104.845
104.432
104.763
104.844
107.65
105.053
103.784
105.266
104.908
106.24
106.322
106.323
104.738
104.795
104.178
104.859
105.325
106.421
109.387
112.651
109.536
109.865
108.986
108.267
110.72
107.841
108.867
109.95
109.447
108.926
107.764
108.88
108.169
106.892
106.715
108.127
108.046
108.288
109.518
110.906
109.163
110.109
111.555
113.539
116.305
118.824
118.321
118.91
117.759
118.621
117.644
118.111
119.366
120.037
122.929
122.613
122.867
125.755
128.901
126.81
125.507
126.682
127.328
127.019
129.003
130.447
130.583
128.6
127.114
128.711
128.471
129.407
127.694
127.826
125.83
125.373
126.34
126.646
128.13
129.663
127.838
128.746
128.564
132.339
133.911
133.273
130.436
127.52
127.18
127.703
126.733
128.474
127.411
125.007
125.428
122.682
126.531
130.66
133.541
136.433
133.733
134.747
135.837
137.568
138.104
139.386
139.036
140.109
141.998
139.663
141.041
140.998
140.779
141.81
139.387
140.567
142.053
142.27
143.455
145.673
144.065
143.928
144.804
146.04
148.32
150.637
149.037
147.434
148.194
149.682
151.108
151.762
150.107
150.757
151.442
151.629
152.561
152.878
151.496
149.178
150.545
150.621
152.313
153.526
154.164
153.933
152.715
152.615
153.68
151.995
152.364
152.153
152.763
153.87
153.032
153.605
156.358
157.267
159.785
161.697
162.126
157.34
156.049
153.516
153.651
149.928
148.503
147.934
149.191
151.782
154.109
153.319
155.06
154.467
154.133
153.945
155.938
158.157
157.848
162.299
160.66
160.986
161.369
160.705
161.231
162.221
163.392
161.725
159.976
163.128
162.52
165.218
165.02
171.153
168.554
170.202
171.609
172.187
173.187
174.993
174.093
174.159
178.516
173.309
177.326
178.737
178.141
180.314
180.583
182.189
185.831
186.612
187.941
190.935
186.967
187.589
185.28
185.485
185.37
186.211
187.321
190.159
185.745
176.948
177.022
177.864
173.603
169.506
168.98
167.483
166.237
169.93
172.696
172.154
170.575
173.037
174.643
175.357
177.575
178.981
180.567
181.17
180.773
180.04
176.432
173.656
176.026
174.152
174.96
171.261
174.138
178.77
179.193
181.04
183.044
181.057
182.574
184.102
186.833
178.938
181.079
177.763
177.489
178.282
179.413
176.619
176.764
175.9
173.792
170.164
171.186
172.31
174.463
171.027
173.602
173.486
172.226
170.197
173.788
171.629
174.101
173.8
175.497
175.305
177.411
173.807
172.021
172.283
171.987
170.234
165.181
164.571
161.459
164.849
163.448
165.513
167.862
167.477
168.437
163.271
164.992
165.364
166.345
167.046
166.859
163.894
164.1
162.305
161.649
159.383
160.343
159.793
159.514
161.496
161.628
163.327
159.158
157.104
159.051
161.484
160.494
161.86
160.741
156.767
156.804
159.806
159.232
157.589
157.069
159.329
160.357
160.381
160.11
160.103
160.636
161.031
159.927
159.264
156.302
157.569
154.367
154.694
151.798
151.942
153.505
150.588
152.797
150.185
151.216
148.768
148.129
149.314
148.539
147.094
149.352
149.498
147.524
147.853
151.407
151.659
151.33
147.414
147.659
146.976
147.983
149.157
150.578
149.306
152.262
149.062
152.74
153.627
152.432
155.078
157.686
157.687
158.04
157.678
156.167
152.615
153.477
154.544
154.082
152.952
155.119
153.933
158.524
157.325
159.231
160.208
158.627
155.479
157.897
160.412
160.779
163.868
