102.411
100.567
103.411
101.611
101.981
99.6626
100.786
101.299
100.058
100.575
100.523
99.4333
99.1363
99.8126
100.554
101.338
101.191
99.7015
100.714
101.026
103.18
104.351
105.277
102.403
102.526
103.481
103.477
104.95
105.397
103.929
103.013
104.08
104.541
104.335
106.476
109.14
110.192
110.396
110.983
111.569
111.448
112.381
112.518
113.198
112.897
114.077
113.726
114.076
111.914
113.387
111.683
114.136
115.406
114.875
117.112
118.75
120.659
120.936
120.136
118.892
119.014
118.337
118.423
114.796
115.552
114.287
115
115.956
114.417
113.097
114.321
113.976
113.107
111.847
111.835
112.935
109.558
110.092
109.887
112.286
116.197
112.944
112.9
112.217
111.76
112.31
110.809
109.489
106.894
106.724
107.428
105.613
108.797
109.167
107.753
107.567
107.049
106.472
108.394
109.736
110.378
111.833
110.506
113.401
114.461
115.292
115.552
115.297
113.109
112.684
114.089
114.523
114.508
112.161
113.407
114.238
116.42
116.1
117.773
115.95
116.692
115.92
114.187
115.36
116.9
116.565
115.057
115.048
113.779
116.57
114.989
114.891
117.246
120.03
121.31
121.518
120.785
125.838
124.743
122.422
121.346
123.82
124.745
122.096
122.217
120.998
120.309
118.913
116.023
117.389
116.399
117.21
120.037
120.601
120.33
119.907
119.183
119.265
117.405
117.917
119.488
118.231
120.176
116.386
117.048
115.003
113.301
112.923
113.125
113.617
112.492
111.029
108.655
108.517
106.943
107.667
104.739
104.819
104.897
106.7
107.798
108.036
106.86
108.887
110.694
110.475
109.672
110.322
109.683
109.304
109.603
108.883
108.586
107.808
107.874
109.469
108.813
108.746
109.023
109.752
109.384
109.14
108.07
108.027
108.246
109.112
108.337
106.985
107.125
105.851
106.405
105.186
102.759
102.606
102.604
103.24
104.253
101.854
100.513
100.767
99.2662
100.062
99.6711
101.843
100.721
100.131
101.491
103.002
103.381
102.813
103.583
103.748
103.67
104.946
105.932
106.19
103.581
103.555
103.855
104.922
106.085
105.196
104.507
107.47
105.338
104.96
103.894
104.835
105.096
106.848
106.197
106.195
105.686
104.901
105.276
103.76
103.882
105.572
105.062
104.188
104.277
104.382
104.013
103.183
104.155
105.694
107.498
107.78
108.152
108.276
108.079
106.31
110.5
108.236
107.467
107.112
106.845
104.504
103.194
103.773
103.124
103.781
101.864
102.65
104.384
105.654
106.446
107.209
107.301
107.868
109.167
108.36
105.727
105.607
104.166
103.321
103.151
102.303
102.063
103.045
104.969
104.692
105.541
105.681
106.811
109.278
106.508
106.214
106.147
106.827
107.622
106.749
106.243
104.292
107.742
107.174
107.294
107.072
109.26
110.144
110.918
112.589
114.057
114.908
113.979
113.628
113.799
112.35
112.446
113.051
112.478
112.42
110.422
111.677
112.9
110.746
111.156
111.118
111.278
110.469
111.703
111.201
108.468
111.796
108.252
108.337
109.909
109.098
109.153
109.069
108.98
108.633
108.654
108.647
106.715
107.086
107.9
108.298
109.274
107.601
107.75
107.423
105.68
103.101
105.037
106.297
106.816
105.859
104.845
106.593
106.898
108.156
105.538
104.836
103.864
102.938
101.463
101.493
102.827
103.099
103.117
103.011
101.172
98.3046
98.0272
97.7108
98.6788
98.7142
96.04
95.7924
95.3029
95.2679
94.2151
92.6744
92.5817
93.2635
93.5448
93.0345
91.7514
92.9804
91.6508
92.2364
91.364
91.8862
91.9323
92.2441
92.5133
92.4311
91.269
90.0809
91.1706
92.028
90.1494
90.6003
90.6447
90.2528
90.5403
90.4631
90.365
92.3081
92.4938
92.8465
94.1635
94.448
92.7504
93.6946
93.9465
94.773
95.2824
94.0279
93.8397
94.512
93.6626
95.0101
96.7763
95.0645
96.4574
95.0013
95.1367
94.9277
96.7341
97.6477
98.346
96.4599
94.277
92.869
94.4712
96.1403
95.7734
96.0292
94.8349
95.3876
96.1819
95.3471
94.1736
95.1267
93.7336
93.7595
93.7472
94.1634
94.2085
93.0717
90.8753
90.8187
92.3698
93.1151
93.5085
95.2644
95.2211
95.2523
95.0051
94.2075
93.6706
93.673
94.0783
92.5017
92.7705
93.6444
94.9718
97.7752
97.3467
98.5075
98.8124
101.103
101.048
100.887
100.912
100.255
100.828
101.342
101.882
101.525
100.103
99.2764
97.7645
95.391
94.4952
93.7428
95.186
97.4068
96.7984
96.7985
95.4508
94.3144
95.499
94.4788
96.6331
96.7744
95.8767
95.3987
94.8296
96.3779
95.7102
95.7356
96.9136
97.3377
95.8921
95.6594
93.9975
95.1421
95.5489
95.3415
97.3426
94.9892
94.1
95.171
96.1737
94.2233
94.2444
93.75
94.6437
94.7474
94.965
95.3034
98.2239
96.8319
98.9588
99.8067
98.7855
97.8533
94.9799
95.9808
96.9336
96.4066
96.8233
94.3371
95.3642
95.5738
96.6096
94.767
95.9223
94.7442
95.8596
95.903
96.3016
97.1669
94.8132
93.7657
95.2523
94.4437
92.7862
90.5726
89.544
90.2133
91.2519
92.0078
90.3357
89.8008
88.9635
86.4864
86.6532
87.3699
86.9097
86.1637
84.0908
82.9171
82.9915
84.3277
85.505
85.3986
86.3399
88.1801
89.8307
91.5327
92.2468
91.2997
89.6491
90.1603
90.7977
91.6013
91.0036
90.2192
91.869
92.1568
92.7548
92.3657
92.0295
91.2649
92.3865
92.2586
