100.044
98.7254
97.6078
100.132
99.8944
100.01
100.547
99.2311
100.186
98.9329
98.9378
98.2198
96.8689
98.9715
97.4964
97.9656
98.6966
98.4342
99.2174
98.2821
97.839
97.9493
97.872
98.5544
98.2704
95.8516
97.1193
94.9344
94.5828
95.2328
92.8308
93.6248
94.1079
91.3832
91.3263
90.8642
91.3247
92.0649
92.0943
90.3776
90.7746
90.87
90.1217
91.4254
91.2018
90.7463
89.7669
89.9441
91.2122
91.5857
92.5257
93.2977
95.3206
95.4094
95.5195
95.5405
95.3048
94.2328
92.8295
93.0656
92.608
91.2085
89.7048
90.3317
89.1662
89.8058
90.0184
87.798
86.6818
86.0455
86.577
87.2645
86.4719
85.2832
84.6422
83.7504
84.4552
85.8106
84.7182
84.9611
84.3256
84.4799
86.1057
86.581
86.854
86.0851
86.9084
86.4361
84.5469
84.4597
84.2994
82.9587
81.4049
80.9104
81.1248
81.9029
83.0896
83.3689
83.9208
82.4971
81.7825
81.0993
81.5333
79.9885
80.985
81.3649
80.3256
78.003
78.7666
78.813
78.4304
78.6618
76.0627
76.1986
76.4236
76.5919
76.6076
76.3815
79.4578
79.1929
79.7026
80.4968
80.4005
81.0598
80.4516
81.1691
79.4116
80.641
79.9622
80.0263
79.0922
80.2057
80.1979
79.8156
78.8394
78.2481
80.5135
78.987
78.7553
78.7234
78.8845
79.5775
80.0101
79.9894
79.9422
77.4521
76.277
75.6999
74.8572
75.5634
75.5707
76.6676
76.4665
75.1723
75.0489
74.9363
76.3747
77.4874
79.4112
78.4391
79.3973
79.4379
79.7615
80.2627
79.8649
80.2535
81.9648
83.0223
83.4864
83.2159
83.6263
85.736
85.9584
85.3854
85.499
82.7949
82.924
82.9593
85.1359
86.8319
86.0425
87.2767
87.5037
89.0016
89.6733
90.4805
91.0347
89.9713
89.1854
90.5811
89.7143
88.9404
88.3641
87.3137
87.3674
87.7165
87.641
89.3432
89.4273
89.8178
91.1586
92.7429
93.0239
93.8881
93.6521
92.363
90.7509
91.5117
93.2825
91.8721
90.7521
89.1867
89.4215
89.0544
89.845
90.4415
90.7899
91.5837
92.3268
93.8373
96.8165
97.7068
98.1797
97.9115
98.5464
98.2011
97.61
97.0488
95.8383
95.4193
94.9165
95.3208
94.9762
93.9375
91.9857
92.9089
91.2722
92.3063
92.5406
92.7342
91.4312
90.6231
89.2185
88.3288
87.5432
88.1693
86.7112
86.7785
88.9771
89.4259
89.0695
90.2165
91.2663
90.8845
92.8436
92.6347
91.4727
91.6943
91.9416
91.0362
89.8137
89.1811
90.5428
89.9247
90.1048
89.8466
91.4528
93.3366
92.7709
95.2436
95.885
94.4752
96.0239
96.2446
95.2667
96.0666
95.3069
94.9674
97.3532
97.9091
98.7501
98.601
100.391
100.328
100.805
100.816
101.859
102.531
101.65
100.982
101.333
101.977
102.511
102.602
103.669
103.687
102.137
103.644
103.649
102.874
103.606
101.41
101.924
102.263
100.578
103.162
102.366
100.69
99.6664
99.9437
98.6388
98.256
99.3976
99.2195
99.2074
99.8534
100.451
98.2378
97.0039
94.6941
93.9901
94.7324
95.5614
98.4349
98.3346
95.7246
94.8222
96.1477
96.6571
95.9782
94.1162
96.6703
94.4809
94.1505
92.1712
93.8343
94.748
94.2933
93.8606
94.1143
93.5737
90.9701
92.8103
93.9062
94.8044
95.0824
95.0389
93.7603
94.5074
94.4987
94.1267
91.3073
89.5993
89.1433
88.8738
88.8608
87.8142
88.1655
86.0453
86.106
87.5356
87.4104
86.6124
87.4645
90.1643
88.6774
89.479
88.7663
85.8588
85.7131
85.6247
86.959
88.1387
86.6044
88.1453
86.9886
86.7756
86.7534
85.729
84.4544
84.659
83.6876
82.3155
81.5537
83.2976
81.7803
83.0779
83.7691
84.6344
85.5626
86.0905
86.9589
86.2214
86.7352
87.5167
85.9114
85.9014
85.6808
85.3108
87.0853
86.1035
86.8251
86.5705
87.2195
87.5087
89.7783
91.9545
91.9108
91.827
93.6967
92.4341
93.898
93.9024
93.5578
92.6686
91.7422
90.7565
91.3259
92.1509
91.0848
89.6872
88.4976
89.7095
89.8863
88.2688
87.8741
86.7018
87.1649
86.7818
89.0801
88.4779
89.0123
89.4554
87.9217
88.9137
90.1132
90.172
88.4664
89.0032
88.9292
90.1616
88.5847
88.8158
88.2218
88.0729
89.224
87.4008
88.184
88.6098
89.4145
90.2061
89.0362
86.9856
86.8785
86.621
86.3141
87.2109
86.37
85.001
83.3652
83.2431
84.1145
84.3789
84.5524
84.3896
84.0579
82.8531
82.2118
79.3514
81.4
80.8771
79.758
79.7203
78.8114
79.4787
79.5785
80.0371
81.2131
81.6449
80.8559
81.1676
82.1808
80.0993
80.4535
79.0735
80.046
80.3691
79.9093
81.185
80.2748
79.5018
80.3426
80.2206
80.6649
82.0976
81.7994
82.7029
82.4165
82.14
82.8771
83.4575
82.271
82.8617
83.0137
84.7078
82.1853
80.2232
79.6452
78.8731
80.5189
80.9652
80.1718
79.6635
78.2411
80.3022
80.5859
82.071
81.2041
82.0917
83.2208
84.4465
84.1184
82.6893
83.043
83.7431
82.7825
82.7127
84.293
85.8378
86.1195
86.2066
86.7533
87.1222
87.8227
86.372
87.3857
86.5317
84.9053
85.9344
85.518
87.5668
87.8245
88.1163
88.5269
88.6413
86.9436
86.0156
85.656
84.1811
83.4288
81.6969
81.1432
79.9511
79.7463
78.7739
80.3698
79.922
81.8115
80.0982
78.6828
78.9589
78.9435
80.2898
80.1231
79.8714
78.5742
77.2114
75.5785
75.9672
76.2003
76.784
76.5562
75.4828
77.359
79.7683
80.0844
81.4311
82.5852
81.722
82.5605
82.7197
82.4635
81.818
82.4408
82.7185
83.9875
83.8696
84.4918
85.2387
84.0392
86.2388
86.0219
85.7927
85.9154
84.3139
83.9279
84.5088
85.0886
84.9164
85.0686
