99.7322
100.009
100.772
101.223
100.124
100.431
101.337
102.402
101.893
101.75
100.134
99.3009
100.635
100.459
100.238
100.895
101.995
104.229
103.162
102.293
103.25
104.117
105.489
106.92
106.215
105.292
106.201
106.158
106.563
109.298
112.751
110.219
112.346
111.554
110.01
109.373
110.687
109.112
108.593
107.673
106.21
105.779
103.116
102.119
102.107
103.059
105.168
105.672
106.234
107.355
109.568
110.876
110.29
109.61
109.414
108.945
108.84
107.634
109.671
109.297
112.208
110.674
109.631
108.405
108.914
108.096
108.622
109.217
108.347
107.23
105.678
107.255
105.247
105.379
105.746
107.499
108.501
108.603
105.985
103.623
102.589
101.368
100.25
101.531
99.5862
98.3484
100.359
100.17
100.531
100.89
100.91
100.672
100.78
102.054
103.262
102.855
101.226
102.174
101.597
102.607
101.421
101.188
101.077
99.6521
101.527
99.3811
101.867
102.371
104.242
103.59
103.43
103.944
102.872
104.795
103.139
103.256
102.627
102.27
103.144
103.119
103.329
103.425
103.999
103.865
104.998
105.226
104.259
102.826
102.699
104.399
105.203
105.388
105.305
105.334
107.679
108.963
110.149
112.202
112.988
110.942
111.891
111.922
111.224
110.771
109.948
110.931
114.185
115.022
114.317
116.913
115.695
116.727
116.778
117.87
118.833
115.793
117.124
117.344
115.272
115.572
113.466
114.118
112.721
112.86
111.528
112.256
111.394
112.499
113.507
111.797
111.842
113.34
112.771
113.833
112.976
113.137
111.757
111.396
112.906
113.149
114.659
114.244
116.442
117.954
118.274
117.833
122.687
125.549
128.331
127.541
127.76
129.059
129.629
129.086
130.645
129.468
129.098
127.903
127.831
129.384
131.125
131.537
128.752
128.071
130.859
128.547
128.45
127.015
128.033
127.574
128.477
129.203
128.578
127.091
128.846
125.905
127.115
126.729
126.507
126.274
124.985
121.002
121.901
124.176
121.185
121.107
121.608
123.231
122.052
123.852
123.562
122.1
119.954
119.275
117.854
119.235
119.449
116.529
117.21
118.873
118.887
118.99
118.131
118.683
119.031
117.066
115.826
115.887
116.389
115.491
115.951
114.411
116.436
115.234
114.9
114.81
114.814
116.641
117.641
117.808
118.288
114.197
114.254
113.042
110.85
109.905
109.172
110.477
110.679
109.126
107.219
106.323
104.343
104.951
107.123
105.907
105.657
107.777
107.831
108.553
109.255
111.586
110.412
110.486
108.012
109.891
109.495
111.313
110.758
113.663
113.314
112.46
113.743
114.739
117.002
118.005
116.809
118.343
118.783
118.82
118.048
120.247
121.31
121.541
121.746
122.031
124.323
123.33
123.478
124.359
124.242
124.45
127.169
126.348
125.166
124.143
127.009
126.619
125.306
123.655
122.079
119.59
117.721
118.848
120.75
119.836
120.191
122.93
122.584
122.146
125.358
125.996
124.07
126.037
123.587
123.473
124.734
125.019
124.534
123.407
123.445
121.659
123.19
122.627
122.921
122.146
122.439
125.061
124.583
122.317
120.077
120.383
121.22
119.336
120.143
122.327
122.208
121.679
119.93
120.74
120.411
118.057
119.872
117.995
118.563
117.132
117.788
117.984
117.5
118.288
118.57
117.873
117.211
116.749
116.636
117.9
118.384
117.849
115.965
115.806
116.046
115.687
116.805
116.378
116.832
116.428
115.709
113.48
112.792
111.147
110.634
107.4
108.792
109.446
107.378
108.037
107.091
105.023
104.757
104.135
105.328
103.51
104.317
103.968
103.831
104.509
104.571
105.589
105.18
106.253
107.144
107.935
109.794
108.259
111.174
110.836
112.033
109.6
109.506
110.706
110.25
111.306
112.202
113.307
112.62
113.797
109.763
110.364
112.24
113.884
113.846
114.256
113.98
113.578
113.284
113.895
112.287
115.085
116.239
113.711
112.784
109.999
111.156
114.501
116.916
118.108
116.088
118.124
118.84
117.922
119.232
121.679
119.315
119.468
120.905
118.577
117.842
118.542
120.668
121.978
123.05
123.41
123.797
122.889
121.171
120.581
119.256
118.986
120.071
119.027
117.883
118.074
117.325
117.435
113.845
113.559
113.555
115.42
116.502
117.098
117.846
116.031
116.987
117.201
117.515
119.082
120.938
123.899
129.346
126.692
127.269
127.349
128.402
126.791
125.004
126.937
123.968
123.449
123.951
127.572
128.88
129.148
125.629
124.935
124.762
123.229
124.99
122.916
123.561
121.882
121.991
120.928
118.783
120.956
121.71
124.502
123.732
122.198
121.907
121.916
121.75
122.28
122.264
119.342
118.745
118.274
120.834
123.209
122.02
122.359
121.238
120.08
119.715
117.234
120.306
117.584
118.525
118.324
117.951
120.519
120.358
121.381
121.885
122.328
120.32
117.394
116.2
118.014
119.317
121.936
120.264
116.371
114.665
115.611
116.416
117.536
116.079
114.818
116.273
115.697
115.93
119.269
119.287
119.74
117.617
116.736
116.671
118.168
116.83
119.051
119.557
120.822
120.93
120.597
118.688
119.117
118.299
116.18
118.401
117.12
116.631
117.103
119.815
121.197
123.316
123.436
122.216
121.433
120.164
120.486
119.877
120.456
123.103
121.612
118.454
118.085
118.734
120.155
121.001
122.271
