100.261
98.6131
100.535
100.591
98.3013
96.5466
94.2795
95.2326
95.4442
93.1908
94.2591
92.9826
91.8909
91.1242
89.0247
88.8413
89.43
90.429
89.0347
88.3979
87.3371
88.5846
87.1329
89.0255
90.5575
91.5948
91.8418
90.9142
89.2811
90.5843
88.8185
89.5482
91.6287
91.8668
91.9207
92.2765
92.7095
91.6967
90.7487
90.8979
90.4867
90.8989
91.0744
91.6995
90.4976
92.2279
91.4667
91.2192
92.812
93.6198
91.3363
91.6178
91.5869
91.7245
92.614
92.2979
93.3328
92.7381
96.2174
95.175
95.3035
97.4552
97.6235
98.0999
98.0035
96.3323
96.2641
94.3434
93.1577
93.8479
94.6897
95.2633
94.9763
93.8981
95.014
94.6803
94.5585
94.3952
94.7586
95.9707
97.1127
95.3582
98.9627
99.7049
99.0451
99.0317
98.8872
99.2997
96.1624
95.6037
95.0318
94.724
94.2354
96.0605
97.0603
97.299
99.9339
100.055
100.107
98.7958
97.1807
96.1985
94.4177
93.9153
93.9891
93.9579
93.4085
92.1157
91.3995
90.8135
90.5844
91.4628
89.4966
88.5124
87.3457
86.0587
86.6855
87.3753
85.9738
86.6624
86.5726
84.5107
84.9572
83.8753
84.9499
85.6278
86.6983
86.5164
84.571
82.4495
80.8093
82.2061
82.891
83.2978
83.3529
81.9123
82.3449
84.2204
88.4147
87.8913
89.7308
89.5587
91.7498
90.691
91.5104
90.3163
90.196
91.4203
89.1687
87.7593
89.0104
89.8358
91.5149
90.2163
91.8103
90.7732
91.9222
89.2409
88.605
90.0561
89.8894
88.045
87.0115
85.0837
84.8109
82.7681
83.0856
82.7319
82.8494
82.8223
84.23
84.4825
84.2909
84.9324
83.3862
82.2434
80.9734
79.8208
81.5482
82.3327
83.7864
84.5222
85.788
86.7424
87.0897
88.0249
86.6995
86.0472
86.722
86.0724
85.7378
86.4452
86.1517
87.134
85.7435
84.7083
86.8672
87.6219
86.878
84.2754
85.0794
84.552
85.5733
84.3706
83.7752
83.1532
81.3955
82.2207
82.329
82.6416
83.695
84.116
83.6669
85.8174
85.7553
85.4135
84.9256
85.493
84.7229
84.2063
84.7191
83.9567
84.4022
84.7239
84.3046
82.4142
83.6186
82.2342
81.7717
82.0589
82.5984
81.9148
80.4646
80.3172
78.8132
79.031
80.2799
80.384
79.6281
81.75
80.4172
82.0719
81.1693
80.6659
80.025
79.7365
79.2566
79.4045
77.9949
76.6083
78.6394
78.9971
78.0949
79.256
77.3659
77.9991
75.8839
76.3163
77.8091
78.2437
80.7673
82.5793
82.0447
81.7984
82.0963
83.073
82.5481
83.7369
82.8844
82.2397
84.1656
83.0607
81.6653
80.1357
79.7098
78.6197
79.346
79.3688
78.6069
78.3816
77.617
79.1439
79.8403
78.2953
77.1291
76.6058
76.0506
77.1405
78.205
80.9775
82.3157
80.5865
79.1423
80.851
81.563
81.1531
81.1283
82.0346
81.3516
82.1816
81.9321
81.2525
82.4524
84.4491
84.9484
83.94
84.4809
85.8406
85.8834
85.7527
84.7392
84.6086
84.318
84.1243
85.5111
85.6199
85.3783
86.4095
85.2112
86.8581
88.1144
86.214
87.4771
87.3009
86.1786
86.9299
87.2519
89.3409
89.1501
87.2207
86.7318
85.1396
85.8241
86.0286
86.1608
88.0396
89.5498
89.076
87.405
87.4331
85.6459
83.2343
84.7071
83.5058
83.7696
82.741
81.9251
81.136
81.8678
82.001
82.4098
81.6831
82.8167
81.6824
81.7347
80.7479
80.8255
83.1157
83.0982
83.1266
83.8193
86.5347
87.3686
87.3618
86.1925
86.5197
87.381
86.3659
86.3547
86.7526
86.6296
86.5515
86.0682
87.5623
85.7623
84.4638
85.147
83.7618
84.8837
84.492
84.2562
83.5432
84.1733
84.8662
86.7248
85.3215
84.4414
84.4634
85.9663
86.0198
85.6935
84.6688
85.1294
85.2541
84.5382
83.5212
83.7188
84.5246
82.9432
81.7977
82.0979
82.0757
82.0091
82.1708
83.4337
83.2217
85.3295
85.4969
86.8756
87.0851
87.5783
87.8801
89.2121
89.6993
90.2945
92.8155
92.7525
93.4126
92.5398
92.3109
93.6816
93.4801
92.893
91.9248
92.0583
91.579
89.8585
88.3112
89.2441
89.6544
89.6291
89.9534
90.8839
89.7699
90.1455
91.0088
91.5903
90.4888
89.7673
88.9396
88.1047
89.7833
89.9217
88.5332
87.1125
89.4751
87.8038
86.9557
87.5249
88.523
88.2466
88.4305
88.8505
88.3863
87.0447
86.5554
86.8568
85.0675
84.4791
83.8827
83.2975
82.5374
82.9393
82.6907
81.6636
80.9431
83.0404
82.8531
85.7378
85.3239
85.2146
86.2681
87.2363
88.5856
89.3027
87.7882
88.9412
89.5191
89.5644
90.9477
92.968
91.7588
93.48
95.9994
94.6294
93.9586
91.8407
91.9792
89.2799
88.5172
87.553
90.227
91.379
89.9568
89.5211
89.5226
89.9206
87.5612
87.7332
86.5607
85.7432
86.0766
85.2047
86.5479
84.9638
84.5581
84.6623
85.1109
84.8066
86.5224
85.0237
84.2144
82.9912
81.8727
80.2382
80.3355
80.8374
80.4126
82.7543
83.9866
83.322
84.3839
86.1718
86.699
86.9021
87.2339
87.8595
86.3797
86.4362
87.3978
87.2975
88.2703
88.9515
88.1644
90.4759
89.1318
89.8933
89.4615
87.0461
86.8186
85.2834
83.9395
84.651
83.9126
83.4549
83.2724
84.1789
83.0075
84.2482
82.6754
82.8055
83.6748
82.3464
80.8472
82.655
81.6933
83.0622
83.198
82.3778
82.4951
80.8835
81.9527
80.917
82.0164
84.1761
82.5755
80.8991
79.9076
80.4375
80.9554
81.0365
81.3266
80.5452
79.6478
79.4146
78.6226
78.1558
79.0109
80.1837
78.9548
79.4377
77.9813
77.0921
76.4519
76.4599
77.1035
77.4984
78.3023
80.4017
79.2816
78.2258
76.8887
77.3098
76.2948
77.123
77.4062
79.3813
80.221
80.0134
79.5162
