100.283
101.35
101.451
102.753
102.852
100.246
102.182
102.324
103.126
103.95
101.769
101.205
102.667
104.366
101.686
100.969
100.482
98.8928
97.6775
98.3861
97.1929
98.2139
97.4177
95.5356
95.9515
95.7254
96.0441
96.9327
93.6365
92.0222
93.93
93.6288
92.1698
92.204
91.4471
91.4594
92.1828
89.5944
91.6643
92.1686
93.3207
92.4324
92.8095
90.3018
92.2052
90.7268
89.8587
90.1866
89.0308
89.4009
89.0771
90.0307
88.7627
89.4036
89.5896
87.3238
86.1346
85.579
86.8881
87.2013
88.8895
89.2968
87.6483
88.7357
87.376
86.76
87.3695
87.1618
87.592
87.0543
85.3026
84.7844
85.0948
83.7901
83.5612
84.838
83.9663
82.6422
84.2823
84.5036
84.444
84.6208
84.0985
83.1389
82.7718
82.0195
82.7318
82.4737
83.3611
81.7554
80.9528
80.3957
80.9469
80.6795
80.3463
80.9811
80.6977
80.9607
82.5784
81.2942
80.3392
81.0015
80.8759
79.6158
81.7589
82.2567
82.5007
83.8919
86.1686
82.8914
83.515
83.3591
84.4125
84.5604
85.9496
84.1458
83.7206
82.9993
83.2059
82.1822
82.0114
82.7019
82.7421
84.3787
84.349
86.546
84.6299
84.7788
85.2531
84.2994
83.3099
82.6533
83.7796
84.8096
84.9141
86.0417
86.4842
88.1764
88.0297
88.1371
89.0183
88.3203
87.2852
84.6306
84.7654
84.4599
84.6069
85.7844
85.086
85.1983
83.4323
85.0716
84.7736
86.0311
86.7809
88.0896
88.1081
87.7394
89.6071
89.3836
89.5346
89.4747
91.3339
89.089
89.8167
90.4649
89.9801
89.4834
90.1179
91.1732
90.3385
89.3876
89.6601
89.0992
88.6047
89.6615
90.2541
91.3961
93.0268
91.8787
92.2939
94.0042
92.9079
93.0554
92.6941
91.3264
90.4921
89.971
91.0337
92.3509
91.3342
90.7612
88.9244
88.7615
89.3028
87.7584
87.5727
88.5666
89.3559
88.2719
89.2795
87.8996
86.8739
84.5966
83.9515
83.9131
82.7113
83.1679
82.0514
80.6802
81.4546
80.8892
80.0012
80.2466
80.1662
79.4733
80.7959
78.6613
80.3762
80.4691
80.1599
79.9059
80.5159
81.5854
81.8506
80.6665
82.9677
82.6085
82.5006
81.9661
82.6842
82.5902
82.1333
82.9684
82.473
82.1963
84.0688
83.0654
83.9592
83.3067
84.9629
86.3681
86.4766
84.9371
84.9449
84.8986
82.6081
82.6695
81.7675
83.2537
83.7222
83.4641
82.84
80.6132
81.7409
80.6391
81.3431
80.3353
79.1823
77.9854
77.6556
77.7317
76.4333
77.1042
75.8977
73.8377
74.5502
72.2155
72.9727
72.1522
70.5429
69.8324
69.781
68.7526
67.3072
67.5915
66.601
65.9193
65.9887
66.2324
65.9613
66.2017
66.5428
66.606
67.2314
66.4839
66.5553
69.2143
68.5847
69.1869
69.7695
69.2945
69.4719
68.9925
70.6017
69.3306
70.4257
70.1055
70.3526
71.0213
70.4854
68.5692
67.8904
68.4429
68.5163
68.8012
68.8133
67.2932
68.3839
68.4431
68.8707
68.0639
68.7693
68.456
68.7776
70.5027
71.0582
71.8587
71.2238
72.9784
72.0693
70.1214
69.5884
67.2241
67.5122
68.0982
67.3187
68.7233
68.9067
70.9066
70.9771
70.8666
69.9918
68.979
69.3802
69.9796
70.0761
69.3388
68.9521
69.2925
69.4541
69.7752
69.3821
68.8593
67.726
67.2596
67.6401
67.3527
69.2062
69.391
70.0041
70.2267
70.4809
69.128
70.5526
71.4675
71.3563
71.6075
70.7183
70.7024
70.3192
69.2991
69.1093
68.9378
68.9444
68.9405
69.9529
70.6807
70.4216
71.756
71.014
72.2819
72.8939
73.9623
72.4621
72.4159
72.336
72.1524
72.2676
72.7018
73.1337
74.4913
76.0307
75.4995
74.5175
74.7614
75.9965
77.3902
76.4341
74.9621
74.1347
75.0411
75.2243
74.3742
74.9879
73.6063
73.0847
72.8112
73.0026
72.0036
72.9192
72.4196
73.1892
72.3022
72.1759
70.5977
70.6391
70.9425
71.1074
70.7971
70.122
68.7351
69.5774
69.3312
68.4571
69.5272
70.1683
69.8788
68.8822
68.0113
68.8763
68.6568
67.5585
68.2764
67.5438
68.6635
68.2436
69.0217
69.0264
69.6211
68.5594
68.936
71.5519
71.1562
69.7055
70.8477
71.8317
71.2358
72.1028
72.3701
71.7178
71.6465
70.5807
71.6978
70.6503
68.6837
67.7267
67.8029
67.7715
68.4765
66.6101
66.1619
64.6359
64.6543
65.0935
64.801
62.8066
62.6061
62.7513
63.2826
64.5463
63.9881
63.9548
64.0922
63.5061
62.8053
63.099
62.5034
62.2065
62.4096
62.1998
61.6053
61.9243
61.9212
61.2926
60.7127
61.2742
60.898
60.4306
59.2634
58.34
57.8508
57.5861
57.3842
57.2406
55.6883
54.1645
54.3789
53.0501
52.308
52.6377
52.3447
52.9345
53.3447
53.0537
53.0086
53.4649
53.5529
52.7329
52.2588
51.4641
51.5197
49.8114
49.8223
50.173
49.8606
50.6408
50.4273
51.9397
52.3234
53.0342
52.5435
52.7246
52.2363
51.0133
51.0713
51.7963
50.6229
50.8847
50.9405
51.2549
51.2079
51.3215
51
51.1691
50.6426
50.9202
51.0928
50.7947
51.0552
50.8228
50.0793
50.6827
51.776
51.1223
51.3183
51.6008
51.5014
51.8796
52.2992
51.999
51.9386
52.8047
53.5817
54.0823
54.7951
54.159
54.6853
54.921
55.2266
55.4702
54.8976
56.203
56.7054
54.8165
54.7912
54.5211
54.3201
54.7343
55.1956
55.5709
56.1701
56.3429
57.9806
56.2882
57.2251
56.7914
56.5155
55.1061
55.7598
56.6869
56.1704
55.0201
54.6325
55.9093
56.8474
56.8734
55.7974
56.4048
56.6855
57.0826
56.8434
55.8719
55.7576
56.0993
55.1127
53.7286
53.3291
52.7672
53.279
53.0991
53.7839
52.8786
52.9946
53.1103
53.4754
52.6931
52.3545
51.9154
52.1931
