100.302
99.5773
101.503
102.394
98.8832
98.229
98.4404
101.844
101.081
98.6679
98.3871
97.8851
98.1365
98.1773
101.232
102.556
104.115
105.63
102.615
103.351
101.63
101.674
100.803
99.1095
97.9823
97.1804
96.3243
96.513
96.4959
95.7114
95.8705
95.9625
96.2469
96.1054
94.365
93.5323
93.3957
94.0429
92.1241
90.9315
91.7526
92.99
90.6734
90.7384
90.9607
90.4218
88.3376
86.8379
86.0215
85.4255
85.2881
84.9957
85.3415
83.4878
84.6044
84.5662
85.4517
86.1859
86.7781
86.2821
85.2817
84.4519
85.0363
84.8383
84.9787
85.8424
84.6953
84.2023
85.0255
84.0538
84.8953
85.4586
85.832
84.5085
88.4918
87.3645
88.9852
89.1165
90.1486
90.4658
89.4102
88.2968
86.7237
86.9768
85.9377
86.3007
85.0808
85.5053
83.6416
85.1619
84.7031
84.8313
85.4566
86.1753
88.0029
87.1395
87.5896
86.4672
88.24
84.985
85.74
86.1637
85.9555
84.6712
83.8652
84.9937
85.3325
85.6243
86.598
86.934
87.7388
88.7547
88.3792
88.5892
87.2476
86.6092
87.6035
85.5945
84.7062
85.2436
85.6663
87.5377
86.4346
85.0977
86.5326
86.1634
85.8602
84.7556
84.1907
84.8781
82.8896
83.4468
83.1905
83.3329
84.2304
84.8124
84.9795
84.285
83.9137
83.7719
82.8218
81.3081
79.6383
78.9305
78.7208
78.6331
79.3694
78.6241
78.9884
78.6621
77.9644
75.2346
74.5626
76.1253
76.6218
76.7358
76.1944
75.7093
77.6185
79.887
81.0938
80.9215
81.0993
82.3729
83.3514
83.9202
84.9572
84.6618
84.4433
83.069
80.6236
80.107
79.7678
81.4511
81.6247
83.5861
85.6139
85.7429
87.313
86.344
88.0985
88.2966
89.6027
88.4382
87.2508
86.2431
84.9951
84.4361
84.826
85.1937
85.8205
85.644
87.5509
88.1715
89.4534
88.5967
88.1278
87.3451
87.7178
90.1396
89.8287
88.0711
87.6849
87.8999
88.9207
89.0484
89.7957
90.4487
88.5605
87.797
88.9258
90.351
88.0255
87.6814
85.7537
87.6875
88.7519
85.3816
85.3376
86.5304
85.1088
84.8501
86.0076
85.7898
85.3526
83.9335
85.1713
85.7785
85.5036
85.5755
87.0455
88.5416
90.7941
90.3525
89.9506
91.2369
90.7396
89.9163
88.8653
89.4064
88.7726
89.0041
88.2283
88.9605
91.2844
91.7661
92.7335
93.1931
92.4917
93.0736
90.2242
89.931
91.3473
90.6137
89.5696
89.2329
91.1268
89.8799
89.6317
90.329
88.6059
88.2384
88.0155
87.3306
88.368
87.6739
88.3665
87.415
86.3994
85.5258
86.7408
87.1568
86.7875
86.42
88.5797
88.5024
88.3029
89.0406
90.1157
89.2628
90.3019
91.8955
93.1591
95.0071
97.8751
98.8435
100.273
100.227
98.9732
99.1575
97.632
99.1072
97.7574
97.8036
100.636
100.852
101.799
100.697
99.1916
100.937
102.644
100.558
101.878
101.747
103.755
102.794
102.29
101.764
101.911
101.527
101.626
102.097
103.514
104.085
104.744
105.214
105.032
105.891
104.057
104.6
104.046
105.138
104.341
105.749
105.11
103.322
100.931
100.909
99.7357
99.1964
97.8265
97.2374
95.8853
96.6063
96.6076
96.6615
96.6725
95.4037
94.7469
94.2496
96.9096
96.2628
96.9911
96.9261
96.3642
95.7818
96.4601
97.402
96.3686
95.8735
96.2224
99.0627
98.4436
97.6116
99.615
98.5853
98.5649
99.6337
101.602
102.539
101.011
102.441
100.942
99.9237
100.695
102.367
102.921
102.605
102.853
103.218
102.934
103.9
102.175
102.438
104.024
102.206
101.564
100.746
98.8565
96.9512
95.4736
95.7837
95.1907
95.6065
92.7247
94.035
96.7368
95.1476
95.2846
94.9535
95.2916
97.5359
97.9215
96.5024
96.9102
97.8645
98.3168
97.6679
98.2116
97.4459
97.1819
96.5707
96.413
96.842
96.5647
95.4363
93.5452
95.5512
94.7048
93.776
92.0959
92.4673
93.3182
93.2676
93.6975
94.408
95.4016
93.1154
94.7542
93.1668
92.9873
92.734
92.7637
92.3779
93.3646
94.2362
94.192
95.2766
95.7466
94.1787
92.6008
91.8752
91.4254
94.263
94.7527
95.4099
96.4144
95.0137
95.1416
95.1049
95.2606
95.1509
93.1813
94.1819
93.2832
91.5778
92.4101
93.2127
94.08
92.1896
93.3118
92.5518
92.5569
93.0232
93.9848
93.0602
93.9744
93.9544
94.842
94.4494
94.7345
94.4776
95.0197
93.9479
94.0531
95.7144
93.9184
94.0724
92.7433
92.7977
93.4357
93.9311
91.209
91.6748
91.5374
91.5003
92.996
91.7022
91.3175
91.032
88.6944
88.9939
88.0975
87.1085
86.1062
87.3444
89.1131
90.6908
90.2822
91.0588
92.1176
93.5017
96.0045
96.4727
97.3455
97.1519
94.1813
96.9119
98.0243
94.4905
92.4038
91.9435
92.7142
91.7437
90.4515
91.3497
92.6269
92.618
91.8543
92.4868
92.0448
91.3971
92.3738
92.5384
92.5089
90.7929
90.1869
88.8181
87.0016
88.1564
87.8083
87.7102
89.0205
88.56
86.8453
85.6559
85.5351
84.4167
85.975
86.0422
86.0546
87.1763
87.4537
86.669
87.0994
85.5191
84.6323
83.5981
84.8562
88.0217
87.0396
86.3996
85.7737
86.1774
83.4518
83.3852
82.7694
80.8895
79.1157
78.8484
79.5323
77.5144
79.2614
78.6757
77.6168
78.5282
79.5584
80.4272
76.3041
76.1008
75.1396
74.5283
73.3052
72.6782
73.4992
73.8598
75.515
75.7664
73.952
73.6224
73.3159
73.9597
73.138
74.2525
74.349
74.1944
74.3928
75.2031
76.9047
76.8934
77.8412
77.7923
77.052
77.1159
76.9173
78.8116
79.9348
80.3409
79.9527
80.2867
80.1066
80.9623
80.9893
79.3058
76.8232
76.4164
76.7806
75.718
75.1338
77.6419
