100.905
102.397
102.426
101.103
102.258
103.135
103.217
102.731
103.058
105.673
107.258
107.934
108.629
109.752
109.457
108.35
108.278
108.046
109.215
109.655
109.226
108.076
108.72
110.755
111.262
110.473
110.752
110.763
110.82
110.735
109.748
108.292
110.239
109.698
110.313
110.579
109.891
110.038
110.398
111.232
111.065
111.236
109.77
110.54
111.381
110.164
109.558
110.183
112.139
114.199
114.827
114.032
112.389
111.491
111.516
111.481
111.562
111.398
114.712
115.344
113.661
110.784
107.913
110.072
109.479
110.64
106.545
108.803
110.763
110.727
111.729
111.009
109.261
111.926
110.771
109.943
110.223
111.36
112.848
110.301
110.116
109.716
109.903
109.467
112.334
113.367
111.931
112.289
109.944
110.751
110.336
110.906
111.459
107.937
107.167
106.25
110.105
111.571
112.751
114.737
117.17
118.364
118.833
117.926
115.072
115.482
115.117
117.025
119.247
120.305
120.889
119.272
121.657
118.97
119.566
121.156
121.211
122.823
124.612
126.002
124.355
123.931
125.316
124.626
122.648
120.167
117.295
116.404
118.643
116.441
116.195
115.55
115.651
114.823
115.109
117.047
117.838
118.306
117.935
119.581
121.793
118.791
118.814
116.563
117.037
117.132
117.604
116.322
116.229
118.587
118.64
118.494
118.565
117.358
119.349
118.475
120.506
120.85
121.735
120.084
121.89
121.307
124.652
124.585
123.421
120.967
121.716
124.039
125.007
123.359
124.385
122.506
122.041
123.359
122.216
122.163
123.434
122.296
123.764
122.4
122.295
122.416
123.194
124.337
124.553
125.077
126.483
123.692
123.704
121.618
121.802
121.737
118.172
117.278
121.182
120.229
120.968
121.611
119.599
119.835
118.532
120.009
119.489
120.457
123.081
120.867
119.347
117.839
116.757
117.604
116.85
119.687
118.879
117.694
118.237
117.22
115.16
116.154
117.267
116.122
114.1
113.856
114.948
118.095
116.707
115.859
115.821
112.609
111.869
113.232
113.415
116.275
115.221
113.93
109.921
109.257
109.414
108.851
105.164
105.504
102.203
102.75
104.494
103.907
105.54
103.513
102.858
103.434
104.603
102.768
100.809
101.083
101.463
99.4388
99.5025
99.5896
99.9153
99.0178
101.936
101.104
102.096
101.104
102.674
103.757
102.606
101.949
101.08
102.44
104.314
104.365
105.717
102.999
103.164
103.67
103.275
103.946
102.835
102.319
106.77
107.024
105.273
105.648
105.589
104.419
103.756
102.004
103.72
102.759
101.802
102.196
103.228
100.274
100.683
99.9339
99.6109
99.2699
99.7665
97.6988
97.784
96.4991
96.8138
98.5976
100.421
101.948
101.574
100.378
99.7489
99.5905
98.0659
97.1595
93.8638
94.3373
92.4079
93.1748
93.1522
93.9893
90.9338
91.0294
90.2942
90.5479
91.6399
91.5861
91.5396
92.4915
92.5824
91.8194
90.8889
89.0413
88.5648
89.7426
89.526
89.9094
91.3724
91.1108
91.1732
92.774
92.3612
92.658
91.189
92.639
93.1015
92.4521
91.4411
91.9568
92.2498
94.2065
93.1274
92.3175
92.3387
91.757
89.281
89.6074
90.4672
90.6815
92.4857
92.4496
90.6802
89.1842
89.0544
89.2769
87.312
86.5153
86.4404
86.8934
87.408
86.6044
87.7551
87.7443
84.7845
84.7812
83.6669
83.8986
83.7307
86.1601
82.7031
83.29
84.7606
84.4594
83.1356
81.0257
80.4191
79.0961
80.0302
79.7423
79.4012
80.2807
79.7018
79.7031
80.8815
80.7382
81.9005
81.1932
81.6139
81.728
81.3176
81.3024
82.4867
83.7906
84.1525
84.8788
84.4355
83.6402
83.9542
82.3735
82.8574
83.3082
82.9242
84.2153
85.6067
84.903
85.5055
88.1153
87.0092
87.9026
89.4526
89.3073
87.1792
88.3816
89.3794
89.5782
89.2435
88.226
89.0993
89.909
91.4312
93.4707
92.955
93.796
93.1303
93.0547
92.5656
92.5381
93.3189
93.0594
93.0984
93.9249
95.7879
94.6979
94.9544
95.6316
92.7389
94.0667
92.8854
91.8847
93.6873
93.5949
96.3628
97.7386
98.569
98.4406
99.4559
97.1043
97.471
97.3724
98.5592
99.0678
101.195
99.9045
100.014
100.022
98.991
97.9079
98.3855
98.0696
98.5965
97.3332
98.0047
98.965
100.357
100.138
100.46
99.1257
100.572
101.904
103.482
103.624
103.682
104.472
103.94
105.162
105.413
103.99
104.659
103.876
102.299
102.914
102.355
100.2
97.3346
97.934
95.9426
96.8087
95.4608
97.407
95.9671
95.5539
95.567
95.4155
93.5199
93.3155
93.9041
94.4906
95.3958
93.6971
91.7627
92.34
92.9513
93.0595
92.2452
92.0632
90.7013
90.9524
91.3429
91.2075
91.0662
91.8971
91.7463
93.7798
94.2479
95.3098
96.2413
96.4091
96.6125
94.8823
94.7811
94.4254
94.1205
95.2105
96.22
96.4615
95.8156
94.5237
93.268
95.9683
94.7342
95.7121
95.2979
95.8064
97.4343
96.672
97.8963
98.9284
99.0444
99.7627
101.583
102.749
103.663
102.392
101.793
100.619
101.333
99.952
99.0808
98.595
100.444
102.579
104.148
103.347
103.013
103.737
103.157
103.649
104.116
104.34
104.604
104.859
105.588
103.986
105.565
104.361
104.593
103.687
103.757
102.315
101.351
100.802
102.373
103.1
103.81
103.743
102.608
103.065
103.528
102.069
101.665
100.926
101.86
103.136
101.684
100.729
101.94
101.833
102.618
102.775
105.579
105.294
107.314
106.334
105.365
101.051
