99.4714
99.9189
100.256
99.9726
99.3307
98.9134
99.583
100.309
98.7274
99.0871
100.42
98.576
96.2523
94.78
93.4105
94.1751
94.1696
91.6839
91.9045
91.0418
92.68
93.7908
96.8315
97.128
99.5329
100.829
100.351
99.558
98.4298
98.206
96.8077
97.6026
98.6263
100.245
100.864
100.601
101.928
101.756
100.461
101.603
100.374
98.3135
96.5533
96.3477
94.8739
94.5432
94.0218
92.2853
91.9319
92.2778
91.2334
93.3523
95.0675
94.9567
96.0986
97.174
98.5963
98.6418
99.0702
99.2756
98.6039
97.1441
97.5888
98.0476
98.7786
98.6428
100.584
101.639
103.6
106.455
105.51
107.337
107.634
110.936
111.368
113.31
115.458
115.961
117.365
119.131
120.11
117.551
118.533
119.735
122.376
121.1
121.573
123.427
124.263
125.25
126.149
126.325
129.205
127.444
126.111
125.788
121.711
123.317
123.968
123.346
123.112
126.147
122.922
122.088
124.57
122.239
122.468
122.666
121.311
123.148
124.624
128.2
127.371
125.624
124.997
126.435
128.141
128.485
129.676
131.527
133.872
132.528
130.851
128.864
131.055
129.362
127.136
126.775
128.625
129.777
130.777
131.482
127.23
124.251
126.518
126.716
126.681
129.215
128.582
126.744
128.375
129.684
129.161
129.24
129.616
129.843
133.434
133.005
130.705
131.802
131.464
133.61
132.086
131.515
130.908
131.326
130.788
128.578
127.203
125.856
125.322
122.329
122.441
123.085
122.925
125.402
123.907
122.518
123.985
123.701
120.852
120.508
120.915
119.706
121.361
118.914
117.68
117.196
116.987
118.184
117.281
119.679
122.528
121.396
120.915
117.463
117.827
120.048
120.252
120.834
119.695
121.09
121.356
122.362
121.627
123.247
123.986
123.439
122.849
121.952
122.309
121.703
122.24
120.886
122.836
122.227
124.354
123.511
121.236
120.897
122.796
123.932
124.724
122.691
123.866
123.047
121.929
124.056
122.834
124.507
125.719
124.979
124.228
125.054
124.981
126.07
125.948
125.781
126.552
126.877
125.084
125.325
127.915
128.732
128.551
129.699
131.122
132.398
131.899
133.8
138.466
139.291
141.057
139.826
137.967
138.589
135.836
133.877
137.098
136.538
137.255
137.753
138.547
136.743
134.815
134.567
133.963
133.161
133.452
134.189
132.711
131.346
130.54
129.803
130.73
130.011
128.748
130.049
132.234
133.676
132.341
132.451
133.123
132.264
134.149
134.246
134.037
136.471
137.514
133.768
134.701
134.994
130.339
131.472
133.56
132.289
132.943
131.095
130.617
128.967
126.154
127.862
128.769
129.272
127.319
128.632
129.304
130.784
130.923
133.203
136.517
135.336
140.191
136.436
136.837
137.529
136.963
138.857
144.064
142.036
144.667
148.779
151.946
152.519
149.151
148.777
148.992
148.861
146.926
148.444
148.44
148.29
147.611
149.732
149.448
150.122
149.388
150.04
149.83
151.166
148.417
145.451
143.326
143.488
141.58
144.369
144.844
146.016
145.662
149.95
148.463
149.811
149.723
147.938
145.678
145.736
143.467
145.944
145.412
146.47
146.449
143.504
145.822
144.589
143.956
142.482
143.019
141.394
145.734
146.778
146.833
149.108
149.305
145.902
146.426
146.907
145.551
145.622
148.206
147.978
148.615
149.164
147.651
147.261
144.845
143.931
143.887
143.659
142.954
142.941
142.504
144.393
141.322
144.221
147.766
150.043
152.726
151.18
152.238
150.489
149.137
148.082
148.988
146.225
150.196
151.54
151.279
147.673
148.771
151.152
149.691
150.118
150.011
151.236
150.617
151.008
151.051
150.351
152.309
151.497
149.47
149.582
147.138
147.469
145.986
146.414
145.947
143.871
143.197
144.899
146.195
146.411
143.564
142.787
139.985
138.715
135.988
135.929
137.343
138.195
139.211
139.297
138.262
139.313
139.115
139.295
143.238
142.414
146.234
148.995
151.084
147.551
146.358
145.35
143.674
144.92
144.186
143.333
146.238
143.732
142.437
140.468
139.881
144.328
145.89
145.772
145.223
144.83
144.635
148.121
149.119
147.38
145.913
141.914
142.172
142.482
138.698
137.372
139.4
139.109
142.094
141.601
141.368
139.671
140.527
139.761
139.732
140.357
141.223
141.901
144.151
147.593
148.565
145.269
144.299
142.931
142.13
138.718
138.045
136.583
137.198
137.697
138.59
138.233
138.978
138.303
136.781
134.936
135.797
133.516
131.115
131.609
131.497
133.487
131.989
131.004
134.897
136.948
135.635
136.442
138.083
139.081
138.356
134.3
137.239
136.806
138.014
135.401
137.925
137.477
136.366
136.453
136.221
137.394
135.146
133.024
134.117
134.282
137.369
139.562
138.563
141.031
143.484
144.447
147.419
148.982
150.67
151.135
152.674
154.221
153.857
150.601
150.821
148.853
150.691
149.224
150.92
150.87
153.617
156.268
156.554
161.505
160.668
159.303
158.956
158.612
161.453
161.743
161.685
160.706
165.056
163.237
167.807
164.712
165.003
167.329
166.523
166.661
162.821
163.353
163.837
164.879
162.849
163.038
165.648
166.508
166.127
167.939
167.616
166.779
167.153
168.066
169.129
170.798
171.366
171.523
171.157
170.83
170.295
168.823
169.581
169.383
171.583
168.638
165.744
164.65
160.468
158.661
160.807
160.354
