101.405
102.165
102.841
102.977
102.199
102.903
102.97
104.123
104.8
105.55
104.242
105.407
104.986
102.748
101.759
102.345
102.025
101.751
102.46
101.287
100.163
98.6999
98.1729
96.7302
96.5133
95.8559
96.7794
98.3268
98.6245
98.9124
100.045
100.357
101.5
103.506
103.956
106.778
104.804
104.52
104.584
105.268
106.874
106.53
106.619
104.547
103.825
103.918
105.096
105.122
104.521
104.332
104.408
106.734
108.12
107.68
105.637
103.718
102.047
102.219
101.082
103.511
102.989
103.306
102.956
103.12
101.109
100.938
101.758
101.469
102.08
102.68
101.606
101.517
103.346
104.334
103.616
105.533
104.746
104.751
107.157
109.406
108.54
107.004
107.339
108.657
108.932
107.441
109.198
109.258
107.466
106.013
107.325
106.998
109.434
110.746
112.09
111.432
110.491
113.074
111.804
111.237
111.053
111.266
113.123
113.053
112.202
110.986
110.158
110.005
109.159
111.094
111.095
111.016
110.599
110.462
111.219
111.186
112.099
112.172
115.007
114.751
115.787
113.759
114.135
114.625
114.754
114.762
112.191
112.535
113.858
116.647
116.362
114.698
114.744
114.3
114.384
113.282
113.202
111.676
110.732
109.183
110.908
111.224
109.415
110.957
111.319
111.288
111.389
110.711
114.279
113.138
112.074
108.338
107.878
107.921
109.58
112.323
112.394
111.609
112.529
113.222
109.918
110.559
109.592
111.754
108.885
109.777
111.43
110.401
108.794
109.695
109.548
110.118
105.095
104.818
105.161
104.464
104.832
106.754
106.773
108.703
107.611
107.747
107.611
108.281
109.935
107.001
109.314
108.912
107.616
109.359
111.232
111.607
110.21
108.989
105.526
105.34
106.45
104.977
106.303
108.059
109.92
111.341
111.353
112.452
112.631
113.142
112.589
114.139
113.839
114.894
117.174
117.554
116.981
118.115
118.783
117.892
118.585
119.499
120.324
117.728
118.518
117.646
117.351
115.573
115.849
115.571
113.992
114.923
116.71
116.745
118.95
119.768
117.798
117.32
114.207
113.352
113.997
114.981
116.565
114.255
115.716
116.502
119.768
122.18
121.807
123.814
123.658
122.293
120.912
118.663
120.571
120.039
121.068
118.048
117.228
117.603
119.309
119.833
119.275
116.542
117.67
117.697
115.763
117.172
116.986
115.813
115.799
114.728
116.287
114.963
114.349
113.299
111.987
113.421
113.504
111.941
112.485
114.118
114.216
114.548
113.445
112.977
113.59
115.292
115.193
114.845
115.45
115.513
117.466
115.612
115.712
115.77
116.933
115.504
118.191
116.228
115.227
116.316
116.228
117.008
119.613
117.658
118.681
118.519
115.624
112.111
114.409
113.694
113.303
113.512
116.39
118.485
118.987
120.11
120.243
117.395
117.405
115.331
115.07
115.702
114.439
114.561
114.283
116.791
117.645
117.784
118.292
120.225
117.808
116.052
114.589
115.977
114.501
114.055
117.743
119.585
119.311
115.964
115.104
114.725
114.561
115.156
118.145
116.917
115.92
114.733
115.702
115.014
114.374
113.979
113.53
113.052
111.407
110.467
109.948
111.136
110.877
112.568
109.651
111.118
110.286
110.813
110.463
107.229
107.033
106.93
106.482
106.98
106.466
107.951
107.047
106.578
107.874
110.767
110.071
108.121
109.873
106.095
105.769
105.704
105.186
105.337
104.14
102.896
105.175
105.043
105.639
104.784
105.315
105.851
104.102
102.382
103.831
105.386
103.575
101.947
98.9536
99.982
101.624
101.743
102.325
104.434
104.768
104.816
103.848
104.095
102.939
100.282
99.0162
96.9994
96.9897
98.042
98.5816
98.5416
97.8478
98.9682
100.01
100.505
101.58
102.987
102.21
101.705
102.726
104.237
104.625
103.477
103.135
105.642
105.075
105.582
107.546
107.203
108.872
109.086
109.997
110.038
110.56
109.99
110.821
113.018
113.117
114.127
115.131
114.846
113.603
113.363
113.414
113.698
114.638
114.828
114.423
114.742
111.925
112.91
113.044
113.965
117.777
114.742
113.523
110.177
107.995
110.875
111.085
111.636
110.887
113.062
112.69
113.347
113.632
112.965
113.309
116.068
117.048
114.819
114.541
114.705
115.455
115.969
115.205
116.011
115.547
115.413
114.227
115.43
115.443
113.847
114.905
114.341
114.63
117.48
117.897
120.555
120.387
118.709
119.906
118.232
120.721
122.643
124.765
128.422
131.37
130.703
130.722
130.58
129.385
129.752
127.959
128.054
125.334
128.087
127.053
129.374
129.934
127.777
127.514
128.571
129.548
129.744
132.663
133.093
131.989
131.686
131.498
130.684
131.519
132.227
133.706
132.22
132.157
131.075
129.515
129.286
130.129
127.413
125.368
125.366
125.908
124.433
122.538
123.262
125.105
123.691
123.351
123.029
121.418
120.539
119.525
118.271
120.024
119.036
119.764
120.239
119.265
116.76
120.494
120.21
121.38
121.868
122.257
121.411
119.613
119.184
119.66
118.738
119.612
121.706
120.727
120.975
124.54
121.59
121.385
122.574
122.539
123.361
127.24
129.61
131.535
129.558
129.614
127.281
126.847
125.82
125.296
126.372
124.505
124.909
124.277
127.196
129.198
130.52
128.159
124.291
124.107
126.71
127.162
128.077
126.019
127.808
127.389
131.012
