98.6563
96.5212
98.2791
100.418
98.564
97.7106
97.3674
95.8992
95.4977
94.8743
94.0858
97.2071
97.1453
96.5644
95.2769
95.0808
95.0418
94.7471
94.155
95.1737
95.4494
96.2176
96.3852
97.7058
99.1112
98.2695
98.8227
100.222
101.661
102.811
104.429
104.086
101.816
100.67
100.684
99.2311
99.4771
99.7748
98.4625
98.2828
98.1352
95.774
97.0765
98.4664
100.086
101.336
102.192
103.556
102.585
102.723
103.73
104.645
104.975
105.175
102.931
102.528
103.43
104.252
102.898
102.474
102.709
103.373
102.002
102.508
104.819
104.326
102.214
99.3919
99.1954
97.7958
99.3889
99.0062
98.1567
98.106
97.181
95.2529
97.9834
98.9124
102.273
104.501
105.448
104.362
104.712
104.792
104.558
104.932
105.365
105.784
107.732
108.106
106.009
105.215
105.746
106.779
107.837
107.826
110.23
108.433
109.818
109.746
108.157
111.835
109.852
109.522
110.38
112.818
113.691
114.879
112.724
112.404
114.095
117.073
117.739
117.738
118.044
118.452
121.105
118.438
117.083
116.461
115.082
113.781
113.717
111.807
112.011
111.632
111.753
111.97
109.874
109.518
110.814
114.148
114.836
114.171
112.473
114.247
113.404
113.696
111.884
110.707
112.617
113.654
114.87
115.248
115.772
116.467
116.905
115.556
117.252
118.693
118.059
120.431
120.399
118.734
120.943
122.066
123.496
123.616
124.285
125.472
125.537
124.148
125.981
127.004
128.573
127.436
128.646
127.939
128.136
128.567
129.769
133.311
132.522
132.111
131.306
129.5
128.208
125.675
123.837
122.155
124.861
125.639
122.785
121.535
124.201
123.94
126.371
125.534
127.395
126.064
127.952
128.545
127.543
130.689
130.237
128.025
125.67
125.325
124.408
125.609
131.04
134.273
133.753
133.9
131.606
131.997
131.094
132.259
131.996
134.817
135.326
135.85
134.139
132.941
132.421
133.871
134.914
131.426
130.095
130.4
126.153
125.484
125.486
126.795
125.988
123.62
123.062
121.835
121.65
121.482
120.987
118.541
118.109
118.967
119.395
121.166
121.987
122.838
122.152
121.371
121.053
121.717
120.975
120.756
120.501
120.335
121.378
121.839
121.048
121.894
120.851
123.87
124.043
123.222
124.527
123.93
124.397
123.399
121.446
120.526
115.921
117.31
115.15
115.834
115.401
117.652
117.321
116.991
115.525
113.437
112.344
112.302
112.297
113.507
115.896
115.002
112.467
112.389
110.642
108.775
107.796
107.965
108.5
108.669
108.275
109.51
112.674
113.707
113.56
109.433
109.205
107.474
104.549
104.158
102.727
103.18
102.442
102.592
102.726
101.824
99.4209
99.5233
98.3454
99.0188
98.5896
98.6708
100.794
100.793
99.9868
100.419
101.861
103.178
104.434
105.336
105.518
106.134
105.979
105.157
105.454
107.025
108.962
108.199
108.671
110.916
111.231
110.964
111.091
108.964
111.338
110.379
109.438
108.81
110.5
110.149
111.179
111.914
109.195
107.05
105.53
105.135
104.613
104.767
106.245
105.692
105.791
107.36
108.269
108.791
105.553
105.056
104.833
103.227
102.606
103.209
102.718
104.457
103.657
103.456
103.465
103.898
104.105
103.168
103.283
104.104
105.973
104.877
105.937
106.125
107.646
106.02
106.599
105.746
106.095
105.03
105.804
104.34
104.497
105.087
103.762
104.065
105.203
106.283
105.964
109.1
109.255
109.714
109.244
108.819
110.164
108.83
108.361
110.193
108.792
107.983
107.037
107.128
106.242
106.353
103.98
106.364
107.111
107.435
105.487
103.023
103.251
103.572
104.232
101.325
102.015
100.813
104.44
103.549
101.836
101.04
98.3194
99.9685
99.4046
102.768
101.944
101.611
101.14
100.078
101.491
102.079
104.593
104.791
102.028
100.843
100.55
100.773
100.995
98.9252
97.9293
98.259
99.6302
99.4293
99.2462
97.6189
97.8812
97.6394
95.3217
93.5483
92.1654
93.3858
93.5565
92.5427
92.2843
92.9825
93.9188
94.5443
91.6416
91.8175
90.8659
93.5399
94.0323
94.4875
94.1706
94.9629
94.9859
95.5957
95.9128
96.3084
96.7529
96.7408
95.9076
96.4217
94.9553
93.9606
95.1188
95.699
95.3356
95.5148
95.555
94.2919
92.6818
93.3125
94.7662
93.4952
92.6561
92.948
94.0277
91.9567
91.1125
90.511
89.5486
88.2703
90.0747
89.0025
89.4489
90.1844
88.557
87.8882
88.5573
88.8688
89.698
91.0263
90.9467
92.4462
91.016
90.706
89.8663
90.6719
89.1059
88.6567
88.2761
89.3274
90.4749
92.19
91.5735
91.2342
91.2908
90.8411
92.0404
93.757
93.1617
96.5733
98.5683
99.024
97.0761
96.4276
97.2052
99.0071
98.97
98.1362
96.5261
99.0294
99.6667
100.138
100.695
99.8534
98.2639
99.1063
100.541
103.503
103.401
104.096
103.763
103.647
102.89
101.672
103.133
102.391
102.166
101.966
100.629
101.157
101.984
101.229
102.809
101.624
102.939
102.932
103.828
104.092
105.432
104.065
104.455
107.846
106.982
107.108
106.842
107.548
106.987
105.584
105.419
101.797
102.19
104.91
103.209
102.137
102.309
101.398
99.8936
100.491
101.518
100.729
99.9164
97.1153
98.5697
97.8557
99.1404
100.406
101.116
101.26
101.027
99.219
99.9471
99.2851
99.3044
98.9277
99.9436
101.757
102.549
101.794
101.553
101.257
101.555
101.749
101.571
102.504
