99.5553
98.6672
100.841
101.822
102.597
102.539
101.665
100.662
99.6937
98.7605
99.9533
99.7638
98.4199
97.4869
96.4711
97.0932
96.975
99.9351
99.5302
100.532
100.462
100.205
101.64
103.018
104.695
105.985
105.769
106.268
106.638
107.141
105.72
105.567
104.944
104.319
104.825
105.318
102.464
104.695
104.859
103.176
104.863
104.203
105.132
106.107
105.103
102.187
101.079
97.9617
98.1162
96.7138
96.1502
93.8015
93.2179
93.7045
93.1746
93.9365
94.2916
92.8369
93.5415
94.091
93.3664
95.2005
94.152
94.3023
95.3725
95.6473
95.3774
96.6367
97.3565
96.4719
97.5138
98.8606
99.5001
97.079
98.7017
100.119
103.907
104.63
103.019
103.157
102.423
100.238
100.079
100.37
100.602
97.4438
97.6554
98.0786
99.5337
100.09
101.413
103.026
103.637
103.707
103.49
103.255
103.564
102.25
100.164
101.107
100.783
101.691
98.1772
98.3623
99.6273
97.8873
97.1623
98.0109
97.9942
96.6716
95.2614
95.9944
97.8627
98.4563
95.8859
96.3246
95.8132
94.2472
95.0276
91.8158
89.7113
89.119
88.2785
89.8374
92.2679
92.5121
92.54
90.4574
89.7622
90.0121
91.7995
93.5253
93.0214
92.6976
92.5335
90.4522
89.8359
91.1292
90.104
91.5854
93.9502
94.8278
95.1289
93.3177
93.4976
93.7481
92.8199
93.3756
95.113
96.7802
96.6748
95.2413
95.9732
96.9707
95.1811
96.0431
95.0809
94.4046
93.6247
94.4975
95.8907
95.9194
94.1115
95.2207
96.1358
95.5473
92.7468
91.5191
91.8623
91.4402
94.0672
94.2921
94.8474
94.7733
94.8951
94.8892
92.6338
92.7643
92.1936
92.3295
93.2567
94.0525
93.5743
92.2107
92.8796
92.4423
93.1065
92.8425
93.1719
93.3684
94.2455
94.9915
93.212
93.4088
91.9463
93.8383
94.6676
96.5268
96.6462
95.6284
93.9089
92.7476
95.8389
95.5201
94.1057
93.2625
92.8799
92.7286
91.5917
91.6041
90.6962
91.3701
92.5775
91.258
89.3844
88.7781
88.2088
88.4883
88.363
88.3127
89.4365
89.5234
87.8609
85.0577
82.5303
81.5999
79.606
80.5776
81.826
80.9956
79.6531
79.6985
80.3871
81.2597
82.8766
82.2376
80.829
81.8766
81.7826
82.2487
83.1262
84.2586
85.2664
84.0101
84.4594
84.1636
83.9414
84.8642
85.1464
85.799
84.4239
84.8913
85.695
86.7608
86.5306
86.5361
87.4336
87.47
88.9391
90.7246
92.2703
91.2814
92.2411
92.752
92.9897
92.944
91.3373
91.4763
92.9825
94.8854
95.3581
94.7233
94.4293
94.6975
95.4575
95.4495
93.4716
92.6841
94.0001
94.2873
94.1882
94.2162
92.8526
94.3224
91.7297
91.4173
92.1704
92.8936
91.628
94.0173
96.2835
97.4887
97.9919
98.244
99.4784
99.3214
97.8217
96.5108
97.7276
97.7908
97.3397
97.0411
96.2508
97.5602
98.3433
97.822
99.2782
101.091
101.544
101.771
100.843
99.9552
101.52
100.778
100.19
100.689
100.864
100.449
100.943
100.451
100.659
98.0744
98.6643
99.1898
100.864
100.912
100.33
100.826
100.361
100.852
102.772
103.761
102.787
104.397
104.992
104.384
106.589
108.451
108.563
106.825
107.264
105.593
107.809
109.247
109.524
108.301
106.156
105.727
104.144
101.783
102.641
100.943
99.4044
97.4369
97.0957
96.7483
95.9331
97.096
96.3106
95.8127
94.7065
94.4791
94.4748
93.6631
92.0395
91.8589
90.0854
91.7404
92.1751
92.5515
94.1117
92.5295
93.5982
93.8245
94.0543
94.2256
94.5091
92.9174
92.9755
92.5891
93.0319
92.0156
92.481
92.4497
94.6264
95.3196
95.5979
95.9038
96.1965
96.6369
96.3305
96.6991
96.9272
95.9663
97.5061
98.1529
98.9646
99.0335
98.0687
97.5079
96.5759
94.4636
94.8593
93.6931
95.2721
97.0204
95.0316
96.1577
94.8628
94.6843
95.5427
95.9888
95.4472
96.2518
96.8385
97.6332
95.2209
96.5358
96.5209
98.0174
97.3414
96.2141
97.1791
99.7375
100.687
101.38
101.262
102.099
102.064
100.726
101.269
102.116
102.087
102.552
106.011
103.434
103.506
105.349
106.314
105.337
104.139
104.446
104.031
105.815
106.92
106.883
106.279
107.819
104.946
104.809
103.591
101.499
103.35
106.308
105.53
105.027
103.935
101.543
101.487
101.828
103.443
104.449
106.052
105.252
104.854
104.181
105.382
106.929
103.945
104.91
102.054
101.497
101.197
102.894
102.402
102.883
103.004
102.985
105.022
107.203
107.405
106.608
105.707
104.667
102.945
105.112
106.445
105.343
105.044
103.722
104.038
104.855
103.903
107.193
106.878
107.326
107.153
107.905
108.576
108.986
106.162
107.891
109.009
110.343
110.651
112.03
111.077
111.45
110.504
109.735
110.859
108.699
105.223
103.546
102.319
102.544
101.309
101.379
99.8181
101.452
101.907
104.672
102.233
102.356
102.858
103.435
101.257
101.649
103.434
103.806
105.578
106.144
107.556
105.992
106.604
103.973
102.69
99.6554
100.901
102.636
102.624
99.6583
98.4227
99.2922
99.8522
99.8155
98.1993
97.469
99.3413
99.1387
101.345
101.125
100.648
101.166
102.619
103.413
103.146
103.131
103.092
103.479
104.753
103.187
102.684
102.328
100.487
101.83
101.887
99.3879
97.0797
94.3389
95.2233
94.8166
95.3794
98.3173
99.4522
97.2446
97.3043
96.6364
95.8223
95.4792
95.5584
96.7343
95.5233
94.9097
94.064
96.8735
98.0229
94.9558
96.5317
94.4927
93.8
91.8484
92.4039
91.8427
92.9841
91.6143
91.6318
91.8498
90.8906
92.9105
