102.13
100.844
99.2714
99.6658
99.7907
99.5371
101.23
101.47
101.56
101.629
101.957
101.135
100.559
98.8322
98.9857
99.7043
98.0199
95.4757
94.1321
93.7542
92.3599
93.0602
94.2071
92.0002
92.6584
92.4901
91.239
89.9342
90.0316
88.1819
88.452
90.5177
93.0647
92.219
92.0445
91.3336
91.5356
89.2464
87.9012
88.4878
87.6272
87.0416
86.9204
87.7107
87.2722
87.4611
87.4969
89.4189
90.7805
90.5911
89.6434
92.1298
89.9239
89.1921
89.156
88.4626
89.3056
88.2946
88.1781
89.0083
89.5031
91.6457
89.9886
90.4523
90.0792
90.8471
91.8693
92.6121
93.0297
93.0693
93.6841
95.8442
96.6057
96.6729
95.277
97.004
97.7088
96.5692
97.5327
96.5232
96.4322
93.5751
94.8163
97.4083
94.5759
93.6807
92.9297
92.8989
92.0431
91.8207
92.3648
92.6459
93.1436
92.6596
93.4701
92.6814
92.2102
91.157
91.1233
90.6023
90.5963
90.6286
89.5007
88.7023
90.1873
90.7452
88.5496
87.2961
85.6295
86.0811
85.974
85.8756
86.9279
88.5032
88.8431
88.2586
91.0367
89.2824
87.9958
85.6021
84.4761
86.0309
87.0122
85.7719
86.4012
87.5362
87.4157
87.7641
87.7074
87.2013
86.2549
85.2623
83.4138
83.6149
81.7468
84.0321
84.0231
83.3732
84.0756
83.2463
83.0837
84.323
84.8542
84.1256
81.8671
82.1021
82.5471
80.5432
81.7219
83.0397
81.7118
84.4829
85.4028
86.2096
85.723
86.8126
88.4442
87.6032
87.2827
86.7446
87.4933
86.9425
88.9738
89.7977
91.5203
90.8599
90.4781
92.2467
92.3188
92.7779
95.6209
95.2076
94.6289
98.1481
98.8024
98.383
97.8527
98.3538
97.9883
99.1347
99.6991
100.759
99.5796
99.5828
100.613
98.4435
98.4381
98.1309
100.493
101.411
103.858
105.156
103.741
106.148
106.219
105.8
104.82
105.062
105.816
106.262
106.321
109.692
111.105
110.671
110.038
108.455
108.993
107.885
109.541
111.091
111.305
111.291
112.152
111.453
110.902
112.268
111.128
111.834
111.237
109
109.563
110.193
107.461
107.734
108.967
107.659
108.014
109.026
106.013
105.137
104.514
105.34
103.782
102.527
103.117
101.779
102.307
102.607
102.439
103.09
103.643
102.143
102.39
103.225
102.612
103.039
104.466
106.968
108.61
108.98
108.691
107.47
105.122
106.852
107.882
108.796
108.189
107.877
106.031
106.542
103.892
106.055
106.232
105.896
106.174
106.288
105.981
105.826
105.606
105.053
106.178
107.877
106.246
104.118
104.176
103.401
102.723
101.546
98.5585
98.77
100.109
100.074
99.7377
101.902
101.914
104.495
105.164
105.167
106.544
106.212
106.893
108.275
109.567
112.771
111.757
111.92
112.468
112.014
110.011
109.388
111.421
111.523
113.717
113.16
113.125
114.33
113.259
113.745
115.718
115.102
115.558
115.479
119.144
118.626
120.259
121.903
119.14
119.334
118.773
120.903
120.52
120.988
119.102
119.671
119.421
119.924
121.678
121.277
117.934
117.275
117.393
117.283
117.019
117.03
118.155
118.875
120.968
120.904
122.673
121.857
122.85
121.052
121.332
121.57
123.411
124
124.322
124.501
126.556
124.649
124.814
123.847
123.93
124.817
120.902
120.998
117.72
118.297
118.979
117.354
117.412
118.4
118.747
119.981
118.332
122.783
122.068
122.31
122.416
123.491
122.998
123.896
124.696
125.263
123.871
122.64
123.697
124.724
122.751
122.615
119.509
120.736
122.735
122.351
120.359
118.003
116.992
116.692
117.421
119.86
121.26
119.479
119.837
120.947
118.991
117.202
117.424
117.92
115.637
116.367
115.031
116.405
120.275
122.568
123.833
123.763
121.51
121.062
125.763
127.235
127.261
125.512
125.472
124.816
123.133
122.442
120.6
119.064
119.125
119.615
120.856
121.147
118.784
118.383
118.586
120.199
121.024
121.47
123.028
123.546
124.305
125.59
126.752
124.183
126.671
125.249
127.442
129.459
130.459
131.68
130.784
129.199
128.107
128.019
129.174
130.635
129.917
129.16
128.126
130.367
131.521
131.666
132.704
132.248
134.697
134.474
130.964
130.862
130.112
131.843
132.861
132.775
131.519
129.226
130.116
128.936
127.757
128.264
127.596
129.466
128.093
129.288
131.923
131.045
129.718
130.043
132.257
130.82
129.052
126.8
126.031
126.765
128.194
126.771
127.456
130.013
131.246
130.833
128.25
128.208
126.714
128.46
129.839
128.998
126.597
128.037
127.884
127.25
128.765
128.569
126.966
129.359
128.952
129.869
128.775
132.322
133.913
135.398
136.125
135.592
133.298
130.939
129.807
130.952
133.378
135.914
131.949
130.815
131.42
131.389
131.243
134.493
135.856
135.321
133.977
135.15
135.461
132.682
132.63
133.478
131.616
131.106
131.642
128.249
128.74
126.9
124.404
123.247
121.409
120.847
118.725
118.71
119.289
118.1
117.968
120.18
121.176
127.496
127.084
129.076
129.455
130.654
130.102
128.607
131.201
131.506
129.175
130.586
129.843
132.461
130.554
129.623
128.248
126.534
127.238
127.364
128.627
130.899
129.332
125.776
129.334
128.975
131.881
132.163
131.321
132.259
131.462
127.645
130.929
132.706
133.505
134.778
136.432
133.636
130.55
129.576
127.749
128.569
128.276
128.378
128.136
129.074
128.559
125.833
124.027
121.157
120.105
118.385
118.149
116.866
