100.881
98.9751
98.0792
99.7258
97.6434
97.1574
96.9605
96.2598
98.1852
98.1979
100.784
101.414
101.446
101.416
101.08
100.213
100.307
100.866
99.3415
101.666
100.137
98.9398
98.7261
96.9036
95.9512
95.2061
94.3419
94.4624
95.5843
95.0763
96.5557
97.5713
96.7404
98.0636
95.7671
95.9697
96.5418
95.7941
97.5257
99.5128
98.1921
100.208
102.018
99.8235
100.499
99.7041
99.5772
97.9029
99.3537
99.813
98.1929
99.2876
99.7682
99.2959
99.6894
101.907
102.559
101.392
102.302
99.878
97.1742
95.9042
93.139
93.8976
96.6455
95.4796
94.1551
96.8411
96.4354
97.7745
98.3169
100.688
100.698
101.461
102.878
102.677
100.884
100.054
98.307
97.4269
96.9354
98.7558
101.2
101.332
101.722
101.307
101.738
103.577
104.754
102.355
103.887
104.605
104.101
104.47
104.9
104.794
106.242
107.108
107.085
105.929
105.191
105.53
105.273
105.715
105.919
106.4
107.978
109.197
109.914
108.725
109.914
111.878
113.556
113.475
114.255
114.795
115.631
114.078
112.141
112.627
110.89
109.893
108.777
109.826
112.216
115.93
117.185
119.42
118.456
116.568
116.647
115.907
118.888
119.852
119.614
118.221
116.477
118.505
118.693
119.106
117.992
118.245
119.118
119.333
118.678
119.668
118.881
120.485
120.1
118.924
117.702
118.859
115.235
117.22
116.806
116.15
117.988
116.912
115.337
116.39
117.445
120.012
120.081
116.935
120.013
117.827
119.064
116.949
115.968
116.039
114.672
113.71
114.681
115.695
115.703
113.588
111.714
110.667
111.829
110.737
109.819
109.102
110.484
106.899
106.55
106.617
108.124
107.572
107.22
106.209
109.929
110.346
109.923
110.744
110.578
108.38
108.517
107.606
107.219
104.772
104.769
105.894
107.867
107.868
108.638
108.327
109.117
109.583
109.884
110.663
111.065
114.188
113.378
111.304
112.629
111.398
111.06
110.909
109.179
109.151
108.032
108.409
109.584
106.595
108.554
108.22
108.517
108.099
107.131
105.982
106.171
106.032
106.152
107.432
107.672
109.742
109.923
110.611
111.563
112.383
112.969
111.958
112.494
111.327
113.679
114.886
115.119
111.708
110.485
110.046
110.191
110.293
111.59
110.067
111.05
111.314
112.918
111.799
111.856
112.697
112.359
113.031
114.222
114.117
112.136
112.075
112.469
113.204
112.338
110.494
111.843
111.858
114.622
115.245
112.518
111.266
112.099
111.953
111.148
110.995
112.024
112.253
112.148
111.358
112.106
111.043
112.309
111.93
110.623
109.655
110.036
109.191
108.852
108.28
108.91
110.814
109.319
107.991
107.123
107.22
106.435
105.597
106.368
105.777
105.607
105.589
104.193
104.303
103.959
104.36
102.943
101.87
103.348
102.716
102.523
102.452
103.562
102.562
104.048
106.326
108.184
111.988
112.811
115.979
116.566
118.098
116.17
115.119
117.014
116.554
117.071
115.021
116.064
117.029
117.716
115.279
115.592
116.834
118.422
118.192
119.587
115.917
116.711
118.72
116.163
112.832
111.615
112.125
114.475
115.716
117.246
115.817
116.797
115.739
116.81
116.588
117.558
118.951
116.73
116.049
119.661
118.54
119.353
118.659
121.029
121.888
121.508
121.245
121.696
121.246
121.706
121.944
122.345
123.889
125.138
125.743
125.475
124.23
124.621
123.149
124.056
122.101
124.157
124.117
121.012
117.778
118.29
117.461
119.47
120.761
119.298
118.236
116.626
117.128
117.457
118.701
116.489
119.338
121.232
118.917
119.321
118.875
118.903
120.535
119.704
119.228
118.84
118.37
118.129
117.723
117.574
117.226
117.021
117.016
119.99
122.491
120.551
119.295
119.869
119.418
117.933
115.796
115.715
113.657
113.557
112.29
108.212
110.035
109.175
109.318
109.827
108.264
107.755
106.944
107.307
107.226
106.251
106.447
107.065
108.008
107.232
106.163
106.435
106.468
106.578
106.037
104.021
104.506
104.425
105.269
103.692
104.83
102.261
101.879
103.638
103.505
102.738
101.189
102.073
101.503
101.171
101.64
100.387
99.7578
100.228
100.947
100.455
98.8788
97.2337
95.0771
95.394
95.1264
93.8227
92.3758
95.1313
95.4065
94.8859
94.9644
94.6346
94.0176
92.4372
92.0295
90.6318
90.8169
91.5131
93.758
94.8828
93.3251
93.1463
93.6688
94.6601
96.9521
98.7385
100.545
98.8224
97.1241
97.5845
97.5413
95.6877
95.3477
96.5048
97.047
97.1176
96.4562
95.4488
94.756
96.1237
95.7856
96.0877
95.4769
97.635
99.4555
102.035
101.789
100.993
98.976
102.069
101.16
99.354
99.2938
97.6832
98.3791
96.2788
95.0913
94.5147
95.0188
96.053
96.1897
96.3324
97.5995
97.3031
96.0115
99.342
101.731
100.425
99.2056
98.6874
99.6982
98.945
97.0998
100.744
101.982
101.088
101.524
101.6
103.441
102.534
101.595
100.555
101.795
104.015
102.548
103.104
103.951
104.551
104.87
105.086
103.231
103.012
101.48
100.152
98.4078
97.7718
96.7323
97.6826
97.524
97.3949
98.5294
98.2565
96.4999
94.6653
93.6636
92.2825
93.129
91.0998
92.0497
92.5942
90.84
90.3875
91.9574
93.1267
93.4587
92.2908
92.4574
90.0543
89.3958
87.5348
86.6225
85.7659
84.9809
84.7078
85.0021
86.1138
86.1985
85.9745
87.571
88.0567
86.6751
87.7234
87.8051
