99.5587
98.7967
97.685
100.321
100.215
97.6846
96.4117
96.554
96.7519
96.918
96.9666
96.2862
96.1576
95.1731
94.6369
95.7291
95.6864
95.6458
95.2481
94.6485
93.894
94.5948
94.2355
93.4242
97.6255
98.9074
98.6393
99.9325
99.649
99.3621
98.1629
97.2474
97.3598
97.7791
97.6181
98.2258
99.906
101.318
102.554
100.854
104.162
105.069
107.756
107.981
110.096
110.43
109.258
109.142
108.888
108.756
110.041
112.541
112.454
112.395
111.727
111.525
108.386
109.84
108.218
107.097
106.163
104.08
102.719
99.4879
99.7353
97.0907
97.8591
96.9766
97.4034
99.5095
101.513
102.476
102.871
103.007
102.301
102.123
101.617
101.418
100.928
102.834
102.444
101.771
103.462
103.632
101.992
103.032
103.81
103.183
101.844
99.6457
98.9789
99.398
99.3664
97.9858
96.8446
96.038
94.4344
95.694
95.8143
96.247
96.2945
96.158
95.0215
95.6715
98.5415
98.5057
97.783
97.241
97.7623
100.057
101.464
100.448
102.327
101.53
100.597
98.9148
99.4415
99.7732
100.05
100.629
100.358
101.224
101.795
102.354
103.702
105.787
106.223
108.431
109.619
111.143
110.845
110.671
107.388
107.442
109.673
111.195
113.925
114.887
112.501
111.513
110.839
109.766
110.321
108.203
108.221
107.788
107.913
107.965
108.893
109.345
108.129
109.48
109.555
106.955
106.588
107.749
105.95
105.239
105.403
105.256
103.509
104.317
102.054
102.192
99.0798
99.873
99.9155
101.575
101.088
100.851
101.134
101.567
100.405
100.891
99.9865
99.8643
99.3329
99.9928
100.797
97.786
97.4723
100.018
99.4558
100.487
101.016
100.255
100.411
100.907
102.892
104.096
105.07
106.926
105.204
106.724
107.381
106.693
108.006
106.416
106.052
106.1
106.526
105.235
105.854
105.584
106.76
108.946
109.262
108.472
106.482
105.528
103.881
104.23
104.144
104.673
106.677
106.428
105.79
107.159
108.538
106.944
107.074
106.466
106.154
106.062
106.084
105.998
107.405
107.742
104.93
104.231
105.612
103.157
103.109
103.024
104.495
104.212
104.432
106.589
107.248
107.366
108.353
107.587
107.228
107.266
105.963
107.556
106.354
108.303
108.063
111.72
113.156
113.564
115.749
115.896
117.803
116.858
117.877
116.942
118.175
118.591
120.108
120.445
119.724
120.186
121.196
119.367
120.822
124.986
126.947
127.555
130.105
130.217
128.266
129.595
129.422
130.701
131.379
131.179
131.137
132.067
128.984
130.983
131.858
132.249
135.947
134.954
133.976
133.33
133.047
135.262
133.148
136.261
138.224
136.027
135.396
134.072
135.862
135.052
134.222
135.094
131.614
131.298
133.109
133.139
131.458
130.849
134.374
134.848
135.188
134.766
134.661
135.239
137.734
138.517
138.396
137.827
138.662
137.177
136.118
135.855
134.63
131.807
129.916
128.747
129.58
132.406
130.951
132.594
131.402
129.231
129.212
127.919
128.663
131.353
130.231
130.309
132.922
132.906
133.116
132.805
134.837
132.456
134.508
135.107
133.959
133.793
134.41
134.877
134.983
135.395
136.763
138.058
135.426
135.336
135.576
137.714
137.761
140.167
139.16
135.969
136.691
134.34
133.152
131.755
130.424
132.037
128.629
130.108
130.591
131.962
130.049
130.322
130.456
131.285
131.403
130.799
132.074
131.352
135.081
136.777
137.609
136.378
135.388
135.643
133.243
131.798
133.325
135.978
131.969
133.621
134.457
134.845
134.115
131.845
132.077
132.423
134.201
132.453
132.625
133.5
134.279
133.087
129.826
130.488
130.884
127.996
127.623
128.783
129.861
129.181
126.676
127.331
126.849
127.053
130.581
133.634
132.284
130.387
129.983
127.688
127.401
124.078
120.228
121.416
124.231
125.67
128.185
125.97
126.947
126.21
125.57
124.632
125.678
124.519
119.698
121.808
122.24
118.369
119.044
119.413
120.143
120.985
120.852
120.296
121.335
123.405
124.281
123.695
120.592
119.958
121.58
124.238
122.416
122.3
122.4
122.022
121.551
120.436
121.092
120.07
122.745
124.66
126.641
127.801
128.29
128.665
127.617
127.192
126.863
124.954
124.315
125.145
124.06
123.473
123.637
121.687
121.954
124.213
124.759
123.422
122.08
121.641
121.384
122.304
122.919
124.217
120.306
120.699
123.866
123.227
122.215
121.383
121.14
123.471
120.932
120.024
119.851
122.914
123.99
127.335
128.391
129.384
133.492
132.274
133.39
133.242
134.888
132.76
134.462
133.295
134.365
132.77
131.938
130.598
129.88
130.111
131.805
132.433
131.086
131.603
129.839
130.325
129.212
131.254
133.742
132.77
132.705
134.081
135.186
133.606
134.758
135.416
136.179
137.925
141.022
143.586
143.206
141.75
140.263
139.731
138.715
142.987
146.169
147.288
148.72
149.547
148.977
148.575
145.322
143.907
143.623
143.114
139.193
139.191
140.009
140.972
144.386
143.766
143.414
143.97
144.476
142.21
143.487
145.052
149.057
145.265
143.676
141.467
140.015
137.703
135.535
135.038
133.654
135.833
134.893
132.146
127.686
128.804
130.754
131.018
131.707
131.55
131.811
131.797
131.851
132.209
130.876
130.854
131.321
130.058
132.782
134.571
136.278
135.614
133.219
129.527
131.152
131.577
128.827
128.879
