99.8087
98.041
101.989
99.8663
101.436
102.33
101.232
99.5525
99.8586
101.845
102.788
102.546
104.551
104.036
101.602
103.161
102.728
100.841
103.727
104.281
106.136
106.24
108.572
107.701
109.409
105.788
105.835
105.034
105.021
107.193
107.762
109.816
109.993
111.227
110.727
116.146
115.02
116.114
115.001
116.036
116.794
117.078
113.339
112.319
109.854
112.125
109.648
113.127
111.977
111.639
112.943
112.604
113.816
113.196
110.372
109.871
110.682
110.061
110.557
110.157
112.174
113.011
112.436
111.035
112.425
114.116
112.245
110.984
111.733
110.8
111.572
110.585
110.174
110.624
111.275
109.922
107.634
108.235
108.758
108.993
109.834
108.896
107.151
106.614
109.156
110.623
112.374
113.378
112.67
112.903
113.142
112.852
116.35
115.376
115.539
114.446
118.324
116.571
117.225
119.283
119.837
120.726
122.34
123.766
122.658
124.753
125.674
125.818
124.881
123.958
123.194
124.852
126.208
125.767
127.662
129.291
127.083
129.475
133.135
131.624
129.193
132.039
133.812
132.967
130.113
131.476
129.139
130.919
128.278
124.879
123.896
124.186
124.401
124.979
123.166
124.609
123.838
124.69
124.792
125.087
124.713
123.554
124.204
123.517
122.35
121.44
123.043
119.833
120.596
121.285
121.147
122.209
123.722
127.236
125.115
125.33
124.197
125.133
128.82
130.249
129.721
130.783
128.862
126.926
123.322
123.774
124.248
121.334
119.862
119.561
118.23
116.484
115.879
114.84
114.678
113.872
112.557
111.989
111.607
112.899
111.98
113.354
115.179
114.257
114.695
114.411
114.144
114.909
113.335
110.915
110.477
111.266
110.162
112.193
112.536
112.882
115.028
116.707
115.741
114.44
114.518
115.123
112.993
111.831
113.602
111.831
111.432
112.975
115.16
116.001
114.835
114.674
114.408
116.205
115.333
116.341
115.26
116.501
117.553
117.639
119.928
117.614
117.747
120.286
120.412
121.329
122.852
123.917
122.171
120.936
118.51
116.377
115.81
117.177
117.592
117.622
118.466
118.084
117.34
116.216
117.037
115.309
115.972
116.121
117.794
118.626
119.207
122.263
122.275
122.23
121.927
124.65
124.634
123.163
122.999
122.706
121.542
121.424
121.556
117.42
118.103
117.189
115.776
117.575
117.582
116.913
118.301
117.001
118.206
116.731
117.963
119.209
120.074
117.864
117.246
118.807
117.927
117.641
118.89
117.933
119.663
117.965
118.647
118.094
119.029
119.162
119.53
117.93
119.1
120.615
123.381
119.803
121.415
120.795
119.619
118.031
117.901
116.918
119.922
116.815
115.526
117.153
116.789
118.051
117.817
118.52
119.052
118.017
116.679
115.373
115.989
115.275
115.746
113.41
111.494
111.588
112.678
108.426
106.388
106.863
109.06
109.933
109.232
111.994
111.963
114.54
112.715
115.655
112.991
115.251
112.014
111.774
111.156
110.502
112.751
113.367
115.34
114.372
111.632
114.294
113.775
113.513
112.752
113.532
113.171
114.207
114.696
117.271
117.521
120.305
119.931
120.058
118.669
118.64
117.81
117.514
115.831
114.642
113.461
112.187
111.951
112.671
112.367
110.534
110.413
111.632
110.742
111.823
113.532
113.608
114.503
113.298
114.806
114.391
113.73
114.964
113.843
114.012
113.97
114.981
117.888
118.909
119.954
119.373
121.149
122.079
122.753
123.681
123.032
124.226
122.84
122.454
123.128
120.589
122.955
121.521
120.019
117.174
116.033
116.132
115.551
118.919
118.555
120.233
119.048
116.779
119.869
120.511
119.474
120.587
121.346
121.606
119.619
119.102
119.836
119.862
120.984
121.53
118.186
116.547
117.194
116.337
117.482
117.9
117.438
117.388
118.627
120.922
123.03
122.534
121.501
122.5
122.38
121.485
122.831
123.04
122.528
122.158
123.864
123.031
122.513
123.006
122.076
121.307
122.227
121.928
120.694
123.732
121.602
121.111
117.861
119.327
119.416
119.967
119.718
121.484
119.55
119.556
120.141
118.485
118.83
119.181
119.339
117.065
119.623
120.395
122.225
122.644
124.728
125.651
127.951
128.653
127.684
127.364
128.718
128.946
128.668
128.811
132.357
131.532
134.099
132.842
133.375
135.935
136.868
138.237
138.056
137.714
139.843
139.046
138.021
137.137
136.205
135.544
137.446
134.797
136.287
136.346
135.377
134.32
133.955
133.724
135.865
137.962
142.331
145.343
144.084
144.855
144.469
145.827
144.37
143.785
146.027
145.351
143.837
143.076
140.218
141.22
144.768
142.028
141.35
142.937
145.924
142.838
143.731
143.8
142.867
145.714
145.538
144.405
142.396
141.043
141.326
142.845
143.127
141.87
144.308
143.653
146.629
147.93
147.365
145.122
145.549
147.924
146.109
144.461
145.553
147.574
147.373
149.63
149.623
148.76
146.67
148.928
149.005
149.881
150.205
151.588
153.092
151.882
152.276
153.824
153.512
151.693
149.471
149.322
150.646
150.971
154.478
155.323
154.365
154.525
152.262
157.174
156.766
156.69
157.301
156.852
153.838
149.084
149.942
149.475
148.048
149.981
149.679
148.067
144.865
147.83
146.391
145.222
144.967
143.521
144.588
141.066
139.107
138.528
136.703
135.099
134.138
135.898
