100.063
99.8279
99.6699
99.6583
97.4553
98.5015
96.5052
96.513
96.4917
95.8474
94.8441
95.4869
95.3985
95.7409
93.0666
93.0157
94.1158
93.4979
94.1824
94.3641
93.1151
93.3564
93.7127
93.5453
93.9152
93.6299
93.9006
93.2558
94.3089
93.5022
93.3701
94.2727
93.1288
91.4353
91.2215
93.0114
94.786
96.2225
97.9514
96.9636
96.0237
94.7817
94.9878
94.5798
96.0015
96.6205
95.7406
96.0126
96.8022
97.598
97.3535
98.9029
100.093
102.501
104.174
104.498
102.208
102.877
100.657
99.7062
99.7959
98.194
98.6855
98.0146
97.7549
96.7992
97.8522
94.8149
94.3055
94.9493
92.7262
93.5041
93.5636
94.9302
95.2166
96.1263
97.6336
96.6632
95.6242
95.6743
95.627
98.0176
96.3173
95.7393
95.3018
93.0898
93.3926
93.5648
94.5905
95.681
95.3168
96.2134
95.8015
94.6402
94.304
92.9203
92.441
91.488
92.1588
92.2465
90.021
91.0482
92.2812
93.021
93.51
91.5775
91.3545
92.9057
90.839
91.1077
90.3382
91.6283
91.8857
92.9747
91.9689
92.6113
91.4145
90.9169
91.3703
91.5664
92.3681
92.9349
92.8694
94.9189
94.7337
94.1507
96.5266
96.718
97.0323
97.3888
96.1326
94.8586
93.8537
93.4109
94.7333
95.3283
94.8993
94.82
94.1712
95.0244
95.8489
97.7887
96.3132
97.3441
98.6654
96.9266
98.7182
98.3163
99.7488
98.86
98.1718
96.8452
98.2426
101.106
100.102
99.7404
97.9132
96.981
97.2462
97.1726
96.6161
96.2514
93.977
92.513
93.1785
94.0138
93.202
93.2292
93.3171
93.6714
94.6359
94.1162
94.2286
96.8755
96.0916
94.6912
94.2942
95.2982
95.5728
96.5001
96.9989
98.2418
97.6344
97.429
95.7184
93.7886
93.0253
93.4457
94.5234
94.6346
93.663
94.1485
96.3102
97.861
96.2341
96.4269
94.4658
91.671
92.0276
91.1973
91.1233
91.4299
90.9955
90.4173
90.8606
91.6786
92.045
91.7823
90.6802
91.4245
92.0863
91.7763
92.8618
92.1778
91.8053
95.5746
96.6641
94.1168
95.4263
94.5017
94.3873
93.1586
95.4143
98.3104
99.1062
96.9744
94.9157
95.2263
94.2883
93.2406
93.9807
93.669
93.2009
92.3425
92.7473
93.674
93.1024
92.825
92.9941
93.1222
94.1691
95.3
95.3222
95.4228
94.091
97.5164
95.8439
98.7271
97.1078
97.4917
97.944
97.4371
97.918
98.9941
100.631
101.236
102.037
101.701
101.844
103.047
102.141
101.088
100.455
98.4655
98.1271
96.8616
94.1511
94.7626
95.4991
97.4649
97.5826
97.7306
98.9387
97.5346
97.8928
97.8734
97.4215
97.7753
97.8683
95.7989
97.1749
97.7596
95.0825
96.5317
97.9634
97.6989
97.7534
97.7025
96.4595
97.0558
99.1134
98.049
99.6173
96.2838
97.5362
97.1857
97.8769
98.8583
98.7456
98.9624
99.3217
101.035
102.947
101.355
103.872
103.474
104.252
108.024
107.839
107.206
105.812
106.975
107.041
107.945
109.388
106.864
105.14
107.369
107.401
105.749
104.397
101.692
101.802
98.233
99.8759
98.9843
97.9849
96.8843
96.8429
96.4762
94.7466
95.625
95.7675
94.5629
94.5687
93.696
93.0584
89.9089
88.8314
88.2528
87.1686
87.706
88.4976
89.4927
90.7847
90.7469
90.8258
91.4713
91.2133
91.6883
92.2956
91.5496
89.1724
90.9558
91.4374
92.0726
89.1104
89.4081
91.2472
92.8499
92.269
94.0003
93.0419
92.7558
91.6999
91.8128
91.6364
91.2695
91.8429
91.2193
92.3038
91.6833
91.1878
91.8404
91.7543
90.872
89.1621
86.3114
85.6413
84.5882
83.3851
82.038
82.8259
82.2607
82.8197
86.3371
86.0414
86.5943
85.8699
87.289
86.8142
87.2881
86.7036
86.8644
85.3099
85.725
86.6221
85.5665
84.5384
85.3525
86.2313
86.7214
85.788
86.4375
86.4957
87.7974
86.7443
84.8606
84.7292
83.239
82.9469
81.0136
82.2267
79.5542
80.2279
78.7531
78.8856
79.8316
79.1303
79.3863
77.9923
77.6492
76.3483
73.9851
72.1885
71.1719
70.9415
70.7185
71.6266
70.8895
70.5897
70.3151
70.7046
71.0872
71.3061
71.9807
71.4206
72.9057
74.4065
75.4171
74.6671
75.5394
76.0852
77.0906
77.5269
77.8698
76.9399
76.5912
76.3145
75.308
76.5165
74.9757
73.8136
75.024
74.6293
73.4715
72.2554
72.1674
71.1577
72.5347
71.5156
71.4919
71.1834
71.8946
71.6824
71.651
72.3784
72.1562
72.6161
73.9932
73.3239
73.0402
72.1317
73.0913
73.0682
71.7739
73.305
73.1017
74.104
75.9631
75.766
76.1171
76.052
77.7448
77.9774
79.154
76.7601
78.5702
77.9861
78.5575
77.4947
78.328
77.6138
77.0906
76.9295
76.4555
76.3951
75.2769
74.476
73.8706
75.0818
74.5871
72.8896
74.4074
73.7495
73.3053
73.5815
73.0572
73.2495
72.3709
70.8088
69.1632
69.6663
70.7097
70.4604
70.6256
69.4504
69.9949
70.7718
69.93
69.4942
71.1312
71.1396
70.4138
70.4758
70.0704
68.9021
67.803
66.8955
66.0909
64.4011
64.518
63.0624
63.0134
62.8883
61.6891
61.4406
62.1138
61.5383
61.9524
62.2362
61.2581
59.0269
59.6612
61.0192
60.5833
59.6661
58.7391
58.9153
60.1997
60.9145
61.6679
60.2722
59.3561
59.1559
58.5922
59.1047
57.2763
57.5157
58.7205
57.1969
57.5779
56.193
55.8743
56.4393
55.766
55.2327
55.1235
55.1376
56.1944
56.7273
55.7402
55.3205
55.3173
54.5578
54.3354
54.0889
53.6018
53.6462
54.4977
52.8484
53.0273
52.6665
53.0932
52.4605
53.8373
53.5719
54.336
54.5337
52.0485
51.841
51.6867
52.2708
53.2491
54.3257
54.8913
55.096
55.4818
54.4408
54.558
