100.54
102.198
101.109
100.822
100.764
99.8726
98.9533
98.4239
97.4779
97.5358
98.2084
96.0097
94.9907
94.4172
94.4672
96.0491
96.6346
97.6077
98.6861
99.0151
98.3591
99.2284
97.2303
98.2863
96.2574
97.0894
95.4274
97.0033
97.8024
97.862
96.9217
98.1948
99.8941
102.515
102.638
101.508
101.014
101.373
101.73
101.326
102.905
102.302
102.644
101.901
101.281
101.759
101.863
102.198
99.808
101.072
102.294
100.689
100.946
98.9416
97.3425
97.7996
100.401
102.311
102.963
103.395
101.109
103.382
103.498
102.297
103.879
104.858
103.31
103.57
101.375
100.895
102.674
100.906
99.3176
101.191
99.6448
100.771
101.154
101.387
100.86
101.166
100.687
102.272
101.547
102.608
103.868
102.829
101.732
102.44
101.827
103.42
103.963
104.767
104.898
104.955
108.494
109.741
111.423
113.894
112.248
109.232
111.652
111.917
112.407
113.112
113.243
115.337
116.677
118.331
116.789
115.788
114.882
113.821
112.536
113.55
114.82
113.379
114.628
113.479
113.283
111.951
110.655
110.403
110.603
109.729
107.042
103.293
102.115
102.773
101.825
100.435
99.5167
101.567
103.136
102.606
101.804
102.713
101.574
99.6729
101.971
103.834
105.002
106.126
106.828
108.212
106.148
108.099
107.46
107.869
107.941
108.961
108.132
106.677
106.249
105.997
107.887
104.541
104.11
104.744
106.179
108.161
106.864
107.395
106.68
109.979
109.933
108.811
109.159
109.054
108.315
106.513
107.441
105.098
106.885
105.524
104.377
105.256
108.001
108.518
109.644
110.757
107.254
107.913
107.771
106.619
107.909
106.021
102.538
101.566
100.983
100.454
99.0272
98.1695
97.6315
97.3407
97.8109
97.8984
100.528
101.054
101.104
100.908
100.529
101.078
100.713
102.643
101.708
101.725
102.726
101.409
101.437
102.546
102.089
102.98
104.386
104.992
104.417
104.092
101.925
103.13
103.103
100.294
101.344
100.951
100.274
101.229
101.585
102.356
100.784
101.124
100.84
102.386
101.993
102.849
104.079
103.768
103.784
102.177
100.905
100.933
99.8958
98.5705
99.3786
98.7348
96.6327
96.7477
95.8874
98.6244
95.2176
95.2563
95.0637
94.9015
93.9202
92.862
94.1182
95.537
96.5707
96.3234
98.4071
97.8416
96.3972
96.8083
96.3363
98.5983
96.948
96.6586
98.1064
97.2193
96.5237
97.2204
97.671
96.57
96.7873
97.1189
97.8632
98.3317
97.4919
96.3632
97.0352
95.7863
94.2046
93.0909
92.1763
91.8656
92.4452
93.3496
91.6625
90.2362
90.3919
91.2348
91.3621
91.3192
89.9917
88.9629
89.3087
90.7123
91.6769
91.9773
91.323
92.1661
89.1766
90.2608
91.7058
89.7801
86.5189
85.7681
86.2516
86.7318
85.5732
86.0861
85.7861
85.2026
83.2037
82.2444
82.7631
83.0975
82.3232
82.0752
82.4806
81.9043
82.5081
82.0679
83.5445
83.7945
85.6234
87.9071
87.2282
88.5499
87.708
88.8482
89.7134
88.9104
87.9545
87.3164
87.2165
86.9694
87.3232
86.2362
87.3361
86.7842
88.2379
89.0119
89.2748
90.4408
91.2822
90.949
89.9801
90.136
90.4475
91.691
91.8042
92.6654
94.7697
97.2943
96.8106
94.5069
93.7846
92.1176
91.6222
91.4588
90.2966
89.0616
88.1582
88.1551
88.6622
86.8074
86.5168
86.3941
85.9451
86.1025
86.0397
85.1387
86.0414
84.2927
84.6514
83.2887
82.5539
81.8543
82.5287
82.1598
81.3781
81.3391
81.9804
81.7323
81.3432
81.1454
81.8712
81.3201
80.2789
80.1003
79.2331
80.3339
79.185
78.0128
76.344
75.9421
77.3417
77.0041
74.7239
74.5798
74.0808
74.2028
72.7385
74.288
75.3522
74.9833
74.5887
74.3181
74.4336
73.3739
73.8872
75.267
74.3399
73.5076
73.7319
72.9845
72.0892
74.3464
74.6374
74.7124
75.5439
74.3431
74.5934
73.8827
74.1964
72.2767
71.7529
69.6069
70.6654
68.85
69.7429
69.3709
70.1489
69.1437
70.4309
69.3629
69.877
70.7862
70.2987
69.4575
69.1138
69.4499
68.9343
68.8244
69.926
70.2213
69.5505
68.4548
69.5667
69.2287
70.635
70.0116
70.9352
71.1743
71.5511
72.1716
73.2214
74.6112
76.0291
78.7953
78.3206
77.539
77.1149
77.4689
77.0758
76.7301
77.5223
77.612
77.1565
77.523
76.0154
78.194
79.227
79.4172
79.1106
78.7882
77.9609
77.9267
77.5751
77.1479
76.6784
77.1591
78.0498
77.2807
75.0998
74.3883
73.615
73.2866
73.1556
74.6973
74.8275
76.2138
75.7246
74.7551
73.8757
73.7813
72.4648
73.1361
72.134
71.5779
73.1518
72.2151
70.7158
71.7864
71.7249
72.3987
72.6012
72.1293
70.0327
68.6225
67.3057
67.8735
67.2484
66.1691
67.4326
68.4356
68.2419
66.7464
66.2353
66.5701
67.0499
66.2466
66.1887
65.1149
65.4919
65.804
65.3855
64.6387
64.8337
65.4923
65.3312
65.8771
65.9145
66.4109
65.1419
65.0324
64.4016
66.4071
67.0752
67.275
66.8477
67.1439
66.529
65.8146
65.6297
65.6393
66.2865
66.6236
66.5013
66.6278
66.3045
65.3908
65.0204
65.3154
64.1335
63.1299
61.5526
62.4961
62.2004
62.082
62.6146
61.372
60.0394
61.2467
62.2072
63.2978
63.0911
63.0281
64.2073
63.6296
63.1575
62.771
61.7984
62.7123
62.7023
62.9301
62.0382
61.2203
61.7649
62.6986
62.1834
62.9041
62.3928
62.5811
61.9316
62.4221
62.5937
62.6621
61.6432
62.2983
61.5066
61.202
62.4081
61.7295
61.7044
62.1916
61.09
60.2929
61.3337
62.0249
61.9314
61.4942
