99.1103
101.219
99.1959
98.3754
99.0883
99.6201
101.091
101.398
100.886
101.138
101.454
100.543
97.4631
98.3672
98.9377
97.1609
97.1015
97.0899
95.3629
94.0823
94.6478
95.2231
96.368
94.0593
94.7651
96.6739
97.4048
98.1087
99.0927
101.143
102.265
103.102
103.044
103.275
102.388
102.532
103.281
103.127
104.322
102.367
102.015
103.63
100.735
100.255
100.264
101.186
102.487
100.813
99.6091
99.8195
101.031
101.38
102.775
102.03
101.352
101.46
102.138
101.398
101.354
98.7826
98.7113
98.0024
98.0333
98.0202
99.2453
100.536
99.7512
97.5381
98.627
98.3214
98.4275
96.5066
95.5621
97.4057
95.2038
95.2153
96.0871
96.4994
96.2231
93.8342
95.7696
95.5808
97.0276
98.2471
97.1166
96.8768
95.1441
95.6956
95.5686
94.4618
95.6847
95.0685
95.3676
94.6017
93.8976
95.1336
95.8477
95.5235
95.4951
94.5519
94.5578
96.5775
94.9754
95.9716
96.8592
98.231
97.1253
95.5834
97.1921
95.8631
96.3294
97.2758
98.0834
101.513
102.752
102.39
100.435
98.9507
98.3061
95.7207
95.2267
94.5112
94.9751
96.1332
96.1051
95.2104
96.2103
95.0708
96.8062
95.2635
95.9972
96.3683
95.5612
97.3769
95.3586
96.3104
97.4646
96.7037
94.4256
95.4787
95.8523
98.5537
96.3673
99.1936
100.601
100.456
100.138
100.857
103.752
104.945
104.999
101.68
100.656
100.111
99.4253
98.9741
98.8456
98.6093
99.451
99.8357
99.7246
97.6178
96.947
97.2389
97.2008
97.4766
100.409
99.4208
98.7729
98.1912
100.148
99.7154
98.8217
98.1894
98.577
97.9246
97.6598
98.3668
99.083
99.0154
99.3874
99.3095
101.03
101.004
98.511
99.7506
98.0412
96.0508
97.3434
96.2962
96.2529
97.0732
98.0087
98.0521
99.4527
99.3066
97.1218
96.3601
96.6495
98.6426
96.37
97.3808
97.8147
96.5087
95.259
97.959
97.8059
98.4581
97.1109
95.6814
99.4658
99.0126
99.4397
99.2229
97.6212
98.5627
98.1684
98.8846
97.3567
97.8508
96.3402
96.9449
95.7677
95.3466
95.0818
93.1554
91.8385
90.5911
90.4256
91.0185
92.3518
92.8427
92.972
95.0995
95.0363
94.4401
94.9066
95.4257
96.1785
98.7542
98.4245
99.7896
99.4198
100.391
99.4372
97.3787
95.7079
98.028
98.0564
97.3734
98.6808
97.5271
97.5231
95.8195
94.115
94.9039
92.5646
93.5081
93.4958
93.3679
94.2729
95.6344
97.1272
99.8021
102.184
99.785
100.075
99.6841
99.0095
97.7884
96.5835
97.3029
97.5546
99.0997
96.6762
94.4317
94.3707
93.1921
93.311
94.1273
93.4895
92.9051
91.2222
91.4139
89.9177
88.8614
89.053
88.7056
88.7168
87.8014
86.5086
86.666
85.5583
85.6702
86.6708
85.741
85.0865
85.1976
85.2485
86.5261
87.8176
89.2377
87.881
88.3502
87.3997
89.5842
90.715
92.176
93.0114
93.0994
92.346
92.1209
93.4289
93.2212
92.3564
91.9385
93.2389
93.0548
90.2759
90.05
88.2111
88.0496
88.5578
89.313
88.0117
90.2686
89.3927
87.0763
87.2536
88.382
87.7313
87.5159
89.8968
89.1961
87.2227
88.1984
89.201
89.0862
89.7072
89.9984
90.6523
91.2771
87.4127
87.3552
87.3183
87.498
86.8498
88.4591
87.931
87.7651
88.4628
87.4988
88.3785
88.2527
88.9541
90.3075
91.6509
92.9498
95.1216
95.0622
93.5606
94.5753
92.9294
92.5721
94.0033
94.9037
95.1566
95.5886
95.2432
95.3378
93.5668
93.7415
94.3761
94.8761
95.071
94.7866
95.4005
93.9114
95.6406
96.5953
96.5034
96.3757
97.3504
97.9922
98.3265
99.9218
99.5976
99.0047
100.693
100.379
102.805
101.857
100.794
100.443
97.7168
96.0507
94.2397
94.1719
94.4434
95.7537
97.4843
97.0976
99.7073
99.0325
101.017
101.979
101.549
101.495
100.642
101.59
100.626
101.744
102.212
103.351
105.269
104.58
103.583
103.664
102.964
102.002
102.831
102.803
104.94
105.131
104.699
103.652
103.108
101.985
100.822
99.2451
98.5111
100.741
102.271
99.9308
99.4404
100.212
102.215
102.354
101.594
101.866
104.257
104.059
102.274
102.382
102.329
102.29
102.037
103.072
102.625
102.395
102.106
103.332
104.778
106.777
105.587
105.752
109.22
109.837
111.86
110.037
108.082
107.919
108.733
108.589
108.528
110.399
110.882
110.274
110.374
113.889
114.065
113.981
113.042
111.755
111.597
111.871
111.557
112.406
112.347
111.342
111.185
107.988
107.989
108.26
108.248
111.559
111.333
112.34
110.253
109.811
110.778
109.338
108.876
107.146
105.87
103.419
101.064
101.575
103.587
104.461
103.577
103.835
103.767
103.863
104.833
102.875
100.457
100.585
102.304
102.962
103.193
101.972
100.447
100.252
101.289
101.829
103.235
103.924
104.247
104.891
103.59
105.315
105.723
107.002
106.021
106.806
106.651
106.531
106.731
105.241
104.575
104.591
105.199
106.087
105.141
105.707
107.254
107.375
108.846
106.526
108.384
110.647
111.85
112.567
111.714
110.196
111.495
109.575
109.147
110.511
110.345
110.851
111.356
111.151
109.286
108.369
109.642
111.98
111.068
108.511
106.465
107.563
110.206
111.401
112.913
114.005
112.551
111.126
111.434
112.42
112.602
113.075
113.478
115.096
116.032
114.026
114.067
114.227
113.332
115.222
113.241
112.819
113.082
112.647
112.38
110.919
110.597
109.005
107.79
106.91
106.912
104.842
103.998
100.803
99.1259
100.788
101.668
100.195
99.373
98.6941
