101.157
103.759
106.022
103.868
105.849
106.989
107.175
107.204
106.866
106.175
105.682
104.525
103.265
101.472
101.847
102.171
103.824
104.047
104.862
102.311
102.302
102.982
102.095
103.669
103.478
102.549
103.92
103.064
101.724
99.5198
99.4095
99.958
101.241
100.586
98.6344
97.2703
98.3254
98.6679
99.8582
99.8837
98.8608
99.1661
98.4377
97.5586
98.588
97.041
95.2827
95.8536
96.0649
96.182
96.5911
96.3236
94.386
95.5802
96.1076
99.1401
99.3249
96.9635
98.1204
98.8921
98.0146
99.2984
98.3197
98.6929
98.252
94.2667
94.1057
93.8008
93.7995
92.2047
92.6133
91.9448
92.1798
92.9559
93.3672
94.1096
95.5251
94.1631
93.2637
90.0336
89.3599
88.7432
89.4005
90.3066
89.815
90.5633
89.4405
88.4029
88.3228
88.2586
87.3091
87.0552
86.8227
85.3786
85.5325
85.7014
86.6752
87.1292
86.7477
88.6009
88.5889
92.2009
92.1258
92.7325
91.7976
90.5433
90.8379
93.0109
91.2108
90.6659
89.5093
90.3542
88.7285
88.0235
87.9757
87.8351
87.0466
87.1209
87.4962
87.7981
88.0624
87.7663
88.7038
88.693
88.2032
87.6435
88.3101
88.3175
86.6112
86.1778
85.2966
86.1071
84.9818
85.5972
85.2579
86.24
86.6017
87.6755
87.7178
87.4409
88.4763
88.3789
89.5205
91.7491
91.1667
91.9291
92.1887
92.3888
92.8985
91.823
90.8277
91.7258
91.7446
91.1332
92.0462
90.2154
89.4724
89.6665
89.2099
89.3221
89.6008
88.5475
87.1803
84.6055
82.4503
83.9863
83.0697
81.7485
80.825
81.8657
79.9151
78.1091
77.4088
77.9504
78.7534
79.3676
80.3504
81.0896
81.1477
83.6333
83.1407
83.5834
83.6929
85.3476
84.9613
84.9488
86.2916
85.0721
83.6885
84.0795
82.1907
82.3621
82.4723
82.5044
82.0552
81.1469
79.4543
80.6798
81.4037
83.2358
82.7698
82.1409
83.5309
83.7207
83.382
84.6844
82.8675
81.5143
82.8098
83.0139
83.3713
84.6252
84.776
84.8648
85.5097
85.6987
86.8205
88.8479
89.9859
90.8243
91.6196
91.8421
90.4618
90.0026
90.3694
91.0555
92.9754
92.4997
91.6861
92.1253
91.9678
91.7842
91.3569
90.4986
90.4771
90.0958
90.7092
91.3589
89.3747
88.8374
87.6157
86.1213
84.9864
85.1331
84.6991
86.3076
83.9923
84.0085
85.2507
84.8835
85.3419
85.5488
83.9608
83.6124
82.8341
84.4639
82.3707
82.0955
81.9316
82.192
83.0292
84.2066
83.7608
84.7053
85.3182
86.3879
84.5952
84.2901
85.4561
87.4466
88.844
89.1664
88.3152
89.3415
90.7104
90.6207
88.5532
87.2541
88.3188
86.9906
87.4233
84.959
83.5966
83.2259
81.6587
79.3467
79.8968
79.2761
81.1784
80.7215
80.7833
77.0652
76.2681
74.5095
76.4037
76.8292
75.1395
75.0275
75.0221
75.5738
75.3163
75.9336
77.2793
77.6562
78.7558
78.1157
77.7246
77.5516
78.0672
79.2083
79.0051
78.8448
78.2181
78.4025
79.4982
79.3002
79.3669
80.6217
81.4354
81.2286
79.6355
78.6872
78.3312
77.6466
78.0253
80.0132
81.3958
82.1073
83.5589
84.2169
85.661
86.0763
84.8408
84.3446
84.2321
82.6755
83.238
84.7142
85.3555
85.6517
85.8311
85.2378
86.4199
85.1738
86.3088
84.7906
83.8809
84.545
83.6031
84.8246
84.404
85.4507
84.7182
84.5701
83.2978
84.0104
83.3957
84.7819
85.5351
86.0746
84.5058
84.0686
83.5497
82.8962
82.1954
83.0851
83.0663
83.1296
83.8322
84.836
83.9809
83.8905
84.6399
85.8189
86.5092
86.8935
86.7351
85.7548
86.1377
83.758
81.6766
81.1653
80.9775
81.1077
81.414
84.1536
84.4614
84.0579
84.4154
85.7777
84.9323
85.0974
85.1482
84.3357
83.6885
82.9276
84.1647
82.8128
84.0549
84.9488
84.2395
84.0049
84.0965
84.2818
85.755
84.236
84.3643
84.7296
83.5609
83.0799
84.1896
84.5605
84.2513
83.2544
83.2619
82.8785
83.0287
81.642
81.8119
82.0986
82.7232
82.7423
82.3446
82.1561
82.5744
81.8128
80.5723
81.5597
83.5061
83.1955
84.7017
85.3023
85.5932
87.3029
89.4639
89.6629
89.9154
89.9
90.1048
89.9925
89.1624
88.9983
89.519
88.0783
87.9066
89.5288
90.9314
90.7899
91.6283
91.9113
90.55
88.0141
89.1854
89.0883
89.4741
91.2741
88.589
89.4357
88.1237
88.7428
88.2696
88.3859
87.6562
88.1043
88.186
88.2246
89.3929
90.5546
92.1165
92.1746
92.5338
93.7507
93.662
94.5896
94.3118
95.0693
93.9606
93.0839
92.8186
91.7924
94.5648
93.5865
95.9888
95.8065
98.2016
98.7704
98.2771
100.945
98.7799
98.9345
97.6482
99.113
99.7408
100.314
99.0875
96.9903
97.9102
97.1738
95.1702
96.0895
97.5361
96.9151
97.5855
96.0693
95.9019
97.3431
95.4024
97.1011
95.9575
96.2934
98.3516
99.2697
99.5136
99.3946
100.045
101.603
100.828
101.787
101.99
103.504
102.672
101.33
99.3643
97.1767
95.9116
93.6398
94.1523
93.6291
95.1723
93.8946
93.706
93.7178
95.2961
95.8058
95.6572
97.8562
98.1746
98.3343
97.168
96.7109
95.1743
96.1261
95.7348
96.0044
94.6161
94.291
93.7464
92.8713
94.1485
92.8579
93.4147
94.5486
94.2972
95.7383
95.6663
95.2771
96.6583
96.4919
96.5467
94.4262
93.0906
94.1101
95.4882
92.7414
92.4882
92.5744
91.0922
91.4932
92.5763
93.5184
93.3497
91.7616
93.0803
93.9277
93.5152
92.8221
92.9187
92.7809
91.0883
90.4315
90.5367
91.5421
93.9953
93.6044
93.1573
94.3869
96.515
97.9734
96.6384
96.6545
94.9934
96.2312
95.0142
93.7414
94.8903
95.3726
97.1526
97.6053
97.1089
95.3961
