98.6794
99.3798
101.519
102.576
101.531
103.92
104.234
102.295
101.837
101.492
102.064
102.219
102.903
104.521
105.077
105.54
106.426
104.598
104.676
106.529
107.259
107.645
108.644
106.909
107.3
108.412
108.811
109.311
110.27
110.338
111.69
109.76
112.376
112.56
113.19
113.925
113.773
113.026
114.095
113.051
112.03
111.564
111.827
110.227
110.003
108.414
110.192
109.609
112.384
113.321
112.049
113.319
113.506
111.553
109.699
109.617
110.968
110.591
112.586
112.035
110.941
109.051
109.853
110.917
109.088
109.054
109.008
107.389
106.499
105.4
103.81
102.14
100.374
99.9126
99.8915
100.069
100.196
100.106
100.53
99.6069
99.5562
98.8662
98.3316
96.1222
97.3909
97.3674
94.0363
94.4948
95.5039
95.6924
95.2224
95.51
94.8694
95.8679
97.5065
96.9665
97.2098
97.7635
98.5256
100.359
100.358
99.5791
100.916
102.4
103.627
103.247
101.847
101.203
101.322
102.301
102.25
100.181
99.2905
99.951
99.3919
100.714
101.58
100.66
98.9529
99.7406
99.8809
99.084
99.3519
97.9348
98.886
96.7948
97.3032
97.9189
95.9258
94.2375
92.7412
94.2148
94.4296
93.9185
94.6767
97.2622
96.5739
96.8479
98.3467
98.4704
99.9522
99.0998
98.3744
98.5087
101.034
101.114
103.186
103.305
105.145
106.567
107.738
108.393
107.742
104.006
104.694
102.704
100.886
101.836
101.108
102.107
103.49
103.857
104.98
105.374
106.115
106.707
103.402
104.886
106.517
104.79
105.155
104.828
102.638
102.795
102.067
102.598
101.326
100.292
99.817
98.6136
101.007
102.432
101.98
100.842
100.189
100.052
99.6257
102.327
102.657
100.729
102.132
101.36
101.275
102.262
103.322
103.964
103.653
103.812
103.189
104.683
106.782
104.329
103.736
105.488
105.074
106.268
107.13
108.348
107.465
106.757
107.326
106.832
106.459
108.464
107.258
107.815
110.192
110.582
109.403
109.313
109.09
108.494
110.966
111.296
111.913
110.106
108.994
111.666
113.166
113.341
114.618
114.657
115.216
115.826
116.092
116.085
116.284
116.801
115.397
113.832
114.439
113.415
111.56
109.415
111.309
113.124
113.303
113.55
112.227
111.955
113.36
114.175
114.384
115.464
115.573
115.252
113.659
113.973
113.59
113.652
114.857
113.187
114.837
115.407
115.477
115.6
114.097
113.399
114.948
115.766
117.026
117.11
117.379
118.322
118.888
119.498
117.344
116.139
114.852
117.912
117.672
120.132
121.4
120.471
120.49
120.142
120.836
117.875
116.738
115.287
116.031
115.264
114.297
112.714
111.307
111.934
111.759
112.501
111.338
112.511
111.798
112.835
110.109
111.545
111.921
113.505
113.041
113.066
113.491
112.954
112.543
112.853
112.021
113.617
116.025
116.588
115.52
114.318
112.423
114.545
112.629
111.353
111.125
110.278
112.093
111.975
107.041
107.964
107.875
108.49
108.724
106.521
108.277
108.88
109.116
107.033
107.152
104.75
104.953
106.176
105.533
106.834
104.895
104.815
105.966
106.045
108.118
109.026
107.393
103.627
104.719
105.789
103.46
103.333
102.98
103.498
104.905
105.115
106.1
104.662
102.345
103.922
106.07
105.588
106.219
107.756
108.277
107.924
108.208
109.669
107.773
107.93
108.199
106.549
109.137
109.05
108.241
110.696
109.068
110.861
111.466
115.42
113.953
114.805
115.112
113.584
113.189
112.016
115.388
114.961
115.367
114.493
114.718
114.021
115.898
117.362
114.389
114.554
113.349
112.188
112.709
110.432
108.851
109.925
108.434
109.895
109.796
110.752
109.909
108.622
109.258
106.593
105.327
105.209
104.958
105.513
104.179
103.67
103.64
104.526
106.845
103.973
105.448
106.191
106.088
104.346
104.931
105.804
105.423
104.83
105.56
105.836
105.358
104.8
103.344
102.22
103.207
104.905
108.511
108.942
109.392
110.053
111.528
111.619
113.176
113
112.377
112.85
112.093
112.225
113.276
111.409
112.961
109.631
109.765
108.746
111.115
109.553
106.638
108.434
108.54
110.003
110.803
108.794
109.919
110.234
109.956
110.217
108.211
108.644
107.276
106.855
108.809
107.962
108.874
110.369
107.85
109.238
110.488
110.577
113.634
112.361
112.836
114.529
112.146
110.52
110.182
108.652
108.498
108.63
107.343
107.521
105.699
103.954
103.207
104.161
101.782
100.065
97.8032
99.7272
99.1824
98.508
97.7769
98.5043
99.6429
99.8281
101.678
101.829
101.54
98.9666
97.3753
97.0348
98.2781
100.074
98.215
98.5836
98.7336
98.2468
98.655
101.409
102.461
101.727
100.945
97.9346
99.5495
98.4954
97.781
98.4703
97.6114
96.7128
96.2079
96.3189
94.4251
95.1206
96.6738
95.168
95.6355
95.3931
95.6427
95.1445
96.1809
94.5947
93.7654
94.985
94.6052
92.4257
92.9107
91.8639
91.4486
89.8973
89.2081
87.3569
89.43
88.9743
89.1986
89.2258
91.7387
90.6268
92.9039
94.3257
94.5587
94.2372
93.6924
92.3756
93.1993
93.8488
95.9522
95.5139
97.0428
96.5255
94.6757
93.0423
89.5422
90.1232
91.0812
91.7616
90.4322
89.8308
88.8598
87.0997
87.0689
86.0366
87.117
87.5152
88.9777
90.1816
90.3083
87.9091
86.9836
86.3454
87.0002
86.3798
84.3822
84.0486
82.5029
82.284
80.769
80.0493
82.046
82.7461
