101.2
101.046
100.175
99.8024
99.8949
100.495
101.427
101.995
101.537
101.669
104.779
103.569
103.304
99.2773
99.0056
97.6061
97.4572
98.1856
95.6016
94.6218
95.2923
95.3288
95.8298
96.2786
95.0364
95.2881
94.4479
94.3201
92.7092
93.3711
92.9135
94.8607
95.2667
93.8266
93.4076
94.8068
98.3435
98.1218
98.2845
99.323
102.185
101.044
101.501
101.977
100.264
100.932
100.621
99.6276
98.5826
98.9753
99.2387
98.3176
97.0783
94.754
94.5444
95.1862
95.9348
95.1176
95.8944
96.8698
97.6386
98.7761
101.651
100.956
101.6
100.82
102.433
100.52
101.174
102.307
100.065
99.5117
98.554
97.8088
95.564
96.4408
95.2887
94.2242
96.2671
96.5475
96.4536
96.0237
95.9543
99.5396
99.976
97.7067
96.4996
96.4444
95.5191
95.2167
94.5266
95.4489
93.0815
93.6317
94.171
93.7037
93.8632
94.735
93.1608
94.4961
95.6254
94.4044
93.7126
94.4589
92.8928
93.5152
96.3094
95.9245
95.5692
94.8443
98.6575
98.6639
100.592
101.955
103.538
103.051
103.608
103.251
99.8652
100.411
99.9953
101.541
98.301
96.5875
98.4614
100.668
99.3374
98.0678
95.2865
96.158
97.2198
98.0235
98.6181
97.5765
99.0027
100.7
101.095
102.938
104.185
105.56
103.071
103.386
102.533
101.036
101.438
102.993
105.668
106.029
107.871
107.406
107.392
106.655
107.315
108.119
109.094
107.763
106.31
108.021
110.139
110.151
109.713
109.047
108.451
108.764
109.35
108.782
107.603
107.089
105.839
105.443
104.011
105.678
103.485
102.912
101.834
100.934
98.7213
99.2029
98.4375
97.0051
96.7737
97.0191
98.8644
100.097
100.821
100.624
99.4296
101.071
103.329
102.604
106.177
106.617
105.592
105.36
105.454
105.611
104.664
104.817
102.798
100.795
99.7814
103.073
103.701
103.369
105.504
107.482
107.694
109.154
107.705
108.97
107.837
106.223
105.503
104.77
105.871
107.788
108.273
107.377
107.247
109.269
109.273
109.604
109.355
109.026
110.109
111.935
113.611
115.165
116.728
114.66
115.68
118.459
117.441
114.822
114.323
112.129
111.35
107.686
107.918
104.372
103.635
103.796
103.27
102.25
101.554
102.549
101.792
101.039
100.563
99.8295
97.9541
98.1406
98.6531
97.1558
98.6083
97.7686
98.2914
99.2731
96.4759
97.3259
98.6965
99.5609
98.1944
98.0419
96.9116
97.5009
96.9002
96.956
97.0723
97.6338
98.2593
96.01
94.9444
95.2029
96.2352
96.2313
96.011
95.1434
95.3499
95.2237
96.8241
95.4696
95.3334
93.1376
92.8823
91.2415
92.2787
91.7526
88.8043
89.3853
89.5254
89.2354
89.1676
89.1768
88.7219
89.2985
89.2222
88.9923
88.333
85.9947
86.3782
86.1443
86.544
86.0693
87.3342
83.8146
83.0151
83.2943
85.125
86.1819
86.518
87.6664
86.3837
86.1888
86.2947
88.0225
86.1862
84.5294
83.5108
83.1619
81.147
81.9549
82.425
80.7624
82.7736
82.9049
82.483
81.666
82.2398
81.7398
82.3612
82.7839
83.221
84.1002
84.5354
84.94
85.8337
86.7172
85.4914
86.7818
86.6233
85.6882
86.4006
86.1065
87.0789
88.0852
87.1922
86.7875
87.489
87.0528
86.8163
86.2535
86.0327
85.4519
86.0356
86.4166
84.8575
86.4339
84.4362
84.4316
85.3265
87.443
87.2818
87.1065
85.585
84.283
83.2258
82.8825
83.1521
83.3392
83.7112
83.433
81.6241
81.7012
83.1983
82.5398
82.6816
81.8413
81.352
80.9397
80.2425
80.2178
79.4494
79.9312
80.8901
81.1575
81.6839
82.4553
82.7485
82.1455
80.5876
79.6031
80.7555
79.741
79.8812
79.7359
80.1444
81.375
81.6535
82.2244
84.5138
84.4098
85.5961
84.035
81.5542
82.0484
82.8861
84.7098
84.0953
85.1486
84.5848
85.4063
85.8172
88.646
87.1364
87.4034
85.8953
84.3185
82.9199
81.31
79.4226
79.2784
78.8292
77.4819
77.2957
76.0555
75.2891
75.2633
72.8609
73.7889
74.0814
74.6834
74.4408
75.0249
73.9854
74.5811
73.9672
74.8625
74.5762
74.0589
74.3442
74.9482
76.6265
75.442
76.1179
75.0297
73.6765
73.6916
72.6994
73.8109
74.7976
76.5686
76.8246
76.4988
77.76
76.4709
76.0369
76.5492
76.9501
76.2943
75.9852
76.1259
77.0438
77.3496
77.055
76.5971
75.831
74.2654
74.7375
74.2631
74.6454
73.5494
74.3861
75.2632
75.276
73.4203
72.4492
72.8954
72.694
73.514
73.8518
72.8096
72.3397
72.8804
73.3065
74.4952
74.7906
74.0201
73.6175
71.2812
72.6365
73.95
73.8922
72.8586
74.368
73.8397
74.7437
74.2196
75.118
75.9167
76.3736
75.3449
75.0462
74.1277
73.6117
73.2577
72.869
73.1623
72.2242
73.1289
74.0396
73.9378
74.3227
74.2181
73.6438
73.9569
74.4585
72.9015
74.2244
74.0633
74.4447
75.2461
75.3082
75.2187
75.7752
76.3464
75.4311
75.9359
76.6417
75.5213
75.555
75.6642
75.8437
76.2698
75.804
74.0268
75.9222
76.1209
74.8237
74.836
75.9913
76.9184
78.8486
80.3595
79.5025
79.4853
81.6195
83.0837
82.7158
83.5188
82.9488
83.0179
83.7524
82.9385
81.8055
82.4738
81.4245
82.7958
82.6399
82.6371
82.0235
82.4693
84.274
83.9342
85.3082
86.5959
88.7639
89.8414
90.2372
91.0612
91.4783
91.2164
91.0562
89.0163
91.6184
92.7834
93.2658
94.2977
93.594
94.0894
94.1629
93.4215
93.6452
95.3017
94.3049
94.9268
95.0906
93.7719
93.268
90.8475
90.3237
90.003
90.9058
90.4715
89.048
88.9973
89.8296
90.5186
88.7323
88.9388
