100.352
99.073
99.5904
97.9178
97.0888
98.2858
98.5373
97.7668
95.7941
96.3258
93.917
91.4388
92.254
94.2222
96.0737
95.4259
95.194
94.9074
93.5127
93.4902
93.8672
93.4722
93.8009
92.965
93.2119
89.4334
88.6956
88.8964
89.6734
90.6181
91.9256
90.856
90.6115
90.8208
91.3491
90.8037
89.5686
88.4298
89.0821
90.8733
90.3591
89.1942
89.0005
89.3667
89.3874
87.3695
88.3783
88.8142
88.5771
88.7595
90.3933
88.223
88.2097
87.8427
86.4996
85.8431
87.2014
87.372
88.618
88.1772
89.4665
89.1886
89.0387
88.1471
89.3357
90.4498
90.5775
90.1614
91.5354
91.1645
92.0976
92.429
90.3623
91.5853
89.8365
88.5076
86.6051
86.8147
87.3138
88.3097
88.1882
85.7489
86.7499
85.0218
86.2892
84.806
83.7201
81.8662
80.8927
82.2309
82.7345
80.1609
81.8449
80.4162
80.2407
81.1984
83.0298
83.7208
84.1982
83.394
82.9843
82.5567
82.5635
82.1553
81.9084
81.2488
81.4052
82.1583
82.404
82.6844
84.2624
84.6074
84.0933
84.3356
84.9952
84.3476
84.8287
85.4842
86.548
87.9675
88.5138
90.1066
88.7776
88.6944
88.1222
86.9411
87.4623
87.9821
88.5828
91.3271
92.9149
93.5642
94.522
94.2264
92.7934
91.7596
92.7705
92.834
93.3858
94.0144
94.9067
95.0471
93.2861
94.171
92.3499
93.1762
92.0895
93.4654
92.0065
93.3362
93.5908
92.7425
92.9986
95.5707
96.5607
93.861
96.1644
98.5304
99.4729
100.86
99.0606
97.9644
98.5369
97.4229
98.8421
99.972
100.734
99.4822
99.7537
99.0118
99.5525
97.6034
97.8927
100.55
99.725
100.571
102.173
102.093
99.9967
100.05
98.1304
98.7045
96.4413
94.5313
94.1823
95.9667
95.5692
95.5303
95.655
95.5147
97.2066
98.3817
96.9622
98.2219
97.0865
96.8853
96.4709
97.1932
97.2535
98.3227
95.9502
95.3361
94.861
95.1141
95.4581
95.3648
97.9067
98.2977
97.2744
99.7753
100.423
99.4098
101.116
102.525
101.471
102.328
102.606
101.809
99.9106
99.2787
98.7257
96.5777
94.5352
92.7928
93.5973
95.9905
96.1338
95.5594
97.7194
97.8352
97.6438
96.2159
95.0208
94.26
93.8251
94.7321
93.6706
94.0333
95.1233
95.907
94.788
96.7867
95.8519
93.9955
94.3817
93.6888
93.1535
93.6746
92.2391
91.4323
91.2088
91.8768
92.2171
93.3407
93.645
92.1353
93.1548
92.2493
93.2164
93.0753
94.0683
94.682
93.0381
93.2898
94.0484
93.1222
95.2163
94.1909
93.6529
95.3016
95.992
95.9213
94.1048
93.9149
92.4873
91.6006
91.6118
92.4947
91.3089
89.9399
89.2554
89.8287
87.3685
89.4812
90.2212
89.431
89.7167
88.5199
89.9083
91.2188
91.4603
92.4457
91.5651
92.0911
91.9653
92.1041
90.9094
91.0226
91.8844
89.8617
91.4003
90.6512
89.339
90.3293
93.2687
91.7405
93.3336
93.4683
91.7009
92.4059
94.6907
95.3828
96.7661
96.8282
95.0118
96.1546
96.6976
97.182
96.8008
95.9496
95.1827
94.5234
93.4176
94.9226
92.288
89.9416
91.0979
89.8129
90.9687
92.4632
91.8802
90.3663
88.7034
90.682
90.8445
91.9972
91.1166
90.4509
91.5287
93.4534
93.9056
95.8134
96.8043
95.904
97.7715
99.4762
100.306
100.349
100.782
103.25
102.015
102.869
102.074
102.489
104.479
105.955
106.941
108.162
109.465
107.329
107.5
106.019
104.8
104.213
103.039
102.292
103.239
103.454
100.775
99.7625
100.778
99.8147
99.8727
99.4712
99.0373
99.7885
100.636
101.71
103.776
101.932
103.32
103.974
104.792
104.507
102.463
99.0979
98.2125
99.8704
99.7015
97.9784
96.0371
94.8076
96.2387
96.2687
95.3655
94.0931
94.1007
95.1526
95.6173
95.0799
93.997
91.7473
92.6664
92.7811
93.603
91.1812
91.5109
93.1949
92.5674
92.6716
92.1486
93.0708
91.3482
91.7698
91.22
90.3153
92.1839
91.044
91.504
92.5372
92.7209
93.3316
93.5873
94.685
93.7524
95.0133
94.4376
94.5251
94.7552
93.3024
92.9366
90.0788
90.5049
91.7114
94.2453
91.3079
91.2423
90.2306
88.8976
88.2984
88.6925
87.4769
89.7859
90.5677
89.57
91.8944
91.435
92.7382
93.7513
93.2619
94.1059
95.6086
95.4327
94.4043
95.3701
95.4764
94.8638
95.13
96.8608
99.1424
100.899
100.757
99.2528
99.1159
99.0976
99.716
100.377
100.41
98.7542
96.8656
97.8468
97.6505
98.1926
97.7644
95.7875
96.1612
97.9349
99.3365
98.3699
96.4643
96.0203
96.5655
97.4485
95.4715
94.3704
93.7121
92.9689
94.1078
94.4846
94.7991
94.9222
94.491
95.0979
95.664
94.7055
93.6365
93.3663
94.6449
93.7011
92.7171
91.8224
90.443
89.8974
92.0986
92.1186
95.0208
96.2446
96.7775
95.0396
95.719
95.7374
96.1593
95.8916
95.9534
95.2936
95.614
96.2397
97.2402
96.3047
97.052
97.5149
96.5619
97.2321
97.3488
96.7163
96.6074
96.4118
95.2819
95.8218
95.7193
95.6875
95.6689
95.2085
93.0724
94.2112
93.2765
95.3205
97.2347
97.9416
98.0408
100.061
100.917
101.206
99.3258
97.7634
98.3082
98.2641
99.7297
98.2906
99.4734
100.522
100.107
99.8731
99.224
100.416
99.886
100.606
99.9707
101.645
101.134
103.245
101.535
102.254
101.675
100.358
101.841
101.745
102.14
101.694
99.6157
100.885
99.9114
99.8021
99.8891
99.9419
98.0936
95.4534
95.919
95.1673
96.1993
97.0709
97.2297
97.8118
97.3893
97.4063
97.1796
97.1838
96.2335
95.7992
96.3146
94.8312
93.3539
91.1193
89.4138
90.1809
89.2318
89.739
90.8288
89.7863
89.6546
