100.642
102.069
102.075
103.412
104.168
106.582
106.986
107.312
105.175
103.926
105.398
106.721
106.758
105.444
104.803
103.511
101.461
100.582
101.553
101.178
100.017
101.755
103.949
103.013
103.109
100.039
100.328
99.2893
100.089
100.804
104.285
102.949
103.059
100.903
100.934
103.666
105.36
104.52
106.345
106.477
104.122
104.179
105.35
105.291
105.701
107.42
106.945
108.465
107.182
105.096
105.848
104.204
102.688
104.54
104.482
107.255
107.567
107.386
106.625
104.861
105.188
108.069
107.538
108.101
109.458
110.425
110.13
109.812
109.765
108.475
106.463
106.544
107.293
109.869
109.924
110.134
111.611
111.674
111.857
111.659
112.584
111.048
110.022
111.298
111.104
110.497
112.472
113.39
114.709
114.636
116.691
115.937
115.745
115.944
113.291
112.56
113.596
114.863
115.579
115.772
114.425
115.369
116.055
116.138
114.559
116.416
115.068
117.342
116.207
116.765
118.806
121.73
121.2
120.806
120.275
121.215
121.603
123.341
126.104
127.691
128.167
128.147
128.822
129.483
130.455
127.953
128.364
128.608
127.649
125.115
122.977
122.915
123.98
124.47
123.822
123.377
122.633
122.563
122.668
121.903
118.555
118.397
116.24
115.369
116.597
116.761
116.469
117.191
119.309
118.667
118.903
116.96
118.067
115.956
115.337
114.976
115.332
115.482
117.216
116.604
118.722
118.19
118.509
119.641
118.323
121.446
121.042
119.651
119.789
116.368
116.462
117.976
116.46
116.984
117.08
117.054
116.484
114.277
114.351
114.016
115.042
112.936
110.475
107.68
107.8
107.23
108.44
107.402
109.146
108.805
108.96
106.866
106.643
106.685
107.466
110.165
110.503
110.386
109.473
109.149
109.843
109.424
110.443
111.104
111.251
112.987
111.885
110.247
112.883
112.639
109.61
113.746
114.29
113.619
112.58
112.308
111.492
111.718
108.175
105.506
105.514
106.065
106.259
106.618
106.281
106.662
106.43
110.418
109.524
111.008
112.327
113.037
114.899
112.802
112.306
113.163
111.658
112.361
112.154
113.003
109.803
109.552
111.278
110.654
109.919
110.633
110.529
111.219
111.658
111.949
110.173
110.915
110.908
110.824
110.481
107.916
106.225
107.007
107.671
106.333
106.677
105.742
104.892
104.614
103.337
105.458
104.465
106.559
106.334
106.253
106.578
106.035
106.406
105.219
106.354
106.272
106.309
108.651
109.251
108.965
108.963
107.754
106.594
107.744
107.62
107.547
109.268
108.011
109.516
110.433
111.153
111.997
113.86
113.381
111.776
111.695
110.03
109.17
107.863
109.602
110.885
113.242
115.202
115.584
115.426
115.715
116.193
118.048
117.697
119.178
118.231
116.951
118.227
119.123
116.803
114.063
115.014
115.887
116.177
115.456
116.199
114.4
115.965
113.187
114.019
113.877
114.506
115.004
114.652
114.297
111.375
110.799
107.805
108.824
108.024
107.437
109.407
109.372
108.175
109.652
109.297
107.27
104.865
103.197
104.322
104.927
103.991
103.575
102.931
103.377
103.373
105.727
105.472
105.153
101.52
101.015
102.355
102.699
102.253
102.463
104.831
107.146
105.594
105.508
105.547
106.381
105.955
104.83
105.087
106.46
105.748
104.346
104.944
104.521
104.292
105.101
106.603
104.933
107.292
105.562
107.568
108.765
107.83
110.71
110.369
109.585
113.311
112.529
113.077
110.435
110.886
111.246
111.647
113.711
113.168
113.866
114.702
114.016
114
114.694
113.072
114.729
114.016
113.854
112.535
112.585
112.802
113.906
113.449
113.776
111.384
110.085
108.341
108.613
108.039
107.988
108.223
108.034
110.253
108.416
108.871
108.306
107.855
106.798
106.918
108.492
108.463
110.329
107.922
105.755
105.304
105.569
105.209
105.597
102.807
102.548
100.894
102.874
104.23
104.558
102.966
102.305
102.418
101.593
100.773
101.831
102.102
100.96
101.321
101.392
100.069
99.7936
99.9259
99.0446
101.488
100.271
100.655
103.691
106.186
107.508
105.114
105.347
105.849
105.198
106.717
106.087
107.81
110.655
110.574
110.996
109.909
110.132
109.133
112.449
113.01
110.826
113.053
113.768
112.363
110.685
111.95
112.708
112.876
115.011
113.114
113.088
114.461
112.651
111.497
108.961
109.284
108.601
108.672
109.924
109.227
109.438
109.042
110.96
110.149
106.436
105.69
106.671
107.1
107.567
106.785
107.653
105.203
108.753
108.104
108.446
106.239
107.017
106.84
107.749
107.552
105.946
102.455
100.025
103.5
103.459
104.119
104.827
103.893
107.083
107.058
106.523
107.82
109.335
108.704
107.654
107.598
106.157
102.971
104.248
106.784
105.595
106.484
105.422
103.113
103.959
104.559
105.029
102.766
103.822
102.694
104.518
105.629
106.566
104.301
100.892
99.2053
99.5229
100.651
104.184
103.683
102.743
102.012
101.833
102.131
103.847
102.651
103.496
103.918
104.741
102.93
101.384
102.317
103.021
103.738
106.623
107.639
109.79
112.065
111.794
110.715
113.976
113.529
110.332
111.693
108.187
109.296
107.445
109.457
108.514
108.297
109.386
110.128
110.746
112.332
112.483
114.313
113.341
109.922
108.214
107.16
109.167
106.606
106.247
105.48
104.79
