99.7401
100.265
101.514
101.033
101.218
103.27
103.588
103.909
106.876
107.991
109.752
108.657
105.974
106.754
110.274
108.691
110.214
109.74
110.667
110.288
110.792
109.484
106.602
104.409
101.123
100.332
102.316
104.108
102.233
102.376
101.943
100.286
100.181
101.787
102.448
100.678
101.148
100.788
99.5998
100.198
101.933
103.503
105.725
105.718
104.927
102.124
100.424
99.571
100.151
101.002
99.1007
98.8242
98.4333
98.3462
98.5068
98.739
101.292
99.2092
98.7482
99.9026
100.057
100.273
97.6813
99.2891
98.3664
97.7591
98.5977
99.5533
101.202
99.8127
98.7671
95.7665
96.0134
94.7636
94.4063
91.0513
92.6172
91.4714
92.9039
92.9087
91.7995
90.9723
90.931
92.4958
91.5571
93.3985
91.9264
91.3612
91.1723
91.4814
92.5396
93.7452
92.6019
92.355
92.9305
93.1548
93.8075
93.4891
92.319
93.0371
91.9533
92.553
90.4237
90.4124
91.3207
92.8839
92.9333
91.3726
90.6921
94.3041
94.7006
90.5709
92.686
93.4847
94.0248
95.0154
95.576
97.5305
98.4892
97.0021
98.9947
99.1318
96.0215
96.4727
97.0091
97.6938
99.135
99.7107
99.2495
97.2852
98.1774
97.1417
98.5748
98.6062
97.9457
100.049
100.921
100.972
101.455
99.3859
100.157
100.097
99.7944
99.8836
100.285
100.126
100.998
101.935
101.485
101.54
101.517
100.788
100.019
99.1457
98.0986
100.338
98.0788
98.0996
95.1231
97.2688
96.8419
97.8095
97.1451
98.4335
98.3421
99.4257
99.1378
99.7942
97.664
99.0633
99.394
98.6627
100.093
100.98
102.44
101.998
100.555
98.9002
100.48
101.286
103.055
101.408
102.102
103.226
102.719
104.932
104.732
104.854
103.267
103.583
104.559
104.854
103.687
101.913
100.489
102.652
103.017
101.598
103.233
102.793
102.228
101.536
100.939
101.008
101.035
100.718
100.987
100.73
101.326
101.148
99.95
100.806
100.565
99.8791
100.143
99.8924
99.4922
101.15
103.23
103.801
102.419
102.191
103.976
105.009
105.789
105.736
103.859
104.747
105.543
105.928
104.552
103.864
102.916
102.508
101.118
101.464
101.096
102.721
102.95
101.531
102.538
104.003
104.084
102.983
104.548
106.153
105.789
106.66
107.009
110.738
109.268
107.583
104.972
104.144
102.957
104.031
103.895
103.127
103.122
105.574
103.519
103.163
106.115
103.818
106.058
103.55
103.448
101.987
102.677
101.145
102.894
102.068
102.547
101.747
101.239
99.641
98.965
98.7267
98.4101
99.6452
101.131
103.624
104.342
104.115
104.47
106.197
107.757
108.486
110.374
108.269
109.716
109.774
112.165
111.657
111.175
110.459
111.008
110.177
109.493
109.015
107.99
107.056
108.328
108.539
107.903
107.549
107.692
107.529
108.453
110.16
111.279
110.359
108.443
107.961
109.451
111.2
113.427
111.644
113.092
114.489
116.193
113.85
112.069
112.043
114.136
114.985
114.333
115.201
114.48
113.841
114.637
116.031
117.196
116.446
116.425
117.9
116.554
115.877
117.935
118.833
116.145
117.21
118.367
116.182
115.365
114.878
113.716
112.517
111.585
109.569
110.528
109.467
109.209
108.354
106.99
105.77
104.892
106.257
105.486
104.167
103.083
101.857
101.174
102.764
103.078
104.199
104.912
108.361
110.258
111.114
108.994
108.92
107.078
108.138
107.105
105.678
103.995
104.294
104.775
103.41
104.908
105.841
104.246
102.758
100.072
98.082
98.8002
98.1205
98.9838
98.2955
96.243
93.3493
91.5702
93.0513
93.8144
94.1322
96.2107
95.8438
95.8542
97.1523
99.4386
99.1397
101.701
100.575
98.2932
99.3723
100.004
101.506
100.509
102.745
105.353
106.38
105.987
104.71
105.966
106.649
106.695
109.051
108.838
108.332
107.773
106.517
110.264
110.105
111.648
109.691
111.101
110.189
110.706
110.192
110.389
109.024
108.88
111.436
111.47
111.118
109.416
110.984
111.904
112.939
110.805
110.14
111.707
109.983
108.429
107.883
108.788
108.693
108.968
111.559
112.553
112.356
114.142
112.532
113.427
114.797
114.873
111.921
109.283
107.582
107.456
106.874
108.057
105.064
104.431
104.069
103.092
104.222
104.708
106.153
107.561
107.12
105.691
107.508
106.902
106.566
105.187
105.643
105.183
104.836
105.917
107.844
107.905
108.263
108.9
108.421
109.55
109.442
109.952
108.561
109.331
107.952
106.334
105.961
105.104
102.764
102.77
105.4
102.726
102.199
100.552
101.532
102.512
102.707
101.005
101.972
102.59
102.351
105.165
105.308
104.9
106.106
104.973
105.763
105.29
105.265
105.054
104.137
106.1
106.843
106.717
107.021
108.11
107.63
110.04
110.297
107.196
107.131
107.591
109.439
109.671
109.169
107.602
108.181
109.075
109.443
106.833
108.184
108.391
105.385
106.056
108.393
106.931
106.561
102.728
101.855
102.154
102.176
102.446
102.104
102.119
103.398
102.889
102.877
102.765
101.75
101.299
99.8111
100.825
101.407
101.45
101.759
101.634
100.689
101.334
102.069
103.186
104.103
106.845
105.283
106.53
105.924
104.878
107.014
109.496
108.486
107.416
106.591
107.198
108.323
106.499
104.74
108.018
110.035
111.121
114.426
114.932
114.147
115.796
115.546
115.628
118.666
117.176
118.726
117.729
120.346
122.367
123.114
122.407
124.181
