99.2778
98.3064
98.9327
97.9447
98.7718
98.4376
98.0637
98.3547
98.7056
98.119
97.1683
96.7265
95.7144
93.6608
94.6961
92.862
93.7336
94.7213
95.7863
97.4688
97.9057
96.9192
98.3182
100.018
97.7677
98.5375
98.5094
97.3966
96.9796
95.6223
96.2306
96.3292
96.8209
96.7183
96.375
97.4392
97.3759
97.6823
96.5991
94.7094
97.0413
96.1964
97.846
98.6436
98.243
98.1887
96.2409
95.8229
99.3329
99.5923
99.3561
98.8352
96.9807
97.1544
98.6917
98.0566
99.9589
98.6458
99.3367
97.8831
98.2882
97.4026
97.0987
96.6793
95.6639
97.7477
96.5486
98.3597
98.3129
98.5572
98.9144
99.8637
100.049
95.5714
94.9337
93.9709
93.3287
92.1076
92.4047
91.1348
91.4196
90.3889
90.1285
87.7195
87.9522
87.926
88.117
86.9231
86.9037
87.3034
88.4353
88.2474
88.4358
87.271
87.9722
88.3011
87.3337
88.1127
86.6513
88.1714
88.1419
86.9753
85.0607
86.8778
85.5988
85.8721
85.8326
83.4621
83.6977
84.1974
85.5577
85.6955
84.8519
84.7676
84.2544
84.2892
85.2108
85.2159
86.9904
86.6724
86.306
86.6988
87.4387
86.3156
86.4128
86.5406
87.0984
87.4683
87.5146
86.1891
86.365
86.9367
87.51
86.6358
87.1559
87.5574
88.1663
88.7875
87.204
86.5889
87.3565
86.596
86.5094
86.573
86.1173
85.7442
84.6672
86.2131
86.794
87.3323
87.7604
87.4737
87.2447
86.8235
85.6976
86.9605
87.4103
86.452
88.288
89.2676
88.734
89.3033
87.6232
87.5055
86.5447
85.8515
85.8032
86.5736
84.9871
83.1995
81.2781
81.829
82.0647
80.199
79.6745
78.3806
79.2551
78.8807
78.8894
77.0827
78.0545
76.9232
78.008
77.6424
77.8263
77.8129
77.5247
80.1269
79.3187
78.8179
77.4773
77.8494
77.2843
77.4053
77.3109
77.4174
77.1897
77.4165
76.9879
77.3525
76.1844
76.1108
76.7369
78.5921
79.882
80.9381
79.8924
79.2189
80.3608
81.9759
81.064
79.5162
80.044
82.3213
83.3178
83.2876
82.5392
81.3166
81.3502
80.9396
82.8973
83.6343
83.5885
84.6879
85.2008
85.1555
85.9314
85.3124
84.715
85.583
85.0045
83.1768
81.0483
81.2206
81.0339
81.2929
81.3839
81.3083
80.6304
78.4022
78.1646
79.3432
79.9922
80.2397
78.6486
78.1909
77.7327
77.0507
79.3926
78.7373
77.7755
79.8886
79.4452
79.5817
80.6051
81.1373
80.5393
79.8929
78.511
79.1504
79.8391
79.4581
79.0759
79.9594
80.0932
81.5982
81.6141
81.0713
81.4711
80.7328
81.3267
81.3955
80.2859
80.0735
79.4559
80.0048
79.947
80.5823
81.7255
83.7535
83.7977
83.8055
82.8303
84.2342
84.7794
83.8924
85.002
85.8249
84.6899
84.9047
86.2017
86.1021
86.7408
87.0854
88.9525
86.89
86.4634
87.0136
88.2145
87.7173
88.9762
89.3739
92.7025
93.7905
95.4817
93.5579
93.2033
92.5943
93.7669
93.3626
93.3447
93.6754
94.0269
93.8936
93.8492
93.8739
94.0516
93.7047
92.7938
92.677
92.7319
92.0778
92.9384
91.3852
91.3887
93.4611
95.6504
97.0081
97.6174
97.8701
98.7757
98.758
98.669
96.2562
96.5638
95.3989
96.9418
95.5187
95.0574
93.2324
93.4349
93.5716
93.0273
93.0738
94.2377
93.3069
94.1753
94.9884
96.459
96.9427
100.362
98.5088
99.7235
99.114
98.5926
98.7009
98.3015
98.5957
99.3612
97.1091
96.3625
96.9298
95.8774
98.3363
97.7643
98.8321
98.2074
98.7644
99.4502
99.6755
100.39
99.2101
100.479
99.2434
95.4478
93.4587
92.1993
90.1094
90.4163
89.689
89.9438
89.4047
88.0066
85.5228
83.1588
83.213
83.6358
84.1176
85.9093
85.7138
86.3156
85.4882
85.7276
87.3657
86.0938
86.9737
86.8628
87.2054
87.5046
84.9886
84.4096
83.2357
82.6309
80.5138
81.1972
82.8644
83.7971
83.3581
83.7844
83.7677
81.4488
82.1359
80.4312
81.9882
82.5817
82.4261
81.4448
80.7087
80.9736
81.3319
82.2459
82.7946
82.4569
82.0007
80.9993
80.9099
79.6184
78.9887
79.5441
79.6428
78.8047
79.9572
78.8877
76.6326
76.5819
76.158
76.8575
77.6735
78.1741
78.5095
78.66
79.3915
77.7386
77.6248
75.2471
75.4457
76.4782
76.9779
76.6709
75.4017
76.3556
75.5147
76.4455
76.0279
77.0842
76.9225
74.8282
74.6154
75.1018
75.8366
77.437
76.7383
75.2207
74.1862
74.4466
74.9557
75.7312
76.1385
78.1417
78.7456
78.0309
79.8735
81.424
80.3745
81.4841
81.8031
81.2735
81.4091
82.8021
81.784
82.5726
83.6998
82.9086
80.9107
80.6328
80.9871
80.7769
81.1712
79.0681
79.0623
78.716
79.5599
81.8408
81.9942
81.0503
81.0147
80.3048
81.8294
83.3237
83.3972
84.5832
85.1749
86.3047
86.7861
86.531
86.4527
86.182
84.7673
84.33
83.507
81.9491
81.8955
82.0739
81.5163
82.8638
84.1713
82.2322
81.2172
80.5929
80.2567
79.2044
77.6971
78.9391
77.383
77.3325
78.5636
78.1267
77.6087
79.475
78.0595
78.2068
78.7371
78.609
78.0173
77.7798
76.9353
76.0983
75.8714
75.0303
75.3512
75.258
76.5195
74.9997
73.6705
73.863
74.7452
74.9351
75.2025
75.5755
74.0013
74.1303
77.2655
76.8725
78.4083
79.3599
78.6151
80.4949
79.6789
78.946
79.8554
79.5226
79.7423
80.8555
81.5578
80.5642
80.3142
80.8239
80.2026
79.5267
80.6999
81.9274
83.2264
84.1923
84.9127
84.9525
83.2197
81.605
80.7434
80.6855
82.9397
83.8274
83.107
82.0294
82.3302
82.3657
83.4147
84.8121
84.0382
83.5274
84.3803
84.0504
83.7162
84.5218
83.1041
84.7572
85.2154
84.5507
83.1621
82.2405
82.2978
