100.845
102.654
104.498
102.93
101.957
102.492
102.489
103.418
105.304
105.836
104.604
103.585
103.937
101.713
101.025
101.636
100.189
98.6794
96.1562
94.8806
95.5246
93.0822
92.6013
92.5961
92.6328
91.9871
90.3829
90.6581
87.3897
86.6752
87.1005
87.6979
89.1604
88.1789
87.2303
87.593
88.5958
89.698
90.8348
93.9564
93.3557
94.2136
95.3152
97.4449
100.53
102.11
100.048
100.735
100.862
101.191
101.628
100.985
100.074
99.7909
101.4
104.763
104.312
102.949
104.97
104.139
103.985
103.579
105.949
107.097
106.212
106.588
106.589
105.958
106.191
108.49
109.612
112.123
114.11
114.787
113.487
114.387
114.967
117.029
117.863
119.484
121.518
121.598
120.787
121.432
122.619
124.514
126.072
125.963
126.51
127.066
127.393
126.425
125.005
124.534
125.146
124.279
125.085
125.524
127.01
127.868
128.403
127.824
131.29
132.906
133.789
133.57
134.374
134.934
134.54
134.261
136.525
135.99
134.736
134.5
134.083
138.042
139.4
139.698
138.359
139.225
142.164
141.056
143.755
142.245
143.237
145.499
147.286
146.825
147.93
148.592
146.878
146.543
147.315
145.777
146.407
147.024
145.238
145.09
146.114
149.289
150.26
148.991
148.599
150.742
150.454
147.567
146.841
145.763
145.75
147.442
142.508
143.726
147.25
147.766
148.462
146.197
144.941
142.812
142.464
140.998
142.297
139.36
140.259
138.158
138.054
138.711
139.441
138.357
137.068
136.923
139.372
140.093
140.613
139.308
140.733
140.676
141.733
141.777
139.435
137.851
140.037
139.884
138.493
136.241
135.502
135.577
131.756
131.89
133.454
134.613
137.048
135.596
134.479
134.256
133.639
132.476
129.875
129.854
130.825
128.846
128.438
126.205
122.425
123.077
122.174
121.05
120.858
121.318
122.27
124.779
123.653
125.916
124.904
123.463
124.205
127.079
124.906
123.781
122.337
121.237
121.427
119.643
119.348
118.584
118.015
117.505
120.9
121.735
121.54
118.284
117.189
115.081
116.954
116.612
118.76
119.198
118.754
119.1
116.998
117.253
116.624
117.374
117.632
118.105
116.625
115.903
116.64
114.42
114.72
113.153
112.277
112.974
112.529
113.603
110.382
109.734
110.701
109.088
109.74
110.904
111.223
112.603
113.631
114.892
116.187
116.802
115.271
114.79
115.147
113.589
116.645
113.475
112.631
110.9
111.333
111.028
106.556
106.436
108.183
109.789
109.1
110.375
112.138
113.919
113.362
114.218
113.612
115.519
115.205
118.223
118.198
119.227
118.668
120.711
119.972
119.517
120.572
118.736
118.563
118.763
117.201
117.688
118.434
119.715
118.09
119.253
123.273
122.984
123.277
122.12
119.381
117.687
117.105
115.437
115.399
115.616
116.514
118.263
118.264
119.409
119.021
117.163
115.316
113.858
113.752
114.571
115.505
117.033
119.422
123.675
125.438
125.488
125.478
122.148
122.095
124.387
127.539
127.941
127.505
125.653
125.821
127.691
127.941
126.929
126.966
126.773
125.943
123.43
125.221
124.399
121.625
119.179
120.849
119.811
121.61
122.313
122.766
121.398
120.716
119.203
118.162
119.046
120.095
122.321
122.737
120.826
123.281
122.245
120.134
119.246
119.49
121.29
124.27
123.55
127.421
126.673
126.326
124.768
122.805
125.755
128.776
130.17
128.608
127.027
128.366
125.547
124.385
123.941
125.613
125.503
124.342
126.447
129.7
131.357
130.53
131.317
131.57
131.065
131.229
129.577
129.654
129.804
132.314
132.993
134.943
133.979
133.202
134.275
133.695
134.525
132.624
135.931
135.248
138.226
140.719
140.724
143.288
141.711
142.77
140.413
139.398
138.966
140.918
139.525
138.869
139.813
140.103
138.535
138.989
138.941
140.954
141.21
141.182
141.46
139.356
141.576
144.166
142.171
140.244
141.45
138.811
134.892
134.116
129.74
131.805
134.962
137.587
137.312
138.027
136.545
135.736
135.281
136.373
137.074
139.736
141.303
137.884
140.989
139.269
137.942
135.929
135.439
137.097
135.889
134.281
133.98
137.288
135.548
133.192
133.587
133.627
132.298
135.196
137.285
138.66
139.245
138.069
139.408
135.437
136.316
136.752
136.817
135.556
134.768
129.881
128.647
129.304
129.137
128.207
130.376
132.279
131.13
130.475
131.09
131.819
131.773
128.426
128.462
128.217
126.874
125.753
128.071
128.108
127.916
126.49
125.77
126.285
124.752
122.993
120.955
123.795
125.518
125.524
125.017
127.155
124.058
122.555
124.612
126.69
127.256
126.361
125.963
126.441
128.761
124.484
123.586
122.56
121.168
120.65
120.513
122.633
120.325
119.916
120.97
120.962
121.145
124.035
125.827
124.657
125.186
128.182
125.68
123.948
124.16
123.58
124.973
123.972
124.859
121.697
118.452
121.264
121.998
123.287
121.672
123.976
125.433
125.523
126.816
125.684
124.823
122.763
122.241
125.193
125.695
128.427
130.493
130.278
125.325
128.059
125.868
124.56
126.372
126.687
126.616
127.324
127.865
125.697
124.61
128.827
129.963
130.209
132.132
132.903
134.974
131.981
132.225
132.369
132.832
132.123
131.313
130.609
131.863
132.214
130.267
133.698
133.639
130.731
128.358
128.998
130.519
