98.9898
98.8363
99.8235
98.5967
97.5654
98.9835
98.6082
99.5601
98.3179
98.045
97.0532
96.6359
95.771
96.6575
93.5661
93.8864
93.155
92.8507
94.7338
93.2055
93.5595
91.7132
92.6167
93.9356
93.7064
93.3769
93.9441
93.0891
94.9456
93.6595
94.3513
94.5078
93.854
93.4364
94.0625
93.1537
92.9347
91.9994
94.1218
95.3818
97.3274
96.5748
95.7246
96.8193
97.0548
98.1381
98.4162
98.0928
98.9108
98.1906
98.4703
98.5143
97.7384
98.3172
99.5234
100.743
100.784
97.6265
98.9093
96.56
97.1409
96.3563
95.2741
94.1746
92.8902
92.8133
92.2779
91.3678
93.5809
92.9249
93.4092
94.4816
94.4105
92.6578
92.9592
93.9079
94.6383
95.3953
97.0107
97.2364
98.4143
97.4815
97.9431
96.9578
98.4688
98.5763
98.7532
102.79
103.491
104.576
104.908
103.597
102.369
100.583
101.202
99.4124
101.166
100.001
99.058
98.218
99.133
97.6207
97.002
97.1016
96.4034
97.0881
96.6433
94.4149
93.2504
92.9516
92.0231
91.2784
92.2024
91.1208
90.207
91.5844
92.8953
93.3314
93.075
93.2043
92.9008
92.5059
93.146
93.9094
93.8777
93.0666
92.8864
95.5062
95.292
96.608
97.8052
98.9778
98.8069
99.9195
101.579
103.337
103.167
106.131
106.925
106.371
106.685
107.667
106.879
106.793
107.216
106.995
105.779
106.026
105.627
106.316
107.557
105.308
104.214
105.933
105.154
107.089
109.623
110.685
109.974
107.913
110.336
109.522
109.888
107.822
107.524
107.495
107.131
106.631
107.383
106.871
107.761
106.232
103.598
104.529
102.884
103.153
103.859
103.82
103.084
105.077
102.99
101.8
100.758
102.042
102.213
101.785
101.521
101.154
102.89
104.689
104.635
104.256
102.688
102.307
103.525
102.384
102.119
100.772
101.542
102.921
102.462
102.477
104.032
105.705
105.522
106.034
107.585
106.745
105.576
106.39
107.635
109.269
110.892
110.45
110.597
112.882
111.763
112.075
111.173
111.652
111.83
109.947
110.979
112.654
113.444
113.938
115.089
113.775
115.386
114.365
115.358
113.317
109.868
108.936
111.379
109.937
113.828
112.876
112.823
110.569
110.022
110.467
108.896
108.48
105.817
106.15
108.187
106.345
107.232
106.12
105.363
105.099
103.863
101.116
101.757
102.743
100.476
101.542
101.525
102.869
103.296
104.175
103.855
101.802
102.055
101.244
103.453
102.028
104.35
102.31
100.445
99.1026
97.9149
97.9008
101.632
102.206
101.477
101.403
101.655
102.984
102.914
102.964
102.518
101.663
100.806
103.037
104.354
103.37
102.25
101.685
101.967
101.586
100.234
99.6547
101.506
101.254
99.6333
98.7798
99.2923
101.187
99.7045
96.5228
94.7834
92.9386
94.1131
97.63
96.1924
95.9289
97.0539
96.6896
98.0135
98.7243
98.8978
99.6157
99.885
99.7672
99.5009
97.7666
98.6231
97.6503
96.7536
96.8794
96.0553
94.1941
93.5664
93.9351
92.1154
92.1143
91.4081
91.2996
92.0585
91.9422
92.5959
92.0669
92.0654
92.8706
92.2994
91.4345
91.1982
89.0633
89.6393
89.6185
91.1698
90.6647
89.9067
90.8738
88.5986
87.5214
88.6687
88.8206
90.1335
91.4763
91.4867
92.7441
92.5028
94.128
92.9891
91.1609
91.9679
91.2055
91.2108
88.8645
90.244
88.5398
90.3153
90.6438
89.9649
89.6054
88.9992
90.2159
89.6645
90.4167
87.9289
87.6177
88.5625
87.7567
89.1648
88.1376
88.3066
88.5848
89.6706
87.4158
85.7554
82.9594
82.5697
83.0824
83.2557
82.9301
81.2189
80.6998
80.3525
79.3041
79.4986
79.5223
78.3834
78.1798
77.4598
76.9703
77.0352
75.7987
75.6943
77.367
76.1522
76.4485
77.3843
75.4644
75.2333
74.3641
73.8638
74.7533
73.7477
73.3395
73.7445
72.83
72.7149
71.028
69.7259
69.233
69.8329
68.7988
69.5435
70.0783
69.3401
69.1646
68.6868
69.0809
68.2203
68.7652
67.2532
67.2841
67.074
67.0213
66.4533
66.0485
65.5825
65.8248
67.705
67.9424
68.1664
68.5015
69.5912
68.3794
69.0925
69.0888
70.0956
70.3684
68.6881
68.7618
68.6267
70.6818
69.4589
69.7413
69.8202
68.5328
70.1103
70.7432
71.7205
70.7076
69.6667
70.3616
71.1042
71.4529
72.922
71.5036
71.3907
71.2147
71.6186
71.0145
72.069
72.855
72.55
72.119
71.3015
70.924
70.9343
70.4527
70.3789
71.1534
72.6657
72.7775
73.3132
72.1848
72.1532
73.2777
72.8316
73.0144
72.0119
72.7328
72.8242
74.5638
75.4549
75.2122
74.3235
74.4158
72.497
72.7968
72.1019
72.5064
73.5123
73.8762
73.906
74.4785
74.1057
75.0356
74.2216
74.1534
73.7108
74.6367
74.1656
74.8066
75.6803
75.2452
74.8089
75.9173
76.446
76.0112
75.0213
74.8806
72.9427
73.6101
72.1387
71.5041
71.7348
71.2492
70.9962
70.5684
69.9961
69.4753
68.2778
70.5738
69.7193
70.6542
70.6461
70.0392
69.2713
69.9741
69.9002
70.509
70.1386
70.2759
69.8027
68.9137
69.3652
69.2678
68.2295
68.9009
68.8585
69.1857
68.3985
68.7039
67.7866
67.7172
67.2205
67.094
67.821
67.7991
66.2438
66.564
66.3409
67.9745
68.5043
66.7067
66.3434
66.7526
66.5932
68.3982
68.5316
68.2067
67.7825
68.1419
67.7509
67.7559
67.8912
68.7372
69.1947
68.4655
68.1725
66.4839
67.4425
67.007
66.5539
66.6957
65.5197
64.6155
65.6069
64.9759
64.7972
65.2874
66.117
66.3485
64.8488
63.5259
63.8907
64.1122
64.0951
63.5411
63.0128
61.8248
62.1727
62.7599
