98.3774
100.608
99.2646
97.7951
97.4897
98.1524
96.571
96.5469
95.6109
93.6117
92.8183
95.896
94.3482
91.3305
90.524
88.3095
88.2238
89.6288
88.2406
87.2629
85.6308
82.3831
81.6423
81.398
81.7525
81.8123
83.538
84.2813
83.8452
84.1975
84.1063
85.2795
84.6513
83.2957
83.0467
84.0294
82.758
83.6477
83.2893
82.0255
80.8275
80.4959
80.0916
80.1143
79.5981
79.9991
79.2734
78.1765
79.6348
78.0664
76.9743
77.4588
76.7488
75.9837
78.1439
79.6176
77.7529
78.1004
78.3303
77.7048
77.7183
76.8629
76.5826
75.341
74.3327
75.8274
75.7947
76.6936
76.064
75.6351
73.6246
73.8614
72.8793
72.9704
72.0051
72.5326
71.8782
72.8692
72.2572
72.4746
71.6894
70.7851
70.5559
68.9767
69.6985
69.53
69.6142
70.2776
71.1684
70.4591
70.3955
68.616
68.879
68.2299
69.0801
69.6055
69.3052
69.2631
69.0095
68.9732
68.2963
69.2867
68.5291
69.773
68.8867
69.345
68.5183
69.0444
69.2067
69.3686
69.5966
71.817
71.3292
71.2862
70.0394
69.9107
70.9677
71.8133
71.7403
72.2702
73.1465
71.8694
71.514
69.51
69.404
68.5369
69.7432
70.0499
70.1619
70.0728
68.9557
69.1871
68.7576
69.6016
70.2449
68.181
67.7247
69.5403
69.8146
69.2496
69.1763
69.1654
69.99
68.7865
68.8537
68.4803
68.3971
68.7224
68.3647
68.7305
69.1956
70.2339
71.5855
70.8926
70.9952
70.165
70.212
69.7064
69.5202
69.7433
71.3977
70.997
69.7849
69.2765
70.5302
70.2863
70.4236
70.2592
70.4706
71.2198
69.8913
69.6747
69.0179
68.6614
68.6622
69.9915
69.4578
70.6998
69.9043
70.9961
71.0894
71.6873
70.8445
70.625
70.9293
70.2231
69.7519
69.2898
68.4524
68.6697
69.2257
70.4657
70.0608
71.0879
71.4992
71.5912
72.2171
71.0524
70.8102
71.6164
71.7888
69.8861
68.9148
71.3378
70.0619
69.6289
70.501
69.1018
69.0428
67.8014
68.4531
68.416
68.3978
68.7018
67.6373
67.1237
66.3947
66.6055
67.2693
66.6557
65.1291
65.7176
65.1944
65.2401
64.6761
63.3745
63.8173
64.3467
64.3603
64.073
63.3932
62.3866
63.8345
64.8316
63.2658
63.5901
63.62
63.6701
64.9484
62.9307
62.287
60.4874
60.7701
61.4295
61.3004
62.3782
63.3286
63.5886
64.1329
65.2955
64.2344
66.1227
66.115
66.002
66.3439
67.5907
67.4109
66.6066
66.7006
66.8185
68.047
68.5079
67.6484
66.8501
68.2898
69.1284
67.8767
67.2445
67.2696
66.2671
66.4605
67.7733
68.5575
68.8151
71.2367
71.0133
70.1827
70.193
70.6186
69.3008
71.3235
71.3672
70.5648
71.0669
71.6223
70.8508
71.1021
72.3215
72.9289
74.0182
73.5686
73.431
74.445
73.3743
73.9581
74.0399
73.0707
72.3597
73.1322
71.372
72.5926
73.4119
73.8066
75.5256
75.0614
75.0117
77.4717
77.5869
75.9611
76.3525
77.0709
77.2114
75.3803
75.34
74.8141
74.8356
73.5036
73.8803
73.5599
72.9492
72.4128
73.3287
73.7346
73.2615
73.7986
73.7068
73.3768
72.8594
72.6792
72.4978
72.8652
73.2846
73.7892
72.6607
72.3479
73.6611
74.3949
73.4116
73.9334
74.719
73.9922
74.8154
74.5306
74.7099
74.6377
73.5825
73.1591
73.3628
72.9145
72.2837
72.4455
73.5005
73.1899
74.0858
72.6411
71.85
72.1347
70.8975
71.094
69.8638
70.144
70.8452
72.5723
74.3279
75.2833
76.3011
76.9736
77.6719
79.135
80.3985
78.2444
78.1316
79.528
80.0649
79.7006
80.0029
81.8259
81.5492
82.0537
81.8687
82.2139
82.7863
82.6163
81.7787
83.3184
82.6319
82.5161
81.2892
83.0758
82.7149
83.0808
83.2123
81.7194
82.481
82.7194
83.4844
84.1582
83.1115
81.4683
81.0176
79.8987
80.1647
79.4855
77.5611
76.9238
76.7394
76.8991
77.6475
77.9432
79.6744
80.8856
79.9554
79.8421
77.4327
77.5269
77.5373
78.3586
78.934
80.2381
81.6747
82.2012
83.0206
81.9243
82.6157
84.0316
85.4869
84.4948
83.4003
83.1229
84.759
84.6828
84.3218
83.8895
82.8565
82.505
82.2876
82.7423
83.0159
82.2354
82.9321
83.3134
84.1572
85.8431
84.9568
85.4405
86.3316
84.375
84.182
84.5522
84.6914
85.7545
84.9555
85.8841
85.8843
86.9447
87.1345
87.1079
88.4139
88.5592
86.1168
86.8072
84.8082
84.858
85.6385
84.6207
83.5663
84.2312
82.2028
82.6463
83.9257
84.1186
83.7969
84.2636
85.5905
85.6371
86.1827
88.0651
89.5573
88.611
87.7809
88.016
89.7053
89.122
89.0148
90.0097
88.7432
89.4734
89.5258
90.6843
91.9111
93.502
95.0315
97.4546
96.8761
97.3708
94.768
94.0438
94.284
94.1771
96.0625
95.2344
96.5295
96.1953
95.8845
93.0649
94.7164
94.5735
94.8408
94.9591
94.1033
94.549
92.5958
91.0029
91.755
90.4969
89.393
90.8383
93.3684
92.7397
91.4245
91.7565
91.3492
93.044
92.2461
91.3818
91.5353
93.3624
93.8255
92.6424
92.7957
95.5077
93.1724
94.6224
94.1654
95.5146
98.0307
97.7659
99.9173
98.5328
98.0136
97.9274
97.9745
97.3948
97.959
97.7024
97.5438
98.2422
97.8598
98.154
98.632
99.0091
96.2587
95.1327
96.527
97.0908
98.8992
98.3266
100.16
101.976
99.1213
102.293
103.159
104.582
104.142
104.51
105.412
106.752
107.953
109.331
107.112
107.348
104.33
104.545
104.04
104.127
102.539
104.847
106.199
107.113
106.741
108.106
109.762
109.801
108.752
109.438
109.928
108.423
108.479
109.747
111.427
111.187
109.397
109.15
107.078
106.405
106.635
106.658
107.325
108.774
108.479
