99.6447
99.7605
98.4146
99.0952
99.5506
100.514
100.99
101.171
101.948
101.42
99.6829
99.3129
100.668
101.81
101.755
102.712
103.063
102.609
100.412
100.406
99.7944
100.168
100.472
101.321
101.579
102.774
100.796
99.4219
97.7001
100.487
99.3867
100.084
100.503
101.226
99.2981
98.5143
97.6473
94.9411
94.0932
94.6827
95.8688
95.6176
93.7964
96.3969
97.0218
97.5756
97.0764
98.1894
97.3314
97.2509
97.2344
96.6869
96.891
99.1349
98.8139
97.6025
97.2038
96.7384
96.4393
95.4601
95.9054
96.3662
96.3048
96.5346
97.1037
95.024
94.8737
97.0693
96.8743
96.4953
95.7488
95.1938
95.4058
93.9224
93.5696
91.4513
90.9987
90.8491
90.6784
91.0675
90.466
90.6593
89.7409
89.2384
86.7056
87.1553
90.444
91.6578
91.4122
91.1082
90.7362
93.4201
92.5279
91.2068
91.2713
91.3743
91.3505
91.6748
91.2457
90.7071
91.49
92.7702
90.9101
92.0162
92.5478
93.3239
92.6347
94.1663
93.5639
92.8645
89.7942
87.5483
87.3252
87.377
85.432
85.952
85.6946
86.59
84.3445
84.0985
85.6799
85.5048
86.6437
86.8621
87.6835
87.3984
86.2901
87.4876
87.4466
86.0604
85.9618
84.8355
83.5785
84.2563
85.4318
85.8272
87.6657
88.0636
87.5684
88.9519
89.3921
88.784
89.0924
89.3297
89.7668
88.7205
89.0906
88.6503
89.6566
89.4129
90.0738
90.8428
88.8528
87.5809
86.728
88.0984
88.8466
88.528
88.417
87.4897
85.4037
86.3169
87.6983
88.8992
88.2437
89.4161
91.6432
91.8351
92.5613
92.3973
92.6466
92.8894
90.4498
92.7123
92.4935
94.1367
93.686
90.0379
90.9455
92.0612
92.9944
92.0225
92.6404
90.8437
89.9077
89.0328
88.0608
87.7984
87.3291
87.7999
88.5729
87.1982
87.38
88.0921
88.7332
87.8234
88.576
90.3385
89.8747
89.5653
89.6653
90.4431
91.0934
90.4404
90.8665
91.9455
91.1189
89.0704
89.7618
87.8732
86.2884
86.6272
85.6058
85.2484
85.1439
85.1275
82.5581
83.7547
84.1845
84.748
83.8002
84.5735
83.8268
82.0772
83.7699
83.6336
83.539
83.2288
83.0764
84.2121
82.7849
84.3067
83.2315
83.5433
83.7275
83.75
83.7017
83.3852
83.6213
83.6969
84.742
86.015
88.1558
85.2204
83.8412
83.229
83.5334
82.4079
83.4839
83.2687
83.5588
83.1151
82.8192
82.7687
83.5798
84.1824
84.4392
84.319
82.4425
82.6128
85.9954
84.2539
82.3732
84.3698
83.0105
84.0657
84.7611
84.6045
83.7057
83.4912
84.1022
83.9161
84.8791
85.3211
85.0264
85.8102
86.3394
87.1483
85.8104
85.7479
84.8501
85.1577
86.6971
86.9279
86.2184
86.7678
86.9535
84.9097
85.0753
85.1033
85.9513
86.3091
84.4404
86.1209
85.8984
86.3162
86.4104
86.6673
86.9076
88.1739
87.0012
88.2152
88.7293
89.726
87.9987
89.4358
89.1314
87.909
88.0728
88.3255
87.8025
88.0645
87.4536
88.1754
86.8261
87.1453
88.1618
88.6702
89.2378
88.8171
88.1345
88.2401
87.0061
85.6346
86.6066
86.264
86.5757
86.162
87.1011
88.7451
86.7893
87.9023
86.961
87.4985
87.6642
86.822
84.9665
84.6488
85.1745
85.3795
86.2326
87.1512
87.8074
84.9783
85.987
86.0325
85.7212
88.8596
87.6155
87.7047
87.5192
85.7357
84.6034
85.4334
86.2464
84.2123
86.2201
87.0639
87.2488
86.5014
85.2844
87.6813
88.284
88.1322
87.9716
88.0241
88.3463
87.9143
86.1975
84.8131
85.1545
85.2477
82.9165
83.2692
83.2571
83.8102
82.1352
83.2609
83.205
82.0283
82.9353
81.6054
80.5385
79.0548
78.8899
80.9525
81.2618
82.1205
80.9463
83.7479
84.6956
83.1332
80.6419
82.1181
81.0209
84.1722
85.4404
86.3573
87.1625
87.1174
87.7022
87.6957
87.9845
87.5391
88.8571
90.0809
89.3963
88.0824
88.115
88.1906
87.725
87.3111
87.306
88.1835
88.8242
89.0243
88.4771
90.1034
90.847
89.9519
92.5598
91.3758
89.6845
89.9099
88.9079
88.2975
89.7229
90.4528
89.9858
91.5011
92.122
92.388
92.6047
91.6933
92.0224
93.2092
94.0054
94.7378
96.197
98.1979
96.709
94.8355
92.5774
92.4887
91.6402
89.741
88.3911
88.7416
87.5277
88.3475
87.067
87.9847
88.7342
88.5828
87.4542
86.9735
86.0391
86.0468
85.8189
85.9251
87.4345
85.8622
85.5314
84.5638
83.2413
81.7441
80.6234
80.661
81.9427
82.1597
79.9886
80.393
81.531
81.0411
80.8044
81.3902
81.5948
82.7953
82.8876
83.2348
84.3873
84.6371
83.0768
85.9039
87.2368
86.3421
85.9051
87.7711
87.3527
87.7166
89.2291
88.6543
89.8482
89.3932
90.9393
91.2655
91.047
90.0171
85.8245
84.9552
86.028
85.5301
86.4433
83.5651
84.7536
84.4651
84.8886
85.2505
83.8642
86.8138
86.3146
85.1435
86.1698
87.1258
86.3215
86.8382
87.8583
88.4389
88.3041
87.7984
86.7852
86.7726
87.0426
85.7714
85.9783
86.6976
87.4336
88.2041
87.3326
87.4998
88.0069
88.0094
89.6123
88.727
88.0444
86.3686
84.7109
85.4209
86.0442
88.6387
87.878
88.4391
86.4344
85.401
86.1047
85.7118
85.3963
85.9367
85.5344
85.1589
85.0503
85.6596
85.3724
84.3954
83.1888
81.5366
81.3332
81.591
82.1873
81.7755
81.6091
82.6971
82.4933
84.008
83.7981
82.5919
80.9092
81.6411
82.3471
83.1201
84.5454
83.8947
82.6879
81.1263
80.3523
80.0126
79.9312
82.1475
82.8437
82.2737
81.5258
80.4984
80.0405
79.1631
79.1113
79.314
78.77
78.4496
80.026
79.9831
79.3596
79.0239
78.8115
79.6206
80.6578
81.1105
78.7718
76.4964
76.0022
77.2009
