97.6307
96.8944
97.2497
95.1453
93.7784
93.9177
94.1485
95.7099
93.8047
92.9174
92.0397
91.7586
92.5737
91.3468
92.0095
92.8024
94.0702
93.7964
94.3105
95.299
93.4969
93.4432
92.7508
94.2343
94.4377
93.1544
92.713
92.3842
93.8662
92.6822
93.8739
94.2677
94.2351
95.7588
96.3748
96.2073
93.4577
92.1408
91.1055
91.1173
89.0987
87.9782
88.4664
88.2206
87.7423
85.8078
86.1258
85.8836
84.6429
85.4137
87.1014
87.8026
86.9259
87.506
86.8973
86.0574
85.218
85.9336
87.1629
88.3328
86.3733
87.2652
87.2772
88.0482
89.9419
91.672
90.3532
89.9003
91.4077
90.9472
92.0101
93.9629
97.1392
95.5069
94.8978
94.9086
96.8646
96.2148
97.0659
96.3164
96.3177
95.2789
95.9168
96.1693
95.2081
95.2202
92.44
91.9775
92.8681
92.1091
91.7408
91.3469
91.1395
92.0107
90.0198
90.7308
92.0965
93.0016
92.3434
91.2227
92.7773
93.9357
93.7996
93.0093
93.5071
94.697
95.011
97.3221
96.7089
96.7385
96.429
96.7308
96.5225
96.8884
99.1533
99.7842
97.8764
98.8464
98.4168
99.9308
98.6249
99.2441
99.5271
98.4864
96.3581
97.4557
96.5282
97.4867
97.6829
96.3719
98.224
99.0435
99.677
98.9346
99.4283
96.6376
95.942
96.7751
96.8888
95.9125
95.5133
98.506
99.8341
102.969
101.214
100.509
99.605
99.897
99.8069
99.4449
100.091
99.8427
100.401
100.303
96.1864
95.0501
95.8612
95.5304
93.7941
94.2881
94.0765
97.0418
97.0338
97.642
98.576
98.0914
97.5996
97.1784
98.9022
98.9028
99.3461
101.726
101.105
99.911
99.4948
98.084
97.1809
95.6332
94.9285
95.5076
95.1838
95.8174
93.6547
93.4446
92.3747
93.8491
94.2033
93.6221
94.8899
94.8067
95.8454
95.1566
96.1002
97.3944
97.6978
99.6924
100.762
100.84
102.887
100.142
99.4229
98.7902
98.8174
100.991
100.272
100.697
99.244
96.9335
95.7973
96.1667
96.6411
95.0513
95.5902
97.5451
97.0257
97.4741
95.919
96.552
96.6377
97.5054
98.0161
97.9856
100.503
102.275
102.014
100.565
101.769
100.2
99.5095
100.223
100.877
99.1239
98.0433
98.9683
98.1161
98.058
97.6885
98.0914
98.4634
97.5783
97.356
96.8238
96.6258
94.5051
95.2828
93.4657
93.6551
94.547
93.3437
92.8012
91.8385
90.7715
91.6676
92.5753
92.2389
89.2658
89.0511
87.7167
87.0901
86.7344
87.6113
86.8439
86.9563
88.0351
89.3815
88.2422
85.3697
85.4723
84.9871
85.1084
84.1045
86.7505
88.1819
88.848
90.0522
90.6853
90.4449
89.6814
89.0112
89.5401
89.3599
88.6269
87.5653
86.7678
85.8839
87.5156
86.5087
88.4961
88.0923
88.8802
89.165
88.9485
89.3297
88.9553
90.2582
89.1739
89.775
88.8061
87.8601
86.4497
86.8418
87.6316
88.925
88.5571
87.9349
88.5248
88.9568
87.5509
86.463
87.0761
86.6412
89.0642
90.1174
90.9526
91.2225
91.031
89.0465
87.093
84.8854
85.5459
85.8925
86.3271
86.5013
87.5825
87.9702
88.046
89.6864
89.7332
88.2098
86.9823
86.6432
85.2247
85.0722
85.4709
86.2243
84.9326
86.3696
85.4321
87.3426
86.3795
85.7521
86.7928
85.705
86.573
87.3345
87.0053
84.8109
85.1174
86.61
87.6359
86.1498
84.9914
85.7225
85.2565
84.6229
85.9166
83.8568
84.0595
83.4297
82.3333
83.381
84.0539
84.8206
83.9144
84.6935
84.3951
82.9951
83.8673
84.3197
82.6161
81.1676
83.3136
81.8128
83.5863
83.4753
83.711
84.041
82.8021
83.7368
83.4968
83.6675
83.3556
81.4898
79.2564
78.0967
77.9479
78.6769
79.1624
77.4875
78.4533
77.9741
77.9457
78.7424
76.273
75.6863
75.803
75.7575
75.4033
75.4158
74.1241
73.4256
73.9671
72.5872
71.2602
72.2774
74.0026
74.6759
73.6241
73.6026
73.9317
75.9758
77.4879
79.0166
77.0405
76.2434
77.5035
76.72
76.4676
75.701
74.8991
75.0036
75.6567
76.1929
75.8967
75.5384
75.4054
75.5084
74.3656
74.6908
73.4897
72.5018
71.8768
71.8045
71.6667
72.3743
72.5239
72.0945
72.7283
72.2222
72.7376
70.6348
70.7904
69.8039
69.9831
71.3637
70.0708
70.2598
70.0922
70.7457
70.4208
70.4461
69.6555
68.8438
68.4449
67.3594
68.2123
69.3502
69.5981
70.2157
69.9352
70.7597
69.299
69.179
68.9287
70.217
70.3154
71.9687
70.2306
71.8148
70.7047
70.1639
68.9824
70.1885
71.7801
71.6936
72.6963
73.6347
74.1963
73.9333
75.2026
76.0349
74.6711
76.5746
76.8461
75.9412
75.5631
76.3832
76.7283
76.6453
75.4784
75.9452
76.9046
74.9847
73.4356
71.8326
72.0989
72.106
71.016
71.081
70.6629
70.4055
71.4046
70.8141
70.0412
70.0504
70.0401
69.7575
69.9091
70.355
69.8001
69.3524
70.7382
71.6712
70.966
71.6083
72.815
71.4769
71.2032
72.2371
74.4478
75.71
76.7943
76.5827
76.0066
75.4557
75.9875
75.3161
75.9267
76.4094
76.6971
77.1309
77.7137
77.7414
77.1066
77.2305
77.1661
77.921
77.9447
79.5488
78.35
76.4396
74.9513
75.2954
76.6529
76.625
77.1474
76.3742
76.4309
76.1353
75.999
76.1212
77.1023
74.1205
73.9122
72.7698
73.1739
73.7919
73.5861
74.7119
75.6768
76.4784
75.7962
74.6861
74.8131
76.9326
75.2878
73.5805
75.0157
74.1999
74.4981
75.926
75.8391
75.7425
74.1997
72.9026
73.1178
72.6514
73.1826
73.4373
73.5744
74.0708
72.4731
72.2497
71.0363
70.2448
70.7355
70.775
71.2852
71.3982
71.322
72.3027
71.7635
72.2181
71.296
70.2772
70.8747
71.6556
70.9526
69.7811
68.1083
