98.7133
97.0748
96.5433
96.5046
96.072
97.0759
93.0839
93.1144
92.2665
93.6728
96.0115
96.3672
98.0724
97.395
95.0906
94.5654
93.5579
91.418
90.029
90.3419
91.0108
92.4604
93.3058
92.5636
92.1246
91.2267
92.0316
91.1796
89.1234
91.1182
91.1287
90.961
89.6852
88.0686
89.1382
89.5516
89.1411
88.7789
88.3037
89.3044
90.4471
91.4136
92.1864
93.5103
92.4268
91.9885
93.0847
93.7822
93.0883
95.3418
94.8106
91.3924
91.6203
92.4644
93.498
95.0695
92.1738
92.206
92.5587
94.3004
95.5398
94.2322
95.4707
95.731
97.0178
95.5949
95.7791
96.5084
97.255
96.4267
96.858
95.8185
94.3389
94.0557
93.6188
95.3042
95.9124
96.6854
97.4032
98.4608
98.9752
99.3857
99.3132
99.0468
98.8966
99.116
99.5681
97.8575
97.0474
97.0632
96.1077
97.4454
98.4681
99.8664
99.8255
99.1698
100.047
101.636
100.065
97.9536
98.3842
98.3967
98.6534
97.1484
98.1801
97.5222
98.4183
97.1075
96.5247
97.8406
97.2441
97.1595
97.1147
95.6424
94.1886
92.0272
92.7842
93.9869
91.594
92.6205
91.7279
90.9678
90.5909
91.2565
92.5253
91.6127
90.2879
89.7932
91.1054
92.5136
88.3736
88.6377
90.056
89.1452
89.949
91.3034
91.9684
89.5249
90.6229
90.5022
90.1066
90.1139
89.5657
89.2038
90.4316
89.1406
90.1276
91.3707
88.4797
89.5588
90.1029
89.6764
90.4598
88.7388
86.7968
86.5843
86.6441
84.7239
84.3415
84.9655
84.0341
81.5012
82.7655
82.3713
82.4821
81.6132
80.2932
80.2577
81.8917
80.97
81.8254
81.3873
79.7161
79.3532
78.9365
79.0886
76.4845
76.2146
77.5692
77.9686
79.3569
78.426
78.2961
77.4063
77.3379
76.0802
75.728
75.692
73.4837
73.075
72.3755
72.4239
73.0197
73.6935
72.6237
71.9207
70.1059
71.9179
71.2022
71.1082
71.1334
69.2048
70.1633
68.5033
67.4123
66.3195
64.2756
65.0067
63.4387
63.6353
63.7127
62.5068
63.0022
60.7885
62.6586
62.5022
62.618
62.7177
62.244
62.9153
62.5241
61.8633
60.4531
60.4775
61.016
61.8616
61.1509
61.8937
61.531
60.9962
60.1948
60.2395
60.4904
60.8298
61.1873
62.0261
60.7156
60.1058
60.0893
60.4177
60.7163
61.8011
60.6259
61.3709
60.5069
60.2186
58.7195
57.8272
56.3576
55.2211
55.0749
56.2257
56.5297
55.931
55.6566
54.7716
54.7057
53.5804
53.4638
52.6611
52.2563
53.1036
52.5098
52.2921
52.4158
51.6128
50.8434
49.3413
49.7568
51.2661
52.1064
52.1683
53.7338
52.9444
52.4705
52.1604
51.8348
51.4322
50.7597
50.6814
50.6516
51.4169
51.361
50.1493
49.7971
50.1437
49.9956
49.0153
48.5201
49.0214
50.9348
50.6233
50.0981
50.1127
50.29
49.9019
49.6136
50.5328
49.3867
49.6783
49.9104
49.1727
49.9131
50.0265
51.3992
52.2808
51.6213
51.2012
50.4554
50.4484
50.3677
50.6082
50.3088
51.083
50.8597
50.6784
51.0798
51.0363
51.37
51.3799
50.5688
50.1004
50.0075
49.643
50.2462
49.5576
49.6737
49.7698
49.3929
49.7043
49.7393
50.2813
51.1567
51.5942
52.4837
53.3134
52.6637
53.7539
54.0213
54.7323
55.6634
56.5353
55.7648
55.9802
55.2775
56.4969
56.0032
55.5544
55.3321
54.4305
52.9279
52.8392
53.0009
52.8519
53.6497
54.696
54.0239
53.3633
51.997
52.6935
52.8508
54.2278
52.8045
52.8611
52.925
53.2027
52.8987
51.7288
51.3026
50.8323
50.2096
50.1755
49.6046
50.1094
49.577
51.2105
51.6084
52.1436
52.2109
52.5951
52.2906
52.6711
52.884
53.0849
52.6272
53.2336
53.0697
52.7789
54.1592
54.4667
53.9762
54.0168
54.8131
54.0988
54.9464
54.9054
55.7324
56.52
56.9805
56.6348
56.2431
57.3652
56.6218
57.0654
55.6767
55.3592
56.6347
56.8101
56.5362
56.9128
55.2942
55.4669
54.772
55.2131
54.8509
56.1275
56.8349
56.0085
54.9686
54.6999
53.1751
52.2384
51.8326
51.8025
51.6669
51.3639
50.9908
50.5303
51.2252
50.9668
52.0426
52.5556
52.8216
54.4026
53.7939
55.2266
54.6303
54.094
54.0295
53.5492
53.6451
54.0955
53.4247
53.044
52.7673
51.9312
50.8819
51.8957
52.8088
52.3236
51.8434
52.5765
52.6084
52.8875
51.4813
50.7925
50.0819
49.7361
48.8671
49.0672
49.8271
48.8582
49.0225
48.8562
47.8516
47.5001
47.6556
47.819
49.1875
49.1058
47.837
46.3007
46.4913
46.6998
46.6635
45.9102
46.1698
45.9474
45.8208
45.8579
46.267
46.0255
46.732
46.5925
46.8363
46.4276
45.2752
46.5382
46.4141
45.941
46.0484
45.508
45.7913
45.3916
45.7126
46.2716
46.3237
47.3723
47.4403
47.8864
48.2042
47.744
47.1466
46.7747
46.5813
47.1334
46.3974
46.8198
46.6764
46.5239
46.9604
46.4823
45.7798
46.2282
46.2936
46.441
46.0499
46.0108
45.3276
45.1401
44.8657
45.3207
45.6676
44.8392
44.0515
44.373
44.1475
44.549
45.0212
44.442
44.6328
45.3924
45.5896
46.5076
45.4159
45.0739
44.4998
44.456
44.2106
43.9978
43.3683
43.5403
42.9829
43.1724
42.8625
42.1294
42.114
42.4964
41.0879
40.7685
40.3944
39.9627
41.0621
40.6965
40.8272
42.1659
42.7869
42.9282
42.994
44.2332
43.8999
43.9855
43.6032
43.428
42.703
43.092
43.1501
43.4655
44.1309
43.8686
43.1178
42.7754
42.8799
43.9032
44.7954
44.7421
45.8334
46.1892
46.6345
45.4798
45.6837
45.8159
46.2216
46.3066
45.1603
44.5271
44.9277
45.6642
45.3364
45.2806
44.5302
44.2973
44.024
44.0922
43.6191
43.2352
42.2626
43.5139
43.9031
44.3355
