98.7293
96.4772
97.8812
99.8477
100.498
98.6244
99.0833
98.2689
97.7292
99.6902
98.9661
101.43
99.3915
101.714
103.538
100.69
104.149
102.632
103.692
105.746
108.175
111.245
109.615
107.862
107.084
108.99
110.312
112.242
110.543
112.925
112.873
115.197
116.756
115.44
114.158
113.374
113.97
113.145
114.896
114.058
110.699
109.286
108.821
107.579
107.5
108.261
106.839
110.369
110.231
110.409
111.714
112.901
113.09
112.428
109.885
110.775
114.181
115.075
115.422
116.757
118.264
117.995
117.434
120.134
119.106
120.762
120.816
120.088
120.717
118.663
120.965
121.048
120.846
116.118
120.305
120.613
118.935
121.535
122.609
122.31
121.313
122.567
121.458
121.314
119.358
120.329
119.167
120.784
120.915
121.567
119.515
117.142
115.754
114.294
113.989
114.222
114.101
113.57
112.871
114.768
113.082
111.803
113.479
112.464
112.902
113.205
112.696
112.959
111.042
107.571
106.623
107.254
104.036
104.688
104.723
104.507
106.775
107.186
106.154
109.013
110.607
108.971
108.95
107.71
106.256
104.08
105.611
105.82
105.947
105.407
106.225
105.974
105.591
104.169
105.061
106.165
106.94
104.932
105.223
104.385
104.522
101.991
105.15
106.192
106.655
108.149
109.926
110.197
110.51
110.873
110.687
112.484
110.123
108.695
106.715
108.382
110.051
111.371
109.836
105.884
106.239
108.076
106.896
107.838
107.403
105.899
105.683
103.711
103.965
106.33
106.457
107.256
109.256
107.771
108.508
108.518
108.46
107.19
103.866
103.189
103.514
105.075
104.85
105.985
106.809
107.667
107.48
108.349
108.904
107.398
105.985
106.947
106.57
107.474
109.042
109.302
107.037
104.934
105.426
105.211
104.929
105.19
104.47
103.123
103.501
102.921
104.412
103.616
103.081
103.962
102.467
100.509
100.691
99.1488
99.1394
99.8491
98.1593
98.0443
98.9811
99.0594
97.1354
96.3591
96.0991
96.016
97.1562
96.6593
96.509
95.8277
97.2187
95.8233
97.1672
97.0288
98.638
99.0959
99.9737
99.9316
99.8013
97.7969
98.2671
96.4572
100.254
99.6875
100.962
101.85
101.748
104.275
105.963
106.295
105.674
104.701
102.071
102.95
102.841
104.149
104.398
103.158
105.987
107.859
108.383
107.973
109.848
110.8
109.392
111.704
110.488
109.803
111.84
112.2
112.129
111.957
112.916
113.727
113.241
113.744
116.306
116.236
114.146
114.149
115.391
115.91
116.57
117.312
116.613
117.707
117.431
118.12
120.067
119.149
117.929
117.479
118.571
120.516
118.454
119.962
121.517
121.289
120.869
119.341
119.824
118.423
119.117
118.846
118.942
118.143
117.971
118.218
117.111
117.219
115.324
115.166
117.444
118.105
118.257
118.516
116.931
115.88
118.188
116.56
116.374
118.062
118.219
117.201
117.542
118.438
120.693
121.391
118.702
118.443
120.674
120.179
118.899
119.334
118.161
116.333
114.699
114.561
112.99
114.032
115.567
115.944
117.852
117.59
118.503
116.923
118.128
116.92
117.654
117.018
118.697
122.011
121.859
120.514
123.616
124.488
124.717
122.954
123
119.776
120.403
122.318
121.126
120.881
118.719
120.638
123.72
124.875
125.045
124.009
124.377
125.175
126.204
124.644
123.176
122.853
124.07
124.781
125.682
127.948
130.628
133.21
134.478
133.425
135.184
138.955
139.557
140.53
143.191
143.616
144.712
144.349
145.339
145.806
145.895
147.327
148.091
147.203
145.86
144.4
142.844
145.442
146.093
144.117
145.123
145.592
142.737
143.458
143.655
146.416
145.271
144.578
142.664
142.981
145.979
148.571
147.979
149.968
148.664
149.888
146.706
144.422
145.4
146.892
146.985
147.957
146.965
148.455
150.314
149.059
148.917
147.021
145.142
147.207
147.409
147.399
150.155
150.791
151.193
148.897
147.917
147.423
148.031
152.949
151.68
152.212
150.218
148.558
151.283
150.487
153.713
151.206
152.929
152.497
149.816
148.464
150.538
147.892
145.681
145.909
144.228
140.157
138.202
136.972
138.109
140.877
139.303
138.955
137.549
138.826
139.341
139.252
137.576
136.255
136.293
139.389
138.845
138.882
138.108
142.1
144.835
143.78
142.46
143.901
144.386
145.036
145.788
150.085
152.349
150.457
150.852
149.571
150.815
148.567
149.439
150.624
149.27
148.547
148.784
147.425
147.935
148.524
145.666
144.982
146.886
143.686
140.843
139.173
138.863
138.233
139.186
143.786
141.989
139.975
141.588
142.974
142.039
144.425
142.902
140.381
142.304
145.348
146.399
146.47
145.469
143.29
142.759
143.965
144.171
144.435
144.771
144.222
145.399
146.213
142.598
139.628
140.52
142.687
146.465
143.489
146.168
147.599
148.991
148.842
151.139
147.073
145.489
145.062
142.544
143.251
141.523
142.164
140.801
139.001
138.036
136.397
135.578
140.072
138.518
137.934
136.296
134.311
134.663
138.928
137.92
139.119
137.584
140.226
140.678
139.282
136.206
137.4
136.325
135.571
135.885
137.392
135.936
133.777
131.072
128.687
128.462
128.99
126.746
127.178
126.46
124.257
124.384
126.554
127.049
128.479
130.843
132.335
133.937
133.646
132.679
132.734
133.884
132.82
132.15
130.41
131.456
129.3
