97.7153
96.8515
97.5866
96.2443
94.7714
94.4567
92.8961
92.0597
91.9845
92.3639
91.4236
91.0274
89.3044
89.6499
90.0979
90.8829
89.9716
89.473
86.6454
86.4727
86.5922
86.4207
87.4512
87.5556
90.0431
90.4854
91.0297
88.0914
87.6253
87.9115
88.0792
88.4408
88.7017
89.23
88.3993
88.0799
88.4775
88.0921
87.1656
85.7804
84.3106
83.5821
85.1841
84.7466
83.8009
83.2497
84.6697
84.8125
84.1009
84.5154
83.8199
83.6416
84.1143
84.6505
85.4914
84.2441
85.7742
86.0242
85.6589
85.2189
84.9773
86.3886
87.0412
86.5129
86.9524
86.2855
86.8583
87.183
86.6969
87.3648
87.3414
86.225
85.8184
85.7729
86.3033
86.3467
84.8522
86.84
87.4258
87.9477
88.3663
87.9288
88.4449
88.6
87.5821
86.3857
87.7494
87.417
84.6828
84.0227
85.1756
87.1041
87.7567
89.4175
89.9758
90.1003
89.7554
90.4471
89.0157
88.5429
87.6322
86.1938
86.1744
86.3844
86.4605
86.3706
86.0839
87.8001
86.1409
86.3886
84.1319
84.2439
83.5095
83.5878
86.2512
86.425
89.1683
92.4059
91.8062
93.6276
94.0313
94.2941
94.0197
93.7667
93.7303
94.946
93.0991
93.5982
93.1946
92.8381
94.4576
92.7218
91.9457
91.7833
90.6904
88.6603
89.0855
87.7499
87.2341
88.0973
88.6751
89.4576
87.4748
87.8192
88.2518
87.7422
88.4817
90.347
89.2063
91.9973
92.5538
93.6206
93.5901
93.6734
92.7888
93.5011
93.6517
95.4394
96.0331
95.2487
94.7577
94.7532
94.6227
94.7798
95.9037
94.7324
97.1356
98.089
98.2019
99.8235
98.7239
99.4827
99.1246
99.0581
98.9298
97.569
97.475
97.7931
97.1552
96.7607
97.5718
97.0721
97.5039
98.0657
98.3599
98.829
96.8891
97.9179
97.0136
97.8568
95.7984
95.7519
96.4557
95.5675
96.3553
94.3664
93.6117
93.9139
92.9636
92.4959
94.0876
94.3853
95.1676
94.4708
92.6216
94.0116
92.0473
92.2851
92.9493
92.3409
93.0057
91.4661
90.7973
91.345
92.1835
91.9713
92.9294
92.7692
92.4314
91.0945
90.8324
90.2371
93.2508
92.0362
91.0024
90.5521
93.7353
95.5473
96.1385
97.1912
98.3295
98.1912
97.8118
100.203
99.4163
102.165
103.739
101.204
100.262
99.0188
99.1056
98.4184
98.5932
96.0994
97.394
99.0411
100.971
99.1985
99.6064
99.5353
97.6364
97.1654
97.5732
97.6422
96.5866
96.3824
95.2548
95.7539
95.3307
95.2394
93.3403
93.54
94.5263
94.8548
96.8533
96.783
97.6282
99.5678
98.7365
97.3557
96.0471
94.8234
94.1906
93.2782
96.2779
95.7598
96.087
94.025
91.8069
93.5038
95.1401
96.2237
94.8346
95.3026
94.7496
93.2719
94.3772
95.1445
94.6407
95.3246
97.5642
96.669
96.2451
95.7714
96.1219
98.3092
99.0154
98.7917
98.4851
98.9219
99.1153
99.5071
100.934
103.003
102.431
100.377
102.163
101.158
104.036
103.585
102.504
101.275
101.932
102.182
103.903
103.983
104.099
104.385
102.738
103.303
101.312
103.479
102.226
103.836
103.579
103.98
103.403
102.525
101.449
103.356
104.217
105.427
106.187
109.425
111.895
112.081
114.255
111.496
111.721
110.439
111.541
115.012
117.736
115.562
115.375
116.059
112.359
113.286
113.199
113.93
113.687
114.934
114.445
114.394
113.96
111.668
111.979
114.53
113.47
112.339
113.908
115.219
115.11
116.982
118.098
117.6
118.624
119.497
120.891
118.395
116.075
115.926
117.737
118.381
117.307
118.463
113.939
112.576
111.594
112.81
113.324
110.173
112.522
110.831
109.291
110.939
114.079
116.557
116.591
117.39
119.136
120.191
120.531
120.876
122.747
123.746
124.792
125.347
126.673
124.987
124.813
124.115
123.517
123.256
124.782
125.02
123.864
124.421
124.842
126.199
127.146
129.055
128.786
127.453
126.753
128.164
125.399
126.603
129.814
127.278
127.272
128.072
129.474
130.485
131.329
128.85
125.173
125.324
124.033
126.235
122.959
120.706
120.439
120.171
118.964
119.39
119.765
121.483
119.548
118.269
120.296
121.7
121.79
120.536
120.407
120.628
119.632
117.88
117.014
116.377
116.241
114.096
116.181
117.954
116.37
115.269
116.464
117.055
115.638
115.611
112.656
112.589
109.415
110.047
109.395
110.217
108.485
108.104
106.226
106.31
106.826
107.65
109.942
110.081
108.918
106.937
107.911
106.419
106.408
106.613
105.136
106.357
109.209
109.411
110.236
109.573
110.493
107.712
106.453
105.128
103.059
104.933
104.969
105.575
107.589
106.972
106.23
105.947
106.739
108.993
107.6
108.099
109.366
110.516
109.372
108.669
109.4
109.55
109.955
113.679
113.742
115.25
113.786
111.758
110.866
115.066
118.15
119.638
119.702
121.469
123.051
123.205
121.314
119.358
120.162
119.212
117.329
118.539
121.062
119.597
120.877
118.586
120.978
121.835
122.145
122.48
124.1
122.867
123.869
124.881
125.094
124.546
124.394
124.989
125.876
123.324
124.275
124.52
124.717
124.531
126.277
127.62
128.587
130.608
130.914
133.708
136.152
135.221
137.508
136.004
134.926
136.896
138.242
134.35
133.68
131.559
130.696
127.992
128.963
129.075
128.584
125.987
127.004
125.221
125.929
126.014
127.795
127.482
127.815
122.847
121.8
118.97
114.998
115.924
116.775
116.028
115.987
114.683
113.963
113.336
113.418
113.646
110.785
111.112
111.705
111.649
111.422
111.809
109.487
111.152
