96.7421
98.7841
98.411
98.3913
97.5395
98.9165
98.5082
99.3428
97.7064
97.6188
98.6223
98.0757
96.9128
99.6863
99.2236
101.621
102.816
101.961
103.58
104.851
104.487
107.254
106.444
105.031
103.927
105.612
105.07
106.008
102.491
102.841
100.388
99.7542
98.3431
97.8551
96.7246
97.7236
98.2063
98.3151
96.8164
97.125
96.2133
94.9045
95.1205
97.2626
98.3694
100.366
100.794
100.622
100.254
100.615
100.31
99.7359
99.258
99.4342
99.8477
99.5578
100.069
98.9069
101.051
101.081
101.26
98.7219
98.1712
99.1268
100.161
102.541
103.225
103.72
103.468
101.434
100.909
99.841
100.309
100.155
99.5576
97.4688
99.5724
102.97
102.661
101.185
102.782
104.985
102.038
102.178
102.684
102.52
102.461
103.136
103.282
104.592
102.844
103.818
106.378
107.641
106.921
104.302
104.006
103.444
102.819
104.077
104.188
104.262
103.322
104.236
104.402
105.765
107.31
107.533
108.198
106.397
104.384
103.855
103.952
105.476
103.595
103.475
103.41
102.087
103.514
104.027
102.907
104.403
102.654
99.5392
100.217
102.209
101.02
101.737
103.527
105.495
106.586
106.958
109.912
112.769
113.2
112.583
113.903
113.451
112.633
114.583
116.198
115.254
117.312
116.569
118.351
118.976
120.984
120.097
116.927
119.163
121.997
123.726
122.772
121.947
123.402
122.127
120.578
122.354
119.881
119.137
118.213
118.3
118.077
119.986
121.102
119.648
120.584
120.274
121.779
120.294
117.771
116.555
117.798
119.237
119.623
118.355
118.31
118.829
119.834
118.645
120.8
119.723
117.808
118.248
116.613
115.644
112.753
113.112
113.255
114.986
115.911
116.561
118.004
119.133
119.65
117.891
118.022
116.039
117.546
117.941
118.734
117.488
117.543
117.398
117.31
118.086
119.055
119.729
120.578
119.387
120.767
121.764
124.254
126.03
127.041
125.056
125.829
125.17
124.621
123.408
124.389
123.111
123.72
125.072
124.525
124.906
123.709
123.929
122.271
122.744
121.973
123.291
123.586
122.679
122.943
124.319
125.985
124.474
126.601
124.76
124.85
124.073
124.874
122.401
122.904
125.01
126.153
127.514
127.48
126.64
125.636
128.37
130.156
131.206
131.108
130.478
132.607
133.976
134.963
135.596
140.339
138.481
137.228
139.47
139.191
139.953
139.624
136.244
138.375
136.054
137.725
136.19
137.719
138.821
138.935
139.603
141.007
141.933
140.35
139.774
138.92
135.072
132.382
131.179
133.338
133.141
133.3
132.795
132.437
131.78
132.627
131.229
131.482
135.254
133.86
133.136
134.515
133.877
132.543
132.217
133.736
132.273
132.489
134.534
135.271
135.481
138.549
139.532
138.001
138.524
137.513
139.181
138.454
140.181
138.513
138.837
141.915
144.011
147.425
147.828
149.896
147.208
146.707
146.308
146.716
147.212
142.115
142.042
137.843
137.343
137.599
140.761
143.072
143.852
145.854
145.498
143.635
145.41
145.071
145.562
144.438
144.715
144.325
144.118
145.86
146.735
147.859
148.075
148.794
149.135
148.864
149.729
149.349
150.537
150.58
151.942
152.195
155.857
153.198
152.903
151.05
152.142
149.082
150.647
153.929
153.265
153.474
156.691
154.068
154.041
154.34
154.302
155.487
153.622
153.461
152.57
151.608
148.459
149.839
150.335
151.576
151.175
154.358
153.309
153.379
151.444
153.381
153.866
154.463
158.324
159.766
159.24
159.432
159.793
160.941
160.06
159.707
161.03
161.478
158.54
155.296
156.219
154.686
152.588
151.744
153.963
154.677
153.972
153.316
154.27
152.372
152.585
150.41
152.574
149.651
149.319
151.344
148.956
149.369
147.568
146.81
145.729
145.486
144.291
142.629
144.095
143.804
142.924
145.111
145.326
143.661
139.879
139.247
137.88
137.622
139.252
140.615
141.731
145.105
145.005
147.53
147.876
146.126
147.6
148.913
148.593
150.124
149.446
150.925
146.174
146.171
144.495
145.025
147.574
145.751
145.354
149.611
151.375
154.225
156.82
158.128
158.684
160.122
162.334
162.392
162.578
157.078
157.484
159.492
160.469
160.877
161.136
161.232
165.468
165.633
162.878
164.439
162.406
162.362
161.075
158.129
158.096
157.054
155.69
156.406
156.076
152.746
153.026
149.178
149.668
147.833
147.422
145.751
145.014
142.584
142.898
141.682
141.572
142.869
141.486
141.713
142.873
143.689
142.93
141.009
138.138
136.253
134.164
131.687
132.452
132.263
132.224
136.486
135.34
135.971
137.097
136.594
135.415
139.977
138.822
139.256
137.934
139.891
140.536
141.509
139.917
140.94
136.738
134.924
133.074
131.904
130.616
130.593
129.852
129.252
127.588
126.059
125.439
124.91
125.675
126.348
124.819
126.445
127.457
126.523
124.235
123.88
123.992
123.324
122.086
122.168
124.51
125.522
126.622
126.57
127.246
128.008
125.129
123.243
123.094
125.537
125.77
126.545
124.658
123.911
124.821
125.984
127.545
124.02
125.196
121.867
124.193
125.352
127.802
127.418
126.158
128.031
126.351
125.269
125.342
126.925
127.426
128.167
127.873
132.066
132.243
132.137
132.611
134.857
133.319
134.328
134.975
137.224
134.574
132.856
128.655
126.604
126.924
127.745
129.874
