100.23
99.4854
99.8937
101.001
100.937
101.733
102.583
102.251
102.398
103.391
102.649
102.111
103.275
105.255
105.606
103.81
105.102
105.919
104.089
104.98
102.888
104.269
107.192
107.396
107.701
106.394
104.51
102.93
102.431
102.539
103.961
104.909
105.528
106.09
106.258
106.852
106.284
106.714
105.672
105.263
105.779
104.954
105.877
107.655
107.718
108.364
107.316
106.261
104.62
105.09
101.102
101.08
98.9856
100.086
100.656
101.359
100.502
102.131
101.797
102.867
102.546
102.306
103.277
103.44
103.417
104.995
104.792
106.264
104.76
102.31
104.311
106.304
105.418
104.646
104.237
105.285
106.458
105.234
103.514
103.287
102.636
104.835
104.777
104.287
103.999
104.25
102.755
102.837
104.367
104.732
105.704
105.711
106.104
106.328
106.601
107.39
106.118
107.611
109.576
109.343
109.876
107.34
107.527
108.57
105.894
104.96
105.598
104.917
103.753
102.038
103.116
102.509
102.008
101.81
104.3
102.422
102.596
101.196
99.8226
100.531
98.3323
98.1515
98.0425
97.6705
96.8599
98.8458
96.8279
96.6401
96.5939
95.0309
94.895
94.5671
92.7056
93.797
93.215
94.2646
92.5485
92.1926
93.6293
93.3308
93.1229
94.3521
95.2777
95.6042
92.4472
91.1055
91.2487
92.0405
91.1228
90.422
91.1701
90.2569
90.2753
88.7196
89.5946
91.0038
90.7923
91.7675
91.6283
92.4296
94.3719
92.2408
92.6333
92.6378
91.8157
92.8747
93.264
92.1429
92.1159
92.5077
90.9268
89.8746
88.5439
87.4234
87.1989
85.3499
87.1228
87.7868
88.7827
88.486
88.5316
87.35
86.3508
87.7423
88.7287
87.0985
86.9537
85.8395
86.0359
87.3269
87.0388
87.2493
87.4217
87.0876
86.462
84.6457
83.0593
83.3117
82.3695
81.7443
81.5826
82.2777
82.1229
82.791
82.7231
84.5764
82.2344
80.9043
81.8877
83.1304
83.3612
84.141
84.8243
85.7964
87.0824
88.3899
87.4378
85.5512
85.3654
85.4264
85.3797
84.6835
88.0215
89.3353
88.5202
88.3444
87.4129
86.2761
84.6419
82.8901
83.409
83.6268
83.2486
82.483
82.4943
82.4867
82.5606
83.1998
85.3035
84.2545
85.2534
85.6817
85.7392
86.5973
86.1021
85.9355
86.3825
86.9771
85.8186
83.9591
84.2007
83.1874
84.1307
84.2347
82.419
84.1602
83.1508
82.9815
80.7084
78.5441
79.9963
79.6128
80.215
79.0457
79.0096
77.4774
77.8869
79.5878
79.0213
78.0326
78.1004
78.6944
79.318
78.4898
78.3391
79.5968
78.3557
78.329
77.8195
78.7212
79.0219
77.898
78.5227
77.1873
77.3063
77.0839
76.4093
76.9314
76.2185
77.4934
76.138
75.871
74.769
77.2939
76.6156
76.9706
77.7645
79.3906
81.2407
82.7166
82.4267
82.0418
80.7756
80.9133
81.0124
81.4513
82.3694
82.091
81.232
81.6792
81.9008
82.4097
81.4296
81.9406
80.9602
80.8601
80.8039
81.3589
82.4306
80.661
81.2803
81.8624
82.5829
81.3341
83.9961
85.8553
85.2765
84.6535
81.969
81.6197
79.0168
78.8092
77.5254
78.5716
78.7079
80.1128
80.6704
80.9117
80.8617
79.9674
80.4346
81.4295
81.3947
80.794
81.8428
82.2497
81.367
82.0127
80.6433
80.7952
81.4056
82.7492
81.8963
80.7918
78.4871
78.4463
77.3105
76.0394
75.7465
75.2791
76.1339
76.1572
77.2308
77.11
76.463
77.9647
77.7827
77.2431
76.2282
75.6731
76.5988
76.9122
76.1021
74.71
73.6479
73.4248
73.0522
74.2079
71.8827
71.4848
72.001
72.8794
74.2259
75.1762
73.9759
72.0115
71.3818
70.3059
69.8521
70.6625
71.2394
73.9959
73.6812
74.2496
74.76
75.1248
74.9067
73.9249
73.9266
73.4662
74.2803
74.4575
74.5834
74.6361
74.7604
75.7268
73.6914
74.7444
75.6827
77.0139
75.5314
75.7659
77.2557
76.183
78.0504
79.3827
80.7104
81.8553
80.2848
80.5948
81.5561
81.5039
80.9209
80.6807
79.6239
79.1548
78.5787
77.0683
76.6143
78.7975
78.8503
79.5569
81.5155
80.8008
82.3921
84.672
84.1372
82.5193
81.3117
82.2172
81.0827
80.9035
80.6344
79.1851
77.5668
76.0428
74.6127
74.5541
75.0881
74.2301
75.6411
74.5641
73.8211
73.6238
74.5877
74.2957
74.7247
73.803
73.6278
73.7606
73.3058
71.7256
71.8346
72.2569
71.5376
69.8427
69.9737
70.4382
70.6967
69.982
70.7686
70.4221
70.8953
71.4014
72.1508
71.9963
71.4442
72.4663
72.256
74.8131
74.4763
75.5963
75.4191
75.4904
75.8868
74.9098
76.1055
77.2668
78.1323
78.5552
76.6219
77.7293
76.2777
74.9832
75.5824
76.4261
76.3829
77.2628
76.9972
77.5402
78.4855
77.2833
75.7635
76.3645
73.8975
73.5803
74.2641
75.8396
74.9552
74.783
73.9559
75.7198
74.7517
74.5076
74.4034
73.2871
75.3581
74.5938
75.4641
76.1549
76.8092
75.8654
75.6189
74.3718
75.8762
75.3072
76.1541
76.53
75.2963
74.895
73.7068
74.0653
73.539
73.7914
74.7903
75.1078
75.1669
74.5617
75.8016
74.7662
74.2833
74.8194
74.9049
74.6754
74.7401
75.6967
76.2724
75.7277
76.9277
78.3119
78.4783
78.5729
78.1021
77.7768
79.003
79.7383
80.7492
80.9297
80.3633
81.5128
81.8537
80.743
80.871
81.4937
80.1739
79.5331
79.5109
81.8905
81.8479
81.9093
82.0304
82.0379
81.0229
79.5675
77.8199
79.0098
79.6017
79.106
79.9936
80.5109
79.7909
78.8006
80.5608
79.323
79.7099
80.0107
80.8831
79.7142
79.2029
77.4064
78.0348
77.6853
78.1445
79.4195
80.2144
79.5278
80.1483
80.2007
79.0734
78.3028
