101.916
99.7436
101.272
101.259
100.693
100.469
100.861
100.328
100.88
100.687
101.098
99.2856
100.03
100.009
99.9691
98.6774
99.0839
99.4615
102.566
103.931
103.083
103.731
103.314
104.314
104.353
104.006
100.823
102.208
99.0406
98.4675
98.7705
99.7732
102.259
102.493
103.87
105.33
107.567
108.736
110.292
109.239
108.957
109.533
109.055
108.881
110.248
108.927
107.281
106.402
105.419
103.744
104.071
104.947
104.816
105.748
104.071
105.018
102.67
101.145
100.38
100.283
101.168
101.405
100.619
99.0755
100.152
99.3745
100.238
100.591
100.36
101.467
101.142
101.867
101.142
99.8586
98.7348
98.2202
98.8562
99.4208
103.85
103.464
103.361
105.11
105.919
107.753
109.743
111.459
111.434
113.405
112.542
112.489
113.631
111.647
113.113
113.432
114.336
111.563
110.666
112.95
112.863
109.047
107.527
107.172
105.223
104.633
106.499
106.696
106.626
106.106
108.15
107.963
110.009
107.765
105.45
106.304
105.282
102.999
104.587
105.506
105.233
104.126
106.741
107.332
109.105
111.229
109.564
108.798
109.582
109.279
110.059
110.709
110.016
110.183
110.973
112.902
113.171
113.633
112.44
114.823
114.265
113.738
113.917
112.952
113.394
114.403
112.715
113.158
115.224
115.114
114.311
113.575
113.749
112.594
111.32
112.533
111.018
109.427
107.318
107.442
107.898
107.108
106.641
107.307
106.983
108.246
108.078
106.821
105.8
105.51
107.807
109.137
109.911
110.38
110.482
115.688
115.228
112.914
113.36
113.246
112.622
110.989
109.091
107.592
107.224
106.919
104.587
105.689
105.049
105.715
104.208
103.564
104.992
106.015
107.911
106.968
104.722
104.613
104.391
105.469
104.659
104.324
106.948
106.644
105.816
104.302
105.248
105.669
105.786
103.925
105.836
106.581
105.592
103.743
103.861
104.192
103.906
103.272
102.711
102.045
102.445
100.191
100.441
98.9366
97.5994
96.9277
97.8943
97.9275
96.1571
95.1169
95.2204
94.5406
93.028
89.7822
90.5037
90.7092
91.2902
89.322
90.9666
92.9127
93.9944
96.629
96.654
96.1
95.7531
94.8705
95.7972
96.5639
97.9614
96.7028
97.6667
97.3849
97.7319
99.1022
98.3164
96.3025
97.3269
98.1769
96.6541
96.921
98.0326
99.0469
99.1506
100.896
99.2472
96.803
97.3815
94.4969
94.9708
94.7232
94.2655
93.3593
93.9794
94.04
93.2436
92.9196
93.4088
92.2812
93.9544
91.6858
90.7252
92.7495
95.7885
95.016
95.4627
95.2731
95.8989
95.2521
95.781
96.1917
97.6676
97.9768
96.8475
93.3795
94.1816
93.0143
93.3074
92.0483
92.7708
93.6541
94.9372
95.9773
96.5893
97.7284
99.0734
99.3606
99.8732
98.4841
98.3071
98.7881
97.7939
96.2962
96.5694
97.5638
94.7912
95.7513
96.5161
94.9772
94.3651
94.1148
95.3396
91.3013
90.3624
89.7023
87.0641
87.5407
89.1134
89.0908
89.0905
89.2218
87.445
89.0573
88.6542
88.0068
88.8778
90.3336
88.9117
88.9347
89.8408
88.4227
89.3634
89.9205
91.5855
91.6501
91.9701
92.1659
92.3596
94.0713
96.8423
97.6374
96.33
96.349
97.5653
97.9868
99.4601
99.6602
97.9987
98.4885
98.6396
99.823
98.9681
97.5809
97.9752
98.4308
98.5245
98.7326
98.8204
100.05
99.5083
101.048
101.197
101.806
102.762
103.504
104.289
105.303
106.607
107.458
106.994
105.612
104.687
103.516
102.547
104.587
104.442
103.783
99.6548
100.039
99.4259
97.7387
96.1107
98.7235
99.0022
100.77
100.446
102.7
103.399
102.22
101.494
99.6064
101.806
102.171
100.791
102.225
102.645
103.796
103.039
101.666
102.53
104.515
104.567
105.896
103.908
105.951
107.436
108.464
110.472
108.488
108.423
107.103
105.471
105.849
105.73
103.219
102.96
99.6659
100.357
100.228
99.3083
100.268
99.5186
101.091
101.778
101.894
103.053
101.771
102.677
99.6259
102.5
103.991
102.057
102.373
104.162
105.415
104.848
103.78
103.373
104.578
104.29
102.411
102.928
100.028
99.0055
99.3787
99.8391
98.8873
98.5027
99.5527
99.7852
97.6183
98.7337
97.8491
99.2752
98.5897
98.7121
100.135
100.1
102.616
101.181
100.619
100.077
99.4734
99.959
99.2574
96.7128
96.6961
94.092
93.9143
94.6777
94.5685
95.0709
95.5387
95.1721
96.3838
96.6106
97.5846
98.5876
97.4843
96.6654
96.8807
98.2127
98.7306
99.6334
97.8484
99.4299
98.3864
100.272
100.097
100.365
100.235
100.824
101.515
103.984
103.418
104.595
105.005
105.651
106.852
107.217
107.321
106.554
105.741
105.676
106.525
104.913
104.927
106.7
106.671
105.55
105.099
103.388
103.264
104.265
104.709
105.741
107.54
108.215
106.706
107.411
106.596
108.783
109.185
111.636
113.649
113.81
111.47
111.702
113.08
113.4
111.884
112.613
111.911
112.867
114.162
114.915
113.268
111.809
109.828
107.366
107.34
107.566
106.872
107.778
109.111
108.119
107.806
108.107
106.982
107.234
106.509
105.788
104.929
104.796
105.592
107.951
107.122
107.304
105.444
105.723
102.881
101.052
102.763
102.707
103.461
105.139
106.31
107.714
108.91
108.079
106.423
106.828
104.802
104.798
104.251
106.118
106.076
106.992
108.125
108.486
107.008
105.836
106.568
106.846
107.461
109.79
110.057
110.172
112.568
113.7
113.117
111.983
111.76
