97.7493
97.4221
95.8027
95.9054
95.1069
91.1539
91.3202
92.0027
93.828
93.1659
94.9027
94.0819
93.874
92.359
91.3456
91.0357
90.687
89.6194
90.208
90.1213
89.4162
90.5121
89.5996
89.8978
89.8136
88.2448
85.7092
85.8076
86.5035
85.3807
84.9981
82.5615
82.9153
80.7683
79.1856
78.5347
78.7665
77.3268
76.8158
77.159
77.5478
78.3289
80.2273
79.3726
79.0274
77.71
77.5601
77.6172
79.3278
78.5045
78.0481
78.8434
80.2664
81.3125
80.8476
81.4621
81.5491
82.2046
82.1008
81.5814
82.1591
82.889
83.1197
82.4955
83.8686
84.8267
83.6415
83.4036
81.7875
80.8596
84.4959
84.308
83.9201
84.0357
82.7858
82.2338
81.7768
81.2281
81.4671
80.1781
80.4361
80.4578
82.6274
81.2486
80.6598
81.1261
80.6288
81.9824
82.6934
84.0092
83.4234
83.9859
85.1167
85.5497
84.2805
83.9141
82.0561
82.7532
82.1861
83.4535
82.0371
81.42
78.3729
78.9471
79.7267
81.394
78.9956
79.2862
78.999
80.7281
79.4741
77.3567
75.473
75.671
75.9621
75.5867
77.49
77.2242
76.3876
75.8874
75.9779
76.535
77.2644
75.247
73.7704
74.2492
77.2704
78.4584
77.7997
77.4797
76.9345
77.0485
76.5706
77.5927
78.5104
78.3227
77.915
78.3604
77.2445
78.5764
79.6482
79.1964
80.0593
80.1203
79.0123
79.6485
79.9753
80.3725
79.3385
78.8881
79.6555
77.7472
77.8524
77.6474
77.3951
76.1045
74.9295
74.3893
75.3306
75.6023
75.8427
75.7929
77.1449
78.0338
80.0369
81.7246
82.1633
81.8693
82.0816
81.6436
81.534
82.8502
81.5298
81.0937
81.5663
80.4985
80.3896
80.0758
78.6574
78.8821
78.9293
79.4804
79.6508
79.2678
77.9012
78.4224
77.0005
77.956
77.1545
76.8639
76.6084
78.5967
78.1282
79.5974
81.2772
81.4422
82.7481
81.9067
81.1826
82.0945
80.2267
81.5264
83.1567
83.8929
83.9184
85.0593
85.8971
84.5121
84.6423
86.5738
87.077
87.6888
86.0998
85.0237
86.0353
86.2989
86.1554
87.2027
86.6475
89.1553
87.327
87.1799
86.8439
87.2899
87.5238
88.2979
89.287
89.4554
89.5061
90.2763
90.9712
91.5697
93.9327
94.6169
92.715
92.3885
92.2634
91.529
93.0223
92.9372
93.5126
91.6183
93.6018
96.6471
95.4853
97.3055
97.2691
97.3122
97.6943
96.9653
96.3174
94.2694
93.8911
93.5991
92.6464
93.2675
92.9798
92.8002
93.159
91.868
91.7707
90.3944
89.4045
89.0498
88.895
87.1467
86.5045
85.9452
88.4055
88.2027
86.9211
87.9356
88.4385
88.2325
89.7355
89.7555
92.4264
92.627
93.9495
94.6397
94.6784
96.4238
95.4507
94.0645
94.7913
95.6314
97.0691
96.4306
97.2212
99.6705
100.767
102.615
102.194
101.966
101.598
101.849
101.336
99.3864
98.3237
96.7704
97.9826
97.6017
97.8001
98.5651
97.7895
97.1772
97.9506
98.6197
100.904
101.218
101.086
101.785
102.001
102.805
103.741
106.417
107.194
105.413
108.384
106.685
106.183
107.234
107.819
106.811
105.916
108.618
110.409
107.023
107.672
111.889
111.766
109.446
111.012
112.941
112.295
114.017
112.67
113.071
113.02
114.287
114.469
116.259
112.678
112.606
113.827
115.236
115.684
115.619
113.003
111.258
112.245
111.576
112.662
112.41
112.047
110.293
109.006
108.292
110.129
109.632
111.513
109.886
111.738
111.215
110.806
107.699
106.513
105.394
106.149
109.601
110.194
109.136
108.122
106.403
104.826
103.3
104.325
106.282
108.012
107.741
106.386
104.909
105.501
101.547
102.96
104.828
105.034
104.849
104.173
104.287
105.879
105.299
102.939
104.793
105.486
106.56
107.826
109.63
107.877
106.41
104.994
106.486
104.939
102.421
99.8073
100.59
101.128
99.9064
98.7575
100.14
99.595
99.3976
98.5116
99.3221
99.8075
99.7931
97.9935
99.0565
101.533
101.713
105.203
102.61
103.123
102.32
104.19
103.177
100.255
99.761
99.5011
98.8581
97.9832
98.0122
98.8787
97.3811
97.2449
97.2084
97.0725
96.0965
95.3832
98.0409
97.2029
97.274
96.584
96.8674
97.0143
97.3079
96.7504
96.403
95.5091
93.8739
91.8954
91.4542
90.311
89.7992
90.7853
91.7043
90.6672
91.1623
91.7225
93.3871
94.4802
95.3985
94.2508
94.3191
95.6067
95.3016
95.263
95.0335
95.4979
95.8446
97.0185
97.1301
98.5782
98.2176
97.7385
98.8763
97.0498
97.4026
97.11
96.8945
98.2269
97.9381
98.2405
98.4802
98.8876
100.823
101.898
102.018
99.2973
99.4726
98.1393
96.771
96.6425
96.4805
97.3523
96.2034
96.6602
97.9271
97.287
99.6144
101.35
99.9076
98.5801
98.9705
99.987
99.6377
99.2913
100.456
102.337
99.1499
98.292
95.8092
93.6081
92.6793
90.1624
89.2479
88.2975
88.9878
86.9131
87.5694
86.9691
86.7125
85.7506
85.0568
85.8461
85.1993
84.8926
86.6477
87.5774
86.623
88.6253
87.4326
88.1286
86.9779
87.5732
87.2295
86.6622
87.7662
88.5785
87.4824
88.3365
89.1874
87.3185
88.5355
87.6455
87.8668
87.6197
86.3113
88.2908
87.4742
86.9392
89.4269
89.9709
90.4352
88.5116
89.1389
88.5973
87.8196
87.8237
87.5148
87.4769
87.2878
87.0403
86.5734
86.4103
86.1247
85.959
86.6565
87.2273
86.7221
85.6414
86.4622
88.2914
86.892
86.0941
83.8717
83.898
84.0973
83.7477
83.5706
84.0738
84.2513
85.4807
84.9927
84.6394
86.2964
86.7279
87.7495
88.2132
87.7033
87.4395
89.2415
89.9866
89.6437
90.7399
92.203
93.6858
93.4959
92.6934
91.6515
