99.2853
99.6828
98.6138
98.8575
101.058
100.462
100.281
99.064
99.2251
98.4061
99.2821
98.4702
97.3487
97.4374
98.5584
98.2193
98.1221
97.8306
96.9425
96.4697
96.0923
93.8855
94.6809
94.9351
93.9689
93.6845
91.902
91.571
88.0225
88.2442
89.1993
89.2529
89.9308
88.9432
90.2892
89.6182
90.9582
92.5599
93.7794
96.4674
98.0375
97.2692
98.3705
98.992
98.6767
99.6613
100.306
99.6435
99.5178
96.3774
95.776
93.8579
93.341
93.5072
92.371
92.3381
91.6261
92.4807
92.6146
93.0515
90.8087
90.9766
91.2191
92.712
92.9084
93.7769
92.6062
92.8908
90.7265
91.3436
91.2888
91.4183
91.0588
91.6169
91.1871
91.1525
89.7266
89.4743
91.7079
92.4486
93.5771
94.686
93.8139
93.933
92.8214
92.9819
93.5345
92.3895
92.4793
93.5251
92.1478
89.2823
89.4871
89.0322
89.1669
88.2651
86.1988
83.9753
83.9551
81.8197
82.4261
82.8727
83.6716
83.1252
84.3498
85.0167
84.747
84.9782
85.2768
84.1971
83.6027
82.168
80.8956
80.5832
80.8203
83.1778
82.2253
81.5578
81.4653
80.6508
78.6631
78.383
78.7753
79.0166
78.1252
78.1381
77.1915
78.606
77.204
77.0128
76.8467
76.095
77.2397
76.0744
75.9804
74.681
73.9065
73.4155
74.0393
74.8581
75.2767
74.4639
74.9654
75.5754
73.6823
73.9429
74.5926
74.0919
74.5622
74.8971
76.2565
76.457
76.1788
76.2783
75.1347
74.9923
75.6182
76.0918
77.5922
76.1773
75.2552
74.9843
75.674
75.2957
76.1802
75.3135
74.4472
73.5155
74.0072
74.3008
72.8255
72.4871
73.0054
74.2369
73.6491
72.9361
72.1494
72.0874
71.2348
71.6056
69.1739
69.5109
68.7742
67.9134
66.9908
67.9447
68.0558
68.5502
68.3833
69.8848
70.7165
70.44
68.1289
68.5262
69.7498
69.3154
66.8
68.9006
69.2942
70.3992
69.7702
70.2618
70.5053
71.4356
72.1298
73.9325
75.2972
75.2196
74.6939
73.6727
74.2228
72.4321
76.4694
75.7386
74.8807
76.6004
76.6644
75.901
74.8763
76.6042
76.439
77.7872
77.8328
76.9547
74.9922
74.7848
74.645
74.3642
73.6834
74.8785
73.5963
74.9332
74.9746
75.2427
75.5146
75.6889
75.5918
76.8074
77.0415
77.6064
76.9043
77.5166
78.8175
78.6209
78.5944
77.8624
76.7268
76.2965
77.2117
76.9016
78.4006
77.4871
76.6347
77.9828
76.9103
77.8925
77.212
75.9151
76.5725
77.9364
79.2943
79.6863
79.0491
78.2192
77.7878
80.23
79.8103
78.3185
78.293
78.9927
78.2251
79.3659
78.7678
77.9347
79.1258
80.0612
80.121
80.2157
78.3969
78.7658
80.0457
79.4639
79.0216
79.2779
78.6242
77.1105
76.1879
75.9747
74.9154
75.626
75.0574
75.5065
76.7753
77.5755
77.584
77.372
75.243
75.847
76.1489
77.4261
78.0203
76.5699
76.6016
77.9909
77.6771
80.127
81.1321
81.4909
83.8402
83.9781
83.0356
83.377
84.75
82.704
84.5387
83.5135
82.9566
81.436
83.516
83.0393
81.5986
83.5024
83.232
83.8028
83.3523
84.6905
85.6923
85.9292
85.9007
86.1947
86.1329
86.2868
88.2007
87.491
89.396
90.854
91.4711
92.8747
92.2937
92.6823
93.6496
93.3343
93.9464
95.3668
95.5611
95.7398
95.7063
97.315
101.017
97.6905
96.6482
96.8022
96.8539
99.2003
97.9535
97.7395
95.6791
96.6161
94.0463
93.8604
91.5083
91.0334
90.0163
89.575
90.5645
88.625
87.2836
87.4524
88.1564
87.6225
88.3803
87.922
86.7028
86.5872
87.3108
87.3465
88.0211
87.6249
88.2528
87.7202
87.4574
86.7229
87.5591
88.2191
89.3945
90.3558
90.8445
90.0723
88.6936
88.9852
88.8819
89.5549
89.1288
88.8855
88.7311
88.0974
87.1819
86.5465
84.8667
85.1377
86.0253
86.9761
86.1645
85.6406
85.0088
83.5411
83.9795
84.1125
83.2413
82.2388
83.3071
83.5326
83.414
82.2424
81.6157
80.8537
79.7907
81.7663
83.5141
81.2966
81.6883
82.4408
80.9025
81.8026
82.5733
81.3757
79.8305
79.5296
79.4136
80.0341
78.9883
77.1826
77.547
76.114
77.9596
77.9977
79.244
80.1307
81.3969
81.4648
82.6153
82.028
82.5597
81.9738
81.3382
82.1615
83.3827
84.6519
84.7531
84.2254
83.1152
84.4058
82.7172
80.5234
80.705
79.0886
78.4469
79.0185
79.679
79.8648
79.4236
79.503
80.8608
82.5356
83.52
82.4813
82.868
83.8753
84.705
83.9903
83.0971
83.6248
83.1331
83.8841
84.4343
83.723
85.5708
85.9961
87.0493
86.1914
86.5025
86.4269
86.9023
87.344
89.4642
90.0633
89.384
91.118
91.8492
92.3085
92.7924
92.5474
92.8331
91.8416
92.3642
92.3215
92.8656
93.4613
93.116
93.6578
94.3771
94.7843
94.1266
93.9616
90.706
90.0338
89.1322
88.9028
87.7607
86.9037
87.7302
88.1701
86.923
89.1224
89.3522
89.6348
91.9549
92.7505
94.9259
96.388
95.6678
96.1209
95.5136
95.8901
95.2
95.2787
94
93.7516
91.8525
91.7326
92.9379
92.795
94.5473
93.3613
93.6253
93.4661
90.9219
91.5548
91.5655
91.5688
90.5985
91.0461
88.9366
88.5057
89.2371
87.7906
88.9443
87.1857
87.8706
87.4292
88.7552
88.5193
90.1286
88.5025
86.4716
85.6989
86.4409
86.1298
85.7873
85.7885
85.6354
85.4835
85.5686
86.0236
85.6867
86.1492
87.9788
89.2706
89.8704
90.3755
90.6724
89.5621
90.2106
87.3393
87.6645
85.1903
86.2086
84.7062
85.9376
87.6709
89.6016
87.9535
88.9168
88.6323
89.1936
88.7758
88.4896
89.2349
89.6856
91.8401
92.1778
90.6292
92.0215
92.5751
91.5199
92.3653
93.0674
94.9657
96.1062
97.4496
