99.3475
97.9213
98.5253
100.224
104.177
104.031
105.226
105.903
105.097
104.013
104.737
103.994
104.33
105.005
104.397
104.01
104.054
103.646
104.365
102.416
101.723
101.639
100.799
100.622
101.401
100.53
99.0781
98.7153
97.2636
95.2222
95.1095
93.7861
92.6295
94.0175
93.6831
95.2941
96.1965
97.9452
99.5317
98.2216
100.292
100.071
98.9292
101.931
104.049
102.913
105.33
105.878
102.896
102.403
102.201
103.224
104.097
103.439
102.82
103.408
105.031
106.078
106.654
108.136
107.772
107.858
107.209
107.58
108.481
109.694
111.558
112.861
111.06
110.967
112.864
113.576
115.857
113.645
114.203
114.622
113.715
113.473
113.79
111.477
106.55
106.288
105.417
106.617
105.664
106.168
104.728
102.886
104.766
103.106
105.309
105.288
105.983
105.853
105.69
104.976
105.518
103.888
104.162
103.377
103.816
103.449
102.951
103.739
103.756
102.136
102.196
102.687
103.136
103.084
103.199
103.288
104.294
104.246
102.539
103.547
104.098
105.229
108.803
106.715
107.223
106.674
105.964
105.145
107.632
107.392
107.152
108.419
108.569
110.599
108.112
109.967
109.22
107.384
105.932
106.593
108.266
108.38
108.408
111.268
112.962
114.251
114.801
115.246
116.165
114.824
113.816
112.068
110.908
109.158
105.376
103.484
106.315
105.182
104.647
105.292
101.734
99.9106
98.8123
98.6339
99.197
98.8563
98.6386
99.6734
99.0302
99.2832
99.5469
98.8405
97.988
98.7254
98.6174
96.3892
97.691
96.6561
98.2381
98.2684
98.101
96.8077
97.0515
97.0858
98.2225
99.1254
99.4158
98.6885
98.906
97.7822
95.7662
95.914
94.918
95.1804
96.5439
98.4653
99.7205
100.882
101.132
100.812
103.154
102.63
102.208
100.16
99.7108
98.2416
97.8267
97.8231
98.8073
98.9591
97.8158
98.0297
96.556
95.6397
96.0288
96.338
95.2265
97.3106
96.345
95.6483
96.984
96.4668
97.2395
96.3123
97.2439
98.4469
97.2111
96.5414
96.03
94.5524
92.8999
91.4721
90.7888
91.5232
92.7291
91.4549
89.3047
91.3444
90.9521
90.8688
89.0248
90.1746
90.3039
90.089
92.1743
92.0206
93.5972
94.5048
96.1219
96.3097
95.4165
93.6053
91.7065
90.5775
88.8348
88.4544
90.204
89.0438
88.9679
90.1219
89.0995
89.9534
91.5122
92.0589
92.3676
92.7754
93.5009
92.3517
93.0157
92.7869
93.5587
94.1997
93.6862
92.6817
91.1895
90.168
90.6319
90.9355
90.1264
87.9673
87.6025
88.0187
88.2587
88.2261
88.5633
90.4008
90.5855
90.2991
90.3547
89.1348
88.8693
89.0866
88.8275
87.2164
87.5149
86.6789
87.6492
87.1041
88.2223
88.0471
90.1278
88.5286
87.0411
86.4283
87.814
86.669
86.0467
86.6747
86.4042
87.6285
84.7637
85.1529
84.3066
82.5192
84.3454
83.6051
82.2489
80.4615
79.8537
80.5909
82.1227
82.4654
81.3229
81.111
81.1128
82.1637
81.5855
81.7913
84.8358
85.3307
86.2899
86.6282
87.6521
87.0384
88.431
86.5761
85.67
86.8609
88.2961
89.2437
88.5813
89.5261
89.3883
90.7632
90.6851
90.9114
92.6021
91.8243
93.8941
94.5741
93.1825
94.7516
96.1717
98.2548
101.796
102.03
102.441
103.378
102.407
101.035
101.733
101.05
99.519
99.2858
98.0397
97.9343
96.5696
96.5205
97.7745
97.14
98.5524
96.6751
96.8615
97.0616
97.9486
97.3243
96.8979
97.4011
97.8322
97.9232
97.9752
98.9861
100.796
98.4998
97.0728
95.2477
95.5286
96.7334
97.3607
96.8187
97.9141
99.3349
98.9317
100.313
99.0606
100.882
101.527
100.482
100.717
100.314
101.373
102.719
101.858
100.905
102.266
100.429
100.618
100.704
98.2563
99.2222
100.969
100.162
101.973
101.6
99.9279
100.663
99.9816
98.6669
100.8
101.118
100.3
100.745
100.267
101.052
100.261
98.7953
96.8592
95.9082
97.186
97.4237
99.8306
100.957
100.367
101.058
100.94
101.634
102.892
101.908
101.043
101.495
101.475
101.947
101.574
101.437
101.272
99.9419
99.0093
96.9931
97.7249
98.888
96.4323
94.566
93.0774
91.6175
94.1884
93.6937
94.3399
94.9962
94.749
94.6668
95.6486
94.6478
93.4201
93.7607
93.7678
94.0062
91.1407
93.1435
94.913
95.9726
95.0611
95.3405
93.9166
92.3476
92.3769
93.4814
95.5257
95.7299
98.1
96.8563
96.4095
93.6425
94.722
92.1877
92.884
92.296
90.8705
91.7335
93.1385
92.8002
94.1186
95.1878
94.9057
94.6333
95.1068
95.8573
98.6462
98.7065
98.739
97.7085
99.6816
100.133
101.114
103.937
103.077
103.991
103.439
101.922
101.945
103.023
102.449
103.454
106.565
106.073
104.218
106.091
107.55
107.897
108.474
107.964
106.705
107.004
110.016
108.127
108.975
109.679
108.917
109.615
108.105
108.52
107.696
108.41
108.772
109.509
109.94
110.622
110.783
108.652
108.321
107.457
107.078
107.509
109.798
111.553
111.12
111.452
111.126
110.123
111.193
111.13
111.033
110.018
110.274
108.004
106.998
106.138
106.393
108.273
106.796
105.647
104.139
105.129
105.35
107.412
106.283
106.388
107.781
106.382
107.166
106.916
105.761
106.117
106.027
107.543
107.108
108.355
107.437
105.869
104.951
107.577
109.829
110.836
114.125
115.076
118.279
120.889
121.563
119.916
121.167
122.494
120.432
121.762
120.928
117.777
117.729
117.682
116.14
115.993
117.291
116.841
117.967
117.584
119.64
121.173
