97.4375
94.9262
96.2012
95.7868
95.0949
95.0023
94.224
95.0639
95.6457
94.7211
95.4322
96.3407
96.5721
96.7454
98.4398
99.3873
100.067
100.278
103.19
103.733
103.484
103.539
105.475
107.461
107.706
108.13
107.178
106.437
106.748
108.631
105.218
106.946
106.851
107.111
106.657
107.268
104.837
103.508
106.647
106.478
105.398
102.724
102.718
104.371
105.04
105.08
104.707
103.148
101.11
100.74
102.161
101.492
102.97
103.949
103.427
104.857
107.365
106.554
107.253
108.314
107.187
107.5
105.918
107.307
106.415
106.616
106.897
105.54
106.635
106.697
105.012
107.61
108.546
110.635
109.073
108.093
110.395
109.966
108.335
109.466
108.122
106.425
108.194
107.896
105.508
105.229
107.854
105.09
104.79
103.642
103.736
107.37
105.714
106.093
105.074
104.546
107.262
107.584
109.12
109.331
109.587
109.842
110.881
110.109
109.192
107.367
106.405
106.788
104.979
106.783
106.998
105.169
105.33
106.394
108.003
109.107
108.604
107.738
108.695
105.643
105.731
105.884
107.427
107.549
106.148
106.552
104.999
104.824
105.446
106.029
104.662
104.487
104.997
105.27
105.634
108.359
108.039
107.589
108.795
109.074
108.436
108.108
107.721
106.985
106.815
106.447
104.645
104.406
103.382
105.025
105.793
104.535
105.233
103.868
103.259
101.798
100.891
98.5934
98.8914
98.8044
98.4905
99.2342
100.818
98.783
100.384
102.067
103.293
104.822
104.205
104.921
103.129
103.825
105.28
103.716
103.336
100.589
99.9237
99.1984
100.63
102.936
102.623
101.551
101.145
101.762
100.997
101.026
100.421
99.8889
101.332
102.556
104.187
104.301
104.974
104.314
105.096
107.109
105.367
105.926
104.569
106.157
104.641
105.34
105.566
105.928
103.648
103.469
105.004
103.862
102.262
103.967
103.588
103.491
102.89
103.47
101.347
101.847
102.315
101.531
101.005
101.421
101.525
103.347
104.408
106.801
106.19
107.989
107.96
108.521
109.935
110.005
108.757
109.304
111.715
111.179
113.362
115.686
118.323
117.727
117.459
118.455
118.417
119.05
117.828
117.374
118.275
117.752
116.325
116.203
115.5
115.977
116.085
115.274
114.162
112.842
109.975
111.244
111.617
111.523
111.885
112.538
112.581
113.693
113.498
113.231
114.799
113.895
112.659
111.948
111.925
112.267
109.609
109.276
107.853
108.765
106.871
106.024
107.083
106.31
104.264
103.165
101.346
100.358
100.125
99.2758
99.5457
99.1187
100.449
101.089
102.224
101.86
105.059
107.718
107.162
107.189
105.361
106.416
106.583
104.566
103.094
104.965
104.456
103.976
103.661
105.027
104.649
102.95
104.282
107.2
107.805
105.345
104.527
102.497
103.497
104.034
104.421
105.391
106.245
105.026
104.489
104.41
104.818
103.448
102.132
104.347
102.627
104.384
102.495
103.997
103.32
102.414
100.538
99.9799
100.139
98.6453
98.935
98.1329
99.6313
99.6995
100.545
100.089
100.816
100.541
100.91
100.936
100.368
102.015
102.494
104.316
104.783
105.066
106.582
104.994
105.872
107.363
108.172
108.61
109.715
108.656
108.631
107.584
108.022
106.489
105.848
107.374
108.761
108.894
107.573
108.056
107.052
107.348
109.244
109.772
109.832
111.253
112.54
114.222
114.907
112.532
116.806
116.742
113.906
113.253
112.523
114.658
115.149
115.2
117.767
117.62
119.941
119.359
119.81
120.045
119.077
117.265
116.108
115.398
113.544
111.741
114.521
112.22
114.689
113.297
113.132
112.09
112.054
113.524
116.316
115.386
115.223
115.164
115.658
116.529
114.562
114.9
117.464
117.222
118.52
117.537
118.473
119.674
119.839
117.729
115.876
116.177
116.791
117.781
116.733
116.378
117.582
117.894
117.567
117.244
116.796
117.109
118.099
115.164
117.263
117.98
117.431
116.874
115.852
113.143
110.741
111.217
111.619
111.533
111.761
112.283
111.457
112.351
114.659
112.503
112.224
110.685
110.691
109.81
111.256
110.763
110.361
109.088
108.962
107.582
106.945
106.237
108.608
109.625
108.981
107.976
108.348
106.834
105.213
106.103
104.848
105.796
106.421
107.036
105.846
104.858
102.551
101.19
98.9578
97.7307
95.068
95.7248
96.6564
94.7146
96.0363
94.7945
95.5554
94.2222
90.0684
91.4199
91.7562
93.6517
92.4944
92.6557
90.2225
91.188
91.1069
90.0272
90.5343
91.1626
89.4124
88.487
89.0237
88.0309
88.7285
88.5296
87.3971
87.2816
88.6206
90.2537
90.5689
88.0762
89.7465
89.3548
89.1342
89.6351
91.2296
88.6125
86.6743
87.9985
87.1288
87.8388
88.6119
86.7312
88.117
87.8414
88.8276
91.9431
92.9342
91.4157
91.1591
93.4268
92.1003
93.395
93.5611
90.1428
90.3931
92.7455
92.6088
91.066
91.8813
91.1032
91.1967
91.6959
90.8865
90.6729
92.0613
91.3375
90.2685
89.7428
90.7517
90.7861
91.5679
90.9887
90.1842
88.7196
89.0965
89.3497
88.8308
86.5097
86.8451
86.7026
88.7441
88.6142
88.3426
88.5163
87.0549
85.6402
86.6111
85.8307
84.8787
86.1751
85.6935
83.1834
81.8336
81.6398
81.3531
81.7613
82.7296
84.2189
83.799
83.5789
82.6824
83.6414
83.1578
82.548
83.5012
83.7943
84.3321
85.4916
86.3597
87.5138
85.8291
84.7057
86.5078
87.2496
87.5846
88.1779
