101.949
102.012
100.959
100.1
97.4677
100.314
102.554
103.958
103.764
103.506
102.921
104.123
103.382
104.191
104.77
103.359
102.605
100.729
100.927
101.3
101.882
100.783
101.796
101.576
104.194
105.083
102.092
101.193
102.218
103.72
103.827
104.46
101.718
101.791
101.166
101.524
104.56
103.164
103.002
102.241
103.481
103.43
103.9
104.821
105.148
106.592
105.569
105.645
104.204
105.135
105.126
106.593
106.406
107.404
106.334
106.997
105.996
106.289
105.805
106.049
107.099
109.552
107.551
107.469
107.265
104.925
106.453
107.562
110.196
107.907
108.869
107.77
108.394
110.544
110.71
110.683
107.946
108.696
112.04
113.148
112.567
111.669
109.455
111.025
111.405
111.575
110.606
110.345
111.646
111.071
112.368
111.827
110.892
110.904
112.593
112.426
112.383
112.794
114.591
112.914
112.062
112.995
112.758
114.735
117.818
117.298
118.235
118.523
117.829
119.092
117.354
115.341
117.878
113.827
115.216
112.335
112.332
111.687
112.79
113.438
115.417
117.259
115.787
114.067
110.313
109.244
111.966
111.618
110.421
111.271
108.362
106.86
107.805
109.132
107.25
107.472
108.084
107.275
106.973
107.273
106.572
106.532
107.543
110.364
112.245
114.789
117.752
119.187
121.399
120.973
120.315
121.38
122.181
122.413
122.469
126.359
127.315
126.25
126.796
126.036
127.365
127.198
130.63
131.318
131.584
131.569
126.476
124.829
124.339
123.929
124.18
126.39
126.829
129.515
128.44
129.905
126.798
128.691
125.461
123.583
124.193
121.976
121.277
123.211
122.686
122.203
122.108
122.546
125.394
123.216
125.874
126.075
128.969
130.537
130.196
128.79
125.04
123.999
124.057
122.955
119.381
119.425
118.912
118.926
119.782
121.919
121.317
123.09
122.612
122.526
123.322
122.159
121.823
123.623
121.309
121.419
119.395
120.855
121.361
122.662
123.199
123.633
124.269
122.236
121.647
121.031
118.402
118.559
118.119
116.716
116.787
117.695
119.015
116.456
118.015
115.541
117.55
119.07
119.102
120.399
120.921
121.505
123.405
120.238
122.848
122.548
122.825
122.994
123.193
125.389
122.585
122.48
124.873
122.504
122.454
124.479
125.554
126.339
127.831
128.505
126.86
124.605
127.258
126.468
126.371
128.115
126.016
125.854
126.29
124.022
124.804
124.79
126.572
126.946
127.617
124.598
123.098
125.521
125.038
126.915
129.087
126.718
128.833
130.733
129.963
130.459
129.08
129.518
128.239
131.516
133.243
134.305
133.27
133.108
133.769
132.262
134.119
133.361
131.14
131.287
129.932
130.63
132.666
131.45
130.335
132.136
129.638
131.524
128.886
128.967
126.951
125.05
125.424
125.458
124.298
125.884
125.969
125.092
125.399
123.967
124.881
127.434
126.344
127.574
126.881
125.9
126.654
124.273
124.726
121.821
119.477
118.521
119.525
121.587
119.962
121.551
121.868
119.754
119.689
119.418
115.366
116.79
114.535
116.074
116.126
116.445
115.491
114.539
118.58
119.574
121.065
122.771
122.148
121.481
121.068
118.782
119.332
120.243
120.261
121.047
121.444
119.311
119.157
117.129
116.118
118.408
119.733
120.422
119.609
120.797
122.806
122.955
120.447
120.361
117.593
119.716
118.034
116.558
115.596
115.739
115.128
114.34
114.065
114.76
115.513
116.474
116.719
117.995
117.237
117.177
117.936
117.682
118.121
116.244
115.346
115.469
114.392
115.388
115.84
115.241
115.861
117.322
116.902
115.55
117.502
116.151
115.778
116.158
117.011
118.804
120.545
120.156
117.855
119.985
121.539
120.539
121.332
121.316
118.724
117.329
116.873
116.877
116.645
115.878
114.936
114.22
113.41
113.535
114.589
115.76
112.979
112.729
111.793
112.387
113.793
114.872
117.42
117.985
118.094
116.437
118.138
119.057
119.667
119.809
120.941
119.02
117.809
117.572
119.972
117.584
116.962
116.419
116.901
117.999
118.009
117.016
117.67
116.882
114.916
117.466
117.858
116.266
114.699
114.226
114.967
116.023
115.819
115.949
115.013
115.293
117.4
120.293
119.796
121.327
118.508
118.244
119.623
120.563
122.87
123.377
122.417
122.686
124.996
124.389
124.24
124.499
124.103
122.339
122.608
122.337
125.285
122.625
123.516
124.066
124.529
123.759
120.962
121.368
121.831
119.925
119.718
119.795
119.625
120.696
121.44
123.185
123.404
125.756
126.616
127.383
129.358
130.472
135.037
132.72
130.302
129.503
126.915
126.745
126.099
127.956
131.737
130.489
130.351
128.408
128.404
126.104
126.496
125.034
127.486
128.726
127.932
128.902
126.269
126.596
125.787
124.238
124.385
123.559
122.538
122.458
120.572
120.515
119.666
118.298
118.545
118.931
116.533
117.951
116.931
115.179
111.742
111.941
113.402
112.939
113.34
114.4
116.12
117.625
118.229
119.174
116.701
115.741
115.408
114.531
116.567
117.671
117.934
116.852
117.409
116.005
117.437
119.111
117.201
117.561
115.449
116.408
114.895
114.866
117.401
116.513
116.116
114.875
116.241
115.993
115.669
114.061
114.987
116.795
117.456
118.389
120.733
118.914
120.087
120.908
120.166
121.146
118.754
119.796
118.313
117.215
