97.2462
97.5043
95.0456
94.7667
93.8462
94.7878
93.4205
92.5052
92.7298
93.1016
91.0608
92.3147
92.4764
92.1276
90.7369
90.1954
89.2777
90.0433
89.3581
87.7866
87.8873
87.6345
86.9568
86.785
87.7061
86.9728
86.4379
86.8511
88.2671
89.9191
90.1665
89.3736
90.3588
90.0629
90.625
91.1968
90.6619
88.7341
86.4436
86.2622
85.934
83.94
82.551
81.3893
82.5075
80.2513
80.4809
79.6281
80.5566
79.8908
78.8288
78.6169
78.965
78.7479
79.8983
80.1856
80.6642
81.6848
80.7475
82.6762
80.7998
81.4948
82.0736
82.44
83.6215
83.2972
82.464
82.0332
82.5008
82.4123
81.1983
79.6947
79.9375
80.123
81.6193
79.5987
80.9338
81.4722
79.9388
80.904
83.2725
85.3543
86.105
87.1604
88.0228
89.1811
89.941
92.0605
93.5869
93.3695
94.4372
95.2258
94.8012
95.312
94.8135
94.1827
94.2391
96.3258
96.4044
95.3846
98.6159
96.561
94.3205
94.3415
95.517
94.5065
93.3746
95.3935
93.7784
93.6118
93.1184
91.8695
92.1836
92.3951
92.3128
93.157
94.7947
92.4521
92.7395
92.4376
92.4548
91.8367
94.0317
95.1395
94.8774
95.5717
97.7579
95.5778
94.6877
95.724
93.007
90.7801
90.4248
90.2807
88.4047
87.7386
90.1457
90.0861
90.1513
89.6816
89.3185
89.9623
90.7699
90.5193
89.7755
90.6518
90.6865
91.6401
92.8182
94.2239
97.1724
94.881
94.5469
95.1209
92.9649
91.9514
92.4439
89.0833
86.3758
85.0841
84.2293
83.7262
83.4083
82.4238
80.9734
79.5897
80.8785
80.1438
80.1615
80.4603
80.9482
80.8214
78.3237
78.6544
77.5765
75.1472
75.4475
76.3545
76.959
75.8095
75.0597
76.0512
75.982
74.9183
74.1571
74.7147
75.2492
75.2824
73.3709
72.4189
70.4261
68.596
68.163
68.7316
68.7875
67.9014
66.4906
67.5172
69.0648
70.1879
69.5155
67.7369
68.1598
68.3189
69.1004
69.0691
70.0091
70.2008
69.6145
69.1992
69.6781
70.2701
71.3541
73.1885
72.6208
72.5214
72.2512
72.2801
71.1704
70.7515
71.7706
71.17
72.1545
73.3568
74.1744
73.6007
74.612
73.8795
74.2323
74.5428
74.5594
75.5988
77.9863
78.5822
79.1943
78.682
75.797
77.4278
76.7923
74.5906
74.3991
74.2305
73.8783
73.5522
75.8295
75.324
76.6785
76.7869
76.4617
76.7868
76.6898
74.8687
74.7609
75.5147
73.7204
74.7861
75.9632
76.527
76.4909
76.8929
75.9727
76.254
77.7834
75.9885
76.5832
77.289
76.5351
76.5102
77.1642
76.097
77.195
76.4924
76.4592
76.9822
77.5279
77.6272
77.7708
78.3892
77.4801
77.6379
77.5705
74.9335
76.9815
77.0007
76.1226
75.7896
74.4546
72.9529
74.099
74.1117
73.7769
72.9439
73.9532
73.1048
73.4204
74.4777
74.5541
73.4541
73.3539
73.1876
72.9058
72.146
71.5296
70.1654
68.4575
68.683
69.5833
69.0166
68.0774
69.4713
69.7989
68.5118
68.8071
68.3581
68.975
68.7792
67.7724
68.8161
69.5999
68.2013
69.2796
69.0698
69.0258
69.4396
70.4855
69.9208
69.4112
70.0746
70.3114
70.2684
70.6169
71.05
71.6209
71.7526
71.3073
69.8864
68.7597
68.6686
68.9664
68.6695
67.839
67.5092
67.0789
66.3383
65.9277
65.6354
64.6339
65.551
64.0862
63.5531
64.5341
63.8523
64.1624
63.8884
61.9175
61.8923
62.987
62.7203
61.792
63.162
63.4639
64.0014
64.0338
64.2878
66.1956
64.5027
64.1772
65.5804
66.6699
67.1473
67.5625
68.8992
70.5257
70.3344
70.3903
71.3521
71.1141
71.8108
70.8976
71.5343
71.1878
71.396
72.2972
71.4205
71.4163
71.0552
71.6736
70.5935
69.8521
69.9736
69.532
69.8092
70.0992
68.8724
69.0265
67.3071
65.9598
66.8068
67.345
67.3284
68.2961
68.5753
67.6575
68.5166
69.4674
70.1918
69.2498
69.6074
71.044
70.8072
70.0945
67.6484
66.8409
68.3081
67.3759
66.9943
67.2977
67.1508
68.0881
67.3379
67.3382
66.2765
66.7227
65.0948
66.091
67.0548
65.8227
65.7293
64.1227
63.5547
63.082
61.8708
60.7024
60.3052
60.5938
60.5235
60.0354
60.2236
58.9562
59.0783
59.2593
58.7656
59.1445
59.4712
60.4318
58.54
59.343
59.5718
59.8487
59.8811
59.8499
60.6471
59.8954
59.1011
58.2717
58.4622
58.9246
59.4607
60.366
61.0853
60.6148
60.7847
63.0251
63.164
62.6626
61.1356
60.7927
61.0737
61.4846
62.7956
62.7055
63.2597
63.2479
64.7219
65.4381
65.7006
64.7828
62.6137
63.4812
63.2248
63.1477
64.2377
63.1447
65.1995
65.6146
64.9915
64.2486
63.1535
62.1928
61.6801
60.2159
60.2381
58.5524
58.8146
58.9553
58.9141
58.4641
60.383
60.3094
60.8298
60.7717
60.4232
60.5618
60.9426
60.4601
59.9078
60.8757
60.9118
61.1687
61.3226
61.779
61.3476
59.8242
61.4448
61.7049
60.6498
61.5654
61.0926
61.0738
60.1
60.5569
60.189
58.5063
59.5077
60.8906
61.3275
61.4282
61.7985
60.472
60.4893
60.8306
61.4341
62.0759
63.1697
63.4434
62.3799
64.3394
65.2364
65.4474
64.8333
67.0593
66.387
68.1965
68.707
69.4316
69.0654
70.4359
71.8986
73.1978
74.3395
75.3488
76.4182
76.2643
75.7258
75.8475
75.9715
75.9427
77.8559
78.1027
78.8264
78.719
80.5331
80.5969
80.9
80.2491
80.9539
80.9073
82.3118
80.5491
80.5694
80.4538
81.0111
81.2075
83.1089
81.3664
81.309
80.9502
81.4242
79.5834
76.9434
77.6755
78.2317
77.5815
76.3905
75.8649
75.0093
75.7533
76.1107
76.7239
77.4651
78.9325
79.0265
78.8854
78.4951
77.4437
76.3945
75.3545
74.6845
73.6939
73.4634
