100.23
99.4225
100.527
99.7348
99.419
98.7225
98.1759
97.1019
95.8849
96.0786
95.4941
95.0476
94.82
91.7595
91.6287
92.3614
91.8649
91.8115
91.9412
91.6486
90.8452
90.0686
91.4799
91.084
90.1957
89.7998
89.1925
89.5377
89.5532
89.3315
90.0244
91.642
92.8052
94.1944
92.9247
89.6654
88.9624
87.9915
86.8796
88.071
88.2358
89.2437
88.2607
87.4529
87.0349
87.3443
86.3952
88.7969
86.7125
85.8803
86.5626
87.2433
86.7231
86.2078
86.0413
86.2204
86.216
86.0635
86.0417
87.8144
88.7259
89.7862
91.339
91.1403
90.5407
91.0757
89.7503
92.2461
91.4033
89.5458
89.8258
89.4691
90.6152
89.7389
87.9354
87.5034
89.1611
89.2396
88.5485
90.6775
89.2597
91.1546
91.395
90.649
88.1119
87.6655
90.1552
89.6909
89.4498
87.1548
84.8751
84.8906
85.3084
84.7787
84.0193
83.2036
80.5469
81.9973
81.6813
82.4243
81.5237
81.1314
82.1431
82.9145
80.9591
83.2143
83.8625
84.6394
85.1237
84.7644
85.6609
84.6372
85.6507
86.1335
85.2814
85.2717
84.6909
84.4197
84.2846
86.2863
85.1557
85.0717
84.9082
85.4059
83.8468
84.5467
87.8476
88.407
86.5484
86.7147
84.2278
84.4202
84.9253
86.201
87.9674
87.3867
88.3569
89.5029
89.437
89.0567
90.2274
91.8451
90.4003
90.2383
91.2074
89.3997
89.7282
90.4877
90.8806
90.7536
89.0748
88.1954
87.6471
87.7845
87.7861
87.7949
88.7698
87.7489
87.811
89.5524
88.7028
87.7053
87.9013
87.3205
88.0096
90.4033
90.8432
91.8625
90.5088
89.6499
89.8732
90.1548
91.7069
91.3581
92.828
93.1401
93.008
92.9552
94.367
92.6549
94.1093
93.762
92.2999
93.2807
94.5017
95.0792
96.2688
95.5796
93.7275
93.1655
94.0484
93.6026
92.9794
93.475
94.1079
92.4447
91.6036
91.1581
93.9732
94.5952
93.4763
94.1827
95.4918
96.646
94.9431
94.3408
94.7129
94.3032
94.2113
92.5931
92.3108
92.7851
92.3052
92.6725
92.2993
94.0061
94.2798
93.3431
94.0998
94.6473
95.9207
96.2529
95.9825
95.7994
94.2168
92.6997
91.4452
91.7838
90.4181
93.1153
94.7666
92.7043
92.2429
91.428
90.6204
91.1354
91.8223
92.0611
92.9286
93.444
95.6128
95.8865
95.0313
93.8264
95.9329
94.5278
96.1669
97.2918
95.4382
94.7614
95.4959
92.6436
90.5041
89.8778
90.1769
91.4785
90.3706
87.8843
87.4069
87.4202
87.7431
86.2285
87.4782
88.5606
87.3418
87.4093
89.0364
88.4949
89.079
89.5267
87.9706
91.0066
88.4869
89.6863
90.6091
90.0532
89.6728
91.365
92.4847
90.6515
90.5168
89.4208
90.6635
90.6585
90.3214
91.5599
90.9426
92.3782
92.9243
92.9917
91.9212
91.3916
92.2724
93.158
94.8976
97.3306
96.2233
95.7582
94.3077
94.415
93.6643
93.0766
92.7876
94.078
93.4101
92.1053
91.3282
89.1274
88.4619
91.4212
93.3415
92.9869
90.5976
91.794
91.1218
89.8244
89.8018
89.9641
92.0426
92.6293
91.9606
90.2255
90.1134
90.1072
91.0846
92.5711
92.9265
94.071
95.4395
95.9671
96.2805
94.549
94.6141
93.1786
93.8875
95.2325
93.6811
94.2841
95.6928
94.8868
95.4732
97.9057
98.2728
96.9657
97.4628
98.5484
101.982
102.007
101.481
99.7371
98.5343
99.747
99.2654
98.8571
97.498
97.1034
98.1513
100.396
99.9182
101.181
101.035
101.21
102.119
103.639
104.528
106.012
106.802
107.39
106.656
108.076
109.276
109.429
110.315
111.043
109.236
110.062
111.253
112.301
112.683
111.526
111.091
109.672
109.857
110.801
111.433
112.14
111.497
110.543
113.381
114.515
115.232
115.645
117.404
114.835
114.36
115.774
114.244
114.003
114.846
114.687
114.366
114.687
116.564
118.234
118.945
117.926
115.488
115.672
116.982
119.606
120.099
119.473
121.684
122.616
123.327
123.805
123.315
122.894
120.51
121.345
121.656
118.653
118.896
118.506
116.188
115.573
115.042
117.441
117.535
118.291
120.521
121.292
122.9
121.758
122.198
124.574
123.816
122.945
123.173
123.812
121.193
120.396
121.173
118.923
120.019
119.622
119.184
120.114
121.068
122.122
123.304
126.119
131.106
134.291
134.722
134.674
136.039
134.136
133.843
135.081
138.179
134.131
134.262
132.341
130.822
130.12
126.911
124.209
123.042
123.605
122.984
123.686
123.841
125.354
128.153
126.272
125.474
127.05
128.558
129.307
131.109
132.038
133.116
133.742
135.636
135.986
134.308
137.137
137.253
139.128
139.931
141.127
142.353
143.597
144.591
143.937
142.9
141.286
140.504
144.212
143.67
144.139
144.15
147.296
146.023
146.112
144.131
147.638
149.162
149.408
148.213
147.731
145.045
147.977
147.971
149.293
149.359
148.448
149.13
153.894
155.006
157.516
160.271
162.681
162.305
159.725
160.093
160.548
163.071
163.63
160.319
158.695
156.102
158.185
157.407
159.063
157.341
155.203
157.234
155.394
156.146
157.081
156.696
157.869
158.428
155.543
158.406
157.805
155.794
153.99
158.203
158.688
155.23
153.716
155.423
153.026
150.055
151.648
149.231
149.108
147.883
148.037
146.962
146.984
144.961
143.961
144.417
146.453
148.205
149.862
147.751
147.371
146.464
148.086
149.968
149.261
147.169
147.534
150.288
149.087
149.886
147.179
143.329
142.191
140.433
142.061
143.783
143.08
141.445
139.014
137.55
138.077
138.15
136.201
137.431
137.73
135.765
139.737
144.133
145.318
