99.7804
99.6697
101.203
103.185
100.882
102.187
101.218
101.359
100.59
99.5681
100.465
99.0327
100.385
102.209
100.337
99.9959
98.22
97.608
98.0677
100.081
98.5652
99.7734
101.862
101.921
103.506
106.367
104.71
106.395
108.39
106.801
106.507
106.43
104.936
103.063
102.857
100.87
98.6615
99.766
99.7443
100.494
98.9915
99.2792
100.039
100.695
100.51
100.214
98.3722
97.6854
98.7724
97.817
99.1473
97.438
97.9411
98.7264
101.297
101.604
101.261
102.174
104.141
105.869
106.307
105.586
108.403
108.583
108.605
108.452
107.827
109.689
106.984
105.582
105.357
104.213
105.145
105.343
104.345
100.578
100.13
99.9932
99.5746
99.7184
99.7001
99.6645
97.8702
98.1159
99.3229
100.024
100.257
102.445
102.338
102.023
102.524
104.635
106.11
106.33
102.959
104.302
102.556
104.477
101.093
101.039
101.317
101.378
101.574
101.803
100.71
103.49
103.905
104.906
106.491
107.652
107.818
105.435
104.872
103.479
102.444
102.661
104.608
104.695
105.258
106.612
107.213
108.136
107.916
106.457
106.095
107.972
107.989
107.725
107.812
109.032
110.197
110.065
113.005
112.935
112.474
110.31
110.338
110.649
108.616
107.2
106.65
107.839
107.459
105.66
105.14
106.257
108.705
109.367
110.171
111.945
113.869
114.992
114.977
114.445
115.032
115.611
114.62
114.282
113.183
113.131
113.862
115.36
114.735
115.265
116.226
116.455
118.926
118.605
117.623
117.381
116.764
118.671
119.828
118.731
119.441
122.563
121.994
121.536
122.639
124.216
123.566
123.604
124.63
122.447
122.757
124.473
124.584
122.883
123.212
125.429
126.136
129.587
130.633
130.279
128.674
131.479
128.492
126.526
125.252
123.046
122.428
123.925
123.687
121.422
121.145
122.874
122.763
123.525
120.407
120.796
122.014
120.942
120.748
120.688
118.861
120.137
120.975
122.076
125.227
126.022
122.852
126.151
127.697
128.397
125.37
123.792
120.898
122.28
121.001
123.312
120.275
119.055
121.361
123.028
122.478
121.064
121.314
122.744
119.885
122.14
123.491
125.203
124.752
125.156
125.427
125.907
127.162
129.186
130.905
130.703
128.738
129.642
131.008
132.341
130.805
131.074
130.778
130.788
130.688
128.997
132.339
135.558
134.062
132.094
132.894
130.459
130.835
132.037
135.241
135.232
133.24
135.264
134.568
134.707
135.86
133.92
134.444
132.792
132.173
130.016
131.663
135.5
136.088
135.248
134.898
132.22
132.819
132.374
132.081
131.161
129.597
129.414
127.157
128.297
130.201
125.935
124.799
121.839
124.533
125.403
123.566
123.905
124.828
124.634
125.407
123.681
124.169
122.758
123.345
123.883
124.908
126.025
126.621
124.811
125.658
122.718
123.645
123.812
123.037
120.946
123.941
123.193
123.334
124.161
123.887
124.129
121.949
122.08
121.743
122.366
125.978
124.359
120.106
117.543
119.394
118.055
118.624
117.325
118.459
115.985
116.467
117.539
119.671
119.996
120.217
122.63
123.662
123.641
124.257
125.461
126.42
126.709
128.772
127.508
127.939
125.908
127.1
124.608
126.484
127.21
126.528
125.769
124.282
124.213
124.475
125.847
124.528
125.249
124.039
123.1
124.86
122.059
124.164
121.301
121.387
118.777
116.708
117.895
119.614
118.15
117.582
119.212
119.977
118.539
121.053
121.791
123.142
126.838
128.412
128.938
130.108
127.887
127.086
124.964
127.079
126.408
128.868
128.258
125.548
127.054
127.649
121.807
121.609
126.117
123.768
123.741
123.137
120.644
117.634
117.791
118.405
117.58
117.895
117.027
118.538
118.641
118.961
117.804
116.027
117.179
117.07
117.81
117.926
117.46
118.692
117.5
117.939
117.166
119.43
121.165
119.127
121.827
123.84
124.491
122.566
120.463
120.647
122.312
123.964
123.094
123.08
123.473
120.81
120.53
119.798
119.945
120.666
120.676
119.549
119.872
120.589
120.046
121.493
123.496
122.636
122.013
122.304
123.791
124.913
122.788
125.033
125.655
125.808
124.464
125.344
126.657
126.593
126.464
124.815
122.054
121.267
120.505
123.169
122.668
123.738
124.118
127.573
125.702
128.589
130.523
129.173
128.98
126.8
129.004
130.351
133.284
132.772
132.315
132.344
133.841
134.136
134.221
134.564
136.882
137.536
138.875
139.888
141.51
142.49
144.598
146.718
146.712
148.51
150.599
151.623
152.936
152.232
151.943
150.743
149.555
149.766
149.235
149.915
152.653
150.736
151.25
149.662
153.871
152.451
151.055
155.924
159.597
159.807
161.89
160.987
164.195
167.805
169.774
170.327
170.456
165.983
167.906
169.212
168.901
164.939
163.764
163.426
160.635
157.955
160.15
160.055
158.615
159.042
159.501
156.385
153.241
154.16
151.702
155.335
155.836
156.509
154.281
151.981
149.961
152.623
156.494
155.85
157.857
157.798
157.777
161.066
159.103
162.29
159.865
157.298
159.636
161.357
160.784
159.866
163.914
167.088
168.567
173.426
174.266
176.304
177.617
176.901
170.156
174.349
176.354
176.574
176.457
176.19
179.663
176.754
173.038
174.182
174.816
170.341
175.773
179.377
183.333
184.218
182.885
185.943
184.74
183.54
184.155
184.004
187.177
