99.2339
99.2194
99.6551
99.6313
100.139
101.87
100.146
96.8692
95.8365
95.9158
94.8409
93.5544
95.3852
95.5928
95.7158
94.4989
95.9579
96.9302
98.9842
100.403
101.496
101.73
100.174
101.533
101.065
101.594
100.408
98.9394
100.908
102.77
104.555
103.386
103.178
102.252
103.791
102.902
104.165
102.257
101.912
103.952
104.661
105.946
106.713
107.863
109.485
108.779
109.777
109.883
110.084
110.682
107.342
107.842
106.735
106.815
106.786
104.132
105.187
105.751
106.413
108.851
108.716
107.688
109.264
107.479
107.403
105.786
104.282
103.348
102.993
103.928
105.187
103.742
103.579
103.405
103.814
102.625
102.84
103.836
103.998
104.437
104.512
103.667
103.404
103.63
105.24
106.752
106.746
106.091
104.748
104.8
106.736
105.955
105.04
104.716
105.876
104.349
104.379
106.102
108.254
106.929
106.9
107.74
106.413
106.739
104.587
104.799
104.089
103.986
105.74
106.357
105.872
107.019
107.555
106.517
107.969
109.639
109.966
107.358
107.181
104.672
105.226
104.798
104.341
105.338
107.542
108.112
110.259
110.205
111.859
112.034
110.172
112.896
114.019
111.81
110.224
112.244
112.458
112.371
113.822
115.531
118.777
120.454
121.253
121.156
121.138
123.837
122.713
122.582
123.178
123.994
126.909
126.938
128.552
127.813
126.925
128.68
129.969
129.31
129.801
131.576
130.716
129.027
130.479
133.663
137.663
137.692
137.794
135.036
132.853
132.315
132.418
132.902
130.233
131.382
130.913
132.209
132.345
130.995
133.856
135.775
135.275
134.045
136.421
132.805
134.392
134.637
136.042
135.27
134.08
133.449
132.95
134.935
131.419
131.744
132.21
132.475
131.749
127.586
127.746
127.124
124.538
122.939
122.369
120.921
121.035
121.925
119.7
120.239
119.28
121.493
120.575
121.16
119.404
121.842
125.624
123.856
123.974
123.77
121.271
122.255
121.98
121.293
121.669
120.992
121.041
119.445
120.542
122.002
119.855
117.614
119.306
121.338
118.893
121.183
120.357
119.994
120.964
120.581
118.735
118.503
118.001
118.402
117
116.437
114.618
115.064
115.864
115.774
115.886
114.992
112.893
113.647
113.676
113.021
113.955
115.122
112.428
112.696
113.515
112.552
110.618
110.236
112.174
111.422
113.094
109.298
106.141
109.114
109.261
110.362
110.277
111.918
112.335
110.33
111.816
111.851
111.977
113.019
113.71
114.998
116.209
112.848
112.984
112.071
110.357
111.024
109.081
109.449
108.056
107.316
104.668
103.781
101.47
100.179
100.456
101.938
102.665
102.029
103.041
102.403
103.097
103.835
103.657
103.521
105.631
106.797
105.523
107.16
107.19
106.845
107.856
111.001
110.193
108.37
109.095
109.699
110.699
109.571
110.044
110.859
107.747
107.04
107.027
105.387
105.843
107.915
108.411
111.027
109.868
111.502
111.937
112.619
112.958
111.743
113.174
111.678
113.677
113.086
112.064
113.559
112.42
112.188
111.912
111.968
114.629
118.167
117.948
118.111
121.081
120.472
120.088
119.843
117.158
116.916
117.718
115.33
114.459
114.913
112.751
113.423
111.532
111.862
111.344
111.699
111.692
112.844
112.335
114.422
113.317
113.665
113.663
116.875
116.648
119.189
117.833
118.855
118.468
119.878
119.862
119.605
120.092
121.083
120.856
120.365
120.325
120.357
120.391
120.556
121.471
121.818
123.506
123.107
125.438
123.269
122.229
120.963
122.439
121.614
122.615
121.843
125.157
126.943
127.585
128.168
125.219
127.519
126.546
128.305
128.337
126.697
123.798
122.252
121.222
124.696
125.786
127.142
127.124
129.677
128.591
126.693
126.163
122.735
124.879
127.432
125.669
126.851
126.303
126.816
125.156
122.818
122.61
121.354
121.018
121.029
120.873
123.724
122.375
124.131
124.697
124.668
126.746
126.308
123.09
122.178
123.367
124.851
125.458
126.758
125.899
125.791
127.658
125.013
121.488
121.264
121.062
120.498
119.473
120.004
122.207
121.111
120.626
121.209
122.017
121.856
120.551
119.997
119.922
120.611
118.842
117.68
119.352
121.491
122.847
123.384
123.974
121.317
120.758
117.785
117.541
117.061
115.691
114
113.091
110.012
108.633
108.353
108.421
110.512
111.847
111.812
110.641
111.155
112.938
111.814
110.481
113.38
113.696
111.956
111.792
110.012
110.075
109.505
109.696
110.986
109.25
109.251
109.676
111.168
108.836
108.073
107.677
107.529
106.483
105.621
105.006
105.007
104.008
105.061
106.518
106.247
106.537
106.198
105.486
104.148
104.594
104.332
105.844
106.881
107.692
110.348
112.504
111.424
110.964
111.989
111.668
111.218
110.821
110.057
112.342
114.433
115.667
118.04
119.868
117.173
117.555
120.275
120.492
119.63
117.235
117.869
117.388
120.723
121.071
123.005
123.191
122.903
119.55
119.01
121.219
121.51
121.773
121.183
119.379
115.117
117.582
116.393
116.492
117.329
120.218
119.951
120.968
120.73
120.905
121.105
121.222
118.279
119.164
119.913
121.496
122.491
123.216
123.262
125.653
124.002
124.592
125.342
127.401
125.232
127.174
126.09
128.057
129.518
126.927
128.224
127.325
127.51
131.928
132.203
134.503
132.623
