99.431
98.9809
96.2231
95.7249
94.0839
92.7875
93.6539
93.8216
95.1205
94.5071
93.452
94.7841
93.7597
94.665
95.3542
95.465
98.3095
98.3481
97.3495
98.6227
100.613
98.7863
100.57
101.818
100.694
100.449
100.981
102.068
100.668
101.292
101.024
102.015
103.17
101.495
102.676
101.828
99.927
99.5504
99.9503
101.375
100.748
100.976
102.042
103.345
102.492
102.799
103.186
104.286
102.112
102.542
102.349
104.86
106.169
102.572
101.248
100.932
101.28
99.8171
98.5088
98.6418
98.1166
98.5806
98.0536
97.4786
99.7076
99.0911
98.0914
97.407
98.4716
97.8997
98.3057
98.2701
98.33
97.79
98.2827
98.1683
98.4624
98.1404
97.4252
97.5284
97.8606
99.7315
98.0045
96.4994
95.8138
95.4418
93.256
92.3363
90.8995
91.5619
91.9429
93.2642
92.6622
92.4765
92.9436
94.0295
95.1666
94.6079
94.7922
94.4558
95.0592
95.5049
96.6666
97.2094
97.2143
96.8259
96.19
95.4532
95.0854
93.8393
93.5079
93.5308
92.1478
90.9523
91.269
92.0725
91.6533
90.5681
89.1185
88.0388
87.2693
87.301
89.084
88.3576
88.5507
89.3284
89.8562
89.2
89.489
87.7183
85.751
84.1749
83.654
82.7997
84.2826
85.1513
86.2775
86.6745
87.11
89.3713
88.7252
90.0235
90.399
89.3627
89.2948
90.044
90.37
90.5384
90.8461
88.9251
88.3876
87.0829
87.433
86.7155
86.9077
87.4112
87.9211
90.5518
88.1265
88.0783
87.7253
87.8174
87.4592
85.0721
86.8457
87.0514
86.4538
87.5316
87.2464
87.4612
86.8096
87.3236
86.0924
84.9889
86.5895
87.2899
87.2211
86.5403
84.5809
83.8688
83.731
83.8811
85.38
84.7184
83.6764
83.4675
84.973
85.6974
85.3168
86.437
85.9483
86.0514
84.8875
84.9386
84.1409
84.6112
84.3816
85.6567
86.0571
86.4652
86.4625
86.6055
85.4636
84.2578
84.3057
84.764
86.495
87.1249
86.7714
86.9659
85.4104
84.7696
85.5119
86.3314
84.6056
85.2078
85.0339
84.6062
85.774
85.3517
85.8376
87.52
88.0869
88.4753
88.686
89.434
88.2241
89.3382
87.4834
86.8967
85.7298
84.8967
85.2618
85.1741
84.3774
84.9843
84.677
84.9632
85.2962
87.7826
86.4711
85.1794
85.2729
86.8549
86.6098
85.9869
84.3845
84.8736
85.0977
85.6948
85.8655
85.4875
84.4607
85.6008
84.7618
84.9922
83.5464
82.7486
83.0002
85.1109
85.9231
86.5098
85.6053
87.4847
86.9677
87.3124
85.7954
85.5164
84.8403
84.2369
84.6686
84.7501
84.837
84.7549
85.0428
86.1213
86.0282
83.8531
83.6403
84.2977
84.939
85.7156
86.7171
84.5727
85.2835
86.7086
86.6998
88.3779
87.9152
87.4922
85.8702
85.8621
85.2372
86.5232
85.0108
85.2986
84.7303
86.9077
86.7008
86.9391
87.2723
88.6773
90.9552
91.8689
90.4338
91.6514
92.1466
93.3866
94.0987
94.4783
94.7067
95.5822
95.8115
95.5041
95.3319
95.5785
95.3775
97.3133
98.8354
99.7358
99.0946
97.4397
97.4649
96.2863
96.3981
96.7482
95.475
96.5073
96.5984
97.3261
99.0367
100.625
100.06
100.277
97.855
99.231
99.6524
100.754
99.8999
98.9908
98.6656
98.0146
96.493
97.057
97.5305
97.1813
99.0086
97.7098
99.1138
98.159
97.9305
97.9424
97.0079
95.9008
94.2545
94.2927
95.3633
94.706
92.7027
93.4843
93.2818
92.3788
93.5251
91.8766
93.0786
93.5904
92.0396
91.4517
91.4606
90.6411
89.9841
89.8479
89.5759
88.5701
89.7335
90.0188
89.8402
89.9181
89.0701
89.7307
86.9251
86.7513
86.0051
85.0496
84.8374
83.7178
82.8055
82.5991
82.5333
82.5901
82.7779
83.0455
82.3079
81.2731
80.1655
79.3288
80.0319
80.942
81.0202
83.5231
84.2267
84.1724
83.2879
82.9265
82.7925
83.1383
83.299
83.2952
84.0359
84.5349
84.2508
84.3379
84.0526
82.4036
81.656
81.6608
82.3049
83.9306
82.4202
81.792
83.1411
82.2638
82.4181
82.7136
83.2581
83.7477
82.2266
82.5536
82.5005
81.6112
83.2609
81.8904
82.8844
82.3905
83.263
82.9743
80.7121
80.0635
78.1318
77.3662
78.1081
79.7282
78.7687
78.8279
80.584
80.914
80.2611
79.292
78.2044
78.5756
77.6965
75.5581
75.7401
76.0788
76.334
76.1844
75.69
75.2184
76.378
75.2931
75.0784
75.1857
76.8591
77.2155
77.2453
76.5931
76.4583
75.0214
73.7772
75.0138
75.3551
73.6929
74.5477
73.6339
71.7433
71.5398
71.0844
71.5064
71.2659
70.8025
70.7502
72.783
71.8461
72.0608
70.8467
71.779
70.9483
71.6832
70.5981
70.0286
70.5406
71.0386
72.033
72.6188
73.1349
74.967
75.3904
76.7518
76.7446
77.6354
79.0145
78.6157
78.2827
79.5949
79.6178
80.2618
79.2019
78.224
78.1321
76.23
76.1728
76.8145
77.608
79.6189
80.1172
79.2941
77.3826
78.5216
77.9236
77.3565
78.4071
78.7603
77.8606
78.0034
78.5265
78.9007
79.4297
81.0854
80.4015
79.5147
79.5174
80.2574
81.4244
81.2885
78.6741
77.804
78.6451
77.4246
78.5106
77.3044
77.1675
77.0767
78.0467
78.2057
77.692
78.2572
77.2977
75.7133
75.8232
75.2864
75.7101
75.5086
74.922
75.1989
75.032
74.9941
75.5137
76.3366
76.4119
76.2352
75.3829
74.9218
76.2036
76.7239
78.2446
79.6685
80.7981
81.0652
81.6268
81.4199
81.7199
83.0815
81.8926
81.8546
81.1909
80.9415
81.888
80.8197
78.3624
77.4283
76.356
77.3122
76.3583
76.849
74.5174
73.9819
73.2433
72.6124
72.5178
73
72.3468
73.4214
74.3137
74.7717
74.8268
73.9115
73.8895
72.1259
72.1192
71.398
