100.913
100.794
101.82
103.506
104.257
102.968
102.511
102.015
102.95
101.782
101.799
101.3
100.587
99.3719
99.7067
99.8341
101.062
100.608
102.289
102.607
102.002
100.495
102.053
101.436
103.975
102.54
103.312
103.203
101.596
100.176
101.259
99.5859
99.9125
100.59
100.154
100.029
98.4084
97.5068
94.8277
94.8707
95.6675
99.7646
99.7782
99.6498
98.9143
97.8735
97.685
99.6368
100.428
100.933
100.33
99.7003
99.4387
98.9312
99.5045
100.21
100.416
100.694
98.8098
99.6114
98.0411
99.0328
99.057
98.4567
98.7666
99.0376
98.7084
99.8945
101.287
99.1136
97.1001
96.4874
97.6481
97.9029
96.9735
96.2281
97.6492
96.3307
96.516
95.7774
96.134
94.6702
93.1839
95.2178
95.0071
94.5156
96.1567
95.8813
97.0564
96.9327
97.4741
101.822
101.056
104.016
103.966
102.519
99.6437
99.8974
99.1817
100.103
99.2368
100.083
99.7659
101.622
101.895
100.294
102.51
101.48
102.225
100.851
99.2182
98.135
98.1344
100.541
101.544
101.045
100.797
99.0803
100.149
99.8507
97.7287
97.0848
95.7594
96.9869
97.1686
97.4101
96.4982
97.1672
95.7604
96.2648
95.8459
97.3607
98.1869
99.2901
97.9899
99.384
100.976
101.208
101.012
102.235
103.201
102.072
102.795
104.442
105.638
105.444
106.741
107.408
106.124
104.515
103.346
102.62
103.74
102.707
103.314
103.095
101.32
100.769
100.594
100.843
102.538
102.392
104.649
105.684
106.021
104.934
104.676
104.434
103.024
103.714
104.451
106.673
106.786
106.755
105.187
104.882
105.339
106.504
105.361
105.358
105.462
105.572
106.181
107.607
106.211
105.328
105.685
106.786
111.213
110.978
111.506
109.732
107.239
104.93
103.201
103.762
104.217
104.39
104.052
101.716
100.848
102.864
103.509
103.634
104.018
103.531
102.168
102.291
101.896
99.9498
101.895
100.461
101.322
100.464
101.957
102.122
103.047
103.856
103.98
102.249
102.832
102.551
102.835
102.735
101.726
103.236
101.487
99.5102
100.482
101.258
101.387
101.322
98.057
98.3834
99.0202
97.003
96.9719
97.4513
97.5675
97.828
99.2601
99.6703
98.5645
99.2322
98.8794
100.19
104.18
102.975
105.221
104.299
102.458
101.953
97.635
96.8071
98.0526
96.3951
96.8709
98.1767
99.0201
99.7289
96.8594
97.129
97.6489
97.9477
98.4421
98.3087
96.9512
98.6107
97.878
97.6271
95.1695
94.5905
96.3511
97.1369
97.257
95.5001
94.5716
96.5181
97.1914
96.6155
97.9505
96.4649
97.4493
95.9553
96.2978
97.1859
99.7197
99.6447
99.2285
98.7297
98.8489
98.5335
99.072
98.2731
96.8327
95.4571
96.6097
95.0554
94.9214
96.3425
96.611
96.317
96.5849
98.0126
98.1385
98.6778
99.1191
98.0155
98.7162
100.595
101.605
102.421
101.921
103.339
100.853
101.761
105.856
106.729
105.526
105.801
107.226
107.311
106.981
108.392
107.223
107.684
109.463
110.298
111.162
111.341
112.281
109.909
107.158
108.04
109.031
107.908
110.523
109.046
107.209
106.227
105.356
106.409
106.296
106.622
108.617
109.365
108.035
107.655
106.889
108.15
108.917
105.904
106.432
106.485
107.567
107.485
105.912
105.389
107.816
107.474
104.438
102.329
99.1328
98.1269
96.2972
94.6539
95.648
96.5316
96.4863
94.4887
93.8532
93.5565
95.3459
93.8752
95.4817
96.1148
95.5509
95.7778
94.8288
94.5273
93.0578
93.975
94.9877
94.9292
94.7105
94.8968
92.6831
94.674
93.5022
96.2758
98.5327
100.181
100.236
100.525
102.127
103.156
104.914
102.896
104.567
107.378
107.719
107.378
107.313
107.372
109.874
107.955
107.876
107.925
107.704
108.594
106.76
107.616
107.341
105.988
106.728
106.43
105.736
106.67
107.795
106.956
106.833
106.67
106.333
106.086
108.115
107.783
106.765
106.975
108.757
107.622
108.354
104.476
105.579
104.142
105.097
104.456
104.046
107.007
105.467
104.262
106.703
106.54
106.322
106.809
107.43
104.706
104.075
102.165
101.629
101.986
103.346
102.103
100.233
102.152
100.343
102.636
104.131
105.036
105.775
105.984
109.195
108.549
110.167
110.47
110.353
111.058
111.768
111.678
111.524
109.03
109.29
109.97
111.398
112.104
114.986
113.462
113.802
113.218
115.376
114.618
116.417
116.833
118.653
119.728
119.37
117.474
117.654
120.215
119.708
121.356
122.713
124.55
124.159
121.811
121.631
121.866
124.459
126.719
126.682
125.929
126.147
125.764
127.574
126.898
125.009
125.165
122.528
123.246
122.071
124.388
122.159
121.524
123.332
123.3
124.254
120.978
119.337
119.255
119.754
120.215
116.644
117.59
118.849
121.151
121.148
123.923
122.837
120.981
121.54
118.516
118.687
118.949
117.263
116.975
118.605
117.814
117.873
117.638
117.71
118.077
119.631
119.644
117.823
116.889
117.136
116.786
117.115
116.65
117.369
119.522
122.17
124.242
125.022
123.214
123.534
123.189
123.044
120.183
117.171
118.258
115.682
117.972
117.742
118.308
118.593
118.583
119.691
120.145
120.704
122.077
122.452
122.268
123.063
122.556
123.33
124.376
124.853
123.322
121.775
121.195
121.407
122.274
122.411
122.312
124.536
124.528
128.125
128.569
127.671
128.48
128.309
129.9
133.922
132.797
133.05
133.529
133.903
132.805
131.536
130.223
