100.209
99.0656
98.8711
99.9263
100.282
99.6283
102.711
102.305
101.881
103.027
102.304
104.372
106.41
105.121
103.602
103.2
104.221
105.76
103.612
105.868
104.231
103.698
102.156
102.44
102.145
100.946
99.1889
99.5621
98.2947
99.9757
99.6238
97.5476
99.2582
100.134
99.5221
97.2971
98.7558
97.0367
95.8653
96.0734
95.4542
93.9171
92.8456
94.4351
96.4455
99.0757
96.9898
97.0026
99.1057
99.1477
98.7606
101.358
99.5466
99.0379
99.4467
98.9172
101.131
102.924
101.508
102.282
103.432
106.486
107.79
110.126
111.687
114.216
116.303
117.804
119.362
116.15
115.974
114.286
110.991
110.638
109.775
112.813
113.087
113.143
114.822
112.715
113.261
114.254
113.883
115.281
115.986
117.5
117.677
118.55
121.419
121.666
123.851
121.532
120.635
118.857
122.131
121.073
120.343
120.907
122.08
123.354
121.601
120.145
118.824
116.742
118.593
117.475
116.292
117.103
118.117
118.963
119.791
120.786
121.053
124.183
123.864
123.14
120.681
118.063
117.492
119.197
117.006
117.641
117.897
118.248
119.448
119.62
119.623
117.084
115.926
115.071
114.871
115.504
113.857
112.433
110.096
109.578
109.119
109.079
107.482
108.813
109.279
111.824
110.273
110.633
111.437
112.615
114.797
113.507
112.553
111.743
111.322
111.289
110.3
109.984
108.209
106.54
107.081
107.457
108.983
107.557
109.105
111.588
109.149
112.408
111.995
111.54
112.969
113.609
113.677
115.48
115.497
113.731
114.633
114.816
114.925
112.336
111.589
113.018
110.151
106.134
105.146
107.476
108.896
107.665
109.765
110.209
109.156
106.626
107.628
107.925
109.192
108.999
109.394
107.65
103.491
102.152
100.006
99.8988
100.182
98.0201
98.1833
98.578
100.774
100.986
100.038
101.201
100.221
100.356
101.484
102.939
104.562
105.542
108.034
108.29
107.782
109.729
109.262
112.002
111.133
108.384
108.389
109.791
109.333
109.549
107.307
107.778
107.832
107.748
107.659
107.62
109.126
108.97
107.943
107.475
108.17
108.906
108.88
109.137
111.041
113.844
115.635
114.725
115.556
115.196
115.69
117.827
117.388
118.952
119.275
120.752
123.958
125.779
125.637
124.931
124.687
123.846
125.705
126.297
127.018
126.422
128.553
127.003
126.959
127.586
129.178
129.061
129.372
128.787
131.101
130.416
130.855
134.015
136.902
137.002
136.448
136.171
137.791
137.09
136.551
138.86
140.47
138.735
136.235
136.439
135.632
137.453
135.225
134.259
134.107
133.462
134.45
134.661
135.091
133.965
131.452
129.826
129.144
128.804
126.36
129.787
126.882
128.072
128.604
129.794
129.95
131.894
132.212
131.482
130.57
131.011
131.224
130.962
131.078
132.359
135.251
131.267
130.812
132.582
133.788
135.92
132.995
135.545
135.568
135.643
136.847
140.25
141.818
142.893
142.476
142.861
141.468
141.663
144.099
142.874
143.37
145.475
145.929
146.44
146.117
145.117
146.488
140.875
140.745
140.149
143.448
143.563
144.146
142.366
141.261
142.81
145.812
148.222
148.667
147.922
150.971
150.053
148.367
148.305
148.26
147.077
144.859
146.684
144.423
144.627
145.799
145.473
147.357
147.033
148.011
148.889
146.155
144.798
146.714
148.407
146.982
146.92
145.053
146.099
146.922
146.535
152.081
153.823
157.034
158.37
156.104
153.935
152.662
154.781
154.341
152.342
151.847
154.371
154.64
155.31
158.507
160.587
161.908
162.365
163.047
165.001
163.032
164.815
163.893
163.772
164.886
163.98
163.558
163.724
165.646
166.48
167.123
170.687
171.89
171.426
173.049
173.594
174.513
176.176
177.859
177.111
176.423
176.626
178.332
180.155
178.106
175.68
177.733
179.576
180.421
184.802
183.844
182.493
182.089
180.167
180.318
176.021
174.446
175.959
174.571
176.192
174.605
178.382
175.859
177.986
178.262
176.035
177.803
179.437
178.104
176.14
178.069
177.057
176.057
176.895
178.787
178.045
176.163
175.94
173.71
174.105
175.087
173.602
175.318
176.665
175.396
176.952
176.864
178.473
177.883
176.096
178.334
180.361
178.678
180.134
183.858
181.606
182.291
181.281
181.786
176.639
174.694
173.96
174.254
176.464
178.294
172.703
169.783
169.23
171.58
169.652
167.997
166.722
166.822
169.544
168.396
170.342
173.796
172.207
176.783
175.491
173.055
171.715
173.661
174.886
175.312
180.531
179.969
178.901
177.07
177.483
177.243
179.114
177.463
181.3
180.664
180.172
180.423
180.172
179.608
182
185.262
183.703
185.185
186.451
189.895
190.84
186.722
185.099
188.479
187.245
189.051
189.239
188.152
185.812
187.132
187.77
182.879
182.234
184.538
184.748
186.734
187.878
188.177
189.281
190.837
194.902
194.233
191.688
190.222
188.71
194.269
187.205
187.726
190.788
193.651
198.204
199.147
204.611
203.97
206.505
209.394
210.351
205.127
204.775
203.378
202.449
197.399
195.197
194.378
196.319
196.1
193.863
188.727
185.906
183.619
183.97
185.952
190.413
190.679
194.097
191.514
193.345
191.248
187.144
189.096
188.112
189.691
190.994
187.321
184.859
185.523
186.152
191.521
190.792
188.735
188.946
191.388
191.559
191.332
189.888
