98.1818
99.1094
98.088
99.0402
98.5408
99.2535
99.39
100.036
99.1818
98.4478
97.7455
96.7393
95.2788
97.4101
96.8763
95.4651
96.2204
97.1957
96.8227
96.2014
93.8624
94.3942
96.1648
99.337
99.401
100.61
99.3425
100.71
100.865
100.465
98.5146
100.143
101.879
102.143
101.79
101.27
102.625
102.521
100.636
99.3411
100.417
99.1021
99.2855
98.6895
97.8724
96.2197
96.1095
96.4478
95.0176
94.0604
91.7973
90.1799
92.0308
90.2324
89.1718
88.4061
86.5375
84.3907
85.2423
85.7595
87.1122
85.9187
85.0866
84.645
82.8799
81.5529
83.4096
82.3435
84.1896
84.5967
85.0579
86.6277
85.6387
85.7869
87.7731
87.9453
88.2243
88.2043
87.0905
86.9202
87.538
90.4368
88.9159
88.3387
87.8166
90.6416
89.156
89.7463
89.1599
90.6432
90.348
90.1852
90.2783
91.8789
89.0582
88.9351
90.1773
90.6745
91.317
90.7824
89.6995
91.0282
90.8802
91.5154
91.9095
90.5696
91.1205
92.3423
92.5505
93.5424
93.4001
93.4427
94.2956
92.0442
92.632
93.5808
93.9088
95.2684
97.5922
98.9422
98.5084
96.7748
95.5383
96.2748
95.9423
94.4882
93.2403
91.0504
92.2147
92.0752
91.9235
90.5791
89.839
89.766
89.1264
90.4377
92.0836
93.8212
94.1254
96.5685
95.82
96.4242
95.8508
95.7791
95.0842
94.8504
93.8239
94.3655
93.0311
93.6147
93.1104
94.6754
95.6749
95.7663
96.155
95.491
95.8741
98.2482
96.0157
95.7971
99.096
100.054
99.3868
99.7652
100.416
98.7418
96.7716
95.6837
95.074
95.6144
95.7788
97.772
96.9921
97.6415
98.3071
98.8896
99.2076
97.8878
99.2789
100.184
101.128
103.062
103.216
104.39
105.77
107.116
106.119
105.985
106.535
105.975
106.402
107.197
107.719
108.431
108.273
108.362
109.522
108.836
109.478
111.381
109.961
108.182
109.964
110.974
113.279
113.594
112.321
112.622
112.373
112.534
115.543
115.394
115.625
117.654
118.433
120.024
119.153
119.3
118.971
121.113
123.703
123.264
123.416
123.04
125.253
125.065
124.99
126.826
125.23
123.323
128.46
128.412
131.151
130.994
130.086
133.037
131.123
131.022
130.897
131.656
132.475
132.545
131.693
129.287
128.971
130.096
132.396
132.155
127.75
129.89
127.696
127.009
126.33
123.839
124.101
125.373
124.156
122.428
122.015
122.637
124.212
124.029
122.311
121.51
118.948
116.818
117.35
118.747
118.451
117.849
119.788
117.544
118.432
116.545
112.815
111.84
111.924
112.123
113.535
113.203
113.976
116.212
115.702
114.598
113.955
114.064
114.168
113.842
112.101
113.55
110.99
111.695
112.486
112.409
112.683
113.908
113.727
112.444
111.524
112.959
113.891
115.638
115.621
117.235
114.366
113.247
114.844
113.934
113.715
112.206
112.6
112.44
110.085
108.789
108.386
108.743
108.964
110.581
111.949
112.19
113.008
112.054
109.703
110.846
110.144
110.808
109.886
109.592
109.17
108.593
106.598
105.852
104.89
106.915
102.738
103.588
106.061
106.282
107.595
105.104
103.167
102.049
102.639
101.216
102.434
101.075
99.5539
100.3
100.866
103.408
101.72
100.583
102.552
102.691
103.788
105.128
107.558
106.191
106.328
103.032
102.168
101.865
101.251
101.236
99.5187
102.604
104.918
106.832
106.489
106.444
105.728
103.528
104.851
103.77
101.873
103.173
102.207
103.448
103.026
103.926
104.055
105.359
104.102
105.151
104.93
105.21
106.258
106.762
107.828
106.274
108.464
106.596
107.572
107.7
107.286
106.384
104.868
105.159
106.251
106.729
104.986
104.947
102.751
102.145
100.777
103.146
105.51
106.948
108.064
106.348
110.685
110.278
110.177
109.563
110.625
110.802
112.905
110.819
110.34
107.948
109.607
110.568
113.072
112.5
112.533
113.273
114.037
112.878
113.754
113.612
114.724
113.654
114.811
113.446
115.858
116.43
116.849
117.103
118.275
118.17
116.54
112.09
113.46
111.206
110.236
108.571
109.973
112.494
112.727
113.383
114.152
115.77
117.268
117.675
119.213
120.266
120.416
120.947
120.842
121.118
120.573
121.449
119.528
122.23
122.135
125.641
123.129
122.495
124.321
124.231
119.952
120.952
121.14
121.284
119.418
120.25
118.445
117.923
117.885
117.812
118.195
119.063
118.528
116.933
119.919
121.279
119.402
119.139
120.373
121.266
120.508
119.134
120.047
117.453
115.682
114.28
112.85
115.098
113.875
113.311
115.867
116.991
117.725
116.235
117.006
116.198
116.59
115.966
115.592
117.329
117.564
116.232
118.709
120.679
122.232
121.16
121.208
117.608
117.839
115.936
115.984
115.129
115.591
114.217
112.603
113.424
112.941
112.712
113.43
114.188
113.761
112.189
109.613
110.946
109.331
108.927
109.013
111.267
109.893
110.999
112.418
112.287
115.303
114.612
116.187
114.272
114.648
115.044
112.646
110.547
111.579
112.147
109.061
106.18
103.535
107.734
108.976
109.06
110.427
112.909
114.254
114.782
117.034
116.731
115.258
114.397
113.155
110.891
109.2
110.412
107.078
106.508
104.279
104.786
106.046
105.984
105.549
104.868
103.744
103.231
105.026
104.527
104.499
104.282
105.067
106.606
105.56
102.466
101.582
98.8757
100.327
100.568
100.256
99.2414
98.8902
98.2708
98.6732
97.4668
95.1998
96.3029
